clon,clat,cdep,slip,lon1,lat1,dep1,lon2,lat2,dep2,lon3,lat3,dep3,lon4,lat4,dep4
9419846.960448386,31853998.58580348,498.38706260173996,1.259316594707653,9419513.824449865,31853599.921728715,1.0,9419938.219155343,31854510.039111637,1.0,9420180.096446905,31854397.249878246,995.7741252034799,9419755.701741429,31853487.132495325,995.7741252034799
9420271.355153864,31854908.703186404,498.38706260173996,0.8830341694826797,9419938.219155343,31854510.039111637,1.0,9420362.613860821,31855420.15649456,1.0,9420604.491152383,31855307.36726117,995.7741252034799,9420180.096446905,31854397.249878246,995.7741252034799
9420695.749859342,31855818.82056933,498.38706260173996,0.743972337671626,9420362.613860821,31855420.15649456,1.0,9420787.008566298,31856330.273877487,1.0,9421028.885857861,31856217.484644096,995.7741252034799,9420604.491152383,31855307.36726117,995.7741252034799
9421120.144564819,31856728.937952254,498.38706260173996,1.9840883105038167,9420787.008566298,31856330.273877487,1.0,9421211.403271776,31857240.39126041,1.0,9421453.28056334,31857127.602027025,995.7741252034799,9421028.885857861,31856217.484644096,995.7741252034799
9421544.539270297,31857639.05533518,498.38706260173996,3.2582228753027644,9421211.403271776,31857240.39126041,1.0,9421635.797977254,31858150.508643337,1.0,9421877.675268818,31858037.719409946,995.7741252034799,9421453.28056334,31857127.602027025,995.7741252034799
9421968.933975775,31858549.172718104,498.38706260173996,2.9267586433366137,9421635.797977254,31858150.508643337,1.0,9422060.192682732,31859060.62602626,1.0,9422302.069974296,31858947.83679287,995.7741252034799,9421877.675268818,31858037.719409946,995.7741252034799
9422393.328681253,31859459.29010103,498.38706260173996,1.956953226068616,9422060.192682732,31859060.62602626,1.0,9422484.58738821,31859970.743409187,1.0,9422726.464679774,31859857.954175796,995.7741252034799,9422302.069974296,31858947.83679287,995.7741252034799
9422817.723386731,31860369.407483954,498.38706260173996,1.7183752636652554,9422484.58738821,31859970.743409187,1.0,9422908.982093688,31860880.86079211,1.0,9423150.859385252,31860768.07155872,995.7741252034799,9422726.464679774,31859857.954175796,995.7741252034799
9423242.118092211,31861279.52486688,498.38706260173996,1.7675227277532732,9422908.982093688,31860880.86079211,1.0,9423333.376799166,31861790.97817504,1.0,9423575.254090728,31861678.18894165,995.7741252034799,9423150.859385252,31860768.07155872,995.7741252034799
9423666.512797687,31862189.642249808,498.38706260173996,1.2877614564494773,9423333.376799166,31861790.97817504,1.0,9423757.771504644,31862701.095557965,1.0,9423999.648796206,31862588.306324575,995.7741252034799,9423575.254090728,31861678.18894165,995.7741252034799
9424090.907503163,31863099.75963273,498.38706260173996,1.1368615395916304,9423757.771504644,31862701.095557965,1.0,9424182.16621012,31863611.212940887,1.0,9424424.043501686,31863498.423707496,995.7741252034799,9423999.648796206,31862588.306324575,995.7741252034799
9424515.302208642,31864009.877015654,498.38706260173996,2.2039224830727395,9424182.16621012,31863611.212940887,1.0,9424606.560915599,31864521.33032381,1.0,9424848.438207164,31864408.54109042,995.7741252034799,9424424.043501686,31863498.423707496,995.7741252034799
9424939.69691412,31864919.99439858,498.38706260173996,2.200404002320315,9424606.560915599,31864521.33032381,1.0,9425030.955621079,31865431.447706737,1.0,9425272.83291264,31865318.65847335,995.7741252034799,9424848.438207164,31864408.54109042,995.7741252034799
9425364.091619598,31865830.111781508,498.38706260173996,2.320746452289052,9425030.955621079,31865431.447706737,1.0,9425455.350326557,31866341.56508966,1.0,9425697.227618119,31866228.77585627,995.7741252034799,9425272.83291264,31865318.65847335,995.7741252034799
9425788.486325076,31866740.22916443,498.38706260173996,2.9274384074434923,9425455.350326557,31866341.56508966,1.0,9425879.745032033,31867251.682472587,1.0,9426121.622323597,31867138.893239196,995.7741252034799,9425697.227618119,31866228.77585627,995.7741252034799
9426212.881030554,31867650.346547354,498.38706260173996,3.8372640267108085,9425879.745032033,31867251.682472587,1.0,9426304.139737511,31868161.79985551,1.0,9426546.017029073,31868049.01062212,995.7741252034799,9426121.622323597,31867138.893239196,995.7741252034799
9426637.275736032,31868560.46393028,498.38706260173996,3.6612872688844766,9426304.139737511,31868161.79985551,1.0,9426728.53444299,31869071.917238437,1.0,9426970.411734551,31868959.128005046,995.7741252034799,9426546.017029073,31868049.01062212,995.7741252034799
9427061.67044151,31869470.581313204,498.38706260173996,3.342400665822834,9426728.53444299,31869071.917238437,1.0,9427152.929148465,31869982.03462136,1.0,9427394.80644003,31869869.24538797,995.7741252034799,9426970.411734551,31868959.128005046,995.7741252034799
9427486.065146988,31870380.69869613,498.38706260173996,3.376481246964115,9427152.929148465,31869982.03462136,1.0,9427577.323853943,31870892.152004287,1.0,9427819.20114551,31870779.362770896,995.7741252034799,9427394.80644003,31869869.24538797,995.7741252034799
9427910.459852464,31871290.816079054,498.38706260173996,4.1232919355860735,9427577.323853943,31870892.152004287,1.0,9428001.718559422,31871802.26938721,1.0,9428243.595850985,31871689.48015382,995.7741252034799,9427819.20114551,31870779.362770896,995.7741252034799
9428334.854557943,31872200.93346198,498.38706260173996,4.227798864627832,9428001.718559422,31871802.26938721,1.0,9428426.1132649,31872712.386770137,1.0,9428667.990556464,31872599.597536746,995.7741252034799,9428243.595850985,31871689.48015382,995.7741252034799
9428759.24926342,31873111.0508449,498.38706260173996,2.3619231428802734,9428426.1132649,31872712.386770137,1.0,9428850.507970378,31873622.504153058,1.0,9429092.385261942,31873509.71491967,995.7741252034799,9428667.990556464,31872599.597536746,995.7741252034799
9429183.643968899,31874021.16822783,498.38706260173996,2.4145717526221935,9428850.507970378,31873622.504153058,1.0,9429274.902675856,31874532.621535987,1.0,9429516.779967418,31874419.832302596,995.7741252034799,9429092.385261942,31873509.71491967,995.7741252034799
9429608.038674377,31874931.285610754,498.38706260173996,3.3044319640099142,9429274.902675856,31874532.621535987,1.0,9429699.297381334,31875442.73891891,1.0,9429941.174672896,31875329.94968552,995.7741252034799,9429516.779967418,31874419.832302596,995.7741252034799
9430032.433379855,31875841.40299368,498.38706260173996,3.2786596482569865,9429699.297381334,31875442.73891891,1.0,9430123.692086812,31876352.856301837,1.0,9430365.569378374,31876240.067068446,995.7741252034799,9429941.174672896,31875329.94968552,995.7741252034799
9430456.828085331,31876751.520376604,498.38706260173996,2.2772991101342734,9430123.692086812,31876352.856301837,1.0,9430548.086792288,31877262.97368476,1.0,9430789.964083854,31877150.18445137,995.7741252034799,9430365.569378374,31876240.067068446,995.7741252034799
9430881.22279081,31877661.637759533,498.38706260173996,0.9634168492553294,9430548.086792288,31877262.97368476,1.0,9430972.481497766,31878173.091067687,1.0,9431214.358789332,31878060.301834296,995.7741252034799,9430789.964083854,31877150.18445137,995.7741252034799
9431305.617496287,31878571.755142454,498.38706260173996,0.7888446887040882,9430972.481497766,31878173.091067687,1.0,9431396.876203246,31879083.20845061,1.0,9431638.753494808,31878970.41921722,995.7741252034799,9431214.358789332,31878060.301834296,995.7741252034799
9431730.012201766,31879481.87252538,498.38706260173996,0.697684828800342,9431396.876203246,31879083.20845061,1.0,9431821.270908725,31879993.325833537,1.0,9432063.148200287,31879880.536600146,995.7741252034799,9431638.753494808,31878970.41921722,995.7741252034799
9432154.406907244,31880391.989908304,498.38706260173996,0.7521079816616536,9431821.270908725,31879993.325833537,1.0,9432245.6656142,31880903.44321646,1.0,9432487.542905765,31880790.65398307,995.7741252034799,9432063.148200287,31879880.536600146,995.7741252034799
9432578.80161272,31881302.10729123,498.38706260173996,1.291865995836925,9432245.6656142,31880903.44321646,1.0,9432670.060319679,31881813.560599383,1.0,9432911.93761124,31881700.771365996,995.7741252034799,9432487.542905765,31880790.65398307,995.7741252034799
9433003.1963182,31882212.224674154,498.38706260173996,1.0689963276782435,9432670.060319679,31881813.560599383,1.0,9433094.455025157,31882723.67798231,1.0,9433336.332316719,31882610.88874892,995.7741252034799,9432911.93761124,31881700.771365996,995.7741252034799
9420088.837739952,31853885.79657009,1493.16118780522,0.7033145323066565,9419755.701741429,31853487.132495325,995.7741252034799,9420180.096446905,31854397.249878246,995.7741252034799,9420421.973738473,31854284.460644856,1990.5482504069598,9419997.579032995,31853374.34326193,1990.5482504069598
9420513.232445428,31854795.913953014,1493.16118780522,1.0353037964318235,9420180.096446905,31854397.249878246,995.7741252034799,9420604.491152383,31855307.36726117,995.7741252034799,9420846.368443951,31855194.57802778,1990.5482504069598,9420421.973738473,31854284.460644856,1990.5482504069598
9420937.627150906,31855706.03133594,1493.16118780522,1.5701444958046957,9420604.491152383,31855307.36726117,995.7741252034799,9421028.885857861,31856217.484644096,995.7741252034799,9421270.76314943,31856104.695410706,1990.5482504069598,9420846.368443951,31855194.57802778,1990.5482504069598
9421362.021856382,31856616.148718864,1493.16118780522,2.1601252042245966,9421028.885857861,31856217.484644096,995.7741252034799,9421453.28056334,31857127.602027025,995.7741252034799,9421695.157854907,31857014.81279363,1990.5482504069598,9421270.76314943,31856104.695410706,1990.5482504069598
9421786.41656186,31857526.26610179,1493.16118780522,1.7137919665290764,9421453.28056334,31857127.602027025,995.7741252034799,9421877.675268818,31858037.719409946,995.7741252034799,9422119.552560383,31857924.930176556,1990.5482504069598,9421695.157854907,31857014.81279363,1990.5482504069598
9422210.811267339,31858436.383484714,1493.16118780522,1.6696195629578534,9421877.675268818,31858037.719409946,995.7741252034799,9422302.069974296,31858947.83679287,995.7741252034799,9422543.947265862,31858835.04755948,1990.5482504069598,9422119.552560383,31857924.930176556,1990.5482504069598
9422635.205972819,31859346.50086764,1493.16118780522,3.7725672642822876,9422302.069974296,31858947.83679287,995.7741252034799,9422726.464679774,31859857.954175796,995.7741252034799,9422968.34197134,31859745.164942402,1990.5482504069598,9422543.947265862,31858835.04755948,1990.5482504069598
9423059.600678297,31860256.61825056,1493.16118780522,3.3648776177071937,9422726.464679774,31859857.954175796,995.7741252034799,9423150.859385252,31860768.07155872,995.7741252034799,9423392.736676818,31860655.282325335,1990.5482504069598,9422968.34197134,31859745.164942402,1990.5482504069598
9423483.995383775,31861166.735633492,1493.16118780522,3.765625791677594,9423150.859385252,31860768.07155872,995.7741252034799,9423575.254090728,31861678.18894165,995.7741252034799,9423817.131382298,31861565.399708256,1990.5482504069598,9423392.736676818,31860655.282325335,1990.5482504069598
9423908.390089251,31862076.853016414,1493.16118780522,2.441095702780535,9423575.254090728,31861678.18894165,995.7741252034799,9423999.648796206,31862588.306324575,995.7741252034799,9424241.526087774,31862475.51709118,1990.5482504069598,9423817.131382298,31861565.399708256,1990.5482504069598
9424332.78479473,31862986.97039934,1493.16118780522,2.28030276404112,9423999.648796206,31862588.306324575,995.7741252034799,9424424.043501686,31863498.423707496,995.7741252034799,9424665.920793252,31863385.634474106,1990.5482504069598,9424241.526087774,31862475.51709118,1990.5482504069598
9424757.179500207,31863897.087782264,1493.16118780522,3.0070110367092395,9424424.043501686,31863498.423707496,995.7741252034799,9424848.438207164,31864408.54109042,995.7741252034799,9425090.31549873,31864295.75185703,1990.5482504069598,9424665.920793252,31863385.634474106,1990.5482504069598
9425181.574205685,31864807.205165192,1493.16118780522,2.278176891910207,9424848.438207164,31864408.54109042,995.7741252034799,9425272.83291264,31865318.65847335,995.7741252034799,9425514.710204208,31865205.869239956,1990.5482504069598,9425090.31549873,31864295.75185703,1990.5482504069598
9425605.968911162,31865717.322548117,1493.16118780522,2.834081898085341,9425272.83291264,31865318.65847335,995.7741252034799,9425697.227618119,31866228.77585627,995.7741252034799,9425939.104909685,31866115.98662288,1990.5482504069598,9425514.710204208,31865205.869239956,1990.5482504069598
9426030.363616642,31866627.43993104,1493.16118780522,3.3046350219454985,9425697.227618119,31866228.77585627,995.7741252034799,9426121.622323597,31867138.893239196,995.7741252034799,9426363.499615163,31867026.104005806,1990.5482504069598,9425939.104909685,31866115.98662288,1990.5482504069598
9426454.75832212,31867537.557313964,1493.16118780522,3.5516982619542827,9426121.622323597,31867138.893239196,995.7741252034799,9426546.017029073,31868049.01062212,995.7741252034799,9426787.89432064,31867936.22138873,1990.5482504069598,9426363.499615163,31867026.104005806,1990.5482504069598
9426879.153027596,31868447.674696885,1493.16118780522,3.0731412488568606,9426546.017029073,31868049.01062212,995.7741252034799,9426970.411734551,31868959.128005046,995.7741252034799,9427212.289026119,31868846.338771656,1990.5482504069598,9426787.89432064,31867936.22138873,1990.5482504069598
9427303.547733074,31869357.792079814,1493.16118780522,3.3441198251439612,9426970.411734551,31868959.128005046,995.7741252034799,9427394.80644003,31869869.24538797,995.7741252034799,9427636.683731597,31869756.45615458,1990.5482504069598,9427212.289026119,31868846.338771656,1990.5482504069598
9427727.942438552,31870267.90946274,1493.16118780522,3.0899001697555777,9427394.80644003,31869869.24538797,995.7741252034799,9427819.20114551,31870779.362770896,995.7741252034799,9428061.078437075,31870666.573537506,1990.5482504069598,9427636.683731597,31869756.45615458,1990.5482504069598
9428152.337144028,31871178.026845664,1493.16118780522,3.0852638685203213,9427819.20114551,31870779.362770896,995.7741252034799,9428243.595850985,31871689.48015382,995.7741252034799,9428485.473142553,31871576.690920427,1990.5482504069598,9428061.078437075,31870666.573537506,1990.5482504069598
9428576.731849506,31872088.144228585,1493.16118780522,3.414314146409983,9428243.595850985,31871689.48015382,995.7741252034799,9428667.990556464,31872599.597536746,995.7741252034799,9428909.86784803,31872486.808303356,1990.5482504069598,9428485.473142553,31871576.690920427,1990.5482504069598
9429001.126554986,31872998.261611514,1493.16118780522,3.618827937625704,9428667.990556464,31872599.597536746,995.7741252034799,9429092.385261942,31873509.71491967,995.7741252034799,9429334.262553507,31873396.92568628,1990.5482504069598,9428909.86784803,31872486.808303356,1990.5482504069598
9429425.521260465,31873908.37899444,1493.16118780522,3.772772131634473,9429092.385261942,31873509.71491967,995.7741252034799,9429516.779967418,31874419.832302596,995.7741252034799,9429758.657258986,31874307.043069206,1990.5482504069598,9429334.262553507,31873396.92568628,1990.5482504069598
9429849.91596594,31874818.496377364,1493.16118780522,4.249451215126758,9429516.779967418,31874419.832302596,995.7741252034799,9429941.174672896,31875329.94968552,995.7741252034799,9430183.051964462,31875217.160452127,1990.5482504069598,9429758.657258986,31874307.043069206,1990.5482504069598
9430274.310671419,31875728.613760285,1493.16118780522,2.996016864741931,9429941.174672896,31875329.94968552,995.7741252034799,9430365.569378374,31876240.067068446,995.7741252034799,9430607.446669942,31876127.277835056,1990.5482504069598,9430183.051964462,31875217.160452127,1990.5482504069598
9430698.705376897,31876638.731143214,1493.16118780522,2.5324515573707633,9430365.569378374,31876240.067068446,995.7741252034799,9430789.964083854,31877150.18445137,995.7741252034799,9431031.84137542,31877037.39521798,1990.5482504069598,9430607.446669942,31876127.277835056,1990.5482504069598
9431123.100082375,31877548.84852614,1493.16118780522,1.4012835660670022,9430789.964083854,31877150.18445137,995.7741252034799,9431214.358789332,31878060.301834296,995.7741252034799,9431456.236080898,31877947.512600906,1990.5482504069598,9431031.84137542,31877037.39521798,1990.5482504069598
9431547.494787853,31878458.965909064,1493.16118780522,0.8203793972535671,9431214.358789332,31878060.301834296,995.7741252034799,9431638.753494808,31878970.41921722,995.7741252034799,9431880.630786376,31878857.62998383,1990.5482504069598,9431456.236080898,31877947.512600906,1990.5482504069598
9431971.88949333,31879369.08329199,1493.16118780522,1.10194832460548,9431638.753494808,31878970.41921722,995.7741252034799,9432063.148200287,31879880.536600146,995.7741252034799,9432305.025491852,31879767.747366756,1990.5482504069598,9431880.630786376,31878857.62998383,1990.5482504069598
9432396.28419881,31880279.200674914,1493.16118780522,1.5911486494263034,9432063.148200287,31879880.536600146,995.7741252034799,9432487.542905765,31880790.65398307,995.7741252034799,9432729.42019733,31880677.86474968,1990.5482504069598,9432305.025491852,31879767.747366756,1990.5482504069598
9432820.678904288,31881189.318057843,1493.16118780522,3.523657822287304,9432487.542905765,31880790.65398307,995.7741252034799,9432911.93761124,31881700.771365996,995.7741252034799,9433153.814902809,31881587.982132606,1990.5482504069598,9432729.42019733,31880677.86474968,1990.5482504069598
9433245.073609764,31882099.435440764,1493.16118780522,3.920055755585445,9432911.93761124,31881700.771365996,995.7741252034799,9433336.332316719,31882610.88874892,995.7741252034799,9433578.209608287,31882498.09951553,1990.5482504069598,9433153.814902809,31881587.982132606,1990.5482504069598
9420330.715031518,31853773.0073367,2487.9353130086997,0.04933477423221151,9419997.579032995,31853374.34326193,1990.5482504069598,9420421.973738473,31854284.460644856,1990.5482504069598,9420663.85103004,31854171.671411466,2985.32237561044,9420239.456324562,31853261.55402854,2985.32237561044
9420755.109736996,31854683.12471962,2487.9353130086997,0.6735931747238286,9420421.973738473,31854284.460644856,1990.5482504069598,9420846.368443951,31855194.57802778,1990.5482504069598,9421088.245735519,31855081.788794387,2985.32237561044,9420663.85103004,31854171.671411466,2985.32237561044
9421179.504442472,31855593.24210255,2487.9353130086997,1.433072050633408,9420846.368443951,31855194.57802778,1990.5482504069598,9421270.76314943,31856104.695410706,1990.5482504069598,9421512.640440995,31855991.906177316,2985.32237561044,9421088.245735519,31855081.788794387,2985.32237561044
9421603.89914795,31856503.359485473,2487.9353130086997,2.9892528796030797,9421270.76314943,31856104.695410706,1990.5482504069598,9421695.157854907,31857014.81279363,1990.5482504069598,9421937.035146473,31856902.02356024,2985.32237561044,9421512.640440995,31855991.906177316,2985.32237561044
9422028.29385343,31857413.4768684,2487.9353130086997,2.374966855232966,9421695.157854907,31857014.81279363,1990.5482504069598,9422119.552560383,31857924.930176556,1990.5482504069598,9422361.429851951,31857812.140943166,2985.32237561044,9421937.035146473,31856902.02356024,2985.32237561044
9422452.688558906,31858323.594251323,2487.9353130086997,2.274813044316383,9422119.552560383,31857924.930176556,1990.5482504069598,9422543.947265862,31858835.04755948,1990.5482504069598,9422785.824557427,31858722.258326087,2985.32237561044,9422361.429851951,31857812.140943166,2985.32237561044
9422877.083264384,31859233.711634245,2487.9353130086997,4.41021516598411,9422543.947265862,31858835.04755948,1990.5482504069598,9422968.34197134,31859745.164942402,1990.5482504069598,9423210.219262905,31859632.375709012,2985.32237561044,9422785.824557427,31858722.258326087,2985.32237561044
9423301.477969863,31860143.829017173,2487.9353130086997,5.125588277205458,9422968.34197134,31859745.164942402,1990.5482504069598,9423392.736676818,31860655.282325335,1990.5482504069598,9423634.613968385,31860542.49309194,2985.32237561044,9423210.219262905,31859632.375709012,2985.32237561044
9423725.87267534,31861053.9464001,2487.9353130086997,3.7401901597016103,9423392.736676818,31860655.282325335,1990.5482504069598,9423817.131382298,31861565.399708256,1990.5482504069598,9424059.008673863,31861452.610474866,2985.32237561044,9423634.613968385,31860542.49309194,2985.32237561044
9424150.267380819,31861964.063783024,2487.9353130086997,3.7185939416148694,9423817.131382298,31861565.399708256,1990.5482504069598,9424241.526087774,31862475.51709118,1990.5482504069598,9424483.403379342,31862362.72785779,2985.32237561044,9424059.008673863,31861452.610474866,2985.32237561044
9424574.662086295,31862874.18116595,2487.9353130086997,3.0538987706253624,9424241.526087774,31862475.51709118,1990.5482504069598,9424665.920793252,31863385.634474106,1990.5482504069598,9424907.798084818,31863272.845240712,2985.32237561044,9424483.403379342,31862362.72785779,2985.32237561044
9424999.056791773,31863784.298548874,2487.9353130086997,1.6391649191778073,9424665.920793252,31863385.634474106,1990.5482504069598,9425090.31549873,31864295.75185703,1990.5482504069598,9425332.192790296,31864182.96262364,2985.32237561044,9424907.798084818,31863272.845240712,2985.32237561044
9425423.451497253,31864694.415931802,2487.9353130086997,1.3991041013150904,9425090.31549873,31864295.75185703,1990.5482504069598,9425514.710204208,31865205.869239956,1990.5482504069598,9425756.587495774,31865093.080006566,2985.32237561044,9425332.192790296,31864182.96262364,2985.32237561044
9425847.84620273,31865604.533314724,2487.9353130086997,2.7104295179990636,9425514.710204208,31865205.869239956,1990.5482504069598,9425939.104909685,31866115.98662288,1990.5482504069598,9426180.982201252,31866003.19738949,2985.32237561044,9425756.587495774,31865093.080006566,2985.32237561044
9426272.240908207,31866514.650697645,2487.9353130086997,4.28362493906464,9425939.104909685,31866115.98662288,1990.5482504069598,9426363.499615163,31867026.104005806,1990.5482504069598,9426605.37690673,31866913.314772412,2985.32237561044,9426180.982201252,31866003.19738949,2985.32237561044
9426696.635613685,31867424.76808057,2487.9353130086997,4.4518474796084515,9426363.499615163,31867026.104005806,1990.5482504069598,9426787.89432064,31867936.22138873,1990.5482504069598,9427029.771612208,31867823.43215534,2985.32237561044,9426605.37690673,31866913.314772412,2985.32237561044
9427121.030319164,31868334.8854635,2487.9353130086997,3.897594961831925,9426787.89432064,31867936.22138873,1990.5482504069598,9427212.289026119,31868846.338771656,1990.5482504069598,9427454.166317686,31868733.549538266,2985.32237561044,9427029.771612208,31867823.43215534,2985.32237561044
9427545.42502464,31869245.002846424,2487.9353130086997,3.6731029838517544,9427212.289026119,31868846.338771656,1990.5482504069598,9427636.683731597,31869756.45615458,1990.5482504069598,9427878.561023163,31869643.66692119,2985.32237561044,9427454.166317686,31868733.549538266,2985.32237561044
9427969.819730118,31870155.120229345,2487.9353130086997,3.0635628755444593,9427636.683731597,31869756.45615458,1990.5482504069598,9428061.078437075,31870666.573537506,1990.5482504069598,9428302.95572864,31870553.784304112,2985.32237561044,9427878.561023163,31869643.66692119,2985.32237561044
9428394.214435596,31871065.23761227,2487.9353130086997,1.55413478879581,9428061.078437075,31870666.573537506,1990.5482504069598,9428485.473142553,31871576.690920427,1990.5482504069598,9428727.350434119,31871463.901687037,2985.32237561044,9428302.95572864,31870553.784304112,2985.32237561044
9428818.609141074,31871975.354995195,2487.9353130086997,1.7656271100231042,9428485.473142553,31871576.690920427,1990.5482504069598,9428909.86784803,31872486.808303356,1990.5482504069598,9429151.745139595,31872374.019069966,2985.32237561044,9428727.350434119,31871463.901687037,2985.32237561044
9429243.003846552,31872885.472378124,2487.9353130086997,2.00879140863924,9428909.86784803,31872486.808303356,1990.5482504069598,9429334.262553507,31873396.92568628,1990.5482504069598,9429576.139845073,31873284.13645289,2985.32237561044,9429151.745139595,31872374.019069966,2985.32237561044
9429667.39855203,31873795.58976105,2487.9353130086997,2.0103861611310347,9429334.262553507,31873396.92568628,1990.5482504069598,9429758.657258986,31874307.043069206,1990.5482504069598,9430000.534550553,31874194.253835812,2985.32237561044,9429576.139845073,31873284.13645289,2985.32237561044
9430091.793257508,31874705.70714397,2487.9353130086997,1.2141504739823414,9429758.657258986,31874307.043069206,1990.5482504069598,9430183.051964462,31875217.160452127,1990.5482504069598,9430424.929256031,31875104.371218737,2985.32237561044,9430000.534550553,31874194.253835812,2985.32237561044
9430516.187962985,31875615.824526895,2487.9353130086997,1.4246720166422755,9430183.051964462,31875217.160452127,1990.5482504069598,9430607.446669942,31876127.277835056,1990.5482504069598,9430849.32396151,31876014.488601666,2985.32237561044,9430424.929256031,31875104.371218737,2985.32237561044
9430940.582668463,31876525.941909824,2487.9353130086997,1.6890886406991277,9430607.446669942,31876127.277835056,1990.5482504069598,9431031.84137542,31877037.39521798,1990.5482504069598,9431273.718666986,31876924.60598459,2985.32237561044,9430849.32396151,31876014.488601666,2985.32237561044
9431364.97737394,31877436.05929275,2487.9353130086997,1.3124076631083583,9431031.84137542,31877037.39521798,1990.5482504069598,9431456.236080898,31877947.512600906,1990.5482504069598,9431698.113372464,31877834.723367516,2985.32237561044,9431273.718666986,31876924.60598459,2985.32237561044
9431789.37207942,31878346.176675674,2487.9353130086997,1.2871602979514474,9431456.236080898,31877947.512600906,1990.5482504069598,9431880.630786376,31878857.62998383,1990.5482504069598,9432122.508077942,31878744.840750437,2985.32237561044,9431698.113372464,31877834.723367516,2985.32237561044
9432213.766784897,31879256.2940586,2487.9353130086997,1.5296533990203118,9431880.630786376,31878857.62998383,1990.5482504069598,9432305.025491852,31879767.747366756,1990.5482504069598,9432546.90278342,31879654.958133362,2985.32237561044,9432122.508077942,31878744.840750437,2985.32237561044
9432638.161490375,31880166.411441524,2487.9353130086997,2.5646589221696163,9432305.025491852,31879767.747366756,1990.5482504069598,9432729.42019733,31880677.86474968,1990.5482504069598,9432971.297488898,31880565.07551629,2985.32237561044,9432546.90278342,31879654.958133362,2985.32237561044
9433062.556195853,31881076.52882445,2487.9353130086997,4.214851995166019,9432729.42019733,31880677.86474968,1990.5482504069598,9433153.814902809,31881587.982132606,1990.5482504069598,9433395.692194376,31881475.192899216,2985.32237561044,9432971.297488898,31880565.07551629,2985.32237561044
9433486.950901331,31881986.64620737,2487.9353130086997,6.075768210117502,9433153.814902809,31881587.982132606,1990.5482504069598,9433578.209608287,31882498.09951553,1990.5482504069598,9433820.086899854,31882385.310282137,2985.32237561044,9433395.692194376,31881475.192899216,2985.32237561044
9420572.592323083,31853660.21810331,3482.7094382121795,0.026144601242589122,9420239.456324562,31853261.55402854,2985.32237561044,9420663.85103004,31854171.671411466,2985.32237561044,9420905.728321606,31854058.882178072,3980.0965008139196,9420481.333616128,31853148.764795147,3980.0965008139196
9420996.987028562,31854570.33548623,3482.7094382121795,0.1240621767719552,9420663.85103004,31854171.671411466,2985.32237561044,9421088.245735519,31855081.788794387,2985.32237561044,9421330.123027084,31854968.999561,3980.0965008139196,9420905.728321606,31854058.882178072,3980.0965008139196
9421421.38173404,31855480.45286916,3482.7094382121795,1.002972890177074,9421088.245735519,31855081.788794387,2985.32237561044,9421512.640440995,31855991.906177316,2985.32237561044,9421754.517732562,31855879.116943926,3980.0965008139196,9421330.123027084,31854968.999561,3980.0965008139196
9421845.776439518,31856390.570252083,3482.7094382121795,2.5440513691639737,9421512.640440995,31855991.906177316,2985.32237561044,9421937.035146473,31856902.02356024,2985.32237561044,9422178.912438039,31856789.234326847,3980.0965008139196,9421754.517732562,31855879.116943926,3980.0965008139196
9422270.171144996,31857300.687635005,3482.7094382121795,4.80105848391071,9421937.035146473,31856902.02356024,2985.32237561044,9422361.429851951,31857812.140943166,2985.32237561044,9422603.307143517,31857699.351709772,3980.0965008139196,9422178.912438039,31856789.234326847,3980.0965008139196
9422694.565850472,31858210.80501793,3482.7094382121795,6.244828947647111,9422361.429851951,31857812.140943166,2985.32237561044,9422785.824557427,31858722.258326087,2985.32237561044,9423027.701848997,31858609.469092697,3980.0965008139196,9422603.307143517,31857699.351709772,3980.0965008139196
9423118.96055595,31859120.922400855,3482.7094382121795,6.84565506609607,9422785.824557427,31858722.258326087,2985.32237561044,9423210.219262905,31859632.375709012,2985.32237561044,9423452.096554473,31859519.586475626,3980.0965008139196,9423027.701848997,31858609.469092697,3980.0965008139196
9423543.355261428,31860031.039783783,3482.7094382121795,5.2721871788128665,9423210.219262905,31859632.375709012,2985.32237561044,9423634.613968385,31860542.49309194,2985.32237561044,9423876.491259953,31860429.70385855,3980.0965008139196,9423452.096554473,31859519.586475626,3980.0965008139196
9423967.749966906,31860941.15716671,3482.7094382121795,4.144032765755032,9423634.613968385,31860542.49309194,2985.32237561044,9424059.008673863,31861452.610474866,2985.32237561044,9424300.88596543,31861339.821241476,3980.0965008139196,9423876.491259953,31860429.70385855,3980.0965008139196
9424392.144672384,31861851.274549633,3482.7094382121795,1.4412348320752673,9424059.008673863,31861452.610474866,2985.32237561044,9424483.403379342,31862362.72785779,2985.32237561044,9424725.280670907,31862249.938624397,3980.0965008139196,9424300.88596543,31861339.821241476,3980.0965008139196
9424816.539377864,31862761.39193256,3482.7094382121795,0.9819392729058409,9424483.403379342,31862362.72785779,2985.32237561044,9424907.798084818,31863272.845240712,2985.32237561044,9425149.675376385,31863160.056007326,3980.0965008139196,9424725.280670907,31862249.938624397,3980.0965008139196
9425240.93408334,31863671.509315483,3482.7094382121795,1.8443616348909826,9424907.798084818,31863272.845240712,2985.32237561044,9425332.192790296,31864182.96262364,2985.32237561044,9425574.070081862,31864070.17339025,3980.0965008139196,9425149.675376385,31863160.056007326,3980.0965008139196
9425665.328788819,31864581.626698405,3482.7094382121795,1.9271183611628908,9425332.192790296,31864182.96262364,2985.32237561044,9425756.587495774,31865093.080006566,2985.32237561044,9425998.46478734,31864980.290773172,3980.0965008139196,9425574.070081862,31864070.17339025,3980.0965008139196
9426089.723494297,31865491.74408133,3482.7094382121795,2.3277957325691148,9425756.587495774,31865093.080006566,2985.32237561044,9426180.982201252,31866003.19738949,2985.32237561044,9426422.85949282,31865890.408156097,3980.0965008139196,9425998.46478734,31864980.290773172,3980.0965008139196
9426514.118199775,31866401.861464255,3482.7094382121795,2.7541573409795803,9426180.982201252,31866003.19738949,2985.32237561044,9426605.37690673,31866913.314772412,2985.32237561044,9426847.254198298,31866800.525539022,3980.0965008139196,9426422.85949282,31865890.408156097,3980.0965008139196
9426938.512905251,31867311.97884718,3482.7094382121795,2.7385897569628233,9426605.37690673,31866913.314772412,2985.32237561044,9427029.771612208,31867823.43215534,2985.32237561044,9427271.648903774,31867710.64292195,3980.0965008139196,9426847.254198298,31866800.525539022,3980.0965008139196
9427362.90761073,31868222.096230105,3482.7094382121795,2.038109578988326,9427029.771612208,31867823.43215534,2985.32237561044,9427454.166317686,31868733.549538266,2985.32237561044,9427696.043609252,31868620.760304872,3980.0965008139196,9427271.648903774,31867710.64292195,3980.0965008139196
9427787.302316207,31869132.213613033,3482.7094382121795,2.0143925861469465,9427454.166317686,31868733.549538266,2985.32237561044,9427878.561023163,31869643.66692119,2985.32237561044,9428120.43831473,31869530.877687797,3980.0965008139196,9427696.043609252,31868620.760304872,3980.0965008139196
9428211.697021686,31870042.330995955,3482.7094382121795,1.0097900921969842,9427878.561023163,31869643.66692119,2985.32237561044,9428302.95572864,31870553.784304112,2985.32237561044,9428544.833020207,31870440.995070722,3980.0965008139196,9428120.43831473,31869530.877687797,3980.0965008139196
9428636.091727164,31870952.44837888,3482.7094382121795,1.2705328691824063,9428302.95572864,31870553.784304112,2985.32237561044,9428727.350434119,31871463.901687037,2985.32237561044,9428969.227725685,31871351.11245365,3980.0965008139196,9428544.833020207,31870440.995070722,3980.0965008139196
9429060.48643264,31871862.56576181,3482.7094382121795,1.3124470773406685,9428727.350434119,31871463.901687037,2985.32237561044,9429151.745139595,31872374.019069966,2985.32237561044,9429393.622431165,31872261.229836572,3980.0965008139196,9428969.227725685,31871351.11245365,3980.0965008139196
9429484.881138118,31872772.68314473,3482.7094382121795,1.0647317371411433,9429151.745139595,31872374.019069966,2985.32237561044,9429576.139845073,31873284.13645289,2985.32237561044,9429818.01713664,31873171.347219497,3980.0965008139196,9429393.622431165,31872261.229836572,3980.0965008139196
9429909.275843596,31873682.800527655,3482.7094382121795,0.9279496078111827,9429576.139845073,31873284.13645289,2985.32237561044,9430000.534550553,31874194.253835812,2985.32237561044,9430242.411842119,31874081.464602422,3980.0965008139196,9429818.01713664,31873171.347219497,3980.0965008139196
9430333.670549074,31874592.91791058,3482.7094382121795,0.40303188976425197,9430000.534550553,31874194.253835812,2985.32237561044,9430424.929256031,31875104.371218737,2985.32237561044,9430666.806547597,31874991.581985347,3980.0965008139196,9430242.411842119,31874081.464602422,3980.0965008139196
9430758.065254552,31875503.035293505,3482.7094382121795,0.6295259786154815,9430424.929256031,31875104.371218737,2985.32237561044,9430849.32396151,31876014.488601666,2985.32237561044,9431091.201253075,31875901.699368276,3980.0965008139196,9430666.806547597,31874991.581985347,3980.0965008139196
9431182.459960032,31876413.152676433,3482.7094382121795,0.6939308745997497,9430849.32396151,31876014.488601666,2985.32237561044,9431273.718666986,31876924.60598459,2985.32237561044,9431515.595958553,31876811.816751197,3980.0965008139196,9431091.201253075,31875901.699368276,3980.0965008139196
9431606.854665508,31877323.27005936,3482.7094382121795,1.346038206857798,9431273.718666986,31876924.60598459,2985.32237561044,9431698.113372464,31877834.723367516,2985.32237561044,9431939.99066403,31877721.934134122,3980.0965008139196,9431515.595958553,31876811.816751197,3980.0965008139196
9432031.249370987,31878233.387442283,3482.7094382121795,1.8509189634768064,9431698.113372464,31877834.723367516,2985.32237561044,9432122.508077942,31878744.840750437,2985.32237561044,9432364.385369508,31878632.051517047,3980.0965008139196,9431939.99066403,31877721.934134122,3980.0965008139196
9432455.644076465,31879143.504825205,3482.7094382121795,1.549910436851646,9432122.508077942,31878744.840750437,2985.32237561044,9432546.90278342,31879654.958133362,2985.32237561044,9432788.780074988,31879542.168899976,3980.0965008139196,9432364.385369508,31878632.051517047,3980.0965008139196
9432880.038781943,31880053.62220813,3482.7094382121795,3.0580185338107033,9432546.90278342,31879654.958133362,2985.32237561044,9432971.297488898,31880565.07551629,2985.32237561044,9433213.174780466,31880452.286282897,3980.0965008139196,9432788.780074988,31879542.168899976,3980.0965008139196
9433304.433487419,31880963.739591055,3482.7094382121795,3.5889867400558826,9432971.297488898,31880565.07551629,2985.32237561044,9433395.692194376,31881475.192899216,2985.32237561044,9433637.569485942,31881362.403665822,3980.0965008139196,9433213.174780466,31880452.286282897,3980.0965008139196
9433728.828192897,31881873.85697398,3482.7094382121795,2.6380609058099296,9433395.692194376,31881475.192899216,2985.32237561044,9433820.086899854,31882385.310282137,2985.32237561044,9434061.96419142,31882272.521048747,3980.0965008139196,9433637.569485942,31881362.403665822,3980.0965008139196
9420814.46961465,31853547.428869914,4477.483563415661,0.4611656534184062,9420481.333616128,31853148.764795147,3980.0965008139196,9420905.728321606,31854058.882178072,3980.0965008139196,9421147.605613172,31853946.09294468,4974.870626017399,9420723.210907696,31853035.975561757,4974.870626017399
9421238.86432013,31854457.54625284,4477.483563415661,0.30318701798709086,9420905.728321606,31854058.882178072,3980.0965008139196,9421330.123027084,31854968.999561,3980.0965008139196,9421572.00031865,31854856.210327607,4974.870626017399,9421147.605613172,31853946.09294468,4974.870626017399
9421663.259025607,31855367.663635764,4477.483563415661,0.8359029903139176,9421330.123027084,31854968.999561,3980.0965008139196,9421754.517732562,31855879.116943926,3980.0965008139196,9421996.395024128,31855766.32771053,4974.870626017399,9421572.00031865,31854856.210327607,4974.870626017399
9422087.653731085,31856277.78101869,4477.483563415661,3.0285570290965325,9421754.517732562,31855879.116943926,3980.0965008139196,9422178.912438039,31856789.234326847,3980.0965008139196,9422420.789729608,31856676.445093457,4974.870626017399,9421996.395024128,31855766.32771053,4974.870626017399
9422512.048436562,31857187.898401614,4477.483563415661,4.56725592197019,9422178.912438039,31856789.234326847,3980.0965008139196,9422603.307143517,31857699.351709772,3980.0965008139196,9422845.184435084,31857586.56247638,4974.870626017399,9422420.789729608,31856676.445093457,4974.870626017399
9422936.44314204,31858098.01578454,4477.483563415661,5.771777396356316,9422603.307143517,31857699.351709772,3980.0965008139196,9423027.701848997,31858609.469092697,3980.0965008139196,9423269.579140563,31858496.679859307,4974.870626017399,9422845.184435084,31857586.56247638,4974.870626017399
9423360.837847518,31859008.133167468,4477.483563415661,6.3589792176826565,9423027.701848997,31858609.469092697,3980.0965008139196,9423452.096554473,31859519.586475626,3980.0965008139196,9423693.97384604,31859406.79724223,4974.870626017399,9423269.579140563,31858496.679859307,4974.870626017399
9423785.232552996,31859918.250550393,4477.483563415661,6.062349596814026,9423452.096554473,31859519.586475626,3980.0965008139196,9423876.491259953,31860429.70385855,3980.0965008139196,9424118.368551519,31860316.914625157,4974.870626017399,9423693.97384604,31859406.79724223,4974.870626017399
9424209.627258476,31860828.367933318,4477.483563415661,3.057687328451201,9423876.491259953,31860429.70385855,3980.0965008139196,9424300.88596543,31861339.821241476,3980.0965008139196,9424542.763256997,31861227.03200808,4974.870626017399,9424118.368551519,31860316.914625157,4974.870626017399
9424634.021963952,31861738.485316243,4477.483563415661,1.3756545952773633,9424300.88596543,31861339.821241476,3980.0965008139196,9424725.280670907,31862249.938624397,3980.0965008139196,9424967.157962473,31862137.149391007,4974.870626017399,9424542.763256997,31861227.03200808,4974.870626017399
9425058.41666943,31862648.602699164,4477.483563415661,1.5263797980437879,9424725.280670907,31862249.938624397,3980.0965008139196,9425149.675376385,31863160.056007326,3980.0965008139196,9425391.552667951,31863047.266773935,4974.870626017399,9424967.157962473,31862137.149391007,4974.870626017399
9425482.811374908,31863558.72008209,4477.483563415661,1.7534735298850717,9425149.675376385,31863160.056007326,3980.0965008139196,9425574.070081862,31864070.17339025,3980.0965008139196,9425815.947373431,31863957.384156857,4974.870626017399,9425391.552667951,31863047.266773935,4974.870626017399
9425907.206080385,31864468.837465014,4477.483563415661,1.7801390769154337,9425574.070081862,31864070.17339025,3980.0965008139196,9425998.46478734,31864980.290773172,3980.0965008139196,9426240.342078907,31864867.50153978,4974.870626017399,9425815.947373431,31863957.384156857,4974.870626017399
9426331.600785863,31865378.95484794,4477.483563415661,2.5028508517606407,9425998.46478734,31864980.290773172,3980.0965008139196,9426422.85949282,31865890.408156097,3980.0965008139196,9426664.736784386,31865777.618922707,4974.870626017399,9426240.342078907,31864867.50153978,4974.870626017399
9426755.99549134,31866289.07223086,4477.483563415661,2.4214664308128477,9426422.85949282,31865890.408156097,3980.0965008139196,9426847.254198298,31866800.525539022,3980.0965008139196,9427089.131489864,31866687.73630563,4974.870626017399,9426664.736784386,31865777.618922707,4974.870626017399
9427180.390196817,31867199.189613793,4477.483563415661,2.490229218741947,9426847.254198298,31866800.525539022,3980.0965008139196,9427271.648903774,31867710.64292195,3980.0965008139196,9427513.526195342,31867597.853688557,4974.870626017399,9427089.131489864,31866687.73630563,4974.870626017399
9427604.784902297,31868109.306996714,4477.483563415661,2.2614668289809967,9427271.648903774,31867710.64292195,3980.0965008139196,9427696.043609252,31868620.760304872,3980.0965008139196,9427937.920900818,31868507.97107148,4974.870626017399,9427513.526195342,31867597.853688557,4974.870626017399
9428029.179607775,31869019.42437964,4477.483563415661,1.3640431516447789,9427696.043609252,31868620.760304872,3980.0965008139196,9428120.43831473,31869530.877687797,3980.0965008139196,9428362.315606296,31869418.088454407,4974.870626017399,9427937.920900818,31868507.97107148,4974.870626017399
9428453.574313253,31869929.541762564,4477.483563415661,1.3547461468826978,9428120.43831473,31869530.877687797,3980.0965008139196,9428544.833020207,31870440.995070722,3980.0965008139196,9428786.710311774,31870328.205837328,4974.870626017399,9428362.315606296,31869418.088454407,4974.870626017399
9428877.96901873,31870839.65914549,4477.483563415661,1.0929639672511986,9428544.833020207,31870440.995070722,3980.0965008139196,9428969.227725685,31871351.11245365,3980.0965008139196,9429211.105017252,31871238.323220257,4974.870626017399,9428786.710311774,31870328.205837328,4974.870626017399
9429302.363724208,31871749.776528414,4477.483563415661,0.7899995842538377,9428969.227725685,31871351.11245365,3980.0965008139196,9429393.622431165,31872261.229836572,3980.0965008139196,9429635.49972273,31872148.44060318,4974.870626017399,9429211.105017252,31871238.323220257,4974.870626017399
9429726.758429686,31872659.89391134,4477.483563415661,0.5916429948406985,9429393.622431165,31872261.229836572,3980.0965008139196,9429818.01713664,31873171.347219497,3980.0965008139196,9430059.894428208,31873058.557986107,4974.870626017399,9429635.49972273,31872148.44060318,4974.870626017399
9430151.153135162,31873570.011294264,4477.483563415661,0.44422628886459986,9429818.01713664,31873171.347219497,3980.0965008139196,9430242.411842119,31874081.464602422,3980.0965008139196,9430484.289133685,31873968.675369028,4974.870626017399,9430059.894428208,31873058.557986107,4974.870626017399
9430575.54784064,31874480.12867719,4477.483563415661,0.4435915305364585,9430242.411842119,31874081.464602422,3980.0965008139196,9430666.806547597,31874991.581985347,3980.0965008139196,9430908.683839163,31874878.792751957,4974.870626017399,9430484.289133685,31873968.675369028,4974.870626017399
9430999.94254612,31875390.246060118,4477.483563415661,0.7177466705100138,9430666.806547597,31874991.581985347,3980.0965008139196,9431091.201253075,31875901.699368276,3980.0965008139196,9431333.07854464,31875788.91013488,4974.870626017399,9430908.683839163,31874878.792751957,4974.870626017399
9431424.337251598,31876300.363443043,4477.483563415661,0.3532648022837589,9431091.201253075,31875901.699368276,3980.0965008139196,9431515.595958553,31876811.816751197,3980.0965008139196,9431757.473250119,31876699.027517807,4974.870626017399,9431333.07854464,31875788.91013488,4974.870626017399
9431848.731957076,31877210.480825964,4477.483563415661,1.1761211592922307,9431515.595958553,31876811.816751197,3980.0965008139196,9431939.99066403,31877721.934134122,3980.0965008139196,9432181.867955599,31877609.14490073,4974.870626017399,9431757.473250119,31876699.027517807,4974.870626017399
9432273.126662552,31878120.59820889,4477.483563415661,1.961049696235693,9431939.99066403,31877721.934134122,3980.0965008139196,9432364.385369508,31878632.051517047,3980.0965008139196,9432606.262661075,31878519.262283657,4974.870626017399,9432181.867955599,31877609.14490073,4974.870626017399
9432697.52136803,31879030.715591814,4477.483563415661,2.139933407312088,9432364.385369508,31878632.051517047,3980.0965008139196,9432788.780074988,31879542.168899976,3980.0965008139196,9433030.657366553,31879429.37966658,4974.870626017399,9432606.262661075,31878519.262283657,4974.870626017399
9433121.916073509,31879940.83297474,4477.483563415661,2.3974834738286086,9432788.780074988,31879542.168899976,3980.0965008139196,9433213.174780466,31880452.286282897,3980.0965008139196,9433455.052072031,31880339.497049507,4974.870626017399,9433030.657366553,31879429.37966658,4974.870626017399
9433546.310778985,31880850.950357664,4477.483563415661,1.1560612804138726,9433213.174780466,31880452.286282897,3980.0965008139196,9433637.569485942,31881362.403665822,3980.0965008139196,9433879.44677751,31881249.61443243,4974.870626017399,9433455.052072031,31880339.497049507,4974.870626017399
9433970.705484465,31881761.067740586,4477.483563415661,1.0557992497509912,9433637.569485942,31881362.403665822,3980.0965008139196,9434061.96419142,31882272.521048747,3980.0965008139196,9434303.841482986,31882159.731815353,4974.870626017399,9433879.44677751,31881249.61443243,4974.870626017399
9421056.346906215,31853434.639636524,5472.257688619139,0.6690739967938547,9420723.210907696,31853035.975561757,4974.870626017399,9421147.605613172,31853946.09294468,4974.870626017399,9421389.482904736,31853833.303711295,5969.64475122088,9420965.088199258,31852923.186328366,5969.64475122088
9421480.741611693,31854344.757019453,5472.257688619139,0.7657730904306621,9421147.605613172,31853946.09294468,4974.870626017399,9421572.00031865,31854856.210327607,4974.870626017399,9421813.877610216,31854743.421094216,5969.64475122088,9421389.482904736,31853833.303711295,5969.64475122088
9421905.136317171,31855254.874402374,5472.257688619139,0.4696263152406524,9421572.00031865,31854856.210327607,4974.870626017399,9421996.395024128,31855766.32771053,4974.870626017399,9422238.272315692,31855653.53847714,5969.64475122088,9421813.877610216,31854743.421094216,5969.64475122088
9422329.53102265,31856164.9917853,5472.257688619139,1.3594202972969016,9421996.395024128,31855766.32771053,4974.870626017399,9422420.789729608,31856676.445093457,4974.870626017399,9422662.66702117,31856563.655860066,5969.64475122088,9422238.272315692,31855653.53847714,5969.64475122088
9422753.925728127,31857075.109168224,5472.257688619139,4.301330440829999,9422420.789729608,31856676.445093457,4974.870626017399,9422845.184435084,31857586.56247638,4974.870626017399,9423087.061726648,31857473.77324299,5969.64475122088,9422662.66702117,31856563.655860066,5969.64475122088
9423178.320433604,31857985.22655115,5472.257688619139,6.031463145417313,9422845.184435084,31857586.56247638,4974.870626017399,9423269.579140563,31858496.679859307,4974.870626017399,9423511.456432125,31858383.890625916,5969.64475122088,9423087.061726648,31857473.77324299,5969.64475122088
9423602.715139084,31858895.343934074,5472.257688619139,6.560789297561392,9423269.579140563,31858496.679859307,4974.870626017399,9423693.97384604,31859406.79724223,4974.870626017399,9423935.851137603,31859294.00800884,5969.64475122088,9423511.456432125,31858383.890625916,5969.64475122088
9424027.109844562,31859805.461317,5472.257688619139,6.115178047691562,9423693.97384604,31859406.79724223,4974.870626017399,9424118.368551519,31860316.914625157,4974.870626017399,9424360.24584308,31860204.125391766,5969.64475122088,9423935.851137603,31859294.00800884,5969.64475122088
9424451.50455004,31860715.578699924,5472.257688619139,5.766120649304533,9424118.368551519,31860316.914625157,4974.870626017399,9424542.763256997,31861227.03200808,4974.870626017399,9424784.640548559,31861114.24277469,5969.64475122088,9424360.24584308,31860204.125391766,5969.64475122088
9424875.899255518,31861625.69608285,5472.257688619139,4.127085719201933,9424542.763256997,31861227.03200808,4974.870626017399,9424967.157962473,31862137.149391007,4974.870626017399,9425209.035254039,31862024.36015762,5969.64475122088,9424784.640548559,31861114.24277469,5969.64475122088
9425300.293960994,31862535.813465778,5472.257688619139,1.9969868280594198,9424967.157962473,31862137.149391007,4974.870626017399,9425391.552667951,31863047.266773935,4974.870626017399,9425633.429959515,31862934.477540545,5969.64475122088,9425209.035254039,31862024.36015762,5969.64475122088
9425724.688666472,31863445.9308487,5472.257688619139,2.3128776336639816,9425391.552667951,31863047.266773935,4974.870626017399,9425815.947373431,31863957.384156857,4974.870626017399,9426057.824664993,31863844.594923466,5969.64475122088,9425633.429959515,31862934.477540545,5969.64475122088
9426149.08337195,31864356.048231624,5472.257688619139,2.2436478080867754,9425815.947373431,31863957.384156857,4974.870626017399,9426240.342078907,31864867.50153978,4974.870626017399,9426482.219370471,31864754.71230639,5969.64475122088,9426057.824664993,31863844.594923466,5969.64475122088
9426573.478077428,31865266.16561455,5472.257688619139,2.2864351148456445,9426240.342078907,31864867.50153978,4974.870626017399,9426664.736784386,31865777.618922707,4974.870626017399,9426906.61407595,31865664.829689316,5969.64475122088,9426482.219370471,31864754.71230639,5969.64475122088
9426997.872782908,31866176.282997474,5472.257688619139,2.22760544584677,9426664.736784386,31865777.618922707,4974.870626017399,9427089.131489864,31866687.73630563,4974.870626017399,9427331.008781426,31866574.94707224,5969.64475122088,9426906.61407595,31865664.829689316,5969.64475122088
9427422.267488385,31867086.4003804,5472.257688619139,1.6133961363778357,9427089.131489864,31866687.73630563,4974.870626017399,9427513.526195342,31867597.853688557,4974.870626017399,9427755.403486904,31867485.064455166,5969.64475122088,9427331.008781426,31866574.94707224,5969.64475122088
9427846.66219386,31867996.517763324,5472.257688619139,1.0169096562601174,9427513.526195342,31867597.853688557,4974.870626017399,9427937.920900818,31868507.97107148,4974.870626017399,9428179.798192384,31868395.18183809,5969.64475122088,9427755.403486904,31867485.064455166,5969.64475122088
9428271.056899339,31868906.63514625,5472.257688619139,0.15046516042177055,9427937.920900818,31868507.97107148,4974.870626017399,9428362.315606296,31869418.088454407,4974.870626017399,9428604.19289786,31869305.299221016,5969.64475122088,9428179.798192384,31868395.18183809,5969.64475122088
9428695.451604817,31869816.752529174,5472.257688619139,0.13339840594411945,9428362.315606296,31869418.088454407,4974.870626017399,9428786.710311774,31870328.205837328,4974.870626017399,9429028.587603338,31870215.41660394,5969.64475122088,9428604.19289786,31869305.299221016,5969.64475122088
9429119.846310295,31870726.8699121,5472.257688619139,0.3041657792566992,9428786.710311774,31870328.205837328,4974.870626017399,9429211.105017252,31871238.323220257,4974.870626017399,9429452.982308816,31871125.533986866,5969.64475122088,9429028.587603338,31870215.41660394,5969.64475122088
9429544.241015773,31871636.987295024,5472.257688619139,0.48580764154918527,9429211.105017252,31871238.323220257,4974.870626017399,9429635.49972273,31872148.44060318,4974.870626017399,9429877.377014294,31872035.65136979,5969.64475122088,9429452.982308816,31871125.533986866,5969.64475122088
9429968.63572125,31872547.10467795,5472.257688619139,0.5398952101736221,9429635.49972273,31872148.44060318,4974.870626017399,9430059.894428208,31873058.557986107,4974.870626017399,9430301.77171977,31872945.768752716,5969.64475122088,9429877.377014294,31872035.65136979,5969.64475122088
9430393.03042673,31873457.222060874,5472.257688619139,0.18282543724223962,9430059.894428208,31873058.557986107,4974.870626017399,9430484.289133685,31873968.675369028,4974.870626017399,9430726.166425249,31873855.886135638,5969.64475122088,9430301.77171977,31872945.768752716,5969.64475122088
9430817.425132208,31874367.3394438,5472.257688619139,0.45915528690993235,9430484.289133685,31873968.675369028,4974.870626017399,9430908.683839163,31874878.792751957,4974.870626017399,9431150.561130727,31874766.003518566,5969.64475122088,9430726.166425249,31873855.886135638,5969.64475122088
9431241.819837686,31875277.456826724,5472.257688619139,0.7727994168358134,9430908.683839163,31874878.792751957,4974.870626017399,9431333.07854464,31875788.91013488,4974.870626017399,9431574.955836207,31875676.12090149,5969.64475122088,9431150.561130727,31874766.003518566,5969.64475122088
9431666.214543162,31876187.57420965,5472.257688619139,0.8629958889371688,9431333.07854464,31875788.91013488,4974.870626017399,9431757.473250119,31876699.027517807,4974.870626017399,9431999.350541683,31876586.238284416,5969.64475122088,9431574.955836207,31875676.12090149,5969.64475122088
9432090.60924864,31877097.691592574,5472.257688619139,1.2385593425454222,9431757.473250119,31876699.027517807,4974.870626017399,9432181.867955599,31877609.14490073,4974.870626017399,9432423.745247161,31877496.35566734,5969.64475122088,9431999.350541683,31876586.238284416,5969.64475122088
9432515.003954118,31878007.8089755,5472.257688619139,1.7246528421756504,9432181.867955599,31877609.14490073,4974.870626017399,9432606.262661075,31878519.262283657,4974.870626017399,9432848.13995264,31878406.47305027,5969.64475122088,9432423.745247161,31877496.35566734,5969.64475122088
9432939.398659596,31878917.926358424,5472.257688619139,0.8118622545878511,9432606.262661075,31878519.262283657,4974.870626017399,9433030.657366553,31879429.37966658,4974.870626017399,9433272.534658117,31879316.59043319,5969.64475122088,9432848.13995264,31878406.47305027,5969.64475122088
9433363.793365076,31879828.04374135,5472.257688619139,1.6576957925824096,9433030.657366553,31879429.37966658,4974.870626017399,9433455.052072031,31880339.497049507,4974.870626017399,9433696.929363593,31880226.707816117,5969.64475122088,9433272.534658117,31879316.59043319,5969.64475122088
9433788.188070552,31880738.161124274,5472.257688619139,1.5458038660437046,9433455.052072031,31880339.497049507,4974.870626017399,9433879.44677751,31881249.61443243,4974.870626017399,9434121.324069072,31881136.82519904,5969.64475122088,9433696.929363593,31880226.707816117,5969.64475122088
9434212.582776029,31881648.278507195,5472.257688619139,1.0445291143347641,9433879.44677751,31881249.61443243,4974.870626017399,9434303.841482986,31882159.731815353,4974.870626017399,9434545.71877455,31882046.942581967,5969.64475122088,9434121.324069072,31881136.82519904,5969.64475122088
9421298.22419778,31853321.850403134,6467.03181382262,0.24474691157437115,9420965.088199258,31852923.186328366,5969.64475122088,9421389.482904736,31853833.303711295,5969.64475122088,9421631.360196304,31853720.5144779,6964.41887642436,9421206.965490825,31852810.397094976,6964.41887642436
9421722.618903259,31854231.96778606,6467.03181382262,0.14925352725307628,9421389.482904736,31853833.303711295,5969.64475122088,9421813.877610216,31854743.421094216,5969.64475122088,9422055.754901782,31854630.631860826,6964.41887642436,9421631.360196304,31853720.5144779,6964.41887642436
9422147.013608737,31855142.085168984,6467.03181382262,0.10401330879171282,9421813.877610216,31854743.421094216,5969.64475122088,9422238.272315692,31855653.53847714,5969.64475122088,9422480.14960726,31855540.74924375,6964.41887642436,9422055.754901782,31854630.631860826,6964.41887642436
9422571.408314213,31856052.20255191,6467.03181382262,0.644804345700117,9422238.272315692,31855653.53847714,5969.64475122088,9422662.66702117,31856563.655860066,5969.64475122088,9422904.544312736,31856450.866626676,6964.41887642436,9422480.14960726,31855540.74924375,6964.41887642436
9422995.803019691,31856962.319934834,6467.03181382262,2.2520037331074545,9422662.66702117,31856563.655860066,5969.64475122088,9423087.061726648,31857473.77324299,5969.64475122088,9423328.939018214,31857360.9840096,6964.41887642436,9422904.544312736,31856450.866626676,6964.41887642436
9423420.197725171,31857872.437317763,6467.03181382262,4.1759989255894,9423087.061726648,31857473.77324299,5969.64475122088,9423511.456432125,31858383.890625916,5969.64475122088,9423753.333723692,31858271.101392526,6964.41887642436,9423328.939018214,31857360.9840096,6964.41887642436
9423844.592430647,31858782.554700684,6467.03181382262,4.871929041360477,9423511.456432125,31858383.890625916,5969.64475122088,9423935.851137603,31859294.00800884,5969.64475122088,9424177.728429168,31859181.21877545,6964.41887642436,9423753.333723692,31858271.101392526,6964.41887642436
9424268.987136126,31859692.67208361,6467.03181382262,5.424983272968266,9423935.851137603,31859294.00800884,5969.64475122088,9424360.24584308,31860204.125391766,5969.64475122088,9424602.12313465,31860091.336158376,6964.41887642436,9424177.728429168,31859181.21877545,6964.41887642436
9424693.381841604,31860602.789466534,6467.03181382262,6.955360683567779,9424360.24584308,31860204.125391766,5969.64475122088,9424784.640548559,31861114.24277469,5969.64475122088,9425026.517840127,31861001.4535413,6964.41887642436,9424602.12313465,31860091.336158376,6964.41887642436
9425117.776547082,31861512.90684946,6467.03181382262,5.351717682602059,9424784.640548559,31861114.24277469,5969.64475122088,9425209.035254039,31862024.36015762,5969.64475122088,9425450.912545605,31861911.570924226,6964.41887642436,9425026.517840127,31861001.4535413,6964.41887642436
9425542.171252558,31862423.024232384,6467.03181382262,5.644536284974342,9425209.035254039,31862024.36015762,5969.64475122088,9425633.429959515,31862934.477540545,5969.64475122088,9425875.307251083,31862821.68830715,6964.41887642436,9425450.912545605,31861911.570924226,6964.41887642436
9425966.565958036,31863333.14161531,6467.03181382262,3.86539237306285,9425633.429959515,31862934.477540545,5969.64475122088,9426057.824664993,31863844.594923466,5969.64475122088,9426299.701956559,31863731.805690076,6964.41887642436,9425875.307251083,31862821.68830715,6964.41887642436
9426390.960663516,31864243.258998234,6467.03181382262,2.3981396674271345,9426057.824664993,31863844.594923466,5969.64475122088,9426482.219370471,31864754.71230639,5969.64475122088,9426724.096662037,31864641.923073,6964.41887642436,9426299.701956559,31863731.805690076,6964.41887642436
9426815.355368994,31865153.37638116,6467.03181382262,1.8387653108545898,9426482.219370471,31864754.71230639,5969.64475122088,9426906.61407595,31865664.829689316,5969.64475122088,9427148.491367515,31865552.040455926,6964.41887642436,9426724.096662037,31864641.923073,6964.41887642436
9427239.750074472,31866063.493764084,6467.03181382262,1.2686199585840328,9426906.61407595,31865664.829689316,5969.64475122088,9427331.008781426,31866574.94707224,5969.64475122088,9427572.886072993,31866462.15783885,6964.41887642436,9427148.491367515,31865552.040455926,6964.41887642436
9427664.144779949,31866973.61114701,6467.03181382262,0.60822137535633,9427331.008781426,31866574.94707224,5969.64475122088,9427755.403486904,31867485.064455166,5969.64475122088,9427997.280778471,31867372.275221776,6964.41887642436,9427572.886072993,31866462.15783885,6964.41887642436
9428088.539485427,31867883.728529934,6467.03181382262,0.30176784241990146,9427755.403486904,31867485.064455166,5969.64475122088,9428179.798192384,31868395.18183809,5969.64475122088,9428421.67548395,31868282.3926047,6964.41887642436,9427997.280778471,31867372.275221776,6964.41887642436
9428512.934190905,31868793.84591286,6467.03181382262,0.1819990589522348,9428179.798192384,31868395.18183809,5969.64475122088,9428604.19289786,31869305.299221016,5969.64475122088,9428846.070189428,31869192.509987622,6964.41887642436,9428421.67548395,31868282.3926047,6964.41887642436
9428937.328896381,31869703.963295784,6467.03181382262,0.20074277333809457,9428604.19289786,31869305.299221016,5969.64475122088,9429028.587603338,31870215.41660394,5969.64475122088,9429270.464894904,31870102.62737055,6964.41887642436,9428846.070189428,31869192.509987622,6964.41887642436
9429361.723601859,31870614.08067871,6467.03181382262,0.5611135546763788,9429028.587603338,31870215.41660394,5969.64475122088,9429452.982308816,31871125.533986866,5969.64475122088,9429694.859600382,31871012.744753476,6964.41887642436,9429270.464894904,31870102.62737055,6964.41887642436
9429786.118307339,31871524.198061634,6467.03181382262,0.7421633494117175,9429452.982308816,31871125.533986866,5969.64475122088,9429877.377014294,31872035.65136979,5969.64475122088,9430119.25430586,31871922.862136398,6964.41887642436,9429694.859600382,31871012.744753476,6964.41887642436
9430210.513012817,31872434.31544456,6467.03181382262,0.5614178180191449,9429877.377014294,31872035.65136979,5969.64475122088,9430301.77171977,31872945.768752716,5969.64475122088,9430543.649011338,31872832.979519323,6964.41887642436,9430119.25430586,31871922.862136398,6964.41887642436
9430634.907718293,31873344.432827484,6467.03181382262,0.2796139754813744,9430301.77171977,31872945.768752716,5969.64475122088,9430726.166425249,31873855.886135638,5969.64475122088,9430968.043716816,31873743.09690225,6964.41887642436,9430543.649011338,31872832.979519323,6964.41887642436
9431059.302423771,31874254.55021041,6467.03181382262,0.3238909413683175,9430726.166425249,31873855.886135638,5969.64475122088,9431150.561130727,31874766.003518566,5969.64475122088,9431392.438422294,31874653.214285176,6964.41887642436,9430968.043716816,31873743.09690225,6964.41887642436
9431483.69712925,31875164.667593334,6467.03181382262,0.6993322258619338,9431150.561130727,31874766.003518566,5969.64475122088,9431574.955836207,31875676.12090149,5969.64475122088,9431816.833127772,31875563.3316681,6964.41887642436,9431392.438422294,31874653.214285176,6964.41887642436
9431908.091834726,31876074.78497626,6467.03181382262,0.953323626210513,9431574.955836207,31875676.12090149,5969.64475122088,9431999.350541683,31876586.238284416,5969.64475122088,9432241.22783325,31876473.449051026,6964.41887642436,9431816.833127772,31875563.3316681,6964.41887642436
9432332.486540204,31876984.90235918,6467.03181382262,0.7750029974738383,9431999.350541683,31876586.238284416,5969.64475122088,9432423.745247161,31877496.35566734,5969.64475122088,9432665.622538727,31877383.56643395,6964.41887642436,9432241.22783325,31876473.449051026,6964.41887642436
9432756.881245684,31877895.01974211,6467.03181382262,1.0388176737482897,9432423.745247161,31877496.35566734,5969.64475122088,9432848.13995264,31878406.47305027,5969.64475122088,9433090.017244205,31878293.683816876,6964.41887642436,9432665.622538727,31877383.56643395,6964.41887642436
9433181.275951162,31878805.137125034,6467.03181382262,0.5120716828415444,9432848.13995264,31878406.47305027,5969.64475122088,9433272.534658117,31879316.59043319,5969.64475122088,9433514.411949683,31879203.8011998,6964.41887642436,9433090.017244205,31878293.683816876,6964.41887642436
9433605.67065664,31879715.25450796,6467.03181382262,1.1007775551426178,9433272.534658117,31879316.59043319,5969.64475122088,9433696.929363593,31880226.707816117,5969.64475122088,9433938.806655161,31880113.918582726,6964.41887642436,9433514.411949683,31879203.8011998,6964.41887642436
9434030.065362116,31880625.371890884,6467.03181382262,1.8958133169922322,9433696.929363593,31880226.707816117,5969.64475122088,9434121.324069072,31881136.82519904,5969.64475122088,9434363.20136064,31881024.035965648,6964.41887642436,9433938.806655161,31880113.918582726,6964.41887642436
9434454.460067594,31881535.489273805,6467.03181382262,1.9081048183199683,9434121.324069072,31881136.82519904,5969.64475122088,9434545.71877455,31882046.942581967,5969.64475122088,9434787.596066117,31881934.153348576,6964.41887642436,9434363.20136064,31881024.035965648,6964.41887642436
9421540.101489348,31853209.061169744,7461.8059390261,0.030536974936062045,9421206.965490825,31852810.397094976,6964.41887642436,9421631.360196304,31853720.5144779,6964.41887642436,9421873.237487871,31853607.72524451,7959.19300162784,9421448.842782393,31852697.607861586,7959.19300162784
9421964.496194825,31854119.17855267,7461.8059390261,0.08851216270651475,9421631.360196304,31853720.5144779,6964.41887642436,9422055.754901782,31854630.631860826,6964.41887642436,9422297.632193347,31854517.842627436,7959.19300162784,9421873.237487871,31853607.72524451,7959.19300162784
9422388.890900303,31855029.295935594,7461.8059390261,0.4575736212079278,9422055.754901782,31854630.631860826,6964.41887642436,9422480.14960726,31855540.74924375,6964.41887642436,9422722.026898826,31855427.960010357,7959.19300162784,9422297.632193347,31854517.842627436,7959.19300162784
9422813.28560578,31855939.41331852,7461.8059390261,0.8763092938744489,9422480.14960726,31855540.74924375,6964.41887642436,9422904.544312736,31856450.866626676,6964.41887642436,9423146.421604304,31856338.077393282,7959.19300162784,9422722.026898826,31855427.960010357,7959.19300162784
9423237.680311259,31856849.530701447,7461.8059390261,2.4056473501264097,9422904.544312736,31856450.866626676,6964.41887642436,9423328.939018214,31857360.9840096,6964.41887642436,9423570.81630978,31857248.19477621,7959.19300162784,9423146.421604304,31856338.077393282,7959.19300162784
9423662.075016737,31857759.64808437,7461.8059390261,3.8411383748480046,9423328.939018214,31857360.9840096,6964.41887642436,9423753.333723692,31858271.101392526,6964.41887642436,9423995.21101526,31858158.312159136,7959.19300162784,9423570.81630978,31857248.19477621,7959.19300162784
9424086.469722215,31858669.76546729,7461.8059390261,4.871769428108527,9423753.333723692,31858271.101392526,6964.41887642436,9424177.728429168,31859181.21877545,6964.41887642436,9424419.605720738,31859068.429542057,7959.19300162784,9423995.21101526,31858158.312159136,7959.19300162784
9424510.864427693,31859579.882850215,7461.8059390261,5.425637475087719,9424177.728429168,31859181.21877545,6964.41887642436,9424602.12313465,31860091.336158376,6964.41887642436,9424844.000426216,31859978.546924982,7959.19300162784,9424419.605720738,31859068.429542057,7959.19300162784
9424935.259133171,31860490.00023314,7461.8059390261,5.295738148513388,9424602.12313465,31860091.336158376,6964.41887642436,9425026.517840127,31861001.4535413,6964.41887642436,9425268.395131694,31860888.66430791,7959.19300162784,9424844.000426216,31859978.546924982,7959.19300162784
9425359.653838648,31861400.11761607,7461.8059390261,5.379088623757517,9425026.517840127,31861001.4535413,6964.41887642436,9425450.912545605,31861911.570924226,6964.41887642436,9425692.78983717,31861798.781690836,7959.19300162784,9425268.395131694,31860888.66430791,7959.19300162784
9425784.048544127,31862310.234998994,7461.8059390261,6.1181817732654205,9425450.912545605,31861911.570924226,6964.41887642436,9425875.307251083,31862821.68830715,6964.41887642436,9426117.184542648,31862708.89907376,7959.19300162784,9425692.78983717,31861798.781690836,7959.19300162784
9426208.443249606,31863220.35238192,7461.8059390261,3.331614843684613,9425875.307251083,31862821.68830715,6964.41887642436,9426299.701956559,31863731.805690076,6964.41887642436,9426541.579248127,31863619.016456682,7959.19300162784,9426117.184542648,31862708.89907376,7959.19300162784
9426632.837955082,31864130.46976484,7461.8059390261,1.3269112418099165,9426299.701956559,31863731.805690076,6964.41887642436,9426724.096662037,31864641.923073,6964.41887642436,9426965.973953603,31864529.13383961,7959.19300162784,9426541.579248127,31863619.016456682,7959.19300162784
9427057.23266056,31865040.58714777,7461.8059390261,1.6533800189175822,9426724.096662037,31864641.923073,6964.41887642436,9427148.491367515,31865552.040455926,6964.41887642436,9427390.368659083,31865439.251222536,7959.19300162784,9426965.973953603,31864529.13383961,7959.19300162784
9427481.627366038,31865950.704530694,7461.8059390261,0.6853624922123172,9427148.491367515,31865552.040455926,6964.41887642436,9427572.886072993,31866462.15783885,6964.41887642436,9427814.76336456,31866349.36860546,7959.19300162784,9427390.368659083,31865439.251222536,7959.19300162784
9427906.022071516,31866860.82191362,7461.8059390261,0.4783505608445048,9427572.886072993,31866462.15783885,6964.41887642436,9427997.280778471,31867372.275221776,6964.41887642436,9428239.158070039,31867259.485988382,7959.19300162784,9427814.76336456,31866349.36860546,7959.19300162784
9428330.416776992,31867770.93929654,7461.8059390261,0.16769192809925512,9427997.280778471,31867372.275221776,6964.41887642436,9428421.67548395,31868282.3926047,6964.41887642436,9428663.552775515,31868169.603371307,7959.19300162784,9428239.158070039,31867259.485988382,7959.19300162784
9428754.81148247,31868681.056679465,7461.8059390261,0.15344155306779195,9428421.67548395,31868282.3926047,6964.41887642436,9428846.070189428,31869192.509987622,6964.41887642436,9429087.947480993,31869079.720754236,7959.19300162784,9428663.552775515,31868169.603371307,7959.19300162784
9429179.206187949,31869591.174062394,7461.8059390261,0.3612978416742809,9428846.070189428,31869192.509987622,6964.41887642436,9429270.464894904,31870102.62737055,6964.41887642436,9429512.342186471,31869989.83813716,7959.19300162784,9429087.947480993,31869079.720754236,7959.19300162784
9429603.600893427,31870501.29144532,7461.8059390261,0.508928556514535,9429270.464894904,31870102.62737055,6964.41887642436,9429694.859600382,31871012.744753476,6964.41887642436,9429936.736891948,31870899.955520082,7959.19300162784,9429512.342186471,31869989.83813716,7959.19300162784
9430027.995598905,31871411.408828244,7461.8059390261,0.5834325185818963,9429694.859600382,31871012.744753476,6964.41887642436,9430119.25430586,31871922.862136398,6964.41887642436,9430361.131597426,31871810.072903007,7959.19300162784,9429936.736891948,31870899.955520082,7959.19300162784
9430452.390304383,31872321.526211165,7461.8059390261,0.2894529473673146,9430119.25430586,31871922.862136398,6964.41887642436,9430543.649011338,31872832.979519323,6964.41887642436,9430785.526302906,31872720.190285936,7959.19300162784,9430361.131597426,31871810.072903007,7959.19300162784
9430876.785009861,31873231.643594094,7461.8059390261,0.12598115882934907,9430543.649011338,31872832.979519323,6964.41887642436,9430968.043716816,31873743.09690225,6964.41887642436,9431209.921008382,31873630.30766886,7959.19300162784,9430785.526302906,31872720.190285936,7959.19300162784
9431301.179715337,31874141.760977015,7461.8059390261,0.5038951270515782,9430968.043716816,31873743.09690225,6964.41887642436,9431392.438422294,31874653.214285176,6964.41887642436,9431634.31571386,31874540.425051782,7959.19300162784,9431209.921008382,31873630.30766886,7959.19300162784
9431725.574420815,31875051.87835994,7461.8059390261,0.5183048065012736,9431392.438422294,31874653.214285176,6964.41887642436,9431816.833127772,31875563.3316681,6964.41887642436,9432058.710419338,31875450.542434707,7959.19300162784,9431634.31571386,31874540.425051782,7959.19300162784
9432149.969126293,31875961.995742865,7461.8059390261,1.4000206329482905,9431816.833127772,31875563.3316681,6964.41887642436,9432241.22783325,31876473.449051026,6964.41887642436,9432483.105124816,31876360.659817632,7959.19300162784,9432058.710419338,31875450.542434707,7959.19300162784
9432574.363831773,31876872.11312579,7461.8059390261,1.2706020260524533,9432241.22783325,31876473.449051026,6964.41887642436,9432665.622538727,31877383.56643395,6964.41887642436,9432907.499830294,31877270.77720056,7959.19300162784,9432483.105124816,31876360.659817632,7959.19300162784
9432998.75853725,31877782.23050872,7461.8059390261,0.8698462720120286,9432665.622538727,31877383.56643395,6964.41887642436,9433090.017244205,31878293.683816876,6964.41887642436,9433331.89453577,31878180.894583486,7959.19300162784,9432907.499830294,31877270.77720056,7959.19300162784
9433423.153242728,31878692.347891644,7461.8059390261,0.8607893718224389,9433090.017244205,31878293.683816876,6964.41887642436,9433514.411949683,31879203.8011998,6964.41887642436,9433756.28924125,31879091.011966407,7959.19300162784,9433331.89453577,31878180.894583486,7959.19300162784
9433847.547948206,31879602.465274565,7461.8059390261,0.48417720146769644,9433514.411949683,31879203.8011998,6964.41887642436,9433938.806655161,31880113.918582726,6964.41887642436,9434180.683946729,31880001.129349332,7959.19300162784,9433756.28924125,31879091.011966407,7959.19300162784
9434271.942653684,31880512.58265749,7461.8059390261,1.6825910112649838,9433938.806655161,31880113.918582726,6964.41887642436,9434363.20136064,31881024.035965648,6964.41887642436,9434605.078652207,31880911.24673226,7959.19300162784,9434180.683946729,31880001.129349332,7959.19300162784
9434696.33735916,31881422.70004042,7461.8059390261,2.793780607648515,9434363.20136064,31881024.035965648,6964.41887642436,9434787.596066117,31881934.153348576,6964.41887642436,9435029.473357683,31881821.364115186,7959.19300162784,9434605.078652207,31880911.24673226,7959.19300162784
9421781.978780914,31853096.271936353,8456.58006422958,0.02005745715415065,9421448.842782393,31852697.607861586,7959.19300162784,9421873.237487871,31853607.72524451,7959.19300162784,9422115.114779437,31853494.936011117,8953.96712683132,9421690.720073959,31852584.818628196,8953.96712683132
9422206.373486394,31854006.38931928,8456.58006422958,0.07046194054729114,9421873.237487871,31853607.72524451,7959.19300162784,9422297.632193347,31854517.842627436,7959.19300162784,9422539.509484913,31854405.053394042,8953.96712683132,9422115.114779437,31853494.936011117,8953.96712683132
9422630.76819187,31854916.506702203,8456.58006422958,0.7196183474323331,9422297.632193347,31854517.842627436,7959.19300162784,9422722.026898826,31855427.960010357,7959.19300162784,9422963.904190391,31855315.170776967,8953.96712683132,9422539.509484913,31854405.053394042,8953.96712683132
9423055.162897348,31855826.624085125,8456.58006422958,1.633428142457837,9422722.026898826,31855427.960010357,7959.19300162784,9423146.421604304,31856338.077393282,7959.19300162784,9423388.29889587,31856225.288159896,8953.96712683132,9422963.904190391,31855315.170776967,8953.96712683132
9423479.557602827,31856736.74146805,8456.58006422958,2.2985394719464485,9423146.421604304,31856338.077393282,7959.19300162784,9423570.81630978,31857248.19477621,7959.19300162784,9423812.69360135,31857135.405542817,8953.96712683132,9423388.29889587,31856225.288159896,8953.96712683132
9423903.952308303,31857646.858850975,8456.58006422958,3.3946206467613913,9423570.81630978,31857248.19477621,7959.19300162784,9423995.21101526,31858158.312159136,7959.19300162784,9424237.088306826,31858045.522925742,8953.96712683132,9423812.69360135,31857135.405542817,8953.96712683132
9424328.34701378,31858556.9762339,8456.58006422958,4.5825378983676615,9423995.21101526,31858158.312159136,7959.19300162784,9424419.605720738,31859068.429542057,7959.19300162784,9424661.483012304,31858955.640308667,8953.96712683132,9424237.088306826,31858045.522925742,8953.96712683132
9424752.741719259,31859467.093616825,8456.58006422958,5.829190622887791,9424419.605720738,31859068.429542057,7959.19300162784,9424844.000426216,31859978.546924982,7959.19300162784,9425085.877717782,31859865.757691596,8953.96712683132,9424661.483012304,31858955.640308667,8953.96712683132
9425177.136424737,31860377.210999753,8456.58006422958,4.8133492158238615,9424844.000426216,31859978.546924982,7959.19300162784,9425268.395131694,31860888.66430791,7959.19300162784,9425510.27242326,31860775.87507452,8953.96712683132,9425085.877717782,31859865.757691596,8953.96712683132
9425601.531130217,31861287.32838268,8456.58006422958,4.284566737443658,9425268.395131694,31860888.66430791,7959.19300162784,9425692.78983717,31861798.781690836,7959.19300162784,9425934.667128738,31861685.992457446,8953.96712683132,9425510.27242326,31860775.87507452,8953.96712683132
9426025.925835693,31862197.4457656,8456.58006422958,4.1511633407730955,9425692.78983717,31861798.781690836,7959.19300162784,9426117.184542648,31862708.89907376,7959.19300162784,9426359.061834214,31862596.109840367,8953.96712683132,9425934.667128738,31861685.992457446,8953.96712683132
9426450.320541171,31863107.563148525,8456.58006422958,2.477557862176145,9426117.184542648,31862708.89907376,7959.19300162784,9426541.579248127,31863619.016456682,7959.19300162784,9426783.456539694,31863506.227223292,8953.96712683132,9426359.061834214,31862596.109840367,8953.96712683132
9426874.715246648,31864017.68053145,8456.58006422958,1.7429395833234314,9426541.579248127,31863619.016456682,7959.19300162784,9426965.973953603,31864529.13383961,7959.19300162784,9427207.851245172,31864416.34460622,8953.96712683132,9426783.456539694,31863506.227223292,8953.96712683132
9427299.109952126,31864927.79791438,8456.58006422958,2.3332346467786858,9426965.973953603,31864529.13383961,7959.19300162784,9427390.368659083,31865439.251222536,7959.19300162784,9427632.245950649,31865326.461989142,8953.96712683132,9427207.851245172,31864416.34460622,8953.96712683132
9427723.504657604,31865837.9152973,8456.58006422958,1.0053430291347578,9427390.368659083,31865439.251222536,7959.19300162784,9427814.76336456,31866349.36860546,7959.19300162784,9428056.640656127,31866236.579372067,8953.96712683132,9427632.245950649,31865326.461989142,8953.96712683132
9428147.899363082,31866748.032680225,8456.58006422958,0.39532484509146115,9427814.76336456,31866349.36860546,7959.19300162784,9428239.158070039,31867259.485988382,7959.19300162784,9428481.035361605,31867146.696754992,8953.96712683132,9428056.640656127,31866236.579372067,8953.96712683132
9428572.294068562,31867658.15006315,8456.58006422958,0.057442652928410005,9428239.158070039,31867259.485988382,7959.19300162784,9428663.552775515,31868169.603371307,7959.19300162784,9428905.430067083,31868056.81413792,8953.96712683132,9428481.035361605,31867146.696754992,8953.96712683132
9428996.688774038,31868568.26744608,8456.58006422958,0.001548721589800978,9428663.552775515,31868169.603371307,7959.19300162784,9429087.947480993,31869079.720754236,7959.19300162784,9429329.82477256,31868966.931520842,8953.96712683132,9428905.430067083,31868056.81413792,8953.96712683132
9429421.083479516,31869478.384829003,8456.58006422958,0.003002233561181883,9429087.947480993,31869079.720754236,7959.19300162784,9429512.342186471,31869989.83813716,7959.19300162784,9429754.219478037,31869877.048903767,8953.96712683132,9429329.82477256,31868966.931520842,8953.96712683132
9429845.478184994,31870388.50221193,8456.58006422958,0.03755822561092714,9429512.342186471,31869989.83813716,7959.19300162784,9429936.736891948,31870899.955520082,7959.19300162784,9430178.614183517,31870787.166286692,8953.96712683132,9429754.219478037,31869877.048903767,8953.96712683132
9430269.87289047,31871298.61959485,8456.58006422958,0.014183979436739356,9429936.736891948,31870899.955520082,7959.19300162784,9430361.131597426,31871810.072903007,7959.19300162784,9430603.008888993,31871697.283669617,8953.96712683132,9430178.614183517,31870787.166286692,8953.96712683132
9430694.267595949,31872208.73697777,8456.58006422958,0.08574184525770791,9430361.131597426,31871810.072903007,7959.19300162784,9430785.526302906,31872720.190285936,7959.19300162784,9431027.403594472,31872607.401052542,8953.96712683132,9430603.008888993,31871697.283669617,8953.96712683132
9431118.662301427,31873118.8543607,8456.58006422958,0.5933791347778382,9430785.526302906,31872720.190285936,7959.19300162784,9431209.921008382,31873630.30766886,7959.19300162784,9431451.79829995,31873517.518435467,8953.96712683132,9431027.403594472,31872607.401052542,8953.96712683132
9431543.057006903,31874028.971743625,8456.58006422958,0.25920509856990726,9431209.921008382,31873630.30766886,7959.19300162784,9431634.31571386,31874540.425051782,7959.19300162784,9431876.193005426,31874427.635818392,8953.96712683132,9431451.79829995,31873517.518435467,8953.96712683132
9431967.451712383,31874939.08912655,8456.58006422958,0.6140893679718824,9431634.31571386,31874540.425051782,7959.19300162784,9432058.710419338,31875450.542434707,7959.19300162784,9432300.587710906,31875337.753201317,8953.96712683132,9431876.193005426,31874427.635818392,8953.96712683132
9432391.846417861,31875849.206509475,8456.58006422958,0.6716893182552173,9432058.710419338,31875450.542434707,7959.19300162784,9432483.105124816,31876360.659817632,7959.19300162784,9432724.982416382,31876247.870584246,8953.96712683132,9432300.587710906,31875337.753201317,8953.96712683132
9432816.24112334,31876759.323892403,8456.58006422958,1.591187422805138,9432483.105124816,31876360.659817632,7959.19300162784,9432907.499830294,31877270.77720056,7959.19300162784,9433149.377121862,31877157.987967167,8953.96712683132,9432724.982416382,31876247.870584246,8953.96712683132
9433240.635828815,31877669.441275325,8456.58006422958,1.6988559624326698,9432907.499830294,31877270.77720056,7959.19300162784,9433331.89453577,31878180.894583486,7959.19300162784,9433573.77182734,31878068.105350092,8953.96712683132,9433149.377121862,31877157.987967167,8953.96712683132
9433665.030534294,31878579.55865825,8456.58006422958,2.5290596009902684,9433331.89453577,31878180.894583486,7959.19300162784,9433756.28924125,31879091.011966407,7959.19300162784,9433998.166532816,31878978.222733017,8953.96712683132,9433573.77182734,31878068.105350092,8953.96712683132
9434089.425239772,31879489.676041175,8456.58006422958,1.3455950811435577,9433756.28924125,31879091.011966407,7959.19300162784,9434180.683946729,31880001.129349332,7959.19300162784,9434422.561238294,31879888.340115942,8953.96712683132,9433998.166532816,31878978.222733017,8953.96712683132
9434513.81994525,31880399.7934241,8456.58006422958,1.150352355196171,9434180.683946729,31880001.129349332,7959.19300162784,9434605.078652207,31880911.24673226,7959.19300162784,9434846.955943773,31880798.457498867,8953.96712683132,9434422.561238294,31879888.340115942,8953.96712683132
9434938.214650728,31881309.910807025,8456.58006422958,3.5711415412638634,9434605.078652207,31880911.24673226,7959.19300162784,9435029.473357683,31881821.364115186,7959.19300162784,9435271.35064925,31881708.574881792,8953.96712683132,9434846.955943773,31880798.457498867,8953.96712683132
9422023.85607248,31852983.482702963,9451.354189433057,0.234761424110378,9421690.720073959,31852584.818628196,8953.96712683132,9422115.114779437,31853494.936011117,8953.96712683132,9422356.992070999,31853382.146777727,9948.741252034799,9421932.597365523,31852472.029394805,9948.741252034799
9422448.250777958,31853893.600085884,9451.354189433057,0.32670989373160425,9422115.114779437,31853494.936011117,8953.96712683132,9422539.509484913,31854405.053394042,8953.96712683132,9422781.386776477,31854292.26416065,9948.741252034799,9422356.992070999,31853382.146777727,9948.741252034799
9422872.645483436,31854803.71746881,9451.354189433057,0.6914174156715653,9422539.509484913,31854405.053394042,8953.96712683132,9422963.904190391,31855315.170776967,8953.96712683132,9423205.781481957,31855202.38154358,9948.741252034799,9422781.386776477,31854292.26416065,9948.741252034799
9423297.040188912,31855713.834851738,9451.354189433057,0.717186091046509,9422963.904190391,31855315.170776967,8953.96712683132,9423388.29889587,31856225.288159896,8953.96712683132,9423630.176187433,31856112.498926505,9948.741252034799,9423205.781481957,31855202.38154358,9948.741252034799
9423721.43489439,31856623.95223466,9451.354189433057,1.1458230133584542,9423388.29889587,31856225.288159896,8953.96712683132,9423812.69360135,31857135.405542817,8953.96712683132,9424054.570892911,31857022.616309427,9948.741252034799,9423630.176187433,31856112.498926505,9948.741252034799
9424145.829599869,31857534.069617584,9451.354189433057,1.4570442891280333,9423812.69360135,31857135.405542817,8953.96712683132,9424237.088306826,31858045.522925742,8953.96712683132,9424478.96559839,31857932.73369235,9948.741252034799,9424054.570892911,31857022.616309427,9948.741252034799
9424570.224305345,31858444.18700051,9451.354189433057,2.631286574234414,9424237.088306826,31858045.522925742,8953.96712683132,9424661.483012304,31858955.640308667,8953.96712683132,9424903.360303866,31858842.851075277,9948.741252034799,9424478.96559839,31857932.73369235,9948.741252034799
9424994.619010825,31859354.304383434,9451.354189433057,4.0282939665165145,9424661.483012304,31858955.640308667,8953.96712683132,9425085.877717782,31859865.757691596,8953.96712683132,9425327.755009346,31859752.968458205,9948.741252034799,9424903.360303866,31858842.851075277,9948.741252034799
9425419.013716303,31860264.421766363,9451.354189433057,3.7265405889730325,9425085.877717782,31859865.757691596,8953.96712683132,9425510.27242326,31860775.87507452,8953.96712683132,9425752.149714822,31860663.08584113,9948.741252034799,9425327.755009346,31859752.968458205,9948.741252034799
9425843.40842178,31861174.539149288,9451.354189433057,3.100881539550565,9425510.27242326,31860775.87507452,8953.96712683132,9425934.667128738,31861685.992457446,8953.96712683132,9426176.544420302,31861573.203224055,9948.741252034799,9425752.149714822,31860663.08584113,9948.741252034799
9426267.803127259,31862084.65653221,9451.354189433057,3.351824710711751,9425934.667128738,31861685.992457446,8953.96712683132,9426359.061834214,31862596.109840367,8953.96712683132,9426600.93912578,31862483.320606977,9948.741252034799,9426176.544420302,31861573.203224055,9948.741252034799
9426692.197832737,31862994.773915134,9451.354189433057,2.3343482094046,9426359.061834214,31862596.109840367,8953.96712683132,9426783.456539694,31863506.227223292,8953.96712683132,9427025.333831256,31863393.437989905,9948.741252034799,9426600.93912578,31862483.320606977,9948.741252034799
9427116.592538213,31863904.891298063,9451.354189433057,2.677732310696594,9426783.456539694,31863506.227223292,8953.96712683132,9427207.851245172,31864416.34460622,8953.96712683132,9427449.728536734,31864303.55537283,9948.741252034799,9427025.333831256,31863393.437989905,9948.741252034799
9427540.98724369,31864815.008680984,9451.354189433057,1.627186254081747,9427207.851245172,31864416.34460622,8953.96712683132,9427632.245950649,31865326.461989142,8953.96712683132,9427874.123242212,31865213.67275575,9948.741252034799,9427449.728536734,31864303.55537283,9948.741252034799
9427965.38194917,31865725.12606391,9451.354189433057,0.7277753672871667,9427632.245950649,31865326.461989142,8953.96712683132,9428056.640656127,31866236.579372067,8953.96712683132,9428298.51794769,31866123.790138677,9948.741252034799,9427874.123242212,31865213.67275575,9948.741252034799
9428389.776654648,31866635.243446834,9451.354189433057,0.22259946839629866,9428056.640656127,31866236.579372067,8953.96712683132,9428481.035361605,31867146.696754992,8953.96712683132,9428722.912653167,31867033.9075216,9948.741252034799,9428298.51794769,31866123.790138677,9948.741252034799
9428814.171360126,31867545.36082976,9451.354189433057,0.013118757503294885,9428481.035361605,31867146.696754992,8953.96712683132,9428905.430067083,31868056.81413792,8953.96712683132,9429147.307358645,31867944.02490453,9948.741252034799,9428722.912653167,31867033.9075216,9948.741252034799
9429238.566065604,31868455.478212688,9451.354189433057,0.020628291009122276,9428905.430067083,31868056.81413792,8953.96712683132,9429329.82477256,31868966.931520842,8953.96712683132,9429571.702064125,31868854.14228745,9948.741252034799,9429147.307358645,31867944.02490453,9948.741252034799
9429662.96077108,31869365.59559561,9451.354189433057,0.0069111679619912655,9429329.82477256,31868966.931520842,8953.96712683132,9429754.219478037,31869877.048903767,8953.96712683132,9429996.096769601,31869764.259670377,9948.741252034799,9429571.702064125,31868854.14228745,9948.741252034799
9430087.355476558,31870275.712978534,9451.354189433057,0.0017377191994971677,9429754.219478037,31869877.048903767,8953.96712683132,9430178.614183517,31870787.166286692,8953.96712683132,9430420.49147508,31870674.3770533,9948.741252034799,9429996.096769601,31869764.259670377,9948.741252034799
9430511.750182036,31871185.83036146,9451.354189433057,0.04875009574282616,9430178.614183517,31870787.166286692,8953.96712683132,9430603.008888993,31871697.283669617,8953.96712683132,9430844.886180557,31871584.49443623,9948.741252034799,9430420.49147508,31870674.3770533,9948.741252034799
9430936.144887514,31872095.947744384,9451.354189433057,0.3399058708190962,9430603.008888993,31871697.283669617,8953.96712683132,9431027.403594472,31872607.401052542,8953.96712683132,9431269.280886035,31872494.61181915,9948.741252034799,9430844.886180557,31871584.49443623,9948.741252034799
9431360.539592993,31873006.06512731,9451.354189433057,0.6465752228971292,9431027.403594472,31872607.401052542,8953.96712683132,9431451.79829995,31873517.518435467,8953.96712683132,9431693.675591512,31873404.729202077,9948.741252034799,9431269.280886035,31872494.61181915,9948.741252034799
9431784.93429847,31873916.182510234,9451.354189433057,0.35914770558074216,9431451.79829995,31873517.518435467,8953.96712683132,9431876.193005426,31874427.635818392,8953.96712683132,9432118.07029699,31874314.846585,9948.741252034799,9431693.675591512,31873404.729202077,9948.741252034799
9432209.329003949,31874826.29989316,9451.354189433057,0.5556617788180119,9431876.193005426,31874427.635818392,8953.96712683132,9432300.587710906,31875337.753201317,8953.96712683132,9432542.46500247,31875224.963967927,9948.741252034799,9432118.07029699,31874314.846585,9948.741252034799
9432633.723709427,31875736.417276084,9451.354189433057,0.7126279302015386,9432300.587710906,31875337.753201317,8953.96712683132,9432724.982416382,31876247.870584246,8953.96712683132,9432966.859707948,31876135.081350856,9948.741252034799,9432542.46500247,31875224.963967927,9948.741252034799
9433058.118414905,31876646.53465901,9451.354189433057,0.9459725062097599,9432724.982416382,31876247.870584246,8953.96712683132,9433149.377121862,31877157.987967167,8953.96712683132,9433391.254413424,31877045.198733777,9948.741252034799,9432966.859707948,31876135.081350856,9948.741252034799
9433482.513120381,31877556.652041934,9451.354189433057,2.1817447247612507,9433149.377121862,31877157.987967167,8953.96712683132,9433573.77182734,31878068.105350092,8953.96712683132,9433815.649118902,31877955.3161167,9948.741252034799,9433391.254413424,31877045.198733777,9948.741252034799
9433906.907825857,31878466.76942486,9451.354189433057,3.7829857646845073,9433573.77182734,31878068.105350092,8953.96712683132,9433998.166532816,31878978.222733017,8953.96712683132,9434240.04382438,31878865.433499627,9948.741252034799,9433815.649118902,31877955.3161167,9948.741252034799
9434331.302531336,31879376.886807784,9451.354189433057,3.0301917518918455,9433998.166532816,31878978.222733017,8953.96712683132,9434422.561238294,31879888.340115942,8953.96712683132,9434664.438529858,31879775.550882556,9948.741252034799,9434240.04382438,31878865.433499627,9948.741252034799
9434755.697236815,31880287.00419071,9451.354189433057,1.3814890997916844,9434422.561238294,31879888.340115942,8953.96712683132,9434846.955943773,31880798.457498867,8953.96712683132,9435088.833235335,31880685.668265477,9948.741252034799,9434664.438529858,31879775.550882556,9948.741252034799
9435180.091942294,31881197.121573634,9451.354189433057,3.877760058409759,9434846.955943773,31880798.457498867,8953.96712683132,9435271.35064925,31881708.574881792,8953.96712683132,9435513.227940813,31881595.7856484,9948.741252034799,9435088.833235335,31880685.668265477,9948.741252034799
9422265.733364046,31852870.693469573,10446.128314636539,0.36980758543865416,9421932.597365523,31852472.029394805,9948.741252034799,9422356.992070999,31853382.146777727,9948.741252034799,9422598.869362568,31853269.357544336,10943.51537723828,9422174.474657089,31852359.24016141,10943.51537723828
9422690.128069522,31853780.810852494,10446.128314636539,0.3266245331591051,9422356.992070999,31853382.146777727,9948.741252034799,9422781.386776477,31854292.26416065,9948.741252034799,9423023.264068045,31854179.47492726,10943.51537723828,9422598.869362568,31853269.357544336,10943.51537723828
9423114.522775,31854690.92823542,10446.128314636539,0.34643915490695076,9422781.386776477,31854292.26416065,9948.741252034799,9423205.781481957,31855202.38154358,9948.741252034799,9423447.658773523,31855089.592310186,10943.51537723828,9423023.264068045,31854179.47492726,10943.51537723828
9423538.917480478,31855601.045618344,10446.128314636539,0.5791902597340226,9423205.781481957,31855202.38154358,9948.741252034799,9423630.176187433,31856112.498926505,9948.741252034799,9423872.053479,31855999.70969311,10943.51537723828,9423447.658773523,31855089.592310186,10943.51537723828
9423963.312185954,31856511.16300127,10446.128314636539,1.005372396036252,9423630.176187433,31856112.498926505,9948.741252034799,9424054.570892911,31857022.616309427,9948.741252034799,9424296.448184477,31856909.827076036,10943.51537723828,9423872.053479,31855999.70969311,10943.51537723828
9424387.706891434,31857421.280384194,10446.128314636539,1.3010949707746182,9424054.570892911,31857022.616309427,9948.741252034799,9424478.96559839,31857932.73369235,9948.741252034799,9424720.842889955,31857819.94445896,10943.51537723828,9424296.448184477,31856909.827076036,10943.51537723828
9424812.10159691,31858331.397767115,10446.128314636539,2.672849646752663,9424478.96559839,31857932.73369235,9948.741252034799,9424903.360303866,31858842.851075277,9948.741252034799,9425145.237595433,31858730.061841886,10943.51537723828,9424720.842889955,31857819.94445896,10943.51537723828
9425236.496302389,31859241.515150048,10446.128314636539,5.370807052443725,9424903.360303866,31858842.851075277,9948.741252034799,9425327.755009346,31859752.968458205,9948.741252034799,9425569.632300913,31859640.179224815,10943.51537723828,9425145.237595433,31858730.061841886,10943.51537723828
9425660.891007867,31860151.63253297,10446.128314636539,4.013565984608775,9425327.755009346,31859752.968458205,9948.741252034799,9425752.149714822,31860663.08584113,9948.741252034799,9425994.027006391,31860550.296607736,10943.51537723828,9425569.632300913,31859640.179224815,10943.51537723828
9426085.285713345,31861061.749915898,10446.128314636539,5.827178682978783,9425752.149714822,31860663.08584113,9948.741252034799,9426176.544420302,31861573.203224055,9948.741252034799,9426418.421711868,31861460.41399066,10943.51537723828,9425994.027006391,31860550.296607736,10943.51537723828
9426509.680418823,31861971.86729882,10446.128314636539,6.257635909393486,9426176.544420302,31861573.203224055,9948.741252034799,9426600.93912578,31862483.320606977,9948.741252034799,9426842.816417346,31862370.531373587,10943.51537723828,9426418.421711868,31861460.41399066,10943.51537723828
9426934.075124301,31862881.984681744,10446.128314636539,5.289197905071362,9426600.93912578,31862483.320606977,9948.741252034799,9427025.333831256,31863393.437989905,9948.741252034799,9427267.211122824,31863280.648756515,10943.51537723828,9426842.816417346,31862370.531373587,10943.51537723828
9427358.46982978,31863792.102064673,10446.128314636539,2.8700374365650125,9427025.333831256,31863393.437989905,9948.741252034799,9427449.728536734,31864303.55537283,9948.741252034799,9427691.6058283,31864190.766139437,10943.51537723828,9427267.211122824,31863280.648756515,10943.51537723828
9427782.864535257,31864702.219447594,10446.128314636539,1.371192483114765,9427449.728536734,31864303.55537283,9948.741252034799,9427874.123242212,31865213.67275575,9948.741252034799,9428116.000533778,31865100.88352236,10943.51537723828,9427691.6058283,31864190.766139437,10943.51537723828
9428207.259240735,31865612.33683052,10446.128314636539,0.6923683312601203,9427874.123242212,31865213.67275575,9948.741252034799,9428298.51794769,31866123.790138677,9948.741252034799,9428540.395239256,31866011.000905287,10943.51537723828,9428116.000533778,31865100.88352236,10943.51537723828
9428631.653946213,31866522.454213444,10446.128314636539,0.09484530892729207,9428298.51794769,31866123.790138677,9948.741252034799,9428722.912653167,31867033.9075216,9948.741252034799,9428964.789944736,31866921.118288215,10943.51537723828,9428540.395239256,31866011.000905287,10943.51537723828
9429056.04865169,31867432.571596373,10446.128314636539,0.05473710944658527,9428722.912653167,31867033.9075216,9948.741252034799,9429147.307358645,31867944.02490453,9948.741252034799,9429389.184650213,31867831.235671137,10943.51537723828,9428964.789944736,31866921.118288215,10943.51537723828
9429480.443357168,31868342.688979298,10446.128314636539,0.0589075403341507,9429147.307358645,31867944.02490453,9948.741252034799,9429571.702064125,31868854.14228745,9948.741252034799,9429813.57935569,31868741.35305406,10943.51537723828,9429389.184650213,31867831.235671137,10943.51537723828
9429904.838062646,31869252.80636222,10446.128314636539,0.021369263721142225,9429571.702064125,31868854.14228745,9948.741252034799,9429996.096769601,31869764.259670377,9948.741252034799,9430237.974061169,31869651.470436987,10943.51537723828,9429813.57935569,31868741.35305406,10943.51537723828
9430329.232768122,31870162.92374514,10446.128314636539,0.05011467867534981,9429996.096769601,31869764.259670377,9948.741252034799,9430420.49147508,31870674.3770533,9948.741252034799,9430662.368766645,31870561.587819908,10943.51537723828,9430237.974061169,31869651.470436987,10943.51537723828
9430753.627473602,31871073.04112807,10446.128314636539,0.33116693456926566,9430420.49147508,31870674.3770533,9948.741252034799,9430844.886180557,31871584.49443623,9948.741252034799,9431086.763472123,31871471.705202837,10943.51537723828,9430662.368766645,31870561.587819908,10943.51537723828
9431178.02217908,31871983.158510994,10446.128314636539,1.5497203585802461,9430844.886180557,31871584.49443623,9948.741252034799,9431269.280886035,31872494.61181915,9948.741252034799,9431511.158177601,31872381.82258576,10943.51537723828,9431086.763472123,31871471.705202837,10943.51537723828
9431602.416884556,31872893.27589392,10446.128314636539,1.3377665299034127,9431269.280886035,31872494.61181915,9948.741252034799,9431693.675591512,31873404.729202077,9948.741252034799,9431935.55288308,31873291.939968687,10943.51537723828,9431511.158177601,31872381.82258576,10943.51537723828
9432026.811590035,31873803.39327684,10446.128314636539,1.4910903114853558,9431693.675591512,31873404.729202077,9948.741252034799,9432118.07029699,31874314.846585,9948.741252034799,9432359.947588557,31874202.057351608,10943.51537723828,9431935.55288308,31873291.939968687,10943.51537723828
9432451.206295513,31874713.51065977,10446.128314636539,0.7888871123221511,9432118.07029699,31874314.846585,9948.741252034799,9432542.46500247,31875224.963967927,9948.741252034799,9432784.342294035,31875112.17473454,10943.51537723828,9432359.947588557,31874202.057351608,10943.51537723828
9432875.60100099,31875623.628042694,10446.128314636539,0.9591470420762208,9432542.46500247,31875224.963967927,9948.741252034799,9432966.859707948,31876135.081350856,9948.741252034799,9433208.736999514,31876022.29211746,10943.51537723828,9432784.342294035,31875112.17473454,10943.51537723828
9433299.995706469,31876533.74542562,10446.128314636539,1.6070168455853326,9432966.859707948,31876135.081350856,9948.741252034799,9433391.254413424,31877045.198733777,9948.741252034799,9433633.131704992,31876932.409500387,10943.51537723828,9433208.736999514,31876022.29211746,10943.51537723828
9433724.390411945,31877443.862808544,10446.128314636539,1.872301087901426,9433391.254413424,31877045.198733777,9948.741252034799,9433815.649118902,31877955.3161167,9948.741252034799,9434057.526410468,31877842.52688331,10943.51537723828,9433633.131704992,31876932.409500387,10943.51537723828
9434148.785117425,31878353.98019147,10446.128314636539,1.9357377419097754,9433815.649118902,31877955.3161167,9948.741252034799,9434240.04382438,31878865.433499627,9948.741252034799,9434481.921115946,31878752.644266237,10943.51537723828,9434057.526410468,31877842.52688331,10943.51537723828
9434573.179822903,31879264.097574398,10446.128314636539,1.8093546386401151,9434240.04382438,31878865.433499627,9948.741252034799,9434664.438529858,31879775.550882556,9948.741252034799,9434906.315821424,31879662.76164916,10943.51537723828,9434481.921115946,31878752.644266237,10943.51537723828
9434997.574528381,31880174.21495732,10446.128314636539,2.02606738975206,9434664.438529858,31879775.550882556,9948.741252034799,9435088.833235335,31880685.668265477,9948.741252034799,9435330.710526904,31880572.879032087,10943.51537723828,9434906.315821424,31879662.76164916,10943.51537723828
9435421.969233857,31881084.332340244,10446.128314636539,4.012525674880149,9435088.833235335,31880685.668265477,9948.741252034799,9435513.227940813,31881595.7856484,9948.741252034799,9435755.10523238,31881482.99641501,10943.51537723828,9435330.710526904,31880572.879032087,10943.51537723828
9422507.610655611,31852757.90423618,11440.90243984002,0.5043029898530257,9422174.474657089,31852359.24016141,10943.51537723828,9422598.869362568,31853269.357544336,10943.51537723828,9422840.746654134,31853156.568310946,11938.28950244176,9422416.351948656,31852246.45092802,11938.28950244176
9422932.005361088,31853668.0216191,11440.90243984002,0.1742894271023859,9422598.869362568,31853269.357544336,10943.51537723828,9423023.264068045,31854179.47492726,10943.51537723828,9423265.141359612,31854066.68569387,11938.28950244176,9422840.746654134,31853156.568310946,11938.28950244176
9423356.400066566,31854578.13900203,11440.90243984002,0.2723736850148211,9423023.264068045,31854179.47492726,10943.51537723828,9423447.658773523,31855089.592310186,10943.51537723828,9423689.536065089,31854976.803076796,11938.28950244176,9423265.141359612,31854066.68569387,11938.28950244176
9423780.794772046,31855488.256384954,11440.90243984002,0.15829095277354338,9423447.658773523,31855089.592310186,10943.51537723828,9423872.053479,31855999.70969311,10943.51537723828,9424113.930770567,31855886.92045972,11938.28950244176,9423689.536065089,31854976.803076796,11938.28950244176
9424205.189477524,31856398.37376788,11440.90243984002,0.3401951481438852,9423872.053479,31855999.70969311,10943.51537723828,9424296.448184477,31856909.827076036,10943.51537723828,9424538.325476045,31856797.037842646,11938.28950244176,9424113.930770567,31855886.92045972,11938.28950244176
9424629.584183,31857308.491150804,11440.90243984002,1.112561728873212,9424296.448184477,31856909.827076036,10943.51537723828,9424720.842889955,31857819.94445896,10943.51537723828,9424962.720181521,31857707.155225568,11938.28950244176,9424538.325476045,31856797.037842646,11938.28950244176
9425053.978888478,31858218.60853373,11440.90243984002,2.7800022075876547,9424720.842889955,31857819.94445896,10943.51537723828,9425145.237595433,31858730.061841886,10943.51537723828,9425387.114887001,31858617.272608496,11938.28950244176,9424962.720181521,31857707.155225568,11938.28950244176
9425478.373593956,31859128.725916654,11440.90243984002,4.41909757620481,9425145.237595433,31858730.061841886,10943.51537723828,9425569.632300913,31859640.179224815,10943.51537723828,9425811.50959248,31859527.38999142,11938.28950244176,9425387.114887001,31858617.272608496,11938.28950244176
9425902.768299434,31860038.84329958,11440.90243984002,5.689785860806036,9425569.632300913,31859640.179224815,10943.51537723828,9425994.027006391,31860550.296607736,10943.51537723828,9426235.904297957,31860437.507374346,11938.28950244176,9425811.50959248,31859527.38999142,11938.28950244176
9426327.163004912,31860948.960682504,11440.90243984002,6.135593381047614,9425994.027006391,31860550.296607736,10943.51537723828,9426418.421711868,31861460.41399066,10943.51537723828,9426660.299003435,31861347.62475727,11938.28950244176,9426235.904297957,31860437.507374346,11938.28950244176
9426751.557710389,31861859.07806543,11440.90243984002,6.186775667667811,9426418.421711868,31861460.41399066,10943.51537723828,9426842.816417346,31862370.531373587,10943.51537723828,9427084.693708912,31862257.742140196,11938.28950244176,9426660.299003435,31861347.62475727,11938.28950244176
9427175.952415869,31862769.195448354,11440.90243984002,6.269467227268481,9426842.816417346,31862370.531373587,10943.51537723828,9427267.211122824,31863280.648756515,10943.51537723828,9427509.08841439,31863167.85952312,11938.28950244176,9427084.693708912,31862257.742140196,11938.28950244176
9427600.347121347,31863679.31283128,11440.90243984002,1.7183769863906269,9427267.211122824,31863280.648756515,10943.51537723828,9427691.6058283,31864190.766139437,10943.51537723828,9427933.483119868,31864077.976906046,11938.28950244176,9427509.08841439,31863167.85952312,11938.28950244176
9428024.741826823,31864589.430214204,11440.90243984002,0.5064682911214177,9427691.6058283,31864190.766139437,10943.51537723828,9428116.000533778,31865100.88352236,10943.51537723828,9428357.877825346,31864988.09428897,11938.28950244176,9427933.483119868,31864077.976906046,11938.28950244176
9428449.136532301,31865499.54759713,11440.90243984002,0.5888436021923745,9428116.000533778,31865100.88352236,10943.51537723828,9428540.395239256,31866011.000905287,10943.51537723828,9428782.272530824,31865898.211671893,11938.28950244176,9428357.877825346,31864988.09428897,11938.28950244176
9428873.53123778,31866409.664980058,11440.90243984002,0.022126098795730808,9428540.395239256,31866011.000905287,10943.51537723828,9428964.789944736,31866921.118288215,10943.51537723828,9429206.667236302,31866808.32905482,11938.28950244176,9428782.272530824,31865898.211671893,11938.28950244176
9429297.925943255,31867319.782362983,11440.90243984002,0.0019538219233485297,9428964.789944736,31866921.118288215,10943.51537723828,9429389.184650213,31867831.235671137,10943.51537723828,9429631.06194178,31867718.446437746,11938.28950244176,9429206.667236302,31866808.32905482,11938.28950244176
9429722.320648734,31868229.899745904,11440.90243984002,0.08778142327133487,9429389.184650213,31867831.235671137,10943.51537723828,9429813.57935569,31868741.35305406,10943.51537723828,9430055.456647256,31868628.56382067,11938.28950244176,9429631.06194178,31867718.446437746,11938.28950244176
9430146.715354213,31869140.017128825,11440.90243984002,0.031162686179854196,9429813.57935569,31868741.35305406,10943.51537723828,9430237.974061169,31869651.470436987,10943.51537723828,9430479.851352734,31869538.681203593,11938.28950244176,9430055.456647256,31868628.56382067,11938.28950244176
9430571.110059692,31870050.13451175,11440.90243984002,0.2281456520594928,9430237.974061169,31869651.470436987,10943.51537723828,9430662.368766645,31870561.587819908,10943.51537723828,9430904.246058213,31870448.79858652,11938.28950244176,9430479.851352734,31869538.681203593,11938.28950244176
9430995.504765168,31870960.25189468,11440.90243984002,0.9599726535800425,9430662.368766645,31870561.587819908,10943.51537723828,9431086.763472123,31871471.705202837,10943.51537723828,9431328.640763689,31871358.915969446,11938.28950244176,9430904.246058213,31870448.79858652,11938.28950244176
9431419.899470646,31871870.3692776,11440.90243984002,1.6244652399741017,9431086.763472123,31871471.705202837,10943.51537723828,9431511.158177601,31872381.82258576,10943.51537723828,9431753.035469169,31872269.033352368,11938.28950244176,9431328.640763689,31871358.915969446,11938.28950244176
9431844.294176124,31872780.48666053,11440.90243984002,2.534587425060653,9431511.158177601,31872381.82258576,10943.51537723828,9431935.55288308,31873291.939968687,10943.51537723828,9432177.430174647,31873179.150735293,11938.28950244176,9431753.035469169,31872269.033352368,11938.28950244176
9432268.6888816,31873690.60404345,11440.90243984002,1.4328178019914122,9431935.55288308,31873291.939968687,10943.51537723828,9432359.947588557,31874202.057351608,10943.51537723828,9432601.824880123,31874089.26811822,11938.28950244176,9432177.430174647,31873179.150735293,11938.28950244176
9432693.08358708,31874600.72142638,11440.90243984002,0.9820871454104416,9432359.947588557,31874202.057351608,10943.51537723828,9432784.342294035,31875112.17473454,10943.51537723828,9433026.219585603,31874999.385501146,11938.28950244176,9432601.824880123,31874089.26811822,11938.28950244176
9433117.478292556,31875510.838809304,11440.90243984002,1.1977581508233166,9432784.342294035,31875112.17473454,10943.51537723828,9433208.736999514,31876022.29211746,10943.51537723828,9433450.61429108,31875909.50288407,11938.28950244176,9433026.219585603,31874999.385501146,11938.28950244176
9433541.872998036,31876420.95619223,11440.90243984002,2.6350129252521617,9433208.736999514,31876022.29211746,10943.51537723828,9433633.131704992,31876932.409500387,10943.51537723828,9433875.008996557,31876819.620266996,11938.28950244176,9433450.61429108,31875909.50288407,11938.28950244176
9433966.267703515,31877331.073575154,11440.90243984002,2.316573659515843,9433633.131704992,31876932.409500387,10943.51537723828,9434057.526410468,31877842.52688331,10943.51537723828,9434299.403702036,31877729.737649918,11938.28950244176,9433875.008996557,31876819.620266996,11938.28950244176
9434390.66240899,31878241.190958075,11440.90243984002,1.777641642114674,9434057.526410468,31877842.52688331,10943.51537723828,9434481.921115946,31878752.644266237,10943.51537723828,9434723.798407514,31878639.855032846,11938.28950244176,9434299.403702036,31877729.737649918,11938.28950244176
9434815.057114469,31879151.308341004,11440.90243984002,1.8842137801753058,9434481.921115946,31878752.644266237,10943.51537723828,9434906.315821424,31879662.76164916,10943.51537723828,9435148.193112992,31879549.97241577,11938.28950244176,9434723.798407514,31878639.855032846,11938.28950244176
9435239.451819947,31880061.42572393,11440.90243984002,1.8901930903861357,9434906.315821424,31879662.76164916,10943.51537723828,9435330.710526904,31880572.879032087,10943.51537723828,9435572.58781847,31880460.089798696,11938.28950244176,9435148.193112992,31879549.97241577,11938.28950244176
9435663.846525423,31880971.543106854,11440.90243984002,2.8835152885020134,9435330.710526904,31880572.879032087,10943.51537723828,9435755.10523238,31881482.99641501,10943.51537723828,9435996.982523948,31881370.207181618,11938.28950244176,9435572.58781847,31880460.089798696,11938.28950244176
9422749.487947177,31852645.115002785,12435.676565043499,0.09477401838487577,9422416.351948656,31852246.45092802,11938.28950244176,9422840.746654134,31853156.568310946,11938.28950244176,9423082.6239457,31853043.779077552,12933.063627645239,9422658.229240222,31852133.661694627,12933.063627645239
9423173.882652655,31853555.232385714,12435.676565043499,0.08387111799587851,9422840.746654134,31853156.568310946,11938.28950244176,9423265.141359612,31854066.68569387,11938.28950244176,9423507.018651178,31853953.89646048,12933.063627645239,9423082.6239457,31853043.779077552,12933.063627645239
9423598.277358133,31854465.34976864,12435.676565043499,0.2734334329707767,9423265.141359612,31854066.68569387,11938.28950244176,9423689.536065089,31854976.803076796,11938.28950244176,9423931.413356654,31854864.013843406,12933.063627645239,9423507.018651178,31853953.89646048,12933.063627645239
9424022.672063611,31855375.467151564,12435.676565043499,0.19766696709085493,9423689.536065089,31854976.803076796,11938.28950244176,9424113.930770567,31855886.92045972,11938.28950244176,9424355.808062132,31855774.131226327,12933.063627645239,9423931.413356654,31854864.013843406,12933.063627645239
9424447.06676909,31856285.584534485,12435.676565043499,0.8148700230020373,9424113.930770567,31855886.92045972,11938.28950244176,9424538.325476045,31856797.037842646,11938.28950244176,9424780.202767612,31856684.248609252,12933.063627645239,9424355.808062132,31855774.131226327,12933.063627645239
9424871.461474568,31857195.70191741,12435.676565043499,1.1534498719211397,9424538.325476045,31856797.037842646,11938.28950244176,9424962.720181521,31857707.155225568,11938.28950244176,9425204.59747309,31857594.36599218,12933.063627645239,9424780.202767612,31856684.248609252,12933.063627645239
9425295.856180044,31858105.81930034,12435.676565043499,1.286132299453026,9424962.720181521,31857707.155225568,11938.28950244176,9425387.114887001,31858617.272608496,11938.28950244176,9425628.992178567,31858504.483375106,12933.063627645239,9425204.59747309,31857594.36599218,12933.063627645239
9425720.250885522,31859015.936683264,12435.676565043499,2.8537433152541998,9425387.114887001,31858617.272608496,11938.28950244176,9425811.50959248,31859527.38999142,11938.28950244176,9426053.386884045,31859414.60075803,12933.063627645239,9425628.992178567,31858504.483375106,12933.063627645239
9426144.645591,31859926.05406619,12435.676565043499,4.466318009747233,9425811.50959248,31859527.38999142,11938.28950244176,9426235.904297957,31860437.507374346,11938.28950244176,9426477.781589523,31860324.718140956,12933.063627645239,9426053.386884045,31859414.60075803,12933.063627645239
9426569.04029648,31860836.171449114,12435.676565043499,4.4931473948235805,9426235.904297957,31860437.507374346,11938.28950244176,9426660.299003435,31861347.62475727,11938.28950244176,9426902.176295001,31861234.83552388,12933.063627645239,9426477.781589523,31860324.718140956,12933.063627645239
9426993.435001956,31861746.28883204,12435.676565043499,4.158733292503183,9426660.299003435,31861347.62475727,11938.28950244176,9427084.693708912,31862257.742140196,11938.28950244176,9427326.57100048,31862144.952906806,12933.063627645239,9426902.176295001,31861234.83552388,12933.063627645239
9427417.829707434,31862656.406214964,12435.676565043499,4.043041765528948,9427084.693708912,31862257.742140196,11938.28950244176,9427509.08841439,31863167.85952312,11938.28950244176,9427750.965705957,31863055.07028973,12933.063627645239,9427326.57100048,31862144.952906806,12933.063627645239
9427842.224412913,31863566.52359789,12435.676565043499,1.5763161084290536,9427509.08841439,31863167.85952312,11938.28950244176,9427933.483119868,31864077.976906046,11938.28950244176,9428175.360411435,31863965.187672652,12933.063627645239,9427750.965705957,31863055.07028973,12933.063627645239
9428266.61911839,31864476.640980814,12435.676565043499,0.5306926248218764,9427933.483119868,31864077.976906046,11938.28950244176,9428357.877825346,31864988.09428897,11938.28950244176,9428599.755116913,31864875.305055577,12933.063627645239,9428175.360411435,31863965.187672652,12933.063627645239
9428691.013823867,31865386.75836374,12435.676565043499,0.1762044685225484,9428357.877825346,31864988.09428897,11938.28950244176,9428782.272530824,31865898.211671893,11938.28950244176,9429024.14982239,31865785.422438506,12933.063627645239,9428599.755116913,31864875.305055577,12933.063627645239
9429115.408529345,31866296.875746664,12435.676565043499,0.04084427768995024,9428782.272530824,31865898.211671893,11938.28950244176,9429206.667236302,31866808.32905482,11938.28950244176,9429448.544527868,31866695.53982143,12933.063627645239,9429024.14982239,31865785.422438506,12933.063627645239
9429539.803234823,31867206.993129585,12435.676565043499,0.026250029153408273,9429206.667236302,31866808.32905482,11938.28950244176,9429631.06194178,31867718.446437746,11938.28950244176,9429872.939233346,31867605.657204352,12933.063627645239,9429448.544527868,31866695.53982143,12933.063627645239
9429964.197940303,31868117.11051251,12435.676565043499,0.12446253482196411,9429631.06194178,31867718.446437746,11938.28950244176,9430055.456647256,31868628.56382067,11938.28950244176,9430297.333938824,31868515.774587277,12933.063627645239,9429872.939233346,31867605.657204352,12933.063627645239
9430388.59264578,31869027.227895435,12435.676565043499,0.26660679160267986,9430055.456647256,31868628.56382067,11938.28950244176,9430479.851352734,31869538.681203593,11938.28950244176,9430721.7286443,31869425.891970206,12933.063627645239,9430297.333938824,31868515.774587277,12933.063627645239
9430812.987351257,31869937.345278364,12435.676565043499,0.7370460916640555,9430479.851352734,31869538.681203593,11938.28950244176,9430904.246058213,31870448.79858652,11938.28950244176,9431146.12334978,31870336.00935313,12933.063627645239,9430721.7286443,31869425.891970206,12933.063627645239
9431237.382056735,31870847.46266129,12435.676565043499,1.8614850593855927,9430904.246058213,31870448.79858652,11938.28950244176,9431328.640763689,31871358.915969446,11938.28950244176,9431570.518055258,31871246.126736052,12933.063627645239,9431146.12334978,31870336.00935313,12933.063627645239
9431661.776762212,31871757.58004421,12435.676565043499,2.252724814041128,9431328.640763689,31871358.915969446,11938.28950244176,9431753.035469169,31872269.033352368,11938.28950244176,9431994.912760735,31872156.244118977,12933.063627645239,9431570.518055258,31871246.126736052,12933.063627645239
9432086.17146769,31872667.697427135,12435.676565043499,1.1687815442984646,9431753.035469169,31872269.033352368,11938.28950244176,9432177.430174647,31873179.150735293,11938.28950244176,9432419.307466213,31873066.361501902,12933.063627645239,9431994.912760735,31872156.244118977,12933.063627645239
9432510.566173166,31873577.81481006,12435.676565043499,0.3987397662533668,9432177.430174647,31873179.150735293,11938.28950244176,9432601.824880123,31874089.26811822,11938.28950244176,9432843.70217169,31873976.47888483,12933.063627645239,9432419.307466213,31873066.361501902,12933.063627645239
9432934.960878646,31874487.93219299,12435.676565043499,0.908582730810415,9432601.824880123,31874089.26811822,11938.28950244176,9433026.219585603,31874999.385501146,11938.28950244176,9433268.096877169,31874886.596267756,12933.063627645239,9432843.70217169,31873976.47888483,12933.063627645239
9433359.355584124,31875398.049575914,12435.676565043499,0.9935396411445361,9433026.219585603,31874999.385501146,11938.28950244176,9433450.61429108,31875909.50288407,11938.28950244176,9433692.491582647,31875796.713650677,12933.063627645239,9433268.096877169,31874886.596267756,12933.063627645239
9433783.750289602,31876308.166958835,12435.676565043499,2.79370767295743,9433450.61429108,31875909.50288407,11938.28950244176,9433875.008996557,31876819.620266996,11938.28950244176,9434116.886288123,31876706.831033602,12933.063627645239,9433692.491582647,31875796.713650677,12933.063627645239
9434208.14499508,31877218.28434176,12435.676565043499,4.880471390723542,9433875.008996557,31876819.620266996,11938.28950244176,9434299.403702036,31877729.737649918,11938.28950244176,9434541.280993603,31877616.94841653,12933.063627645239,9434116.886288123,31876706.831033602,12933.063627645239
9434632.539700558,31878128.40172469,12435.676565043499,3.66900695859377,9434299.403702036,31877729.737649918,11938.28950244176,9434723.798407514,31878639.855032846,11938.28950244176,9434965.675699081,31878527.065799456,12933.063627645239,9434541.280993603,31877616.94841653,12933.063627645239
9435056.934406035,31879038.519107614,12435.676565043499,3.0122229378065053,9434723.798407514,31878639.855032846,11938.28950244176,9435148.193112992,31879549.97241577,11938.28950244176,9435390.070404558,31879437.183182377,12933.063627645239,9434965.675699081,31878527.065799456,12933.063627645239
9435481.329111513,31879948.63649054,12435.676565043499,1.5309768449629666,9435148.193112992,31879549.97241577,11938.28950244176,9435572.58781847,31880460.089798696,11938.28950244176,9435814.465110036,31880347.300565302,12933.063627645239,9435390.070404558,31879437.183182377,12933.063627645239
9435905.72381699,31880858.753873464,12435.676565043499,1.8730471775433766,9435572.58781847,31880460.089798696,11938.28950244176,9435996.982523948,31881370.207181618,11938.28950244176,9436238.859815514,31881257.417948227,12933.063627645239,9435814.465110036,31880347.300565302,12933.063627645239
9422991.365238745,31852532.325769395,13430.450690246978,0.05674841001181694,9422658.229240222,31852133.661694627,12933.063627645239,9423082.6239457,31853043.779077552,12933.063627645239,9423324.501237264,31852930.989844166,13927.837752848718,9422900.106531786,31852020.872461237,13927.837752848718
9423415.759944221,31853442.443152323,13430.450690246978,0.15540688957697463,9423082.6239457,31853043.779077552,12933.063627645239,9423507.018651178,31853953.89646048,12933.063627645239,9423748.89594274,31853841.10722709,13927.837752848718,9423324.501237264,31852930.989844166,13927.837752848718
9423840.1546497,31854352.56053525,13430.450690246978,0.13878281675742857,9423507.018651178,31853953.89646048,12933.063627645239,9423931.413356654,31854864.013843406,12933.063627645239,9424173.29064822,31854751.224610016,13927.837752848718,9423748.89594274,31853841.10722709,13927.837752848718
9424264.549355177,31855262.67791817,13430.450690246978,0.13718413325842763,9423931.413356654,31854864.013843406,12933.063627645239,9424355.808062132,31855774.131226327,12933.063627645239,9424597.685353698,31855661.341992937,13927.837752848718,9424173.29064822,31854751.224610016,13927.837752848718
9424688.944060653,31856172.795301095,13430.450690246978,1.212541424526213,9424355.808062132,31855774.131226327,12933.063627645239,9424780.202767612,31856684.248609252,12933.063627645239,9425022.080059174,31856571.459375866,13927.837752848718,9424597.685353698,31855661.341992937,13927.837752848718
9425113.338766132,31857082.912684023,13430.450690246978,2.5763382056693658,9424780.202767612,31856684.248609252,12933.063627645239,9425204.59747309,31857594.36599218,12933.063627645239,9425446.474764653,31857481.57675879,13927.837752848718,9425022.080059174,31856571.459375866,13927.837752848718
9425537.73347161,31857993.03006695,13430.450690246978,2.2615213149631317,9425204.59747309,31857594.36599218,12933.063627645239,9425628.992178567,31858504.483375106,12933.063627645239,9425870.86947013,31858391.694141716,13927.837752848718,9425446.474764653,31857481.57675879,13927.837752848718
9425962.12817709,31858903.147449873,13430.450690246978,2.2197961573288887,9425628.992178567,31858504.483375106,12933.063627645239,9426053.386884045,31859414.60075803,12933.063627645239,9426295.264175609,31859301.81152464,13927.837752848718,9425870.86947013,31858391.694141716,13927.837752848718
9426386.522882568,31859813.2648328,13430.450690246978,4.154815024072493,9426053.386884045,31859414.60075803,12933.063627645239,9426477.781589523,31860324.718140956,12933.063627645239,9426719.658881087,31860211.928907566,13927.837752848718,9426295.264175609,31859301.81152464,13927.837752848718
9426810.917588046,31860723.38221572,13430.450690246978,4.240881379965278,9426477.781589523,31860324.718140956,12933.063627645239,9426902.176295001,31861234.83552388,12933.063627645239,9427144.053586565,31861122.04629049,13927.837752848718,9426719.658881087,31860211.928907566,13927.837752848718
9427235.312293522,31861633.49959865,13430.450690246978,2.9572192251982163,9426902.176295001,31861234.83552388,12933.063627645239,9427326.57100048,31862144.952906806,12933.063627645239,9427568.448292043,31862032.163673416,13927.837752848718,9427144.053586565,31861122.04629049,13927.837752848718
9427659.706998998,31862543.616981573,13430.450690246978,2.63341796010553,9427326.57100048,31862144.952906806,12933.063627645239,9427750.965705957,31863055.07028973,12933.063627645239,9427992.842997521,31862942.28105634,13927.837752848718,9427568.448292043,31862032.163673416,13927.837752848718
9428084.101704476,31863453.7343645,13430.450690246978,1.6523669782342982,9427750.965705957,31863055.07028973,12933.063627645239,9428175.360411435,31863965.187672652,12933.063627645239,9428417.237702997,31863852.398439262,13927.837752848718,9427992.842997521,31862942.28105634,13927.837752848718
9428508.496409955,31864363.85174742,13430.450690246978,0.5805798451432045,9428175.360411435,31863965.187672652,12933.063627645239,9428599.755116913,31864875.305055577,12933.063627645239,9428841.632408476,31864762.51582219,13927.837752848718,9428417.237702997,31863852.398439262,13927.837752848718
9428932.891115433,31865273.96913035,13430.450690246978,0.2559095958058733,9428599.755116913,31864875.305055577,12933.063627645239,9429024.14982239,31865785.422438506,12933.063627645239,9429266.027113954,31865672.633205116,13927.837752848718,9428841.632408476,31864762.51582219,13927.837752848718
9429357.285820913,31866184.086513273,13430.450690246978,0.34685258069307057,9429024.14982239,31865785.422438506,12933.063627645239,9429448.544527868,31866695.53982143,12933.063627645239,9429690.421819432,31866582.75058804,13927.837752848718,9429266.027113954,31865672.633205116,13927.837752848718
9429781.680526389,31867094.203896195,13430.450690246978,0.5491460212535286,9429448.544527868,31866695.53982143,12933.063627645239,9429872.939233346,31867605.657204352,12933.063627645239,9430114.816524908,31867492.867970962,13927.837752848718,9429690.421819432,31866582.75058804,13927.837752848718
9430206.075231867,31868004.32127912,13430.450690246978,0.8789226529050459,9429872.939233346,31867605.657204352,12933.063627645239,9430297.333938824,31868515.774587277,12933.063627645239,9430539.211230388,31868402.985353887,13927.837752848718,9430114.816524908,31867492.867970962,13927.837752848718
9430630.469937345,31868914.438662045,13430.450690246978,1.0291398011819197,9430297.333938824,31868515.774587277,12933.063627645239,9430721.7286443,31869425.891970206,12933.063627645239,9430963.605935866,31869313.102736816,13927.837752848718,9430539.211230388,31868402.985353887,13927.837752848718
9431054.864642821,31869824.556044973,13430.450690246978,0.742803988560958,9430721.7286443,31869425.891970206,12933.063627645239,9431146.12334978,31870336.00935313,12933.063627645239,9431388.000641342,31870223.22011974,13927.837752848718,9430963.605935866,31869313.102736816,13927.837752848718
9431479.2593483,31870734.673427895,13430.450690246978,1.5334643635286613,9431146.12334978,31870336.00935313,12933.063627645239,9431570.518055258,31871246.126736052,12933.063627645239,9431812.39534682,31871133.337502662,13927.837752848718,9431388.000641342,31870223.22011974,13927.837752848718
9431903.654053777,31871644.79081082,13430.450690246978,3.419138419634754,9431570.518055258,31871246.126736052,12933.063627645239,9431994.912760735,31872156.244118977,12933.063627645239,9432236.790052298,31872043.454885587,13927.837752848718,9431812.39534682,31871133.337502662,13927.837752848718
9432328.048759256,31872554.908193745,13430.450690246978,3.9998504757712157,9431994.912760735,31872156.244118977,12933.063627645239,9432419.307466213,31873066.361501902,12933.063627645239,9432661.184757777,31872953.572268516,13927.837752848718,9432236.790052298,31872043.454885587,13927.837752848718
9432752.443464736,31873465.025576673,13430.450690246978,1.4439641917544666,9432419.307466213,31873066.361501902,12933.063627645239,9432843.70217169,31873976.47888483,12933.063627645239,9433085.579463253,31873863.68965144,13927.837752848718,9432661.184757777,31872953.572268516,13927.837752848718
9433176.838170212,31874375.1429596,13430.450690246978,0.9937762056516222,9432843.70217169,31873976.47888483,12933.063627645239,9433268.096877169,31874886.596267756,12933.063627645239,9433509.97416873,31874773.807034366,13927.837752848718,9433085.579463253,31873863.68965144,13927.837752848718
9433601.23287569,31875285.260342523,13430.450690246978,0.9975033798984692,9433268.096877169,31874886.596267756,12933.063627645239,9433692.491582647,31875796.713650677,12933.063627645239,9433934.36887421,31875683.924417287,13927.837752848718,9433509.97416873,31874773.807034366,13927.837752848718
9434025.627581166,31876195.377725445,13430.450690246978,1.629558909687877,9433692.491582647,31875796.713650677,12933.063627645239,9434116.886288123,31876706.831033602,12933.063627645239,9434358.763579689,31876594.041800212,13927.837752848718,9433934.36887421,31875683.924417287,13927.837752848718
9434450.022286644,31877105.49510837,13430.450690246978,2.224059828551876,9434116.886288123,31876706.831033602,12933.063627645239,9434541.280993603,31877616.94841653,12933.063627645239,9434783.158285165,31877504.15918314,13927.837752848718,9434358.763579689,31876594.041800212,13927.837752848718
9434874.416992122,31878015.6124913,13430.450690246978,3.620737059188613,9434541.280993603,31877616.94841653,12933.063627645239,9434965.675699081,31878527.065799456,12933.063627645239,9435207.552990643,31878414.276566066,13927.837752848718,9434783.158285165,31877504.15918314,13927.837752848718
9435298.8116976,31878925.729874223,13430.450690246978,3.120647690897279,9434965.675699081,31878527.065799456,12933.063627645239,9435390.070404558,31879437.183182377,12933.063627645239,9435631.947696121,31879324.393948987,13927.837752848718,9435207.552990643,31878414.276566066,13927.837752848718
9435723.20640308,31879835.847257145,13430.450690246978,1.739351236183814,9435390.070404558,31879437.183182377,12933.063627645239,9435814.465110036,31880347.300565302,12933.063627645239,9436056.3424016,31880234.511331912,13927.837752848718,9435631.947696121,31879324.393948987,13927.837752848718
9436147.601108557,31880745.96464007,13430.450690246978,1.378077501055225,9435814.465110036,31880347.300565302,12933.063627645239,9436238.859815514,31881257.417948227,12933.063627645239,9436480.737107076,31881144.62871484,13927.837752848718,9436056.3424016,31880234.511331912,13927.837752848718
9423233.242530309,31852419.536536008,14425.22481545046,0.02861341955390102,9422900.106531786,31852020.872461237,13927.837752848718,9423324.501237264,31852930.989844166,13927.837752848718,9423566.378528832,31852818.200610776,14922.6118780522,9423141.983823352,31851908.08322785,14922.6118780522
9423657.637235787,31853329.653918933,14425.22481545046,0.33974404756827337,9423324.501237264,31852930.989844166,13927.837752848718,9423748.89594274,31853841.10722709,13927.837752848718,9423990.77323431,31853728.317993697,14922.6118780522,9423566.378528832,31852818.200610776,14922.6118780522
9424082.031941263,31854239.771301854,14425.22481545046,0.36413688990213056,9423748.89594274,31853841.10722709,13927.837752848718,9424173.29064822,31854751.224610016,13927.837752848718,9424415.167939786,31854638.43537662,14922.6118780522,9423990.77323431,31853728.317993697,14922.6118780522
9424506.426646741,31855149.88868478,14425.22481545046,0.7586725359798977,9424173.29064822,31854751.224610016,13927.837752848718,9424597.685353698,31855661.341992937,13927.837752848718,9424839.562645264,31855548.552759547,14922.6118780522,9424415.167939786,31854638.43537662,14922.6118780522
9424930.821352217,31856060.006067704,14425.22481545046,1.1707216797787896,9424597.685353698,31855661.341992937,13927.837752848718,9425022.080059174,31856571.459375866,13927.837752848718,9425263.957350742,31856458.670142476,14922.6118780522,9424839.562645264,31855548.552759547,14922.6118780522
9425355.216057697,31856970.123450633,14425.22481545046,3.510992716342598,9425022.080059174,31856571.459375866,13927.837752848718,9425446.474764653,31857481.57675879,13927.837752848718,9425688.352056218,31857368.787525397,14922.6118780522,9425263.957350742,31856458.670142476,14922.6118780522
9425779.610763175,31857880.240833554,14425.22481545046,2.0961365694128262,9425446.474764653,31857481.57675879,13927.837752848718,9425870.86947013,31858391.694141716,13927.837752848718,9426112.746761696,31858278.90490832,14922.6118780522,9425688.352056218,31857368.787525397,14922.6118780522
9426204.005468654,31858790.35821648,14425.22481545046,1.7339577827192634,9425870.86947013,31858391.694141716,13927.837752848718,9426295.264175609,31859301.81152464,13927.837752848718,9426537.141467175,31859189.022291247,14922.6118780522,9426112.746761696,31858278.90490832,14922.6118780522
9426628.400174132,31859700.475599404,14425.22481545046,3.1969401550253234,9426295.264175609,31859301.81152464,13927.837752848718,9426719.658881087,31860211.928907566,13927.837752848718,9426961.536172654,31860099.139674176,14922.6118780522,9426537.141467175,31859189.022291247,14922.6118780522
9427052.79487961,31860610.592982333,14425.22481545046,3.561822926534879,9426719.658881087,31860211.928907566,13927.837752848718,9427144.053586565,31861122.04629049,13927.837752848718,9427385.930878133,31861009.2570571,14922.6118780522,9426961.536172654,31860099.139674176,14922.6118780522
9427477.189585086,31861520.71036526,14425.22481545046,2.660627386630544,9427144.053586565,31861122.04629049,13927.837752848718,9427568.448292043,31862032.163673416,13927.837752848718,9427810.325583609,31861919.374440026,14922.6118780522,9427385.930878133,31861009.2570571,14922.6118780522
9427901.584290564,31862430.827748183,14425.22481545046,3.655685444341571,9427568.448292043,31862032.163673416,13927.837752848718,9427992.842997521,31862942.28105634,13927.837752848718,9428234.720289087,31862829.491822947,14922.6118780522,9427810.325583609,31861919.374440026,14922.6118780522
9428325.978996042,31863340.94513111,14425.22481545046,2.3136221203438074,9427992.842997521,31862942.28105634,13927.837752848718,9428417.237702997,31863852.398439262,13927.837752848718,9428659.114994565,31863739.60920587,14922.6118780522,9428234.720289087,31862829.491822947,14922.6118780522
9428750.37370152,31864251.06251403,14425.22481545046,1.2516746804580356,9428417.237702997,31863852.398439262,13927.837752848718,9428841.632408476,31864762.51582219,13927.837752848718,9429083.509700041,31864649.7265888,14922.6118780522,9428659.114994565,31863739.60920587,14922.6118780522
9429174.768406998,31865161.179896954,14425.22481545046,0.9581222147623197,9428841.632408476,31864762.51582219,13927.837752848718,9429266.027113954,31865672.633205116,13927.837752848718,9429507.90440552,31865559.84397172,14922.6118780522,9429083.509700041,31864649.7265888,14922.6118780522
9429599.163112476,31866071.29727988,14425.22481545046,0.915526527520984,9429266.027113954,31865672.633205116,13927.837752848718,9429690.421819432,31866582.75058804,13927.837752848718,9429932.299111,31866469.961354647,14922.6118780522,9429507.90440552,31865559.84397172,14922.6118780522
9430023.557817955,31866981.414662804,14425.22481545046,1.2285885491784454,9429690.421819432,31866582.75058804,13927.837752848718,9430114.816524908,31867492.867970962,13927.837752848718,9430356.693816477,31867380.07873757,14922.6118780522,9429932.299111,31866469.961354647,14922.6118780522
9430447.95252343,31867891.53204573,14425.22481545046,1.7220722323163566,9430114.816524908,31867492.867970962,13927.837752848718,9430539.211230388,31868402.985353887,13927.837752848718,9430781.088521954,31868290.1961205,14922.6118780522,9430356.693816477,31867380.07873757,14922.6118780522
9430872.347228909,31868801.64942866,14425.22481545046,1.9763268772428495,9430539.211230388,31868402.985353887,13927.837752848718,9430963.605935866,31869313.102736816,13927.837752848718,9431205.483227432,31869200.31350342,14922.6118780522,9430781.088521954,31868290.1961205,14922.6118780522
9431296.741934385,31869711.76681158,14425.22481545046,2.753486822756311,9430963.605935866,31869313.102736816,13927.837752848718,9431388.000641342,31870223.22011974,13927.837752848718,9431629.87793291,31870110.430886347,14922.6118780522,9431205.483227432,31869200.31350342,14922.6118780522
9431721.136639865,31870621.884194504,14425.22481545046,2.4569570802809464,9431388.000641342,31870223.22011974,13927.837752848718,9431812.39534682,31871133.337502662,13927.837752848718,9432054.272638386,31871020.54826927,14922.6118780522,9431629.87793291,31870110.430886347,14922.6118780522
9432145.531345343,31871532.00157743,14425.22481545046,2.8191779187494883,9431812.39534682,31871133.337502662,13927.837752848718,9432236.790052298,31872043.454885587,13927.837752848718,9432478.667343864,31871930.665652197,14922.6118780522,9432054.272638386,31871020.54826927,14922.6118780522
9432569.926050821,31872442.118960354,14425.22481545046,2.242590104959444,9432236.790052298,31872043.454885587,13927.837752848718,9432661.184757777,31872953.572268516,13927.837752848718,9432903.062049342,31872840.78303512,14922.6118780522,9432478.667343864,31871930.665652197,14922.6118780522
9432994.3207563,31873352.23634328,14425.22481545046,2.122375703674194,9432661.184757777,31872953.572268516,13927.837752848718,9433085.579463253,31873863.68965144,13927.837752848718,9433327.456754822,31873750.900418047,14922.6118780522,9432903.062049342,31872840.78303512,14922.6118780522
9433418.715461776,31874262.353726204,14425.22481545046,1.2933761362644842,9433085.579463253,31873863.68965144,13927.837752848718,9433509.97416873,31874773.807034366,13927.837752848718,9433751.8514603,31874661.017800972,14922.6118780522,9433327.456754822,31873750.900418047,14922.6118780522
9433843.110167254,31875172.47110913,14425.22481545046,2.9001806219695068,9433509.97416873,31874773.807034366,13927.837752848718,9433934.36887421,31875683.924417287,13927.837752848718,9434176.246165777,31875571.135183897,14922.6118780522,9433751.8514603,31874661.017800972,14922.6118780522
9434267.504872732,31876082.588492054,14425.22481545046,2.00553121841611,9433934.36887421,31875683.924417287,13927.837752848718,9434358.763579689,31876594.041800212,13927.837752848718,9434600.640871255,31876481.252566826,14922.6118780522,9434176.246165777,31875571.135183897,14922.6118780522
9434691.89957821,31876992.705874983,14425.22481545046,2.356188677622518,9434358.763579689,31876594.041800212,13927.837752848718,9434783.158285165,31877504.15918314,13927.837752848718,9435025.035576733,31877391.36994975,14922.6118780522,9434600.640871255,31876481.252566826,14922.6118780522
9435116.294283688,31877902.82325791,14425.22481545046,2.2920972286700767,9434783.158285165,31877504.15918314,13927.837752848718,9435207.552990643,31878414.276566066,13927.837752848718,9435449.430282209,31878301.487332672,14922.6118780522,9435025.035576733,31877391.36994975,14922.6118780522
9435540.688989166,31878812.940640833,14425.22481545046,1.0273345591242282,9435207.552990643,31878414.276566066,13927.837752848718,9435631.947696121,31879324.393948987,13927.837752848718,9435873.824987687,31879211.604715597,14922.6118780522,9435449.430282209,31878301.487332672,14922.6118780522
9435965.083694644,31879723.058023755,14425.22481545046,1.1598002403172325,9435631.947696121,31879324.393948987,13927.837752848718,9436056.3424016,31880234.511331912,13927.837752848718,9436298.219693165,31880121.722098522,14922.6118780522,9435873.824987687,31879211.604715597,14922.6118780522
9436389.478400122,31880633.17540668,14425.22481545046,0.5635601615917675,9436056.3424016,31880234.511331912,13927.837752848718,9436480.737107076,31881144.62871484,13927.837752848718,9436722.614398645,31881031.839481447,14922.6118780522,9436298.219693165,31880121.722098522,14922.6118780522
9423475.119821874,31852306.747302614,15419.99894065394,0.22209268486870867,9423141.983823352,31851908.08322785,14922.6118780522,9423566.378528832,31852818.200610776,14922.6118780522,9423808.255820397,31852705.41137738,15917.386003255679,9423383.86111492,31851795.29399446,15917.386003255679
9423899.514527353,31853216.86468554,15419.99894065394,0.0874993138062609,9423566.378528832,31852818.200610776,14922.6118780522,9423990.77323431,31853728.317993697,14922.6118780522,9424232.650525875,31853615.528760307,15917.386003255679,9423808.255820397,31852705.41137738,15917.386003255679
9424323.90923283,31854126.982068464,15419.99894065394,0.11013387456301538,9423990.77323431,31853728.317993697,14922.6118780522,9424415.167939786,31854638.43537662,14922.6118780522,9424657.045231353,31854525.64614323,15917.386003255679,9424232.650525875,31853615.528760307,15917.386003255679
9424748.303938307,31855037.09945139,15419.99894065394,0.7028007865503811,9424415.167939786,31854638.43537662,14922.6118780522,9424839.562645264,31855548.552759547,14922.6118780522,9425081.43993683,31855435.76352616,15917.386003255679,9424657.045231353,31854525.64614323,15917.386003255679
9425172.698643787,31855947.216834318,15419.99894065394,2.1244503078064176,9424839.562645264,31855548.552759547,14922.6118780522,9425263.957350742,31856458.670142476,14922.6118780522,9425505.834642308,31856345.88090908,15917.386003255679,9425081.43993683,31855435.76352616,15917.386003255679
9425597.093349265,31856857.33421724,15419.99894065394,5.096784879746336,9425263.957350742,31856458.670142476,14922.6118780522,9425688.352056218,31857368.787525397,14922.6118780522,9425930.229347786,31857255.998292007,15917.386003255679,9425505.834642308,31856345.88090908,15917.386003255679
9426021.488054741,31857767.451600164,15419.99894065394,3.284073542827973,9425688.352056218,31857368.787525397,14922.6118780522,9426112.746761696,31858278.90490832,14922.6118780522,9426354.624053264,31858166.11567493,15917.386003255679,9425930.229347786,31857255.998292007,15917.386003255679
9426445.88276022,31858677.56898309,15419.99894065394,2.3970555622867957,9426112.746761696,31858278.90490832,14922.6118780522,9426537.141467175,31859189.022291247,14922.6118780522,9426779.018758742,31859076.233057857,15917.386003255679,9426354.624053264,31858166.11567493,15917.386003255679
9426870.277465697,31859587.686366014,15419.99894065394,1.7727456099182282,9426537.141467175,31859189.022291247,14922.6118780522,9426961.536172654,31860099.139674176,14922.6118780522,9427203.41346422,31859986.350440785,15917.386003255679,9426779.018758742,31859076.233057857,15917.386003255679
9427294.672171175,31860497.803748943,15419.99894065394,3.083954591220557,9426961.536172654,31860099.139674176,14922.6118780522,9427385.930878133,31861009.2570571,14922.6118780522,9427627.808169698,31860896.467823707,15917.386003255679,9427203.41346422,31859986.350440785,15917.386003255679
9427719.066876654,31861407.921131868,15419.99894065394,4.393964069142658,9427385.930878133,31861009.2570571,14922.6118780522,9427810.325583609,31861919.374440026,14922.6118780522,9428052.202875176,31861806.58520663,15917.386003255679,9427627.808169698,31860896.467823707,15917.386003255679
9428143.461582132,31862318.038514793,15419.99894065394,3.8809308977715586,9427810.325583609,31861919.374440026,14922.6118780522,9428234.720289087,31862829.491822947,14922.6118780522,9428476.597580653,31862716.702589557,15917.386003255679,9428052.202875176,31861806.58520663,15917.386003255679
9428567.85628761,31863228.155897714,15419.99894065394,2.4005246325162224,9428234.720289087,31862829.491822947,14922.6118780522,9428659.114994565,31863739.60920587,14922.6118780522,9428900.99228613,31863626.819972485,15917.386003255679,9428476.597580653,31862716.702589557,15917.386003255679
9428992.250993086,31864138.27328064,15419.99894065394,2.2272891484104034,9428659.114994565,31863739.60920587,14922.6118780522,9429083.509700041,31864649.7265888,14922.6118780522,9429325.386991609,31864536.937355407,15917.386003255679,9428900.99228613,31863626.819972485,15917.386003255679
9429416.645698564,31865048.390663564,15419.99894065394,1.3996585437959272,9429083.509700041,31864649.7265888,14922.6118780522,9429507.90440552,31865559.84397172,14922.6118780522,9429749.781697087,31865447.05473833,15917.386003255679,9429325.386991609,31864536.937355407,15917.386003255679
9429841.040404042,31865958.50804649,15419.99894065394,0.8603131192951585,9429507.90440552,31865559.84397172,14922.6118780522,9429932.299111,31866469.961354647,14922.6118780522,9430174.176402565,31866357.172121257,15917.386003255679,9429749.781697087,31865447.05473833,15917.386003255679
9430265.43510952,31866868.625429414,15419.99894065394,0.9530793969403242,9429932.299111,31866469.961354647,14922.6118780522,9430356.693816477,31867380.07873757,14922.6118780522,9430598.571108043,31867267.28950418,15917.386003255679,9430174.176402565,31866357.172121257,15917.386003255679
9430689.829814998,31867778.74281234,15419.99894065394,1.202648490762294,9430356.693816477,31867380.07873757,14922.6118780522,9430781.088521954,31868290.1961205,14922.6118780522,9431022.965813521,31868177.406887107,15917.386003255679,9430598.571108043,31867267.28950418,15917.386003255679
9431114.224520475,31868688.860195264,15419.99894065394,1.2361010198361868,9430781.088521954,31868290.1961205,14922.6118780522,9431205.483227432,31869200.31350342,14922.6118780522,9431447.360518998,31869087.52427003,15917.386003255679,9431022.965813521,31868177.406887107,15917.386003255679
9431538.619225955,31869598.97757819,15419.99894065394,1.254599062263673,9431205.483227432,31869200.31350342,14922.6118780522,9431629.87793291,31870110.430886347,14922.6118780522,9431871.755224476,31869997.641652957,15917.386003255679,9431447.360518998,31869087.52427003,15917.386003255679
9431963.013931433,31870509.094961114,15419.99894065394,1.3444258842792933,9431629.87793291,31870110.430886347,14922.6118780522,9432054.272638386,31871020.54826927,14922.6118780522,9432296.149929954,31870907.759035878,15917.386003255679,9431871.755224476,31869997.641652957,15917.386003255679
9432387.408636909,31871419.212344036,15419.99894065394,1.4884528423225625,9432054.272638386,31871020.54826927,14922.6118780522,9432478.667343864,31871930.665652197,14922.6118780522,9432720.544635432,31871817.876418807,15917.386003255679,9432296.149929954,31870907.759035878,15917.386003255679
9432811.803342387,31872329.329726964,15419.99894065394,0.9024200639293887,9432478.667343864,31871930.665652197,14922.6118780522,9432903.062049342,31872840.78303512,14922.6118780522,9433144.93934091,31872727.99380173,15917.386003255679,9432720.544635432,31871817.876418807,15917.386003255679
9433236.198047865,31873239.44710989,15419.99894065394,0.5923902403914421,9432903.062049342,31872840.78303512,14922.6118780522,9433327.456754822,31873750.900418047,14922.6118780522,9433569.334046388,31873638.111184657,15917.386003255679,9433144.93934091,31872727.99380173,15917.386003255679
9433660.592753343,31874149.564492814,15419.99894065394,0.8263316084311468,9433327.456754822,31873750.900418047,14922.6118780522,9433751.8514603,31874661.017800972,14922.6118780522,9433993.728751866,31874548.22856758,15917.386003255679,9433569.334046388,31873638.111184657,15917.386003255679
9434084.987458821,31875059.68187574,15419.99894065394,1.8183863889031324,9433751.8514603,31874661.017800972,14922.6118780522,9434176.246165777,31875571.135183897,14922.6118780522,9434418.123457344,31875458.345950507,15917.386003255679,9433993.728751866,31874548.22856758,15917.386003255679
9434509.3821643,31875969.799258668,15419.99894065394,1.661102049076504,9434176.246165777,31875571.135183897,14922.6118780522,9434600.640871255,31876481.252566826,14922.6118780522,9434842.51816282,31876368.46333343,15917.386003255679,9434418.123457344,31875458.345950507,15917.386003255679
9434933.776869778,31876879.916641593,15419.99894065394,1.4770026717027716,9434600.640871255,31876481.252566826,14922.6118780522,9435025.035576733,31877391.36994975,14922.6118780522,9435266.912868299,31877278.580716357,15917.386003255679,9434842.51816282,31876368.46333343,15917.386003255679
9435358.171575254,31877790.034024518,15419.99894065394,0.4941024385228692,9435025.035576733,31877391.36994975,14922.6118780522,9435449.430282209,31878301.487332672,14922.6118780522,9435691.307573777,31878188.69809928,15917.386003255679,9435266.912868299,31877278.580716357,15917.386003255679
9435782.566280732,31878700.15140744,15419.99894065394,0.18877176890190295,9435449.430282209,31878301.487332672,14922.6118780522,9435873.824987687,31879211.604715597,14922.6118780522,9436115.702279255,31879098.815482207,15917.386003255679,9435691.307573777,31878188.69809928,15917.386003255679
9436206.96098621,31879610.26879036,15419.99894065394,0.6534556867982773,9435873.824987687,31879211.604715597,14922.6118780522,9436298.219693165,31880121.722098522,14922.6118780522,9436540.096984733,31880008.93286513,15917.386003255679,9436115.702279255,31879098.815482207,15917.386003255679
9436631.355691688,31880520.38617329,15419.99894065394,0.3515641267932325,9436298.219693165,31880121.722098522,14922.6118780522,9436722.614398645,31881031.839481447,14922.6118780522,9436964.491690211,31880919.050248057,15917.386003255679,9436540.096984733,31880008.93286513,15917.386003255679
9423716.99711344,31852193.958069224,16414.77306585742,0.158115218596623,9423383.86111492,31851795.29399446,15917.386003255679,9423808.255820397,31852705.41137738,15917.386003255679,9424050.133111963,31852592.62214399,16912.16012845916,9423625.738406487,31851682.504761066,16912.16012845916
9424141.391818918,31853104.07545215,16414.77306585742,0.14804551317015863,9423808.255820397,31852705.41137738,15917.386003255679,9424232.650525875,31853615.528760307,15917.386003255679,9424474.527817441,31853502.739526916,16912.16012845916,9424050.133111963,31852592.62214399,16912.16012845916
9424565.786524398,31854014.192835074,16414.77306585742,0.27058793932831054,9424232.650525875,31853615.528760307,15917.386003255679,9424657.045231353,31854525.64614323,15917.386003255679,9424898.92252292,31854412.856909838,16912.16012845916,9424474.527817441,31853502.739526916,16912.16012845916
9424990.181229876,31854924.310218,16414.77306585742,1.079627128515761,9424657.045231353,31854525.64614323,15917.386003255679,9425081.43993683,31855435.76352616,15917.386003255679,9425323.317228397,31855322.974292766,16912.16012845916,9424898.92252292,31854412.856909838,16912.16012845916
9425414.575935353,31855834.427600924,16414.77306585742,3.5131020829474147,9425081.43993683,31855435.76352616,15917.386003255679,9425505.834642308,31856345.88090908,15917.386003255679,9425747.711933875,31856233.09167569,16912.16012845916,9425323.317228397,31855322.974292766,16912.16012845916
9425838.97064083,31856744.54498385,16414.77306585742,3.0952235822097687,9425505.834642308,31856345.88090908,15917.386003255679,9425930.229347786,31857255.998292007,15917.386003255679,9426172.106639354,31857143.209058616,16912.16012845916,9425747.711933875,31856233.09167569,16912.16012845916
9426263.365346307,31857654.662366774,16414.77306585742,3.7942094133276867,9425930.229347786,31857255.998292007,15917.386003255679,9426354.624053264,31858166.11567493,15917.386003255679,9426596.501344832,31858053.326441538,16912.16012845916,9426172.106639354,31857143.209058616,16912.16012845916
9426687.760051785,31858564.7797497,16414.77306585742,2.0411054574713257,9426354.624053264,31858166.11567493,15917.386003255679,9426779.018758742,31859076.233057857,15917.386003255679,9427020.89605031,31858963.443824466,16912.16012845916,9426596.501344832,31858053.326441538,16912.16012845916
9427112.154757263,31859474.897132628,16414.77306585742,1.352135627034443,9426779.018758742,31859076.233057857,15917.386003255679,9427203.41346422,31859986.350440785,15917.386003255679,9427445.290755786,31859873.56120739,16912.16012845916,9427020.89605031,31858963.443824466,16912.16012845916
9427536.549462743,31860385.014515553,16414.77306585742,3.5313132181703537,9427203.41346422,31859986.350440785,15917.386003255679,9427627.808169698,31860896.467823707,15917.386003255679,9427869.685461264,31860783.678590316,16912.16012845916,9427445.290755786,31859873.56120739,16912.16012845916
9427960.944168221,31861295.131898474,16414.77306585742,4.343988329240753,9427627.808169698,31860896.467823707,15917.386003255679,9428052.202875176,31861806.58520663,15917.386003255679,9428294.080166742,31861693.79597324,16912.16012845916,9427869.685461264,31860783.678590316,16912.16012845916
9428385.3388737,31862205.249281395,16414.77306585742,2.9858462765072407,9428052.202875176,31861806.58520663,15917.386003255679,9428476.597580653,31862716.702589557,15917.386003255679,9428718.47487222,31862603.913356163,16912.16012845916,9428294.080166742,31861693.79597324,16912.16012845916
9428809.733579176,31863115.366664324,16414.77306585742,1.2169447798261743,9428476.597580653,31862716.702589557,15917.386003255679,9428900.99228613,31863626.819972485,15917.386003255679,9429142.869577698,31863514.03073909,16912.16012845916,9428718.47487222,31862603.913356163,16912.16012845916
9429234.128284654,31864025.48404725,16414.77306585742,1.7182207815934398,9428900.99228613,31863626.819972485,15917.386003255679,9429325.386991609,31864536.937355407,15917.386003255679,9429567.264283177,31864424.148122016,16912.16012845916,9429142.869577698,31863514.03073909,16912.16012845916
9429658.522990132,31864935.601430174,16414.77306585742,3.056603793230339,9429325.386991609,31864536.937355407,15917.386003255679,9429749.781697087,31865447.05473833,15917.386003255679,9429991.658988655,31865334.26550494,16912.16012845916,9429567.264283177,31864424.148122016,16912.16012845916
9430082.917695608,31865845.718813095,16414.77306585742,1.7768604073485963,9429749.781697087,31865447.05473833,15917.386003255679,9430174.176402565,31866357.172121257,15917.386003255679,9430416.05369413,31866244.382887863,16912.16012845916,9429991.658988655,31865334.26550494,16912.16012845916
9430507.312401086,31866755.836196024,16414.77306585742,1.2939688811319618,9430174.176402565,31866357.172121257,15917.386003255679,9430598.571108043,31867267.28950418,15917.386003255679,9430840.448399609,31867154.50027079,16912.16012845916,9430416.05369413,31866244.382887863,16912.16012845916
9430931.707106566,31867665.95357895,16414.77306585742,0.8903789240059079,9430598.571108043,31867267.28950418,15917.386003255679,9431022.965813521,31868177.406887107,15917.386003255679,9431264.843105087,31868064.617653716,16912.16012845916,9430840.448399609,31867154.50027079,16912.16012845916
9431356.101812044,31868576.070961874,16414.77306585742,1.0464294668278769,9431022.965813521,31868177.406887107,15917.386003255679,9431447.360518998,31869087.52427003,15917.386003255679,9431689.237810565,31868974.73503664,16912.16012845916,9431264.843105087,31868064.617653716,16912.16012845916
9431780.49651752,31869486.1883448,16414.77306585742,0.9139275947290773,9431447.360518998,31869087.52427003,15917.386003255679,9431871.755224476,31869997.641652957,15917.386003255679,9432113.632516043,31869884.852419563,16912.16012845916,9431689.237810565,31868974.73503664,16912.16012845916
9432204.891222998,31870396.30572772,16414.77306585742,0.7176202019365776,9431871.755224476,31869997.641652957,15917.386003255679,9432296.149929954,31870907.759035878,15917.386003255679,9432538.027221521,31870794.96980249,16912.16012845916,9432113.632516043,31869884.852419563,16912.16012845916
9432629.285928475,31871306.42311065,16414.77306585742,0.5985567352463051,9432296.149929954,31870907.759035878,15917.386003255679,9432720.544635432,31871817.876418807,15917.386003255679,9432962.421927,31871705.087185416,16912.16012845916,9432538.027221521,31870794.96980249,16912.16012845916
9433053.680633953,31872216.540493574,16414.77306585742,0.5074865512335209,9432720.544635432,31871817.876418807,15917.386003255679,9433144.93934091,31872727.99380173,15917.386003255679,9433386.816632476,31872615.20456834,16912.16012845916,9432962.421927,31871705.087185416,16912.16012845916
9433478.075339431,31873126.6578765,16414.77306585742,0.5665036154277271,9433144.93934091,31872727.99380173,15917.386003255679,9433569.334046388,31873638.111184657,15917.386003255679,9433811.211337954,31873525.321951263,16912.16012845916,9433386.816632476,31872615.20456834,16912.16012845916
9433902.470044909,31874036.775259424,16414.77306585742,1.2536529575763045,9433569.334046388,31873638.111184657,15917.386003255679,9433993.728751866,31874548.22856758,15917.386003255679,9434235.606043432,31874435.439334188,16912.16012845916,9433811.211337954,31873525.321951263,16912.16012845916
9434326.864750389,31874946.89264235,16414.77306585742,1.8269875834017946,9433993.728751866,31874548.22856758,15917.386003255679,9434418.123457344,31875458.345950507,15917.386003255679,9434660.00074891,31875345.556717116,16912.16012845916,9434235.606043432,31874435.439334188,16912.16012845916
9434751.259455867,31875857.010025278,16414.77306585742,1.6053899571124055,9434418.123457344,31875458.345950507,15917.386003255679,9434842.51816282,31876368.46333343,15917.386003255679,9435084.395454388,31876255.67410004,16912.16012845916,9434660.00074891,31875345.556717116,16912.16012845916
9435175.654161343,31876767.1274082,16414.77306585742,1.352824371503576,9434842.51816282,31876368.46333343,15917.386003255679,9435266.912868299,31877278.580716357,15917.386003255679,9435508.790159866,31877165.791482966,16912.16012845916,9435084.395454388,31876255.67410004,16912.16012845916
9435600.048866821,31877677.24479112,16414.77306585742,0.35043635238794446,9435266.912868299,31877278.580716357,15917.386003255679,9435691.307573777,31878188.69809928,15917.386003255679,9435933.184865344,31878075.908865888,16912.16012845916,9435508.790159866,31877165.791482966,16912.16012845916
9436024.4435723,31878587.362174045,16414.77306585742,0.17260106280196474,9435691.307573777,31878188.69809928,15917.386003255679,9436115.702279255,31879098.815482207,15917.386003255679,9436357.579570822,31878986.026248816,16912.16012845916,9435933.184865344,31878075.908865888,16912.16012845916
9436448.838277776,31879497.479556974,16414.77306585742,0.7227196519739699,9436115.702279255,31879098.815482207,15917.386003255679,9436540.096984733,31880008.93286513,15917.386003255679,9436781.974276299,31879896.14363174,16912.16012845916,9436357.579570822,31878986.026248816,16912.16012845916
9436873.232983254,31880407.5969399,16414.77306585742,0.8115998681340437,9436540.096984733,31880008.93286513,15917.386003255679,9436964.491690211,31880919.050248057,15917.386003255679,9437206.368981777,31880806.261014666,16912.16012845916,9436781.974276299,31879896.14363174,16912.16012845916
9423958.874405008,31852081.168835834,17409.5471910609,0.25178416412007815,9423625.738406487,31851682.504761066,16912.16012845916,9424050.133111963,31852592.62214399,16912.16012845916,9424292.010403527,31852479.8329106,17906.93425366264,9423867.615698049,31851569.715527676,17906.93425366264
9424383.269110486,31852991.28621876,17409.5471910609,0.874256811975741,9424050.133111963,31852592.62214399,16912.16012845916,9424474.527817441,31853502.739526916,16912.16012845916,9424716.405109005,31853389.950293526,17906.93425366264,9424292.010403527,31852479.8329106,17906.93425366264
9424807.663815962,31853901.403601684,17409.5471910609,1.085360108644267,9424474.527817441,31853502.739526916,16912.16012845916,9424898.92252292,31854412.856909838,16912.16012845916,9425140.799814483,31854300.06767645,17906.93425366264,9424716.405109005,31853389.950293526,17906.93425366264
9425232.05852144,31854811.52098461,17409.5471910609,1.3226078540480473,9424898.92252292,31854412.856909838,16912.16012845916,9425323.317228397,31855322.974292766,16912.16012845916,9425565.194519961,31855210.185059376,17906.93425366264,9425140.799814483,31854300.06767645,17906.93425366264
9425656.453226918,31855721.638367534,17409.5471910609,3.7672614392388817,9425323.317228397,31855322.974292766,16912.16012845916,9425747.711933875,31856233.09167569,16912.16012845916,9425989.58922544,31856120.3024423,17906.93425366264,9425565.194519961,31855210.185059376,17906.93425366264
9426080.847932396,31856631.75575046,17409.5471910609,3.294415619405231,9425747.711933875,31856233.09167569,16912.16012845916,9426172.106639354,31857143.209058616,16912.16012845916,9426413.983930916,31857030.419825226,17906.93425366264,9425989.58922544,31856120.3024423,17906.93425366264
9426505.242637873,31857541.873133384,17409.5471910609,2.9708624738059144,9426172.106639354,31857143.209058616,16912.16012845916,9426596.501344832,31858053.326441538,16912.16012845916,9426838.378636394,31857940.537208147,17906.93425366264,9426413.983930916,31857030.419825226,17906.93425366264
9426929.63734335,31858451.99051631,17409.5471910609,3.430639986569999,9426596.501344832,31858053.326441538,16912.16012845916,9427020.89605031,31858963.443824466,16912.16012845916,9427262.773341872,31858850.654591076,17906.93425366264,9426838.378636394,31857940.537208147,17906.93425366264
9427354.032048829,31859362.107899234,17409.5471910609,3.9099875544097493,9427020.89605031,31858963.443824466,16912.16012845916,9427445.290755786,31859873.56120739,16912.16012845916,9427687.16804735,31859760.771974,17906.93425366264,9427262.773341872,31858850.654591076,17906.93425366264
9427778.426754307,31860272.22528216,17409.5471910609,2.301300741593172,9427445.290755786,31859873.56120739,16912.16012845916,9427869.685461264,31860783.678590316,16912.16012845916,9428111.562752828,31860670.889356926,17906.93425366264,9427687.16804735,31859760.771974,17906.93425366264
9428202.821459785,31861182.342665084,17409.5471910609,1.884496454648797,9427869.685461264,31860783.678590316,16912.16012845916,9428294.080166742,31861693.79597324,16912.16012845916,9428535.957458306,31861581.00673985,17906.93425366264,9428111.562752828,31860670.889356926,17906.93425366264
9428627.216165263,31862092.460048005,17409.5471910609,2.135123747667196,9428294.080166742,31861693.79597324,16912.16012845916,9428718.47487222,31862603.913356163,16912.16012845916,9428960.352163784,31862491.124122776,17906.93425366264,9428535.957458306,31861581.00673985,17906.93425366264
9429051.610870741,31863002.577430934,17409.5471910609,2.615402812327768,9428718.47487222,31862603.913356163,16912.16012845916,9429142.869577698,31863514.03073909,16912.16012845916,9429384.746869262,31863401.2415057,17906.93425366264,9428960.352163784,31862491.124122776,17906.93425366264
9429476.005576218,31863912.69481386,17409.5471910609,2.0355299846936385,9429142.869577698,31863514.03073909,16912.16012845916,9429567.264283177,31864424.148122016,16912.16012845916,9429809.141574739,31864311.358888626,17906.93425366264,9429384.746869262,31863401.2415057,17906.93425366264
9429900.400281696,31864822.812196784,17409.5471910609,2.7460421426177897,9429567.264283177,31864424.148122016,16912.16012845916,9429991.658988655,31865334.26550494,16912.16012845916,9430233.536280217,31865221.47627155,17906.93425366264,9429809.141574739,31864311.358888626,17906.93425366264
9430324.794987176,31865732.929579705,17409.5471910609,2.2815617594621327,9429991.658988655,31865334.26550494,16912.16012845916,9430416.05369413,31866244.382887863,16912.16012845916,9430657.930985695,31866131.593654476,17906.93425366264,9430233.536280217,31865221.47627155,17906.93425366264
9430749.189692654,31866643.046962634,17409.5471910609,1.9587828242046341,9430416.05369413,31866244.382887863,16912.16012845916,9430840.448399609,31867154.50027079,16912.16012845916,9431082.325691173,31867041.7110374,17906.93425366264,9430657.930985695,31866131.593654476,17906.93425366264
9431173.58439813,31867553.16434556,17409.5471910609,1.4541713962582579,9430840.448399609,31867154.50027079,16912.16012845916,9431264.843105087,31868064.617653716,16912.16012845916,9431506.720396651,31867951.828420326,17906.93425366264,9431082.325691173,31867041.7110374,17906.93425366264
9431597.979103608,31868463.281728484,17409.5471910609,0.9885518807005261,9431264.843105087,31868064.617653716,16912.16012845916,9431689.237810565,31868974.73503664,16912.16012845916,9431931.115102129,31868861.94580325,17906.93425366264,9431506.720396651,31867951.828420326,17906.93425366264
9432022.373809086,31869373.39911141,17409.5471910609,0.5949703576682857,9431689.237810565,31868974.73503664,16912.16012845916,9432113.632516043,31869884.852419563,16912.16012845916,9432355.509807607,31869772.063186172,17906.93425366264,9431931.115102129,31868861.94580325,17906.93425366264
9432446.768514564,31870283.51649433,17409.5471910609,0.35364402677105217,9432113.632516043,31869884.852419563,16912.16012845916,9432538.027221521,31870794.96980249,16912.16012845916,9432779.904513083,31870682.1805691,17906.93425366264,9432355.509807607,31869772.063186172,17906.93425366264
9432871.16322004,31871193.63387726,17409.5471910609,0.2816149075378337,9432538.027221521,31870794.96980249,16912.16012845916,9432962.421927,31871705.087185416,16912.16012845916,9433204.299218562,31871592.297952026,17906.93425366264,9432779.904513083,31870682.1805691,17906.93425366264
9433295.557925517,31872103.751260184,17409.5471910609,0.44343103493023184,9432962.421927,31871705.087185416,16912.16012845916,9433386.816632476,31872615.20456834,16912.16012845916,9433628.69392404,31872502.41533495,17906.93425366264,9433204.299218562,31871592.297952026,17906.93425366264
9433719.952630997,31873013.86864311,17409.5471910609,1.1582965401522254,9433386.816632476,31872615.20456834,16912.16012845916,9433811.211337954,31873525.321951263,16912.16012845916,9434053.088629518,31873412.532717872,17906.93425366264,9433628.69392404,31872502.41533495,17906.93425366264
9434144.347336475,31873923.98602603,17409.5471910609,1.2083492441893147,9433811.211337954,31873525.321951263,16912.16012845916,9434235.606043432,31874435.439334188,16912.16012845916,9434477.483334996,31874322.6501008,17906.93425366264,9434053.088629518,31873412.532717872,17906.93425366264
9434568.742041953,31874834.10340896,17409.5471910609,1.8688797812769211,9434235.606043432,31874435.439334188,16912.16012845916,9434660.00074891,31875345.556717116,16912.16012845916,9434901.878040474,31875232.767483726,17906.93425366264,9434477.483334996,31874322.6501008,17906.93425366264
9434993.136747431,31875744.220791884,17409.5471910609,1.0389925285599293,9434660.00074891,31875345.556717116,16912.16012845916,9435084.395454388,31876255.67410004,16912.16012845916,9435326.272745952,31876142.88486665,17906.93425366264,9434901.878040474,31875232.767483726,17906.93425366264
9435417.53145291,31876654.33817481,17409.5471910609,0.679488175542704,9435084.395454388,31876255.67410004,16912.16012845916,9435508.790159866,31877165.791482966,16912.16012845916,9435750.66745143,31877053.002249576,17906.93425366264,9435326.272745952,31876142.88486665,17906.93425366264
9435841.926158387,31877564.45555773,17409.5471910609,0.39669817197838003,9435508.790159866,31877165.791482966,16912.16012845916,9435933.184865344,31878075.908865888,16912.16012845916,9436175.062156908,31877963.119632497,17906.93425366264,9435750.66745143,31877053.002249576,17906.93425366264
9436266.320863863,31878474.572940655,17409.5471910609,0.707193508390374,9435933.184865344,31878075.908865888,16912.16012845916,9436357.579570822,31878986.026248816,16912.16012845916,9436599.456862384,31878873.237015426,17906.93425366264,9436175.062156908,31877963.119632497,17906.93425366264
9436690.715569343,31879384.690323584,17409.5471910609,0.7925006268695756,9436357.579570822,31878986.026248816,16912.16012845916,9436781.974276299,31879896.14363174,16912.16012845916,9437023.851567863,31879783.35439835,17906.93425366264,9436599.456862384,31878873.237015426,17906.93425366264
9437115.110274822,31880294.80770651,17409.5471910609,0.6344178483312316,9436781.974276299,31879896.14363174,16912.16012845916,9437206.368981777,31880806.261014666,16912.16012845916,9437448.24627334,31880693.471781276,17906.93425366264,9437023.851567863,31879783.35439835,17906.93425366264
9424200.751696572,31851968.379602443,18404.32131626438,0.851682493728848,9423867.615698049,31851569.715527676,17906.93425366264,9424292.010403527,31852479.8329106,17906.93425366264,9424533.887695095,31852367.043677207,18901.708378866122,9424109.492989615,31851456.926294286,18901.708378866122
9424625.14640205,31852878.496985365,18404.32131626438,1.844051707697614,9424292.010403527,31852479.8329106,17906.93425366264,9424716.405109005,31853389.950293526,17906.93425366264,9424958.282400573,31853277.161060132,18901.708378866122,9424533.887695095,31852367.043677207,18901.708378866122
9425049.541107526,31853788.614368293,18404.32131626438,1.7817452356572105,9424716.405109005,31853389.950293526,17906.93425366264,9425140.799814483,31854300.06767645,17906.93425366264,9425382.67710605,31854187.27844306,18901.708378866122,9424958.282400573,31853277.161060132,18901.708378866122
9425473.935813004,31854698.73175122,18404.32131626438,1.763361176559387,9425140.799814483,31854300.06767645,17906.93425366264,9425565.194519961,31855210.185059376,17906.93425366264,9425807.071811527,31855097.395825986,18901.708378866122,9425382.67710605,31854187.27844306,18901.708378866122
9425898.330518482,31855608.849134143,18404.32131626438,3.10191301285153,9425565.194519961,31855210.185059376,17906.93425366264,9425989.58922544,31856120.3024423,17906.93425366264,9426231.466517005,31856007.513208907,18901.708378866122,9425807.071811527,31855097.395825986,18901.708378866122
9426322.72522396,31856518.96651707,18404.32131626438,3.598890515972628,9425989.58922544,31856120.3024423,17906.93425366264,9426413.983930916,31857030.419825226,17906.93425366264,9426655.861222483,31856917.630591832,18901.708378866122,9426231.466517005,31856007.513208907,18901.708378866122
9426747.119929438,31857429.083899993,18404.32131626438,4.919937830973362,9426413.983930916,31857030.419825226,17906.93425366264,9426838.378636394,31857940.537208147,17906.93425366264,9427080.25592796,31857827.74797476,18901.708378866122,9426655.861222483,31856917.630591832,18901.708378866122
9427171.514634917,31858339.20128292,18404.32131626438,6.266042061148912,9426838.378636394,31857940.537208147,17906.93425366264,9427262.773341872,31858850.654591076,17906.93425366264,9427504.65063344,31858737.865357686,18901.708378866122,9427080.25592796,31857827.74797476,18901.708378866122
9427595.909340395,31859249.318665843,18404.32131626438,6.689350832009238,9427262.773341872,31858850.654591076,17906.93425366264,9427687.16804735,31859760.771974,17906.93425366264,9427929.045338918,31859647.98274061,18901.708378866122,9427504.65063344,31858737.865357686,18901.708378866122
9428020.304045873,31860159.43604877,18404.32131626438,4.527731385037868,9427687.16804735,31859760.771974,17906.93425366264,9428111.562752828,31860670.889356926,17906.93425366264,9428353.440044396,31860558.100123536,18901.708378866122,9427929.045338918,31859647.98274061,18901.708378866122
9428444.69875135,31861069.55343169,18404.32131626438,5.39068921718415,9428111.562752828,31860670.889356926,17906.93425366264,9428535.957458306,31861581.00673985,17906.93425366264,9428777.834749874,31861468.21750646,18901.708378866122,9428353.440044396,31860558.100123536,18901.708378866122
9428869.093456827,31861979.67081462,18404.32131626438,4.153234031624887,9428535.957458306,31861581.00673985,17906.93425366264,9428960.352163784,31862491.124122776,17906.93425366264,9429202.22945535,31862378.334889386,18901.708378866122,9428777.834749874,31861468.21750646,18901.708378866122
9429293.488162305,31862889.788197543,18404.32131626438,1.7676179611526432,9428960.352163784,31862491.124122776,17906.93425366264,9429384.746869262,31863401.2415057,17906.93425366264,9429626.624160828,31863288.45227231,18901.708378866122,9429202.22945535,31862378.334889386,18901.708378866122
9429717.882867785,31863799.905580465,18404.32131626438,1.3533532305832825,9429384.746869262,31863401.2415057,17906.93425366264,9429809.141574739,31864311.358888626,17906.93425366264,9430051.018866306,31864198.569655232,18901.708378866122,9429626.624160828,31863288.45227231,18901.708378866122
9430142.277573261,31864710.022963393,18404.32131626438,2.159173250029293,9429809.141574739,31864311.358888626,17906.93425366264,9430233.536280217,31865221.47627155,17906.93425366264,9430475.413571782,31865108.687038157,18901.708378866122,9430051.018866306,31864198.569655232,18901.708378866122
9430566.67227874,31865620.140346315,18404.32131626438,1.8574304428124935,9430233.536280217,31865221.47627155,17906.93425366264,9430657.930985695,31866131.593654476,17906.93425366264,9430899.80827726,31866018.804421086,18901.708378866122,9430475.413571782,31865108.687038157,18901.708378866122
9430991.066984218,31866530.257729243,18404.32131626438,2.426782122077809,9430657.930985695,31866131.593654476,17906.93425366264,9431082.325691173,31867041.7110374,17906.93425366264,9431324.20298274,31866928.92180401,18901.708378866122,9430899.80827726,31866018.804421086,18901.708378866122
9431415.461689694,31867440.37511217,18404.32131626438,1.9789055938995443,9431082.325691173,31867041.7110374,17906.93425366264,9431506.720396651,31867951.828420326,17906.93425366264,9431748.597688219,31867839.039186932,18901.708378866122,9431324.20298274,31866928.92180401,18901.708378866122
9431839.856395172,31868350.49249509,18404.32131626438,0.9208510329585986,9431506.720396651,31867951.828420326,17906.93425366264,9431931.115102129,31868861.94580325,17906.93425366264,9432172.992393695,31868749.156569857,18901.708378866122,9431748.597688219,31867839.039186932,18901.708378866122
9432264.25110065,31869260.609878015,18404.32131626438,0.36693145442684055,9431931.115102129,31868861.94580325,17906.93425366264,9432355.509807607,31869772.063186172,17906.93425366264,9432597.387099173,31869659.273952786,18901.708378866122,9432172.992393695,31868749.156569857,18901.708378866122
9432688.645806128,31870170.727260944,18404.32131626438,0.21513461397845687,9432355.509807607,31869772.063186172,17906.93425366264,9432779.904513083,31870682.1805691,17906.93425366264,9433021.781804651,31870569.39133571,18901.708378866122,9432597.387099173,31869659.273952786,18901.708378866122
9433113.040511606,31871080.84464387,18404.32131626438,0.20359690605267142,9432779.904513083,31870682.1805691,17906.93425366264,9433204.299218562,31871592.297952026,17906.93425366264,9433446.176510127,31871479.508718632,18901.708378866122,9433021.781804651,31870569.39133571,18901.708378866122
9433537.435217084,31871990.962026794,18404.32131626438,0.3606250919462732,9433204.299218562,31871592.297952026,17906.93425366264,9433628.69392404,31872502.41533495,17906.93425366264,9433870.571215605,31872389.626101557,18901.708378866122,9433446.176510127,31871479.508718632,18901.708378866122
9433961.829922562,31872901.07940972,18404.32131626438,0.9667064099406516,9433628.69392404,31872502.41533495,17906.93425366264,9434053.088629518,31873412.532717872,17906.93425366264,9434294.965921085,31873299.743484482,18901.708378866122,9433870.571215605,31872389.626101557,18901.708378866122
9434386.22462804,31873811.19679264,18404.32131626438,1.2042323579317524,9434053.088629518,31873412.532717872,17906.93425366264,9434477.483334996,31874322.6501008,17906.93425366264,9434719.360626563,31874209.86086741,18901.708378866122,9434294.965921085,31873299.743484482,18901.708378866122
9434810.619333519,31874721.31417557,18404.32131626438,0.5628927680879293,9434477.483334996,31874322.6501008,17906.93425366264,9434901.878040474,31875232.767483726,17906.93425366264,9435143.755332042,31875119.978250336,18901.708378866122,9434719.360626563,31874209.86086741,18901.708378866122
9435235.014038995,31875631.43155849,18404.32131626438,0.30995301740113984,9434901.878040474,31875232.767483726,17906.93425366264,9435326.272745952,31876142.88486665,17906.93425366264,9435568.150037518,31876030.095633257,18901.708378866122,9435143.755332042,31875119.978250336,18901.708378866122
9435659.408744473,31876541.548941415,18404.32131626438,0.23482740045142453,9435326.272745952,31876142.88486665,17906.93425366264,9435750.66745143,31877053.002249576,17906.93425366264,9435992.544742996,31876940.213016182,18901.708378866122,9435568.150037518,31876030.095633257,18901.708378866122
9436083.803449951,31877451.66632434,18404.32131626438,0.22592671019255475,9435750.66745143,31877053.002249576,17906.93425366264,9436175.062156908,31877963.119632497,17906.93425366264,9436416.939448474,31877850.33039911,18901.708378866122,9435992.544742996,31876940.213016182,18901.708378866122
9436508.19815543,31878361.78370727,18404.32131626438,0.902310222049791,9436175.062156908,31877963.119632497,17906.93425366264,9436599.456862384,31878873.237015426,17906.93425366264,9436841.33415395,31878760.447782036,18901.708378866122,9436416.939448474,31877850.33039911,18901.708378866122
9436932.592860907,31879271.90109019,18404.32131626438,0.6782773751333739,9436599.456862384,31878873.237015426,17906.93425366264,9437023.851567863,31879783.35439835,17906.93425366264,9437265.728859428,31879670.565164957,18901.708378866122,9436841.33415395,31878760.447782036,18901.708378866122
9437356.987566385,31880182.01847312,18404.32131626438,0.5195234050771006,9437023.851567863,31879783.35439835,17906.93425366264,9437448.24627334,31880693.471781276,17906.93425366264,9437690.123564908,31880580.682547882,18901.708378866122,9437265.728859428,31879670.565164957,18901.708378866122
9424442.628988137,31851855.59036905,19399.09544146786,1.0545178739380552,9424109.492989615,31851456.926294286,18901.708378866122,9424533.887695095,31852367.043677207,18901.708378866122,9424775.76498666,31852254.254443817,19896.482504069598,9424351.370281184,31851344.13706089,19896.482504069598
9424867.023693616,31852765.707751974,19399.09544146786,1.1578546543568897,9424533.887695095,31852367.043677207,18901.708378866122,9424958.282400573,31853277.161060132,18901.708378866122,9425200.159692138,31853164.371826746,19896.482504069598,9424775.76498666,31852254.254443817,19896.482504069598
9425291.418399094,31853675.825134903,19399.09544146786,2.6352529645753533,9424958.282400573,31853277.161060132,18901.708378866122,9425382.67710605,31854187.27844306,18901.708378866122,9425624.554397617,31854074.489209667,19896.482504069598,9425200.159692138,31853164.371826746,19896.482504069598
9425715.813104572,31854585.94251783,19399.09544146786,4.84229787292311,9425382.67710605,31854187.27844306,18901.708378866122,9425807.071811527,31855097.395825986,18901.708378866122,9426048.949103095,31854984.60659259,19896.482504069598,9425624.554397617,31854074.489209667,19896.482504069598
9426140.20781005,31855496.059900753,19399.09544146786,4.824416245002472,9425807.071811527,31855097.395825986,18901.708378866122,9426231.466517005,31856007.513208907,18901.708378866122,9426473.34380857,31855894.723975517,19896.482504069598,9426048.949103095,31854984.60659259,19896.482504069598
9426564.602515528,31856406.177283674,19399.09544146786,5.3220763611066255,9426231.466517005,31856007.513208907,18901.708378866122,9426655.861222483,31856917.630591832,18901.708378866122,9426897.738514049,31856804.841358446,19896.482504069598,9426473.34380857,31855894.723975517,19896.482504069598
9426988.997221006,31857316.2946666,19399.09544146786,6.910174702628538,9426655.861222483,31856917.630591832,18901.708378866122,9427080.25592796,31857827.74797476,18901.708378866122,9427322.133219529,31857714.958741367,19896.482504069598,9426897.738514049,31856804.841358446,19896.482504069598
9427413.391926484,31858226.41204953,19399.09544146786,7.501919146350051,9427080.25592796,31857827.74797476,18901.708378866122,9427504.65063344,31858737.865357686,18901.708378866122,9427746.527925007,31858625.076124296,19896.482504069598,9427322.133219529,31857714.958741367,19896.482504069598
9427837.78663196,31859136.52943245,19399.09544146786,7.952613239695315,9427504.65063344,31858737.865357686,18901.708378866122,9427929.045338918,31859647.98274061,18901.708378866122,9428170.922630483,31859535.193507217,19896.482504069598,9427746.527925007,31858625.076124296,19896.482504069598
9428262.181337439,31860046.646815374,19399.09544146786,7.237438580836874,9427929.045338918,31859647.98274061,18901.708378866122,9428353.440044396,31860558.100123536,18901.708378866122,9428595.317335961,31860445.310890142,19896.482504069598,9428170.922630483,31859535.193507217,19896.482504069598
9428686.576042917,31860956.7641983,19399.09544146786,6.335480597618379,9428353.440044396,31860558.100123536,18901.708378866122,9428777.834749874,31861468.21750646,18901.708378866122,9429019.71204144,31861355.42827307,19896.482504069598,9428595.317335961,31860445.310890142,19896.482504069598
9429110.970748395,31861866.88158123,19399.09544146786,4.890798615483835,9428777.834749874,31861468.21750646,18901.708378866122,9429202.22945535,31862378.334889386,18901.708378866122,9429444.106746918,31862265.545655996,19896.482504069598,9429019.71204144,31861355.42827307,19896.482504069598
9429535.365453873,31862776.998964153,19399.09544146786,3.0714405605891684,9429202.22945535,31862378.334889386,18901.708378866122,9429626.624160828,31863288.45227231,18901.708378866122,9429868.501452394,31863175.663038917,19896.482504069598,9429444.106746918,31862265.545655996,19896.482504069598
9429959.760159351,31863687.116347075,19399.09544146786,1.486305278981874,9429626.624160828,31863288.45227231,18901.708378866122,9430051.018866306,31864198.569655232,18901.708378866122,9430292.896157872,31864085.780421842,19896.482504069598,9429868.501452394,31863175.663038917,19896.482504069598
9430384.154864829,31864597.23373,19399.09544146786,1.3070008868608252,9430051.018866306,31864198.569655232,18901.708378866122,9430475.413571782,31865108.687038157,18901.708378866122,9430717.290863352,31864995.89780477,19896.482504069598,9430292.896157872,31864085.780421842,19896.482504069598
9430808.549570305,31865507.35111293,19399.09544146786,2.430187198765577,9430475.413571782,31865108.687038157,18901.708378866122,9430899.80827726,31866018.804421086,18901.708378866122,9431141.685568828,31865906.015187696,19896.482504069598,9430717.290863352,31864995.89780477,19896.482504069598
9431232.944275783,31866417.468495853,19399.09544146786,3.2052020257477962,9430899.80827726,31866018.804421086,18901.708378866122,9431324.20298274,31866928.92180401,18901.708378866122,9431566.080274306,31866816.132570617,19896.482504069598,9431141.685568828,31865906.015187696,19896.482504069598
9431657.338981261,31867327.585878775,19399.09544146786,2.2209535236204294,9431324.20298274,31866928.92180401,18901.708378866122,9431748.597688219,31867839.039186932,18901.708378866122,9431990.474979784,31867726.249953542,19896.482504069598,9431566.080274306,31866816.132570617,19896.482504069598
9432081.73368674,31868237.7032617,19399.09544146786,1.0476324854483439,9431748.597688219,31867839.039186932,18901.708378866122,9432172.992393695,31868749.156569857,18901.708378866122,9432414.869685262,31868636.367336467,19896.482504069598,9431990.474979784,31867726.249953542,19896.482504069598
9432506.128392218,31869147.820644625,19399.09544146786,1.3829985117078152,9432172.992393695,31868749.156569857,18901.708378866122,9432597.387099173,31869659.273952786,18901.708378866122,9432839.264390739,31869546.484719392,19896.482504069598,9432414.869685262,31868636.367336467,19896.482504069598
9432930.523097696,31870057.938027553,19399.09544146786,0.8518816169354728,9432597.387099173,31869659.273952786,18901.708378866122,9433021.781804651,31870569.39133571,18901.708378866122,9433263.659096217,31870456.602102317,19896.482504069598,9432839.264390739,31869546.484719392,19896.482504069598
9433354.917803174,31870968.05541048,19399.09544146786,0.20680001939546866,9433021.781804651,31870569.39133571,18901.708378866122,9433446.176510127,31871479.508718632,18901.708378866122,9433688.053801695,31871366.719485242,19896.482504069598,9433263.659096217,31870456.602102317,19896.482504069598
9433779.31250865,31871878.1727934,19399.09544146786,0.2518993885720039,9433446.176510127,31871479.508718632,18901.708378866122,9433870.571215605,31872389.626101557,18901.708378866122,9434112.448507173,31872276.836868167,19896.482504069598,9433688.053801695,31871366.719485242,19896.482504069598
9434203.707214128,31872788.29017632,19399.09544146786,0.551347175101942,9433870.571215605,31872389.626101557,18901.708378866122,9434294.965921085,31873299.743484482,18901.708378866122,9434536.843212651,31873186.954251092,19896.482504069598,9434112.448507173,31872276.836868167,19896.482504069598
9434628.101919606,31873698.407559253,19399.09544146786,0.32229788678343896,9434294.965921085,31873299.743484482,18901.708378866122,9434719.360626563,31874209.86086741,18901.708378866122,9434961.23791813,31874097.07163402,19896.482504069598,9434536.843212651,31873186.954251092,19896.482504069598
9435052.496625084,31874608.524942175,19399.09544146786,0.4292187615280531,9434719.360626563,31874209.86086741,18901.708378866122,9435143.755332042,31875119.978250336,18901.708378866122,9435385.632623607,31875007.189016942,19896.482504069598,9434961.23791813,31874097.07163402,19896.482504069598
9435476.89133056,31875518.6423251,19399.09544146786,0.33265137799271444,9435143.755332042,31875119.978250336,18901.708378866122,9435568.150037518,31876030.095633257,18901.708378866122,9435810.027329085,31875917.306399867,19896.482504069598,9435385.632623607,31875007.189016942,19896.482504069598
9435901.28603604,31876428.759708025,19399.09544146786,0.5278015166178794,9435568.150037518,31876030.095633257,18901.708378866122,9435992.544742996,31876940.213016182,18901.708378866122,9436234.422034562,31876827.423782792,19896.482504069598,9435810.027329085,31875917.306399867,19896.482504069598
9436325.680741519,31877338.877090953,19399.09544146786,0.1393440964084015,9435992.544742996,31876940.213016182,18901.708378866122,9436416.939448474,31877850.33039911,18901.708378866122,9436658.81674004,31877737.54116572,19896.482504069598,9436234.422034562,31876827.423782792,19896.482504069598
9436750.075446997,31878248.99447388,19399.09544146786,0.07170269041579845,9436416.939448474,31877850.33039911,18901.708378866122,9436841.33415395,31878760.447782036,18901.708378866122,9437083.21144552,31878647.658548642,19896.482504069598,9436658.81674004,31877737.54116572,19896.482504069598
9437174.470152473,31879159.1118568,19399.09544146786,0.14319202122008046,9436841.33415395,31878760.447782036,18901.708378866122,9437265.728859428,31879670.565164957,18901.708378866122,9437507.606150996,31879557.775931567,19896.482504069598,9437083.21144552,31878647.658548642,19896.482504069598
9437598.864857951,31880069.229239725,19399.09544146786,0.333927267371564,9437265.728859428,31879670.565164957,18901.708378866122,9437690.123564908,31880580.682547882,18901.708378866122,9437932.000856474,31880467.893314492,19896.482504069598,9437507.606150996,31879557.775931567,19896.482504069598
9424684.506279705,31851742.80113566,20393.869566671343,1.975364811822307,9424351.370281184,31851344.13706089,19896.482504069598,9424775.76498666,31852254.254443817,19896.482504069598,9425017.642278228,31852141.46521043,20891.25662927308,9424593.24757275,31851231.3478275,20891.25662927308
9425108.900985181,31852652.918518588,20393.869566671343,3.1108707411477003,9424775.76498666,31852254.254443817,19896.482504069598,9425200.159692138,31853164.371826746,19896.482504069598,9425442.036983704,31853051.58259335,20891.25662927308,9425017.642278228,31852141.46521043,20891.25662927308
9425533.295690661,31853563.035901513,20393.869566671343,3.9475941970393236,9425200.159692138,31853164.371826746,19896.482504069598,9425624.554397617,31854074.489209667,19896.482504069598,9425866.431689182,31853961.699976277,20891.25662927308,9425442.036983704,31853051.58259335,20891.25662927308
9425957.69039614,31854473.153284434,20393.869566671343,6.15985796166394,9425624.554397617,31854074.489209667,19896.482504069598,9426048.949103095,31854984.60659259,19896.482504069598,9426290.82639466,31854871.8173592,20891.25662927308,9425866.431689182,31853961.699976277,20891.25662927308
9426382.085101616,31855383.27066736,20393.869566671343,6.666829155713722,9426048.949103095,31854984.60659259,19896.482504069598,9426473.34380857,31855894.723975517,19896.482504069598,9426715.221100139,31855781.934742127,20891.25662927308,9426290.82639466,31854871.8173592,20891.25662927308
9426806.479807094,31856293.38805028,20393.869566671343,6.837133929955078,9426473.34380857,31855894.723975517,19896.482504069598,9426897.738514049,31856804.841358446,19896.482504069598,9427139.615805617,31856692.05212505,20891.25662927308,9426715.221100139,31855781.934742127,20891.25662927308
9427230.874512572,31857203.50543321,20393.869566671343,7.31540907493012,9426897.738514049,31856804.841358446,19896.482504069598,9427322.133219529,31857714.958741367,19896.482504069598,9427564.010511095,31857602.169507977,20891.25662927308,9427139.615805617,31856692.05212505,20891.25662927308
9427655.26921805,31858113.622816134,20393.869566671343,7.436944025574082,9427322.133219529,31857714.958741367,19896.482504069598,9427746.527925007,31858625.076124296,19896.482504069598,9427988.405216573,31858512.2868909,20891.25662927308,9427564.010511095,31857602.169507977,20891.25662927308
9428079.663923528,31859023.74019906,20393.869566671343,7.934587958290856,9427746.527925007,31858625.076124296,19896.482504069598,9428170.922630483,31859535.193507217,19896.482504069598,9428412.79992205,31859422.404273827,20891.25662927308,9427988.405216573,31858512.2868909,20891.25662927308
9428504.058629004,31859933.857581984,20393.869566671343,7.744811536971559,9428170.922630483,31859535.193507217,19896.482504069598,9428595.317335961,31860445.310890142,19896.482504069598,9428837.194627527,31860332.521656755,20891.25662927308,9428412.79992205,31859422.404273827,20891.25662927308
9428928.453334484,31860843.974964913,20393.869566671343,6.800373812878638,9428595.317335961,31860445.310890142,19896.482504069598,9429019.71204144,31861355.42827307,19896.482504069598,9429261.589333005,31861242.639039677,20891.25662927308,9428837.194627527,31860332.521656755,20891.25662927308
9429352.848039962,31861754.092347834,20393.869566671343,4.021007939750943,9429019.71204144,31861355.42827307,19896.482504069598,9429444.106746918,31862265.545655996,19896.482504069598,9429685.984038483,31862152.7564226,20891.25662927308,9429261.589333005,31861242.639039677,20891.25662927308
9429777.24274544,31862664.20973076,20393.869566671343,1.876165604671207,9429444.106746918,31862265.545655996,19896.482504069598,9429868.501452394,31863175.663038917,19896.482504069598,9430110.378743963,31863062.873805527,20891.25662927308,9429685.984038483,31862152.7564226,20891.25662927308
9430201.637450917,31863574.327113684,20393.869566671343,1.8740798862841523,9429868.501452394,31863175.663038917,19896.482504069598,9430292.896157872,31864085.780421842,19896.482504069598,9430534.77344944,31863972.99118845,20891.25662927308,9430110.378743963,31863062.873805527,20891.25662927308
9430626.032156395,31864484.44449661,20393.869566671343,2.4041028435388654,9430292.896157872,31864085.780421842,19896.482504069598,9430717.290863352,31864995.89780477,19896.482504069598,9430959.168154918,31864883.108571377,20891.25662927308,9430534.77344944,31863972.99118845,20891.25662927308
9431050.426861873,31865394.561879534,20393.869566671343,2.4584090570146575,9430717.290863352,31864995.89780477,19896.482504069598,9431141.685568828,31865906.015187696,19896.482504069598,9431383.562860396,31865793.2259543,20891.25662927308,9430959.168154918,31864883.108571377,20891.25662927308
9431474.82156735,31866304.67926246,20393.869566671343,3.1905177738195736,9431141.685568828,31865906.015187696,19896.482504069598,9431566.080274306,31866816.132570617,19896.482504069598,9431807.957565872,31866703.343337227,20891.25662927308,9431383.562860396,31865793.2259543,20891.25662927308
9431899.21627283,31867214.796645384,20393.869566671343,2.861296603442363,9431566.080274306,31866816.132570617,19896.482504069598,9431990.474979784,31867726.249953542,19896.482504069598,9432232.35227135,31867613.46072015,20891.25662927308,9431807.957565872,31866703.343337227,20891.25662927308
9432323.610978307,31868124.91402831,20393.869566671343,1.5179249279891776,9431990.474979784,31867726.249953542,19896.482504069598,9432414.869685262,31868636.367336467,19896.482504069598,9432656.746976828,31868523.578103077,20891.25662927308,9432232.35227135,31867613.46072015,20891.25662927308
9432748.005683783,31869035.031411238,20393.869566671343,1.4804698444438433,9432414.869685262,31868636.367336467,19896.482504069598,9432839.264390739,31869546.484719392,19896.482504069598,9433081.141682306,31869433.695486,20891.25662927308,9432656.746976828,31868523.578103077,20891.25662927308
9433172.400389262,31869945.14879416,20393.869566671343,1.1606742175375517,9432839.264390739,31869546.484719392,19896.482504069598,9433263.659096217,31870456.602102317,19896.482504069598,9433505.536387784,31870343.812868927,20891.25662927308,9433081.141682306,31869433.695486,20891.25662927308
9433596.79509474,31870855.26617708,20393.869566671343,0.29102185909031186,9433263.659096217,31870456.602102317,19896.482504069598,9433688.053801695,31871366.719485242,19896.482504069598,9433929.931093263,31871253.930251848,20891.25662927308,9433505.536387784,31870343.812868927,20891.25662927308
9434021.189800218,31871765.383560006,20393.869566671343,0.30633212522255093,9433688.053801695,31871366.719485242,19896.482504069598,9434112.448507173,31872276.836868167,19896.482504069598,9434354.32579874,31872164.047634773,20891.25662927308,9433929.931093263,31871253.930251848,20891.25662927308
9434445.584505694,31872675.500942934,20393.869566671343,0.25892106822124844,9434112.448507173,31872276.836868167,19896.482504069598,9434536.843212651,31873186.954251092,19896.482504069598,9434778.720504217,31873074.1650177,20891.25662927308,9434354.32579874,31872164.047634773,20891.25662927308
9434869.979211172,31873585.61832586,20393.869566671343,0.6172560922094625,9434536.843212651,31873186.954251092,19896.482504069598,9434961.23791813,31874097.07163402,19896.482504069598,9435203.115209697,31873984.282400627,20891.25662927308,9434778.720504217,31873074.1650177,20891.25662927308
9435294.373916652,31874495.735708784,20393.869566671343,0.28855371033673627,9434961.23791813,31874097.07163402,19896.482504069598,9435385.632623607,31875007.189016942,19896.482504069598,9435627.509915173,31874894.39978355,20891.25662927308,9435203.115209697,31873984.282400627,20891.25662927308
9435718.76862213,31875405.85309171,20393.869566671343,0.3926768872284319,9435385.632623607,31875007.189016942,19896.482504069598,9435810.027329085,31875917.306399867,19896.482504069598,9436051.904620651,31875804.517166477,20891.25662927308,9435627.509915173,31874894.39978355,20891.25662927308
9436143.163327608,31876315.970474634,20393.869566671343,0.25989044398909766,9435810.027329085,31875917.306399867,19896.482504069598,9436234.422034562,31876827.423782792,19896.482504069598,9436476.29932613,31876714.6345494,20891.25662927308,9436051.904620651,31875804.517166477,20891.25662927308
9436567.558033084,31877226.08785756,20393.869566671343,0.10967492373291725,9436234.422034562,31876827.423782792,19896.482504069598,9436658.81674004,31877737.54116572,19896.482504069598,9436900.694031607,31877624.751932327,20891.25662927308,9436476.29932613,31876714.6345494,20891.25662927308
9436991.952738563,31878136.205240484,20393.869566671343,0.19445269152305858,9436658.81674004,31877737.54116572,19896.482504069598,9437083.21144552,31878647.658548642,19896.482504069598,9437325.088737085,31878534.86931525,20891.25662927308,9436900.694031607,31877624.751932327,20891.25662927308
9437416.34744404,31879046.32262341,20393.869566671343,0.19499895743021414,9437083.21144552,31878647.658548642,19896.482504069598,9437507.606150996,31879557.775931567,19896.482504069598,9437749.483442564,31879444.986698177,20891.25662927308,9437325.088737085,31878534.86931525,20891.25662927308
9437840.742149517,31879956.440006334,20393.869566671343,0.07636694246018029,9437507.606150996,31879557.775931567,19896.482504069598,9437932.000856474,31880467.893314492,19896.482504069598,9438173.87814804,31880355.1040811,20891.25662927308,9437749.483442564,31879444.986698177,20891.25662927308
9424926.38357127,31851630.01190227,21388.64369187482,4.7613847160769645,9424593.24757275,31851231.3478275,20891.25662927308,9425017.642278228,31852141.46521043,20891.25662927308,9425259.51956979,31852028.67597704,21886.03075447656,9424835.124864312,31851118.55859411,21886.03075447656
9425350.778276749,31852540.129285198,21388.64369187482,5.635618558838421,9425017.642278228,31852141.46521043,20891.25662927308,9425442.036983704,31853051.58259335,20891.25662927308,9425683.914275268,31852938.79335996,21886.03075447656,9425259.51956979,31852028.67597704,21886.03075447656
9425775.172982227,31853450.24666812,21388.64369187482,5.525196870155198,9425442.036983704,31853051.58259335,20891.25662927308,9425866.431689182,31853961.699976277,20891.25662927308,9426108.308980746,31853848.910742886,21886.03075447656,9425683.914275268,31852938.79335996,21886.03075447656
9426199.567687705,31854360.364051044,21388.64369187482,6.3254319831461245,9425866.431689182,31853961.699976277,20891.25662927308,9426290.82639466,31854871.8173592,20891.25662927308,9426532.703686224,31854759.02812581,21886.03075447656,9426108.308980746,31853848.910742886,21886.03075447656
9426623.962393181,31855270.48143397,21388.64369187482,6.995684165876333,9426290.82639466,31854871.8173592,20891.25662927308,9426715.221100139,31855781.934742127,20891.25662927308,9426957.098391702,31855669.14550874,21886.03075447656,9426532.703686224,31854759.02812581,21886.03075447656
9427048.357098658,31856180.598816894,21388.64369187482,7.804516283803035,9426715.221100139,31855781.934742127,20891.25662927308,9427139.615805617,31856692.05212505,20891.25662927308,9427381.49309718,31856579.26289166,21886.03075447656,9426957.098391702,31855669.14550874,21886.03075447656
9427472.751804136,31857090.71619982,21388.64369187482,6.931762059582825,9427139.615805617,31856692.05212505,20891.25662927308,9427564.010511095,31857602.169507977,20891.25662927308,9427805.887802657,31857489.380274586,21886.03075447656,9427381.49309718,31856579.26289166,21886.03075447656
9427897.146509614,31858000.833582744,21388.64369187482,5.234981732749054,9427564.010511095,31857602.169507977,20891.25662927308,9427988.405216573,31858512.2868909,20891.25662927308,9428230.282508137,31858399.49765751,21886.03075447656,9427805.887802657,31857489.380274586,21886.03075447656
9428321.541215094,31858910.95096567,21388.64369187482,5.259757818675634,9427988.405216573,31858512.2868909,20891.25662927308,9428412.79992205,31859422.404273827,20891.25662927308,9428654.677213613,31859309.615040436,21886.03075447656,9428230.282508137,31858399.49765751,21886.03075447656
9428745.935920572,31859821.068348594,21388.64369187482,5.946117485238715,9428412.79992205,31859422.404273827,20891.25662927308,9428837.194627527,31860332.521656755,20891.25662927308,9429079.071919091,31860219.732423365,21886.03075447656,9428654.677213613,31859309.615040436,21886.03075447656
9429170.33062605,31860731.18573152,21388.64369187482,5.428336863821126,9428837.194627527,31860332.521656755,20891.25662927308,9429261.589333005,31861242.639039677,20891.25662927308,9429503.466624571,31861129.849806286,21886.03075447656,9429079.071919091,31860219.732423365,21886.03075447656
9429594.725331526,31861641.303114444,21388.64369187482,3.535463450005488,9429261.589333005,31861242.639039677,20891.25662927308,9429685.984038483,31862152.7564226,20891.25662927308,9429927.861330047,31862039.96718921,21886.03075447656,9429503.466624571,31861129.849806286,21886.03075447656
9430019.120037004,31862551.42049737,21388.64369187482,2.608079906752738,9429685.984038483,31862152.7564226,20891.25662927308,9430110.378743963,31863062.873805527,20891.25662927308,9430352.256035525,31862950.084572136,21886.03075447656,9429927.861330047,31862039.96718921,21886.03075447656
9430443.514742482,31863461.537880294,21388.64369187482,3.0271247256209133,9430110.378743963,31863062.873805527,20891.25662927308,9430534.77344944,31863972.99118845,20891.25662927308,9430776.650741003,31863860.201955065,21886.03075447656,9430352.256035525,31862950.084572136,21886.03075447656
9430867.909447959,31864371.65526322,21388.64369187482,3.831882121572221,9430534.77344944,31863972.99118845,20891.25662927308,9430959.168154918,31864883.108571377,20891.25662927308,9431201.04544648,31864770.319337986,21886.03075447656,9430776.650741003,31863860.201955065,21886.03075447656
9431292.304153439,31865281.772646144,21388.64369187482,4.5400144188838265,9430959.168154918,31864883.108571377,20891.25662927308,9431383.562860396,31865793.2259543,20891.25662927308,9431625.440151958,31865680.43672091,21886.03075447656,9431201.04544648,31864770.319337986,21886.03075447656
9431716.698858917,31866191.89002907,21388.64369187482,3.3857944948798577,9431383.562860396,31865793.2259543,20891.25662927308,9431807.957565872,31866703.343337227,20891.25662927308,9432049.834857436,31866590.554103836,21886.03075447656,9431625.440151958,31865680.43672091,21886.03075447656
9432141.093564395,31867102.007411994,21388.64369187482,2.7336367793116674,9431807.957565872,31866703.343337227,20891.25662927308,9432232.35227135,31867613.46072015,20891.25662927308,9432474.229562914,31867500.67148676,21886.03075447656,9432049.834857436,31866590.554103836,21886.03075447656
9432565.488269873,31868012.124794923,21388.64369187482,1.9936795186942147,9432232.35227135,31867613.46072015,20891.25662927308,9432656.746976828,31868523.578103077,20891.25662927308,9432898.624268392,31868410.788869686,21886.03075447656,9432474.229562914,31867500.67148676,21886.03075447656
9432989.88297535,31868922.242177844,21388.64369187482,2.8440913410265907,9432656.746976828,31868523.578103077,20891.25662927308,9433081.141682306,31869433.695486,20891.25662927308,9433323.01897387,31869320.90625261,21886.03075447656,9432898.624268392,31868410.788869686,21886.03075447656
9433414.277680825,31869832.35956077,21388.64369187482,1.60836939147563,9433081.141682306,31869433.695486,20891.25662927308,9433505.536387784,31870343.812868927,20891.25662927308,9433747.413679348,31870231.023635536,21886.03075447656,9433323.01897387,31869320.90625261,21886.03075447656
9433838.672386304,31870742.47694369,21388.64369187482,1.0179965033860165,9433505.536387784,31870343.812868927,20891.25662927308,9433929.931093263,31871253.930251848,20891.25662927308,9434171.808384825,31871141.141018458,21886.03075447656,9433747.413679348,31870231.023635536,21886.03075447656
9434263.067091782,31871652.594326615,21388.64369187482,0.5022607216876566,9433929.931093263,31871253.930251848,20891.25662927308,9434354.32579874,31872164.047634773,20891.25662927308,9434596.203090303,31872051.258401386,21886.03075447656,9434171.808384825,31871141.141018458,21886.03075447656
9434687.461797262,31872562.711709544,21388.64369187482,0.39790473781003094,9434354.32579874,31872164.047634773,20891.25662927308,9434778.720504217,31873074.1650177,20891.25662927308,9435020.59779578,31872961.37578431,21886.03075447656,9434596.203090303,31872051.258401386,21886.03075447656
9435111.85650274,31873472.82909247,21388.64369187482,0.40612516314388547,9434778.720504217,31873074.1650177,20891.25662927308,9435203.115209697,31873984.282400627,20891.25662927308,9435444.992501259,31873871.493167236,21886.03075447656,9435020.59779578,31872961.37578431,21886.03075447656
9435536.251208218,31874382.946475394,21388.64369187482,0.14064204875880798,9435203.115209697,31873984.282400627,20891.25662927308,9435627.509915173,31874894.39978355,20891.25662927308,9435869.387206737,31874781.61055016,21886.03075447656,9435444.992501259,31873871.493167236,21886.03075447656
9435960.645913694,31875293.06385832,21388.64369187482,0.06987536166764313,9435627.509915173,31874894.39978355,20891.25662927308,9436051.904620651,31875804.517166477,20891.25662927308,9436293.781912215,31875691.727933086,21886.03075447656,9435869.387206737,31874781.61055016,21886.03075447656
9436385.040619172,31876203.181241244,21388.64369187482,0.061754006824548645,9436051.904620651,31875804.517166477,20891.25662927308,9436476.29932613,31876714.6345494,20891.25662927308,9436718.176617693,31876601.84531601,21886.03075447656,9436293.781912215,31875691.727933086,21886.03075447656
9436809.43532465,31877113.29862417,21388.64369187482,0.09450900467507327,9436476.29932613,31876714.6345494,20891.25662927308,9436900.694031607,31877624.751932327,20891.25662927308,9437142.571323171,31877511.962698936,21886.03075447656,9436718.176617693,31876601.84531601,21886.03075447656
9437233.830030128,31878023.416007094,21388.64369187482,0.2011377321729519,9436900.694031607,31877624.751932327,20891.25662927308,9437325.088737085,31878534.86931525,20891.25662927308,9437566.96602865,31878422.08008186,21886.03075447656,9437142.571323171,31877511.962698936,21886.03075447656
9437658.224735605,31878933.53339002,21388.64369187482,0.07069039047087276,9437325.088737085,31878534.86931525,20891.25662927308,9437749.483442564,31879444.986698177,20891.25662927308,9437991.360734126,31879332.197464786,21886.03075447656,9437566.96602865,31878422.08008186,21886.03075447656
9438082.619441085,31879843.65077294,21388.64369187482,0.22638501097771555,9437749.483442564,31879444.986698177,20891.25662927308,9438173.87814804,31880355.1040811,20891.25662927308,9438415.755439604,31880242.31484771,21886.03075447656,9437991.360734126,31879332.197464786,21886.03075447656
9425168.260862835,31851517.222668882,22383.4178170783,3.686731047460394,9424835.124864312,31851118.55859411,21886.03075447656,9425259.51956979,31852028.67597704,21886.03075447656,9425501.396861356,31851915.886743646,22880.804879680043,9425077.00215588,31851005.76936072,22880.804879680043
9425592.655568313,31852427.340051807,22383.4178170783,4.402513805091582,9425259.51956979,31852028.67597704,21886.03075447656,9425683.914275268,31852938.79335996,21886.03075447656,9425925.791566836,31852826.00412657,22880.804879680043,9425501.396861356,31851915.886743646,22880.804879680043
9426017.050273791,31853337.45743473,22383.4178170783,6.23191910106835,9425683.914275268,31852938.79335996,21886.03075447656,9426108.308980746,31853848.910742886,21886.03075447656,9426350.186272314,31853736.121509496,22880.804879680043,9425925.791566836,31852826.00412657,22880.804879680043
9426441.444979269,31854247.57481765,22383.4178170783,5.83025273049293,9426108.308980746,31853848.910742886,21886.03075447656,9426532.703686224,31854759.02812581,21886.03075447656,9426774.580977792,31854646.238892417,22880.804879680043,9426350.186272314,31853736.121509496,22880.804879680043
9426865.839684745,31855157.69220058,22383.4178170783,6.765641204104934,9426532.703686224,31854759.02812581,21886.03075447656,9426957.098391702,31855669.14550874,21886.03075447656,9427198.975683268,31855556.356275346,22880.804879680043,9426774.580977792,31854646.238892417,22880.804879680043
9427290.234390223,31856067.809583504,22383.4178170783,7.177469961504504,9426957.098391702,31855669.14550874,21886.03075447656,9427381.49309718,31856579.26289166,21886.03075447656,9427623.370388746,31856466.47365827,22880.804879680043,9427198.975683268,31855556.356275346,22880.804879680043
9427714.629095703,31856977.92696643,22383.4178170783,4.711091999927647,9427381.49309718,31856579.26289166,21886.03075447656,9427805.887802657,31857489.380274586,21886.03075447656,9428047.765094224,31857376.591041196,22880.804879680043,9427623.370388746,31856466.47365827,22880.804879680043
9428139.023801181,31857888.044349354,22383.4178170783,3.886400501951809,9427805.887802657,31857489.380274586,21886.03075447656,9428230.282508137,31858399.49765751,21886.03075447656,9428472.159799702,31858286.70842412,22880.804879680043,9428047.765094224,31857376.591041196,22880.804879680043
9428563.41850666,31858798.16173228,22383.4178170783,3.1599949951362913,9428230.282508137,31858399.49765751,21886.03075447656,9428654.677213613,31859309.615040436,21886.03075447656,9428896.55450518,31859196.82580705,22880.804879680043,9428472.159799702,31858286.70842412,22880.804879680043
9428987.813212136,31859708.279115204,22383.4178170783,2.5162460926580277,9428654.677213613,31859309.615040436,21886.03075447656,9429079.071919091,31860219.732423365,21886.03075447656,9429320.949210659,31860106.94318997,22880.804879680043,9428896.55450518,31859196.82580705,22880.804879680043
9429412.207917614,31860618.39649813,22383.4178170783,3.490766667462768,9429079.071919091,31860219.732423365,21886.03075447656,9429503.466624571,31861129.849806286,21886.03075447656,9429745.343916137,31861017.060572896,22880.804879680043,9429320.949210659,31860106.94318997,22880.804879680043
9429836.602623092,31861528.513881054,22383.4178170783,3.5191210865750104,9429503.466624571,31861129.849806286,21886.03075447656,9429927.861330047,31862039.96718921,21886.03075447656,9430169.738621615,31861927.17795582,22880.804879680043,9429745.343916137,31861017.060572896,22880.804879680043
9430260.997328568,31862438.63126398,22383.4178170783,4.378926873018513,9429927.861330047,31862039.96718921,21886.03075447656,9430352.256035525,31862950.084572136,21886.03075447656,9430594.133327091,31862837.295338742,22880.804879680043,9430169.738621615,31861927.17795582,22880.804879680043
9430685.392034046,31863348.748646904,22383.4178170783,5.466153607849471,9430352.256035525,31862950.084572136,21886.03075447656,9430776.650741003,31863860.201955065,21886.03075447656,9431018.52803257,31863747.41272167,22880.804879680043,9430594.133327091,31862837.295338742,22880.804879680043
9431109.786739524,31864258.86602983,22383.4178170783,6.975327271050804,9430776.650741003,31863860.201955065,21886.03075447656,9431201.04544648,31864770.319337986,21886.03075447656,9431442.922738047,31864657.530104596,22880.804879680043,9431018.52803257,31863747.41272167,22880.804879680043
9431534.181445003,31865168.983412754,22383.4178170783,6.4955533591102945,9431201.04544648,31864770.319337986,21886.03075447656,9431625.440151958,31865680.43672091,21886.03075447656,9431867.317443524,31865567.64748752,22880.804879680043,9431442.922738047,31864657.530104596,22880.804879680043
9431958.57615048,31866079.10079568,22383.4178170783,5.826237644517678,9431625.440151958,31865680.43672091,21886.03075447656,9432049.834857436,31866590.554103836,21886.03075447656,9432291.712149004,31866477.764870442,22880.804879680043,9431867.317443524,31865567.64748752,22880.804879680043
9432382.970855959,31866989.218178604,22383.4178170783,2.4407667514827027,9432049.834857436,31866590.554103836,21886.03075447656,9432474.229562914,31867500.67148676,21886.03075447656,9432716.106854482,31867387.88225337,22880.804879680043,9432291.712149004,31866477.764870442,22880.804879680043
9432807.365561437,31867899.335561533,22383.4178170783,1.2768991299177834,9432474.229562914,31867500.67148676,21886.03075447656,9432898.624268392,31868410.788869686,21886.03075447656,9433140.50155996,31868297.999636296,22880.804879680043,9432716.106854482,31867387.88225337,22880.804879680043
9433231.760266913,31868809.452944454,22383.4178170783,1.0230960107942004,9432898.624268392,31868410.788869686,21886.03075447656,9433323.01897387,31869320.90625261,21886.03075447656,9433564.896265436,31869208.11701922,22880.804879680043,9433140.50155996,31868297.999636296,22880.804879680043
9433656.154972391,31869719.570327375,22383.4178170783,0.7318709868690821,9433323.01897387,31869320.90625261,21886.03075447656,9433747.413679348,31870231.023635536,21886.03075447656,9433989.290970914,31870118.234402142,22880.804879680043,9433564.896265436,31869208.11701922,22880.804879680043
9434080.549677871,31870629.6877103,22383.4178170783,1.0525380463459335,9433747.413679348,31870231.023635536,21886.03075447656,9434171.808384825,31871141.141018458,21886.03075447656,9434413.685676392,31871028.35178507,22880.804879680043,9433989.290970914,31870118.234402142,22880.804879680043
9434504.944383347,31871539.80509323,22383.4178170783,0.4844274415292853,9434171.808384825,31871141.141018458,21886.03075447656,9434596.203090303,31872051.258401386,21886.03075447656,9434838.080381868,31871938.469167996,22880.804879680043,9434413.685676392,31871028.35178507,22880.804879680043
9434929.339088826,31872449.922476154,22383.4178170783,0.39220145712416715,9434596.203090303,31872051.258401386,21886.03075447656,9435020.59779578,31872961.37578431,21886.03075447656,9435262.475087347,31872848.58655092,22880.804879680043,9434838.080381868,31871938.469167996,22880.804879680043
9435353.733794304,31873360.03985908,22383.4178170783,0.3853643542140812,9435020.59779578,31872961.37578431,21886.03075447656,9435444.992501259,31873871.493167236,21886.03075447656,9435686.869792826,31873758.703933846,22880.804879680043,9435262.475087347,31872848.58655092,22880.804879680043
9435778.128499782,31874270.157242004,22383.4178170783,0.2315231348938583,9435444.992501259,31873871.493167236,21886.03075447656,9435869.387206737,31874781.61055016,21886.03075447656,9436111.264498305,31874668.821316767,22880.804879680043,9435686.869792826,31873758.703933846,22880.804879680043
9436202.52320526,31875180.274624925,22383.4178170783,0.2410638913431485,9435869.387206737,31874781.61055016,21886.03075447656,9436293.781912215,31875691.727933086,21886.03075447656,9436535.659203783,31875578.938699696,22880.804879680043,9436111.264498305,31874668.821316767,22880.804879680043
9436626.917910736,31876090.392007854,22383.4178170783,0.0549813803492822,9436293.781912215,31875691.727933086,21886.03075447656,9436718.176617693,31876601.84531601,21886.03075447656,9436960.053909259,31876489.05608262,22880.804879680043,9436535.659203783,31875578.938699696,22880.804879680043
9437051.312616214,31877000.50939078,22383.4178170783,0.11231850659795811,9436718.176617693,31876601.84531601,21886.03075447656,9437142.571323171,31877511.962698936,21886.03075447656,9437384.448614737,31877399.173465546,22880.804879680043,9436960.053909259,31876489.05608262,22880.804879680043
9437475.707321694,31877910.626773704,22383.4178170783,0.05925076304124218,9437142.571323171,31877511.962698936,21886.03075447656,9437566.96602865,31878422.08008186,21886.03075447656,9437808.843320215,31878309.290848467,22880.804879680043,9437384.448614737,31877399.173465546,22880.804879680043
9437900.10202717,31878820.744156625,22383.4178170783,0.5148473522136541,9437566.96602865,31878422.08008186,21886.03075447656,9437991.360734126,31879332.197464786,21886.03075447656,9438233.238025691,31879219.408231396,22880.804879680043,9437808.843320215,31878309.290848467,22880.804879680043
9438324.496732648,31879730.861539554,22383.4178170783,0.6302132908959397,9437991.360734126,31879332.197464786,21886.03075447656,9438415.755439604,31880242.31484771,21886.03075447656,9438657.632731171,31880129.52561432,22880.804879680043,9438233.238025691,31879219.408231396,22880.804879680043
9425410.138154402,31851404.43343549,23378.19194228178,2.766083592107778,9425077.00215588,31851005.76936072,22880.804879680043,9425501.396861356,31851915.886743646,22880.804879680043,9425743.274152925,31851803.097510256,23875.57900488352,9425318.879447447,31850892.98012733,23875.57900488352
9425834.532859879,31852314.55081841,23378.19194228178,3.7595421797821307,9425501.396861356,31851915.886743646,22880.804879680043,9425925.791566836,31852826.00412657,22880.804879680043,9426167.668858401,31852713.214893177,23875.57900488352,9425743.274152925,31851803.097510256,23875.57900488352
9426258.927565357,31853224.668201335,23378.19194228178,5.174893579685769,9425925.791566836,31852826.00412657,22880.804879680043,9426350.186272314,31853736.121509496,22880.804879680043,9426592.06356388,31853623.332276102,23875.57900488352,9426167.668858401,31852713.214893177,23875.57900488352
9426683.322270835,31854134.78558426,23378.19194228178,5.912782156317691,9426350.186272314,31853736.121509496,22880.804879680043,9426774.580977792,31854646.238892417,22880.804879680043,9427016.458269358,31854533.44965903,23875.57900488352,9426592.06356388,31853623.332276102,23875.57900488352
9427107.716976315,31855044.90296719,23378.19194228178,6.0846435018896345,9426774.580977792,31854646.238892417,22880.804879680043,9427198.975683268,31855556.356275346,22880.804879680043,9427440.852974836,31855443.567041956,23875.57900488352,9427016.458269358,31854533.44965903,23875.57900488352
9427532.111681791,31855955.02035011,23378.19194228178,6.158238180315256,9427198.975683268,31855556.356275346,22880.804879680043,9427623.370388746,31856466.47365827,22880.804879680043,9427865.247680312,31856353.684424877,23875.57900488352,9427440.852974836,31855443.567041956,23875.57900488352
9427956.50638727,31856865.13773304,23378.19194228178,4.446875049920617,9427623.370388746,31856466.47365827,22880.804879680043,9428047.765094224,31857376.591041196,22880.804879680043,9428289.64238579,31857263.801807802,23875.57900488352,9427865.247680312,31856353.684424877,23875.57900488352
9428380.901092747,31857775.25511596,23378.19194228178,3.9849746300947824,9428047.765094224,31857376.591041196,22880.804879680043,9428472.159799702,31858286.70842412,22880.804879680043,9428714.03709127,31858173.91919073,23875.57900488352,9428289.64238579,31857263.801807802,23875.57900488352
9428805.295798225,31858685.372498892,23378.19194228178,3.476091441819207,9428472.159799702,31858286.70842412,22880.804879680043,9428896.55450518,31859196.82580705,22880.804879680043,9429138.431796748,31859084.036573656,23875.57900488352,9428714.03709127,31858173.91919073,23875.57900488352
9429229.690503702,31859595.489881814,23378.19194228178,3.927739372174449,9428896.55450518,31859196.82580705,22880.804879680043,9429320.949210659,31860106.94318997,22880.804879680043,9429562.826502224,31859994.15395658,23875.57900488352,9429138.431796748,31859084.036573656,23875.57900488352
9429654.08520918,31860505.60726474,23378.19194228178,3.321146221900545,9429320.949210659,31860106.94318997,22880.804879680043,9429745.343916137,31861017.060572896,22880.804879680043,9429987.221207703,31860904.271339506,23875.57900488352,9429562.826502224,31859994.15395658,23875.57900488352
9430078.479914658,31861415.724647664,23378.19194228178,2.6083860062087796,9429745.343916137,31861017.060572896,22880.804879680043,9430169.738621615,31861927.17795582,22880.804879680043,9430411.61591318,31861814.388722427,23875.57900488352,9429987.221207703,31860904.271339506,23875.57900488352
9430502.874620138,31862325.842030585,23378.19194228178,4.184916552316174,9430169.738621615,31861927.17795582,22880.804879680043,9430594.133327091,31862837.295338742,22880.804879680043,9430836.010618659,31862724.506105356,23875.57900488352,9430411.61591318,31861814.388722427,23875.57900488352
9430927.269325614,31863235.959413514,23378.19194228178,6.757821192979806,9430594.133327091,31862837.295338742,22880.804879680043,9431018.52803257,31863747.41272167,22880.804879680043,9431260.405324135,31863634.62348828,23875.57900488352,9430836.010618659,31862724.506105356,23875.57900488352
9431351.664031092,31864146.07679644,23378.19194228178,6.73246805796491,9431018.52803257,31863747.41272167,22880.804879680043,9431442.922738047,31864657.530104596,22880.804879680043,9431684.800029615,31864544.740871202,23875.57900488352,9431260.405324135,31863634.62348828,23875.57900488352
9431776.05873657,31865056.194179364,23378.19194228178,7.124681962586154,9431442.922738047,31864657.530104596,22880.804879680043,9431867.317443524,31865567.64748752,22880.804879680043,9432109.194735093,31865454.858254127,23875.57900488352,9431684.800029615,31864544.740871202,23875.57900488352
9432200.453442046,31865966.31156229,23378.19194228178,7.1581878639287115,9431867.317443524,31865567.64748752,22880.804879680043,9432291.712149004,31866477.764870442,22880.804879680043,9432533.58944057,31866364.975637056,23875.57900488352,9432109.194735093,31865454.858254127,23875.57900488352
9432624.848147525,31866876.428945214,23378.19194228178,4.833900236678528,9432291.712149004,31866477.764870442,22880.804879680043,9432716.106854482,31867387.88225337,22880.804879680043,9432957.984146047,31867275.09301998,23875.57900488352,9432533.58944057,31866364.975637056,23875.57900488352
9433049.242853003,31867786.546328135,23378.19194228178,4.058346292474058,9432716.106854482,31867387.88225337,22880.804879680043,9433140.50155996,31868297.999636296,22880.804879680043,9433382.378851525,31868185.210402902,23875.57900488352,9432957.984146047,31867275.09301998,23875.57900488352
9433473.63755848,31868696.66371106,23378.19194228178,1.7602937633961797,9433140.50155996,31868297.999636296,22880.804879680043,9433564.896265436,31869208.11701922,22880.804879680043,9433806.773557004,31869095.327785827,23875.57900488352,9433382.378851525,31868185.210402902,23875.57900488352
9433898.032263959,31869606.781093985,23378.19194228178,1.7646792650811598,9433564.896265436,31869208.11701922,22880.804879680043,9433989.290970914,31870118.234402142,22880.804879680043,9434231.16826248,31870005.445168752,23875.57900488352,9433806.773557004,31869095.327785827,23875.57900488352
9434322.426969437,31870516.89847691,23378.19194228178,1.0239215431517232,9433989.290970914,31870118.234402142,22880.804879680043,9434413.685676392,31871028.35178507,22880.804879680043,9434655.562967958,31870915.56255168,23875.57900488352,9434231.16826248,31870005.445168752,23875.57900488352
9434746.821674913,31871427.015859835,23378.19194228178,0.4683746872748393,9434413.685676392,31871028.35178507,22880.804879680043,9434838.080381868,31871938.469167996,22880.804879680043,9435079.957673438,31871825.679934602,23875.57900488352,9434655.562967958,31870915.56255168,23875.57900488352
9435171.216380391,31872337.133242764,23378.19194228178,0.41838346912938085,9434838.080381868,31871938.469167996,22880.804879680043,9435262.475087347,31872848.58655092,22880.804879680043,9435504.352378914,31872735.797317527,23875.57900488352,9435079.957673438,31871825.679934602,23875.57900488352
9435595.61108587,31873247.250625685,23378.19194228178,0.34352913869381235,9435262.475087347,31872848.58655092,22880.804879680043,9435686.869792826,31873758.703933846,22880.804879680043,9435928.747084394,31873645.914700452,23875.57900488352,9435504.352378914,31872735.797317527,23875.57900488352
9436020.005791347,31874157.36800861,23378.19194228178,0.13675094873568802,9435686.869792826,31873758.703933846,22880.804879680043,9436111.264498305,31874668.821316767,22880.804879680043,9436353.14178987,31874556.03208338,23875.57900488352,9435928.747084394,31873645.914700452,23875.57900488352
9436444.400496826,31875067.48539154,23378.19194228178,0.1656840006576923,9436111.264498305,31874668.821316767,22880.804879680043,9436535.659203783,31875578.938699696,22880.804879680043,9436777.536495348,31875466.149466306,23875.57900488352,9436353.14178987,31874556.03208338,23875.57900488352
9436868.795202306,31875977.602774464,23378.19194228178,0.4192676579295484,9436535.659203783,31875578.938699696,22880.804879680043,9436960.053909259,31876489.05608262,22880.804879680043,9437201.931200827,31876376.26684923,23875.57900488352,9436777.536495348,31875466.149466306,23875.57900488352
9437293.189907782,31876887.72015739,23378.19194228178,0.3712529792503551,9436960.053909259,31876489.05608262,22880.804879680043,9437384.448614737,31877399.173465546,22880.804879680043,9437626.325906303,31877286.384232152,23875.57900488352,9437201.931200827,31876376.26684923,23875.57900488352
9437717.58461326,31877797.83754031,23378.19194228178,0.47225513040977346,9437384.448614737,31877399.173465546,22880.804879680043,9437808.843320215,31878309.290848467,22880.804879680043,9438050.72061178,31878196.501615077,23875.57900488352,9437626.325906303,31877286.384232152,23875.57900488352
9438141.979318738,31878707.954923235,23378.19194228178,1.0217933923043385,9437808.843320215,31878309.290848467,22880.804879680043,9438233.238025691,31879219.408231396,22880.804879680043,9438475.11531726,31879106.618998006,23875.57900488352,9438050.72061178,31878196.501615077,23875.57900488352
9438566.374024214,31879618.072306164,23378.19194228178,0.6341334739909396,9438233.238025691,31879219.408231396,22880.804879680043,9438657.632731171,31880129.52561432,22880.804879680043,9438899.510022737,31880016.736380927,23875.57900488352,9438475.11531726,31879106.618998006,23875.57900488352
