clon,clat,cdep,slip,lon1,lat1,dep1,lon2,lat2,dep2,lon3,lat3,dep3,lon4,lat4,dep4
9401600.358030353,31813212.880510006,6487.804878048781,1.4682004879699049,9401306.48487016,31812787.632115196,6000.0,9401648.58252823,31813727.537705988,6000.0,9401894.231190545,31813638.12890482,6975.609756097561,9401552.133532476,31812698.223314025,6975.609756097561
9401942.455688423,31814152.7861008,6487.804878048781,1.8022097186240689,9401648.58252823,31813727.537705988,6000.0,9401990.680186298,31814667.443296783,6000.0,9402236.328848613,31814578.03449561,6975.609756097561,9401894.231190545,31813638.12890482,6975.609756097561
9402284.553346492,31815092.691691592,6487.804878048781,1.9834429425670663,9401990.680186298,31814667.443296783,6000.0,9402332.777844368,31815607.348887574,6000.0,9402578.426506683,31815517.940086402,6975.609756097561,9402236.328848613,31814578.03449561,6975.609756097561
9402626.651004558,31816032.597282387,6487.804878048781,2.181229349208675,9402332.777844368,31815607.348887574,6000.0,9402674.875502435,31816547.25447837,6000.0,9402920.524164753,31816457.8456772,6975.609756097561,9402578.426506683,31815517.940086402,6975.609756097561
9402968.74866263,31816972.502873186,6487.804878048781,2.1892794042765007,9402674.875502435,31816547.25447837,6000.0,9403016.973160505,31817487.160069164,6000.0,9403262.621822821,31817397.751267992,6975.609756097561,9402920.524164753,31816457.8456772,6975.609756097561
9403310.8463207,31817912.408463974,6487.804878048781,2.141070654691052,9403016.973160505,31817487.160069164,6000.0,9403359.070818575,31818427.065659955,6000.0,9403604.71948089,31818337.656858783,6975.609756097561,9403262.621822821,31817397.751267992,6975.609756097561
9403652.943978768,31818852.31405477,6487.804878048781,1.8529272889128117,9403359.070818575,31818427.065659955,6000.0,9403701.168476643,31819366.97125075,6000.0,9403946.81713896,31819277.562449582,6975.609756097561,9403604.71948089,31818337.656858783,6975.609756097561
9403995.041636838,31819792.219645564,6487.804878048781,2.2924408618727794,9403701.168476643,31819366.97125075,6000.0,9404043.266134715,31820306.876841545,6000.0,9404288.914797029,31820217.468040373,6975.609756097561,9403946.81713896,31819277.562449582,6975.609756097561
9404337.139294907,31820732.125236355,6487.804878048781,2.318934782244718,9404043.266134715,31820306.876841545,6000.0,9404385.363792783,31821246.782432336,6000.0,9404631.012455098,31821157.373631164,6975.609756097561,9404288.914797029,31820217.468040373,6975.609756097561
9404679.236952975,31821672.030827146,6487.804878048781,2.391507173980598,9404385.363792783,31821246.782432336,6000.0,9404727.46145085,31822186.688023128,6000.0,9404973.110113168,31822097.27922196,6975.609756097561,9404631.012455098,31821157.373631164,6975.609756097561
9405021.334611045,31822611.936417945,6487.804878048781,2.3852864045546993,9404727.46145085,31822186.688023128,6000.0,9405069.559108922,31823126.593613923,6000.0,9405315.207771236,31823037.184812754,6975.609756097561,9404973.110113168,31822097.27922196,6975.609756097561
9405363.432269115,31823551.84200874,6487.804878048781,2.4670879602567544,9405069.559108922,31823126.593613923,6000.0,9405411.65676699,31824066.499204718,6000.0,9405657.305429306,31823977.090403546,6975.609756097561,9405315.207771236,31823037.184812754,6975.609756097561
9405705.529927183,31824491.747599527,6487.804878048781,2.89136868357644,9405411.65676699,31824066.499204718,6000.0,9405753.754425058,31825006.40479551,6000.0,9405999.403087376,31824916.99599434,6975.609756097561,9405657.305429306,31823977.090403546,6975.609756097561
9406047.627585253,31825431.653190326,6487.804878048781,3.479553978826281,9405753.754425058,31825006.40479551,6000.0,9406095.85208313,31825946.310386304,6000.0,9406341.500745444,31825856.901585136,6975.609756097561,9405999.403087376,31824916.99599434,6975.609756097561
9406389.725243323,31826371.558781117,6487.804878048781,3.76704402937261,9406095.85208313,31825946.310386304,6000.0,9406437.9497412,31826886.2159771,6000.0,9406683.598403513,31826796.807175927,6975.609756097561,9406341.500745444,31825856.901585136,6975.609756097561
9406731.82290139,31827311.46437191,6487.804878048781,3.3452150330258794,9406437.9497412,31826886.2159771,6000.0,9406780.047399266,31827826.12156789,6000.0,9407025.696061583,31827736.71276672,6975.609756097561,9406683.598403513,31826796.807175927,6975.609756097561
9407073.92055946,31828251.3699627,6487.804878048781,2.764747314523802,9406780.047399266,31827826.12156789,6000.0,9407122.145057337,31828766.02715868,6000.0,9407367.793719651,31828676.618357513,6975.609756097561,9407025.696061583,31827736.71276672,6975.609756097561
9407416.01821753,31829191.2755535,6487.804878048781,2.4741054941447196,9407122.145057337,31828766.02715868,6000.0,9407464.242715407,31829705.93274948,6000.0,9407709.891377721,31829616.523948308,6975.609756097561,9407367.793719651,31828676.618357513,6975.609756097561
9407758.115875598,31830131.181144293,6487.804878048781,2.1095045906600003,9407464.242715407,31829705.93274948,6000.0,9407806.340373475,31830645.83834027,6000.0,9408051.98903579,31830556.429539103,6975.609756097561,9407709.891377721,31829616.523948308,6975.609756097561
9408100.213533668,31831071.08673508,6487.804878048781,2.0204325931828793,9407806.340373475,31830645.83834027,6000.0,9408148.438031545,31831585.743931063,6000.0,9408394.086693859,31831496.335129894,6975.609756097561,9408051.98903579,31830556.429539103,6975.609756097561
9408442.311191738,31832010.99232588,6487.804878048781,2.073282370566233,9408148.438031545,31831585.743931063,6000.0,9408490.535689615,31832525.64952186,6000.0,9408736.184351929,31832436.24072069,6975.609756097561,9408394.086693859,31831496.335129894,6975.609756097561
9408784.408849806,31832950.897916667,6487.804878048781,2.257109288458782,9408490.535689615,31832525.64952186,6000.0,9408832.633347683,31833465.55511265,6000.0,9409078.282009998,31833376.146311484,6975.609756097561,9408736.184351929,31832436.24072069,6975.609756097561
9409126.506507875,31833890.803507462,6487.804878048781,2.0834150611564666,9408832.633347683,31833465.55511265,6000.0,9409174.731005752,31834405.460703444,6000.0,9409420.379668066,31834316.051902276,6975.609756097561,9409078.282009998,31833376.146311484,6975.609756097561
9409468.604165945,31834830.709098257,6487.804878048781,1.9632570136984433,9409174.731005752,31834405.460703444,6000.0,9409516.828663822,31835345.36629424,6000.0,9409762.477326136,31835255.957493067,6975.609756097561,9409420.379668066,31834316.051902276,6975.609756097561
9409810.701824013,31835770.614689052,6487.804878048781,1.916043881318304,9409516.828663822,31835345.36629424,6000.0,9409858.92632189,31836285.271885034,6000.0,9410104.574984206,31836195.86308386,6975.609756097561,9409762.477326136,31835255.957493067,6975.609756097561
9410152.799482083,31836710.520279847,6487.804878048781,1.5609168556906918,9409858.92632189,31836285.271885034,6000.0,9410201.02397996,31837225.177475825,6000.0,9410446.672642274,31837135.768674657,6975.609756097561,9410104.574984206,31836195.86308386,6975.609756097561
9410494.89714015,31837650.42587064,6487.804878048781,1.1031207637307074,9410201.02397996,31837225.177475825,6000.0,9410543.12163803,31838165.08306662,6000.0,9410788.770300344,31838075.674265448,6975.609756097561,9410446.672642274,31837135.768674657,6975.609756097561
9410836.99479822,31838590.331461433,6487.804878048781,0.8760888643963238,9410543.12163803,31838165.08306662,6000.0,9410885.219296098,31839104.988657415,6000.0,9411130.867958413,31839015.579856243,6975.609756097561,9410788.770300344,31838075.674265448,6975.609756097561
9411179.09245629,31839530.23705222,6487.804878048781,0.6255405881706331,9410885.219296098,31839104.988657415,6000.0,9411227.316954168,31840044.894248202,6000.0,9411472.965616481,31839955.485447034,6975.609756097561,9411130.867958413,31839015.579856243,6975.609756097561
9411521.190114358,31840470.14264302,6487.804878048781,0.5490757860613265,9411227.316954168,31840044.894248202,6000.0,9411569.414612237,31840984.799839,6000.0,9411815.063274551,31840895.39103783,6975.609756097561,9411472.965616481,31839955.485447034,6975.609756097561
9411863.287772428,31841410.04823381,6487.804878048781,0.546764968156229,9411569.414612237,31840984.799839,6000.0,9411911.512270305,31841924.705429792,6000.0,9412157.160932623,31841835.29662862,6975.609756097561,9411815.063274551,31840895.39103783,6975.609756097561
9412205.385430498,31842349.953824602,6487.804878048781,0.6740262921252068,9411911.512270305,31841924.705429792,6000.0,9412253.609928375,31842864.611020584,6000.0,9412499.258590689,31842775.202219415,6975.609756097561,9412157.160932623,31841835.29662862,6975.609756097561
9412547.483088566,31843289.859415397,6487.804878048781,1.1723236615386115,9412253.609928375,31842864.611020584,6000.0,9412595.707586445,31843804.516611382,6000.0,9412841.356248759,31843715.10781021,6975.609756097561,9412499.258590689,31842775.202219415,6975.609756097561
9412889.580746636,31844229.765006192,6487.804878048781,1.4511615046436088,9412595.707586445,31843804.516611382,6000.0,9412937.805244513,31844744.422202174,6000.0,9413183.45390683,31844655.013401,6975.609756097561,9412841.356248759,31843715.10781021,6975.609756097561
9413231.678404706,31845169.67059698,6487.804878048781,1.6209129468971855,9412937.805244513,31844744.422202174,6000.0,9413279.902902583,31845684.327792965,6000.0,9413525.551564898,31845594.918991797,6975.609756097561,9413183.45390683,31844655.013401,6975.609756097561
9413573.776062774,31846109.57618778,6487.804878048781,1.6681369356936198,9413279.902902583,31845684.327792965,6000.0,9413622.000560652,31846624.23338376,6000.0,9413867.649222966,31846534.824582588,6975.609756097561,9413525.551564898,31845594.918991797,6975.609756097561
9413915.873720843,31847049.481778573,6487.804878048781,1.5923693198968516,9413622.000560652,31846624.23338376,6000.0,9413964.09821872,31847564.138974555,6000.0,9414209.746881038,31847474.730173383,6975.609756097561,9413867.649222966,31846534.824582588,6975.609756097561
9414257.971378915,31847989.387369365,6487.804878048781,1.3534024381734946,9413964.09821872,31847564.138974555,6000.0,9414306.19587679,31848504.044565346,6000.0,9414551.844539106,31848414.635764178,6975.609756097561,9414209.746881038,31847474.730173383,6975.609756097561
9414600.069036981,31848929.29296016,6487.804878048781,1.1605529094686613,9414306.19587679,31848504.044565346,6000.0,9414648.29353486,31849443.950156137,6000.0,9414893.942197176,31849354.54135497,6975.609756097561,9414551.844539106,31848414.635764178,6975.609756097561
9414942.166695053,31849869.19855095,6487.804878048781,1.0578983592487767,9414648.29353486,31849443.950156137,6000.0,9414990.391192928,31850383.855746936,6000.0,9415236.039855246,31850294.446945764,6975.609756097561,9414893.942197176,31849354.54135497,6975.609756097561
9415284.264353123,31850809.104141746,6487.804878048781,1.2658081054105348,9414990.391192928,31850383.855746936,6000.0,9415332.488850998,31851323.761337727,6000.0,9415578.137513313,31851234.35253656,6975.609756097561,9415236.039855246,31850294.446945764,6975.609756097561
9415626.36201119,31851749.009732537,6487.804878048781,1.630984909065224,9415332.488850998,31851323.761337727,6000.0,9415674.586509068,31852263.66692852,6000.0,9415920.235171383,31852174.25812735,6975.609756097561,9415578.137513313,31851234.35253656,6975.609756097561
9415968.459669258,31852688.915323332,6487.804878048781,1.5415319888275307,9415674.586509068,31852263.66692852,6000.0,9416016.684167136,31853203.572519314,6000.0,9416262.332829453,31853114.16371814,6975.609756097561,9415920.235171383,31852174.25812735,6975.609756097561
9416310.55732733,31853628.820914127,6487.804878048781,1.2667640188372666,9416016.684167136,31853203.572519314,6000.0,9416358.781825205,31854143.47811011,6000.0,9416604.430487521,31854054.06930894,6975.609756097561,9416262.332829453,31853114.16371814,6975.609756097561
9416652.654985398,31854568.726504922,6487.804878048781,1.280376114827894,9416358.781825205,31854143.47811011,6000.0,9416700.879483275,31855083.3837009,6000.0,9416946.52814559,31854993.97489973,6975.609756097561,9416604.430487521,31854054.06930894,6975.609756097561
9416994.752643468,31855508.632095713,6487.804878048781,1.644861950294731,9416700.879483275,31855083.3837009,6000.0,9417042.977141343,31856023.289291695,6000.0,9417288.62580366,31855933.880490523,6975.609756097561,9416946.52814559,31854993.97489973,6975.609756097561
9417336.850301536,31856448.537686504,6487.804878048781,1.449616893923665,9417042.977141343,31856023.289291695,6000.0,9417385.074799413,31856963.19488249,6000.0,9417630.723461729,31856873.78608132,6975.609756097561,9417288.62580366,31855933.880490523,6975.609756097561
9417678.947959606,31857388.4432773,6487.804878048781,1.2676690696925081,9417385.074799413,31856963.19488249,6000.0,9417727.172457483,31857903.10047328,6000.0,9417972.821119798,31857813.691672113,6975.609756097561,9417630.723461729,31856873.78608132,6975.609756097561
9418021.045617675,31858328.34886809,6487.804878048781,0.9923564464501948,9417727.172457483,31857903.10047328,6000.0,9418069.27011555,31858843.006064076,6000.0,9418314.918777866,31858753.597262904,6975.609756097561,9417972.821119798,31857813.691672113,6975.609756097561
9418363.143275745,31859268.254458886,6487.804878048781,0.8526966855374317,9418069.27011555,31858843.006064076,6000.0,9418411.36777362,31859782.911654867,6000.0,9418657.016435936,31859693.5028537,6975.609756097561,9418314.918777866,31858753.597262904,6975.609756097561
9418705.240933813,31860208.16004968,6487.804878048781,0.7755585465861405,9418411.36777362,31859782.911654867,6000.0,9418753.465431692,31860722.817245662,6000.0,9418999.114094006,31860633.408444494,6975.609756097561,9418657.016435936,31859693.5028537,6975.609756097561
9419047.338591883,31861148.065640476,6487.804878048781,1.0124183278090875,9418753.465431692,31860722.817245662,6000.0,9419095.563089758,31861662.722836457,6000.0,9419341.211752074,31861573.314035285,6975.609756097561,9418999.114094006,31860633.408444494,6975.609756097561
9419389.436249953,31862087.971231267,6487.804878048781,1.2622639356083356,9419095.563089758,31861662.722836457,6000.0,9419437.660747828,31862602.62842725,6000.0,9419683.309410144,31862513.219626077,6975.609756097561,9419341.211752074,31861573.314035285,6975.609756097561
9419731.53390802,31863027.876822058,6487.804878048781,0.9743008806219092,9419437.660747828,31862602.62842725,6000.0,9419779.7584059,31863542.53401804,6000.0,9420025.407068213,31863453.125216875,6975.609756097561,9419683.309410144,31862513.219626077,6975.609756097561
9420073.63156609,31863967.782412857,6487.804878048781,0.7817821847191851,9419779.7584059,31863542.53401804,6000.0,9420121.856063968,31864482.43960884,6000.0,9420367.504726281,31864393.030807666,6975.609756097561,9420025.407068213,31863453.125216875,6975.609756097561
9420415.72922416,31864907.688003644,6487.804878048781,0.9862903014695861,9420121.856063968,31864482.43960884,6000.0,9420463.953722036,31865422.34519963,6000.0,9420709.602384351,31865332.936398458,6975.609756097561,9420367.504726281,31864393.030807666,6975.609756097561
9420757.826882228,31865847.59359444,6487.804878048781,1.092934875269692,9420463.953722036,31865422.34519963,6000.0,9420806.051380107,31866362.25079042,6000.0,9421051.700042421,31866272.841989253,6975.609756097561,9420709.602384351,31865332.936398458,6975.609756097561
9421099.924540298,31866787.499185238,6487.804878048781,1.335382578878005,9420806.051380107,31866362.25079042,6000.0,9421148.149038175,31867302.15638122,6000.0,9421393.797700489,31867212.747580048,6975.609756097561,9421051.700042421,31866272.841989253,6975.609756097561
9421442.022198368,31867727.40477603,6487.804878048781,1.2209416181486785,9421148.149038175,31867302.15638122,6000.0,9421490.246696245,31868242.06197201,6000.0,9421735.895358559,31868152.65317084,6975.609756097561,9421393.797700489,31867212.747580048,6975.609756097561
9421784.119856436,31868667.31036682,6487.804878048781,0.827733844020637,9421490.246696245,31868242.06197201,6000.0,9421832.344354315,31869181.967562802,6000.0,9422077.993016629,31869092.558761634,6975.609756097561,9421735.895358559,31868152.65317084,6975.609756097561
9422126.217514506,31869607.215957616,6487.804878048781,0.9126111036071186,9421832.344354315,31869181.967562802,6000.0,9422174.442012383,31870121.873153597,6000.0,9422420.090674696,31870032.464352425,6975.609756097561,9422077.993016629,31869092.558761634,6975.609756097561
9422468.315172575,31870547.121548407,6487.804878048781,0.9873003507240278,9422174.442012383,31870121.873153597,6000.0,9422516.539670452,31871061.77874439,6000.0,9422762.188332766,31870972.369943216,6975.609756097561,9422420.090674696,31870032.464352425,6975.609756097561
9422810.412830643,31871487.027139198,6487.804878048781,1.1470477609314074,9422516.539670452,31871061.77874439,6000.0,9422858.637328522,31872001.684335183,6000.0,9423104.285990836,31871912.275534015,6975.609756097561,9422762.188332766,31870972.369943216,6975.609756097561
9423152.510488713,31872426.932729997,6487.804878048781,1.0988448419920294,9422858.637328522,31872001.684335183,6000.0,9423200.73498659,31872941.58992598,6000.0,9423446.383648904,31872852.181124806,6975.609756097561,9423104.285990836,31871912.275534015,6975.609756097561
9423494.608146783,31873366.83832079,6487.804878048781,0.951949489079881,9423200.73498659,31872941.58992598,6000.0,9423542.83264466,31873881.495516773,6000.0,9423788.481306974,31873792.0867156,6975.609756097561,9423446.383648904,31872852.181124806,6975.609756097561
9423836.70580485,31874306.743911583,6487.804878048781,0.7485394707052097,9423542.83264466,31873881.495516773,6000.0,9423884.93030273,31874821.401107565,6000.0,9424130.578965044,31874731.992306396,6975.609756097561,9423788.481306974,31873792.0867156,6975.609756097561
9424178.80346292,31875246.649502378,6487.804878048781,0.5189790714694815,9423884.93030273,31874821.401107565,6000.0,9424227.027960798,31875761.306698356,6000.0,9424472.676623112,31875671.897897188,6975.609756097561,9424130.578965044,31874731.992306396,6975.609756097561
9424520.90112099,31876186.55509317,6487.804878048781,0.5303967114908794,9424227.027960798,31875761.306698356,6000.0,9424569.125618868,31876701.21228915,6000.0,9424814.774281181,31876611.80348798,6975.609756097561,9424472.676623112,31875671.897897188,6975.609756097561
9424862.998779058,31877126.46068396,6487.804878048781,0.7106810543600764,9424569.125618868,31876701.21228915,6000.0,9424911.223276937,31877641.117879942,6000.0,9425156.871939251,31877551.709078774,6975.609756097561,9424814.774281181,31876611.80348798,6975.609756097561
9425205.096437128,31878066.366274755,6487.804878048781,0.6700162557209742,9424911.223276937,31877641.117879942,6000.0,9425253.320935005,31878581.023470737,6000.0,9425498.96959732,31878491.61466957,6975.609756097561,9425156.871939251,31877551.709078774,6975.609756097561
9425547.194095198,31879006.27186555,6487.804878048781,0.7126789398856119,9425253.320935005,31878581.023470737,6000.0,9425595.418593075,31879520.929061532,6000.0,9425841.06725539,31879431.52026036,6975.609756097561,9425498.96959732,31878491.61466957,6975.609756097561
9425889.291753266,31879946.177456345,6487.804878048781,0.6707715447414183,9425595.418593075,31879520.929061532,6000.0,9425937.516251145,31880460.834652323,6000.0,9426183.164913459,31880371.425851155,6975.609756097561,9425841.06725539,31879431.52026036,6975.609756097561
9426231.389411336,31880886.083047137,6487.804878048781,0.7512273446576017,9425937.516251145,31880460.834652323,6000.0,9426279.613909213,31881400.74024312,6000.0,9426525.262571527,31881311.33144195,6975.609756097561,9426183.164913459,31880371.425851155,6975.609756097561
9426573.487069406,31881825.98863793,6487.804878048781,0.5942392537145944,9426279.613909213,31881400.74024312,6000.0,9426621.711567283,31882340.645833913,6000.0,9426867.360229598,31882251.23703274,6975.609756097561,9426525.262571527,31881311.33144195,6975.609756097561
9426915.584727475,31882765.894228723,6487.804878048781,0.6559519327219544,9426621.711567283,31882340.645833913,6000.0,9426963.809225352,31883280.551424704,6000.0,9427209.457887668,31883191.142623536,6975.609756097561,9426867.360229598,31882251.23703274,6975.609756097561
9427257.682385543,31883705.799819514,6487.804878048781,0.773337554113543,9426963.809225352,31883280.551424704,6000.0,9427305.90688342,31884220.457015496,6000.0,9427551.555545734,31884131.048214328,6975.609756097561,9427209.457887668,31883191.142623536,6975.609756097561
9427599.780043613,31884645.70541031,6487.804878048781,0.7559810831972877,9427305.90688342,31884220.457015496,6000.0,9427648.00454149,31885160.362606294,6000.0,9427893.653203806,31885070.953805123,6975.609756097561,9427551.555545734,31884131.048214328,6975.609756097561
9427941.877701681,31885585.611001104,6487.804878048781,1.0396223596232885,9427648.00454149,31885160.362606294,6000.0,9427990.10219956,31886100.268197086,6000.0,9428235.750861876,31886010.859395918,6975.609756097561,9427893.653203806,31885070.953805123,6975.609756097561
9428283.975359753,31886525.5165919,6487.804878048781,1.050656026814228,9427990.10219956,31886100.268197086,6000.0,9428332.199857628,31887040.173787877,6000.0,9428577.848519944,31886950.76498671,6975.609756097561,9428235.750861876,31886010.859395918,6975.609756097561
9428626.073017823,31887465.42218269,6487.804878048781,0.9752596279888643,9428332.199857628,31887040.173787877,6000.0,9428674.297515698,31887980.079378672,6000.0,9428919.946178013,31887890.670577504,6975.609756097561,9428577.848519944,31886950.76498671,6975.609756097561
9428968.17067589,31888405.327773485,6487.804878048781,0.7502445997899984,9428674.297515698,31887980.079378672,6000.0,9429016.395173768,31888919.984969467,6000.0,9429262.043836083,31888830.576168295,6975.609756097561,9428919.946178013,31887890.670577504,6975.609756097561
9429310.268333958,31889345.233364277,6487.804878048781,0.7468360516057474,9429016.395173768,31888919.984969467,6000.0,9429358.492831836,31889859.89056026,6000.0,9429604.141494151,31889770.48175909,6975.609756097561,9429262.043836083,31888830.576168295,6975.609756097561
9429652.36599203,31890285.13895507,6487.804878048781,0.7717948265398972,9429358.492831836,31889859.89056026,6000.0,9429700.590489905,31890799.796151053,6000.0,9429946.239152221,31890710.38734988,6975.609756097561,9429604.141494151,31889770.48175909,6975.609756097561
9429994.463650098,31891225.044545863,6487.804878048781,0.5657892159344083,9429700.590489905,31890799.796151053,6000.0,9430042.688147975,31891739.70174185,6000.0,9430288.33681029,31891650.292940676,6975.609756097561,9429946.239152221,31890710.38734988,6975.609756097561
9430336.561308168,31892164.950136658,6487.804878048781,0.5545388731720929,9430042.688147975,31891739.70174185,6000.0,9430384.785806043,31892679.60733264,6000.0,9430630.434468359,31892590.19853147,6975.609756097561,9430288.33681029,31891650.292940676,6975.609756097561
9430678.658966236,31893104.855727457,6487.804878048781,0.8581264810662,9430384.785806043,31892679.60733264,6000.0,9430726.883464113,31893619.512923434,6000.0,9430972.532126429,31893530.104122262,6975.609756097561,9430630.434468359,31892590.19853147,6975.609756097561
9431020.756624306,31894044.761318244,6487.804878048781,0.9718411392578904,9430726.883464113,31893619.512923434,6000.0,9431068.981122183,31894559.418514226,6000.0,9431314.629784498,31894470.009713054,6975.609756097561,9430972.532126429,31893530.104122262,6975.609756097561
9431362.854282375,31894984.66690904,6487.804878048781,0.7389301298703734,9431068.981122183,31894559.418514226,6000.0,9431411.07878025,31895499.32410502,6000.0,9431656.727442566,31895409.915303852,6975.609756097561,9431314.629784498,31894470.009713054,6975.609756097561
9431704.951940445,31895924.572499834,6487.804878048781,0.5928826370376188,9431411.07878025,31895499.32410502,6000.0,9431753.17643832,31896439.229695816,6000.0,9431998.825100636,31896349.820894644,6975.609756097561,9431656.727442566,31895409.915303852,6975.609756097561
9432047.049598511,31896864.478090625,6487.804878048781,0.6835363968467415,9431753.17643832,31896439.229695816,6000.0,9432095.27409639,31897379.135286607,6000.0,9432340.922758706,31897289.726485435,6975.609756097561,9431998.825100636,31896349.820894644,6975.609756097561
9432389.147256583,31897804.383681417,6487.804878048781,0.6496474226546948,9432095.27409639,31897379.135286607,6000.0,9432437.37175446,31898319.0408774,6000.0,9432683.020416774,31898229.632076234,6975.609756097561,9432340.922758706,31897289.726485435,6975.609756097561
9432731.244914653,31898744.289272215,6487.804878048781,0.7048531687634115,9432437.37175446,31898319.0408774,6000.0,9432779.469412528,31899258.946468197,6000.0,9433025.118074844,31899169.537667025,6975.609756097561,9432683.020416774,31898229.632076234,6975.609756097561
9433073.34257272,31899684.19486301,6487.804878048781,0.603014953286874,9432779.469412528,31899258.946468197,6000.0,9433121.567070598,31900198.852058988,6000.0,9433367.215732913,31900109.443257816,6975.609756097561,9433025.118074844,31899169.537667025,6975.609756097561
9433415.44023079,31900624.100453798,6487.804878048781,0.42046744613413045,9433121.567070598,31900198.852058988,6000.0,9433463.664728668,31901138.75764978,6000.0,9433709.313390981,31901049.34884861,6975.609756097561,9433367.215732913,31900109.443257816,6975.609756097561
9433757.53788886,31901564.006044596,6487.804878048781,0.4092536969749595,9433463.664728668,31901138.75764978,6000.0,9433805.762386737,31902078.663240574,6000.0,9434051.411049051,31901989.254439406,6975.609756097561,9433709.313390981,31901049.34884861,6975.609756097561
9434099.635546928,31902503.911635388,6487.804878048781,0.41191373452915847,9433805.762386737,31902078.663240574,6000.0,9434147.860044805,31903018.56883137,6000.0,9434393.508707121,31902929.160030197,6975.609756097561,9434051.411049051,31901989.254439406,6975.609756097561
9434441.733204998,31903443.81722618,6487.804878048781,0.32945352022551533,9434147.860044805,31903018.56883137,6000.0,9434489.957702875,31903958.47442216,6000.0,9434735.606365189,31903869.065620992,6975.609756097561,9434393.508707121,31902929.160030197,6975.609756097561
9434783.830863068,31904383.722816974,6487.804878048781,0.4181732055120347,9434489.957702875,31903958.47442216,6000.0,9434832.055360945,31904898.380012956,6000.0,9435077.704023259,31904808.971211787,6975.609756097561,9434735.606365189,31903869.065620992,6975.609756097561
9435125.928521136,31905323.62840777,6487.804878048781,0.46830905604220735,9434832.055360945,31904898.380012956,6000.0,9435174.153019015,31905838.28560375,6000.0,9435419.801681329,31905748.87680258,6975.609756097561,9435077.704023259,31904808.971211787,6975.609756097561
9435468.026179206,31906263.533998564,6487.804878048781,0.4515021200826687,9435174.153019015,31905838.28560375,6000.0,9435516.250677083,31906778.19119454,6000.0,9435761.899339397,31906688.782393374,6975.609756097561,9435419.801681329,31905748.87680258,6975.609756097561
9435810.123837275,31907203.439589355,6487.804878048781,0.6158117061771213,9435516.250677083,31906778.19119454,6000.0,9435858.348335152,31907718.096785333,6000.0,9436103.996997466,31907628.687984165,6975.609756097561,9435761.899339397,31906688.782393374,6975.609756097561
9436152.221495343,31908143.34518015,6487.804878048781,0.5550898421207535,9435858.348335152,31907718.096785333,6000.0,9436200.445993222,31908658.00237613,6000.0,9436446.094655536,31908568.59357496,6975.609756097561,9436103.996997466,31907628.687984165,6975.609756097561
9436494.319153413,31909083.25077094,6487.804878048781,0.5885089007356296,9436200.445993222,31908658.00237613,6000.0,9436542.54365129,31909597.907966923,6000.0,9436788.192313604,31909508.499165755,6975.609756097561,9436446.094655536,31908568.59357496,6975.609756097561
9436836.416811483,31910023.156361733,6487.804878048781,0.5811741607702593,9436542.54365129,31909597.907966923,6000.0,9436884.64130936,31910537.813557714,6000.0,9437130.289971674,31910448.404756546,6975.609756097561,9436788.192313604,31909508.499165755,6975.609756097561
9437178.51446955,31910963.061952528,6487.804878048781,0.5913987601965739,9436884.64130936,31910537.813557714,6000.0,9437226.738967428,31911477.719148513,6000.0,9437472.387629744,31911388.31034734,6975.609756097561,9437130.289971674,31910448.404756546,6975.609756097561
9437520.61212762,31911902.967543323,6487.804878048781,0.7253698407973502,9437226.738967428,31911477.719148513,6000.0,9437568.836625498,31912417.6247393,6000.0,9437814.485287812,31912328.215938136,6975.609756097561,9437472.387629744,31911388.31034734,6975.609756097561
9437862.70978569,31912842.873134118,6487.804878048781,0.4828484150549604,9437568.836625498,31912417.6247393,6000.0,9437910.934283568,31913357.530330095,6000.0,9438156.582945881,31913268.121528927,6975.609756097561,9437814.485287812,31912328.215938136,6975.609756097561
9438204.807443758,31913782.77872491,6487.804878048781,0.6270800018672307,9437910.934283568,31913357.530330095,6000.0,9438253.031941636,31914297.43592089,6000.0,9438498.680603951,31914208.02711972,6975.609756097561,9438156.582945881,31913268.121528927,6975.609756097561
9438546.905101828,31914722.684315696,6487.804878048781,0.7646291219676614,9438253.031941636,31914297.43592089,6000.0,9438595.129599705,31915237.34151168,6000.0,9438840.77826202,31915147.932710513,6975.609756097561,9438498.680603951,31914208.02711972,6975.609756097561
9438889.002759898,31915662.58990649,6487.804878048781,0.7783344934620957,9438595.129599705,31915237.34151168,6000.0,9438937.227257775,31916177.247102477,6000.0,9439182.875920089,31916087.83830131,6975.609756097561,9438840.77826202,31915147.932710513,6975.609756097561
9439231.100417966,31916602.49549729,6487.804878048781,1.000183438849044,9438937.227257775,31916177.247102477,6000.0,9439279.324915843,31917117.15269327,6000.0,9439524.973578159,31917027.7438921,6975.609756097561,9439182.875920089,31916087.83830131,6975.609756097561
9439573.198076036,31917542.40108808,6487.804878048781,1.2393157084811237,9439279.324915843,31917117.15269327,6000.0,9439621.422573913,31918057.058284063,6000.0,9439867.071236229,31917967.649482895,6975.609756097561,9439524.973578159,31917027.7438921,6975.609756097561
9439915.295734106,31918482.306678876,6487.804878048781,1.4905498197687237,9439621.422573913,31918057.058284063,6000.0,9439963.520231983,31918996.963874854,6000.0,9440209.168894297,31918907.555073686,6975.609756097561,9439867.071236229,31917967.649482895,6975.609756097561
9440257.393392174,31919422.212269668,6487.804878048781,1.728248365039252,9439963.520231983,31918996.963874854,6000.0,9440305.61789005,31919936.869465653,6000.0,9440551.266552368,31919847.46066448,6975.609756097561,9440209.168894297,31918907.555073686,6975.609756097561
9440599.491050245,31920362.117860463,6487.804878048781,2.045484731353863,9440305.61789005,31919936.869465653,6000.0,9440647.71554812,31920876.775056444,6000.0,9440893.364210436,31920787.366255272,6975.609756097561,9440551.266552368,31919847.46066448,6975.609756097561
9440941.588708315,31921302.02345125,6487.804878048781,1.8431407383476255,9440647.71554812,31920876.775056444,6000.0,9440989.81320619,31921816.680647235,6000.0,9441235.461868504,31921727.271846067,6975.609756097561,9440893.364210436,31920787.366255272,6975.609756097561
9441283.686366381,31922241.92904205,6487.804878048781,1.9319403489872116,9440989.81320619,31921816.680647235,6000.0,9441331.910864258,31922756.586238034,6000.0,9441577.559526576,31922667.177436862,6975.609756097561,9441235.461868504,31921727.271846067,6975.609756097561
9441625.784024453,31923181.834632844,6487.804878048781,1.9115827211496799,9441331.910864258,31922756.586238034,6000.0,9441674.008522328,31923696.491828825,6000.0,9441919.657184644,31923607.083027653,6975.609756097561,9441577.559526576,31922667.177436862,6975.609756097561
9441967.88168252,31924121.740223635,6487.804878048781,1.7217284156773867,9441674.008522328,31923696.491828825,6000.0,9442016.106180398,31924636.397419617,6000.0,9442261.754842712,31924546.98861845,6975.609756097561,9441919.657184644,31923607.083027653,6975.609756097561
9442309.979340589,31925061.64581443,6487.804878048781,1.8479399399605045,9442016.106180398,31924636.397419617,6000.0,9442358.203838466,31925576.30301041,6000.0,9442603.852500783,31925486.89420924,6975.609756097561,9442261.754842712,31924546.98861845,6975.609756097561
9442652.076998658,31926001.55140522,6487.804878048781,2.008697309650846,9442358.203838466,31925576.30301041,6000.0,9442700.301496536,31926516.208601207,6000.0,9442945.950158851,31926426.799800035,6975.609756097561,9442603.852500783,31925486.89420924,6975.609756097561
9401846.006692667,31813123.471708838,7463.414634146341,1.2809641778915823,9401552.133532476,31812698.223314025,6975.609756097561,9401894.231190545,31813638.12890482,6975.609756097561,9402139.87985286,31813548.720103648,7951.219512195122,9401797.78219479,31812608.814512856,7951.219512195122
9402188.104350736,31814063.37729963,7463.414634146341,1.4996658457943006,9401894.231190545,31813638.12890482,6975.609756097561,9402236.328848613,31814578.03449561,6975.609756097561,9402481.977510927,31814488.625694443,7951.219512195122,9402139.87985286,31813548.720103648,7951.219512195122
9402530.202008806,31815003.282890424,7463.414634146341,2.191541944313574,9402236.328848613,31814578.03449561,6975.609756097561,9402578.426506683,31815517.940086402,6975.609756097561,9402824.075168997,31815428.531285238,7951.219512195122,9402481.977510927,31814488.625694443,7951.219512195122
9402872.299666874,31815943.18848122,7463.414634146341,2.5262302747345786,9402578.426506683,31815517.940086402,6975.609756097561,9402920.524164753,31816457.8456772,6975.609756097561,9403166.172827067,31816368.43687603,7951.219512195122,9402824.075168997,31815428.531285238,7951.219512195122
9403214.397324944,31816883.094072014,7463.414634146341,2.6601593463182276,9402920.524164753,31816457.8456772,6975.609756097561,9403262.621822821,31817397.751267992,6975.609756097561,9403508.270485135,31817308.342466824,7951.219512195122,9403166.172827067,31816368.43687603,7951.219512195122
9403556.494983014,31817822.9996628,7463.414634146341,2.5310985880305097,9403262.621822821,31817397.751267992,6975.609756097561,9403604.71948089,31818337.656858783,6975.609756097561,9403850.368143205,31818248.248057615,7951.219512195122,9403508.270485135,31817308.342466824,7951.219512195122
9403898.592641082,31818762.9052536,7463.414634146341,2.1873503662202847,9403604.71948089,31818337.656858783,6975.609756097561,9403946.81713896,31819277.562449582,6975.609756097561,9404192.465801274,31819188.15364841,7951.219512195122,9403850.368143205,31818248.248057615,7951.219512195122
9404240.690299151,31819702.81084439,7463.414634146341,1.8313921629634182,9403946.81713896,31819277.562449582,6975.609756097561,9404288.914797029,31820217.468040373,6975.609756097561,9404534.563459342,31820128.059239205,7951.219512195122,9404192.465801274,31819188.15364841,7951.219512195122
9404582.787957221,31820642.716435183,7463.414634146341,2.2005031172864364,9404288.914797029,31820217.468040373,6975.609756097561,9404631.012455098,31821157.373631164,6975.609756097561,9404876.661117412,31821067.964829996,7951.219512195122,9404534.563459342,31820128.059239205,7951.219512195122
9404924.88561529,31821582.622025978,7463.414634146341,2.2347097521022494,9404631.012455098,31821157.373631164,6975.609756097561,9404973.110113168,31822097.27922196,6975.609756097561,9405218.758775482,31822007.870420787,7951.219512195122,9404876.661117412,31821067.964829996,7951.219512195122
9405266.983273359,31822522.527616773,7463.414634146341,2.0947896132560615,9404973.110113168,31822097.27922196,6975.609756097561,9405315.207771236,31823037.184812754,6975.609756097561,9405560.856433552,31822947.776011582,7951.219512195122,9405218.758775482,31822007.870420787,7951.219512195122
9405609.080931429,31823462.433207568,7463.414634146341,2.5880799329785598,9405315.207771236,31823037.184812754,6975.609756097561,9405657.305429306,31823977.090403546,6975.609756097561,9405902.95409162,31823887.681602377,7951.219512195122,9405560.856433552,31822947.776011582,7951.219512195122
9405951.178589497,31824402.33879836,7463.414634146341,3.0820567233503073,9405657.305429306,31823977.090403546,6975.609756097561,9405999.403087376,31824916.99599434,6975.609756097561,9406245.05174969,31824827.58719317,7951.219512195122,9405902.95409162,31823887.681602377,7951.219512195122
9406293.276247567,31825342.244389154,7463.414634146341,3.4114713547807067,9405999.403087376,31824916.99599434,6975.609756097561,9406341.500745444,31825856.901585136,6975.609756097561,9406587.14940776,31825767.492783964,7951.219512195122,9406245.05174969,31824827.58719317,7951.219512195122
9406635.373905638,31826282.149979945,7463.414634146341,3.3863077823012615,9406341.500745444,31825856.901585136,6975.609756097561,9406683.598403513,31826796.807175927,6975.609756097561,9406929.24706583,31826707.39837476,7951.219512195122,9406587.14940776,31825767.492783964,7951.219512195122
9406977.471563704,31827222.05557074,7463.414634146341,3.1512900363618446,9406683.598403513,31826796.807175927,6975.609756097561,9407025.696061583,31827736.71276672,6975.609756097561,9407271.344723897,31827647.30396555,7951.219512195122,9406929.24706583,31826707.39837476,7951.219512195122
9407319.569221774,31828161.96116153,7463.414634146341,3.038736628352006,9407025.696061583,31827736.71276672,6975.609756097561,9407367.793719651,31828676.618357513,6975.609756097561,9407613.442381967,31828587.20955634,7951.219512195122,9407271.344723897,31827647.30396555,7951.219512195122
9407661.666879844,31829101.866752326,7463.414634146341,3.1154314802451157,9407367.793719651,31828676.618357513,6975.609756097561,9407709.891377721,31829616.523948308,6975.609756097561,9407955.540040037,31829527.11514714,7951.219512195122,9407613.442381967,31828587.20955634,7951.219512195122
9408003.764537914,31830041.772343125,7463.414634146341,3.020962372571722,9407709.891377721,31829616.523948308,6975.609756097561,9408051.98903579,31830556.429539103,6975.609756097561,9408297.637698106,31830467.02073793,7951.219512195122,9407955.540040037,31829527.11514714,7951.219512195122
9408345.862195984,31830981.677933913,7463.414634146341,2.9633786354480667,9408051.98903579,31830556.429539103,6975.609756097561,9408394.086693859,31831496.335129894,6975.609756097561,9408639.735356174,31831406.926328722,7951.219512195122,9408297.637698106,31830467.02073793,7951.219512195122
9408687.959854053,31831921.583524708,7463.414634146341,2.7077752408635587,9408394.086693859,31831496.335129894,6975.609756097561,9408736.184351929,31832436.24072069,6975.609756097561,9408981.833014244,31832346.83191952,7951.219512195122,9408639.735356174,31831406.926328722,7951.219512195122
9409030.05751212,31832861.489115503,7463.414634146341,2.8194063982997974,9408736.184351929,31832436.24072069,6975.609756097561,9409078.282009998,31833376.146311484,6975.609756097561,9409323.930672314,31833286.737510312,7951.219512195122,9408981.833014244,31832346.83191952,7951.219512195122
9409372.155170191,31833801.394706294,7463.414634146341,2.934412457580461,9409078.282009998,31833376.146311484,6975.609756097561,9409420.379668066,31834316.051902276,6975.609756097561,9409666.028330382,31834226.643101104,7951.219512195122,9409323.930672314,31833286.737510312,7951.219512195122
9409714.25282826,31834741.300297085,7463.414634146341,2.7637636663517,9409420.379668066,31834316.051902276,6975.609756097561,9409762.477326136,31835255.957493067,6975.609756097561,9410008.125988452,31835166.5486919,7951.219512195122,9409666.028330382,31834226.643101104,7951.219512195122
9410056.350486329,31835681.205887884,7463.414634146341,2.0306699112373363,9409762.477326136,31835255.957493067,6975.609756097561,9410104.574984206,31836195.86308386,6975.609756097561,9410350.223646522,31836106.454282694,7951.219512195122,9410008.125988452,31835166.5486919,7951.219512195122
9410398.448144397,31836621.11147868,7463.414634146341,1.437294065693305,9410104.574984206,31836195.86308386,6975.609756097561,9410446.672642274,31837135.768674657,6975.609756097561,9410692.32130459,31837046.359873485,7951.219512195122,9410350.223646522,31836106.454282694,7951.219512195122
9410740.545802468,31837561.017069466,7463.414634146341,1.0186450387829462,9410446.672642274,31837135.768674657,6975.609756097561,9410788.770300344,31838075.674265448,6975.609756097561,9411034.41896266,31837986.26546428,7951.219512195122,9410692.32130459,31837046.359873485,7951.219512195122
9411082.643460536,31838500.922660265,7463.414634146341,0.8194410079689602,9410788.770300344,31838075.674265448,6975.609756097561,9411130.867958413,31839015.579856243,6975.609756097561,9411376.51662073,31838926.171055075,7951.219512195122,9411034.41896266,31837986.26546428,7951.219512195122
9411424.741118606,31839440.828251053,7463.414634146341,0.6101001815723962,9411130.867958413,31839015.579856243,6975.609756097561,9411472.965616481,31839955.485447034,6975.609756097561,9411718.614278797,31839866.076645866,7951.219512195122,9411376.51662073,31838926.171055075,7951.219512195122
9411766.838776674,31840380.733841848,7463.414634146341,0.3774617449169854,9411472.965616481,31839955.485447034,6975.609756097561,9411815.063274551,31840895.39103783,6975.609756097561,9412060.711936867,31840805.98223666,7951.219512195122,9411718.614278797,31839866.076645866,7951.219512195122
9412108.936434744,31841320.63943264,7463.414634146341,0.37835341500104175,9411815.063274551,31840895.39103783,6975.609756097561,9412157.160932623,31841835.29662862,6975.609756097561,9412402.809594937,31841745.887827452,7951.219512195122,9412060.711936867,31840805.98223666,7951.219512195122
9412451.034092814,31842260.545023434,7463.414634146341,0.4604183299012377,9412157.160932623,31841835.29662862,6975.609756097561,9412499.258590689,31842775.202219415,6975.609756097561,9412744.907253005,31842685.793418244,7951.219512195122,9412402.809594937,31841745.887827452,7951.219512195122
9412793.131750884,31843200.450614225,7463.414634146341,0.5709645268437998,9412499.258590689,31842775.202219415,6975.609756097561,9412841.356248759,31843715.10781021,6975.609756097561,9413087.004911074,31843625.699009042,7951.219512195122,9412744.907253005,31842685.793418244,7951.219512195122
9413135.229408951,31844140.35620502,7463.414634146341,0.7510900069694622,9412841.356248759,31843715.10781021,6975.609756097561,9413183.45390683,31844655.013401,6975.609756097561,9413429.102569144,31844565.604599833,7951.219512195122,9413087.004911074,31843625.699009042,7951.219512195122
9413477.327067021,31845080.261795815,7463.414634146341,0.9144964911527458,9413183.45390683,31844655.013401,6975.609756097561,9413525.551564898,31845594.918991797,6975.609756097561,9413771.200227212,31845505.51019063,7951.219512195122,9413429.102569144,31844565.604599833,7951.219512195122
9413819.424725091,31846020.167386606,7463.414634146341,1.2481521679400167,9413525.551564898,31845594.918991797,6975.609756097561,9413867.649222966,31846534.824582588,6975.609756097561,9414113.297885282,31846445.41578142,7951.219512195122,9413771.200227212,31845505.51019063,7951.219512195122
9414161.522383159,31846960.0729774,7463.414634146341,1.3095062178412333,9413867.649222966,31846534.824582588,6975.609756097561,9414209.746881038,31847474.730173383,6975.609756097561,9414455.395543352,31847385.321372215,7951.219512195122,9414113.297885282,31846445.41578142,7951.219512195122
9414503.620041229,31847899.978568196,7463.414634146341,1.395857194371572,9414209.746881038,31847474.730173383,6975.609756097561,9414551.844539106,31848414.635764178,6975.609756097561,9414797.49320142,31848325.226963006,7951.219512195122,9414455.395543352,31847385.321372215,7951.219512195122
9414845.717699299,31848839.884158988,7463.414634146341,1.3915802189212543,9414551.844539106,31848414.635764178,6975.609756097561,9414893.942197176,31849354.54135497,6975.609756097561,9415139.59085949,31849265.132553797,7951.219512195122,9414797.49320142,31848325.226963006,7951.219512195122
9415187.815357367,31849779.78974978,7463.414634146341,1.4328237501038217,9414893.942197176,31849354.54135497,6975.609756097561,9415236.039855246,31850294.446945764,6975.609756097561,9415481.68851756,31850205.038144596,7951.219512195122,9415139.59085949,31849265.132553797,7951.219512195122
9415529.913015436,31850719.695340578,7463.414634146341,1.3640086035766492,9415236.039855246,31850294.446945764,6975.609756097561,9415578.137513313,31851234.35253656,6975.609756097561,9415823.786175627,31851144.943735387,7951.219512195122,9415481.68851756,31850205.038144596,7951.219512195122
9415872.010673506,31851659.600931365,7463.414634146341,1.5346397366356828,9415578.137513313,31851234.35253656,6975.609756097561,9415920.235171383,31852174.25812735,6975.609756097561,9416165.883833697,31852084.84932618,7951.219512195122,9415823.786175627,31851144.943735387,7951.219512195122
9416214.108331574,31852599.50652216,7463.414634146341,1.5618064880594813,9415920.235171383,31852174.25812735,6975.609756097561,9416262.332829453,31853114.16371814,6975.609756097561,9416507.981491767,31853024.754916973,7951.219512195122,9416165.883833697,31852084.84932618,7951.219512195122
9416556.205989644,31853539.41211296,7463.414634146341,1.5557168673811286,9416262.332829453,31853114.16371814,6975.609756097561,9416604.430487521,31854054.06930894,6975.609756097561,9416850.079149835,31853964.66050777,7951.219512195122,9416507.981491767,31853024.754916973,7951.219512195122
9416898.303647714,31854479.31770375,7463.414634146341,2.0137978669092864,9416604.430487521,31854054.06930894,6975.609756097561,9416946.52814559,31854993.97489973,6975.609756097561,9417192.176807905,31854904.56609856,7951.219512195122,9416850.079149835,31853964.66050777,7951.219512195122
9417240.401305782,31855419.22329454,7463.414634146341,2.3085977149190904,9416946.52814559,31854993.97489973,6975.609756097561,9417288.62580366,31855933.880490523,6975.609756097561,9417534.274465974,31855844.471689355,7951.219512195122,9417192.176807905,31854904.56609856,7951.219512195122
9417582.498963851,31856359.128885336,7463.414634146341,1.9926777461693193,9417288.62580366,31855933.880490523,6975.609756097561,9417630.723461729,31856873.78608132,6975.609756097561,9417876.372124042,31856784.37728015,7951.219512195122,9417534.274465974,31855844.471689355,7951.219512195122
9417924.596621921,31857299.03447613,7463.414634146341,1.8624922988390404,9417630.723461729,31856873.78608132,6975.609756097561,9417972.821119798,31857813.691672113,6975.609756097561,9418218.469782112,31857724.28287094,7951.219512195122,9417876.372124042,31856784.37728015,7951.219512195122
9418266.69427999,31858238.94006692,7463.414634146341,1.6552283690008573,9417972.821119798,31857813.691672113,6975.609756097561,9418314.918777866,31858753.597262904,6975.609756097561,9418560.567440182,31858664.188461736,7951.219512195122,9418218.469782112,31857724.28287094,7951.219512195122
9418608.791938059,31859178.845657717,7463.414634146341,1.2841832605980157,9418314.918777866,31858753.597262904,6975.609756097561,9418657.016435936,31859693.5028537,6975.609756097561,9418902.66509825,31859604.094052527,7951.219512195122,9418560.567440182,31858664.188461736,7951.219512195122
9418950.889596129,31860118.751248512,7463.414634146341,1.2456607114749079,9418657.016435936,31859693.5028537,6975.609756097561,9418999.114094006,31860633.408444494,6975.609756097561,9419244.762756322,31860543.999643322,7951.219512195122,9418902.66509825,31859604.094052527,7951.219512195122
9419292.987254199,31861058.656839304,7463.414634146341,1.2084111049321784,9418999.114094006,31860633.408444494,6975.609756097561,9419341.211752074,31861573.314035285,6975.609756097561,9419586.86041439,31861483.905234117,7951.219512195122,9419244.762756322,31860543.999643322,7951.219512195122
9419635.084912267,31861998.5624301,7463.414634146341,0.86500745277381,9419341.211752074,31861573.314035285,6975.609756097561,9419683.309410144,31862513.219626077,6975.609756097561,9419928.958072457,31862423.81082491,7951.219512195122,9419586.86041439,31861483.905234117,7951.219512195122
9419977.182570336,31862938.46802089,7463.414634146341,0.751536410995091,9419683.309410144,31862513.219626077,6975.609756097561,9420025.407068213,31863453.125216875,6975.609756097561,9420271.05573053,31863363.716415703,7951.219512195122,9419928.958072457,31862423.81082491,7951.219512195122
9420319.280228406,31863878.373611685,7463.414634146341,0.721725179485881,9420025.407068213,31863453.125216875,6975.609756097561,9420367.504726281,31864393.030807666,6975.609756097561,9420613.153388599,31864303.6220065,7951.219512195122,9420271.05573053,31863363.716415703,7951.219512195122
9420661.377886476,31864818.279202476,7463.414634146341,0.646427375545437,9420367.504726281,31864393.030807666,6975.609756097561,9420709.602384351,31865332.936398458,6975.609756097561,9420955.251046665,31865243.52759729,7951.219512195122,9420613.153388599,31864303.6220065,7951.219512195122
9421003.475544544,31865758.18479327,7463.414634146341,1.0044774452649585,9420709.602384351,31865332.936398458,6975.609756097561,9421051.700042421,31866272.841989253,6975.609756097561,9421297.348704737,31866183.43318808,7951.219512195122,9420955.251046665,31865243.52759729,7951.219512195122
9421345.573202614,31866698.090384066,7463.414634146341,1.2922497832679303,9421051.700042421,31866272.841989253,6975.609756097561,9421393.797700489,31867212.747580048,6975.609756097561,9421639.446362806,31867123.33877888,7951.219512195122,9421297.348704737,31866183.43318808,7951.219512195122
9421687.670860682,31867637.99597486,7463.414634146341,1.598686328616251,9421393.797700489,31867212.747580048,6975.609756097561,9421735.895358559,31868152.65317084,6975.609756097561,9421981.544020873,31868063.24436967,7951.219512195122,9421639.446362806,31867123.33877888,7951.219512195122
9422029.768518751,31868577.901565652,7463.414634146341,2.1101421393057898,9421735.895358559,31868152.65317084,6975.609756097561,9422077.993016629,31869092.558761634,6975.609756097561,9422323.641678944,31869003.149960462,7951.219512195122,9421981.544020873,31868063.24436967,7951.219512195122
9422371.86617682,31869517.807156444,7463.414634146341,2.3162748750164863,9422077.993016629,31869092.558761634,6975.609756097561,9422420.090674696,31870032.464352425,6975.609756097561,9422665.739337014,31869943.05555126,7951.219512195122,9422323.641678944,31869003.149960462,7951.219512195122
9422713.963834891,31870457.71274724,7463.414634146341,2.3017245724279705,9422420.090674696,31870032.464352425,6975.609756097561,9422762.188332766,31870972.369943216,6975.609756097561,9423007.836995082,31870882.96114205,7951.219512195122,9422665.739337014,31869943.05555126,7951.219512195122
9423056.06149296,31871397.61833803,7463.414634146341,1.7772562300381824,9422762.188332766,31870972.369943216,6975.609756097561,9423104.285990836,31871912.275534015,6975.609756097561,9423349.934653152,31871822.866732843,7951.219512195122,9423007.836995082,31870882.96114205,7951.219512195122
9423398.159151029,31872337.523928825,7463.414634146341,1.718555200115119,9423104.285990836,31871912.275534015,6975.609756097561,9423446.383648904,31872852.181124806,6975.609756097561,9423692.032311222,31872762.77232364,7951.219512195122,9423349.934653152,31871822.866732843,7951.219512195122
9423740.256809097,31873277.42951962,7463.414634146341,1.746790142585708,9423446.383648904,31872852.181124806,6975.609756097561,9423788.481306974,31873792.0867156,6975.609756097561,9424034.12996929,31873702.677914433,7951.219512195122,9423692.032311222,31872762.77232364,7951.219512195122
9424082.354467168,31874217.335110415,7463.414634146341,1.2773821841565858,9423788.481306974,31873792.0867156,6975.609756097561,9424130.578965044,31874731.992306396,6975.609756097561,9424376.22762736,31874642.583505224,7951.219512195122,9424034.12996929,31873702.677914433,7951.219512195122
9424424.452125236,31875157.240701206,7463.414634146341,0.6804014430438223,9424130.578965044,31874731.992306396,6975.609756097561,9424472.676623112,31875671.897897188,6975.609756097561,9424718.32528543,31875582.489096016,7951.219512195122,9424376.22762736,31874642.583505224,7951.219512195122
9424766.549783306,31876097.146291997,7463.414634146341,0.4666150013394274,9424472.676623112,31875671.897897188,6975.609756097561,9424814.774281181,31876611.80348798,6975.609756097561,9425060.422943497,31876522.39468681,7951.219512195122,9424718.32528543,31875582.489096016,7951.219512195122
9425108.647441374,31877037.051882792,7463.414634146341,0.6293785849245249,9424814.774281181,31876611.80348798,6975.609756097561,9425156.871939251,31877551.709078774,6975.609756097561,9425402.520601567,31877462.300277602,7951.219512195122,9425060.422943497,31876522.39468681,7951.219512195122
9425450.745099444,31877976.957473584,7463.414634146341,0.7576385236456081,9425156.871939251,31877551.709078774,6975.609756097561,9425498.96959732,31878491.61466957,6975.609756097561,9425744.618259637,31878402.205868397,7951.219512195122,9425402.520601567,31877462.300277602,7951.219512195122
9425792.842757514,31878916.86306438,7463.414634146341,0.7613956603014852,9425498.96959732,31878491.61466957,6975.609756097561,9425841.06725539,31879431.52026036,6975.609756097561,9426086.715917705,31879342.111459192,7951.219512195122,9425744.618259637,31878402.205868397,7951.219512195122
9426134.940415582,31879856.768655177,7463.414634146341,0.893249423683601,9425841.06725539,31879431.52026036,6975.609756097561,9426183.164913459,31880371.425851155,6975.609756097561,9426428.813575774,31880282.017049983,7951.219512195122,9426086.715917705,31879342.111459192,7951.219512195122
9426477.03807365,31880796.674245965,7463.414634146341,1.0635797239686582,9426183.164913459,31880371.425851155,6975.609756097561,9426525.262571527,31881311.33144195,6975.609756097561,9426770.911233844,31881221.922640778,7951.219512195122,9426428.813575774,31880282.017049983,7951.219512195122
9426819.135731721,31881736.57983676,7463.414634146341,0.9171098388012527,9426525.262571527,31881311.33144195,6975.609756097561,9426867.360229598,31882251.23703274,6975.609756097561,9427113.008891912,31882161.828231573,7951.219512195122,9426770.911233844,31881221.922640778,7951.219512195122
9427161.23338979,31882676.485427555,7463.414634146341,1.1950990571875604,9426867.360229598,31882251.23703274,6975.609756097561,9427209.457887668,31883191.142623536,6975.609756097561,9427455.106549982,31883101.733822364,7951.219512195122,9427113.008891912,31882161.828231573,7951.219512195122
9427503.331047859,31883616.391018346,7463.414634146341,1.1397294613519382,9427209.457887668,31883191.142623536,6975.609756097561,9427551.555545734,31884131.048214328,6975.609756097561,9427797.204208052,31884041.639413156,7951.219512195122,9427455.106549982,31883101.733822364,7951.219512195122
9427845.428705929,31884556.296609137,7463.414634146341,1.0988278124430986,9427551.555545734,31884131.048214328,6975.609756097561,9427893.653203806,31885070.953805123,6975.609756097561,9428139.30186612,31884981.545003954,7951.219512195122,9427797.204208052,31884041.639413156,7951.219512195122
9428187.526363997,31885496.202199936,7463.414634146341,1.3299676983649977,9427893.653203806,31885070.953805123,6975.609756097561,9428235.750861876,31886010.859395918,6975.609756097561,9428481.39952419,31885921.450594746,7951.219512195122,9428139.30186612,31884981.545003954,7951.219512195122
9428529.624022067,31886436.10779073,7463.414634146341,1.430401713069089,9428235.750861876,31886010.859395918,6975.609756097561,9428577.848519944,31886950.76498671,6975.609756097561,9428823.49718226,31886861.356185537,7951.219512195122,9428481.39952419,31885921.450594746,7951.219512195122
9428871.721680136,31887376.01338152,7463.414634146341,1.3376740711607957,9428577.848519944,31886950.76498671,6975.609756097561,9428919.946178013,31887890.670577504,6975.609756097561,9429165.594840327,31887801.261776336,7951.219512195122,9428823.49718226,31886861.356185537,7951.219512195122
9429213.819338204,31888315.918972317,7463.414634146341,1.3759520246833545,9428919.946178013,31887890.670577504,6975.609756097561,9429262.043836083,31888830.576168295,6975.609756097561,9429507.692498397,31888741.167367127,7951.219512195122,9429165.594840327,31887801.261776336,7951.219512195122
9429555.916996274,31889255.82456311,7463.414634146341,1.4193385190844783,9429262.043836083,31888830.576168295,6975.609756097561,9429604.141494151,31889770.48175909,6975.609756097561,9429849.790156467,31889681.072957918,7951.219512195122,9429507.692498397,31888741.167367127,7951.219512195122
9429898.014654344,31890195.7301539,7463.414634146341,1.3366865611520748,9429604.141494151,31889770.48175909,6975.609756097561,9429946.239152221,31890710.38734988,6975.609756097561,9430191.887814535,31890620.978548713,7951.219512195122,9429849.790156467,31889681.072957918,7951.219512195122
9430240.112312412,31891135.635744695,7463.414634146341,1.2036420470665266,9429946.239152221,31890710.38734988,6975.609756097561,9430288.33681029,31891650.292940676,6975.609756097561,9430533.985472605,31891560.884139508,7951.219512195122,9430191.887814535,31890620.978548713,7951.219512195122
9430582.209970482,31892075.54133549,7463.414634146341,1.0805088608382445,9430288.33681029,31891650.292940676,6975.609756097561,9430630.434468359,31892590.19853147,6975.609756097561,9430876.083130674,31892500.7897303,7951.219512195122,9430533.985472605,31891560.884139508,7951.219512195122
9430924.307628551,31893015.446926285,7463.414634146341,1.1363663969232134,9430630.434468359,31892590.19853147,6975.609756097561,9430972.532126429,31893530.104122262,6975.609756097561,9431218.180788742,31893440.695321094,7951.219512195122,9430876.083130674,31892500.7897303,7951.219512195122
9431266.40528662,31893955.352517076,7463.414634146341,0.886530872561459,9430972.532126429,31893530.104122262,6975.609756097561,9431314.629784498,31894470.009713054,6975.609756097561,9431560.278446812,31894380.600911885,7951.219512195122,9431218.180788742,31893440.695321094,7951.219512195122
9431608.50294469,31894895.25810787,7463.414634146341,0.7091440522333341,9431314.629784498,31894470.009713054,6975.609756097561,9431656.727442566,31895409.915303852,6975.609756097561,9431902.376104882,31895320.50650268,7951.219512195122,9431560.278446812,31894380.600911885,7951.219512195122
9431950.600602759,31895835.163698662,7463.414634146341,0.6180818339593439,9431656.727442566,31895409.915303852,6975.609756097561,9431998.825100636,31896349.820894644,6975.609756097561,9432244.47376295,31896260.412093475,7951.219512195122,9431902.376104882,31895320.50650268,7951.219512195122
9432292.698260827,31896775.069289453,7463.414634146341,0.6533074676966049,9431998.825100636,31896349.820894644,6975.609756097561,9432340.922758706,31897289.726485435,6975.609756097561,9432586.57142102,31897200.317684267,7951.219512195122,9432244.47376295,31896260.412093475,7951.219512195122
9432634.795918897,31897714.97488025,7463.414634146341,0.4966715251288185,9432340.922758706,31897289.726485435,6975.609756097561,9432683.020416774,31898229.632076234,6975.609756097561,9432928.66907909,31898140.22327506,7951.219512195122,9432586.57142102,31897200.317684267,7951.219512195122
9432976.893576967,31898654.880471043,7463.414634146341,0.48058221728403655,9432683.020416774,31898229.632076234,6975.609756097561,9433025.118074844,31899169.537667025,6975.609756097561,9433270.766737157,31899080.128865857,7951.219512195122,9432928.66907909,31898140.22327506,7951.219512195122
9433318.991235035,31899594.78606184,7463.414634146341,0.4166727236652806,9433025.118074844,31899169.537667025,6975.609756097561,9433367.215732913,31900109.443257816,6975.609756097561,9433612.864395227,31900020.034456648,7951.219512195122,9433270.766737157,31899080.128865857,7951.219512195122
9433661.088893104,31900534.69165263,7463.414634146341,0.28962226647901984,9433367.215732913,31900109.443257816,6975.609756097561,9433709.313390981,31901049.34884861,6975.609756097561,9433954.962053297,31900959.94004744,7951.219512195122,9433612.864395227,31900020.034456648,7951.219512195122
9434003.186551176,31901474.597243425,7463.414634146341,0.261612612625822,9433709.313390981,31901049.34884861,6975.609756097561,9434051.411049051,31901989.254439406,6975.609756097561,9434297.059711367,31901899.845638234,7951.219512195122,9433954.962053297,31900959.94004744,7951.219512195122
9434345.284209242,31902414.502834216,7463.414634146341,0.3672258748577458,9434051.411049051,31901989.254439406,6975.609756097561,9434393.508707121,31902929.160030197,6975.609756097561,9434639.157369435,31902839.75122903,7951.219512195122,9434297.059711367,31901899.845638234,7951.219512195122
9434687.381867312,31903354.40842501,7463.414634146341,0.5638779397342634,9434393.508707121,31902929.160030197,6975.609756097561,9434735.606365189,31903869.065620992,6975.609756097561,9434981.255027505,31903779.65681982,7951.219512195122,9434639.157369435,31902839.75122903,7951.219512195122
9435029.479525384,31904294.314015802,7463.414634146341,0.4616691987402348,9434735.606365189,31903869.065620992,6975.609756097561,9435077.704023259,31904808.971211787,6975.609756097561,9435323.352685574,31904719.562410615,7951.219512195122,9434981.255027505,31903779.65681982,7951.219512195122
9435371.577183452,31905234.219606597,7463.414634146341,0.38774251548768507,9435077.704023259,31904808.971211787,6975.609756097561,9435419.801681329,31905748.87680258,6975.609756097561,9435665.450343642,31905659.46800141,7951.219512195122,9435323.352685574,31904719.562410615,7951.219512195122
9435713.67484152,31906174.125197396,7463.414634146341,0.4659312059723347,9435419.801681329,31905748.87680258,6975.609756097561,9435761.899339397,31906688.782393374,6975.609756097561,9436007.548001712,31906599.3735922,7951.219512195122,9435665.450343642,31905659.46800141,7951.219512195122
9436055.772499591,31907114.030788183,7463.414634146341,0.5026311369222277,9435761.899339397,31906688.782393374,6975.609756097561,9436103.996997466,31907628.687984165,6975.609756097561,9436349.645659782,31907539.279182993,7951.219512195122,9436007.548001712,31906599.3735922,7951.219512195122
9436397.870157659,31908053.93637898,7463.414634146341,0.4235188984649537,9436103.996997466,31907628.687984165,6975.609756097561,9436446.094655536,31908568.59357496,6975.609756097561,9436691.743317852,31908479.18477379,7951.219512195122,9436349.645659782,31907539.279182993,7951.219512195122
9436739.967815729,31908993.841969773,7463.414634146341,0.5094282469361252,9436446.094655536,31908568.59357496,6975.609756097561,9436788.192313604,31909508.499165755,6975.609756097561,9437033.84097592,31909419.090364583,7951.219512195122,9436691.743317852,31908479.18477379,7951.219512195122
9437082.065473797,31909933.747560564,7463.414634146341,0.5145062267881461,9436788.192313604,31909508.499165755,6975.609756097561,9437130.289971674,31910448.404756546,6975.609756097561,9437375.93863399,31910358.995955374,7951.219512195122,9437033.84097592,31909419.090364583,7951.219512195122
9437424.163131867,31910873.653151356,7463.414634146341,0.47971346829961065,9437130.289971674,31910448.404756546,6975.609756097561,9437472.387629744,31911388.31034734,6975.609756097561,9437718.03629206,31911298.901546173,7951.219512195122,9437375.93863399,31910358.995955374,7951.219512195122
9437766.260789936,31911813.558742154,7463.414634146341,0.4879150690695488,9437472.387629744,31911388.31034734,6975.609756097561,9437814.485287812,31912328.215938136,6975.609756097561,9438060.133950127,31912238.807136964,7951.219512195122,9437718.03629206,31911298.901546173,7951.219512195122
9438108.358448006,31912753.46433295,7463.414634146341,0.5400051042003667,9437814.485287812,31912328.215938136,6975.609756097561,9438156.582945881,31913268.121528927,6975.609756097561,9438402.231608197,31913178.712727755,7951.219512195122,9438060.133950127,31912238.807136964,7951.219512195122
9438450.456106072,31913693.369923737,7463.414634146341,0.7129815163361869,9438156.582945881,31913268.121528927,6975.609756097561,9438498.680603951,31914208.02711972,6975.609756097561,9438744.329266267,31914118.61831855,7951.219512195122,9438402.231608197,31913178.712727755,7951.219512195122
9438792.553764144,31914633.27551453,7463.414634146341,1.0943736240225843,9438498.680603951,31914208.02711972,6975.609756097561,9438840.77826202,31915147.932710513,6975.609756097561,9439086.426924335,31915058.52390934,7951.219512195122,9438744.329266267,31914118.61831855,7951.219512195122
9439134.651422214,31915573.181105323,7463.414634146341,1.1137831125623976,9438840.77826202,31915147.932710513,6975.609756097561,9439182.875920089,31916087.83830131,6975.609756097561,9439428.524582405,31915998.429500137,7951.219512195122,9439086.426924335,31915058.52390934,7951.219512195122
9439476.749080282,31916513.086696118,7463.414634146341,1.1372510900122657,9439182.875920089,31916087.83830131,6975.609756097561,9439524.973578159,31917027.7438921,6975.609756097561,9439770.622240474,31916938.33509093,7951.219512195122,9439428.524582405,31915998.429500137,7951.219512195122
9439818.846738352,31917452.992286913,7463.414634146341,1.4481563753566056,9439524.973578159,31917027.7438921,6975.609756097561,9439867.071236229,31917967.649482895,6975.609756097561,9440112.719898542,31917878.240681726,7951.219512195122,9439770.622240474,31916938.33509093,7951.219512195122
9440160.944396421,31918392.897877708,7463.414634146341,1.4880876972152863,9439867.071236229,31917967.649482895,6975.609756097561,9440209.168894297,31918907.555073686,6975.609756097561,9440454.817556612,31918818.146272514,7951.219512195122,9440112.719898542,31917878.240681726,7951.219512195122
9440503.04205449,31919332.803468496,7463.414634146341,1.630233958202723,9440209.168894297,31918907.555073686,6975.609756097561,9440551.266552368,31919847.46066448,6975.609756097561,9440796.915214682,31919758.051863313,7951.219512195122,9440454.817556612,31918818.146272514,7951.219512195122
9440845.139712559,31920272.709059294,7463.414634146341,1.8243812925361182,9440551.266552368,31919847.46066448,6975.609756097561,9440893.364210436,31920787.366255272,6975.609756097561,9441139.01287275,31920697.957454104,7951.219512195122,9440796.915214682,31919758.051863313,7951.219512195122
9441187.237370629,31921212.61465008,7463.414634146341,1.9532980442094379,9440893.364210436,31920787.366255272,6975.609756097561,9441235.461868504,31921727.271846067,6975.609756097561,9441481.11053082,31921637.863044895,7951.219512195122,9441139.01287275,31920697.957454104,7951.219512195122
9441529.335028697,31922152.520240877,7463.414634146341,2.0735015944670554,9441235.461868504,31921727.271846067,6975.609756097561,9441577.559526576,31922667.177436862,6975.609756097561,9441823.20818889,31922577.768635694,7951.219512195122,9441481.11053082,31921637.863044895,7951.219512195122
9441871.432686767,31923092.42583167,7463.414634146341,2.0880890939121795,9441577.559526576,31922667.177436862,6975.609756097561,9441919.657184644,31923607.083027653,6975.609756097561,9442165.305846957,31923517.674226485,7951.219512195122,9441823.20818889,31922577.768635694,7951.219512195122
9442213.530344836,31924032.331422467,7463.414634146341,2.1432392271040004,9441919.657184644,31923607.083027653,6975.609756097561,9442261.754842712,31924546.98861845,6975.609756097561,9442507.403505027,31924457.579817276,7951.219512195122,9442165.305846957,31923517.674226485,7951.219512195122
9442555.628002904,31924972.237013258,7463.414634146341,1.9682953837549115,9442261.754842712,31924546.98861845,6975.609756097561,9442603.852500783,31925486.89420924,6975.609756097561,9442849.501163097,31925397.48540807,7951.219512195122,9442507.403505027,31924457.579817276,7951.219512195122
9442897.725660974,31925912.14260405,7463.414634146341,1.6712198280191053,9442603.852500783,31925486.89420924,6975.609756097561,9442945.950158851,31926426.799800035,6975.609756097561,9443191.598821165,31926337.390998866,7951.219512195122,9442849.501163097,31925397.48540807,7951.219512195122
9402091.655354982,31813034.062907666,8439.024390243902,1.8758504222117702,9401797.78219479,31812608.814512856,7951.219512195122,9402139.87985286,31813548.720103648,7951.219512195122,9402385.528515175,31813459.31130248,8926.829268292682,9402043.430857105,31812519.405711684,8926.829268292682
9402433.753013052,31813973.96849846,8439.024390243902,2.0298104183089047,9402139.87985286,31813548.720103648,7951.219512195122,9402481.977510927,31814488.625694443,7951.219512195122,9402727.626173245,31814399.21689327,8926.829268292682,9402385.528515175,31813459.31130248,8926.829268292682
9402775.850671122,31814913.874089252,8439.024390243902,2.1453827595395563,9402481.977510927,31814488.625694443,7951.219512195122,9402824.075168997,31815428.531285238,7951.219512195122,9403069.723831313,31815339.122484066,8926.829268292682,9402727.626173245,31814399.21689327,8926.829268292682
9403117.948329192,31815853.779680047,8439.024390243902,2.207861788264053,9402824.075168997,31815428.531285238,7951.219512195122,9403166.172827067,31816368.43687603,7951.219512195122,9403411.821489383,31816279.02807486,8926.829268292682,9403069.723831313,31815339.122484066,8926.829268292682
9403460.045987258,31816793.685270846,8439.024390243902,2.2723157432729737,9403166.172827067,31816368.43687603,7951.219512195122,9403508.270485135,31817308.342466824,7951.219512195122,9403753.919147452,31817218.93366565,8926.829268292682,9403411.821489383,31816279.02807486,8926.829268292682
9403802.14364533,31817733.590861633,8439.024390243902,2.507138911496243,9403508.270485135,31817308.342466824,7951.219512195122,9403850.368143205,31818248.248057615,7951.219512195122,9404096.01680552,31818158.839256443,8926.829268292682,9403753.919147452,31817218.93366565,8926.829268292682
9404144.2413034,31818673.49645243,8439.024390243902,2.5559580874655126,9403850.368143205,31818248.248057615,7951.219512195122,9404192.465801274,31819188.15364841,7951.219512195122,9404438.11446359,31819098.74484724,8926.829268292682,9404096.01680552,31818158.839256443,8926.829268292682
9404486.338961467,31819613.402043223,8439.024390243902,2.5959081541352584,9404192.465801274,31819188.15364841,7951.219512195122,9404534.563459342,31820128.059239205,7951.219512195122,9404780.21212166,31820038.650438033,8926.829268292682,9404438.11446359,31819098.74484724,8926.829268292682
9404828.436619535,31820553.307634015,8439.024390243902,3.003557795392106,9404534.563459342,31820128.059239205,7951.219512195122,9404876.661117412,31821067.964829996,7951.219512195122,9405122.309779728,31820978.556028824,8926.829268292682,9404780.21212166,31820038.650438033,8926.829268292682
9405170.534277607,31821493.213224806,8439.024390243902,2.9619197943078563,9404876.661117412,31821067.964829996,7951.219512195122,9405218.758775482,31822007.870420787,7951.219512195122,9405464.407437798,31821918.46161962,8926.829268292682,9405122.309779728,31820978.556028824,8926.829268292682
9405512.631935675,31822433.118815605,8439.024390243902,2.805895616719833,9405218.758775482,31822007.870420787,7951.219512195122,9405560.856433552,31822947.776011582,7951.219512195122,9405806.505095867,31822858.367210414,8926.829268292682,9405464.407437798,31821918.46161962,8926.829268292682
9405854.729593745,31823373.0244064,8439.024390243902,3.2871215497091093,9405560.856433552,31822947.776011582,7951.219512195122,9405902.95409162,31823887.681602377,7951.219512195122,9406148.602753935,31823798.272801206,8926.829268292682,9405806.505095867,31822858.367210414,8926.829268292682
9406196.827251812,31824312.929997187,8439.024390243902,3.5654941352370675,9405902.95409162,31823887.681602377,7951.219512195122,9406245.05174969,31824827.58719317,7951.219512195122,9406490.700412005,31824738.178392,8926.829268292682,9406148.602753935,31823798.272801206,8926.829268292682
9406538.924909882,31825252.835587986,8439.024390243902,3.8189680160011403,9406245.05174969,31824827.58719317,7951.219512195122,9406587.14940776,31825767.492783964,7951.219512195122,9406832.798070075,31825678.083982795,8926.829268292682,9406490.700412005,31824738.178392,8926.829268292682
9406881.022567952,31826192.741178777,8439.024390243902,3.6727841085973987,9406587.14940776,31825767.492783964,7951.219512195122,9406929.24706583,31826707.39837476,7951.219512195122,9407174.895728143,31826617.989573587,8926.829268292682,9406832.798070075,31825678.083982795,8926.829268292682
9407223.12022602,31827132.64676957,8439.024390243902,3.6424681438795146,9406929.24706583,31826707.39837476,7951.219512195122,9407271.344723897,31827647.30396555,7951.219512195122,9407516.993386213,31827557.89516438,8926.829268292682,9407174.895728143,31826617.989573587,8926.829268292682
9407565.21788409,31828072.552360363,8439.024390243902,3.7196318749596364,9407271.344723897,31827647.30396555,7951.219512195122,9407613.442381967,31828587.20955634,7951.219512195122,9407859.091044283,31828497.800755173,8926.829268292682,9407516.993386213,31827557.89516438,8926.829268292682
9407907.31554216,31829012.45795116,8439.024390243902,3.4976661386462364,9407613.442381967,31828587.20955634,7951.219512195122,9407955.540040037,31829527.11514714,7951.219512195122,9408201.18870235,31829437.706345968,8926.829268292682,9407859.091044283,31828497.800755173,8926.829268292682
9408249.413200228,31829952.363541953,8439.024390243902,3.8095153751877078,9407955.540040037,31829527.11514714,7951.219512195122,9408297.637698106,31830467.02073793,7951.219512195122,9408543.28636042,31830377.611936763,8926.829268292682,9408201.18870235,31829437.706345968,8926.829268292682
9408591.510858297,31830892.26913274,8439.024390243902,3.8850497804046435,9408297.637698106,31830467.02073793,7951.219512195122,9408639.735356174,31831406.926328722,7951.219512195122,9408885.38401849,31831317.517527554,8926.829268292682,9408543.28636042,31830377.611936763,8926.829268292682
9408933.608516367,31831832.17472354,8439.024390243902,4.552363152718131,9408639.735356174,31831406.926328722,7951.219512195122,9408981.833014244,31832346.83191952,7951.219512195122,9409227.481676558,31832257.42311835,8926.829268292682,9408885.38401849,31831317.517527554,8926.829268292682
9409275.706174435,31832772.08031433,8439.024390243902,4.066580535981512,9408981.833014244,31832346.83191952,7951.219512195122,9409323.930672314,31833286.737510312,7951.219512195122,9409569.579334628,31833197.328709144,8926.829268292682,9409227.481676558,31832257.42311835,8926.829268292682
9409617.803832505,31833711.985905122,8439.024390243902,3.421311564905047,9409323.930672314,31833286.737510312,7951.219512195122,9409666.028330382,31834226.643101104,7951.219512195122,9409911.676992698,31834137.234299935,8926.829268292682,9409569.579334628,31833197.328709144,8926.829268292682
9409959.901490575,31834651.891495917,8439.024390243902,2.98715349294232,9409666.028330382,31834226.643101104,7951.219512195122,9410008.125988452,31835166.5486919,7951.219512195122,9410253.774650766,31835077.139890727,8926.829268292682,9409911.676992698,31834137.234299935,8926.829268292682
9410301.999148643,31835591.797086712,8439.024390243902,2.5019329865535274,9410008.125988452,31835166.5486919,7951.219512195122,9410350.223646522,31836106.454282694,7951.219512195122,9410595.872308835,31836017.04548152,8926.829268292682,9410253.774650766,31835077.139890727,8926.829268292682
9410644.096806712,31836531.702677507,8439.024390243902,2.1051034884762228,9410350.223646522,31836106.454282694,7951.219512195122,9410692.32130459,31837046.359873485,7951.219512195122,9410937.969966905,31836956.951072317,8926.829268292682,9410595.872308835,31836017.04548152,8926.829268292682
9410986.194464782,31837471.6082683,8439.024390243902,1.5428927475326082,9410692.32130459,31837046.359873485,7951.219512195122,9411034.41896266,31837986.26546428,7951.219512195122,9411280.067624973,31837896.856663108,8926.829268292682,9410937.969966905,31836956.951072317,8926.829268292682
9411328.29212285,31838411.513859093,8439.024390243902,1.1167198231556321,9411034.41896266,31837986.26546428,7951.219512195122,9411376.51662073,31838926.171055075,7951.219512195122,9411622.165283043,31838836.762253903,8926.829268292682,9411280.067624973,31837896.856663108,8926.829268292682
9411670.38978092,31839351.419449884,8439.024390243902,0.8093051780437399,9411376.51662073,31838926.171055075,7951.219512195122,9411718.614278797,31839866.076645866,7951.219512195122,9411964.262941113,31839776.667844698,8926.829268292682,9411622.165283043,31838836.762253903,8926.829268292682
9412012.48743899,31840291.32504068,8439.024390243902,0.5825451660464063,9411718.614278797,31839866.076645866,7951.219512195122,9412060.711936867,31840805.98223666,7951.219512195122,9412306.36059918,31840716.57343549,8926.829268292682,9411964.262941113,31839776.667844698,8926.829268292682
9412354.585097058,31841231.23063147,8439.024390243902,0.7354392858615174,9412060.711936867,31840805.98223666,7951.219512195122,9412402.809594937,31841745.887827452,7951.219512195122,9412648.458257252,31841656.47902628,8926.829268292682,9412306.36059918,31840716.57343549,8926.829268292682
9412696.682755128,31842171.136222262,8439.024390243902,0.7919636933183803,9412402.809594937,31841745.887827452,7951.219512195122,9412744.907253005,31842685.793418244,7951.219512195122,9412990.55591532,31842596.384617075,8926.829268292682,9412648.458257252,31841656.47902628,8926.829268292682
9413038.780413197,31843111.041813057,8439.024390243902,0.9766016011796551,9412744.907253005,31842685.793418244,7951.219512195122,9413087.004911074,31843625.699009042,7951.219512195122,9413332.653573388,31843536.29020787,8926.829268292682,9412990.55591532,31842596.384617075,8926.829268292682
9413380.878071265,31844050.947403852,8439.024390243902,1.4459812145090802,9413087.004911074,31843625.699009042,7951.219512195122,9413429.102569144,31844565.604599833,7951.219512195122,9413674.75123146,31844476.19579866,8926.829268292682,9413332.653573388,31843536.29020787,8926.829268292682
9413722.975729337,31844990.852994647,8439.024390243902,1.6950540165359151,9413429.102569144,31844565.604599833,7951.219512195122,9413771.200227212,31845505.51019063,7951.219512195122,9414016.84888953,31845416.10138946,8926.829268292682,9413674.75123146,31844476.19579866,8926.829268292682
9414065.073387405,31845930.758585438,8439.024390243902,1.6850816695961153,9413771.200227212,31845505.51019063,7951.219512195122,9414113.297885282,31846445.41578142,7951.219512195122,9414358.946547596,31846356.006980248,8926.829268292682,9414016.84888953,31845416.10138946,8926.829268292682
9414407.171045473,31846870.664176233,8439.024390243902,1.781439655112828,9414113.297885282,31846445.41578142,7951.219512195122,9414455.395543352,31847385.321372215,7951.219512195122,9414701.044205667,31847295.912571043,8926.829268292682,9414358.946547596,31846356.006980248,8926.829268292682
9414749.268703545,31847810.569767024,8439.024390243902,1.4414777608456009,9414455.395543352,31847385.321372215,7951.219512195122,9414797.49320142,31848325.226963006,7951.219512195122,9415043.141863735,31848235.818161838,8926.829268292682,9414701.044205667,31847295.912571043,8926.829268292682
9415091.366361614,31848750.47535782,8439.024390243902,1.3674108239191887,9414797.49320142,31848325.226963006,7951.219512195122,9415139.59085949,31849265.132553797,7951.219512195122,9415385.239521803,31849175.72375263,8926.829268292682,9415043.141863735,31848235.818161838,8926.829268292682
9415433.46401968,31849690.38094861,8439.024390243902,1.6336911429803642,9415139.59085949,31849265.132553797,7951.219512195122,9415481.68851756,31850205.038144596,7951.219512195122,9415727.337179875,31850115.629343424,8926.829268292682,9415385.239521803,31849175.72375263,8926.829268292682
9415775.561677752,31850630.286539406,8439.024390243902,1.6219438349227695,9415481.68851756,31850205.038144596,7951.219512195122,9415823.786175627,31851144.943735387,7951.219512195122,9416069.434837943,31851055.53493422,8926.829268292682,9415727.337179875,31850115.629343424,8926.829268292682
9416117.659335822,31851570.192130197,8439.024390243902,1.6530650645921041,9415823.786175627,31851144.943735387,7951.219512195122,9416165.883833697,31852084.84932618,7951.219512195122,9416411.532496013,31851995.44052501,8926.829268292682,9416069.434837943,31851055.53493422,8926.829268292682
9416459.75699389,31852510.09772099,8439.024390243902,1.6867912939363054,9416165.883833697,31852084.84932618,7951.219512195122,9416507.981491767,31853024.754916973,7951.219512195122,9416753.630154083,31852935.3461158,8926.829268292682,9416411.532496013,31851995.44052501,8926.829268292682
9416801.854651958,31853450.003311787,8439.024390243902,1.6753689259130213,9416507.981491767,31853024.754916973,7951.219512195122,9416850.079149835,31853964.66050777,7951.219512195122,9417095.72781215,31853875.2517066,8926.829268292682,9416753.630154083,31852935.3461158,8926.829268292682
9417143.95231003,31854389.908902578,8439.024390243902,1.6892173151627727,9416850.079149835,31853964.66050777,7951.219512195122,9417192.176807905,31854904.56609856,7951.219512195122,9417437.82547022,31854815.15729739,8926.829268292682,9417095.72781215,31853875.2517066,8926.829268292682
9417486.049968097,31855329.814493373,8439.024390243902,1.687688513110134,9417192.176807905,31854904.56609856,7951.219512195122,9417534.274465974,31855844.471689355,7951.219512195122,9417779.92312829,31855755.062888183,8926.829268292682,9417437.82547022,31854815.15729739,8926.829268292682
9417828.147626167,31856269.720084164,8439.024390243902,1.7523924267982767,9417534.274465974,31855844.471689355,7951.219512195122,9417876.372124042,31856784.37728015,7951.219512195122,9418122.020786358,31856694.96847898,8926.829268292682,9417779.92312829,31855755.062888183,8926.829268292682
9418170.245284235,31857209.62567496,8439.024390243902,1.5087293006990399,9417876.372124042,31856784.37728015,7951.219512195122,9418218.469782112,31857724.28287094,7951.219512195122,9418464.118444428,31857634.874069773,8926.829268292682,9418122.020786358,31856694.96847898,8926.829268292682
9418512.342942305,31858149.53126575,8439.024390243902,1.2728008416344143,9418218.469782112,31857724.28287094,7951.219512195122,9418560.567440182,31858664.188461736,7951.219512195122,9418806.216102498,31858574.779660564,8926.829268292682,9418464.118444428,31857634.874069773,8926.829268292682
9418854.440600375,31859089.436856546,8439.024390243902,1.1578607309387943,9418560.567440182,31858664.188461736,7951.219512195122,9418902.66509825,31859604.094052527,7951.219512195122,9419148.313760566,31859514.68525136,8926.829268292682,9418806.216102498,31858574.779660564,8926.829268292682
9419196.538258445,31860029.34244734,8439.024390243902,1.0633621709782022,9418902.66509825,31859604.094052527,7951.219512195122,9419244.762756322,31860543.999643322,7951.219512195122,9419490.411418635,31860454.590842154,8926.829268292682,9419148.313760566,31859514.68525136,8926.829268292682
9419538.635916512,31860969.248038135,8439.024390243902,0.7532204898827023,9419244.762756322,31860543.999643322,7951.219512195122,9419586.86041439,31861483.905234117,7951.219512195122,9419832.509076705,31861394.496432945,8926.829268292682,9419490.411418635,31860454.590842154,8926.829268292682
9419880.733574582,31861909.153628927,8439.024390243902,0.6611821998598281,9419586.86041439,31861483.905234117,7951.219512195122,9419928.958072457,31862423.81082491,7951.219512195122,9420174.606734773,31862334.402023736,8926.829268292682,9419832.509076705,31861394.496432945,8926.829268292682
9420222.831232652,31862849.059219718,8439.024390243902,0.5976360430321901,9419928.958072457,31862423.81082491,7951.219512195122,9420271.05573053,31863363.716415703,7951.219512195122,9420516.704392843,31863274.307614535,8926.829268292682,9420174.606734773,31862334.402023736,8926.829268292682
9420564.92889072,31863788.964810517,8439.024390243902,0.8432169907578106,9420271.05573053,31863363.716415703,7951.219512195122,9420613.153388599,31864303.6220065,7951.219512195122,9420858.802050913,31864214.213205326,8926.829268292682,9420516.704392843,31863274.307614535,8926.829268292682
9420907.02654879,31864728.870401304,8439.024390243902,0.7136941036381216,9420613.153388599,31864303.6220065,7951.219512195122,9420955.251046665,31865243.52759729,7951.219512195122,9421200.89970898,31865154.118796118,8926.829268292682,9420858.802050913,31864214.213205326,8926.829268292682
9421249.12420686,31865668.7759921,8439.024390243902,0.6361208655117561,9420955.251046665,31865243.52759729,7951.219512195122,9421297.348704737,31866183.43318808,7951.219512195122,9421542.99736705,31866094.024386913,8926.829268292682,9421200.89970898,31865154.118796118,8926.829268292682
9421591.221864928,31866608.681582898,8439.024390243902,1.0586206104443077,9421297.348704737,31866183.43318808,7951.219512195122,9421639.446362806,31867123.33877888,7951.219512195122,9421885.09502512,31867033.929977708,8926.829268292682,9421542.99736705,31866094.024386913,8926.829268292682
9421933.319522997,31867548.58717369,8439.024390243902,1.4893508854108217,9421639.446362806,31867123.33877888,7951.219512195122,9421981.544020873,31868063.24436967,7951.219512195122,9422227.192683188,31867973.8355685,8926.829268292682,9421885.09502512,31867033.929977708,8926.829268292682
9422275.417181067,31868488.49276448,8439.024390243902,1.8184820310713983,9421981.544020873,31868063.24436967,7951.219512195122,9422323.641678944,31869003.149960462,7951.219512195122,9422569.290341258,31868913.741159294,8926.829268292682,9422227.192683188,31867973.8355685,8926.829268292682
9422617.514839135,31869428.398355275,8439.024390243902,2.2653803360420643,9422323.641678944,31869003.149960462,7951.219512195122,9422665.739337014,31869943.05555126,7951.219512195122,9422911.387999328,31869853.64675009,8926.829268292682,9422569.290341258,31868913.741159294,8926.829268292682
9422959.612497205,31870368.30394607,8439.024390243902,2.3666549661861533,9422665.739337014,31869943.05555126,7951.219512195122,9423007.836995082,31870882.96114205,7951.219512195122,9423253.485657396,31870793.552340876,8926.829268292682,9422911.387999328,31869853.64675009,8926.829268292682
9423301.710155275,31871308.209536858,8439.024390243902,2.2083963700748273,9423007.836995082,31870882.96114205,7951.219512195122,9423349.934653152,31871822.866732843,7951.219512195122,9423595.583315466,31871733.457931675,8926.829268292682,9423253.485657396,31870793.552340876,8926.829268292682
9423643.807813343,31872248.115127657,8439.024390243902,2.257227321824771,9423349.934653152,31871822.866732843,7951.219512195122,9423692.032311222,31872762.77232364,7951.219512195122,9423937.680973535,31872673.363522466,8926.829268292682,9423595.583315466,31871733.457931675,8926.829268292682
9423985.905471412,31873188.02071845,8439.024390243902,2.1276855621873674,9423692.032311222,31872762.77232364,7951.219512195122,9424034.12996929,31873702.677914433,7951.219512195122,9424279.778631603,31873613.26911326,8926.829268292682,9423937.680973535,31872673.363522466,8926.829268292682
9424328.003129482,31874127.926309243,8439.024390243902,1.8187678848524667,9424034.12996929,31873702.677914433,7951.219512195122,9424376.22762736,31874642.583505224,7951.219512195122,9424621.876289673,31874553.174704056,8926.829268292682,9424279.778631603,31873613.26911326,8926.829268292682
9424670.10078755,31875067.831900038,8439.024390243902,1.4232554212278814,9424376.22762736,31874642.583505224,7951.219512195122,9424718.32528543,31875582.489096016,7951.219512195122,9424963.973947743,31875493.080294847,8926.829268292682,9424621.876289673,31874553.174704056,8926.829268292682
9425012.19844562,31876007.73749083,8439.024390243902,1.188679987281859,9424718.32528543,31875582.489096016,7951.219512195122,9425060.422943497,31876522.39468681,7951.219512195122,9425306.07160581,31876432.98588564,8926.829268292682,9424963.973947743,31875493.080294847,8926.829268292682
9425354.29610369,31876947.64308162,8439.024390243902,1.0633891919752276,9425060.422943497,31876522.39468681,7951.219512195122,9425402.520601567,31877462.300277602,7951.219512195122,9425648.16926388,31877372.891476434,8926.829268292682,9425306.07160581,31876432.98588564,8926.829268292682
9425696.393761758,31877887.548672415,8439.024390243902,0.9534754660939806,9425402.520601567,31877462.300277602,7951.219512195122,9425744.618259637,31878402.205868397,7951.219512195122,9425990.26692195,31878312.79706723,8926.829268292682,9425648.16926388,31877372.891476434,8926.829268292682
9426038.491419828,31878827.45426321,8439.024390243902,0.886595476513178,9425744.618259637,31878402.205868397,7951.219512195122,9426086.715917705,31879342.111459192,7951.219512195122,9426332.364580018,31879252.70265802,8926.829268292682,9425990.26692195,31878312.79706723,8926.829268292682
9426380.589077897,31879767.359854005,8439.024390243902,0.984123194003887,9426086.715917705,31879342.111459192,7951.219512195122,9426428.813575774,31880282.017049983,7951.219512195122,9426674.462238088,31880192.608248815,8926.829268292682,9426332.364580018,31879252.70265802,8926.829268292682
9426722.686735965,31880707.265444797,8439.024390243902,0.9630760638618866,9426428.813575774,31880282.017049983,7951.219512195122,9426770.911233844,31881221.922640778,7951.219512195122,9427016.559896158,31881132.51383961,8926.829268292682,9426674.462238088,31880192.608248815,8926.829268292682
9427064.784394035,31881647.17103559,8439.024390243902,0.9922440137515598,9426770.911233844,31881221.922640778,7951.219512195122,9427113.008891912,31882161.828231573,7951.219512195122,9427358.657554228,31882072.4194304,8926.829268292682,9427016.559896158,31881132.51383961,8926.829268292682
9427406.882052105,31882587.076626383,8439.024390243902,1.0756778619921752,9427113.008891912,31882161.828231573,7951.219512195122,9427455.106549982,31883101.733822364,7951.219512195122,9427700.755212298,31883012.325021196,8926.829268292682,9427358.657554228,31882072.4194304,8926.829268292682
9427748.979710173,31883526.982217174,8439.024390243902,1.158305794994912,9427455.106549982,31883101.733822364,7951.219512195122,9427797.204208052,31884041.639413156,7951.219512195122,9428042.852870366,31883952.230611987,8926.829268292682,9427700.755212298,31883012.325021196,8926.829268292682
9428091.077368243,31884466.88780797,8439.024390243902,1.300590060658103,9427797.204208052,31884041.639413156,7951.219512195122,9428139.30186612,31884981.545003954,7951.219512195122,9428384.950528435,31884892.136202782,8926.829268292682,9428042.852870366,31883952.230611987,8926.829268292682
9428433.175026314,31885406.793398764,8439.024390243902,1.4407719035090594,9428139.30186612,31884981.545003954,7951.219512195122,9428481.39952419,31885921.450594746,7951.219512195122,9428727.048186505,31885832.041793577,8926.829268292682,9428384.950528435,31884892.136202782,8926.829268292682
9428775.27268438,31886346.69898956,8439.024390243902,1.5040413976774714,9428481.39952419,31885921.450594746,7951.219512195122,9428823.49718226,31886861.356185537,7951.219512195122,9429069.145844573,31886771.94738437,8926.829268292682,9428727.048186505,31885832.041793577,8926.829268292682
9429117.37034245,31887286.60458035,8439.024390243902,1.5211250411132227,9428823.49718226,31886861.356185537,7951.219512195122,9429165.594840327,31887801.261776336,7951.219512195122,9429411.243502643,31887711.852975164,8926.829268292682,9429069.145844573,31886771.94738437,8926.829268292682
9429459.468000522,31888226.510171145,8439.024390243902,1.763328284353229,9429165.594840327,31887801.261776336,7951.219512195122,9429507.692498397,31888741.167367127,7951.219512195122,9429753.341160713,31888651.758565955,8926.829268292682,9429411.243502643,31887711.852975164,8926.829268292682
9429801.56565859,31889166.415761936,8439.024390243902,1.9505418949282205,9429507.692498397,31888741.167367127,7951.219512195122,9429849.790156467,31889681.072957918,7951.219512195122,9430095.438818783,31889591.66415675,8926.829268292682,9429753.341160713,31888651.758565955,8926.829268292682
9430143.663316658,31890106.32135273,8439.024390243902,1.6385448255689754,9429849.790156467,31889681.072957918,7951.219512195122,9430191.887814535,31890620.978548713,7951.219512195122,9430437.53647685,31890531.56974754,8926.829268292682,9430095.438818783,31889591.66415675,8926.829268292682
9430485.76097473,31891046.226943523,8439.024390243902,1.4581832427440438,9430191.887814535,31890620.978548713,7951.219512195122,9430533.985472605,31891560.884139508,7951.219512195122,9430779.63413492,31891471.475338336,8926.829268292682,9430437.53647685,31890531.56974754,8926.829268292682
9430827.858632797,31891986.132534318,8439.024390243902,1.2627665003368724,9430533.985472605,31891560.884139508,7951.219512195122,9430876.083130674,31892500.7897303,7951.219512195122,9431121.73179299,31892411.38092913,8926.829268292682,9430779.63413492,31891471.475338336,8926.829268292682
9431169.956290867,31892926.038125116,8439.024390243902,1.2898544003956296,9430876.083130674,31892500.7897303,7951.219512195122,9431218.180788742,31893440.695321094,7951.219512195122,9431463.829451058,31893351.286519922,8926.829268292682,9431121.73179299,31892411.38092913,8926.829268292682
9431512.053948935,31893865.943715904,8439.024390243902,1.175897260472735,9431218.180788742,31893440.695321094,7951.219512195122,9431560.278446812,31894380.600911885,7951.219512195122,9431805.927109128,31894291.192110717,8926.829268292682,9431463.829451058,31893351.286519922,8926.829268292682
9431854.151607005,31894805.8493067,8439.024390243902,0.8956138044369096,9431560.278446812,31894380.600911885,7951.219512195122,9431902.376104882,31895320.50650268,7951.219512195122,9432148.024767198,31895231.097701512,8926.829268292682,9431805.927109128,31894291.192110717,8926.829268292682
9432196.249265075,31895745.754897494,8439.024390243902,0.8204877575534956,9431902.376104882,31895320.50650268,7951.219512195122,9432244.47376295,31896260.412093475,7951.219512195122,9432490.122425266,31896171.003292304,8926.829268292682,9432148.024767198,31895231.097701512,8926.829268292682
9432538.346923145,31896685.660488285,8439.024390243902,0.5523895530847581,9432244.47376295,31896260.412093475,7951.219512195122,9432586.57142102,31897200.317684267,7951.219512195122,9432832.220083335,31897110.908883095,8926.829268292682,9432490.122425266,31896171.003292304,8926.829268292682
9432880.44458121,31897625.566079076,8439.024390243902,0.373843138987478,9432586.57142102,31897200.317684267,7951.219512195122,9432928.66907909,31898140.22327506,7951.219512195122,9433174.317741405,31898050.814473893,8926.829268292682,9432832.220083335,31897110.908883095,8926.829268292682
9433222.542239282,31898565.471669875,8439.024390243902,0.41596854139736694,9432928.66907909,31898140.22327506,7951.219512195122,9433270.766737157,31899080.128865857,7951.219512195122,9433516.415399473,31898990.720064685,8926.829268292682,9433174.317741405,31898050.814473893,8926.829268292682
9433564.639897352,31899505.37726067,8439.024390243902,0.37922038914025363,9433270.766737157,31899080.128865857,7951.219512195122,9433612.864395227,31900020.034456648,7951.219512195122,9433858.513057543,31899930.625655476,8926.829268292682,9433516.415399473,31898990.720064685,8926.829268292682
9433906.73755542,31900445.282851458,8439.024390243902,0.4115793550338786,9433612.864395227,31900020.034456648,7951.219512195122,9433954.962053297,31900959.94004744,7951.219512195122,9434200.610715613,31900870.53124627,8926.829268292682,9433858.513057543,31899930.625655476,8926.829268292682
9434248.83521349,31901385.188442256,8439.024390243902,0.4702500020429939,9433954.962053297,31900959.94004744,7951.219512195122,9434297.059711367,31901899.845638234,7951.219512195122,9434542.70837368,31901810.436837066,8926.829268292682,9434200.610715613,31900870.53124627,8926.829268292682
9434590.93287156,31902325.094033048,8439.024390243902,0.4080372413047321,9434297.059711367,31901899.845638234,7951.219512195122,9434639.157369435,31902839.75122903,7951.219512195122,9434884.80603175,31902750.342427857,8926.829268292682,9434542.70837368,31901810.436837066,8926.829268292682
9434933.030529628,31903264.99962384,8439.024390243902,0.5043638269740094,9434639.157369435,31902839.75122903,7951.219512195122,9434981.255027505,31903779.65681982,7951.219512195122,9435226.90368982,31903690.248018652,8926.829268292682,9434884.80603175,31902750.342427857,8926.829268292682
9435275.128187697,31904204.905214634,8439.024390243902,0.4892145655800617,9434981.255027505,31903779.65681982,7951.219512195122,9435323.352685574,31904719.562410615,7951.219512195122,9435569.001347888,31904630.153609447,8926.829268292682,9435226.90368982,31903690.248018652,8926.829268292682
9435617.225845767,31905144.81080543,8439.024390243902,0.4133947936629504,9435323.352685574,31904719.562410615,7951.219512195122,9435665.450343642,31905659.46800141,7951.219512195122,9435911.099005958,31905570.05920024,8926.829268292682,9435569.001347888,31904630.153609447,8926.829268292682
9435959.323503835,31906084.716396224,8439.024390243902,0.7389288140448019,9435665.450343642,31905659.46800141,7951.219512195122,9436007.548001712,31906599.3735922,7951.219512195122,9436253.196664028,31906509.964791033,8926.829268292682,9435911.099005958,31905570.05920024,8926.829268292682
9436301.421161905,31907024.621987015,8439.024390243902,0.8524674521572756,9436007.548001712,31906599.3735922,7951.219512195122,9436349.645659782,31907539.279182993,7951.219512195122,9436595.294322096,31907449.870381825,8926.829268292682,9436253.196664028,31906509.964791033,8926.829268292682
9436643.518819975,31907964.52757781,8439.024390243902,0.8555454376721732,9436349.645659782,31907539.279182993,7951.219512195122,9436691.743317852,31908479.18477379,7951.219512195122,9436937.391980166,31908389.77597262,8926.829268292682,9436595.294322096,31907449.870381825,8926.829268292682
9436985.616478043,31908904.4331686,8439.024390243902,1.0866237737451132,9436691.743317852,31908479.18477379,7951.219512195122,9437033.84097592,31909419.090364583,7951.219512195122,9437279.489638235,31909329.681563415,8926.829268292682,9436937.391980166,31908389.77597262,8926.829268292682
9437327.714136112,31909844.338759392,8439.024390243902,1.1343130807066228,9437033.84097592,31909419.090364583,7951.219512195122,9437375.93863399,31910358.995955374,7951.219512195122,9437621.587296303,31910269.587154206,8926.829268292682,9437279.489638235,31909329.681563415,8926.829268292682
9437669.811794182,31910784.244350187,8439.024390243902,1.1356902921161238,9437375.93863399,31910358.995955374,7951.219512195122,9437718.03629206,31911298.901546173,7951.219512195122,9437963.684954373,31911209.492745,8926.829268292682,9437621.587296303,31910269.587154206,8926.829268292682
9438011.90945225,31911724.149940982,8439.024390243902,0.8206083659484954,9437718.03629206,31911298.901546173,7951.219512195122,9438060.133950127,31912238.807136964,7951.219512195122,9438305.782612443,31912149.398335796,8926.829268292682,9437963.684954373,31911209.492745,8926.829268292682
9438354.00711032,31912664.055531777,8439.024390243902,0.576438191065493,9438060.133950127,31912238.807136964,7951.219512195122,9438402.231608197,31913178.712727755,7951.219512195122,9438647.88027051,31913089.303926587,8926.829268292682,9438305.782612443,31912149.398335796,8926.829268292682
9438696.10476839,31913603.96112257,8439.024390243902,0.6920770782133472,9438402.231608197,31913178.712727755,7951.219512195122,9438744.329266267,31914118.61831855,7951.219512195122,9438989.97792858,31914029.20951738,8926.829268292682,9438647.88027051,31913089.303926587,8926.829268292682
9439038.202426458,31914543.866713356,8439.024390243902,0.9880946106208083,9438744.329266267,31914118.61831855,7951.219512195122,9439086.426924335,31915058.52390934,7951.219512195122,9439332.07558665,31914969.115108173,8926.829268292682,9438989.97792858,31914029.20951738,8926.829268292682
9439380.300084528,31915483.77230415,8439.024390243902,1.243788198262979,9439086.426924335,31915058.52390934,7951.219512195122,9439428.524582405,31915998.429500137,7951.219512195122,9439674.173244718,31915909.02069897,8926.829268292682,9439332.07558665,31914969.115108173,8926.829268292682
9439722.397742597,31916423.67789495,8439.024390243902,1.4152188901431777,9439428.524582405,31915998.429500137,7951.219512195122,9439770.622240474,31916938.33509093,7951.219512195122,9440016.270902788,31916848.92628976,8926.829268292682,9439674.173244718,31915909.02069897,8926.829268292682
9440064.495400665,31917363.58348574,8439.024390243902,1.3978353726118846,9439770.622240474,31916938.33509093,7951.219512195122,9440112.719898542,31917878.240681726,7951.219512195122,9440358.36856086,31917788.831880555,8926.829268292682,9440016.270902788,31916848.92628976,8926.829268292682
9440406.593058737,31918303.489076536,8439.024390243902,1.8777642045765566,9440112.719898542,31917878.240681726,7951.219512195122,9440454.817556612,31918818.146272514,7951.219512195122,9440700.466218926,31918728.73747135,8926.829268292682,9440358.36856086,31917788.831880555,8926.829268292682
9440748.690716805,31919243.394667335,8439.024390243902,2.0576971560917365,9440454.817556612,31918818.146272514,7951.219512195122,9440796.915214682,31919758.051863313,7951.219512195122,9441042.563876998,31919668.64306214,8926.829268292682,9440700.466218926,31918728.73747135,8926.829268292682
9441090.788374875,31920183.300258122,8439.024390243902,1.9545412389322985,9440796.915214682,31919758.051863313,7951.219512195122,9441139.01287275,31920697.957454104,7951.219512195122,9441384.661535067,31920608.548652932,8926.829268292682,9441042.563876998,31919668.64306214,8926.829268292682
9441432.886032943,31921123.20584891,8439.024390243902,2.0059395336641455,9441139.01287275,31920697.957454104,7951.219512195122,9441481.11053082,31921637.863044895,7951.219512195122,9441726.759193134,31921548.454243727,8926.829268292682,9441384.661535067,31920608.548652932,8926.829268292682
9441774.983691012,31922063.11143971,8439.024390243902,2.106823960461718,9441481.11053082,31921637.863044895,7951.219512195122,9441823.20818889,31922577.768635694,7951.219512195122,9442068.856851205,31922488.359834522,8926.829268292682,9441726.759193134,31921548.454243727,8926.829268292682
9442117.08134908,31923003.017030504,8439.024390243902,2.2704669083251936,9441823.20818889,31922577.768635694,7951.219512195122,9442165.305846957,31923517.674226485,7951.219512195122,9442410.954509275,31923428.265425313,8926.829268292682,9442068.856851205,31922488.359834522,8926.829268292682
9442459.17900715,31923942.922621295,8439.024390243902,2.169119270255835,9442165.305846957,31923517.674226485,7951.219512195122,9442507.403505027,31924457.579817276,7951.219512195122,9442753.052167341,31924368.17101611,8926.829268292682,9442410.954509275,31923428.265425313,8926.829268292682
9442801.27666522,31924882.82821209,8439.024390243902,1.6553753948871124,9442507.403505027,31924457.579817276,7951.219512195122,9442849.501163097,31925397.48540807,7951.219512195122,9443095.149825413,31925308.0766069,8926.829268292682,9442753.052167341,31924368.17101611,8926.829268292682
9443143.37432329,31925822.73380288,8439.024390243902,1.375224084894127,9442849.501163097,31925397.48540807,7951.219512195122,9443191.598821165,31926337.390998866,7951.219512195122,9443437.247483483,31926247.982197694,8926.829268292682,9443095.149825413,31925308.0766069,8926.829268292682
9402337.304017298,31812944.654106498,9414.634146341463,1.731586150272497,9402043.430857105,31812519.405711684,8926.829268292682,9402385.528515175,31813459.31130248,8926.829268292682,9402631.177177489,31813369.902501307,9902.439024390244,9402289.079519419,31812429.996910516,9902.439024390244
9402679.401675366,31813884.55969729,9414.634146341463,2.085179573980355,9402385.528515175,31813459.31130248,8926.829268292682,9402727.626173245,31814399.21689327,8926.829268292682,9402973.274835559,31814309.808092102,9902.439024390244,9402631.177177489,31813369.902501307,9902.439024390244
9403021.499333436,31814824.46528808,9414.634146341463,2.291225325604824,9402727.626173245,31814399.21689327,8926.829268292682,9403069.723831313,31815339.122484066,8926.829268292682,9403315.372493627,31815249.713682897,9902.439024390244,9402973.274835559,31814309.808092102,9902.439024390244
9403363.596991505,31815764.37087888,9414.634146341463,2.5473209668821695,9403069.723831313,31815339.122484066,8926.829268292682,9403411.821489383,31816279.02807486,8926.829268292682,9403657.470151696,31816189.61927369,9902.439024390244,9403315.372493627,31815249.713682897,9902.439024390244
9403705.694649573,31816704.276469674,9414.634146341463,2.731172322318991,9403411.821489383,31816279.02807486,8926.829268292682,9403753.919147452,31817218.93366565,8926.829268292682,9403999.567809766,31817129.524864484,9902.439024390244,9403657.470151696,31816189.61927369,9902.439024390244
9404047.792307643,31817644.18206046,9414.634146341463,2.8967670608007863,9403753.919147452,31817218.93366565,8926.829268292682,9404096.01680552,31818158.839256443,8926.829268292682,9404341.665467834,31818069.430455275,9902.439024390244,9403999.567809766,31817129.524864484,9902.439024390244
9404389.889965713,31818584.08765126,9414.634146341463,3.54898727683184,9404096.01680552,31818158.839256443,8926.829268292682,9404438.11446359,31819098.74484724,8926.829268292682,9404683.763125904,31819009.33604607,9902.439024390244,9404341.665467834,31818069.430455275,9902.439024390244
9404731.987623781,31819523.99324205,9414.634146341463,3.3538617918711555,9404438.11446359,31819098.74484724,8926.829268292682,9404780.21212166,31820038.650438033,8926.829268292682,9405025.860783974,31819949.241636865,9902.439024390244,9404683.763125904,31819009.33604607,9902.439024390244
9405074.08528185,31820463.898832843,9414.634146341463,3.4927011273920803,9404780.21212166,31820038.650438033,8926.829268292682,9405122.309779728,31820978.556028824,8926.829268292682,9405367.958442042,31820889.147227656,9902.439024390244,9405025.860783974,31819949.241636865,9902.439024390244
9405416.18293992,31821403.804423638,9414.634146341463,3.663565070540696,9405122.309779728,31820978.556028824,8926.829268292682,9405464.407437798,31821918.46161962,8926.829268292682,9405710.056100111,31821829.05281845,9902.439024390244,9405367.958442042,31820889.147227656,9902.439024390244
9405758.280597989,31822343.710014433,9414.634146341463,3.9136890180988537,9405464.407437798,31821918.46161962,8926.829268292682,9405806.505095867,31822858.367210414,8926.829268292682,9406052.153758183,31822768.958409242,9902.439024390244,9405710.056100111,31821829.05281845,9902.439024390244
9406100.378256058,31823283.615605228,9414.634146341463,3.767853279958138,9405806.505095867,31822858.367210414,8926.829268292682,9406148.602753935,31823798.272801206,8926.829268292682,9406394.25141625,31823708.864000037,9902.439024390244,9406052.153758183,31822768.958409242,9902.439024390244
9406442.475914128,31824223.52119602,9414.634146341463,4.013158856443568,9406148.602753935,31823798.272801206,8926.829268292682,9406490.700412005,31824738.178392,8926.829268292682,9406736.349074319,31824648.76959083,9902.439024390244,9406394.25141625,31823708.864000037,9902.439024390244
9406784.573572196,31825163.426786814,9414.634146341463,4.4069426209697715,9406490.700412005,31824738.178392,8926.829268292682,9406832.798070075,31825678.083982795,8926.829268292682,9407078.44673239,31825588.675181624,9902.439024390244,9406736.349074319,31824648.76959083,9902.439024390244
9407126.671230266,31826103.332377605,9414.634146341463,4.12827784647557,9406832.798070075,31825678.083982795,8926.829268292682,9407174.895728143,31826617.989573587,8926.829268292682,9407420.544390459,31826528.58077242,9902.439024390244,9407078.44673239,31825588.675181624,9902.439024390244
9407468.768888336,31827043.2379684,9414.634146341463,4.277557695099589,9407174.895728143,31826617.989573587,8926.829268292682,9407516.993386213,31827557.89516438,8926.829268292682,9407762.642048527,31827468.48636321,9902.439024390244,9407420.544390459,31826528.58077242,9902.439024390244
9407810.866546404,31827983.14355919,9414.634146341463,4.223333191248614,9407516.993386213,31827557.89516438,8926.829268292682,9407859.091044283,31828497.800755173,8926.829268292682,9408104.739706598,31828408.391954,9902.439024390244,9407762.642048527,31827468.48636321,9902.439024390244
9408152.964204475,31828923.049149986,9414.634146341463,4.494291565369481,9407859.091044283,31828497.800755173,8926.829268292682,9408201.18870235,31829437.706345968,8926.829268292682,9408446.837364666,31829348.2975448,9902.439024390244,9408104.739706598,31828408.391954,9902.439024390244
9408495.061862543,31829862.954740785,9414.634146341463,5.249519972072509,9408201.18870235,31829437.706345968,8926.829268292682,9408543.28636042,31830377.611936763,8926.829268292682,9408788.935022734,31830288.20313559,9902.439024390244,9408446.837364666,31829348.2975448,9902.439024390244
9408837.159520611,31830802.860331573,9414.634146341463,5.423390739227704,9408543.28636042,31830377.611936763,8926.829268292682,9408885.38401849,31831317.517527554,8926.829268292682,9409131.032680806,31831228.108726382,9902.439024390244,9408788.935022734,31830288.20313559,9902.439024390244
9409179.257178683,31831742.765922368,9414.634146341463,4.96688597019667,9408885.38401849,31831317.517527554,8926.829268292682,9409227.481676558,31832257.42311835,8926.829268292682,9409473.130338874,31832168.01431718,9902.439024390244,9409131.032680806,31831228.108726382,9902.439024390244
9409521.354836753,31832682.671513163,9414.634146341463,4.9456713266389585,9409227.481676558,31832257.42311835,8926.829268292682,9409569.579334628,31833197.328709144,8926.829268292682,9409815.227996944,31833107.919907972,9902.439024390244,9409473.130338874,31832168.01431718,9902.439024390244
9409863.452494819,31833622.577103954,9414.634146341463,4.355115717569939,9409569.579334628,31833197.328709144,8926.829268292682,9409911.676992698,31834137.234299935,8926.829268292682,9410157.325655013,31834047.825498763,9902.439024390244,9409815.227996944,31833107.919907972,9902.439024390244
9410205.55015289,31834562.482694745,9414.634146341463,3.6132638045523,9409911.676992698,31834137.234299935,8926.829268292682,9410253.774650766,31835077.139890727,8926.829268292682,9410499.423313081,31834987.73108956,9902.439024390244,9410157.325655013,31834047.825498763,9902.439024390244
9410547.64781096,31835502.388285544,9414.634146341463,3.166507269340727,9410253.774650766,31835077.139890727,8926.829268292682,9410595.872308835,31836017.04548152,8926.829268292682,9410841.520971151,31835927.636680353,9902.439024390244,9410499.423313081,31834987.73108956,9902.439024390244
9410889.745469028,31836442.29387634,9414.634146341463,2.9805888108055765,9410595.872308835,31836017.04548152,8926.829268292682,9410937.969966905,31836956.951072317,8926.829268292682,9411183.61862922,31836867.542271145,9902.439024390244,9410841.520971151,31835927.636680353,9902.439024390244
9411231.843127096,31837382.199467126,9414.634146341463,2.6466975099091385,9410937.969966905,31836956.951072317,8926.829268292682,9411280.067624973,31837896.856663108,8926.829268292682,9411525.716287289,31837807.44786194,9902.439024390244,9411183.61862922,31836867.542271145,9902.439024390244
9411573.940785168,31838322.105057925,9414.634146341463,2.6747367884326096,9411280.067624973,31837896.856663108,8926.829268292682,9411622.165283043,31838836.762253903,8926.829268292682,9411867.813945359,31838747.353452735,9902.439024390244,9411525.716287289,31837807.44786194,9902.439024390244
9411916.038443236,31839262.010648716,9414.634146341463,2.496624379177505,9411622.165283043,31838836.762253903,8926.829268292682,9411964.262941113,31839776.667844698,8926.829268292682,9412209.911603428,31839687.259043526,9902.439024390244,9411867.813945359,31838747.353452735,9902.439024390244
9412258.136101305,31840201.916239507,9414.634146341463,2.111205385386412,9411964.262941113,31839776.667844698,8926.829268292682,9412306.36059918,31840716.57343549,8926.829268292682,9412552.009261496,31840627.16463432,9902.439024390244,9412209.911603428,31839687.259043526,9902.439024390244
9412600.233759375,31841141.821830302,9414.634146341463,1.7234070907240033,9412306.36059918,31840716.57343549,8926.829268292682,9412648.458257252,31841656.47902628,8926.829268292682,9412894.106919566,31841567.070225112,9902.439024390244,9412552.009261496,31840627.16463432,9902.439024390244
9412942.331417443,31842081.727421094,9414.634146341463,1.7429633059670218,9412648.458257252,31841656.47902628,8926.829268292682,9412990.55591532,31842596.384617075,8926.829268292682,9413236.204577636,31842506.975815903,9902.439024390244,9412894.106919566,31841567.070225112,9902.439024390244
9413284.429075513,31843021.633011885,9414.634146341463,1.8258302075369528,9412990.55591532,31842596.384617075,8926.829268292682,9413332.653573388,31843536.29020787,8926.829268292682,9413578.302235704,31843446.881406702,9902.439024390244,9413236.204577636,31842506.975815903,9902.439024390244
9413626.526733583,31843961.53860268,9414.634146341463,1.917555946099,9413332.653573388,31843536.29020787,8926.829268292682,9413674.75123146,31844476.19579866,8926.829268292682,9413920.399893774,31844386.786997493,9902.439024390244,9413578.302235704,31843446.881406702,9902.439024390244
9413968.62439165,31844901.44419348,9414.634146341463,2.0298561389904872,9413674.75123146,31844476.19579866,8926.829268292682,9414016.84888953,31845416.10138946,8926.829268292682,9414262.497551844,31845326.69258829,9902.439024390244,9413920.399893774,31844386.786997493,9902.439024390244
9414310.72204972,31845841.349784266,9414.634146341463,1.9602868142473135,9414016.84888953,31845416.10138946,8926.829268292682,9414358.946547596,31846356.006980248,8926.829268292682,9414604.595209911,31846266.598179083,9902.439024390244,9414262.497551844,31845326.69258829,9902.439024390244
9414652.81970779,31846781.25537506,9414.634146341463,1.6671806170754473,9414358.946547596,31846356.006980248,8926.829268292682,9414701.044205667,31847295.912571043,8926.829268292682,9414946.692867981,31847206.503769875,9902.439024390244,9414604.595209911,31846266.598179083,9902.439024390244
9414994.917365858,31847721.160965856,9414.634146341463,1.9146176721683834,9414701.044205667,31847295.912571043,8926.829268292682,9415043.141863735,31848235.818161838,8926.829268292682,9415288.790526051,31848146.409360666,9902.439024390244,9414946.692867981,31847206.503769875,9902.439024390244
9415337.015023928,31848661.066556647,9414.634146341463,2.084890793254286,9415043.141863735,31848235.818161838,8926.829268292682,9415385.239521803,31849175.72375263,8926.829268292682,9415630.888184119,31849086.314951457,9902.439024390244,9415288.790526051,31848146.409360666,9902.439024390244
9415679.112681998,31849600.97214744,9414.634146341463,2.3664534070347063,9415385.239521803,31849175.72375263,8926.829268292682,9415727.337179875,31850115.629343424,8926.829268292682,9415972.985842189,31850026.220542256,9902.439024390244,9415630.888184119,31849086.314951457,9902.439024390244
9416021.210340066,31850540.877738237,9414.634146341463,2.3440623294384597,9415727.337179875,31850115.629343424,8926.829268292682,9416069.434837943,31851055.53493422,8926.829268292682,9416315.083500259,31850966.126133047,9902.439024390244,9415972.985842189,31850026.220542256,9902.439024390244
9416363.307998136,31851480.783329025,9414.634146341463,2.0638618802965287,9416069.434837943,31851055.53493422,8926.829268292682,9416411.532496013,31851995.44052501,8926.829268292682,9416657.181158327,31851906.03172384,9902.439024390244,9416315.083500259,31850966.126133047,9902.439024390244
9416705.405656205,31852420.68891982,9414.634146341463,2.425217800801325,9416411.532496013,31851995.44052501,8926.829268292682,9416753.630154083,31852935.3461158,8926.829268292682,9416999.278816396,31852845.937314633,9902.439024390244,9416657.181158327,31851906.03172384,9902.439024390244
9417047.503314273,31853360.59451062,9414.634146341463,2.8627623665001143,9416753.630154083,31852935.3461158,8926.829268292682,9417095.72781215,31853875.2517066,8926.829268292682,9417341.376474466,31853785.84290543,9902.439024390244,9416999.278816396,31852845.937314633,9902.439024390244
9417389.600972343,31854300.50010141,9414.634146341463,2.7384095846229437,9417095.72781215,31853875.2517066,8926.829268292682,9417437.82547022,31854815.15729739,8926.829268292682,9417683.474132534,31854725.74849622,9902.439024390244,9417341.376474466,31853785.84290543,9902.439024390244
9417731.698630413,31855240.4056922,9414.634146341463,2.542652248072573,9417437.82547022,31854815.15729739,8926.829268292682,9417779.92312829,31855755.062888183,8926.829268292682,9418025.571790604,31855665.654087014,9902.439024390244,9417683.474132534,31854725.74849622,9902.439024390244
9418073.796288481,31856180.311282996,9414.634146341463,2.524953407518996,9417779.92312829,31855755.062888183,8926.829268292682,9418122.020786358,31856694.96847898,8926.829268292682,9418367.669448674,31856605.55967781,9902.439024390244,9418025.571790604,31855665.654087014,9902.439024390244
9418415.89394655,31857120.21687379,9414.634146341463,2.515578371915376,9418122.020786358,31856694.96847898,8926.829268292682,9418464.118444428,31857634.874069773,8926.829268292682,9418709.767106742,31857545.4652686,9902.439024390244,9418367.669448674,31856605.55967781,9902.439024390244
9418757.99160462,31858060.12246458,9414.634146341463,2.0875889772369196,9418464.118444428,31857634.874069773,8926.829268292682,9418806.216102498,31858574.779660564,8926.829268292682,9419051.864764811,31858485.370859396,9902.439024390244,9418709.767106742,31857545.4652686,9902.439024390244
9419100.089262689,31859000.028055377,9414.634146341463,1.6570380508986866,9418806.216102498,31858574.779660564,8926.829268292682,9419148.313760566,31859514.68525136,8926.829268292682,9419393.962422881,31859425.276450187,9902.439024390244,9419051.864764811,31858485.370859396,9902.439024390244
9419442.186920758,31859939.933646172,9414.634146341463,1.5234240256319205,9419148.313760566,31859514.68525136,8926.829268292682,9419490.411418635,31860454.590842154,8926.829268292682,9419736.06008095,31860365.182040982,9902.439024390244,9419393.962422881,31859425.276450187,9902.439024390244
9419784.284578828,31860879.839236964,9414.634146341463,1.2208716385297793,9419490.411418635,31860454.590842154,8926.829268292682,9419832.509076705,31861394.496432945,8926.829268292682,9420078.157739019,31861305.087631777,9902.439024390244,9419736.06008095,31860365.182040982,9902.439024390244
9420126.382236896,31861819.74482776,9414.634146341463,0.9578839973317776,9419832.509076705,31861394.496432945,8926.829268292682,9420174.606734773,31862334.402023736,8926.829268292682,9420420.255397089,31862244.99322257,9902.439024390244,9420078.157739019,31861305.087631777,9902.439024390244
9420468.479894966,31862759.65041855,9414.634146341463,0.7223300750067935,9420174.606734773,31862334.402023736,8926.829268292682,9420516.704392843,31863274.307614535,8926.829268292682,9420762.353055159,31863184.898813363,9902.439024390244,9420420.255397089,31862244.99322257,9902.439024390244
9420810.577553038,31863699.556009345,9414.634146341463,0.6130344133126623,9420516.704392843,31863274.307614535,8926.829268292682,9420858.802050913,31864214.213205326,8926.829268292682,9421104.450713228,31864124.80440416,9902.439024390244,9420762.353055159,31863184.898813363,9902.439024390244
9421152.675211104,31864639.461600136,9414.634146341463,0.8144490940415513,9420858.802050913,31864214.213205326,8926.829268292682,9421200.89970898,31865154.118796118,8926.829268292682,9421446.548371296,31865064.70999495,9902.439024390244,9421104.450713228,31864124.80440416,9902.439024390244
9421494.772869173,31865579.36719093,9414.634146341463,1.115869468463855,9421200.89970898,31865154.118796118,8926.829268292682,9421542.99736705,31866094.024386913,8926.829268292682,9421788.646029366,31866004.61558574,9902.439024390244,9421446.548371296,31865064.70999495,9902.439024390244
9421836.870527243,31866519.272781726,9414.634146341463,1.1513602642721408,9421542.99736705,31866094.024386913,8926.829268292682,9421885.09502512,31867033.929977708,8926.829268292682,9422130.743687436,31866944.52117654,9902.439024390244,9421788.646029366,31866004.61558574,9902.439024390244
9422178.968185311,31867459.178372517,9414.634146341463,1.2068630383008065,9421885.09502512,31867033.929977708,8926.829268292682,9422227.192683188,31867973.8355685,8926.829268292682,9422472.841345504,31867884.42676733,9902.439024390244,9422130.743687436,31866944.52117654,9902.439024390244
9422521.065843381,31868399.083963312,9414.634146341463,1.1569979293473907,9422227.192683188,31867973.8355685,8926.829268292682,9422569.290341258,31868913.741159294,8926.829268292682,9422814.939003574,31868824.332358122,9902.439024390244,9422472.841345504,31867884.42676733,9902.439024390244
9422863.16350145,31869338.989554103,9414.634146341463,1.4408619139703678,9422569.290341258,31868913.741159294,8926.829268292682,9422911.387999328,31869853.64675009,8926.829268292682,9423157.036661644,31869764.23794892,9902.439024390244,9422814.939003574,31868824.332358122,9902.439024390244
9423205.261159519,31870278.8951449,9414.634146341463,1.5205155673992052,9422911.387999328,31869853.64675009,8926.829268292682,9423253.485657396,31870793.552340876,8926.829268292682,9423499.134319713,31870704.143539708,9902.439024390244,9423157.036661644,31869764.23794892,9902.439024390244
9423547.35881759,31871218.80073569,9414.634146341463,1.4159033145198796,9423253.485657396,31870793.552340876,8926.829268292682,9423595.583315466,31871733.457931675,8926.829268292682,9423841.231977781,31871644.049130503,9902.439024390244,9423499.134319713,31870704.143539708,9902.439024390244
9423889.456475658,31872158.706326485,9414.634146341463,1.4402674230168007,9423595.583315466,31871733.457931675,8926.829268292682,9423937.680973535,31872673.363522466,8926.829268292682,9424183.329635851,31872583.954721298,9902.439024390244,9423841.231977781,31871644.049130503,9902.439024390244
9424231.554133728,31873098.61191728,9414.634146341463,1.4610142100360612,9423937.680973535,31872673.363522466,8926.829268292682,9424279.778631603,31873613.26911326,8926.829268292682,9424525.42729392,31873523.860312093,9902.439024390244,9424183.329635851,31872583.954721298,9902.439024390244
9424573.651791796,31874038.517508075,9414.634146341463,1.175536379077885,9424279.778631603,31873613.26911326,8926.829268292682,9424621.876289673,31874553.174704056,8926.829268292682,9424867.524951989,31874463.765902884,9902.439024390244,9424525.42729392,31873523.860312093,9902.439024390244
9424915.749449866,31874978.423098866,9414.634146341463,1.0047857120321317,9424621.876289673,31874553.174704056,8926.829268292682,9424963.973947743,31875493.080294847,8926.829268292682,9425209.622610059,31875403.671493676,9902.439024390244,9424867.524951989,31874463.765902884,9902.439024390244
9425257.847107936,31875918.328689657,9414.634146341463,0.7477563652012308,9424963.973947743,31875493.080294847,8926.829268292682,9425306.07160581,31876432.98588564,8926.829268292682,9425551.720268128,31876343.577084474,9902.439024390244,9425209.622610059,31875403.671493676,9902.439024390244
9425599.944766006,31876858.234280456,9414.634146341463,0.6898469633363853,9425306.07160581,31876432.98588564,8926.829268292682,9425648.16926388,31877372.891476434,8926.829268292682,9425893.817926196,31877283.48267526,9902.439024390244,9425551.720268128,31876343.577084474,9902.439024390244
9425942.042424072,31877798.139871243,9414.634146341463,0.5334073962282576,9425648.16926388,31877372.891476434,8926.829268292682,9425990.26692195,31878312.79706723,8926.829268292682,9426235.915584266,31878223.388266057,9902.439024390244,9425893.817926196,31877283.48267526,9902.439024390244
9426284.140082143,31878738.04546204,9414.634146341463,0.5339617934700751,9425990.26692195,31878312.79706723,8926.829268292682,9426332.364580018,31879252.70265802,8926.829268292682,9426578.013242336,31879163.29385685,9902.439024390244,9426235.915584266,31878223.388266057,9902.439024390244
9426626.237740213,31879677.951052837,9414.634146341463,0.8096147515491979,9426332.364580018,31879252.70265802,8926.829268292682,9426674.462238088,31880192.608248815,8926.829268292682,9426920.110900404,31880103.199447643,9902.439024390244,9426578.013242336,31879163.29385685,9902.439024390244
9426968.335398281,31880617.856643625,9414.634146341463,0.9036191120386647,9426674.462238088,31880192.608248815,8926.829268292682,9427016.559896158,31881132.51383961,8926.829268292682,9427262.208558474,31881043.105038438,9902.439024390244,9426920.110900404,31880103.199447643,9902.439024390244
9427310.43305635,31881557.76223442,9414.634146341463,0.8594165707276469,9427016.559896158,31881132.51383961,8926.829268292682,9427358.657554228,31882072.4194304,8926.829268292682,9427604.306216544,31881983.010629233,9902.439024390244,9427262.208558474,31881043.105038438,9902.439024390244
9427652.53071442,31882497.667825215,9414.634146341463,0.8877255153085929,9427358.657554228,31882072.4194304,8926.829268292682,9427700.755212298,31883012.325021196,8926.829268292682,9427946.403874611,31882922.916220024,9902.439024390244,9427604.306216544,31881983.010629233,9902.439024390244
9427994.628372489,31883437.573416006,9414.634146341463,1.0069708093399725,9427700.755212298,31883012.325021196,8926.829268292682,9428042.852870366,31883952.230611987,8926.829268292682,9428288.501532681,31883862.821810815,9902.439024390244,9427946.403874611,31882922.916220024,9902.439024390244
9428336.726030558,31884377.479006797,9414.634146341463,1.0943323262752962,9428042.852870366,31883952.230611987,8926.829268292682,9428384.950528435,31884892.136202782,8926.829268292682,9428630.599190751,31884802.727401614,9902.439024390244,9428288.501532681,31883862.821810815,9902.439024390244
9428678.823688628,31885317.384597596,9414.634146341463,1.289274314541075,9428384.950528435,31884892.136202782,8926.829268292682,9428727.048186505,31885832.041793577,8926.829268292682,9428972.696848819,31885742.632992405,9902.439024390244,9428630.599190751,31884802.727401614,9902.439024390244
9429020.921346696,31886257.29018839,9414.634146341463,1.6395156953938703,9428727.048186505,31885832.041793577,8926.829268292682,9429069.145844573,31886771.94738437,8926.829268292682,9429314.794506889,31886682.538583197,9902.439024390244,9428972.696848819,31885742.632992405,9902.439024390244
9429363.019004766,31887197.19577918,9414.634146341463,1.9462926633882203,9429069.145844573,31886771.94738437,8926.829268292682,9429411.243502643,31887711.852975164,8926.829268292682,9429656.892164959,31887622.444173995,9902.439024390244,9429314.794506889,31886682.538583197,9902.439024390244
9429705.116662836,31888137.101369977,9414.634146341463,2.048825656312875,9429411.243502643,31887711.852975164,8926.829268292682,9429753.341160713,31888651.758565955,8926.829268292682,9429998.989823027,31888562.349764787,9902.439024390244,9429656.892164959,31887622.444173995,9902.439024390244
9430047.214320904,31889077.00696077,9414.634146341463,1.8913424603916351,9429753.341160713,31888651.758565955,8926.829268292682,9430095.438818783,31889591.66415675,8926.829268292682,9430341.087481096,31889502.255355578,9902.439024390244,9429998.989823027,31888562.349764787,9902.439024390244
9430389.311978973,31890016.91255156,9414.634146341463,1.8694237608404776,9430095.438818783,31889591.66415675,8926.829268292682,9430437.53647685,31890531.56974754,8926.829268292682,9430683.185139166,31890442.160946373,9902.439024390244,9430341.087481096,31889502.255355578,9902.439024390244
9430731.409637043,31890956.818142354,9414.634146341463,1.8592507429193437,9430437.53647685,31890531.56974754,8926.829268292682,9430779.63413492,31891471.475338336,8926.829268292682,9431025.282797234,31891382.066537168,9902.439024390244,9430683.185139166,31890442.160946373,9902.439024390244
9431073.507295111,31891896.72373315,9414.634146341463,1.589427475234501,9430779.63413492,31891471.475338336,8926.829268292682,9431121.73179299,31892411.38092913,8926.829268292682,9431367.380455304,31892321.97212796,9902.439024390244,9431025.282797234,31891382.066537168,9902.439024390244
9431415.604953181,31892836.629323944,9414.634146341463,1.913639255868217,9431121.73179299,31892411.38092913,8926.829268292682,9431463.829451058,31893351.286519922,8926.829268292682,9431709.478113374,31893261.877718754,9902.439024390244,9431367.380455304,31892321.97212796,9902.439024390244
9431757.70261125,31893776.534914736,9414.634146341463,2.0969718764044907,9431463.829451058,31893351.286519922,8926.829268292682,9431805.927109128,31894291.192110717,8926.829268292682,9432051.575771442,31894201.78330955,9902.439024390244,9431709.478113374,31893261.877718754,9902.439024390244
9432099.800269319,31894716.44050553,9414.634146341463,1.8465637921678975,9431805.927109128,31894291.192110717,8926.829268292682,9432148.024767198,31895231.097701512,8926.829268292682,9432393.673429511,31895141.68890034,9902.439024390244,9432051.575771442,31894201.78330955,9902.439024390244
9432441.897927389,31895656.346096322,9414.634146341463,1.542610953579262,9432148.024767198,31895231.097701512,8926.829268292682,9432490.122425266,31896171.003292304,8926.829268292682,9432735.77108758,31896081.594491135,9902.439024390244,9432393.673429511,31895141.68890034,9902.439024390244
9432783.995585458,31896596.251687113,9414.634146341463,1.1123285766804016,9432490.122425266,31896171.003292304,8926.829268292682,9432832.220083335,31897110.908883095,8926.829268292682,9433077.86874565,31897021.500081927,9902.439024390244,9432735.77108758,31896081.594491135,9902.439024390244
9433126.093243526,31897536.15727791,9414.634146341463,0.8600868366710583,9432832.220083335,31897110.908883095,8926.829268292682,9433174.317741405,31898050.814473893,8926.829268292682,9433419.966403719,31897961.40567272,9902.439024390244,9433077.86874565,31897021.500081927,9902.439024390244
9433468.190901596,31898476.062868703,9414.634146341463,1.2008842288314103,9433174.317741405,31898050.814473893,8926.829268292682,9433516.415399473,31898990.720064685,8926.829268292682,9433762.064061787,31898901.311263517,9902.439024390244,9433419.966403719,31897961.40567272,9902.439024390244
9433810.288559666,31899415.968459498,9414.634146341463,1.2537265765931926,9433516.415399473,31898990.720064685,8926.829268292682,9433858.513057543,31899930.625655476,8926.829268292682,9434104.161719857,31899841.216854308,9902.439024390244,9433762.064061787,31898901.311263517,9902.439024390244
9434152.386217734,31900355.87405029,9414.634146341463,1.0639616909557852,9433858.513057543,31899930.625655476,8926.829268292682,9434200.610715613,31900870.53124627,8926.829268292682,9434446.259377928,31900781.1224451,9902.439024390244,9434104.161719857,31899841.216854308,9902.439024390244
9434494.483875806,31901295.779641084,9414.634146341463,1.0175036101220936,9434200.610715613,31900870.53124627,8926.829268292682,9434542.70837368,31901810.436837066,8926.829268292682,9434788.357035996,31901721.028035894,9902.439024390244,9434446.259377928,31900781.1224451,9902.439024390244
9434836.581533875,31902235.685231876,9414.634146341463,1.0932856176459222,9434542.70837368,31901810.436837066,8926.829268292682,9434884.80603175,31902750.342427857,8926.829268292682,9435130.454694064,31902660.93362669,9902.439024390244,9434788.357035996,31901721.028035894,9902.439024390244
9435178.679191941,31903175.59082267,9414.634146341463,1.0852423452777271,9434884.80603175,31902750.342427857,8926.829268292682,9435226.90368982,31903690.248018652,8926.829268292682,9435472.552352136,31903600.83921748,9902.439024390244,9435130.454694064,31902660.93362669,9902.439024390244
9435520.776850013,31904115.496413462,9414.634146341463,0.9694644485322147,9435226.90368982,31903690.248018652,8926.829268292682,9435569.001347888,31904630.153609447,8926.829268292682,9435814.650010204,31904540.744808275,9902.439024390244,9435472.552352136,31903600.83921748,9902.439024390244
9435862.874508081,31905055.402004257,9414.634146341463,0.7082621902641145,9435569.001347888,31904630.153609447,8926.829268292682,9435911.099005958,31905570.05920024,8926.829268292682,9436156.747668272,31905480.65039907,9902.439024390244,9435814.650010204,31904540.744808275,9902.439024390244
9436204.972166149,31905995.307595056,9414.634146341463,0.7467942599803595,9435911.099005958,31905570.05920024,8926.829268292682,9436253.196664028,31906509.964791033,8926.829268292682,9436498.845326344,31906420.55598986,9902.439024390244,9436156.747668272,31905480.65039907,9902.439024390244
9436547.069824219,31906935.213185843,9414.634146341463,1.035343848545773,9436253.196664028,31906509.964791033,8926.829268292682,9436595.294322096,31907449.870381825,8926.829268292682,9436840.942984411,31907360.461580653,9902.439024390244,9436498.845326344,31906420.55598986,9902.439024390244
9436889.16748229,31907875.118776638,9414.634146341463,1.112141693308064,9436595.294322096,31907449.870381825,8926.829268292682,9436937.391980166,31908389.77597262,8926.829268292682,9437183.040642481,31908300.36717145,9902.439024390244,9436840.942984411,31907360.461580653,9902.439024390244
9437231.265140358,31908815.024367433,9414.634146341463,1.2611021734087593,9436937.391980166,31908389.77597262,8926.829268292682,9437279.489638235,31909329.681563415,8926.829268292682,9437525.138300551,31909240.272762243,9902.439024390244,9437183.040642481,31908300.36717145,9902.439024390244
9437573.362798428,31909754.929958224,9414.634146341463,1.3803675412778744,9437279.489638235,31909329.681563415,8926.829268292682,9437621.587296303,31910269.587154206,8926.829268292682,9437867.235958619,31910180.178353034,9902.439024390244,9437525.138300551,31909240.272762243,9902.439024390244
9437915.460456496,31910694.835549016,9414.634146341463,1.377247632332882,9437621.587296303,31910269.587154206,8926.829268292682,9437963.684954373,31911209.492745,8926.829268292682,9438209.333616689,31911120.083943833,9902.439024390244,9437867.235958619,31910180.178353034,9902.439024390244
9438257.558114566,31911634.741139814,9414.634146341463,1.3538580202991592,9437963.684954373,31911209.492745,8926.829268292682,9438305.782612443,31912149.398335796,8926.829268292682,9438551.431274759,31912059.989534624,9902.439024390244,9438209.333616689,31911120.083943833,9902.439024390244
9438599.655772636,31912574.64673061,9414.634146341463,1.3795490025874557,9438305.782612443,31912149.398335796,8926.829268292682,9438647.88027051,31913089.303926587,8926.829268292682,9438893.528932827,31912999.895125415,9902.439024390244,9438551.431274759,31912059.989534624,9902.439024390244
9438941.753430706,31913514.552321397,9414.634146341463,1.3830638335665462,9438647.88027051,31913089.303926587,8926.829268292682,9438989.97792858,31914029.20951738,8926.829268292682,9439235.626590896,31913939.80071621,9902.439024390244,9438893.528932827,31912999.895125415,9902.439024390244
9439283.851088772,31914454.457912188,9414.634146341463,1.5468065231072603,9438989.97792858,31914029.20951738,8926.829268292682,9439332.07558665,31914969.115108173,8926.829268292682,9439577.724248966,31914879.706307,9902.439024390244,9439235.626590896,31913939.80071621,9902.439024390244
9439625.948746843,31915394.363502983,9414.634146341463,1.3317872038855179,9439332.07558665,31914969.115108173,8926.829268292682,9439674.173244718,31915909.02069897,8926.829268292682,9439919.821907034,31915819.611897796,9902.439024390244,9439577.724248966,31914879.706307,9902.439024390244
9439968.046404913,31916334.269093778,9414.634146341463,1.5634453680345572,9439674.173244718,31915909.02069897,8926.829268292682,9440016.270902788,31916848.92628976,8926.829268292682,9440261.919565104,31916759.51748859,9902.439024390244,9439919.821907034,31915819.611897796,9902.439024390244
9440310.144062981,31917274.174684573,9414.634146341463,2.009145449693069,9440016.270902788,31916848.92628976,8926.829268292682,9440358.36856086,31917788.831880555,8926.829268292682,9440604.017223174,31917699.423079386,9902.439024390244,9440261.919565104,31916759.51748859,9902.439024390244
9440652.24172105,31918214.080275368,9414.634146341463,2.3333124964039365,9440358.36856086,31917788.831880555,8926.829268292682,9440700.466218926,31918728.73747135,8926.829268292682,9440946.114881242,31918639.328670178,9902.439024390244,9440604.017223174,31917699.423079386,9902.439024390244
9440994.33937912,31919153.985866163,9414.634146341463,2.1189636042542337,9440700.466218926,31918728.73747135,8926.829268292682,9441042.563876998,31919668.64306214,8926.829268292682,9441288.212539311,31919579.234260973,9902.439024390244,9440946.114881242,31918639.328670178,9902.439024390244
9441336.437037189,31920093.891456954,9414.634146341463,2.1177101360353325,9441042.563876998,31919668.64306214,8926.829268292682,9441384.661535067,31920608.548652932,8926.829268292682,9441630.310197381,31920519.139851764,9902.439024390244,9441288.212539311,31919579.234260973,9902.439024390244
9441678.534695258,31921033.79704774,9414.634146341463,2.2144183750474076,9441384.661535067,31920608.548652932,8926.829268292682,9441726.759193134,31921548.454243727,8926.829268292682,9441972.40785545,31921459.045442555,9902.439024390244,9441630.310197381,31920519.139851764,9902.439024390244
9442020.632353328,31921973.702638537,9414.634146341463,1.7231105891382914,9441726.759193134,31921548.454243727,8926.829268292682,9442068.856851205,31922488.359834522,8926.829268292682,9442314.505513519,31922398.951033354,9902.439024390244,9441972.40785545,31921459.045442555,9902.439024390244
9442362.730011396,31922913.60822933,9414.634146341463,1.7238588318706731,9442068.856851205,31922488.359834522,8926.829268292682,9442410.954509275,31923428.265425313,8926.829268292682,9442656.603171589,31923338.856624145,9902.439024390244,9442314.505513519,31922398.951033354,9902.439024390244
9442704.827669466,31923853.513820127,9414.634146341463,1.9389969585868598,9442410.954509275,31923428.265425313,8926.829268292682,9442753.052167341,31924368.17101611,8926.829268292682,9442998.700829657,31924278.762214936,9902.439024390244,9442656.603171589,31923338.856624145,9902.439024390244
9443046.925327536,31924793.419410918,9414.634146341463,1.9328286496255334,9442753.052167341,31924368.17101611,8926.829268292682,9443095.149825413,31925308.0766069,8926.829268292682,9443340.798487727,31925218.66780573,9902.439024390244,9442998.700829657,31924278.762214936,9902.439024390244
9443389.022985604,31925733.32500171,9414.634146341463,1.8628090220987743,9443095.149825413,31925308.0766069,8926.829268292682,9443437.247483483,31926247.982197694,8926.829268292682,9443682.896145796,31926158.573396526,9902.439024390244,9443340.798487727,31925218.66780573,9902.439024390244
9402582.952679614,31812855.245305326,10390.243902439024,2.0584835633865457,9402289.079519419,31812429.996910516,9902.439024390244,9402631.177177489,31813369.902501307,9902.439024390244,9402876.825839804,31813280.49370014,10878.048780487805,9402534.728181737,31812340.588109344,10878.048780487805
9402925.050337682,31813795.15089612,10390.243902439024,2.0410790621663177,9402631.177177489,31813369.902501307,9902.439024390244,9402973.274835559,31814309.808092102,9902.439024390244,9403218.923497874,31814220.39929093,10878.048780487805,9402876.825839804,31813280.49370014,10878.048780487805
9403267.147995751,31814735.056486912,10390.243902439024,2.5976739981636157,9402973.274835559,31814309.808092102,9902.439024390244,9403315.372493627,31815249.713682897,9902.439024390244,9403561.021155944,31815160.304881725,10878.048780487805,9403218.923497874,31814220.39929093,10878.048780487805
9403609.245653821,31815674.962077707,10390.243902439024,2.7575660845790955,9403315.372493627,31815249.713682897,9902.439024390244,9403657.470151696,31816189.61927369,9902.439024390244,9403903.118814012,31816100.21047252,10878.048780487805,9403561.021155944,31815160.304881725,10878.048780487805
9403951.34331189,31816614.867668506,10390.243902439024,3.545929377746621,9403657.470151696,31816189.61927369,9902.439024390244,9403999.567809766,31817129.524864484,9902.439024390244,9404245.216472082,31817040.11606331,10878.048780487805,9403903.118814012,31816100.21047252,10878.048780487805
9404293.440969957,31817554.773259293,10390.243902439024,4.419316031211362,9403999.567809766,31817129.524864484,9902.439024390244,9404341.665467834,31818069.430455275,9902.439024390244,9404587.314130152,31817980.021654103,10878.048780487805,9404245.216472082,31817040.11606331,10878.048780487805
9404635.538628029,31818494.67885009,10390.243902439024,4.629874434274095,9404341.665467834,31818069.430455275,9902.439024390244,9404683.763125904,31819009.33604607,9902.439024390244,9404929.41178822,31818919.9272449,10878.048780487805,9404587.314130152,31817980.021654103,10878.048780487805
9404977.636286097,31819434.584440883,10390.243902439024,4.7004384988167685,9404683.763125904,31819009.33604607,9902.439024390244,9405025.860783974,31819949.241636865,9902.439024390244,9405271.50944629,31819859.832835693,10878.048780487805,9404929.41178822,31818919.9272449,10878.048780487805
9405319.733944166,31820374.490031675,10390.243902439024,4.878710465633118,9405025.860783974,31819949.241636865,9902.439024390244,9405367.958442042,31820889.147227656,9902.439024390244,9405613.60710436,31820799.738426484,10878.048780487805,9405271.50944629,31819859.832835693,10878.048780487805
9405661.831602234,31821314.395622466,10390.243902439024,5.035185656621462,9405367.958442042,31820889.147227656,9902.439024390244,9405710.056100111,31821829.05281845,9902.439024390244,9405955.704762427,31821739.644017283,10878.048780487805,9405613.60710436,31820799.738426484,10878.048780487805
9406003.929260304,31822254.301213264,10390.243902439024,5.226777853664875,9405710.056100111,31821829.05281845,9902.439024390244,9406052.153758183,31822768.958409242,9902.439024390244,9406297.802420497,31822679.549608074,10878.048780487805,9405955.704762427,31821739.644017283,10878.048780487805
9406346.026918374,31823194.20680406,10390.243902439024,5.533952657564891,9406052.153758183,31822768.958409242,9902.439024390244,9406394.25141625,31823708.864000037,9902.439024390244,9406639.900078567,31823619.455198865,10878.048780487805,9406297.802420497,31822679.549608074,10878.048780487805
9406688.124576444,31824134.112394847,10390.243902439024,5.566335159708299,9406394.25141625,31823708.864000037,9902.439024390244,9406736.349074319,31824648.76959083,9902.439024390244,9406981.997736635,31824559.36078966,10878.048780487805,9406639.900078567,31823619.455198865,10878.048780487805
9407030.222234512,31825074.017985646,10390.243902439024,5.560065491095024,9406736.349074319,31824648.76959083,9902.439024390244,9407078.44673239,31825588.675181624,9902.439024390244,9407324.095394704,31825499.266380455,10878.048780487805,9406981.997736635,31824559.36078966,10878.048780487805
9407372.319892582,31826013.923576437,10390.243902439024,5.936375546694764,9407078.44673239,31825588.675181624,9902.439024390244,9407420.544390459,31826528.58077242,9902.439024390244,9407666.193052774,31826439.171971247,10878.048780487805,9407324.095394704,31825499.266380455,10878.048780487805
9407714.417550651,31826953.82916723,10390.243902439024,6.194904600575502,9407420.544390459,31826528.58077242,9902.439024390244,9407762.642048527,31827468.48636321,9902.439024390244,9408008.290710842,31827379.07756204,10878.048780487805,9407666.193052774,31826439.171971247,10878.048780487805
9408056.51520872,31827893.73475802,10390.243902439024,6.209404427952071,9407762.642048527,31827468.48636321,9902.439024390244,9408104.739706598,31828408.391954,9902.439024390244,9408350.388368912,31828318.983152833,10878.048780487805,9408008.290710842,31827379.07756204,10878.048780487805
9408398.61286679,31828833.64034882,10390.243902439024,6.4360217695551905,9408104.739706598,31828408.391954,9902.439024390244,9408446.837364666,31829348.2975448,9902.439024390244,9408692.486026982,31829258.888743628,10878.048780487805,9408350.388368912,31828318.983152833,10878.048780487805
9408740.710524859,31829773.545939613,10390.243902439024,6.357602514731386,9408446.837364666,31829348.2975448,9902.439024390244,9408788.935022734,31830288.20313559,9902.439024390244,9409034.58368505,31830198.794334423,10878.048780487805,9408692.486026982,31829258.888743628,10878.048780487805
9409082.808182927,31830713.4515304,10390.243902439024,6.19095272181476,9408788.935022734,31830288.20313559,9902.439024390244,9409131.032680806,31831228.108726382,9902.439024390244,9409376.68134312,31831138.699925214,10878.048780487805,9409034.58368505,31830198.794334423,10878.048780487805
9409424.905840997,31831653.3571212,10390.243902439024,6.2100321118214605,9409131.032680806,31831228.108726382,9902.439024390244,9409473.130338874,31832168.01431718,9902.439024390244,9409718.77900119,31832078.60551601,10878.048780487805,9409376.68134312,31831138.699925214,10878.048780487805
9409767.003499066,31832593.26271199,10390.243902439024,6.218520102290578,9409473.130338874,31832168.01431718,9902.439024390244,9409815.227996944,31833107.919907972,9902.439024390244,9410060.876659257,31833018.511106804,10878.048780487805,9409718.77900119,31832078.60551601,10878.048780487805
9410109.101157134,31833533.168302782,10390.243902439024,5.892307182210942,9409815.227996944,31833107.919907972,9902.439024390244,9410157.325655013,31834047.825498763,9902.439024390244,9410402.974317327,31833958.416697595,10878.048780487805,9410060.876659257,31833018.511106804,10878.048780487805
9410451.198815204,31834473.073893577,10390.243902439024,5.298998650652589,9410157.325655013,31834047.825498763,9902.439024390244,9410499.423313081,31834987.73108956,9902.439024390244,9410745.071975397,31834898.322288387,10878.048780487805,9410402.974317327,31833958.416697595,10878.048780487805
9410793.296473274,31835412.97948437,10390.243902439024,4.732066644580269,9410499.423313081,31834987.73108956,9902.439024390244,9410841.520971151,31835927.636680353,9902.439024390244,9411087.169633465,31835838.22787918,10878.048780487805,9410745.071975397,31834898.322288387,10878.048780487805
9411135.394131342,31836352.885075167,10390.243902439024,4.317209318946936,9410841.520971151,31835927.636680353,9902.439024390244,9411183.61862922,31836867.542271145,9902.439024390244,9411429.267291535,31836778.133469976,10878.048780487805,9411087.169633465,31835838.22787918,10878.048780487805
9411477.491789412,31837292.790665958,10390.243902439024,4.1841394798115426,9411183.61862922,31836867.542271145,9902.439024390244,9411525.716287289,31837807.44786194,9902.439024390244,9411771.364949604,31837718.039060768,10878.048780487805,9411429.267291535,31836778.133469976,10878.048780487805
9411819.589447482,31838232.696256753,10390.243902439024,3.996894129746676,9411525.716287289,31837807.44786194,9902.439024390244,9411867.813945359,31838747.353452735,9902.439024390244,9412113.462607672,31838657.944651563,10878.048780487805,9411771.364949604,31837718.039060768,10878.048780487805
9412161.68710555,31839172.601847544,10390.243902439024,3.436233326219836,9411867.813945359,31838747.353452735,9902.439024390244,9412209.911603428,31839687.259043526,9902.439024390244,9412455.560265742,31839597.850242358,10878.048780487805,9412113.462607672,31838657.944651563,10878.048780487805
9412503.78476362,31840112.50743834,10390.243902439024,3.0163369943358878,9412209.911603428,31839687.259043526,9902.439024390244,9412552.009261496,31840627.16463432,9902.439024390244,9412797.657923812,31840537.75583315,10878.048780487805,9412455.560265742,31839597.850242358,10878.048780487805
9412845.88242169,31841052.41302913,10390.243902439024,2.8003896823130328,9412552.009261496,31840627.16463432,9902.439024390244,9412894.106919566,31841567.070225112,9902.439024390244,9413139.75558188,31841477.66142394,10878.048780487805,9412797.657923812,31840537.75583315,10878.048780487805
9413187.980079757,31841992.31861992,10390.243902439024,2.5229695394675944,9412894.106919566,31841567.070225112,9902.439024390244,9413236.204577636,31842506.975815903,9902.439024390244,9413481.85323995,31842417.567014735,10878.048780487805,9413139.75558188,31841477.66142394,10878.048780487805
9413530.077737827,31842932.224210717,10390.243902439024,2.3022278572814003,9413236.204577636,31842506.975815903,9902.439024390244,9413578.302235704,31843446.881406702,9902.439024390244,9413823.950898018,31843357.47260553,10878.048780487805,9413481.85323995,31842417.567014735,10878.048780487805
9413872.175395897,31843872.12980151,10390.243902439024,2.2618311314993345,9413578.302235704,31843446.881406702,9902.439024390244,9413920.399893774,31844386.786997493,9902.439024390244,9414166.04855609,31844297.37819632,10878.048780487805,9413823.950898018,31843357.47260553,10878.048780487805
9414214.273053966,31844812.035392307,10390.243902439024,2.1696822831523535,9413920.399893774,31844386.786997493,9902.439024390244,9414262.497551844,31845326.69258829,9902.439024390244,9414508.14621416,31845237.28378712,10878.048780487805,9414166.04855609,31844297.37819632,10878.048780487805
9414556.370712036,31845751.9409831,10390.243902439024,2.4392658936171157,9414262.497551844,31845326.69258829,9902.439024390244,9414604.595209911,31846266.598179083,9902.439024390244,9414850.243872225,31846177.18937791,10878.048780487805,9414508.14621416,31845237.28378712,10878.048780487805
9414898.468370104,31846691.846573893,10390.243902439024,2.2237617374993173,9414604.595209911,31846266.598179083,9902.439024390244,9414946.692867981,31847206.503769875,9902.439024390244,9415192.341530297,31847117.094968703,10878.048780487805,9414850.243872225,31846177.18937791,10878.048780487805
9415240.566028174,31847631.752164684,10390.243902439024,2.090329016204571,9414946.692867981,31847206.503769875,9902.439024390244,9415288.790526051,31848146.409360666,9902.439024390244,9415534.439188367,31848057.000559498,10878.048780487805,9415192.341530297,31847117.094968703,10878.048780487805
9415582.663686242,31848571.65775548,10390.243902439024,2.0251466841550654,9415288.790526051,31848146.409360666,9902.439024390244,9415630.888184119,31849086.314951457,9902.439024390244,9415876.536846433,31848996.90615029,10878.048780487805,9415534.439188367,31848057.000559498,10878.048780487805
9415924.761344312,31849511.56334627,10390.243902439024,2.1122300971968357,9415630.888184119,31849086.314951457,9902.439024390244,9415972.985842189,31850026.220542256,9902.439024390244,9416218.634504505,31849936.811741084,10878.048780487805,9415876.536846433,31848996.90615029,10878.048780487805
9416266.85900238,31850451.468937065,10390.243902439024,2.1422996124810347,9415972.985842189,31850026.220542256,9902.439024390244,9416315.083500259,31850966.126133047,9902.439024390244,9416560.732162574,31850876.71733188,10878.048780487805,9416218.634504505,31849936.811741084,10878.048780487805
9416608.956660451,31851391.374527857,10390.243902439024,2.1968926597517844,9416315.083500259,31850966.126133047,9902.439024390244,9416657.181158327,31851906.03172384,9902.439024390244,9416902.829820642,31851816.62292267,10878.048780487805,9416560.732162574,31850876.71733188,10878.048780487805
9416951.054318521,31852331.28011865,10390.243902439024,2.7119477084645083,9416657.181158327,31851906.03172384,9902.439024390244,9416999.278816396,31852845.937314633,9902.439024390244,9417244.927478712,31852756.52851346,10878.048780487805,9416902.829820642,31851816.62292267,10878.048780487805
9417293.15197659,31853271.185709447,10390.243902439024,3.085389931374226,9416999.278816396,31852845.937314633,9902.439024390244,9417341.376474466,31853785.84290543,9902.439024390244,9417587.025136782,31853696.43410426,10878.048780487805,9417244.927478712,31852756.52851346,10878.048780487805
9417635.249634657,31854211.09130024,10390.243902439024,3.0676664627068644,9417341.376474466,31853785.84290543,9902.439024390244,9417683.474132534,31854725.74849622,9902.439024390244,9417929.12279485,31854636.33969505,10878.048780487805,9417587.025136782,31853696.43410426,10878.048780487805
9417977.347292729,31855150.996891033,10390.243902439024,3.1069150006413957,9417683.474132534,31854725.74849622,9902.439024390244,9418025.571790604,31855665.654087014,9902.439024390244,9418271.22045292,31855576.245285843,10878.048780487805,9417929.12279485,31854636.33969505,10878.048780487805
9418319.444950797,31856090.902481824,10390.243902439024,2.9706108992583946,9418025.571790604,31855665.654087014,9902.439024390244,9418367.669448674,31856605.55967781,9902.439024390244,9418613.31811099,31856516.15087664,10878.048780487805,9418271.22045292,31855576.245285843,10878.048780487805
9418661.542608866,31857030.80807262,10390.243902439024,2.7383684379018742,9418367.669448674,31856605.55967781,9902.439024390244,9418709.767106742,31857545.4652686,9902.439024390244,9418955.415769057,31857456.056467433,10878.048780487805,9418613.31811099,31856516.15087664,10878.048780487805
9419003.640266934,31857970.71366341,10390.243902439024,2.2881813016408694,9418709.767106742,31857545.4652686,9902.439024390244,9419051.864764811,31858485.370859396,9902.439024390244,9419297.513427127,31858395.962058224,10878.048780487805,9418955.415769057,31857456.056467433,10878.048780487805
9419345.737925004,31858910.619254205,10390.243902439024,2.2730698795652673,9419051.864764811,31858485.370859396,9902.439024390244,9419393.962422881,31859425.276450187,9902.439024390244,9419639.611085197,31859335.86764902,10878.048780487805,9419297.513427127,31858395.962058224,10878.048780487805
9419687.835583074,31859850.524845,10390.243902439024,2.159360877985237,9419393.962422881,31859425.276450187,9902.439024390244,9419736.06008095,31860365.182040982,9902.439024390244,9419981.708743265,31860275.773239814,10878.048780487805,9419639.611085197,31859335.86764902,10878.048780487805
9420029.933241144,31860790.430435795,10390.243902439024,1.7019617914183598,9419736.06008095,31860365.182040982,9902.439024390244,9420078.157739019,31861305.087631777,9902.439024390244,9420323.806401335,31861215.678830605,10878.048780487805,9419981.708743265,31860275.773239814,10878.048780487805
9420372.03089921,31861730.336026587,10390.243902439024,1.5737841972283917,9420078.157739019,31861305.087631777,9902.439024390244,9420420.255397089,31862244.99322257,9902.439024390244,9420665.904059405,31862155.584421396,10878.048780487805,9420323.806401335,31861215.678830605,10878.048780487805
9420714.128557282,31862670.241617378,10390.243902439024,1.5675558839412853,9420420.255397089,31862244.99322257,9902.439024390244,9420762.353055159,31863184.898813363,9902.439024390244,9421008.001717472,31863095.490012195,10878.048780487805,9420665.904059405,31862155.584421396,10878.048780487805
9421056.226215351,31863610.147208177,10390.243902439024,1.485606846803405,9420762.353055159,31863184.898813363,9902.439024390244,9421104.450713228,31864124.80440416,9902.439024390244,9421350.099375542,31864035.395602986,10878.048780487805,9421008.001717472,31863095.490012195,10878.048780487805
9421398.32387342,31864550.052798964,10390.243902439024,1.5927664674828657,9421104.450713228,31864124.80440416,9902.439024390244,9421446.548371296,31865064.70999495,9902.439024390244,9421692.197033612,31864975.301193777,10878.048780487805,9421350.099375542,31864035.395602986,10878.048780487805
9421740.42153149,31865489.95838976,10390.243902439024,1.3990162071948746,9421446.548371296,31865064.70999495,9902.439024390244,9421788.646029366,31866004.61558574,9902.439024390244,9422034.29469168,31865915.206784572,10878.048780487805,9421692.197033612,31864975.301193777,10878.048780487805
9422082.519189559,31866429.863980558,10390.243902439024,1.312179766394318,9421788.646029366,31866004.61558574,9902.439024390244,9422130.743687436,31866944.52117654,9902.439024390244,9422376.39234975,31866855.112375367,10878.048780487805,9422034.29469168,31865915.206784572,10878.048780487805
9422424.616847627,31867369.76957135,10390.243902439024,1.3670487871270023,9422130.743687436,31866944.52117654,9902.439024390244,9422472.841345504,31867884.42676733,9902.439024390244,9422718.49000782,31867795.01796616,10878.048780487805,9422376.39234975,31866855.112375367,10878.048780487805
9422766.714505697,31868309.67516214,10390.243902439024,1.2736137972068284,9422472.841345504,31867884.42676733,9902.439024390244,9422814.939003574,31868824.332358122,9902.439024390244,9423060.587665888,31868734.923556954,10878.048780487805,9422718.49000782,31867795.01796616,10878.048780487805
9423108.812163766,31869249.580752935,10390.243902439024,1.2926800936690563,9422814.939003574,31868824.332358122,9902.439024390244,9423157.036661644,31869764.23794892,9902.439024390244,9423402.685323957,31869674.82914775,10878.048780487805,9423060.587665888,31868734.923556954,10878.048780487805
9423450.909821834,31870189.48634373,10390.243902439024,1.3270828838955324,9423157.036661644,31869764.23794892,9902.439024390244,9423499.134319713,31870704.143539708,9902.439024390244,9423744.782982027,31870614.73473854,10878.048780487805,9423402.685323957,31869674.82914775,10878.048780487805
9423793.007479904,31871129.391934518,10390.243902439024,1.1579368328844493,9423499.134319713,31870704.143539708,9902.439024390244,9423841.231977781,31871644.049130503,9902.439024390244,9424086.880640095,31871554.640329335,10878.048780487805,9423744.782982027,31870614.73473854,10878.048780487805
9424135.105137974,31872069.297525316,10390.243902439024,1.0265192538305477,9423841.231977781,31871644.049130503,9902.439024390244,9424183.329635851,31872583.954721298,9902.439024390244,9424428.978298165,31872494.545920126,10878.048780487805,9424086.880640095,31871554.640329335,10878.048780487805
9424477.202796042,31873009.20311611,10390.243902439024,0.7579232014185933,9424183.329635851,31872583.954721298,9902.439024390244,9424525.42729392,31873523.860312093,9902.439024390244,9424771.075956235,31873434.45151092,10878.048780487805,9424428.978298165,31872494.545920126,10878.048780487805
9424819.300454112,31873949.108706903,10390.243902439024,0.5000837787047365,9424525.42729392,31873523.860312093,9902.439024390244,9424867.524951989,31874463.765902884,9902.439024390244,9425113.173614303,31874374.357101716,10878.048780487805,9424771.075956235,31873434.45151092,10878.048780487805
9425161.398112182,31874889.014297698,10390.243902439024,0.5103696106846094,9424867.524951989,31874463.765902884,9902.439024390244,9425209.622610059,31875403.671493676,9902.439024390244,9425455.271272372,31875314.262692507,10878.048780487805,9425113.173614303,31874374.357101716,10878.048780487805
9425503.49577025,31875828.91988849,10390.243902439024,0.6494751762656436,9425209.622610059,31875403.671493676,9902.439024390244,9425551.720268128,31876343.577084474,9902.439024390244,9425797.368930442,31876254.168283302,10878.048780487805,9425455.271272372,31875314.262692507,10878.048780487805
9425845.59342832,31876768.825479284,10390.243902439024,0.6815233162965957,9425551.720268128,31876343.577084474,9902.439024390244,9425893.817926196,31877283.48267526,9902.439024390244,9426139.46658851,31877194.073874094,10878.048780487805,9425797.368930442,31876254.168283302,10878.048780487805
9426187.69108639,31877708.731070075,10390.243902439024,0.6057363592502408,9425893.817926196,31877283.48267526,9902.439024390244,9426235.915584266,31878223.388266057,9902.439024390244,9426481.56424658,31878133.97946489,10878.048780487805,9426139.46658851,31877194.073874094,10878.048780487805
9426529.788744457,31878648.63666087,10390.243902439024,0.4982463975769202,9426235.915584266,31878223.388266057,9902.439024390244,9426578.013242336,31879163.29385685,9902.439024390244,9426823.66190465,31879073.88505568,10878.048780487805,9426481.56424658,31878133.97946489,10878.048780487805
9426871.886402527,31879588.542251665,10390.243902439024,0.5683659906172894,9426578.013242336,31879163.29385685,9902.439024390244,9426920.110900404,31880103.199447643,9902.439024390244,9427165.759562718,31880013.790646475,10878.048780487805,9426823.66190465,31879073.88505568,10878.048780487805
9427213.984060597,31880528.447842456,10390.243902439024,0.831951057389198,9426920.110900404,31880103.199447643,9902.439024390244,9427262.208558474,31881043.105038438,9902.439024390244,9427507.857220788,31880953.69623727,10878.048780487805,9427165.759562718,31880013.790646475,10878.048780487805
9427556.081718665,31881468.35343325,10390.243902439024,1.1732234635671026,9427262.208558474,31881043.105038438,9902.439024390244,9427604.306216544,31881983.010629233,9902.439024390244,9427849.95487886,31881893.60182806,10878.048780487805,9427507.857220788,31880953.69623727,10878.048780487805
9427898.179376736,31882408.259024043,10390.243902439024,1.325973097830319,9427604.306216544,31881983.010629233,9902.439024390244,9427946.403874611,31882922.916220024,9902.439024390244,9428192.052536927,31882833.507418856,10878.048780487805,9427849.95487886,31881893.60182806,10878.048780487805
9428240.277034804,31883348.164614834,10390.243902439024,1.621397224819928,9427946.403874611,31882922.916220024,9902.439024390244,9428288.501532681,31883862.821810815,9902.439024390244,9428534.150194995,31883773.413009647,10878.048780487805,9428192.052536927,31882833.507418856,10878.048780487805
9428582.374692872,31884288.07020563,10390.243902439024,2.126876724782169,9428288.501532681,31883862.821810815,9902.439024390244,9428630.599190751,31884802.727401614,9902.439024390244,9428876.247853067,31884713.318600442,10878.048780487805,9428534.150194995,31883773.413009647,10878.048780487805
9428924.472350944,31885227.975796424,10390.243902439024,2.6374209363561,9428630.599190751,31884802.727401614,9902.439024390244,9428972.696848819,31885742.632992405,9902.439024390244,9429218.345511135,31885653.224191237,10878.048780487805,9428876.247853067,31884713.318600442,10878.048780487805
9429266.570009014,31886167.88138722,10390.243902439024,2.9802960849856355,9428972.696848819,31885742.632992405,9902.439024390244,9429314.794506889,31886682.538583197,9902.439024390244,9429560.443169203,31886593.12978203,10878.048780487805,9429218.345511135,31885653.224191237,10878.048780487805
9429608.66766708,31887107.78697801,10390.243902439024,2.9279651812352525,9429314.794506889,31886682.538583197,9902.439024390244,9429656.892164959,31887622.444173995,9902.439024390244,9429902.540827274,31887533.035372823,10878.048780487805,9429560.443169203,31886593.12978203,10878.048780487805
9429950.765325151,31888047.692568805,10390.243902439024,2.7580896197902356,9429656.892164959,31887622.444173995,9902.439024390244,9429998.989823027,31888562.349764787,9902.439024390244,9430244.638485342,31888472.940963615,10878.048780487805,9429902.540827274,31887533.035372823,10878.048780487805
9430292.86298322,31888987.598159596,10390.243902439024,2.4322040360900923,9429998.989823027,31888562.349764787,9902.439024390244,9430341.087481096,31889502.255355578,9902.439024390244,9430586.73614341,31889412.84655441,10878.048780487805,9430244.638485342,31888472.940963615,10878.048780487805
9430634.960641287,31889927.50375039,10390.243902439024,2.072506869860224,9430341.087481096,31889502.255355578,9902.439024390244,9430683.185139166,31890442.160946373,9902.439024390244,9430928.833801482,31890352.7521452,10878.048780487805,9430586.73614341,31889412.84655441,10878.048780487805
9430977.058299357,31890867.409341183,10390.243902439024,1.9467936245516082,9430683.185139166,31890442.160946373,9902.439024390244,9431025.282797234,31891382.066537168,9902.439024390244,9431270.93145955,31891292.657735996,10878.048780487805,9430928.833801482,31890352.7521452,10878.048780487805
9431319.155957429,31891807.314931978,10390.243902439024,1.8203980395199613,9431025.282797234,31891382.066537168,9902.439024390244,9431367.380455304,31892321.97212796,9902.439024390244,9431613.02911762,31892232.56332679,10878.048780487805,9431270.93145955,31891292.657735996,10878.048780487805
9431661.253615497,31892747.220522776,10390.243902439024,1.791549613026623,9431367.380455304,31892321.97212796,9902.439024390244,9431709.478113374,31893261.877718754,9902.439024390244,9431955.12677569,31893172.468917582,10878.048780487805,9431613.02911762,31892232.56332679,10878.048780487805
9432003.351273566,31893687.126113564,10390.243902439024,1.8607492570823803,9431709.478113374,31893261.877718754,9902.439024390244,9432051.575771442,31894201.78330955,9902.439024390244,9432297.224433757,31894112.374508377,10878.048780487805,9431955.12677569,31893172.468917582,10878.048780487805
9432345.448931634,31894627.03170436,10390.243902439024,1.698476134516894,9432051.575771442,31894201.78330955,9902.439024390244,9432393.673429511,31895141.68890034,9902.439024390244,9432639.322091827,31895052.280099172,10878.048780487805,9432297.224433757,31894112.374508377,10878.048780487805
9432687.546589704,31895566.937295154,10390.243902439024,1.6105470611986612,9432393.673429511,31895141.68890034,9902.439024390244,9432735.77108758,31896081.594491135,9902.439024390244,9432981.419749897,31895992.185689963,10878.048780487805,9432639.322091827,31895052.280099172,10878.048780487805
9433029.644247774,31896506.842885945,10390.243902439024,1.3754064156046468,9432735.77108758,31896081.594491135,9902.439024390244,9433077.86874565,31897021.500081927,9902.439024390244,9433323.517407965,31896932.091280755,10878.048780487805,9432981.419749897,31895992.185689963,10878.048780487805
9433371.741905844,31897446.748476736,10390.243902439024,1.253991659778529,9433077.86874565,31897021.500081927,9902.439024390244,9433419.966403719,31897961.40567272,9902.439024390244,9433665.615066035,31897871.996871553,10878.048780487805,9433323.517407965,31896932.091280755,10878.048780487805
9433713.83956391,31898386.654067535,10390.243902439024,1.327825531850202,9433419.966403719,31897961.40567272,9902.439024390244,9433762.064061787,31898901.311263517,9902.439024390244,9434007.712724105,31898811.902462345,10878.048780487805,9433665.615066035,31897871.996871553,10878.048780487805
9434055.937221982,31899326.55965833,10390.243902439024,1.4563764077650252,9433762.064061787,31898901.311263517,9902.439024390244,9434104.161719857,31899841.216854308,9902.439024390244,9434349.810382172,31899751.808053136,10878.048780487805,9434007.712724105,31898811.902462345,10878.048780487805
9434398.034880051,31900266.465249117,10390.243902439024,1.4532715106710543,9434104.161719857,31899841.216854308,9902.439024390244,9434446.259377928,31900781.1224451,9902.439024390244,9434691.908040242,31900691.713643935,10878.048780487805,9434349.810382172,31899751.808053136,10878.048780487805
9434740.13253812,31901206.370839916,10390.243902439024,1.3274460731284108,9434446.259377928,31900781.1224451,9902.439024390244,9434788.357035996,31901721.028035894,9902.439024390244,9435034.005698312,31901631.619234726,10878.048780487805,9434691.908040242,31900691.713643935,10878.048780487805
9435082.23019619,31902146.276430707,10390.243902439024,1.1083359704393487,9434788.357035996,31901721.028035894,9902.439024390244,9435130.454694064,31902660.93362669,9902.439024390244,9435376.10335638,31902571.524825517,10878.048780487805,9435034.005698312,31901631.619234726,10878.048780487805
9435424.327854259,31903086.1820215,10390.243902439024,0.9754839127272287,9435130.454694064,31902660.93362669,9902.439024390244,9435472.552352136,31903600.83921748,9902.439024390244,9435718.20101445,31903511.430416312,10878.048780487805,9435376.10335638,31902571.524825517,10878.048780487805
9435766.425512327,31904026.087612294,10390.243902439024,0.9470740128739473,9435472.552352136,31903600.83921748,9902.439024390244,9435814.650010204,31904540.744808275,9902.439024390244,9436060.29867252,31904451.336007107,10878.048780487805,9435718.20101445,31903511.430416312,10878.048780487805
9436108.523170397,31904965.99320309,10390.243902439024,0.6538627484633184,9435814.650010204,31904540.744808275,9902.439024390244,9436156.747668272,31905480.65039907,9902.439024390244,9436402.396330588,31905391.2415979,10878.048780487805,9436060.29867252,31904451.336007107,10878.048780487805
9436450.620828466,31905905.898793884,10390.243902439024,0.5957180339682078,9436156.747668272,31905480.65039907,9902.439024390244,9436498.845326344,31906420.55598986,9902.439024390244,9436744.493988657,31906331.147188693,10878.048780487805,9436402.396330588,31905391.2415979,10878.048780487805
9436792.718486534,31906845.804384675,10390.243902439024,0.6748942158120373,9436498.845326344,31906420.55598986,9902.439024390244,9436840.942984411,31907360.461580653,9902.439024390244,9437086.591646727,31907271.052779485,10878.048780487805,9436744.493988657,31906331.147188693,10878.048780487805
9437134.816144604,31907785.70997547,10390.243902439024,0.6793234123031903,9436840.942984411,31907360.461580653,9902.439024390244,9437183.040642481,31908300.36717145,9902.439024390244,9437428.689304795,31908210.95837028,10878.048780487805,9437086.591646727,31907271.052779485,10878.048780487805
9437476.913802674,31908725.61556626,10390.243902439024,0.9702698714736948,9437183.040642481,31908300.36717145,9902.439024390244,9437525.138300551,31909240.272762243,9902.439024390244,9437770.786962865,31909150.863961075,10878.048780487805,9437428.689304795,31908210.95837028,10878.048780487805
9437819.011460742,31909665.521157052,10390.243902439024,1.3373501121113611,9437525.138300551,31909240.272762243,9902.439024390244,9437867.235958619,31910180.178353034,9902.439024390244,9438112.884620935,31910090.769551866,10878.048780487805,9437770.786962865,31909150.863961075,10878.048780487805
9438161.109118812,31910605.426747847,10390.243902439024,1.3626134518413715,9437867.235958619,31910180.178353034,9902.439024390244,9438209.333616689,31911120.083943833,9902.439024390244,9438454.982279003,31911030.67514266,10878.048780487805,9438112.884620935,31910090.769551866,10878.048780487805
9438503.206776882,31911545.332338642,10390.243902439024,1.2259040448218979,9438209.333616689,31911120.083943833,9902.439024390244,9438551.431274759,31912059.989534624,9902.439024390244,9438797.079937072,31911970.580733456,10878.048780487805,9438454.982279003,31911030.67514266,10878.048780487805
9438845.30443495,31912485.237929437,10390.243902439024,1.2366244375870405,9438551.431274759,31912059.989534624,9902.439024390244,9438893.528932827,31912999.895125415,9902.439024390244,9439139.177595142,31912910.486324247,10878.048780487805,9438797.079937072,31911970.580733456,10878.048780487805
9439187.40209302,31913425.14352023,10390.243902439024,1.4788793238157039,9438893.528932827,31912999.895125415,9902.439024390244,9439235.626590896,31913939.80071621,9902.439024390244,9439481.27525321,31913850.39191504,10878.048780487805,9439139.177595142,31912910.486324247,10878.048780487805
9439529.49975109,31914365.049111016,10390.243902439024,1.6208589284485473,9439235.626590896,31913939.80071621,9902.439024390244,9439577.724248966,31914879.706307,9902.439024390244,9439823.37291128,31914790.297505833,10878.048780487805,9439481.27525321,31913850.39191504,10878.048780487805
9439871.597409157,31915304.95470181,10390.243902439024,1.6722373837717495,9439577.724248966,31914879.706307,9902.439024390244,9439919.821907034,31915819.611897796,9902.439024390244,9440165.47056935,31915730.20309663,10878.048780487805,9439823.37291128,31914790.297505833,10878.048780487805
9440213.695067227,31916244.86029261,10390.243902439024,1.8281572275616773,9439919.821907034,31915819.611897796,9902.439024390244,9440261.919565104,31916759.51748859,9902.439024390244,9440507.568227418,31916670.10868742,10878.048780487805,9440165.47056935,31915730.20309663,10878.048780487805
9440555.792725295,31917184.7658834,10390.243902439024,2.114187890645632,9440261.919565104,31916759.51748859,9902.439024390244,9440604.017223174,31917699.423079386,9902.439024390244,9440849.66588549,31917610.014278214,10878.048780487805,9440507.568227418,31916670.10868742,10878.048780487805
9440897.890383365,31918124.671474196,10390.243902439024,2.030390265891639,9440604.017223174,31917699.423079386,9902.439024390244,9440946.114881242,31918639.328670178,9902.439024390244,9441191.763543557,31918549.91986901,10878.048780487805,9440849.66588549,31917610.014278214,10878.048780487805
9441239.988041434,31919064.577064995,10390.243902439024,1.757712683022941,9440946.114881242,31918639.328670178,9902.439024390244,9441288.212539311,31919579.234260973,9902.439024390244,9441533.861201625,31919489.8254598,10878.048780487805,9441191.763543557,31918549.91986901,10878.048780487805
9441582.085699502,31920004.482655782,10390.243902439024,1.6134892529175955,9441288.212539311,31919579.234260973,9902.439024390244,9441630.310197381,31920519.139851764,9902.439024390244,9441875.958859697,31920429.731050592,10878.048780487805,9441533.861201625,31919489.8254598,10878.048780487805
9441924.183357572,31920944.38824657,10390.243902439024,1.487406169664473,9441630.310197381,31920519.139851764,9902.439024390244,9441972.40785545,31921459.045442555,9902.439024390244,9442218.056517765,31921369.636641387,10878.048780487805,9441875.958859697,31920429.731050592,10878.048780487805
9442266.281015642,31921884.29383737,10390.243902439024,1.3893916890948863,9441972.40785545,31921459.045442555,9902.439024390244,9442314.505513519,31922398.951033354,9902.439024390244,9442560.154175835,31922309.542232182,10878.048780487805,9442218.056517765,31921369.636641387,10878.048780487805
9442608.378673712,31922824.199428163,10390.243902439024,1.4835049219625092,9442314.505513519,31922398.951033354,9902.439024390244,9442656.603171589,31923338.856624145,9902.439024390244,9442902.251833905,31923249.447822973,10878.048780487805,9442560.154175835,31922309.542232182,10878.048780487805
9442950.47633178,31923764.105018955,10390.243902439024,1.4522896835087717,9442656.603171589,31923338.856624145,9902.439024390244,9442998.700829657,31924278.762214936,9902.439024390244,9443244.349491972,31924189.353413768,10878.048780487805,9442902.251833905,31923249.447822973,10878.048780487805
9443292.57398985,31924704.01060975,10390.243902439024,1.5683918053428425,9442998.700829657,31924278.762214936,9902.439024390244,9443340.798487727,31925218.66780573,9902.439024390244,9443586.447150042,31925129.259004563,10878.048780487805,9443244.349491972,31924189.353413768,10878.048780487805
9443634.67164792,31925643.91620055,10390.243902439024,1.6215087435266708,9443340.798487727,31925218.66780573,9902.439024390244,9443682.896145796,31926158.573396526,9902.439024390244,9443928.544808112,31926069.164595354,10878.048780487805,9443586.447150042,31925129.259004563,10878.048780487805
9402828.601341927,31812765.836504158,11365.853658536585,2.536752873945255,9402534.728181737,31812340.588109344,10878.048780487805,9402876.825839804,31813280.49370014,10878.048780487805,9403122.474502118,31813191.084898967,11853.658536585366,9402780.37684405,31812251.179308176,11853.658536585366
9403170.698999997,31813705.74209495,11365.853658536585,2.4555339859915186,9402876.825839804,31813280.49370014,10878.048780487805,9403218.923497874,31814220.39929093,10878.048780487805,9403464.572160188,31814130.990489762,11853.658536585366,9403122.474502118,31813191.084898967,11853.658536585366
9403512.796658065,31814645.647685744,11365.853658536585,2.5582385138946555,9403218.923497874,31814220.39929093,10878.048780487805,9403561.021155944,31815160.304881725,10878.048780487805,9403806.669818258,31815070.896080557,11853.658536585366,9403464.572160188,31814130.990489762,11853.658536585366
9403854.894316135,31815585.55327654,11365.853658536585,2.5338302205736913,9403561.021155944,31815160.304881725,10878.048780487805,9403903.118814012,31816100.21047252,10878.048780487805,9404148.767476326,31816010.80167135,11853.658536585366,9403806.669818258,31815070.896080557,11853.658536585366
9404196.991974205,31816525.458867334,11365.853658536585,2.805567594465256,9403903.118814012,31816100.21047252,10878.048780487805,9404245.216472082,31817040.11606331,10878.048780487805,9404490.865134396,31816950.707262143,11853.658536585366,9404148.767476326,31816010.80167135,11853.658536585366
9404539.089632273,31817465.36445812,11365.853658536585,3.26870933042103,9404245.216472082,31817040.11606331,10878.048780487805,9404587.314130152,31817980.021654103,10878.048780487805,9404832.962792465,31817890.612852935,11853.658536585366,9404490.865134396,31816950.707262143,11853.658536585366
9404881.187290343,31818405.27004892,11365.853658536585,3.452967656874929,9404587.314130152,31817980.021654103,10878.048780487805,9404929.41178822,31818919.9272449,10878.048780487805,9405175.060450533,31818830.51844373,11853.658536585366,9404832.962792465,31817890.612852935,11853.658536585366
9405223.284948412,31819345.17563971,11365.853658536585,3.5226620605959282,9404929.41178822,31818919.9272449,10878.048780487805,9405271.50944629,31819859.832835693,10878.048780487805,9405517.158108603,31819770.424034525,11853.658536585366,9405175.060450533,31818830.51844373,11853.658536585366
9405565.38260648,31820285.081230503,11365.853658536585,4.025133939082213,9405271.50944629,31819859.832835693,10878.048780487805,9405613.60710436,31820799.738426484,10878.048780487805,9405859.255766673,31820710.329625316,11853.658536585366,9405517.158108603,31819770.424034525,11853.658536585366
9405907.48026455,31821224.986821298,11365.853658536585,5.384007227755699,9405613.60710436,31820799.738426484,10878.048780487805,9405955.704762427,31821739.644017283,10878.048780487805,9406201.353424741,31821650.23521611,11853.658536585366,9405859.255766673,31820710.329625316,11853.658536585366
9406249.57792262,31822164.892412093,11365.853658536585,5.792942612653122,9405955.704762427,31821739.644017283,10878.048780487805,9406297.802420497,31822679.549608074,10878.048780487805,9406543.45108281,31822590.140806902,11853.658536585366,9406201.353424741,31821650.23521611,11853.658536585366
9406591.675580688,31823104.798002888,11365.853658536585,5.892200900519361,9406297.802420497,31822679.549608074,10878.048780487805,9406639.900078567,31823619.455198865,10878.048780487805,9406885.54874088,31823530.046397697,11853.658536585366,9406543.45108281,31822590.140806902,11853.658536585366
9406933.773238758,31824044.70359368,11365.853658536585,6.536740068203068,9406639.900078567,31823619.455198865,10878.048780487805,9406981.997736635,31824559.36078966,10878.048780487805,9407227.646398949,31824469.95198849,11853.658536585366,9406885.54874088,31823530.046397697,11853.658536585366
9407275.870896827,31824984.609184474,11365.853658536585,6.38161523459417,9406981.997736635,31824559.36078966,10878.048780487805,9407324.095394704,31825499.266380455,10878.048780487805,9407569.74405702,31825409.857579283,11853.658536585366,9407227.646398949,31824469.95198849,11853.658536585366
9407617.968554897,31825924.514775265,11365.853658536585,6.948655959205663,9407324.095394704,31825499.266380455,10878.048780487805,9407666.193052774,31826439.171971247,10878.048780487805,9407911.84171509,31826349.76317008,11853.658536585366,9407569.74405702,31825409.857579283,11853.658536585366
9407960.066212965,31826864.42036606,11365.853658536585,8.008396913286692,9407666.193052774,31826439.171971247,10878.048780487805,9408008.290710842,31827379.07756204,10878.048780487805,9408253.939373156,31827289.66876087,11853.658536585366,9407911.84171509,31826349.76317008,11853.658536585366
9408302.163871035,31827804.32595685,11365.853658536585,8.851237419371687,9408008.290710842,31827379.07756204,10878.048780487805,9408350.388368912,31828318.983152833,10878.048780487805,9408596.037031228,31828229.574351665,11853.658536585366,9408253.939373156,31827289.66876087,11853.658536585366
9408644.261529105,31828744.231547646,11365.853658536585,9.222248825715894,9408350.388368912,31828318.983152833,10878.048780487805,9408692.486026982,31829258.888743628,10878.048780487805,9408938.134689298,31829169.47994246,11853.658536585366,9408596.037031228,31828229.574351665,11853.658536585366
9408986.359187175,31829684.137138445,11365.853658536585,9.311306275888123,9408692.486026982,31829258.888743628,10878.048780487805,9409034.58368505,31830198.794334423,10878.048780487805,9409280.232347364,31830109.38553325,11853.658536585366,9408938.134689298,31829169.47994246,11853.658536585366
9409328.456845243,31830624.042729232,11365.853658536585,10.15734147921314,9409034.58368505,31830198.794334423,10878.048780487805,9409376.68134312,31831138.699925214,10878.048780487805,9409622.330005435,31831049.291124042,11853.658536585366,9409280.232347364,31830109.38553325,11853.658536585366
9409670.554503312,31831563.948320027,11365.853658536585,9.703193775041717,9409376.68134312,31831138.699925214,10878.048780487805,9409718.77900119,31832078.60551601,10878.048780487805,9409964.427663505,31831989.19671484,11853.658536585366,9409622.330005435,31831049.291124042,11853.658536585366
9410012.652161382,31832503.853910822,11365.853658536585,8.006943446077091,9409718.77900119,31832078.60551601,10878.048780487805,9410060.876659257,31833018.511106804,10878.048780487805,9410306.525321573,31832929.102305632,11853.658536585366,9409964.427663505,31831989.19671484,11853.658536585366
9410354.749819452,31833443.759501614,11365.853658536585,7.595355409239329,9410060.876659257,31833018.511106804,10878.048780487805,9410402.974317327,31833958.416697595,10878.048780487805,9410648.622979643,31833869.007896423,11853.658536585366,9410306.525321573,31832929.102305632,11853.658536585366
9410696.847477518,31834383.665092405,11365.853658536585,7.451915542116716,9410402.974317327,31833958.416697595,10878.048780487805,9410745.071975397,31834898.322288387,10878.048780487805,9410990.720637713,31834808.91348722,11853.658536585366,9410648.622979643,31833869.007896423,11853.658536585366
9411038.94513559,31835323.570683204,11365.853658536585,6.729141951459826,9410745.071975397,31834898.322288387,10878.048780487805,9411087.169633465,31835838.22787918,10878.048780487805,9411332.81829578,31835748.819078013,11853.658536585366,9410990.720637713,31834808.91348722,11853.658536585366
9411381.04279366,31836263.476274,11365.853658536585,5.818521326326852,9411087.169633465,31835838.22787918,10878.048780487805,9411429.267291535,31836778.133469976,10878.048780487805,9411674.91595385,31836688.724668805,11853.658536585366,9411332.81829578,31835748.819078013,11853.658536585366
9411723.140451727,31837203.381864786,11365.853658536585,5.099016176346617,9411429.267291535,31836778.133469976,10878.048780487805,9411771.364949604,31837718.039060768,10878.048780487805,9412017.01361192,31837628.6302596,11853.658536585366,9411674.91595385,31836688.724668805,11853.658536585366
9412065.238109795,31838143.287455585,11365.853658536585,4.219400032199394,9411771.364949604,31837718.039060768,10878.048780487805,9412113.462607672,31838657.944651563,10878.048780487805,9412359.111269988,31838568.535850395,11853.658536585366,9412017.01361192,31837628.6302596,11853.658536585366
9412407.335767867,31839083.193046376,11365.853658536585,4.017537078067069,9412113.462607672,31838657.944651563,10878.048780487805,9412455.560265742,31839597.850242358,10878.048780487805,9412701.208928058,31839508.441441186,11853.658536585366,9412359.111269988,31838568.535850395,11853.658536585366
9412749.433425935,31840023.098637167,11365.853658536585,3.6381551847816374,9412455.560265742,31839597.850242358,10878.048780487805,9412797.657923812,31840537.75583315,10878.048780487805,9413043.306586128,31840448.34703198,11853.658536585366,9412701.208928058,31839508.441441186,11853.658536585366
9413091.531084005,31840963.00422796,11365.853658536585,3.5226819204394753,9412797.657923812,31840537.75583315,10878.048780487805,9413139.75558188,31841477.66142394,10878.048780487805,9413385.404244196,31841388.252622772,11853.658536585366,9413043.306586128,31840448.34703198,11853.658536585366
9413433.628742073,31841902.909818754,11365.853658536585,4.07897745495091,9413139.75558188,31841477.66142394,10878.048780487805,9413481.85323995,31842417.567014735,10878.048780487805,9413727.501902265,31842328.158213563,11853.658536585366,9413385.404244196,31841388.252622772,11853.658536585366
9413775.726400143,31842842.815409545,11365.853658536585,4.163710154810723,9413481.85323995,31842417.567014735,10878.048780487805,9413823.950898018,31843357.47260553,10878.048780487805,9414069.599560335,31843268.063804362,11853.658536585366,9413727.501902265,31842328.158213563,11853.658536585366
9414117.824058212,31843782.72100034,11365.853658536585,3.5173785953304306,9413823.950898018,31843357.47260553,10878.048780487805,9414166.04855609,31844297.37819632,10878.048780487805,9414411.697218403,31844207.969395153,11853.658536585366,9414069.599560335,31843268.063804362,11853.658536585366
9414459.921716282,31844722.62659114,11365.853658536585,3.3720099881711425,9414166.04855609,31844297.37819632,10878.048780487805,9414508.14621416,31845237.28378712,10878.048780487805,9414753.794876473,31845147.87498595,11853.658536585366,9414411.697218403,31844207.969395153,11853.658536585366
9414802.01937435,31845662.53218193,11365.853658536585,2.919311871252293,9414508.14621416,31845237.28378712,10878.048780487805,9414850.243872225,31846177.18937791,10878.048780487805,9415095.892534543,31846087.780576743,11853.658536585366,9414753.794876473,31845147.87498595,11853.658536585366
9415144.11703242,31846602.43777272,11365.853658536585,2.598453986650151,9414850.243872225,31846177.18937791,10878.048780487805,9415192.341530297,31847117.094968703,10878.048780487805,9415437.99019261,31847027.686167534,11853.658536585366,9415095.892534543,31846087.780576743,11853.658536585366
9415486.21469049,31847542.343363516,11365.853658536585,2.6449042497659683,9415192.341530297,31847117.094968703,10878.048780487805,9415534.439188367,31848057.000559498,10878.048780487805,9415780.08785068,31847967.591758326,11853.658536585366,9415437.99019261,31847027.686167534,11853.658536585366
9415828.312348558,31848482.248954307,11365.853658536585,2.216781867950772,9415534.439188367,31848057.000559498,10878.048780487805,9415876.536846433,31848996.90615029,10878.048780487805,9416122.18550875,31848907.497349117,11853.658536585366,9415780.08785068,31847967.591758326,11853.658536585366
9416170.410006627,31849422.1545451,11365.853658536585,2.141991256035801,9415876.536846433,31848996.90615029,10878.048780487805,9416218.634504505,31849936.811741084,10878.048780487805,9416464.283166818,31849847.402939916,11853.658536585366,9416122.18550875,31848907.497349117,11853.658536585366
9416512.507664697,31850362.060135897,11365.853658536585,2.161922327400512,9416218.634504505,31849936.811741084,10878.048780487805,9416560.732162574,31850876.71733188,10878.048780487805,9416806.380824888,31850787.308530707,11853.658536585366,9416464.283166818,31849847.402939916,11853.658536585366
9416854.605322765,31851301.965726685,11365.853658536585,2.4457002186704413,9416560.732162574,31850876.71733188,10878.048780487805,9416902.829820642,31851816.62292267,10878.048780487805,9417148.478482958,31851727.2141215,11853.658536585366,9416806.380824888,31850787.308530707,11853.658536585366
9417196.702980835,31852241.87131748,11365.853658536585,2.682302731905858,9416902.829820642,31851816.62292267,10878.048780487805,9417244.927478712,31852756.52851346,10878.048780487805,9417490.576141026,31852667.119712297,11853.658536585366,9417148.478482958,31851727.2141215,11853.658536585366
9417538.800638905,31853181.77690828,11365.853658536585,2.729713698156368,9417244.927478712,31852756.52851346,10878.048780487805,9417587.025136782,31853696.43410426,10878.048780487805,9417832.673799096,31853607.025303088,11853.658536585366,9417490.576141026,31852667.119712297,11853.658536585366
9417880.898296973,31854121.68249907,11365.853658536585,3.043062807985283,9417587.025136782,31853696.43410426,10878.048780487805,9417929.12279485,31854636.33969505,10878.048780487805,9418174.771457165,31854546.93089388,11853.658536585366,9417832.673799096,31853607.025303088,11853.658536585366
9418222.995955043,31855061.58808986,11365.853658536585,3.3194047529939272,9417929.12279485,31854636.33969505,10878.048780487805,9418271.22045292,31855576.245285843,10878.048780487805,9418516.869115233,31855486.836484674,11853.658536585366,9418174.771457165,31854546.93089388,11853.658536585366
9418565.093613112,31856001.493680656,11365.853658536585,3.214277317347833,9418271.22045292,31855576.245285843,10878.048780487805,9418613.31811099,31856516.15087664,10878.048780487805,9418858.966773303,31856426.74207547,11853.658536585366,9418516.869115233,31855486.836484674,11853.658536585366
9418907.19127118,31856941.39927145,11365.853658536585,2.8091924542817104,9418613.31811099,31856516.15087664,10878.048780487805,9418955.415769057,31857456.056467433,10878.048780487805,9419201.064431373,31857366.64766626,11853.658536585366,9418858.966773303,31856426.74207547,11853.658536585366
9419249.28892925,31857881.30486224,11365.853658536585,2.8980153975973413,9418955.415769057,31857456.056467433,10878.048780487805,9419297.513427127,31858395.962058224,10878.048780487805,9419543.162089441,31858306.553257056,11853.658536585366,9419201.064431373,31857366.64766626,11853.658536585366
9419591.38658732,31858821.210453037,11365.853658536585,2.722305763837564,9419297.513427127,31858395.962058224,10878.048780487805,9419639.611085197,31859335.86764902,10878.048780487805,9419885.25974751,31859246.458847847,11853.658536585366,9419543.162089441,31858306.553257056,11853.658536585366
9419933.484245388,31859761.116043832,11365.853658536585,2.5752502681428284,9419639.611085197,31859335.86764902,10878.048780487805,9419981.708743265,31860275.773239814,10878.048780487805,9420227.35740558,31860186.36443864,11853.658536585366,9419885.25974751,31859246.458847847,11853.658536585366
9420275.581903458,31860701.021634623,11365.853658536585,2.289971764206482,9419981.708743265,31860275.773239814,10878.048780487805,9420323.806401335,31861215.678830605,10878.048780487805,9420569.455063649,31861126.270029437,11853.658536585366,9420227.35740558,31860186.36443864,11853.658536585366
9420617.679561527,31861640.92722542,11365.853658536585,2.2681349944792855,9420323.806401335,31861215.678830605,10878.048780487805,9420665.904059405,31862155.584421396,10878.048780487805,9420911.552721718,31862066.175620228,11853.658536585366,9420569.455063649,31861126.270029437,11853.658536585366
9420959.777219595,31862580.83281621,11365.853658536585,2.377998734574014,9420665.904059405,31862155.584421396,10878.048780487805,9421008.001717472,31863095.490012195,10878.048780487805,9421253.65037979,31863006.081211023,11853.658536585366,9420911.552721718,31862066.175620228,11853.658536585366
9421301.874877665,31863520.738407005,11365.853658536585,2.4324117562829937,9421008.001717472,31863095.490012195,10878.048780487805,9421350.099375542,31864035.395602986,10878.048780487805,9421595.748037858,31863945.986801818,11853.658536585366,9421253.65037979,31863006.081211023,11853.658536585366
9421643.972535733,31864460.643997796,11365.853658536585,2.6939858793478484,9421350.099375542,31864035.395602986,10878.048780487805,9421692.197033612,31864975.301193777,10878.048780487805,9421937.845695926,31864885.89239261,11853.658536585366,9421595.748037858,31863945.986801818,11853.658536585366
9421986.070193803,31865400.54958859,11365.853658536585,2.9333972281796,9421692.197033612,31864975.301193777,10878.048780487805,9422034.29469168,31865915.206784572,10878.048780487805,9422279.943353998,31865825.7979834,11853.658536585366,9421937.845695926,31864885.89239261,11853.658536585366
9422328.167851875,31866340.455179386,11365.853658536585,2.7432856112218036,9422034.29469168,31865915.206784572,10878.048780487805,9422376.39234975,31866855.112375367,10878.048780487805,9422622.041012065,31866765.7035742,11853.658536585366,9422279.943353998,31865825.7979834,11853.658536585366
9422670.26550994,31867280.36077018,11365.853658536585,2.4705036684718107,9422376.39234975,31866855.112375367,10878.048780487805,9422718.49000782,31867795.01796616,10878.048780487805,9422964.138670133,31867705.60916499,11853.658536585366,9422622.041012065,31866765.7035742,11853.658536585366
9423012.36316801,31868220.266360972,11365.853658536585,2.6995324094420083,9422718.49000782,31867795.01796616,10878.048780487805,9423060.587665888,31868734.923556954,10878.048780487805,9423306.236328205,31868645.51475578,11853.658536585366,9422964.138670133,31867705.60916499,11853.658536585366
9423354.460826082,31869160.171951763,11365.853658536585,2.0707515765403666,9423060.587665888,31868734.923556954,10878.048780487805,9423402.685323957,31869674.82914775,10878.048780487805,9423648.333986273,31869585.42034658,11853.658536585366,9423306.236328205,31868645.51475578,11853.658536585366
9423696.55848415,31870100.07754256,11365.853658536585,1.4824443358869934,9423402.685323957,31869674.82914775,10878.048780487805,9423744.782982027,31870614.73473854,10878.048780487805,9423990.431644341,31870525.32593737,11853.658536585366,9423648.333986273,31869585.42034658,11853.658536585366
9424038.656142218,31871039.98313335,11365.853658536585,1.3621387294369849,9423744.782982027,31870614.73473854,10878.048780487805,9424086.880640095,31871554.640329335,10878.048780487805,9424332.529302413,31871465.231528163,11853.658536585366,9423990.431644341,31870525.32593737,11853.658536585366
9424380.75380029,31871979.888724145,11365.853658536585,1.1287175946185175,9424086.880640095,31871554.640329335,10878.048780487805,9424428.978298165,31872494.545920126,10878.048780487805,9424674.62696048,31872405.137118958,11853.658536585366,9424332.529302413,31871465.231528163,11853.658536585366
9424722.851458358,31872919.79431494,11365.853658536585,0.9336484272611425,9424428.978298165,31872494.545920126,10878.048780487805,9424771.075956235,31873434.45151092,10878.048780487805,9425016.72461855,31873345.042709753,11853.658536585366,9424674.62696048,31872405.137118958,11853.658536585366
9425064.949116427,31873859.699905735,11365.853658536585,0.762869517069787,9424771.075956235,31873434.45151092,10878.048780487805,9425113.173614303,31874374.357101716,10878.048780487805,9425358.82227662,31874284.948300544,11853.658536585366,9425016.72461855,31873345.042709753,11853.658536585366
9425407.046774495,31874799.605496526,11365.853658536585,0.6306746748798499,9425113.173614303,31874374.357101716,10878.048780487805,9425455.271272372,31875314.262692507,10878.048780487805,9425700.919934688,31875224.853891335,11853.658536585366,9425358.82227662,31874284.948300544,11853.658536585366
9425749.144432565,31875739.511087317,11365.853658536585,0.6844054953299611,9425455.271272372,31875314.262692507,10878.048780487805,9425797.368930442,31876254.168283302,10878.048780487805,9426043.017592758,31876164.759482134,11853.658536585366,9425700.919934688,31875224.853891335,11853.658536585366
9426091.242090635,31876679.416678116,11365.853658536585,0.8029711881129691,9425797.368930442,31876254.168283302,10878.048780487805,9426139.46658851,31877194.073874094,10878.048780487805,9426385.115250828,31877104.66507292,11853.658536585366,9426043.017592758,31876164.759482134,11853.658536585366
9426433.339748705,31877619.322268903,11365.853658536585,0.9783556287986466,9426139.46658851,31877194.073874094,10878.048780487805,9426481.56424658,31878133.97946489,10878.048780487805,9426727.212908896,31878044.570663717,11853.658536585366,9426385.115250828,31877104.66507292,11853.658536585366
9426775.43740677,31878559.2278597,11365.853658536585,0.900046327561481,9426481.56424658,31878133.97946489,10878.048780487805,9426823.66190465,31879073.88505568,10878.048780487805,9427069.310566965,31878984.47625451,11853.658536585366,9426727.212908896,31878044.570663717,11853.658536585366
9427117.535064843,31879499.133450497,11365.853658536585,1.1336100462127192,9426823.66190465,31879073.88505568,10878.048780487805,9427165.759562718,31880013.790646475,10878.048780487805,9427411.408225035,31879924.381845303,11853.658536585366,9427069.310566965,31878984.47625451,11853.658536585366
9427459.632722912,31880439.039041284,11365.853658536585,1.1534265705590558,9427165.759562718,31880013.790646475,10878.048780487805,9427507.857220788,31880953.69623727,10878.048780487805,9427753.505883103,31880864.287436098,11853.658536585366,9427411.408225035,31879924.381845303,11853.658536585366
9427801.73038098,31881378.94463208,11365.853658536585,1.5827369086516097,9427507.857220788,31880953.69623727,10878.048780487805,9427849.95487886,31881893.60182806,10878.048780487805,9428095.603541173,31881804.193026893,11853.658536585366,9427753.505883103,31880864.287436098,11853.658536585366
9428143.82803905,31882318.850222874,11365.853658536585,2.361716243515032,9427849.95487886,31881893.60182806,10878.048780487805,9428192.052536927,31882833.507418856,10878.048780487805,9428437.701199243,31882744.098617688,11853.658536585366,9428095.603541173,31881804.193026893,11853.658536585366
9428485.92569712,31883258.75581367,11365.853658536585,2.9160491497314305,9428192.052536927,31882833.507418856,10878.048780487805,9428534.150194995,31883773.413009647,10878.048780487805,9428779.79885731,31883684.004208475,11853.658536585366,9428437.701199243,31882744.098617688,11853.658536585366
9428828.023355188,31884198.661404457,11365.853658536585,3.113479947982269,9428534.150194995,31883773.413009647,10878.048780487805,9428876.247853067,31884713.318600442,10878.048780487805,9429121.89651538,31884623.909799274,11853.658536585366,9428779.79885731,31883684.004208475,11853.658536585366
9429170.121013258,31885138.566995256,11365.853658536585,2.9838950791178007,9428876.247853067,31884713.318600442,10878.048780487805,9429218.345511135,31885653.224191237,10878.048780487805,9429463.994173449,31885563.815390065,11853.658536585366,9429121.89651538,31884623.909799274,11853.658536585366
9429512.218671327,31886078.47258605,11365.853658536585,2.6555402064638898,9429218.345511135,31885653.224191237,10878.048780487805,9429560.443169203,31886593.12978203,10878.048780487805,9429806.091831518,31886503.720980857,11853.658536585366,9429463.994173449,31885563.815390065,11853.658536585366
9429854.316329395,31887018.37817684,11365.853658536585,2.4997222535832155,9429560.443169203,31886593.12978203,10878.048780487805,9429902.540827274,31887533.035372823,10878.048780487805,9430148.189489588,31887443.626571655,11853.658536585366,9429806.091831518,31886503.720980857,11853.658536585366
9430196.413987465,31887958.283767637,11365.853658536585,2.2758893010511247,9429902.540827274,31887533.035372823,10878.048780487805,9430244.638485342,31888472.940963615,10878.048780487805,9430490.287147656,31888383.532162447,11853.658536585366,9430148.189489588,31887443.626571655,11853.658536585366
9430538.511645535,31888898.189358428,11365.853658536585,1.7876873266517461,9430244.638485342,31888472.940963615,10878.048780487805,9430586.73614341,31889412.84655441,10878.048780487805,9430832.384805726,31889323.437753238,11853.658536585366,9430490.287147656,31888383.532162447,11853.658536585366
9430880.609303603,31889838.09494922,11365.853658536585,1.4539656049196676,9430586.73614341,31889412.84655441,10878.048780487805,9430928.833801482,31890352.7521452,10878.048780487805,9431174.482463796,31890263.343344033,11853.658536585366,9430832.384805726,31889323.437753238,11853.658536585366
9431222.706961673,31890778.000540014,11365.853658536585,1.5358815228297527,9430928.833801482,31890352.7521452,10878.048780487805,9431270.93145955,31891292.657735996,10878.048780487805,9431516.580121864,31891203.248934828,11853.658536585366,9431174.482463796,31890263.343344033,11853.658536585366
9431564.804619743,31891717.90613081,11365.853658536585,1.3132269934489387,9431270.93145955,31891292.657735996,10878.048780487805,9431613.02911762,31892232.56332679,10878.048780487805,9431858.677779933,31892143.15452562,11853.658536585366,9431516.580121864,31891203.248934828,11853.658536585366
9431906.90227781,31892657.811721604,11365.853658536585,1.3995300363985748,9431613.02911762,31892232.56332679,10878.048780487805,9431955.12677569,31893172.468917582,10878.048780487805,9432200.775438003,31893083.060116414,11853.658536585366,9431858.677779933,31892143.15452562,11853.658536585366
9432248.99993588,31893597.717312396,11365.853658536585,1.6983224775330734,9431955.12677569,31893172.468917582,10878.048780487805,9432297.224433757,31894112.374508377,10878.048780487805,9432542.873096071,31894022.96570721,11853.658536585366,9432200.775438003,31893083.060116414,11853.658536585366
9432591.09759395,31894537.62290319,11365.853658536585,1.9144387488999648,9432297.224433757,31894112.374508377,10878.048780487805,9432639.322091827,31895052.280099172,10878.048780487805,9432884.970754141,31894962.871298,11853.658536585366,9432542.873096071,31894022.96570721,11853.658536585366
9432933.195252018,31895477.52849398,11365.853658536585,1.984659579602684,9432639.322091827,31895052.280099172,10878.048780487805,9432981.419749897,31895992.185689963,10878.048780487805,9433227.06841221,31895902.776888795,11853.658536585366,9432884.970754141,31894962.871298,11853.658536585366
9433275.292910088,31896417.434084773,11365.853658536585,1.7924522118542827,9432981.419749897,31895992.185689963,10878.048780487805,9433323.517407965,31896932.091280755,10878.048780487805,9433569.166070279,31896842.682479586,11853.658536585366,9433227.06841221,31895902.776888795,11853.658536585366
9433617.390568158,31897357.339675568,11365.853658536585,1.701443010110202,9433323.517407965,31896932.091280755,10878.048780487805,9433665.615066035,31897871.996871553,10878.048780487805,9433911.263728349,31897782.58807038,11853.658536585366,9433569.166070279,31896842.682479586,11853.658536585366
9433959.488226226,31898297.245266363,11365.853658536585,1.6943107423317103,9433665.615066035,31897871.996871553,10878.048780487805,9434007.712724105,31898811.902462345,10878.048780487805,9434253.361386418,31898722.493661176,11853.658536585366,9433911.263728349,31897782.58807038,11853.658536585366
9434301.585884295,31899237.150857158,11365.853658536585,1.9346232420043052,9434007.712724105,31898811.902462345,10878.048780487805,9434349.810382172,31899751.808053136,10878.048780487805,9434595.459044486,31899662.399251968,11853.658536585366,9434253.361386418,31898722.493661176,11853.658536585366
9434643.683542365,31900177.05644795,11365.853658536585,1.7267009586869995,9434349.810382172,31899751.808053136,10878.048780487805,9434691.908040242,31900691.713643935,10878.048780487805,9434937.556702556,31900602.304842763,11853.658536585366,9434595.459044486,31899662.399251968,11853.658536585366
9434985.781200433,31901116.962038744,11365.853658536585,1.5567897364454706,9434691.908040242,31900691.713643935,10878.048780487805,9435034.005698312,31901631.619234726,10878.048780487805,9435279.654360628,31901542.210433554,11853.658536585366,9434937.556702556,31900602.304842763,11853.658536585366
9435327.878858503,31902056.867629535,11365.853658536585,1.319222772271651,9435034.005698312,31901631.619234726,10878.048780487805,9435376.10335638,31902571.524825517,10878.048780487805,9435621.752018694,31902482.11602435,11853.658536585366,9435279.654360628,31901542.210433554,11853.658536585366
9435669.976516573,31902996.77322033,11365.853658536585,0.9451971375677933,9435376.10335638,31902571.524825517,10878.048780487805,9435718.20101445,31903511.430416312,10878.048780487805,9435963.849676766,31903422.02161514,11853.658536585366,9435621.752018694,31902482.11602435,11853.658536585366
9436012.07417464,31903936.67881112,11365.853658536585,0.5206449156079621,9435718.20101445,31903511.430416312,10878.048780487805,9436060.29867252,31904451.336007107,10878.048780487805,9436305.947334835,31904361.927205935,11853.658536585366,9435963.849676766,31903422.02161514,11853.658536585366
9436354.17183271,31904876.584401917,11365.853658536585,0.5465472285310891,9436060.29867252,31904451.336007107,10878.048780487805,9436402.396330588,31905391.2415979,10878.048780487805,9436648.044992901,31905301.83279673,11853.658536585366,9436305.947334835,31904361.927205935,11853.658536585366
9436696.26949078,31905816.489992715,11365.853658536585,0.5304267178119293,9436402.396330588,31905391.2415979,10878.048780487805,9436744.493988657,31906331.147188693,10878.048780487805,9436990.142650973,31906241.73838752,11853.658536585366,9436648.044992901,31905301.83279673,11853.658536585366
9437038.36714885,31906756.395583503,11365.853658536585,0.548143195889798,9436744.493988657,31906331.147188693,10878.048780487805,9437086.591646727,31907271.052779485,10878.048780487805,9437332.240309043,31907181.643978313,11853.658536585366,9436990.142650973,31906241.73838752,11853.658536585366
9437380.464806918,31907696.301174298,11365.853658536585,0.6756946859998864,9437086.591646727,31907271.052779485,10878.048780487805,9437428.689304795,31908210.95837028,10878.048780487805,9437674.33796711,31908121.54956911,11853.658536585366,9437332.240309043,31907181.643978313,11853.658536585366
9437722.56246499,31908636.206765093,11365.853658536585,0.8999219802006874,9437428.689304795,31908210.95837028,10878.048780487805,9437770.786962865,31909150.863961075,10878.048780487805,9438016.43562518,31909061.455159903,11853.658536585366,9437674.33796711,31908121.54956911,11853.658536585366
9438064.660123058,31909576.112355884,11365.853658536585,1.2791611459616266,9437770.786962865,31909150.863961075,10878.048780487805,9438112.884620935,31910090.769551866,10878.048780487805,9438358.53328325,31910001.360750694,11853.658536585366,9438016.43562518,31909061.455159903,11853.658536585366
9438406.757781127,31910516.017946675,11365.853658536585,1.4340102465359632,9438112.884620935,31910090.769551866,10878.048780487805,9438454.982279003,31911030.67514266,10878.048780487805,9438700.630941318,31910941.266341493,11853.658536585366,9438358.53328325,31910001.360750694,11853.658536585366
9438748.855439195,31911455.923537474,11365.853658536585,1.2526485543039736,9438454.982279003,31911030.67514266,10878.048780487805,9438797.079937072,31911970.580733456,10878.048780487805,9439042.728599388,31911881.171932284,11853.658536585366,9438700.630941318,31910941.266341493,11853.658536585366
9439090.953097265,31912395.82912827,11365.853658536585,1.1405738695550731,9438797.079937072,31911970.580733456,10878.048780487805,9439139.177595142,31912910.486324247,10878.048780487805,9439384.826257458,31912821.077523075,11853.658536585366,9439042.728599388,31911881.171932284,11853.658536585366
9439433.050755335,31913335.734719057,11365.853658536585,1.1607315378097907,9439139.177595142,31912910.486324247,10878.048780487805,9439481.27525321,31913850.39191504,10878.048780487805,9439726.923915526,31913760.98311387,11853.658536585366,9439384.826257458,31912821.077523075,11853.658536585366
9439775.148413405,31914275.640309848,11365.853658536585,1.3003513601718528,9439481.27525321,31913850.39191504,10878.048780487805,9439823.37291128,31914790.297505833,10878.048780487805,9440069.021573596,31914700.88870466,11853.658536585366,9439726.923915526,31913760.98311387,11853.658536585366
9440117.24607147,31915215.545900643,11365.853658536585,1.5054657733904286,9439823.37291128,31914790.297505833,10878.048780487805,9440165.47056935,31915730.20309663,10878.048780487805,9440411.119231666,31915640.794295456,11853.658536585366,9440069.021573596,31914700.88870466,11853.658536585366
9440459.343729543,31916155.451491438,11365.853658536585,1.7924532088859688,9440165.47056935,31915730.20309663,10878.048780487805,9440507.568227418,31916670.10868742,10878.048780487805,9440753.216889733,31916580.69988625,11853.658536585366,9440411.119231666,31915640.794295456,11853.658536585366
9440801.441387612,31917095.357082233,11365.853658536585,1.6616466443869808,9440507.568227418,31916670.10868742,10878.048780487805,9440849.66588549,31917610.014278214,10878.048780487805,9441095.314547803,31917520.605477046,11853.658536585366,9440753.216889733,31916580.69988625,11853.658536585366
9441143.53904568,31918035.262673028,11365.853658536585,1.6142558984612112,9440849.66588549,31917610.014278214,10878.048780487805,9441191.763543557,31918549.91986901,10878.048780487805,9441437.412205873,31918460.511067837,11853.658536585366,9441095.314547803,31917520.605477046,11853.658536585366
9441485.636703748,31918975.168263823,11365.853658536585,1.6891448469177963,9441191.763543557,31918549.91986901,10878.048780487805,9441533.861201625,31919489.8254598,10878.048780487805,9441779.509863941,31919400.416658632,11853.658536585366,9441437.412205873,31918460.511067837,11853.658536585366
9441827.73436182,31919915.073854614,11365.853658536585,1.8862598990805313,9441533.861201625,31919489.8254598,10878.048780487805,9441875.958859697,31920429.731050592,10878.048780487805,9442121.60752201,31920340.322249424,11853.658536585366,9441779.509863941,31919400.416658632,11853.658536585366
9442169.832019888,31920854.9794454,11365.853658536585,1.7656065015865685,9441875.958859697,31920429.731050592,10878.048780487805,9442218.056517765,31921369.636641387,10878.048780487805,9442463.70518008,31921280.227840215,11853.658536585366,9442121.60752201,31920340.322249424,11853.658536585366
9442511.929677958,31921794.885036197,11365.853658536585,1.7250717029120413,9442218.056517765,31921369.636641387,10878.048780487805,9442560.154175835,31922309.542232182,10878.048780487805,9442805.802838149,31922220.133431014,11853.658536585366,9442463.70518008,31921280.227840215,11853.658536585366
9442854.027336027,31922734.79062699,11365.853658536585,1.5009885536940049,9442560.154175835,31922309.542232182,10878.048780487805,9442902.251833905,31923249.447822973,10878.048780487805,9443147.900496218,31923160.039021805,11853.658536585366,9442805.802838149,31922220.133431014,11853.658536585366
9443196.124994095,31923674.696217787,11365.853658536585,1.167946461136407,9442902.251833905,31923249.447822973,10878.048780487805,9443244.349491972,31924189.353413768,10878.048780487805,9443489.998154288,31924099.944612596,11853.658536585366,9443147.900496218,31923160.039021805,11853.658536585366
9443538.222652165,31924614.60180858,11365.853658536585,0.9694060374553566,9443244.349491972,31924189.353413768,10878.048780487805,9443586.447150042,31925129.259004563,10878.048780487805,9443832.095812356,31925039.850203395,11853.658536585366,9443489.998154288,31924099.944612596,11853.658536585366
9443880.320310235,31925554.507399376,11365.853658536585,1.1214022291289132,9443586.447150042,31925129.259004563,10878.048780487805,9443928.544808112,31926069.164595354,10878.048780487805,9444174.193470426,31925979.755794186,11853.658536585366,9443832.095812356,31925039.850203395,11853.658536585366
9403074.250004243,31812676.427702986,12341.463414634145,3.823365027292369,9402780.37684405,31812251.179308176,11853.658536585366,9403122.474502118,31813191.084898967,11853.658536585366,9403368.123164436,31813101.6760978,12829.268292682926,9403026.025506366,31812161.770507004,12829.268292682926
9403416.347662313,31813616.33329378,12341.463414634145,3.902395142624171,9403122.474502118,31813191.084898967,11853.658536585366,9403464.572160188,31814130.990489762,11853.658536585366,9403710.220822504,31814041.58168859,12829.268292682926,9403368.123164436,31813101.6760978,12829.268292682926
9403758.445320379,31814556.238884572,12341.463414634145,4.697177062040439,9403464.572160188,31814130.990489762,11853.658536585366,9403806.669818258,31815070.896080557,11853.658536585366,9404052.318480574,31814981.487279385,12829.268292682926,9403710.220822504,31814041.58168859,12829.268292682926
9404100.54297845,31815496.144475367,12341.463414634145,4.672169006953757,9403806.669818258,31815070.896080557,11853.658536585366,9404148.767476326,31816010.80167135,11853.658536585366,9404394.416138643,31815921.39287018,12829.268292682926,9404052.318480574,31814981.487279385,12829.268292682926
9404442.64063652,31816436.050066166,12341.463414634145,5.195990100843998,9404148.767476326,31816010.80167135,11853.658536585366,9404490.865134396,31816950.707262143,11853.658536585366,9404736.513796711,31816861.29846097,12829.268292682926,9404394.416138643,31815921.39287018,12829.268292682926
9404784.738294588,31817375.955656953,12341.463414634145,4.782454162262444,9404490.865134396,31816950.707262143,11853.658536585366,9404832.962792465,31817890.612852935,11853.658536585366,9405078.611454781,31817801.204051763,12829.268292682926,9404736.513796711,31816861.29846097,12829.268292682926
9405126.835952656,31818315.861247748,12341.463414634145,4.106638017036274,9404832.962792465,31817890.612852935,11853.658536585366,9405175.060450533,31818830.51844373,11853.658536585366,9405420.709112851,31818741.10964256,12829.268292682926,9405078.611454781,31817801.204051763,12829.268292682926
9405468.933610728,31819255.766838543,12341.463414634145,4.14592712764234,9405175.060450533,31818830.51844373,11853.658536585366,9405517.158108603,31819770.424034525,11853.658536585366,9405762.806770919,31819681.015233353,12829.268292682926,9405420.709112851,31818741.10964256,12829.268292682926
9405811.031268796,31820195.672429334,12341.463414634145,4.880716530567508,9405517.158108603,31819770.424034525,11853.658536585366,9405859.255766673,31820710.329625316,11853.658536585366,9406104.904428989,31820620.920824144,12829.268292682926,9405762.806770919,31819681.015233353,12829.268292682926
9406153.128926866,31821135.578020126,12341.463414634145,5.519591241552516,9405859.255766673,31820710.329625316,11853.658536585366,9406201.353424741,31821650.23521611,11853.658536585366,9406447.002087058,31821560.826414943,12829.268292682926,9406104.904428989,31820620.920824144,12829.268292682926
9406495.226584934,31822075.483610924,12341.463414634145,6.170918019517545,9406201.353424741,31821650.23521611,11853.658536585366,9406543.45108281,31822590.140806902,11853.658536585366,9406789.099745126,31822500.732005734,12829.268292682926,9406447.002087058,31821560.826414943,12829.268292682926
9406837.324243004,31823015.38920172,12341.463414634145,6.478643195601796,9406543.45108281,31822590.140806902,11853.658536585366,9406885.54874088,31823530.046397697,11853.658536585366,9407131.197403196,31823440.637596525,12829.268292682926,9406789.099745126,31822500.732005734,12829.268292682926
9407179.421901073,31823955.294792507,12341.463414634145,6.86919525174788,9406885.54874088,31823530.046397697,11853.658536585366,9407227.646398949,31824469.95198849,11853.658536585366,9407473.295061266,31824380.54318732,12829.268292682926,9407131.197403196,31823440.637596525,12829.268292682926
9407521.519559143,31824895.200383306,12341.463414634145,7.755276792759071,9407227.646398949,31824469.95198849,11853.658536585366,9407569.74405702,31825409.857579283,11853.658536585366,9407815.392719334,31825320.448778115,12829.268292682926,9407473.295061266,31824380.54318732,12829.268292682926
9407863.617217211,31825835.105974097,12341.463414634145,7.668679233848877,9407569.74405702,31825409.857579283,11853.658536585366,9407911.84171509,31826349.76317008,11853.658536585366,9408157.490377404,31826260.354368906,12829.268292682926,9407815.392719334,31825320.448778115,12829.268292682926
9408205.71487528,31826775.011564888,12341.463414634145,8.103573544827054,9407911.84171509,31826349.76317008,11853.658536585366,9408253.939373156,31827289.66876087,11853.658536585366,9408499.588035474,31827200.2599597,12829.268292682926,9408157.490377404,31826260.354368906,12829.268292682926
9408547.81253335,31827714.917155683,12341.463414634145,9.71390976611651,9408253.939373156,31827289.66876087,11853.658536585366,9408596.037031228,31828229.574351665,11853.658536585366,9408841.685693542,31828140.165550496,12829.268292682926,9408499.588035474,31827200.2599597,12829.268292682926
9408889.910191419,31828654.822746478,12341.463414634145,11.777743294066067,9408596.037031228,31828229.574351665,11853.658536585366,9408938.134689298,31829169.47994246,11853.658536585366,9409183.783351611,31829080.071141288,12829.268292682926,9408841.685693542,31828140.165550496,12829.268292682926
9409232.007849488,31829594.728337273,12341.463414634145,10.267135878430189,9408938.134689298,31829169.47994246,11853.658536585366,9409280.232347364,31830109.38553325,11853.658536585366,9409525.881009681,31830019.976732083,12829.268292682926,9409183.783351611,31829080.071141288,12829.268292682926
9409574.105507558,31830534.63392806,12341.463414634145,10.779275956163186,9409280.232347364,31830109.38553325,11853.658536585366,9409622.330005435,31831049.291124042,11853.658536585366,9409867.97866775,31830959.882322874,12829.268292682926,9409525.881009681,31830019.976732083,12829.268292682926
9409916.203165626,31831474.53951886,12341.463414634145,11.330590597684278,9409622.330005435,31831049.291124042,11853.658536585366,9409964.427663505,31831989.19671484,11853.658536585366,9410210.076325819,31831899.78791367,12829.268292682926,9409867.97866775,31830959.882322874,12829.268292682926
9410258.300823696,31832414.44510965,12341.463414634145,11.109168359165995,9409964.427663505,31831989.19671484,11853.658536585366,9410306.525321573,31832929.102305632,11853.658536585366,9410552.173983887,31832839.693504464,12829.268292682926,9410210.076325819,31831899.78791367,12829.268292682926
9410600.398481766,31833354.35070044,12341.463414634145,10.12116573804647,9410306.525321573,31832929.102305632,11853.658536585366,9410648.622979643,31833869.007896423,11853.658536585366,9410894.271641957,31833779.599095255,12829.268292682926,9410552.173983887,31832839.693504464,12829.268292682926
9410942.496139834,31834294.256291237,12341.463414634145,8.68487413642162,9410648.622979643,31833869.007896423,11853.658536585366,9410990.720637713,31834808.91348722,11853.658536585366,9411236.369300026,31834719.504686046,12829.268292682926,9410894.271641957,31833779.599095255,12829.268292682926
9411284.593797904,31835234.16188203,12341.463414634145,8.119655840345308,9410990.720637713,31834808.91348722,11853.658536585366,9411332.81829578,31835748.819078013,11853.658536585366,9411578.466958094,31835659.41027684,12829.268292682926,9411236.369300026,31834719.504686046,12829.268292682926
9411626.691455973,31836174.067472827,12341.463414634145,7.345683731786614,9411332.81829578,31835748.819078013,11853.658536585366,9411674.91595385,31836688.724668805,11853.658536585366,9411920.564616164,31836599.315867636,12829.268292682926,9411578.466958094,31835659.41027684,12829.268292682926
9411968.789114041,31837113.973063618,12341.463414634145,6.679148926555483,9411674.91595385,31836688.724668805,11853.658536585366,9412017.01361192,31837628.6302596,11853.658536585366,9412262.662274234,31837539.221458428,12829.268292682926,9411920.564616164,31836599.315867636,12829.268292682926
9412310.886772111,31838053.878654413,12341.463414634145,5.637328347531154,9412017.01361192,31837628.6302596,11853.658536585366,9412359.111269988,31838568.535850395,11853.658536585366,9412604.759932302,31838479.127049223,12829.268292682926,9412262.662274234,31837539.221458428,12829.268292682926
9412652.98443018,31838993.784245204,12341.463414634145,5.079651217285277,9412359.111269988,31838568.535850395,11853.658536585366,9412701.208928058,31839508.441441186,11853.658536585366,9412946.857590372,31839419.032640018,12829.268292682926,9412604.759932302,31838479.127049223,12829.268292682926
9412995.082088249,31839933.689836,12341.463414634145,4.829811878271359,9412701.208928058,31839508.441441186,11853.658536585366,9413043.306586128,31840448.34703198,11853.658536585366,9413288.955248442,31840358.93823081,12829.268292682926,9412946.857590372,31839419.032640018,12829.268292682926
9413337.179746319,31840873.59542679,12341.463414634145,4.821083529111081,9413043.306586128,31840448.34703198,11853.658536585366,9413385.404244196,31841388.252622772,11853.658536585366,9413631.05290651,31841298.8438216,12829.268292682926,9413288.955248442,31840358.93823081,12829.268292682926
9413679.277404388,31841813.50101758,12341.463414634145,5.020626798614376,9413385.404244196,31841388.252622772,11853.658536585366,9413727.501902265,31842328.158213563,11853.658536585366,9413973.15056458,31842238.749412395,12829.268292682926,9413631.05290651,31841298.8438216,12829.268292682926
9414021.375062456,31842753.406608377,12341.463414634145,5.554869752859854,9413727.501902265,31842328.158213563,11853.658536585366,9414069.599560335,31843268.063804362,11853.658536585366,9414315.24822265,31843178.65500319,12829.268292682926,9413973.15056458,31842238.749412395,12829.268292682926
9414363.472720526,31843693.31219917,12341.463414634145,4.900827570133084,9414069.599560335,31843268.063804362,11853.658536585366,9414411.697218403,31844207.969395153,11853.658536585366,9414657.345880719,31844118.56059398,12829.268292682926,9414315.24822265,31843178.65500319,12829.268292682926
9414705.570378598,31844633.217789967,12341.463414634145,3.8663432635518693,9414411.697218403,31844207.969395153,11853.658536585366,9414753.794876473,31845147.87498595,11853.658536585366,9414999.443538789,31845058.46618478,12829.268292682926,9414657.345880719,31844118.56059398,12829.268292682926
9415047.668036664,31845573.12338076,12341.463414634145,3.8127857900503828,9414753.794876473,31845147.87498595,11853.658536585366,9415095.892534543,31846087.780576743,11853.658536585366,9415341.541196857,31845998.37177557,12829.268292682926,9414999.443538789,31845058.46618478,12829.268292682926
9415389.765694734,31846513.028971553,12341.463414634145,4.434078639442488,9415095.892534543,31846087.780576743,11853.658536585366,9415437.99019261,31847027.686167534,11853.658536585366,9415683.638854926,31846938.277366363,12829.268292682926,9415341.541196857,31845998.37177557,12829.268292682926
9415731.863352804,31847452.934562344,12341.463414634145,4.544893703698058,9415437.99019261,31847027.686167534,11853.658536585366,9415780.08785068,31847967.591758326,11853.658536585366,9416025.736512996,31847878.182957157,12829.268292682926,9415683.638854926,31846938.277366363,12829.268292682926
9416073.961010871,31848392.84015314,12341.463414634145,4.180373813008872,9415780.08785068,31847967.591758326,11853.658536585366,9416122.18550875,31848907.497349117,11853.658536585366,9416367.834171064,31848818.08854795,12829.268292682926,9416025.736512996,31847878.182957157,12829.268292682926
9416416.058668941,31849332.74574393,12341.463414634145,3.923459642807167,9416122.18550875,31848907.497349117,11853.658536585366,9416464.283166818,31849847.402939916,11853.658536585366,9416709.931829134,31849757.994138744,12829.268292682926,9416367.834171064,31848818.08854795,12829.268292682926
9416758.156327013,31850272.651334725,12341.463414634145,3.539558354978165,9416464.283166818,31849847.402939916,11853.658536585366,9416806.380824888,31850787.308530707,11853.658536585366,9417052.029487204,31850697.89972954,12829.268292682926,9416709.931829134,31849757.994138744,12829.268292682926
9417100.253985079,31851212.556925517,12341.463414634145,3.2602271317218143,9416806.380824888,31850787.308530707,11853.658536585366,9417148.478482958,31851727.2141215,11853.658536585366,9417394.127145272,31851637.80532033,12829.268292682926,9417052.029487204,31850697.89972954,12829.268292682926
9417442.351643149,31852152.46251631,12341.463414634145,3.3001358073287657,9417148.478482958,31851727.2141215,11853.658536585366,9417490.576141026,31852667.119712297,11853.658536585366,9417736.224803342,31852577.710911125,12829.268292682926,9417394.127145272,31851637.80532033,12829.268292682926
9417784.44930122,31853092.368107107,12341.463414634145,3.1367198060375494,9417490.576141026,31852667.119712297,11853.658536585366,9417832.673799096,31853607.025303088,11853.658536585366,9418078.322461411,31853517.61650192,12829.268292682926,9417736.224803342,31852577.710911125,12829.268292682926
9418126.546959288,31854032.273697898,12341.463414634145,3.000953997934978,9417832.673799096,31853607.025303088,11853.658536585366,9418174.771457165,31854546.93089388,11853.658536585366,9418420.420119481,31854457.52209271,12829.268292682926,9418078.322461411,31853517.61650192,12829.268292682926
9418468.644617356,31854972.179288693,12341.463414634145,3.2943739328693775,9418174.771457165,31854546.93089388,11853.658536585366,9418516.869115233,31855486.836484674,11853.658536585366,9418762.51777755,31855397.427683502,12829.268292682926,9418420.420119481,31854457.52209271,12829.268292682926
9418810.742275428,31855912.084879484,12341.463414634145,3.4406073346748887,9418516.869115233,31855486.836484674,11853.658536585366,9418858.966773303,31856426.74207547,11853.658536585366,9419104.615435619,31856337.3332743,12829.268292682926,9418762.51777755,31855397.427683502,12829.268292682926
9419152.839933496,31856851.99047028,12341.463414634145,3.2675526441238123,9418858.966773303,31856426.74207547,11853.658536585366,9419201.064431373,31857366.64766626,11853.658536585366,9419446.713093689,31857277.238865092,12829.268292682926,9419104.615435619,31856337.3332743,12829.268292682926
9419494.937591566,31857791.89606107,12341.463414634145,3.144910432528408,9419201.064431373,31857366.64766626,11853.658536585366,9419543.162089441,31858306.553257056,11853.658536585366,9419788.810751757,31858217.144455884,12829.268292682926,9419446.713093689,31857277.238865092,12829.268292682926
9419837.035249634,31858731.801651865,12341.463414634145,3.047446576646123,9419543.162089441,31858306.553257056,11853.658536585366,9419885.25974751,31859246.458847847,11853.658536585366,9420130.908409826,31859157.05004668,12829.268292682926,9419788.810751757,31858217.144455884,12829.268292682926
9420179.132907704,31859671.70724266,12341.463414634145,2.8982588763368833,9419885.25974751,31859246.458847847,11853.658536585366,9420227.35740558,31860186.36443864,11853.658536585366,9420473.006067896,31860096.955637474,12829.268292682926,9420130.908409826,31859157.05004668,12829.268292682926
9420521.230565773,31860611.612833455,12341.463414634145,2.7033243629095702,9420227.35740558,31860186.36443864,11853.658536585366,9420569.455063649,31861126.270029437,11853.658536585366,9420815.103725964,31861036.861228265,12829.268292682926,9420473.006067896,31860096.955637474,12829.268292682926
9420863.328223843,31861551.518424246,12341.463414634145,2.5759792916905866,9420569.455063649,31861126.270029437,11853.658536585366,9420911.552721718,31862066.175620228,11853.658536585366,9421157.201384034,31861976.766819056,12829.268292682926,9420815.103725964,31861036.861228265,12829.268292682926
9421205.425881911,31862491.424015038,12341.463414634145,2.430113654361706,9420911.552721718,31862066.175620228,11853.658536585366,9421253.65037979,31863006.081211023,11853.658536585366,9421499.299042104,31862916.672409855,12829.268292682926,9421157.201384034,31861976.766819056,12829.268292682926
9421547.52353998,31863431.329605836,12341.463414634145,2.4816612080781484,9421253.65037979,31863006.081211023,11853.658536585366,9421595.748037858,31863945.986801818,11853.658536585366,9421841.396700172,31863856.578000646,12829.268292682926,9421499.299042104,31862916.672409855,12829.268292682926
9421889.62119805,31864371.235196624,12341.463414634145,2.5955562624056245,9421595.748037858,31863945.986801818,11853.658536585366,9421937.845695926,31864885.89239261,11853.658536585366,9422183.494358242,31864796.483591437,12829.268292682926,9421841.396700172,31863856.578000646,12829.268292682926
9422231.718856119,31865311.14078742,12341.463414634145,2.6310433768303843,9421937.845695926,31864885.89239261,11853.658536585366,9422279.943353998,31865825.7979834,11853.658536585366,9422525.592016311,31865736.389182232,12829.268292682926,9422183.494358242,31864796.483591437,12829.268292682926
9422573.816514188,31866251.046378218,12341.463414634145,2.639057609698616,9422279.943353998,31865825.7979834,11853.658536585366,9422622.041012065,31866765.7035742,11853.658536585366,9422867.68967438,31866676.294773027,12829.268292682926,9422525.592016311,31865736.389182232,12829.268292682926
9422915.914172258,31867190.95196901,12341.463414634145,2.456800084081154,9422622.041012065,31866765.7035742,11853.658536585366,9422964.138670133,31867705.60916499,11853.658536585366,9423209.78733245,31867616.20036382,12829.268292682926,9422867.68967438,31866676.294773027,12829.268292682926
9423258.011830326,31868130.8575598,12341.463414634145,2.5012352473071098,9422964.138670133,31867705.60916499,11853.658536585366,9423306.236328205,31868645.51475578,11853.658536585366,9423551.884990519,31868556.105954614,12829.268292682926,9423209.78733245,31867616.20036382,12829.268292682926
9423600.109488396,31869070.763150595,12341.463414634145,2.3338507960380643,9423306.236328205,31868645.51475578,11853.658536585366,9423648.333986273,31869585.42034658,11853.658536585366,9423893.982648587,31869496.01154541,12829.268292682926,9423551.884990519,31868556.105954614,12829.268292682926
9423942.207146466,31870010.66874139,12341.463414634145,1.9160135348467304,9423648.333986273,31869585.42034658,11853.658536585366,9423990.431644341,31870525.32593737,11853.658536585366,9424236.080306657,31870435.9171362,12829.268292682926,9423893.982648587,31869496.01154541,12829.268292682926
9424284.304804534,31870950.574332178,12341.463414634145,1.8650668348444919,9423990.431644341,31870525.32593737,11853.658536585366,9424332.529302413,31871465.231528163,11853.658536585366,9424578.177964726,31871375.822726995,12829.268292682926,9424236.080306657,31870435.9171362,12829.268292682926
9424626.402462604,31871890.479922976,12341.463414634145,1.3991527346270796,9424332.529302413,31871465.231528163,11853.658536585366,9424674.62696048,31872405.137118958,11853.658536585366,9424920.275622794,31872315.728317786,12829.268292682926,9424578.177964726,31871375.822726995,12829.268292682926
9424968.500120673,31872830.38551377,12341.463414634145,0.8050684619636367,9424674.62696048,31872405.137118958,11853.658536585366,9425016.72461855,31873345.042709753,11853.658536585366,9425262.373280864,31873255.63390858,12829.268292682926,9424920.275622794,31872315.728317786,12829.268292682926
9425310.597778741,31873770.291104563,12341.463414634145,0.7540702629234972,9425016.72461855,31873345.042709753,11853.658536585366,9425358.82227662,31874284.948300544,11853.658536585366,9425604.470938934,31874195.539499376,12829.268292682926,9425262.373280864,31873255.63390858,12829.268292682926
9425652.695436811,31874710.196695358,12341.463414634145,0.8250590463162791,9425358.82227662,31874284.948300544,11853.658536585366,9425700.919934688,31875224.853891335,11853.658536585366,9425946.568597002,31875135.445090167,12829.268292682926,9425604.470938934,31874195.539499376,12829.268292682926
9425994.79309488,31875650.10228615,12341.463414634145,0.8214306623811116,9425700.919934688,31875224.853891335,11853.658536585366,9426043.017592758,31876164.759482134,11853.658536585366,9426288.666255072,31876075.350680962,12829.268292682926,9425946.568597002,31875135.445090167,12829.268292682926
9426336.890752949,31876590.007876944,12341.463414634145,1.0804205630858588,9426043.017592758,31876164.759482134,11853.658536585366,9426385.115250828,31877104.66507292,11853.658536585366,9426630.763913142,31877015.256271757,12829.268292682926,9426288.666255072,31876075.350680962,12829.268292682926
9426678.988411019,31877529.913467735,12341.463414634145,1.359128487246622,9426385.115250828,31877104.66507292,11853.658536585366,9426727.212908896,31878044.570663717,11853.658536585366,9426972.86157121,31877955.16186255,12829.268292682926,9426630.763913142,31877015.256271757,12829.268292682926
9427021.086069088,31878469.81905853,12341.463414634145,1.3342724666274224,9426727.212908896,31878044.570663717,11853.658536585366,9427069.310566965,31878984.47625451,11853.658536585366,9427314.95922928,31878895.06745334,12829.268292682926,9426972.86157121,31877955.16186255,12829.268292682926
9427363.183727156,31879409.724649325,12341.463414634145,1.7079862502528433,9427069.310566965,31878984.47625451,11853.658536585366,9427411.408225035,31879924.381845303,11853.658536585366,9427657.05688735,31879834.973044135,12829.268292682926,9427314.95922928,31878895.06745334,12829.268292682926
9427705.281385226,31880349.630240116,12341.463414634145,1.9509665363182707,9427411.408225035,31879924.381845303,11853.658536585366,9427753.505883103,31880864.287436098,11853.658536585366,9427999.154545417,31880774.87863493,12829.268292682926,9427657.05688735,31879834.973044135,12829.268292682926
9428047.379043296,31881289.53583091,12341.463414634145,2.3409887427340466,9427753.505883103,31880864.287436098,11853.658536585366,9428095.603541173,31881804.193026893,11853.658536585366,9428341.252203487,31881714.78422572,12829.268292682926,9427999.154545417,31880774.87863493,12829.268292682926
9428389.476701364,31882229.441421703,12341.463414634145,2.7768955599077505,9428095.603541173,31881804.193026893,11853.658536585366,9428437.701199243,31882744.098617688,11853.658536585366,9428683.349861559,31882654.68981652,12829.268292682926,9428341.252203487,31881714.78422572,12829.268292682926
9428731.574359436,31883169.347012497,12341.463414634145,3.2895017831374065,9428437.701199243,31882744.098617688,11853.658536585366,9428779.79885731,31883684.004208475,11853.658536585366,9429025.447519625,31883594.595407307,12829.268292682926,9428683.349861559,31882654.68981652,12829.268292682926
9429073.672017504,31884109.25260329,12341.463414634145,3.2968844750705455,9428779.79885731,31883684.004208475,11853.658536585366,9429121.89651538,31884623.909799274,11853.658536585366,9429367.545177696,31884534.500998102,12829.268292682926,9429025.447519625,31883594.595407307,12829.268292682926
9429415.769675573,31885049.158194084,12341.463414634145,2.7844101998733737,9429121.89651538,31884623.909799274,11853.658536585366,9429463.994173449,31885563.815390065,11853.658536585366,9429709.642835766,31885474.406588897,12829.268292682926,9429367.545177696,31884534.500998102,12829.268292682926
9429757.867333641,31885989.06378488,12341.463414634145,2.5279654250315318,9429463.994173449,31885563.815390065,11853.658536585366,9429806.091831518,31886503.720980857,11853.658536585366,9430051.740493832,31886414.31217969,12829.268292682926,9429709.642835766,31885474.406588897,12829.268292682926
9430099.964991711,31886928.96937567,12341.463414634145,2.38630206417176,9429806.091831518,31886503.720980857,11853.658536585366,9430148.189489588,31887443.626571655,11853.658536585366,9430393.838151904,31887354.217770483,12829.268292682926,9430051.740493832,31886414.31217969,12829.268292682926
9430442.062649779,31887868.874966465,12341.463414634145,2.12458669514956,9430148.189489588,31887443.626571655,11853.658536585366,9430490.287147656,31888383.532162447,11853.658536585366,9430735.935809974,31888294.123361275,12829.268292682926,9430393.838151904,31887354.217770483,12829.268292682926
9430784.160307849,31888808.780557256,12341.463414634145,1.8166864183454414,9430490.287147656,31888383.532162447,11853.658536585366,9430832.384805726,31889323.437753238,11853.658536585366,9431078.03346804,31889234.02895207,12829.268292682926,9430735.935809974,31888294.123361275,12829.268292682926
9431126.257965919,31889748.68614805,12341.463414634145,1.6084130326110817,9430832.384805726,31889323.437753238,11853.658536585366,9431174.482463796,31890263.343344033,11853.658536585366,9431420.131126111,31890173.93454286,12829.268292682926,9431078.03346804,31889234.02895207,12829.268292682926
9431468.355623988,31890688.591738842,12341.463414634145,1.099390908057847,9431174.482463796,31890263.343344033,11853.658536585366,9431516.580121864,31891203.248934828,11853.658536585366,9431762.228784181,31891113.840133656,12829.268292682926,9431420.131126111,31890173.93454286,12829.268292682926
9431810.453282056,31891628.497329637,12341.463414634145,0.49424554778291374,9431516.580121864,31891203.248934828,11853.658536585366,9431858.677779933,31892143.15452562,11853.658536585366,9432104.32644225,31892053.74572445,12829.268292682926,9431762.228784181,31891113.840133656,12829.268292682926
9432152.550940128,31892568.402920436,12341.463414634145,0.69913077957009,9431858.677779933,31892143.15452562,11853.658536585366,9432200.775438003,31893083.060116414,11853.658536585366,9432446.424100319,31892993.651315242,12829.268292682926,9432104.32644225,31892053.74572445,12829.268292682926
9432494.648598196,31893508.308511224,12341.463414634145,1.1123604194732988,9432200.775438003,31893083.060116414,11853.658536585366,9432542.873096071,31894022.96570721,11853.658536585366,9432788.521758389,31893933.556906037,12829.268292682926,9432446.424100319,31892993.651315242,12829.268292682926
9432836.746256266,31894448.21410202,12341.463414634145,1.0989999716464702,9432542.873096071,31894022.96570721,11853.658536585366,9432884.970754141,31894962.871298,11853.658536585366,9433130.619416457,31894873.462496832,12829.268292682926,9432788.521758389,31893933.556906037,12829.268292682926
9433178.843914334,31895388.119692814,12341.463414634145,1.2497937526721639,9432884.970754141,31894962.871298,11853.658536585366,9433227.06841221,31895902.776888795,11853.658536585366,9433472.717074526,31895813.368087623,12829.268292682926,9433130.619416457,31894873.462496832,12829.268292682926
9433520.941572404,31896328.025283605,12341.463414634145,1.5162525059848346,9433227.06841221,31895902.776888795,11853.658536585366,9433569.166070279,31896842.682479586,11853.658536585366,9433814.814732596,31896753.273678415,12829.268292682926,9433472.717074526,31895813.368087623,12829.268292682926
9433863.039230473,31897267.930874396,12341.463414634145,1.5869714029001671,9433569.166070279,31896842.682479586,11853.658536585366,9433911.263728349,31897782.58807038,11853.658536585366,9434156.912390664,31897693.179269213,12829.268292682926,9433814.814732596,31896753.273678415,12829.268292682926
9434205.136888543,31898207.836465195,12341.463414634145,1.6507564713274487,9433911.263728349,31897782.58807038,11853.658536585366,9434253.361386418,31898722.493661176,11853.658536585366,9434499.010048734,31898633.084860004,12829.268292682926,9434156.912390664,31897693.179269213,12829.268292682926
9434547.23454661,31899147.74205599,12341.463414634145,1.8535485617274086,9434253.361386418,31898722.493661176,11853.658536585366,9434595.459044486,31899662.399251968,11853.658536585366,9434841.107706804,31899572.990450796,12829.268292682926,9434499.010048734,31898633.084860004,12829.268292682926
9434889.33220468,31900087.647646777,12341.463414634145,1.8238866534119782,9434595.459044486,31899662.399251968,11853.658536585366,9434937.556702556,31900602.304842763,11853.658536585366,9435183.205364872,31900512.896041594,12829.268292682926,9434841.107706804,31899572.990450796,12829.268292682926
9435231.42986275,31901027.553237576,12341.463414634145,1.8234414750930459,9434937.556702556,31900602.304842763,11853.658536585366,9435279.654360628,31901542.210433554,11853.658536585366,9435525.303022942,31901452.801632386,12829.268292682926,9435183.205364872,31900512.896041594,12829.268292682926
9435573.527520819,31901967.458828367,12341.463414634145,1.5748858130960488,9435279.654360628,31901542.210433554,11853.658536585366,9435621.752018694,31902482.11602435,11853.658536585366,9435867.400681011,31902392.707223177,12829.268292682926,9435525.303022942,31901452.801632386,12829.268292682926
9435915.625178888,31902907.36441916,12341.463414634145,1.0880507997879967,9435621.752018694,31902482.11602435,11853.658536585366,9435963.849676766,31903422.02161514,11853.658536585366,9436209.49833908,31903332.612813972,12829.268292682926,9435867.400681011,31902392.707223177,12829.268292682926
9436257.722836958,31903847.270009954,12341.463414634145,0.686297782531099,9435963.849676766,31903422.02161514,11853.658536585366,9436305.947334835,31904361.927205935,11853.658536585366,9436551.59599715,31904272.518404767,12829.268292682926,9436209.49833908,31903332.612813972,12829.268292682926
9436599.820495026,31904787.17560075,12341.463414634145,0.4617735212208448,9436305.947334835,31904361.927205935,11853.658536585366,9436648.044992901,31905301.83279673,11853.658536585366,9436893.693655219,31905212.42399556,12829.268292682926,9436551.59599715,31904272.518404767,12829.268292682926
9436941.918153096,31905727.081191543,12341.463414634145,0.3170447836368901,9436648.044992901,31905301.83279673,11853.658536585366,9436990.142650973,31906241.73838752,11853.658536585366,9437235.791313287,31906152.329586353,12829.268292682926,9436893.693655219,31905212.42399556,12829.268292682926
9437284.015811164,31906666.986782335,12341.463414634145,0.2984708900289166,9436990.142650973,31906241.73838752,11853.658536585366,9437332.240309043,31907181.643978313,11853.658536585366,9437577.888971357,31907092.235177148,12829.268292682926,9437235.791313287,31906152.329586353,12829.268292682926
9437626.113469234,31907606.89237313,12341.463414634145,0.35416733937526634,9437332.240309043,31907181.643978313,11853.658536585366,9437674.33796711,31908121.54956911,11853.658536585366,9437919.986629426,31908032.14076794,12829.268292682926,9437577.888971357,31907092.235177148,12829.268292682926
9437968.211127304,31908546.79796392,12341.463414634145,0.5507695159145076,9437674.33796711,31908121.54956911,11853.658536585366,9438016.43562518,31909061.455159903,11853.658536585366,9438262.084287494,31908972.046358734,12829.268292682926,9437919.986629426,31908032.14076794,12829.268292682926
9438310.308785371,31909486.703554712,12341.463414634145,0.6940051947340643,9438016.43562518,31909061.455159903,11853.658536585366,9438358.53328325,31910001.360750694,11853.658536585366,9438604.181945564,31909911.951949526,12829.268292682926,9438262.084287494,31908972.046358734,12829.268292682926
9438652.406443441,31910426.609145507,12341.463414634145,0.5338469170408968,9438358.53328325,31910001.360750694,11853.658536585366,9438700.630941318,31910941.266341493,11853.658536585366,9438946.279603634,31910851.85754032,12829.268292682926,9438604.181945564,31909911.951949526,12829.268292682926
9438994.504101511,31911366.514736302,12341.463414634145,0.5103031666930528,9438700.630941318,31910941.266341493,11853.658536585366,9439042.728599388,31911881.171932284,11853.658536585366,9439288.377261702,31911791.763131116,12829.268292682926,9438946.279603634,31910851.85754032,12829.268292682926
9439336.601759579,31912306.420327097,12341.463414634145,0.5712391860895354,9439042.728599388,31911881.171932284,11853.658536585366,9439384.826257458,31912821.077523075,11853.658536585366,9439630.474919772,31912731.668721907,12829.268292682926,9439288.377261702,31911791.763131116,12829.268292682926
9439678.699417649,31913246.32591789,12341.463414634145,0.5964045186579342,9439384.826257458,31912821.077523075,11853.658536585366,9439726.923915526,31913760.98311387,11853.658536585366,9439972.572577842,31913671.574312698,12829.268292682926,9439630.474919772,31912731.668721907,12829.268292682926
9440020.797075719,31914186.231508676,12341.463414634145,0.8080547157188518,9439726.923915526,31913760.98311387,11853.658536585366,9440069.021573596,31914700.88870466,11853.658536585366,9440314.67023591,31914611.479903493,12829.268292682926,9439972.572577842,31913671.574312698,12829.268292682926
9440362.894733787,31915126.13709947,12341.463414634145,0.8966111488136022,9440069.021573596,31914700.88870466,11853.658536585366,9440411.119231666,31915640.794295456,11853.658536585366,9440656.76789398,31915551.385494288,12829.268292682926,9440314.67023591,31914611.479903493,12829.268292682926
9440704.992391856,31916066.04269027,12341.463414634145,0.9494476475952963,9440411.119231666,31915640.794295456,11853.658536585366,9440753.216889733,31916580.69988625,11853.658536585366,9440998.86555205,31916491.29108508,12829.268292682926,9440656.76789398,31915551.385494288,12829.268292682926
9441047.090049926,31917005.94828106,12341.463414634145,0.8996844825898119,9440753.216889733,31916580.69988625,11853.658536585366,9441095.314547803,31917520.605477046,11853.658536585366,9441340.963210119,31917431.196675874,12829.268292682926,9440998.86555205,31916491.29108508,12829.268292682926
9441389.187707994,31917945.853871856,12341.463414634145,1.032745207396305,9441095.314547803,31917520.605477046,11853.658536585366,9441437.412205873,31918460.511067837,11853.658536585366,9441683.060868187,31918371.10226667,12829.268292682926,9441340.963210119,31917431.196675874,12829.268292682926
9441731.285366064,31918885.759462655,12341.463414634145,1.0507789883067449,9441437.412205873,31918460.511067837,11853.658536585366,9441779.509863941,31919400.416658632,11853.658536585366,9442025.158526257,31919311.00785746,12829.268292682926,9441683.060868187,31918371.10226667,12829.268292682926
9442073.383024134,31919825.665053442,12341.463414634145,1.0664562512920681,9441779.509863941,31919400.416658632,11853.658536585366,9442121.60752201,31920340.322249424,11853.658536585366,9442367.256184326,31920250.91344825,12829.268292682926,9442025.158526257,31919311.00785746,12829.268292682926
9442415.480682202,31920765.57064423,12341.463414634145,0.9834357868259712,9442121.60752201,31920340.322249424,11853.658536585366,9442463.70518008,31921280.227840215,11853.658536585366,9442709.353842394,31921190.819039047,12829.268292682926,9442367.256184326,31920250.91344825,12829.268292682926
9442757.578340271,31921705.47623503,12341.463414634145,0.7153011065293923,9442463.70518008,31921280.227840215,11853.658536585366,9442805.802838149,31922220.133431014,11853.658536585366,9443051.451500466,31922130.72462984,12829.268292682926,9442709.353842394,31921190.819039047,12829.268292682926
9443099.675998343,31922645.381825823,12341.463414634145,0.6831199406603888,9442805.802838149,31922220.133431014,11853.658536585366,9443147.900496218,31923160.039021805,11853.658536585366,9443393.549158534,31923070.630220633,12829.268292682926,9443051.451500466,31922130.72462984,12829.268292682926
9443441.773656411,31923585.287416615,12341.463414634145,0.49636494780869445,9443147.900496218,31923160.039021805,11853.658536585366,9443489.998154288,31924099.944612596,11853.658536585366,9443735.646816602,31924010.535811428,12829.268292682926,9443393.549158534,31923070.630220633,12829.268292682926
9443783.871314479,31924525.193007413,12341.463414634145,0.6443131283265506,9443489.998154288,31924099.944612596,11853.658536585366,9443832.095812356,31925039.850203395,11853.658536585366,9444077.744474674,31924950.441402223,12829.268292682926,9443735.646816602,31924010.535811428,12829.268292682926
9444125.96897255,31925465.09859821,12341.463414634145,0.7241233116881538,9443832.095812356,31925039.850203395,11853.658536585366,9444174.193470426,31925979.755794186,11853.658536585366,9444419.842132742,31925890.346993014,12829.268292682926,9444077.744474674,31924950.441402223,12829.268292682926
9403319.898666557,31812587.018901818,13317.073170731706,5.316003651290244,9403026.025506366,31812161.770507004,12829.268292682926,9403368.123164436,31813101.6760978,12829.268292682926,9403613.77182675,31813012.267296627,13804.878048780487,9403271.67416868,31812072.361705836,13804.878048780487
9403661.996324627,31813526.92449261,13317.073170731706,5.427794678073131,9403368.123164436,31813101.6760978,12829.268292682926,9403710.220822504,31814041.58168859,12829.268292682926,9403955.869484818,31813952.172887422,13804.878048780487,9403613.77182675,31813012.267296627,13804.878048780487
9404004.093982697,31814466.8300834,13317.073170731706,6.168583381477964,9403710.220822504,31814041.58168859,12829.268292682926,9404052.318480574,31814981.487279385,12829.268292682926,9404297.967142887,31814892.078478217,13804.878048780487,9403955.869484818,31813952.172887422,13804.878048780487
9404346.191640764,31815406.7356742,13317.073170731706,6.8369980250886,9404052.318480574,31814981.487279385,12829.268292682926,9404394.416138643,31815921.39287018,12829.268292682926,9404640.064800957,31815831.98406901,13804.878048780487,9404297.967142887,31814892.078478217,13804.878048780487
9404688.289298834,31816346.641264994,13317.073170731706,6.60668546532906,9404394.416138643,31815921.39287018,12829.268292682926,9404736.513796711,31816861.29846097,12829.268292682926,9404982.162459025,31816771.889659803,13804.878048780487,9404640.064800957,31815831.98406901,13804.878048780487
9405030.386956904,31817286.54685578,13317.073170731706,6.843933560374173,9404736.513796711,31816861.29846097,12829.268292682926,9405078.611454781,31817801.204051763,12829.268292682926,9405324.260117095,31817711.795250595,13804.878048780487,9404982.162459025,31816771.889659803,13804.878048780487
9405372.484614972,31818226.45244658,13317.073170731706,6.592594558768532,9405078.611454781,31817801.204051763,12829.268292682926,9405420.709112851,31818741.10964256,12829.268292682926,9405666.357775165,31818651.70084139,13804.878048780487,9405324.260117095,31817711.795250595,13804.878048780487
9405714.582273042,31819166.35803737,13317.073170731706,6.147963530341993,9405420.709112851,31818741.10964256,12829.268292682926,9405762.806770919,31819681.015233353,12829.268292682926,9406008.455433233,31819591.606432185,13804.878048780487,9405666.357775165,31818651.70084139,13804.878048780487
9406056.679931112,31820106.263628162,13317.073170731706,6.528649531371819,9405762.806770919,31819681.015233353,12829.268292682926,9406104.904428989,31820620.920824144,12829.268292682926,9406350.553091303,31820531.512022976,13804.878048780487,9406008.455433233,31819591.606432185,13804.878048780487
9406398.77758918,31821046.169218957,13317.073170731706,6.370739991064283,9406104.904428989,31820620.920824144,12829.268292682926,9406447.002087058,31821560.826414943,12829.268292682926,9406692.650749372,31821471.41761377,13804.878048780487,9406350.553091303,31820531.512022976,13804.878048780487
9406740.87524725,31821986.074809752,13317.073170731706,6.431131704108623,9406447.002087058,31821560.826414943,12829.268292682926,9406789.099745126,31822500.732005734,12829.268292682926,9407034.74840744,31822411.323204562,13804.878048780487,9406692.650749372,31821471.41761377,13804.878048780487
9407082.97290532,31822925.980400547,13317.073170731706,5.981946518576832,9406789.099745126,31822500.732005734,12829.268292682926,9407131.197403196,31823440.637596525,12829.268292682926,9407376.84606551,31823351.228795357,13804.878048780487,9407034.74840744,31822411.323204562,13804.878048780487
9407425.070563387,31823865.88599134,13317.073170731706,5.652850656481121,9407131.197403196,31823440.637596525,12829.268292682926,9407473.295061266,31824380.54318732,12829.268292682926,9407718.94372358,31824291.13438615,13804.878048780487,9407376.84606551,31823351.228795357,13804.878048780487
9407767.168221457,31824805.791582134,13317.073170731706,6.38673874582941,9407473.295061266,31824380.54318732,12829.268292682926,9407815.392719334,31825320.448778115,12829.268292682926,9408061.04138165,31825231.039976943,13804.878048780487,9407718.94372358,31824291.13438615,13804.878048780487
9408109.265879529,31825745.697172925,13317.073170731706,6.777047253214406,9407815.392719334,31825320.448778115,12829.268292682926,9408157.490377404,31826260.354368906,12829.268292682926,9408403.13903972,31826170.94556774,13804.878048780487,9408061.04138165,31825231.039976943,13804.878048780487
9408451.363537597,31826685.60276372,13317.073170731706,7.079282659758033,9408157.490377404,31826260.354368906,12829.268292682926,9408499.588035474,31827200.2599597,12829.268292682926,9408745.236697787,31827110.85115853,13804.878048780487,9408403.13903972,31826170.94556774,13804.878048780487
9408793.461195664,31827625.50835451,13317.073170731706,7.262126069805313,9408499.588035474,31827200.2599597,12829.268292682926,9408841.685693542,31828140.165550496,12829.268292682926,9409087.334355857,31828050.756749325,13804.878048780487,9408745.236697787,31827110.85115853,13804.878048780487
9409135.558853736,31828565.413945306,13317.073170731706,7.237979308994814,9408841.685693542,31828140.165550496,12829.268292682926,9409183.783351611,31829080.071141288,12829.268292682926,9409429.432013927,31828990.66234012,13804.878048780487,9409087.334355857,31828050.756749325,13804.878048780487
9409477.656511802,31829505.319536105,13317.073170731706,7.3554946447552805,9409183.783351611,31829080.071141288,12829.268292682926,9409525.881009681,31830019.976732083,12829.268292682926,9409771.529671995,31829930.56793091,13804.878048780487,9409429.432013927,31828990.66234012,13804.878048780487
9409819.754169872,31830445.225126892,13317.073170731706,8.583717789501389,9409525.881009681,31830019.976732083,12829.268292682926,9409867.97866775,31830959.882322874,12829.268292682926,9410113.627330065,31830870.473521702,13804.878048780487,9409771.529671995,31829930.56793091,13804.878048780487
9410161.851827942,31831385.130717687,13317.073170731706,10.167580827279966,9409867.97866775,31830959.882322874,12829.268292682926,9410210.076325819,31831899.78791367,12829.268292682926,9410455.724988135,31831810.3791125,13804.878048780487,9410113.627330065,31830870.473521702,13804.878048780487
9410503.94948601,31832325.036308482,13317.073170731706,11.48558134598026,9410210.076325819,31831899.78791367,12829.268292682926,9410552.173983887,31832839.693504464,12829.268292682926,9410797.822646203,31832750.284703292,13804.878048780487,9410455.724988135,31831810.3791125,13804.878048780487
9410846.04714408,31833264.941899274,13317.073170731706,10.715386135945078,9410552.173983887,31832839.693504464,12829.268292682926,9410894.271641957,31833779.599095255,12829.268292682926,9411139.920304272,31833690.190294083,13804.878048780487,9410797.822646203,31832750.284703292,13804.878048780487
9411188.144802151,31834204.847490065,13317.073170731706,10.216338136979079,9410894.271641957,31833779.599095255,12829.268292682926,9411236.369300026,31834719.504686046,12829.268292682926,9411482.017962342,31834630.095884882,13804.878048780487,9411139.920304272,31833690.190294083,13804.878048780487
9411530.242460217,31835144.753080864,13317.073170731706,9.246619361553137,9411236.369300026,31834719.504686046,12829.268292682926,9411578.466958094,31835659.41027684,12829.268292682926,9411824.115620412,31835570.001475673,13804.878048780487,9411482.017962342,31834630.095884882,13804.878048780487
9411872.340118289,31836084.65867166,13317.073170731706,8.46454385002718,9411578.466958094,31835659.41027684,12829.268292682926,9411920.564616164,31836599.315867636,12829.268292682926,9412166.21327848,31836509.907066464,13804.878048780487,9411824.115620412,31835570.001475673,13804.878048780487
9412214.437776359,31837024.564262446,13317.073170731706,7.905268436338208,9411920.564616164,31836599.315867636,12829.268292682926,9412262.662274234,31837539.221458428,12829.268292682926,9412508.31093655,31837449.81265726,13804.878048780487,9412166.21327848,31836509.907066464,13804.878048780487
9412556.535434427,31837964.469853245,13317.073170731706,7.0582117298746985,9412262.662274234,31837539.221458428,12829.268292682926,9412604.759932302,31838479.127049223,12829.268292682926,9412850.40859462,31838389.718248054,13804.878048780487,9412508.31093655,31837449.81265726,13804.878048780487
9412898.633092495,31838904.375444036,13317.073170731706,6.363509440863416,9412604.759932302,31838479.127049223,12829.268292682926,9412946.857590372,31839419.032640018,12829.268292682926,9413192.506252687,31839329.623838846,13804.878048780487,9412850.40859462,31838389.718248054,13804.878048780487
9413240.730750566,31839844.281034827,13317.073170731706,6.2246561496272665,9412946.857590372,31839419.032640018,12829.268292682926,9413288.955248442,31840358.93823081,12829.268292682926,9413534.603910757,31840269.52942964,13804.878048780487,9413192.506252687,31839329.623838846,13804.878048780487
9413582.828408634,31840784.186625622,13317.073170731706,5.7279964004666635,9413288.955248442,31840358.93823081,12829.268292682926,9413631.05290651,31841298.8438216,12829.268292682926,9413876.701568827,31841209.435020432,13804.878048780487,9413534.603910757,31840269.52942964,13804.878048780487
9413924.926066704,31841724.092216413,13317.073170731706,5.331772101562587,9413631.05290651,31841298.8438216,12829.268292682926,9413973.15056458,31842238.749412395,12829.268292682926,9414218.799226895,31842149.340611223,13804.878048780487,9413876.701568827,31841209.435020432,13804.878048780487
9414267.023724772,31842663.997807205,13317.073170731706,4.975657348688609,9413973.15056458,31842238.749412395,12829.268292682926,9414315.24822265,31843178.65500319,12829.268292682926,9414560.896884965,31843089.24620202,13804.878048780487,9414218.799226895,31842149.340611223,13804.878048780487
9414609.121382842,31843603.903398,13317.073170731706,4.493375253628081,9414315.24822265,31843178.65500319,12829.268292682926,9414657.345880719,31844118.56059398,12829.268292682926,9414902.994543035,31844029.151792813,13804.878048780487,9414560.896884965,31843089.24620202,13804.878048780487
9414951.219040912,31844543.8089888,13317.073170731706,4.239509174249843,9414657.345880719,31844118.56059398,12829.268292682926,9414999.443538789,31845058.46618478,12829.268292682926,9415245.092201103,31844969.057383608,13804.878048780487,9414902.994543035,31844029.151792813,13804.878048780487
9415293.316698981,31845483.71457959,13317.073170731706,4.678584129177846,9414999.443538789,31845058.46618478,12829.268292682926,9415341.541196857,31845998.37177557,12829.268292682926,9415587.189859172,31845908.962974403,13804.878048780487,9415245.092201103,31844969.057383608,13804.878048780487
9415635.41435705,31846423.62017038,13317.073170731706,5.4054000724871205,9415341.541196857,31845998.37177557,12829.268292682926,9415683.638854926,31846938.277366363,12829.268292682926,9415929.287517242,31846848.868565194,13804.878048780487,9415587.189859172,31845908.962974403,13804.878048780487
9415977.51201512,31847363.525761176,13317.073170731706,5.517292591108409,9415683.638854926,31846938.277366363,12829.268292682926,9416025.736512996,31847878.182957157,12829.268292682926,9416271.38517531,31847788.774155986,13804.878048780487,9415929.287517242,31846848.868565194,13804.878048780487
9416319.609673189,31848303.431351967,13317.073170731706,5.189241835463529,9416025.736512996,31847878.182957157,12829.268292682926,9416367.834171064,31848818.08854795,12829.268292682926,9416613.48283338,31848728.679746777,13804.878048780487,9416271.38517531,31847788.774155986,13804.878048780487
9416661.707331257,31849243.33694276,13317.073170731706,4.600507250155438,9416367.834171064,31848818.08854795,12829.268292682926,9416709.931829134,31849757.994138744,12829.268292682926,9416955.58049145,31849668.585337576,13804.878048780487,9416613.48283338,31848728.679746777,13804.878048780487
9417003.804989327,31850183.242533557,13317.073170731706,3.8224139485642263,9416709.931829134,31849757.994138744,12829.268292682926,9417052.029487204,31850697.89972954,12829.268292682926,9417297.678149518,31850608.490928367,13804.878048780487,9416955.58049145,31849668.585337576,13804.878048780487
9417345.902647397,31851123.148124345,13317.073170731706,3.1314946038900677,9417052.029487204,31850697.89972954,12829.268292682926,9417394.127145272,31851637.80532033,12829.268292682926,9417639.775807587,31851548.396519158,13804.878048780487,9417297.678149518,31850608.490928367,13804.878048780487
9417688.000305464,31852063.05371514,13317.073170731706,3.050908119628085,9417394.127145272,31851637.80532033,12829.268292682926,9417736.224803342,31852577.710911125,12829.268292682926,9417981.873465657,31852488.302109957,13804.878048780487,9417639.775807587,31851548.396519158,13804.878048780487
9418030.097963534,31853002.95930594,13317.073170731706,2.807084826285341,9417736.224803342,31852577.710911125,12829.268292682926,9418078.322461411,31853517.61650192,12829.268292682926,9418323.971123725,31853428.207700748,13804.878048780487,9417981.873465657,31852488.302109957,13804.878048780487
9418372.195621602,31853942.86489673,13317.073170731706,2.4651815694602544,9418078.322461411,31853517.61650192,12829.268292682926,9418420.420119481,31854457.52209271,12829.268292682926,9418666.068781795,31854368.11329154,13804.878048780487,9418323.971123725,31853428.207700748,13804.878048780487
9418714.293279672,31854882.77048752,13317.073170731706,3.0091417280075676,9418420.420119481,31854457.52209271,12829.268292682926,9418762.51777755,31855397.427683502,12829.268292682926,9419008.166439865,31855308.018882334,13804.878048780487,9418666.068781795,31854368.11329154,13804.878048780487
9419056.390937742,31855822.676078316,13317.073170731706,3.6463413868002976,9418762.51777755,31855397.427683502,12829.268292682926,9419104.615435619,31856337.3332743,12829.268292682926,9419350.264097933,31856247.92447313,13804.878048780487,9419008.166439865,31855308.018882334,13804.878048780487
9419398.48859581,31856762.58166911,13317.073170731706,3.5749590614036006,9419104.615435619,31856337.3332743,12829.268292682926,9419446.713093689,31857277.238865092,12829.268292682926,9419692.361756003,31857187.83006392,13804.878048780487,9419350.264097933,31856247.92447313,13804.878048780487
9419740.58625388,31857702.4872599,13317.073170731706,3.539496060670706,9419446.713093689,31857277.238865092,12829.268292682926,9419788.810751757,31858217.144455884,12829.268292682926,9420034.459414072,31858127.735654715,13804.878048780487,9419692.361756003,31857187.83006392,13804.878048780487
9420082.68391195,31858642.392850697,13317.073170731706,3.142353738776317,9419788.810751757,31858217.144455884,12829.268292682926,9420130.908409826,31859157.05004668,12829.268292682926,9420376.55707214,31859067.64124551,13804.878048780487,9420034.459414072,31858127.735654715,13804.878048780487
9420424.781570017,31859582.298441492,13317.073170731706,2.63135028106682,9420130.908409826,31859157.05004668,12829.268292682926,9420473.006067896,31860096.955637474,12829.268292682926,9420718.65473021,31860007.5468363,13804.878048780487,9420376.55707214,31859067.64124551,13804.878048780487
9420766.879228087,31860522.204032283,13317.073170731706,2.758331378278033,9420473.006067896,31860096.955637474,12829.268292682926,9420815.103725964,31861036.861228265,12829.268292682926,9421060.75238828,31860947.452427097,13804.878048780487,9420718.65473021,31860007.5468363,13804.878048780487
9421108.976886157,31861462.10962308,13317.073170731706,2.633729717049386,9420815.103725964,31861036.861228265,12829.268292682926,9421157.201384034,31861976.766819056,12829.268292682926,9421402.850046348,31861887.358017888,13804.878048780487,9421060.75238828,31860947.452427097,13804.878048780487
9421451.074544225,31862402.01521387,13317.073170731706,2.4673714341050954,9421157.201384034,31861976.766819056,12829.268292682926,9421499.299042104,31862916.672409855,12829.268292682926,9421744.947704418,31862827.263608683,13804.878048780487,9421402.850046348,31861887.358017888,13804.878048780487
9421793.172202295,31863341.920804664,13317.073170731706,2.4644626694944898,9421499.299042104,31862916.672409855,12829.268292682926,9421841.396700172,31863856.578000646,12829.268292682926,9422087.04536249,31863767.169199478,13804.878048780487,9421744.947704418,31862827.263608683,13804.878048780487
9422135.269860364,31864281.826395456,13317.073170731706,2.470806493046612,9421841.396700172,31863856.578000646,12829.268292682926,9422183.494358242,31864796.483591437,12829.268292682926,9422429.143020555,31864707.07479027,13804.878048780487,9422087.04536249,31863767.169199478,13804.878048780487
9422477.367518432,31865221.73198625,13317.073170731706,2.4437104953921702,9422183.494358242,31864796.483591437,12829.268292682926,9422525.592016311,31865736.389182232,12829.268292682926,9422771.240678627,31865646.98038106,13804.878048780487,9422429.143020555,31864707.07479027,13804.878048780487
9422819.465176504,31866161.637577046,13317.073170731706,2.6847144103381178,9422525.592016311,31865736.389182232,12829.268292682926,9422867.68967438,31866676.294773027,12829.268292682926,9423113.338336697,31866586.88597186,13804.878048780487,9422771.240678627,31865646.98038106,13804.878048780487
9423161.562834574,31867101.543167837,13317.073170731706,3.0468581448280303,9422867.68967438,31866676.294773027,12829.268292682926,9423209.78733245,31867616.20036382,12829.268292682926,9423455.435994763,31867526.79156265,13804.878048780487,9423113.338336697,31866586.88597186,13804.878048780487
9423503.66049264,31868041.448758632,13317.073170731706,2.92125778789143,9423209.78733245,31867616.20036382,12829.268292682926,9423551.884990519,31868556.105954614,12829.268292682926,9423797.533652835,31868466.69715344,13804.878048780487,9423455.435994763,31867526.79156265,13804.878048780487
9423845.758150712,31868981.354349423,13317.073170731706,2.528627988291014,9423551.884990519,31868556.105954614,12829.268292682926,9423893.982648587,31869496.01154541,12829.268292682926,9424139.631310904,31869406.60274424,13804.878048780487,9423797.533652835,31868466.69715344,13804.878048780487
9424187.85580878,31869921.25994022,13317.073170731706,2.4033907070376963,9423893.982648587,31869496.01154541,12829.268292682926,9424236.080306657,31870435.9171362,12829.268292682926,9424481.72896897,31870346.50833503,13804.878048780487,9424139.631310904,31869406.60274424,13804.878048780487
9424529.953466848,31870861.16553101,13317.073170731706,2.0854532801479224,9424236.080306657,31870435.9171362,12829.268292682926,9424578.177964726,31871375.822726995,12829.268292682926,9424823.826627042,31871286.413925823,13804.878048780487,9424481.72896897,31870346.50833503,13804.878048780487
9424872.051124917,31871801.071121804,13317.073170731706,1.7993322799708065,9424578.177964726,31871375.822726995,12829.268292682926,9424920.275622794,31872315.728317786,12829.268292682926,9425165.924285112,31872226.319516618,13804.878048780487,9424823.826627042,31871286.413925823,13804.878048780487
9425214.148782989,31872740.9767126,13317.073170731706,1.5374564801969324,9424920.275622794,31872315.728317786,12829.268292682926,9425262.373280864,31873255.63390858,12829.268292682926,9425508.02194318,31873166.225107413,13804.878048780487,9425165.924285112,31872226.319516618,13804.878048780487
9425556.246441057,31873680.882303394,13317.073170731706,1.2299746309366368,9425262.373280864,31873255.63390858,12829.268292682926,9425604.470938934,31874195.539499376,12829.268292682926,9425850.11960125,31874106.130698204,13804.878048780487,9425508.02194318,31873166.225107413,13804.878048780487
9425898.344099127,31874620.787894186,13317.073170731706,1.0525561852347922,9425604.470938934,31874195.539499376,12829.268292682926,9425946.568597002,31875135.445090167,12829.268292682926,9426192.217259318,31875046.036288995,13804.878048780487,9425850.11960125,31874106.130698204,13804.878048780487
9426240.441757195,31875560.693484977,13317.073170731706,1.0321609520425925,9425946.568597002,31875135.445090167,12829.268292682926,9426288.666255072,31876075.350680962,12829.268292682926,9426534.314917387,31875985.941879794,13804.878048780487,9426192.217259318,31875046.036288995,13804.878048780487
9426582.539415265,31876500.599075776,13317.073170731706,1.0903984800250792,9426288.666255072,31876075.350680962,12829.268292682926,9426630.763913142,31877015.256271757,12829.268292682926,9426876.412575457,31876925.847470585,13804.878048780487,9426534.314917387,31875985.941879794,13804.878048780487
9426924.637073334,31877440.504666563,13317.073170731706,1.1687343270083694,9426630.763913142,31877015.256271757,12829.268292682926,9426972.86157121,31877955.16186255,12829.268292682926,9427218.510233525,31877865.753061377,13804.878048780487,9426876.412575457,31876925.847470585,13804.878048780487
9427266.734731404,31878380.410257358,13317.073170731706,1.3173443541358931,9426972.86157121,31877955.16186255,12829.268292682926,9427314.95922928,31878895.06745334,12829.268292682926,9427560.607891595,31878805.65865217,13804.878048780487,9427218.510233525,31877865.753061377,13804.878048780487
9427608.83238947,31879320.315848157,13317.073170731706,1.5918734364727967,9427314.95922928,31878895.06745334,12829.268292682926,9427657.05688735,31879834.973044135,12829.268292682926,9427902.705549665,31879745.564242963,13804.878048780487,9427560.607891595,31878805.65865217,13804.878048780487
9427950.930047542,31880260.221438944,13317.073170731706,1.967455275521358,9427657.05688735,31879834.973044135,12829.268292682926,9427999.154545417,31880774.87863493,12829.268292682926,9428244.803207733,31880685.469833758,13804.878048780487,9427902.705549665,31879745.564242963,13804.878048780487
9428293.027705612,31881200.12702974,13317.073170731706,2.267380541890403,9427999.154545417,31880774.87863493,12829.268292682926,9428341.252203487,31881714.78422572,12829.268292682926,9428586.900865803,31881625.375424553,13804.878048780487,9428244.803207733,31880685.469833758,13804.878048780487
9428635.12536368,31882140.032620534,13317.073170731706,2.6779167342198895,9428341.252203487,31881714.78422572,12829.268292682926,9428683.349861559,31882654.68981652,12829.268292682926,9428928.998523872,31882565.281015348,13804.878048780487,9428586.900865803,31881625.375424553,13804.878048780487
9428977.22302175,31883079.93821133,13317.073170731706,3.077109643040201,9428683.349861559,31882654.68981652,12829.268292682926,9429025.447519625,31883594.595407307,12829.268292682926,9429271.09618194,31883505.186606135,13804.878048780487,9428928.998523872,31882565.281015348,13804.878048780487
9429319.32067982,31884019.843802117,13317.073170731706,2.9832474546093657,9429025.447519625,31883594.595407307,12829.268292682926,9429367.545177696,31884534.500998102,12829.268292682926,9429613.19384001,31884445.092196934,13804.878048780487,9429271.09618194,31883505.186606135,13804.878048780487
9429661.418337887,31884959.749392916,13317.073170731706,2.658386519181966,9429367.545177696,31884534.500998102,12829.268292682926,9429709.642835766,31885474.406588897,12829.268292682926,9429955.29149808,31885384.997787725,13804.878048780487,9429613.19384001,31884445.092196934,13804.878048780487
9430003.515995957,31885899.65498371,13317.073170731706,2.706954969325753,9429709.642835766,31885474.406588897,12829.268292682926,9430051.740493832,31886414.31217969,12829.268292682926,9430297.389156148,31886324.903378516,13804.878048780487,9429955.29149808,31885384.997787725,13804.878048780487
9430345.613654027,31886839.560574498,13317.073170731706,2.805155005598573,9430051.740493832,31886414.31217969,12829.268292682926,9430393.838151904,31887354.217770483,12829.268292682926,9430639.486814218,31887264.808969315,13804.878048780487,9430297.389156148,31886324.903378516,13804.878048780487
9430687.711312095,31887779.466165297,13317.073170731706,2.1919427525548603,9430393.838151904,31887354.217770483,12829.268292682926,9430735.935809974,31888294.123361275,12829.268292682926,9430981.584472287,31888204.714560106,13804.878048780487,9430639.486814218,31887264.808969315,13804.878048780487
9431029.808970165,31888719.371756088,13317.073170731706,1.4884096561684967,9430735.935809974,31888294.123361275,12829.268292682926,9431078.03346804,31889234.02895207,12829.268292682926,9431323.682130355,31889144.620150898,13804.878048780487,9430981.584472287,31888204.714560106,13804.878048780487
9431371.906628234,31889659.27734688,13317.073170731706,1.2042200755838068,9431078.03346804,31889234.02895207,12829.268292682926,9431420.131126111,31890173.93454286,12829.268292682926,9431665.779788425,31890084.525741693,13804.878048780487,9431323.682130355,31889144.620150898,13804.878048780487
9431714.004286302,31890599.182937674,13317.073170731706,0.6622507108020061,9431420.131126111,31890173.93454286,12829.268292682926,9431762.228784181,31891113.840133656,12829.268292682926,9432007.877446495,31891024.431332488,13804.878048780487,9431665.779788425,31890084.525741693,13804.878048780487
9432056.101944372,31891539.08852847,13317.073170731706,0.4614045581231552,9431762.228784181,31891113.840133656,12829.268292682926,9432104.32644225,31892053.74572445,12829.268292682926,9432349.975104563,31891964.33692328,13804.878048780487,9432007.877446495,31891024.431332488,13804.878048780487
9432398.199602442,31892478.994119264,13317.073170731706,0.35087165849504015,9432104.32644225,31892053.74572445,12829.268292682926,9432446.424100319,31892993.651315242,12829.268292682926,9432692.072762633,31892904.242514074,13804.878048780487,9432349.975104563,31891964.33692328,13804.878048780487
9432740.29726051,31893418.899710055,13317.073170731706,0.29288977209562034,9432446.424100319,31892993.651315242,12829.268292682926,9432788.521758389,31893933.556906037,12829.268292682926,9433034.170420703,31893844.14810487,13804.878048780487,9432692.072762633,31892904.242514074,13804.878048780487
9433082.39491858,31894358.80530085,13317.073170731706,0.3318811058236667,9432788.521758389,31893933.556906037,12829.268292682926,9433130.619416457,31894873.462496832,12829.268292682926,9433376.26807877,31894784.05369566,13804.878048780487,9433034.170420703,31893844.14810487,13804.878048780487
9433424.49257665,31895298.71089164,13317.073170731706,0.4058561173632232,9433130.619416457,31894873.462496832,12829.268292682926,9433472.717074526,31895813.368087623,12829.268292682926,9433718.36573684,31895723.959286455,13804.878048780487,9433376.26807877,31894784.05369566,13804.878048780487
9433766.590234717,31896238.616482433,13317.073170731706,0.5650553853371423,9433472.717074526,31895813.368087623,12829.268292682926,9433814.814732596,31896753.273678415,12829.268292682926,9434060.46339491,31896663.864877246,13804.878048780487,9433718.36573684,31895723.959286455,13804.878048780487
9434108.687892787,31897178.522073228,13317.073170731706,0.6662125838030446,9433814.814732596,31896753.273678415,12829.268292682926,9434156.912390664,31897693.179269213,12829.268292682926,9434402.561052978,31897603.77046804,13804.878048780487,9434060.46339491,31896663.864877246,13804.878048780487
9434450.785550857,31898118.427664023,13317.073170731706,0.864571061981375,9434156.912390664,31897693.179269213,12829.268292682926,9434499.010048734,31898633.084860004,12829.268292682926,9434744.658711048,31898543.676058836,13804.878048780487,9434402.561052978,31897603.77046804,13804.878048780487
9434792.883208925,31899058.333254818,13317.073170731706,1.1411390813714,9434499.010048734,31898633.084860004,12829.268292682926,9434841.107706804,31899572.990450796,12829.268292682926,9435086.756369118,31899483.581649628,13804.878048780487,9434744.658711048,31898543.676058836,13804.878048780487
9435134.980866995,31899998.23884561,13317.073170731706,1.0028899990828444,9434841.107706804,31899572.990450796,12829.268292682926,9435183.205364872,31900512.896041594,12829.268292682926,9435428.854027186,31900423.487240423,13804.878048780487,9435086.756369118,31899483.581649628,13804.878048780487
9435477.078525065,31900938.144436404,13317.073170731706,1.0745351499268896,9435183.205364872,31900512.896041594,12829.268292682926,9435525.303022942,31901452.801632386,12829.268292682926,9435770.951685257,31901363.392831214,13804.878048780487,9435428.854027186,31900423.487240423,13804.878048780487
9435819.176183132,31901878.050027195,13317.073170731706,1.0190981769001304,9435525.303022942,31901452.801632386,12829.268292682926,9435867.400681011,31902392.707223177,12829.268292682926,9436113.049343325,31902303.29842201,13804.878048780487,9435770.951685257,31901363.392831214,13804.878048780487
9436161.273841202,31902817.95561799,13317.073170731706,0.7212307030063333,9435867.400681011,31902392.707223177,12829.268292682926,9436209.49833908,31903332.612813972,12829.268292682926,9436455.147001395,31903243.2040128,13804.878048780487,9436113.049343325,31902303.29842201,13804.878048780487
9436503.371499274,31903757.86120878,13317.073170731706,0.3891256337097905,9436209.49833908,31903332.612813972,12829.268292682926,9436551.59599715,31904272.518404767,12829.268292682926,9436797.244659465,31904183.109603595,13804.878048780487,9436455.147001395,31903243.2040128,13804.878048780487
9436845.46915734,31904697.766799577,13317.073170731706,0.24665977062027825,9436551.59599715,31904272.518404767,12829.268292682926,9436893.693655219,31905212.42399556,12829.268292682926,9437139.342317533,31905123.01519439,13804.878048780487,9436797.244659465,31904183.109603595,13804.878048780487
9437187.56681541,31905637.672390375,13317.073170731706,0.2067575287115636,9436893.693655219,31905212.42399556,12829.268292682926,9437235.791313287,31906152.329586353,12829.268292682926,9437481.439975603,31906062.92078518,13804.878048780487,9437139.342317533,31905123.01519439,13804.878048780487
9437529.664473481,31906577.577981163,13317.073170731706,0.19165669840978264,9437235.791313287,31906152.329586353,12829.268292682926,9437577.888971357,31907092.235177148,12829.268292682926,9437823.537633672,31907002.826375976,13804.878048780487,9437481.439975603,31906062.92078518,13804.878048780487
9437871.76213155,31907517.483571958,13317.073170731706,0.18524439699219664,9437577.888971357,31907092.235177148,12829.268292682926,9437919.986629426,31908032.14076794,12829.268292682926,9438165.635291742,31907942.73196677,13804.878048780487,9437823.537633672,31907002.826375976,13804.878048780487
9438213.859789617,31908457.389162753,13317.073170731706,0.21545547351771552,9437919.986629426,31908032.14076794,12829.268292682926,9438262.084287494,31908972.046358734,12829.268292682926,9438507.73294981,31908882.637557562,13804.878048780487,9438165.635291742,31907942.73196677,13804.878048780487
9438555.957447689,31909397.294753544,13317.073170731706,0.28569588662504497,9438262.084287494,31908972.046358734,12829.268292682926,9438604.181945564,31909911.951949526,12829.268292682926,9438849.83060788,31909822.543148354,13804.878048780487,9438507.73294981,31908882.637557562,13804.878048780487
9438898.055105757,31910337.200344335,13317.073170731706,0.23496342246462154,9438604.181945564,31909911.951949526,12829.268292682926,9438946.279603634,31910851.85754032,12829.268292682926,9439191.92826595,31910762.448739152,13804.878048780487,9438849.83060788,31909822.543148354,13804.878048780487
9439240.152763827,31911277.105935134,13317.073170731706,0.2185812953468974,9438946.279603634,31910851.85754032,12829.268292682926,9439288.377261702,31911791.763131116,12829.268292682926,9439534.025924018,31911702.354329944,13804.878048780487,9439191.92826595,31910762.448739152,13804.878048780487
9439582.250421895,31912217.01152593,13317.073170731706,0.25281744156208846,9439288.377261702,31911791.763131116,12829.268292682926,9439630.474919772,31912731.668721907,12829.268292682926,9439876.123582087,31912642.259920735,13804.878048780487,9439534.025924018,31911702.354329944,13804.878048780487
9439924.348079965,31913156.917116717,13317.073170731706,0.2617643453133571,9439630.474919772,31912731.668721907,12829.268292682926,9439972.572577842,31913671.574312698,12829.268292682926,9440218.221240157,31913582.16551153,13804.878048780487,9439876.123582087,31912642.259920735,13804.878048780487
9440266.445738034,31914096.822707508,13317.073170731706,0.2699379420930815,9439972.572577842,31913671.574312698,12829.268292682926,9440314.67023591,31914611.479903493,12829.268292682926,9440560.318898225,31914522.07110232,13804.878048780487,9440218.221240157,31913582.16551153,13804.878048780487
9440608.543396104,31915036.728298303,13317.073170731706,0.2917504072116649,9440314.67023591,31914611.479903493,12829.268292682926,9440656.76789398,31915551.385494288,12829.268292682926,9440902.416556295,31915461.976693116,13804.878048780487,9440560.318898225,31914522.07110232,13804.878048780487
9440950.64105417,31915976.633889098,13317.073170731706,0.443086333301739,9440656.76789398,31915551.385494288,12829.268292682926,9440998.86555205,31916491.29108508,12829.268292682926,9441244.514214365,31916401.88228391,13804.878048780487,9440902.416556295,31915461.976693116,13804.878048780487
9441292.738712242,31916916.539479893,13317.073170731706,0.6425355919863462,9440998.86555205,31916491.29108508,12829.268292682926,9441340.963210119,31917431.196675874,12829.268292682926,9441586.611872433,31917341.787874706,13804.878048780487,9441244.514214365,31916401.88228391,13804.878048780487
9441634.836370312,31917856.445070688,13317.073170731706,0.8199323394947691,9441340.963210119,31917431.196675874,12829.268292682926,9441683.060868187,31918371.10226667,12829.268292682926,9441928.709530503,31918281.693465497,13804.878048780487,9441586.611872433,31917341.787874706,13804.878048780487
9441976.93402838,31918796.350661483,13317.073170731706,0.7216036955586738,9441683.060868187,31918371.10226667,12829.268292682926,9442025.158526257,31919311.00785746,12829.268292682926,9442270.807188572,31919221.599056292,13804.878048780487,9441928.709530503,31918281.693465497,13804.878048780487
9442319.03168645,31919736.256252274,13317.073170731706,0.5357415470920474,9442025.158526257,31919311.00785746,12829.268292682926,9442367.256184326,31920250.91344825,12829.268292682926,9442612.90484664,31920161.504647084,13804.878048780487,9442270.807188572,31919221.599056292,13804.878048780487
9442661.12934452,31920676.16184306,13317.073170731706,0.35435962305436786,9442367.256184326,31920250.91344825,12829.268292682926,9442709.353842394,31921190.819039047,12829.268292682926,9442955.00250471,31921101.410237875,13804.878048780487,9442612.90484664,31920161.504647084,13804.878048780487
9443003.227002587,31921616.067433856,13317.073170731706,0.28238463006693254,9442709.353842394,31921190.819039047,12829.268292682926,9443051.451500466,31922130.72462984,12829.268292682926,9443297.10016278,31922041.315828674,13804.878048780487,9442955.00250471,31921101.410237875,13804.878048780487
9443345.324660657,31922555.97302465,13317.073170731706,0.3313240357881041,9443051.451500466,31922130.72462984,12829.268292682926,9443393.549158534,31923070.630220633,12829.268292682926,9443639.197820848,31922981.221419465,13804.878048780487,9443297.10016278,31922041.315828674,13804.878048780487
9443687.422318727,31923495.878615446,13317.073170731706,0.30829174424855493,9443393.549158534,31923070.630220633,12829.268292682926,9443735.646816602,31924010.535811428,12829.268292682926,9443981.295478918,31923921.127010256,13804.878048780487,9443639.197820848,31922981.221419465,13804.878048780487
9444029.519976795,31924435.78420624,13317.073170731706,0.5162526712549731,9443735.646816602,31924010.535811428,12829.268292682926,9444077.744474674,31924950.441402223,12829.268292682926,9444323.393136987,31924861.032601055,13804.878048780487,9443981.295478918,31923921.127010256,13804.878048780487
9444371.617634865,31925375.689797036,13317.073170731706,0.6022422171278234,9444077.744474674,31924950.441402223,12829.268292682926,9444419.842132742,31925890.346993014,12829.268292682926,9444665.490795055,31925800.938191846,13804.878048780487,9444323.393136987,31924861.032601055,13804.878048780487
9403565.547328873,31812497.610100646,14292.682926829268,5.004241579907454,9403271.67416868,31812072.361705836,13804.878048780487,9403613.77182675,31813012.267296627,13804.878048780487,9403859.420489065,31812922.85849546,14780.48780487805,9403517.322830996,31811982.952904664,14780.48780487805
9403907.64498694,31813437.51569144,14292.682926829268,5.669765636590768,9403613.77182675,31813012.267296627,13804.878048780487,9403955.869484818,31813952.172887422,13804.878048780487,9404201.518147133,31813862.76408625,14780.48780487805,9403859.420489065,31812922.85849546,14780.48780487805
9404249.74264501,31814377.42128223,14292.682926829268,5.616783289331509,9403955.869484818,31813952.172887422,13804.878048780487,9404297.967142887,31814892.078478217,13804.878048780487,9404543.615805203,31814802.669677045,14780.48780487805,9404201.518147133,31813862.76408625,14780.48780487805
9404591.840303078,31815317.326873027,14292.682926829268,5.903816767246373,9404297.967142887,31814892.078478217,13804.878048780487,9404640.064800957,31815831.98406901,13804.878048780487,9404885.713463273,31815742.57526784,14780.48780487805,9404543.615805203,31814802.669677045,14780.48780487805
9404933.93796115,31816257.232463825,14292.682926829268,5.56153341285688,9404640.064800957,31815831.98406901,13804.878048780487,9404982.162459025,31816771.889659803,13804.878048780487,9405227.811121343,31816682.480858635,14780.48780487805,9404885.713463273,31815742.57526784,14780.48780487805
9405276.03561922,31817197.138054613,14292.682926829268,6.075714892386399,9404982.162459025,31816771.889659803,13804.878048780487,9405324.260117095,31817711.795250595,13804.878048780487,9405569.90877941,31817622.386449423,14780.48780487805,9405227.811121343,31816682.480858635,14780.48780487805
9405618.133277288,31818137.043645408,14292.682926829268,6.100844034527754,9405324.260117095,31817711.795250595,13804.878048780487,9405666.357775165,31818651.70084139,13804.878048780487,9405912.00643748,31818562.29204022,14780.48780487805,9405569.90877941,31817622.386449423,14780.48780487805
9405960.230935356,31819076.949236203,14292.682926829268,5.930397348127162,9405666.357775165,31818651.70084139,13804.878048780487,9406008.455433233,31819591.606432185,13804.878048780487,9406254.10409555,31819502.197631013,14780.48780487805,9405912.00643748,31818562.29204022,14780.48780487805
9406302.328593427,31820016.854826994,14292.682926829268,6.328451510521905,9406008.455433233,31819591.606432185,13804.878048780487,9406350.553091303,31820531.512022976,13804.878048780487,9406596.201753618,31820442.103221804,14780.48780487805,9406254.10409555,31819502.197631013,14780.48780487805
9406644.426251495,31820956.760417785,14292.682926829268,6.592595401450567,9406350.553091303,31820531.512022976,13804.878048780487,9406692.650749372,31821471.41761377,13804.878048780487,9406938.299411688,31821382.008812603,14780.48780487805,9406596.201753618,31820442.103221804,14780.48780487805
9406986.523909565,31821896.666008584,14292.682926829268,6.486480465096372,9406692.650749372,31821471.41761377,13804.878048780487,9407034.74840744,31822411.323204562,13804.878048780487,9407280.397069756,31822321.914403394,14780.48780487805,9406938.299411688,31821382.008812603,14780.48780487805
9407328.621567633,31822836.57159938,14292.682926829268,5.96972535722277,9407034.74840744,31822411.323204562,13804.878048780487,9407376.84606551,31823351.228795357,13804.878048780487,9407622.494727826,31823261.819994185,14780.48780487805,9407280.397069756,31822321.914403394,14780.48780487805
9407670.719225703,31823776.477190167,14292.682926829268,5.915957521099282,9407376.84606551,31823351.228795357,13804.878048780487,9407718.94372358,31824291.13438615,13804.878048780487,9407964.592385896,31824201.72558498,14780.48780487805,9407622.494727826,31823261.819994185,14780.48780487805
9408012.816883773,31824716.382780965,14292.682926829268,6.1930432169853855,9407718.94372358,31824291.13438615,13804.878048780487,9408061.04138165,31825231.039976943,13804.878048780487,9408306.690043963,31825141.631175775,14780.48780487805,9407964.592385896,31824201.72558498,14780.48780487805
9408354.914541842,31825656.288371757,14292.682926829268,6.6655208948941125,9408061.04138165,31825231.039976943,13804.878048780487,9408403.13903972,31826170.94556774,13804.878048780487,9408648.787702033,31826081.536766566,14780.48780487805,9408306.690043963,31825141.631175775,14780.48780487805
9408697.01219991,31826596.193962548,14292.682926829268,6.818046359729572,9408403.13903972,31826170.94556774,13804.878048780487,9408745.236697787,31827110.85115853,13804.878048780487,9408990.885360103,31827021.44235736,14780.48780487805,9408648.787702033,31826081.536766566,14780.48780487805
9409039.10985798,31827536.09955334,14292.682926829268,6.804370251217553,9408745.236697787,31827110.85115853,13804.878048780487,9409087.334355857,31828050.756749325,13804.878048780487,9409332.983018171,31827961.347948156,14780.48780487805,9408990.885360103,31827021.44235736,14780.48780487805
9409381.20751605,31828476.005144138,14292.682926829268,5.54849954234228,9409087.334355857,31828050.756749325,13804.878048780487,9409429.432013927,31828990.66234012,13804.878048780487,9409675.08067624,31828901.253538948,14780.48780487805,9409332.983018171,31827961.347948156,14780.48780487805
9409723.305174118,31829415.910734933,14292.682926829268,5.180539262052936,9409429.432013927,31828990.66234012,13804.878048780487,9409771.529671995,31829930.56793091,13804.878048780487,9410017.17833431,31829841.159129743,14780.48780487805,9409675.08067624,31828901.253538948,14780.48780487805
9410065.402832188,31830355.81632572,14292.682926829268,5.685768093652966,9409771.529671995,31829930.56793091,13804.878048780487,9410113.627330065,31830870.473521702,13804.878048780487,9410359.275992379,31830781.064720534,14780.48780487805,9410017.17833431,31829841.159129743,14780.48780487805
9410407.500490258,31831295.72191652,14292.682926829268,6.460511964242807,9410113.627330065,31830870.473521702,13804.878048780487,9410455.724988135,31831810.3791125,13804.878048780487,9410701.373650448,31831720.97031133,14780.48780487805,9410359.275992379,31830781.064720534,14780.48780487805
9410749.598148325,31832235.62750731,14292.682926829268,7.152098734907895,9410455.724988135,31831810.3791125,13804.878048780487,9410797.822646203,31832750.284703292,13804.878048780487,9411043.471308518,31832660.875902124,14780.48780487805,9410701.373650448,31831720.97031133,14780.48780487805
9411091.695806395,31833175.5330981,14292.682926829268,7.314602103623835,9410797.822646203,31832750.284703292,13804.878048780487,9411139.920304272,31833690.190294083,13804.878048780487,9411385.568966586,31833600.781492915,14780.48780487805,9411043.471308518,31832660.875902124,14780.48780487805
9411433.793464465,31834115.438688897,14292.682926829268,8.019184032330257,9411139.920304272,31833690.190294083,13804.878048780487,9411482.017962342,31834630.095884882,13804.878048780487,9411727.666624656,31834540.68708371,14780.48780487805,9411385.568966586,31833600.781492915,14780.48780487805
9411775.891122533,31835055.34427969,14292.682926829268,7.711057540233454,9411482.017962342,31834630.095884882,13804.878048780487,9411824.115620412,31835570.001475673,13804.878048780487,9412069.764282726,31835480.5926745,14780.48780487805,9411727.666624656,31834540.68708371,14780.48780487805
9412117.988780603,31835995.249870487,14292.682926829268,6.755147859940019,9411824.115620412,31835570.001475673,13804.878048780487,9412166.21327848,31836509.907066464,13804.878048780487,9412411.861940794,31836420.498265296,14780.48780487805,9412069.764282726,31835480.5926745,14780.48780487805
9412460.086438673,31836935.155461278,14292.682926829268,6.527837918415346,9412166.21327848,31836509.907066464,13804.878048780487,9412508.31093655,31837449.81265726,13804.878048780487,9412753.959598863,31837360.403856087,14780.48780487805,9412411.861940794,31836420.498265296,14780.48780487805
9412802.18409674,31837875.061052073,14292.682926829268,6.363624095588653,9412508.31093655,31837449.81265726,13804.878048780487,9412850.40859462,31838389.718248054,13804.878048780487,9413096.057256933,31838300.309446882,14780.48780487805,9412753.959598863,31837360.403856087,14780.48780487805
9413144.28175481,31838814.966642864,14292.682926829268,5.962896968562167,9412850.40859462,31838389.718248054,13804.878048780487,9413192.506252687,31839329.623838846,13804.878048780487,9413438.154915001,31839240.215037677,14780.48780487805,9413096.057256933,31838300.309446882,14780.48780487805
9413486.37941288,31839754.87223366,14292.682926829268,6.145114221025519,9413192.506252687,31839329.623838846,13804.878048780487,9413534.603910757,31840269.52942964,13804.878048780487,9413780.252573071,31840180.12062847,14780.48780487805,9413438.154915001,31839240.215037677,14780.48780487805
9413828.477070948,31840694.77782445,14292.682926829268,5.560202195973336,9413534.603910757,31840269.52942964,13804.878048780487,9413876.701568827,31841209.435020432,13804.878048780487,9414122.35023114,31841120.02621926,14780.48780487805,9413780.252573071,31840180.12062847,14780.48780487805
9414170.574729018,31841634.68341524,14292.682926829268,5.417238574954682,9413876.701568827,31841209.435020432,13804.878048780487,9414218.799226895,31842149.340611223,13804.878048780487,9414464.447889209,31842059.931810055,14780.48780487805,9414122.35023114,31841120.02621926,14780.48780487805
9414512.672387088,31842574.589006037,14292.682926829268,5.078306141173394,9414218.799226895,31842149.340611223,13804.878048780487,9414560.896884965,31843089.24620202,13804.878048780487,9414806.545547279,31842999.83740085,14780.48780487805,9414464.447889209,31842059.931810055,14780.48780487805
9414854.770045156,31843514.49459683,14292.682926829268,4.232657076899351,9414560.896884965,31843089.24620202,13804.878048780487,9414902.994543035,31844029.151792813,13804.878048780487,9415148.643205348,31843939.74299164,14780.48780487805,9414806.545547279,31842999.83740085,14780.48780487805
9415196.867703225,31844454.400187626,14292.682926829268,4.5203392556146005,9414902.994543035,31844029.151792813,13804.878048780487,9415245.092201103,31844969.057383608,13804.878048780487,9415490.740863418,31844879.64858244,14780.48780487805,9415148.643205348,31843939.74299164,14780.48780487805
9415538.965361295,31845394.30577842,14292.682926829268,5.240295995276816,9415245.092201103,31844969.057383608,13804.878048780487,9415587.189859172,31845908.962974403,13804.878048780487,9415832.838521486,31845819.55417323,14780.48780487805,9415490.740863418,31844879.64858244,14780.48780487805
9415881.063019363,31846334.211369213,14292.682926829268,5.498621322458392,9415587.189859172,31845908.962974403,13804.878048780487,9415929.287517242,31846848.868565194,13804.878048780487,9416174.936179558,31846759.459764022,14780.48780487805,9415832.838521486,31845819.55417323,14780.48780487805
9416223.160677435,31847274.116960004,14292.682926829268,5.839923980744216,9415929.287517242,31846848.868565194,13804.878048780487,9416271.38517531,31847788.774155986,13804.878048780487,9416517.033837626,31847699.365354817,14780.48780487805,9416174.936179558,31846759.459764022,14780.48780487805
9416565.258335503,31848214.0225508,14292.682926829268,5.633357462345043,9416271.38517531,31847788.774155986,13804.878048780487,9416613.48283338,31848728.679746777,13804.878048780487,9416859.131495694,31848639.27094561,14780.48780487805,9416517.033837626,31847699.365354817,14780.48780487805
9416907.35599357,31849153.92814159,14292.682926829268,4.8430333781588955,9416613.48283338,31848728.679746777,13804.878048780487,9416955.58049145,31849668.585337576,13804.878048780487,9417201.229153765,31849579.176536404,14780.48780487805,9416859.131495694,31848639.27094561,14780.48780487805
9417249.453651642,31850093.833732385,14292.682926829268,3.803035206664992,9416955.58049145,31849668.585337576,13804.878048780487,9417297.678149518,31850608.490928367,13804.878048780487,9417543.326811833,31850519.0821272,14780.48780487805,9417201.229153765,31849579.176536404,14780.48780487805
9417591.551309712,31851033.739323176,14292.682926829268,3.5807726112722813,9417297.678149518,31850608.490928367,13804.878048780487,9417639.775807587,31851548.396519158,13804.878048780487,9417885.424469901,31851458.98771799,14780.48780487805,9417543.326811833,31850519.0821272,14780.48780487805
9417933.648967778,31851973.64491397,14292.682926829268,3.3436676113728456,9417639.775807587,31851548.396519158,13804.878048780487,9417981.873465657,31852488.302109957,13804.878048780487,9418227.522127973,31852398.893308785,14780.48780487805,9417885.424469901,31851458.98771799,14780.48780487805
9418275.74662585,31852913.550504766,14292.682926829268,3.27349733258095,9417981.873465657,31852488.302109957,13804.878048780487,9418323.971123725,31853428.207700748,13804.878048780487,9418569.61978604,31853338.79889958,14780.48780487805,9418227.522127973,31852398.893308785,14780.48780487805
9418617.84428392,31853853.45609556,14292.682926829268,3.338127683023557,9418323.971123725,31853428.207700748,13804.878048780487,9418666.068781795,31854368.11329154,13804.878048780487,9418911.71744411,31854278.70449037,14780.48780487805,9418569.61978604,31853338.79889958,14780.48780487805
9418959.941941988,31854793.361686353,14292.682926829268,4.0043500827566305,9418666.068781795,31854368.11329154,13804.878048780487,9419008.166439865,31855308.018882334,13804.878048780487,9419253.81510218,31855218.610081162,14780.48780487805,9418911.71744411,31854278.70449037,14780.48780487805
9419302.039600056,31855733.267277144,14292.682926829268,4.6980094723765475,9419008.166439865,31855308.018882334,13804.878048780487,9419350.264097933,31856247.92447313,13804.878048780487,9419595.912760248,31856158.51567196,14780.48780487805,9419253.81510218,31855218.610081162,14780.48780487805
9419644.137258127,31856673.17286794,14292.682926829268,5.147407946750566,9419350.264097933,31856247.92447313,13804.878048780487,9419692.361756003,31857187.83006392,13804.878048780487,9419938.010418318,31857098.421262752,14780.48780487805,9419595.912760248,31856158.51567196,14780.48780487805
9419986.234916195,31857613.07845873,14292.682926829268,4.8455987543281225,9419692.361756003,31857187.83006392,13804.878048780487,9420034.459414072,31858127.735654715,13804.878048780487,9420280.108076388,31858038.326853544,14780.48780487805,9419938.010418318,31857098.421262752,14780.48780487805
9420328.332574265,31858552.984049525,14292.682926829268,4.999574378658134,9420034.459414072,31858127.735654715,13804.878048780487,9420376.55707214,31859067.64124551,13804.878048780487,9420622.205734456,31858978.232444342,14780.48780487805,9420280.108076388,31858038.326853544,14780.48780487805
9420670.430232333,31859492.88964032,14292.682926829268,4.908646511839128,9420376.55707214,31859067.64124551,13804.878048780487,9420718.65473021,31860007.5468363,13804.878048780487,9420964.303392526,31859918.138035133,14780.48780487805,9420622.205734456,31858978.232444342,14780.48780487805
9421012.527890403,31860432.795231115,14292.682926829268,4.300926990048019,9420718.65473021,31860007.5468363,13804.878048780487,9421060.75238828,31860947.452427097,13804.878048780487,9421306.401050596,31860858.043625925,14780.48780487805,9420964.303392526,31859918.138035133,14780.48780487805
9421354.625548473,31861372.700821906,14292.682926829268,3.893539743534263,9421060.75238828,31860947.452427097,13804.878048780487,9421402.850046348,31861887.358017888,13804.878048780487,9421648.498708664,31861797.949216716,14780.48780487805,9421306.401050596,31860858.043625925,14780.48780487805
9421696.723206542,31862312.606412698,14292.682926829268,3.9671090204380617,9421402.850046348,31861887.358017888,13804.878048780487,9421744.947704418,31862827.263608683,13804.878048780487,9421990.596366733,31862737.854807515,14780.48780487805,9421648.498708664,31861797.949216716,14780.48780487805
9422038.82086461,31863252.512003496,14292.682926829268,3.816399700562294,9421744.947704418,31862827.263608683,13804.878048780487,9422087.04536249,31863767.169199478,13804.878048780487,9422332.694024803,31863677.760398306,14780.48780487805,9421990.596366733,31862737.854807515,14780.48780487805
9422380.91852268,31864192.417594284,14292.682926829268,3.36029948980541,9422087.04536249,31863767.169199478,13804.878048780487,9422429.143020555,31864707.07479027,13804.878048780487,9422674.791682871,31864617.665989097,14780.48780487805,9422332.694024803,31863677.760398306,14780.48780487805
9422723.01618075,31865132.32318508,14292.682926829268,3.2442911348280847,9422429.143020555,31864707.07479027,13804.878048780487,9422771.240678627,31865646.98038106,13804.878048780487,9423016.88934094,31865557.571579892,14780.48780487805,9422674.791682871,31864617.665989097,14780.48780487805
9423065.113838818,31866072.228775878,14292.682926829268,3.7025855949693924,9422771.240678627,31865646.98038106,13804.878048780487,9423113.338336697,31866586.88597186,13804.878048780487,9423358.98699901,31866497.477170687,14780.48780487805,9423016.88934094,31865557.571579892,14780.48780487805
9423407.211496888,31867012.13436667,14292.682926829268,3.7617591055508286,9423113.338336697,31866586.88597186,13804.878048780487,9423455.435994763,31867526.79156265,13804.878048780487,9423701.084657079,31867437.38276148,14780.48780487805,9423358.98699901,31866497.477170687,14780.48780487805
9423749.309154958,31867952.03995746,14292.682926829268,3.5098186751717173,9423455.435994763,31867526.79156265,13804.878048780487,9423797.533652835,31868466.69715344,13804.878048780487,9424043.182315148,31868377.288352273,14780.48780487805,9423701.084657079,31867437.38276148,14780.48780487805
9424091.406813025,31868891.945548255,14292.682926829268,3.3250826544587877,9423797.533652835,31868466.69715344,13804.878048780487,9424139.631310904,31869406.60274424,13804.878048780487,9424385.279973218,31869317.19394307,14780.48780487805,9424043.182315148,31868377.288352273,14780.48780487805
9424433.504471095,31869831.85113905,14292.682926829268,2.7527560596422096,9424139.631310904,31869406.60274424,13804.878048780487,9424481.72896897,31870346.50833503,13804.878048780487,9424727.377631286,31870257.09953386,14780.48780487805,9424385.279973218,31869317.19394307,14780.48780487805
9424775.602129165,31870771.756729838,14292.682926829268,2.0851067554063327,9424481.72896897,31870346.50833503,13804.878048780487,9424823.826627042,31871286.413925823,13804.878048780487,9425069.475289356,31871197.005124655,14780.48780487805,9424727.377631286,31870257.09953386,14780.48780487805
9425117.699787233,31871711.662320636,14292.682926829268,1.714973381688851,9424823.826627042,31871286.413925823,13804.878048780487,9425165.924285112,31872226.319516618,13804.878048780487,9425411.572947426,31872136.910715446,14780.48780487805,9425069.475289356,31871197.005124655,14780.48780487805
9425459.797445303,31872651.56791143,14292.682926829268,1.5489100661977746,9425165.924285112,31872226.319516618,13804.878048780487,9425508.02194318,31873166.225107413,13804.878048780487,9425753.670605494,31873076.81630624,14780.48780487805,9425411.572947426,31872136.910715446,14780.48780487805
9425801.895103373,31873591.473502222,14292.682926829268,1.8220210568403492,9425508.02194318,31873166.225107413,13804.878048780487,9425850.11960125,31874106.130698204,13804.878048780487,9426095.768263564,31874016.721897036,14780.48780487805,9425753.670605494,31873076.81630624,14780.48780487805
9426143.99276144,31874531.379093017,14292.682926829268,2.0317060072831894,9425850.11960125,31874106.130698204,13804.878048780487,9426192.217259318,31875046.036288995,13804.878048780487,9426437.865921633,31874956.627487827,14780.48780487805,9426095.768263564,31874016.721897036,14780.48780487805
9426486.09041951,31875471.28468381,14292.682926829268,1.674884221760423,9426192.217259318,31875046.036288995,13804.878048780487,9426534.314917387,31875985.941879794,13804.878048780487,9426779.963579701,31875896.533078622,14780.48780487805,9426437.865921633,31874956.627487827,14780.48780487805
9426828.18807758,31876411.190274604,14292.682926829268,1.5675590671096944,9426534.314917387,31875985.941879794,13804.878048780487,9426876.412575457,31876925.847470585,13804.878048780487,9427122.061237771,31876836.438669417,14780.48780487805,9426779.963579701,31875896.533078622,14780.48780487805
9427170.285735648,31877351.095865395,14292.682926829268,1.2890212078516887,9426876.412575457,31876925.847470585,13804.878048780487,9427218.510233525,31877865.753061377,13804.878048780487,9427464.15889584,31877776.34426021,14780.48780487805,9427122.061237771,31876836.438669417,14780.48780487805
9427512.383393718,31878291.00145619,14292.682926829268,1.3132429833799255,9427218.510233525,31877865.753061377,13804.878048780487,9427560.607891595,31878805.65865217,13804.878048780487,9427806.256553909,31878716.249851,14780.48780487805,9427464.15889584,31877776.34426021,14780.48780487805
9427854.481051788,31879230.907046985,14292.682926829268,1.474617633610387,9427560.607891595,31878805.65865217,13804.878048780487,9427902.705549665,31879745.564242963,13804.878048780487,9428148.354211979,31879656.155441795,14780.48780487805,9427806.256553909,31878716.249851,14780.48780487805
9428196.578709856,31880170.812637776,14292.682926829268,1.8476920850304437,9427902.705549665,31879745.564242963,13804.878048780487,9428244.803207733,31880685.469833758,13804.878048780487,9428490.451870048,31880596.06103259,14780.48780487805,9428148.354211979,31879656.155441795,14780.48780487805
9428538.676367925,31881110.71822857,14292.682926829268,2.36683382109798,9428244.803207733,31880685.469833758,13804.878048780487,9428586.900865803,31881625.375424553,13804.878048780487,9428832.549528116,31881535.96662338,14780.48780487805,9428490.451870048,31880596.06103259,14780.48780487805
9428880.774025995,31882050.623819362,14292.682926829268,2.725259423104743,9428586.900865803,31881625.375424553,13804.878048780487,9428928.998523872,31882565.281015348,13804.878048780487,9429174.647186188,31882475.87221418,14780.48780487805,9428832.549528116,31881535.96662338,14780.48780487805
9429222.871684063,31882990.529410157,14292.682926829268,3.115236853680674,9428928.998523872,31882565.281015348,13804.878048780487,9429271.09618194,31883505.186606135,13804.878048780487,9429516.744844256,31883415.77780497,14780.48780487805,9429174.647186188,31882475.87221418,14780.48780487805
9429564.969342133,31883930.43500095,14292.682926829268,3.6114913917135683,9429271.09618194,31883505.186606135,13804.878048780487,9429613.19384001,31884445.092196934,13804.878048780487,9429858.842502326,31884355.683395762,14780.48780487805,9429516.744844256,31883415.77780497,14780.48780487805
9429907.067000203,31884870.340591744,14292.682926829268,3.6443434433705826,9429613.19384001,31884445.092196934,13804.878048780487,9429955.29149808,31885384.997787725,13804.878048780487,9430200.940160396,31885295.588986557,14780.48780487805,9429858.842502326,31884355.683395762,14780.48780487805
9430249.16465827,31885810.24618254,14292.682926829268,3.2080258813481692,9429955.29149808,31885384.997787725,13804.878048780487,9430297.389156148,31886324.903378516,13804.878048780487,9430543.037818464,31886235.49457735,14780.48780487805,9430200.940160396,31885295.588986557,14780.48780487805
9430591.26231634,31886750.15177333,14292.682926829268,2.813729003596602,9430297.389156148,31886324.903378516,13804.878048780487,9430639.486814218,31887264.808969315,13804.878048780487,9430885.135476533,31887175.400168143,14780.48780487805,9430543.037818464,31886235.49457735,14780.48780487805
9430933.359974412,31887690.057364125,14292.682926829268,2.1442643446570706,9430639.486814218,31887264.808969315,13804.878048780487,9430981.584472287,31888204.714560106,13804.878048780487,9431227.233134603,31888115.305758934,14780.48780487805,9430885.135476533,31887175.400168143,14780.48780487805
9431275.457632478,31888629.962954916,14292.682926829268,1.5680271615596024,9430981.584472287,31888204.714560106,13804.878048780487,9431323.682130355,31889144.620150898,13804.878048780487,9431569.330792671,31889055.21134973,14780.48780487805,9431227.233134603,31888115.305758934,14780.48780487805
9431617.555290548,31889569.86854571,14292.682926829268,1.5703370058736645,9431323.682130355,31889144.620150898,13804.878048780487,9431665.779788425,31890084.525741693,13804.878048780487,9431911.42845074,31889995.11694052,14780.48780487805,9431569.330792671,31889055.21134973,14780.48780487805
9431959.65294862,31890509.774136502,14292.682926829268,1.3188108700264476,9431665.779788425,31890084.525741693,13804.878048780487,9432007.877446495,31891024.431332488,13804.878048780487,9432253.52610881,31890935.022531316,14780.48780487805,9431911.42845074,31889995.11694052,14780.48780487805
9432301.750606688,31891449.679727297,14292.682926829268,0.8717787957692253,9432007.877446495,31891024.431332488,13804.878048780487,9432349.975104563,31891964.33692328,13804.878048780487,9432595.62376688,31891874.92812211,14780.48780487805,9432253.52610881,31890935.022531316,14780.48780487805
9432643.848264756,31892389.585318096,14292.682926829268,0.6524406110557153,9432349.975104563,31891964.33692328,13804.878048780487,9432692.072762633,31892904.242514074,13804.878048780487,9432937.721424948,31892814.833712902,14780.48780487805,9432595.62376688,31891874.92812211,14780.48780487805
9432985.945922827,31893329.490908884,14292.682926829268,0.4437598773028026,9432692.072762633,31892904.242514074,13804.878048780487,9433034.170420703,31893844.14810487,13804.878048780487,9433279.819083018,31893754.739303697,14780.48780487805,9432937.721424948,31892814.833712902,14780.48780487805
9433328.043580895,31894269.39649968,14292.682926829268,0.3161697516223242,9433034.170420703,31893844.14810487,13804.878048780487,9433376.26807877,31894784.05369566,13804.878048780487,9433621.916741088,31894694.644894492,14780.48780487805,9433279.819083018,31893754.739303697,14780.48780487805
9433670.141238965,31895209.302090473,14292.682926829268,0.337754011561723,9433376.26807877,31894784.05369566,13804.878048780487,9433718.36573684,31895723.959286455,13804.878048780487,9433964.014399156,31895634.550485283,14780.48780487805,9433621.916741088,31894694.644894492,14780.48780487805
9434012.238897033,31896149.207681265,14292.682926829268,0.36184912296415056,9433718.36573684,31895723.959286455,13804.878048780487,9434060.46339491,31896663.864877246,13804.878048780487,9434306.112057226,31896574.456076074,14780.48780487805,9433964.014399156,31895634.550485283,14780.48780487805
9434354.336555103,31897089.113272056,14292.682926829268,0.352286260514021,9434060.46339491,31896663.864877246,13804.878048780487,9434402.561052978,31897603.77046804,13804.878048780487,9434648.209715296,31897514.361666873,14780.48780487805,9434306.112057226,31896574.456076074,14780.48780487805
9434696.434213173,31898029.018862855,14292.682926829268,0.34910207342992516,9434402.561052978,31897603.77046804,13804.878048780487,9434744.658711048,31898543.676058836,13804.878048780487,9434990.307373364,31898454.267257664,14780.48780487805,9434648.209715296,31897514.361666873,14780.48780487805
9435038.53187124,31898968.92445365,14292.682926829268,0.3888973161779802,9434744.658711048,31898543.676058836,13804.878048780487,9435086.756369118,31899483.581649628,13804.878048780487,9435332.405031433,31899394.172848456,14780.48780487805,9434990.307373364,31898454.267257664,14780.48780487805
9435380.629529309,31899908.830044437,14292.682926829268,0.4946400787110481,9435086.756369118,31899483.581649628,13804.878048780487,9435428.854027186,31900423.487240423,13804.878048780487,9435674.502689503,31900334.078439254,14780.48780487805,9435332.405031433,31899394.172848456,14780.48780487805
9435722.72718738,31900848.735635236,14292.682926829268,0.3658889273343516,9435428.854027186,31900423.487240423,13804.878048780487,9435770.951685257,31901363.392831214,13804.878048780487,9436016.600347571,31901273.984030046,14780.48780487805,9435674.502689503,31900334.078439254,14780.48780487805
9436064.824845448,31901788.641226027,14292.682926829268,0.30311474214023176,9435770.951685257,31901363.392831214,13804.878048780487,9436113.049343325,31902303.29842201,13804.878048780487,9436358.69800564,31902213.889620837,14780.48780487805,9436016.600347571,31901273.984030046,14780.48780487805
9436406.922503518,31902728.54681682,14292.682926829268,0.3054166558583755,9436113.049343325,31902303.29842201,13804.878048780487,9436455.147001395,31903243.2040128,13804.878048780487,9436700.79566371,31903153.79521163,14780.48780487805,9436358.69800564,31902213.889620837,14780.48780487805
9436749.020161588,31903668.452407613,14292.682926829268,0.30175055908132276,9436455.147001395,31903243.2040128,13804.878048780487,9436797.244659465,31904183.109603595,13804.878048780487,9437042.893321779,31904093.700802427,14780.48780487805,9436700.79566371,31903153.79521163,14780.48780487805
9437091.117819656,31904608.35799841,14292.682926829268,0.2513398875473178,9436797.244659465,31904183.109603595,13804.878048780487,9437139.342317533,31905123.01519439,13804.878048780487,9437384.990979848,31905033.606393218,14780.48780487805,9437042.893321779,31904093.700802427,14780.48780487805
9437433.215477725,31905548.263589203,14292.682926829268,0.2340938853919696,9437139.342317533,31905123.01519439,13804.878048780487,9437481.439975603,31906062.92078518,13804.878048780487,9437727.088637918,31905973.511984013,14780.48780487805,9437384.990979848,31905033.606393218,14780.48780487805
9437775.313135795,31906488.169179995,14292.682926829268,0.21461556459828,9437481.439975603,31906062.92078518,13804.878048780487,9437823.537633672,31907002.826375976,13804.878048780487,9438069.186295986,31906913.417574808,14780.48780487805,9437727.088637918,31905973.511984013,14780.48780487805
9438117.410793863,31907428.07477079,14292.682926829268,0.21486352371407014,9437823.537633672,31907002.826375976,13804.878048780487,9438165.635291742,31907942.73196677,13804.878048780487,9438411.283954056,31907853.3231656,14780.48780487805,9438069.186295986,31906913.417574808,14780.48780487805
9438459.508451933,31908367.98036158,14292.682926829268,0.20610096408375514,9438165.635291742,31907942.73196677,13804.878048780487,9438507.73294981,31908882.637557562,13804.878048780487,9438753.381612126,31908793.228756394,14780.48780487805,9438411.283954056,31907853.3231656,14780.48780487805
9438801.606110003,31909307.885952372,14292.682926829268,0.16800409920542386,9438507.73294981,31908882.637557562,13804.878048780487,9438849.83060788,31909822.543148354,13804.878048780487,9439095.479270194,31909733.134347185,14780.48780487805,9438753.381612126,31908793.228756394,14780.48780487805
9439143.70376807,31910247.791543167,14292.682926829268,0.1670559964477446,9438849.83060788,31909822.543148354,13804.878048780487,9439191.92826595,31910762.448739152,13804.878048780487,9439437.576928264,31910673.03993798,14780.48780487805,9439095.479270194,31909733.134347185,14780.48780487805
9439485.80142614,31911187.697133962,14292.682926829268,0.1937608572562812,9439191.92826595,31910762.448739152,13804.878048780487,9439534.025924018,31911702.354329944,13804.878048780487,9439779.674586333,31911612.945528775,14780.48780487805,9439437.576928264,31910673.03993798,14780.48780487805
9439827.89908421,31912127.602724757,14292.682926829268,0.15242008191740222,9439534.025924018,31911702.354329944,13804.878048780487,9439876.123582087,31912642.259920735,13804.878048780487,9440121.772244401,31912552.851119567,14780.48780487805,9439779.674586333,31911612.945528775,14780.48780487805
9440169.996742278,31913067.50831555,14292.682926829268,0.14538831749928613,9439876.123582087,31912642.259920735,13804.878048780487,9440218.221240157,31913582.16551153,13804.878048780487,9440463.869902471,31913492.75671036,14780.48780487805,9440121.772244401,31912552.851119567,14780.48780487805
9440512.094400348,31914007.413906336,14292.682926829268,0.13774018578687264,9440218.221240157,31913582.16551153,13804.878048780487,9440560.318898225,31914522.07110232,13804.878048780487,9440805.96756054,31914432.662301153,14780.48780487805,9440463.869902471,31913492.75671036,14780.48780487805
9440854.192058418,31914947.31949713,14292.682926829268,0.17722720487145463,9440560.318898225,31914522.07110232,13804.878048780487,9440902.416556295,31915461.976693116,13804.878048780487,9441148.065218609,31915372.567891948,14780.48780487805,9440805.96756054,31914432.662301153,14780.48780487805
9441196.289716486,31915887.22508793,14292.682926829268,0.16703858300460192,9440902.416556295,31915461.976693116,13804.878048780487,9441244.514214365,31916401.88228391,13804.878048780487,9441490.162876679,31916312.47348274,14780.48780487805,9441148.065218609,31915372.567891948,14780.48780487805
9441538.387374556,31916827.13067872,14292.682926829268,0.2060795260312003,9441244.514214365,31916401.88228391,13804.878048780487,9441586.611872433,31917341.787874706,13804.878048780487,9441832.260534748,31917252.379073534,14780.48780487805,9441490.162876679,31916312.47348274,14780.48780487805
9441880.485032625,31917767.036269516,14292.682926829268,0.27789372921410727,9441586.611872433,31917341.787874706,13804.878048780487,9441928.709530503,31918281.693465497,13804.878048780487,9442174.358192816,31918192.28466433,14780.48780487805,9441832.260534748,31917252.379073534,14780.48780487805
9442222.582690693,31918706.941860314,14292.682926829268,0.2713423326128862,9441928.709530503,31918281.693465497,13804.878048780487,9442270.807188572,31919221.599056292,13804.878048780487,9442516.455850886,31919132.19025512,14780.48780487805,9442174.358192816,31918192.28466433,14780.48780487805
9442564.680348763,31919646.847451102,14292.682926829268,0.26195548731739426,9442270.807188572,31919221.599056292,13804.878048780487,9442612.90484664,31920161.504647084,13804.878048780487,9442858.553508956,31920072.09584591,14780.48780487805,9442516.455850886,31919132.19025512,14780.48780487805
9442906.778006835,31920586.75304189,14292.682926829268,0.3421832767260334,9442612.90484664,31920161.504647084,13804.878048780487,9442955.00250471,31921101.410237875,13804.878048780487,9443200.651167024,31921012.001436707,14780.48780487805,9442858.553508956,31920072.09584591,14780.48780487805
9443248.875664901,31921526.65863269,14292.682926829268,0.33688647131901045,9442955.00250471,31921101.410237875,13804.878048780487,9443297.10016278,31922041.315828674,13804.878048780487,9443542.748825094,31921951.9070275,14780.48780487805,9443200.651167024,31921012.001436707,14780.48780487805
9443590.97332297,31922466.564223483,14292.682926829268,0.3421306135394386,9443297.10016278,31922041.315828674,13804.878048780487,9443639.197820848,31922981.221419465,13804.878048780487,9443884.846483164,31922891.812618293,14780.48780487805,9443542.748825094,31921951.9070275,14780.48780487805
9443933.07098104,31923406.469814274,14292.682926829268,0.3164648357257567,9443639.197820848,31922981.221419465,13804.878048780487,9443981.295478918,31923921.127010256,13804.878048780487,9444226.944141231,31923831.718209088,14780.48780487805,9443884.846483164,31922891.812618293,14780.48780487805
9444275.168639109,31924346.375405073,14292.682926829268,0.39247309081776566,9443981.295478918,31923921.127010256,13804.878048780487,9444323.393136987,31924861.032601055,13804.878048780487,9444569.041799303,31924771.623799883,14780.48780487805,9444226.944141231,31923831.718209088,14780.48780487805
9444617.266297178,31925286.28099587,14292.682926829268,0.47611727481563687,9444323.393136987,31924861.032601055,13804.878048780487,9444665.490795055,31925800.938191846,13804.878048780487,9444911.139457371,31925711.529390674,14780.48780487805,9444569.041799303,31924771.623799883,14780.48780487805
9403811.195991188,31812408.201299477,15268.29268292683,3.6179205174522258,9403517.322830996,31811982.952904664,14780.48780487805,9403859.420489065,31812922.85849546,14780.48780487805,9404105.06915138,31812833.449694287,15756.09756097561,9403762.97149331,31811893.544103496,15756.09756097561
9404153.293649256,31813348.10689027,15268.29268292683,4.16760764113718,9403859.420489065,31812922.85849546,14780.48780487805,9404201.518147133,31813862.76408625,14780.48780487805,9404447.166809449,31813773.355285082,15756.09756097561,9404105.06915138,31812833.449694287,15756.09756097561
9404495.391307326,31814288.012481064,15268.29268292683,4.64992212497571,9404201.518147133,31813862.76408625,14780.48780487805,9404543.615805203,31814802.669677045,14780.48780487805,9404789.264467517,31814713.260875877,15756.09756097561,9404447.166809449,31813773.355285082,15756.09756097561
9404837.488965396,31815227.91807186,15268.29268292683,4.905487762441374,9404543.615805203,31814802.669677045,14780.48780487805,9404885.713463273,31815742.57526784,14780.48780487805,9405131.362125587,31815653.16646667,15756.09756097561,9404789.264467517,31814713.260875877,15756.09756097561
9405179.586623464,31816167.823662654,15268.29268292683,5.298196739650534,9404885.713463273,31815742.57526784,14780.48780487805,9405227.811121343,31816682.480858635,14780.48780487805,9405473.459783657,31816593.072057467,15756.09756097561,9405131.362125587,31815653.16646667,15756.09756097561
9405521.684281534,31817107.729253445,15268.29268292683,5.184960091601135,9405227.811121343,31816682.480858635,14780.48780487805,9405569.90877941,31817622.386449423,14780.48780487805,9405815.557441724,31817532.977648254,15756.09756097561,9405473.459783657,31816593.072057467,15756.09756097561
9405863.781939603,31818047.63484424,15268.29268292683,4.649637725334337,9405569.90877941,31817622.386449423,14780.48780487805,9405912.00643748,31818562.29204022,14780.48780487805,9406157.655099794,31818472.88323905,15756.09756097561,9405815.557441724,31817532.977648254,15756.09756097561
9406205.879597671,31818987.54043503,15268.29268292683,4.731050911726705,9405912.00643748,31818562.29204022,14780.48780487805,9406254.10409555,31819502.197631013,14780.48780487805,9406499.752757864,31819412.788829844,15756.09756097561,9406157.655099794,31818472.88323905,15756.09756097561
9406547.977255741,31819927.446025822,15268.29268292683,5.688610036815729,9406254.10409555,31819502.197631013,14780.48780487805,9406596.201753618,31820442.103221804,14780.48780487805,9406841.850415932,31820352.694420636,15756.09756097561,9406499.752757864,31819412.788829844,15756.09756097561
9406890.074913811,31820867.351616617,15268.29268292683,6.3969844266470215,9406596.201753618,31820442.103221804,14780.48780487805,9406938.299411688,31821382.008812603,14780.48780487805,9407183.948074002,31821292.60001143,15756.09756097561,9406841.850415932,31820352.694420636,15756.09756097561
9407232.172571879,31821807.257207412,15268.29268292683,6.025074342197362,9406938.299411688,31821382.008812603,14780.48780487805,9407280.397069756,31822321.914403394,14780.48780487805,9407526.045732072,31822232.505602222,15756.09756097561,9407183.948074002,31821292.60001143,15756.09756097561
9407574.270229949,31822747.162798207,15268.29268292683,5.864326730509925,9407280.397069756,31822321.914403394,14780.48780487805,9407622.494727826,31823261.819994185,14780.48780487805,9407868.14339014,31823172.411193017,15756.09756097561,9407526.045732072,31822232.505602222,15756.09756097561
9407916.367888018,31823687.068389,15268.29268292683,5.64186217224402,9407622.494727826,31823261.819994185,14780.48780487805,9407964.592385896,31824201.72558498,14780.48780487805,9408210.24104821,31824112.31678381,15756.09756097561,9407868.14339014,31823172.411193017,15756.09756097561
9408258.465546086,31824626.973979793,15268.29268292683,5.343433863192428,9407964.592385896,31824201.72558498,14780.48780487805,9408306.690043963,31825141.631175775,14780.48780487805,9408552.33870628,31825052.222374603,15756.09756097561,9408210.24104821,31824112.31678381,15756.09756097561
9408600.563204156,31825566.879570585,15268.29268292683,5.285463004525173,9408306.690043963,31825141.631175775,14780.48780487805,9408648.787702033,31826081.536766566,14780.48780487805,9408894.436364349,31825992.127965398,15756.09756097561,9408552.33870628,31825052.222374603,15756.09756097561
9408942.660862226,31826506.78516138,15268.29268292683,5.528810961234959,9408648.787702033,31826081.536766566,14780.48780487805,9408990.885360103,31827021.44235736,14780.48780487805,9409236.534022417,31826932.03355619,15756.09756097561,9408894.436364349,31825992.127965398,15756.09756097561
9409284.758520294,31827446.69075217,15268.29268292683,5.842327061985286,9408990.885360103,31827021.44235736,14780.48780487805,9409332.983018171,31827961.347948156,14780.48780487805,9409578.631680489,31827871.939146984,15756.09756097561,9409236.534022417,31826932.03355619,15756.09756097561
9409626.856178364,31828386.596342966,15268.29268292683,5.577071138677367,9409332.983018171,31827961.347948156,14780.48780487805,9409675.08067624,31828901.253538948,14780.48780487805,9409920.729338557,31828811.84473778,15756.09756097561,9409578.631680489,31827871.939146984,15756.09756097561
9409968.953836434,31829326.501933765,15268.29268292683,5.217276636022941,9409675.08067624,31828901.253538948,14780.48780487805,9410017.17833431,31829841.159129743,14780.48780487805,9410262.826996624,31829751.75032857,15756.09756097561,9409920.729338557,31828811.84473778,15756.09756097561
9410311.051494502,31830266.407524552,15268.29268292683,4.7773514383636435,9410017.17833431,31829841.159129743,14780.48780487805,9410359.275992379,31830781.064720534,14780.48780487805,9410604.924654696,31830691.65591936,15756.09756097561,9410262.826996624,31829751.75032857,15756.09756097561
9410653.149152573,31831206.313115347,15268.29268292683,4.498028803734688,9410359.275992379,31830781.064720534,14780.48780487805,9410701.373650448,31831720.97031133,14780.48780487805,9410947.022312764,31831631.56151016,15756.09756097561,9410604.924654696,31830691.65591936,15756.09756097561
9410995.246810641,31832146.218706142,15268.29268292683,4.284099175262771,9410701.373650448,31831720.97031133,14780.48780487805,9411043.471308518,31832660.875902124,14780.48780487805,9411289.119970832,31832571.46710095,15756.09756097561,9410947.022312764,31831631.56151016,15756.09756097561
9411337.34446871,31833086.124296933,15268.29268292683,5.274329294699089,9411043.471308518,31832660.875902124,14780.48780487805,9411385.568966586,31833600.781492915,14780.48780487805,9411631.217628904,31833511.372691743,15756.09756097561,9411289.119970832,31832571.46710095,15756.09756097561
9411679.44212678,31834026.029887725,15268.29268292683,5.8249184669119085,9411385.568966586,31833600.781492915,14780.48780487805,9411727.666624656,31834540.68708371,14780.48780487805,9411973.315286972,31834451.27828254,15756.09756097561,9411631.217628904,31833511.372691743,15756.09756097561
9412021.53978485,31834965.935478523,15268.29268292683,5.91423159004723,9411727.666624656,31834540.68708371,14780.48780487805,9412069.764282726,31835480.5926745,14780.48780487805,9412315.412945041,31835391.183873333,15756.09756097561,9411973.315286972,31834451.27828254,15756.09756097561
9412363.637442917,31835905.84106932,15268.29268292683,6.1494782030439294,9412069.764282726,31835480.5926745,14780.48780487805,9412411.861940794,31836420.498265296,14780.48780487805,9412657.510603111,31836331.089464124,15756.09756097561,9412315.412945041,31835391.183873333,15756.09756097561
9412705.735100988,31836845.746660106,15268.29268292683,5.803226059412509,9412411.861940794,31836420.498265296,14780.48780487805,9412753.959598863,31837360.403856087,14780.48780487805,9412999.60826118,31837270.99505492,15756.09756097561,9412657.510603111,31836331.089464124,15756.09756097561
9413047.832759058,31837785.652250905,15268.29268292683,5.694530643719308,9412753.959598863,31837360.403856087,14780.48780487805,9413096.057256933,31838300.309446882,14780.48780487805,9413341.705919249,31838210.900645714,15756.09756097561,9412999.60826118,31837270.99505492,15756.09756097561
9413389.930417126,31838725.557841696,15268.29268292683,6.005799129859682,9413096.057256933,31838300.309446882,14780.48780487805,9413438.154915001,31839240.215037677,14780.48780487805,9413683.803577319,31839150.806236506,15756.09756097561,9413341.705919249,31838210.900645714,15756.09756097561
9413732.028075194,31839665.463432487,15268.29268292683,5.483378052484272,9413438.154915001,31839240.215037677,14780.48780487805,9413780.252573071,31840180.12062847,14780.48780487805,9414025.901235387,31840090.7118273,15756.09756097561,9413683.803577319,31839150.806236506,15756.09756097561
9414074.125733266,31840605.36902328,15268.29268292683,5.044388402386394,9413780.252573071,31840180.12062847,14780.48780487805,9414122.35023114,31841120.02621926,14780.48780487805,9414367.998893457,31841030.617418095,15756.09756097561,9414025.901235387,31840090.7118273,15756.09756097561
9414416.223391334,31841545.274614077,15268.29268292683,5.185180109209921,9414122.35023114,31841120.02621926,14780.48780487805,9414464.447889209,31842059.931810055,14780.48780487805,9414710.096551526,31841970.523008883,15756.09756097561,9414367.998893457,31841030.617418095,15756.09756097561
9414758.321049403,31842485.180204865,15268.29268292683,5.492398538187044,9414464.447889209,31842059.931810055,14780.48780487805,9414806.545547279,31842999.83740085,14780.48780487805,9415052.194209594,31842910.42859968,15756.09756097561,9414710.096551526,31841970.523008883,15756.09756097561
9415100.418707471,31843425.08579566,15268.29268292683,5.030513047697623,9414806.545547279,31842999.83740085,14780.48780487805,9415148.643205348,31843939.74299164,14780.48780487805,9415394.291867664,31843850.334190473,15756.09756097561,9415052.194209594,31842910.42859968,15756.09756097561
9415442.516365541,31844364.99138646,15268.29268292683,4.913728514238375,9415148.643205348,31843939.74299164,14780.48780487805,9415490.740863418,31844879.64858244,14780.48780487805,9415736.389525734,31844790.239781268,15756.09756097561,9415394.291867664,31843850.334190473,15756.09756097561
9415784.614023611,31845304.89697725,15268.29268292683,5.066527836883651,9415490.740863418,31844879.64858244,14780.48780487805,9415832.838521486,31845819.55417323,14780.48780487805,9416078.487183802,31845730.145372063,15756.09756097561,9415736.389525734,31844790.239781268,15756.09756097561
9416126.711681679,31846244.80256804,15268.29268292683,5.4298107790426435,9415832.838521486,31845819.55417323,14780.48780487805,9416174.936179558,31846759.459764022,14780.48780487805,9416420.584841872,31846670.050962854,15756.09756097561,9416078.487183802,31845730.145372063,15756.09756097561
9416468.809339749,31847184.708158836,15268.29268292683,5.474251515858838,9416174.936179558,31846759.459764022,14780.48780487805,9416517.033837626,31847699.365354817,14780.48780487805,9416762.682499941,31847609.956553645,15756.09756097561,9416420.584841872,31846670.050962854,15756.09756097561
9416810.906997818,31848124.613749627,15268.29268292683,5.225834517384538,9416517.033837626,31847699.365354817,14780.48780487805,9416859.131495694,31848639.27094561,14780.48780487805,9417104.78015801,31848549.862144437,15756.09756097561,9416762.682499941,31847609.956553645,15756.09756097561
9417153.004655886,31849064.51934042,15268.29268292683,4.709176792356765,9416859.131495694,31848639.27094561,14780.48780487805,9417201.229153765,31849579.176536404,14780.48780487805,9417446.87781608,31849489.767735235,15756.09756097561,9417104.78015801,31848549.862144437,15756.09756097561
9417495.102313956,31850004.424931217,15268.29268292683,4.015924608731049,9417201.229153765,31849579.176536404,14780.48780487805,9417543.326811833,31850519.0821272,14780.48780487805,9417788.975474149,31850429.673326027,15756.09756097561,9417446.87781608,31849489.767735235,15756.09756097561
9417837.199972026,31850944.330522005,15268.29268292683,3.7668828709743614,9417543.326811833,31850519.0821272,14780.48780487805,9417885.424469901,31851458.98771799,14780.48780487805,9418131.073132217,31851369.578916818,15756.09756097561,9417788.975474149,31850429.673326027,15756.09756097561
9418179.297630094,31851884.2361128,15268.29268292683,4.529345704391678,9417885.424469901,31851458.98771799,14780.48780487805,9418227.522127973,31852398.893308785,14780.48780487805,9418473.170790287,31852309.484507617,15756.09756097561,9418131.073132217,31851369.578916818,15756.09756097561
9418521.395288164,31852824.1417036,15268.29268292683,5.074842392031058,9418227.522127973,31852398.893308785,14780.48780487805,9418569.61978604,31853338.79889958,14780.48780487805,9418815.268448357,31853249.390098408,15756.09756097561,9418473.170790287,31852309.484507617,15756.09756097561
9418863.492946234,31853764.04729439,15268.29268292683,5.607316301063444,9418569.61978604,31853338.79889958,14780.48780487805,9418911.71744411,31854278.70449037,14780.48780487805,9419157.366106424,31854189.2956892,15756.09756097561,9418815.268448357,31853249.390098408,15756.09756097561
9419205.590604302,31854703.95288518,15268.29268292683,6.07793738072916,9418911.71744411,31854278.70449037,14780.48780487805,9419253.81510218,31855218.610081162,14780.48780487805,9419499.463764494,31855129.201279994,15756.09756097561,9419157.366106424,31854189.2956892,15756.09756097561
9419547.688262371,31855643.858475976,15268.29268292683,6.36904810598112,9419253.81510218,31855218.610081162,14780.48780487805,9419595.912760248,31856158.51567196,14780.48780487805,9419841.561422564,31856069.10687079,15756.09756097561,9419499.463764494,31855129.201279994,15756.09756097561
9419889.785920441,31856583.76406677,15268.29268292683,6.1541636464061895,9419595.912760248,31856158.51567196,14780.48780487805,9419938.010418318,31857098.421262752,14780.48780487805,9420183.659080632,31857009.01246158,15756.09756097561,9419841.561422564,31856069.10687079,15756.09756097561
9420231.88357851,31857523.66965756,15268.29268292683,5.826572425080662,9419938.010418318,31857098.421262752,14780.48780487805,9420280.108076388,31858038.326853544,14780.48780487805,9420525.756738702,31857948.918052375,15756.09756097561,9420183.659080632,31857009.01246158,15756.09756097561
9420573.981236579,31858463.575248357,15268.29268292683,5.64198266693695,9420280.108076388,31858038.326853544,14780.48780487805,9420622.205734456,31858978.232444342,14780.48780487805,9420867.854396772,31858888.82364317,15756.09756097561,9420525.756738702,31857948.918052375,15756.09756097561
9420916.078894649,31859403.480839152,15268.29268292683,6.097182313378413,9420622.205734456,31858978.232444342,14780.48780487805,9420964.303392526,31859918.138035133,14780.48780487805,9421209.95205484,31859828.72923396,15756.09756097561,9420867.854396772,31858888.82364317,15756.09756097561
9421258.176552717,31860343.386429943,15268.29268292683,6.025341983436509,9420964.303392526,31859918.138035133,14780.48780487805,9421306.401050596,31860858.043625925,14780.48780487805,9421552.04971291,31860768.634824757,15756.09756097561,9421209.95205484,31859828.72923396,15756.09756097561
9421600.274210786,31861283.292020738,15268.29268292683,5.4373858039776115,9421306.401050596,31860858.043625925,14780.48780487805,9421648.498708664,31861797.949216716,14780.48780487805,9421894.14737098,31861708.540415548,15756.09756097561,9421552.04971291,31860768.634824757,15756.09756097561
9421942.371868856,31862223.19761153,15268.29268292683,4.92286598404118,9421648.498708664,31861797.949216716,14780.48780487805,9421990.596366733,31862737.854807515,14780.48780487805,9422236.245029047,31862648.446006343,15756.09756097561,9421894.14737098,31861708.540415548,15756.09756097561
9422284.469526924,31863163.103202324,15268.29268292683,5.090303043835479,9421990.596366733,31862737.854807515,14780.48780487805,9422332.694024803,31863677.760398306,14780.48780487805,9422578.342687119,31863588.351597138,15756.09756097561,9422236.245029047,31862648.446006343,15756.09756097561
9422626.567184996,31864103.008793116,15268.29268292683,5.2693587257405134,9422332.694024803,31863677.760398306,14780.48780487805,9422674.791682871,31864617.665989097,14780.48780487805,9422920.440345187,31864528.25718793,15756.09756097561,9422578.342687119,31863588.351597138,15756.09756097561
9422968.664843064,31865042.91438391,15268.29268292683,5.202653856843801,9422674.791682871,31864617.665989097,14780.48780487805,9423016.88934094,31865557.571579892,14780.48780487805,9423262.538003257,31865468.162778724,15756.09756097561,9422920.440345187,31864528.25718793,15756.09756097561
9423310.762501134,31865982.819974706,15268.29268292683,4.687881744281656,9423016.88934094,31865557.571579892,14780.48780487805,9423358.98699901,31866497.477170687,14780.48780487805,9423604.635661326,31866408.06836952,15756.09756097561,9423262.538003257,31865468.162778724,15756.09756097561
9423652.860159202,31866922.7255655,15268.29268292683,4.586317425729649,9423358.98699901,31866497.477170687,14780.48780487805,9423701.084657079,31867437.38276148,14780.48780487805,9423946.733319394,31867347.97396031,15756.09756097561,9423604.635661326,31866408.06836952,15756.09756097561
9423994.957817271,31867862.63115629,15268.29268292683,4.39798737805115,9423701.084657079,31867437.38276148,14780.48780487805,9424043.182315148,31868377.288352273,14780.48780487805,9424288.830977464,31868287.8795511,15756.09756097561,9423946.733319394,31867347.97396031,15756.09756097561
9424337.05547534,31868802.536747083,15268.29268292683,3.8102294700928834,9424043.182315148,31868377.288352273,14780.48780487805,9424385.279973218,31869317.19394307,14780.48780487805,9424630.928635534,31869227.7851419,15756.09756097561,9424288.830977464,31868287.8795511,15756.09756097561
9424679.15313341,31869742.442337878,15268.29268292683,3.0123496626889685,9424385.279973218,31869317.19394307,14780.48780487805,9424727.377631286,31870257.09953386,14780.48780487805,9424973.026293602,31870167.69073269,15756.09756097561,9424630.928635534,31869227.7851419,15756.09756097561
9425021.250791479,31870682.34792867,15268.29268292683,2.3917093135897445,9424727.377631286,31870257.09953386,14780.48780487805,9425069.475289356,31871197.005124655,14780.48780487805,9425315.123951672,31871107.596323483,15756.09756097561,9424973.026293602,31870167.69073269,15756.09756097561
9425363.348449549,31871622.253519464,15268.29268292683,2.0951621711033575,9425069.475289356,31871197.005124655,14780.48780487805,9425411.572947426,31872136.910715446,14780.48780487805,9425657.221609741,31872047.501914278,15756.09756097561,9425315.123951672,31871107.596323483,15756.09756097561
9425705.446107617,31872562.15911026,15268.29268292683,2.059711950395876,9425411.572947426,31872136.910715446,14780.48780487805,9425753.670605494,31873076.81630624,14780.48780487805,9425999.31926781,31872987.407505073,15756.09756097561,9425657.221609741,31872047.501914278,15756.09756097561
9426047.543765688,31873502.064701054,15268.29268292683,2.1101206765914617,9425753.670605494,31873076.81630624,14780.48780487805,9426095.768263564,31874016.721897036,14780.48780487805,9426341.41692588,31873927.313095864,15756.09756097561,9425999.31926781,31872987.407505073,15756.09756097561
9426389.641423756,31874441.970291846,15268.29268292683,1.947246089009099,9426095.768263564,31874016.721897036,14780.48780487805,9426437.865921633,31874956.627487827,14780.48780487805,9426683.514583949,31874867.218686655,15756.09756097561,9426341.41692588,31873927.313095864,15756.09756097561
9426731.739081826,31875381.875882637,15268.29268292683,1.908144304191159,9426437.865921633,31874956.627487827,14780.48780487805,9426779.963579701,31875896.533078622,14780.48780487805,9427025.612242017,31875807.124277454,15756.09756097561,9426683.514583949,31874867.218686655,15756.09756097561
9427073.836739894,31876321.781473435,15268.29268292683,1.7364557451945661,9426779.963579701,31875896.533078622,14780.48780487805,9427122.061237771,31876836.438669417,14780.48780487805,9427367.709900087,31876747.029868245,15756.09756097561,9427025.612242017,31875807.124277454,15756.09756097561
9427415.934397964,31877261.687064223,15268.29268292683,1.9882788871071007,9427122.061237771,31876836.438669417,14780.48780487805,9427464.15889584,31877776.34426021,14780.48780487805,9427709.807558157,31877686.935459036,15756.09756097561,9427367.709900087,31876747.029868245,15756.09756097561
9427758.032056034,31878201.592655018,15268.29268292683,2.079047280018688,9427464.15889584,31877776.34426021,14780.48780487805,9427806.256553909,31878716.249851,14780.48780487805,9428051.905216224,31878626.84104983,15756.09756097561,9427709.807558157,31877686.935459036,15756.09756097561
9428100.129714103,31879141.498245817,15268.29268292683,2.470655883245319,9427806.256553909,31878716.249851,14780.48780487805,9428148.354211979,31879656.155441795,14780.48780487805,9428394.002874294,31879566.746640623,15756.09756097561,9428051.905216224,31878626.84104983,15756.09756097561
9428442.22737217,31880081.403836604,15268.29268292683,2.8847376867620973,9428148.354211979,31879656.155441795,14780.48780487805,9428490.451870048,31880596.06103259,14780.48780487805,9428736.100532364,31880506.652231418,15756.09756097561,9428394.002874294,31879566.746640623,15756.09756097561
9428784.325030241,31881021.3094274,15268.29268292683,2.9902104403467877,9428490.451870048,31880596.06103259,14780.48780487805,9428832.549528116,31881535.96662338,14780.48780487805,9429078.198190432,31881446.557822213,15756.09756097561,9428736.100532364,31880506.652231418,15756.09756097561
9429126.422688311,31881961.215018194,15268.29268292683,3.185035360269291,9428832.549528116,31881535.96662338,14780.48780487805,9429174.647186188,31882475.87221418,14780.48780487805,9429420.295848502,31882386.463413008,15756.09756097561,9429078.198190432,31881446.557822213,15756.09756097561
9429468.520346379,31882901.12060899,15268.29268292683,3.382823115007253,9429174.647186188,31882475.87221418,14780.48780487805,9429516.744844256,31883415.77780497,14780.48780487805,9429762.393506572,31883326.3690038,15756.09756097561,9429420.295848502,31882386.463413008,15756.09756097561
9429810.618004449,31883841.026199777,15268.29268292683,3.7068906235384564,9429516.744844256,31883415.77780497,14780.48780487805,9429858.842502326,31884355.683395762,14780.48780487805,9430104.49116464,31884266.274594594,15756.09756097561,9429762.393506572,31883326.3690038,15756.09756097561
9430152.715662519,31884780.931790575,15268.29268292683,3.4294338810754796,9429858.842502326,31884355.683395762,14780.48780487805,9430200.940160396,31885295.588986557,14780.48780487805,9430446.58882271,31885206.180185385,15756.09756097561,9430104.49116464,31884266.274594594,15756.09756097561
9430494.813320586,31885720.83738137,15268.29268292683,2.9577788478097715,9430200.940160396,31885295.588986557,14780.48780487805,9430543.037818464,31886235.49457735,14780.48780487805,9430788.68648078,31886146.085776176,15756.09756097561,9430446.58882271,31885206.180185385,15756.09756097561
9430836.910978656,31886660.742972158,15268.29268292683,2.488868537614999,9430543.037818464,31886235.49457735,14780.48780487805,9430885.135476533,31887175.400168143,14780.48780487805,9431130.784138847,31887085.991366975,15756.09756097561,9430788.68648078,31886146.085776176,15756.09756097561
9431179.008636726,31887600.648562957,15268.29268292683,1.9612629734772702,9430885.135476533,31887175.400168143,14780.48780487805,9431227.233134603,31888115.305758934,14780.48780487805,9431472.881796917,31888025.896957766,15756.09756097561,9431130.784138847,31887085.991366975,15756.09756097561
9431521.106294794,31888540.554153748,15268.29268292683,1.8519362662535708,9431227.233134603,31888115.305758934,14780.48780487805,9431569.330792671,31889055.21134973,14780.48780487805,9431814.979454987,31888965.802548558,15756.09756097561,9431472.881796917,31888025.896957766,15756.09756097561
9431863.203952864,31889480.45974454,15268.29268292683,1.8012488024831743,9431569.330792671,31889055.21134973,14780.48780487805,9431911.42845074,31889995.11694052,14780.48780487805,9432157.077113055,31889905.708139356,15756.09756097561,9431814.979454987,31888965.802548558,15756.09756097561
9432205.301610934,31890420.365335334,15268.29268292683,1.2953747240850817,9431911.42845074,31889995.11694052,14780.48780487805,9432253.52610881,31890935.022531316,14780.48780487805,9432499.174771124,31890845.613730147,15756.09756097561,9432157.077113055,31889905.708139356,15756.09756097561
9432547.399269002,31891360.27092613,15268.29268292683,0.917490726676798,9432253.52610881,31890935.022531316,14780.48780487805,9432595.62376688,31891874.92812211,14780.48780487805,9432841.272429194,31891785.51932094,15756.09756097561,9432499.174771124,31890845.613730147,15756.09756097561
9432889.496927071,31892300.176516924,15268.29268292683,0.7822883483496121,9432595.62376688,31891874.92812211,14780.48780487805,9432937.721424948,31892814.833712902,14780.48780487805,9433183.370087262,31892725.424911734,15756.09756097561,9432841.272429194,31891785.51932094,15756.09756097561
9433231.594585141,31893240.082107715,15268.29268292683,0.75140989907158,9432937.721424948,31892814.833712902,14780.48780487805,9433279.819083018,31893754.739303697,14780.48780487805,9433525.467745332,31893665.33050253,15756.09756097561,9433183.370087262,31892725.424911734,15756.09756097561
9433573.69224321,31894179.98769851,15268.29268292683,0.6057055773928225,9433279.819083018,31893754.739303697,14780.48780487805,9433621.916741088,31894694.644894492,14780.48780487805,9433867.565403402,31894605.23609332,15756.09756097561,9433525.467745332,31893665.33050253,15756.09756097561
9433915.789901279,31895119.8932893,15268.29268292683,0.6088710760954706,9433621.916741088,31894694.644894492,14780.48780487805,9433964.014399156,31895634.550485283,14780.48780487805,9434209.66306147,31895545.141684115,15756.09756097561,9433867.565403402,31894605.23609332,15756.09756097561
9434257.887559349,31896059.798880093,15268.29268292683,0.78350527611824,9433964.014399156,31895634.550485283,14780.48780487805,9434306.112057226,31896574.456076074,14780.48780487805,9434551.76071954,31896485.047274906,15756.09756097561,9434209.66306147,31895545.141684115,15756.09756097561
9434599.985217417,31896999.704470888,15268.29268292683,0.7153695026850309,9434306.112057226,31896574.456076074,14780.48780487805,9434648.209715296,31897514.361666873,14780.48780487805,9434893.85837761,31897424.9528657,15756.09756097561,9434551.76071954,31896485.047274906,15756.09756097561
9434942.082875486,31897939.610061683,15268.29268292683,0.6946768763279738,9434648.209715296,31897514.361666873,14780.48780487805,9434990.307373364,31898454.267257664,14780.48780487805,9435235.956035677,31898364.858456496,15756.09756097561,9434893.85837761,31897424.9528657,15756.09756097561
9435284.180533556,31898879.515652478,15268.29268292683,0.5974494388535859,9434990.307373364,31898454.267257664,14780.48780487805,9435332.405031433,31899394.172848456,14780.48780487805,9435578.053693747,31899304.764047287,15756.09756097561,9435235.956035677,31898364.858456496,15756.09756097561
9435626.278191624,31899819.42124327,15268.29268292683,0.3810723940237422,9435332.405031433,31899394.172848456,14780.48780487805,9435674.502689503,31900334.078439254,14780.48780487805,9435920.151351817,31900244.669638082,15756.09756097561,9435578.053693747,31899304.764047287,15756.09756097561
9435968.375849694,31900759.326834064,15268.29268292683,0.31906921004115046,9435674.502689503,31900334.078439254,14780.48780487805,9436016.600347571,31901273.984030046,14780.48780487805,9436262.249009887,31901184.575228874,15756.09756097561,9435920.151351817,31900244.669638082,15756.09756097561
9436310.473507764,31901699.232424855,15268.29268292683,0.28562088954999143,9436016.600347571,31901273.984030046,14780.48780487805,9436358.69800564,31902213.889620837,14780.48780487805,9436604.346667955,31902124.48081967,15756.09756097561,9436262.249009887,31901184.575228874,15756.09756097561
9436652.571165832,31902639.13801565,15268.29268292683,0.32547219839867547,9436358.69800564,31902213.889620837,14780.48780487805,9436700.79566371,31903153.79521163,14780.48780487805,9436946.444326025,31903064.38641046,15756.09756097561,9436604.346667955,31902124.48081967,15756.09756097561
9436994.668823902,31903579.04360644,15268.29268292683,0.25390541818271267,9436700.79566371,31903153.79521163,14780.48780487805,9437042.893321779,31904093.700802427,14780.48780487805,9437288.541984094,31904004.292001255,15756.09756097561,9436946.444326025,31903064.38641046,15756.09756097561
9437336.766481973,31904518.949197236,15268.29268292683,0.21853197826671,9437042.893321779,31904093.700802427,14780.48780487805,9437384.990979848,31905033.606393218,14780.48780487805,9437630.639642162,31904944.19759205,15756.09756097561,9437288.541984094,31904004.292001255,15756.09756097561
9437678.86414004,31905458.854788035,15268.29268292683,0.21202935886595758,9437384.990979848,31905033.606393218,14780.48780487805,9437727.088637918,31905973.511984013,14780.48780487805,9437972.737300234,31905884.10318284,15756.09756097561,9437630.639642162,31904944.19759205,15756.09756097561
9438020.961798111,31906398.760378823,15268.29268292683,0.22059361677148698,9437727.088637918,31905973.511984013,14780.48780487805,9438069.186295986,31906913.417574808,14780.48780487805,9438314.834958302,31906824.008773636,15756.09756097561,9437972.737300234,31905884.10318284,15756.09756097561
9438363.05945618,31907338.665969618,15268.29268292683,0.20365314586990182,9438069.186295986,31906913.417574808,14780.48780487805,9438411.283954056,31907853.3231656,14780.48780487805,9438656.932616372,31907763.91436443,15756.09756097561,9438314.834958302,31906824.008773636,15756.09756097561
9438705.157114249,31908278.571560413,15268.29268292683,0.14014564203410002,9438411.283954056,31907853.3231656,14780.48780487805,9438753.381612126,31908793.228756394,14780.48780487805,9438999.030274441,31908703.819955222,15756.09756097561,9438656.932616372,31907763.91436443,15756.09756097561
9439047.254772317,31909218.477151204,15268.29268292683,0.08317479571405237,9438753.381612126,31908793.228756394,14780.48780487805,9439095.479270194,31909733.134347185,14780.48780487805,9439341.12793251,31909643.725546014,15756.09756097561,9438999.030274441,31908703.819955222,15756.09756097561
9439389.352430388,31910158.382741995,15268.29268292683,0.05256542706600639,9439095.479270194,31909733.134347185,14780.48780487805,9439437.576928264,31910673.03993798,14780.48780487805,9439683.22559058,31910583.631136812,15756.09756097561,9439341.12793251,31909643.725546014,15756.09756097561
9439731.450088456,31911098.288332794,15268.29268292683,0.0700635721961783,9439437.576928264,31910673.03993798,14780.48780487805,9439779.674586333,31911612.945528775,14780.48780487805,9440025.323248649,31911523.536727604,15756.09756097561,9439683.22559058,31910583.631136812,15756.09756097561
9440073.547746526,31912038.19392359,15268.29268292683,0.05777086106020748,9439779.674586333,31911612.945528775,14780.48780487805,9440121.772244401,31912552.851119567,14780.48780487805,9440367.420906717,31912463.442318395,15756.09756097561,9440025.323248649,31911523.536727604,15756.09756097561
9440415.645404594,31912978.099514376,15268.29268292683,0.043936076796945944,9440121.772244401,31912552.851119567,14780.48780487805,9440463.869902471,31913492.75671036,14780.48780487805,9440709.518564787,31913403.347909193,15756.09756097561,9440367.420906717,31912463.442318395,15756.09756097561
9440757.743062664,31913918.005105175,15268.29268292683,0.06700944832337982,9440463.869902471,31913492.75671036,14780.48780487805,9440805.96756054,31914432.662301153,14780.48780487805,9441051.616222857,31914343.25349998,15756.09756097561,9440709.518564787,31913403.347909193,15756.09756097561
9441099.840720734,31914857.910695963,15268.29268292683,0.0829670620948756,9440805.96756054,31914432.662301153,14780.48780487805,9441148.065218609,31915372.567891948,14780.48780487805,9441393.713880925,31915283.159090776,15756.09756097561,9441051.616222857,31914343.25349998,15756.09756097561
9441441.938378803,31915797.816286758,15268.29268292683,0.08401054571767731,9441148.065218609,31915372.567891948,14780.48780487805,9441490.162876679,31916312.47348274,14780.48780487805,9441735.811538994,31916223.06468157,15756.09756097561,9441393.713880925,31915283.159090776,15756.09756097561
9441784.036036871,31916737.721877553,15268.29268292683,0.09668726427560212,9441490.162876679,31916312.47348274,14780.48780487805,9441832.260534748,31917252.379073534,14780.48780487805,9442077.909197064,31917162.970272366,15756.09756097561,9441735.811538994,31916223.06468157,15756.09756097561
9442126.133694941,31917677.627468348,15268.29268292683,0.08500412208054026,9441832.260534748,31917252.379073534,14780.48780487805,9442174.358192816,31918192.28466433,14780.48780487805,9442420.006855132,31918102.875863157,15756.09756097561,9442077.909197064,31917162.970272366,15756.09756097561
9442468.231353011,31918617.533059143,15268.29268292683,0.07286178763176679,9442174.358192816,31918192.28466433,14780.48780487805,9442516.455850886,31919132.19025512,14780.48780487805,9442762.104513202,31919042.781453952,15756.09756097561,9442420.006855132,31918102.875863157,15756.09756097561
9442810.329011079,31919557.438649934,15268.29268292683,0.03511073407793303,9442516.455850886,31919132.19025512,14780.48780487805,9442858.553508956,31920072.09584591,14780.48780487805,9443104.202171272,31919982.687044743,15756.09756097561,9442762.104513202,31919042.781453952,15756.09756097561
9443152.426669149,31920497.34424072,15268.29268292683,0.04012360290011356,9442858.553508956,31920072.09584591,14780.48780487805,9443200.651167024,31921012.001436707,14780.48780487805,9443446.29982934,31920922.592635535,15756.09756097561,9443104.202171272,31919982.687044743,15756.09756097561
9443494.524327219,31921437.249831516,15268.29268292683,0.051886463949237814,9443200.651167024,31921012.001436707,14780.48780487805,9443542.748825094,31921951.9070275,14780.48780487805,9443788.39748741,31921862.498226333,15756.09756097561,9443446.29982934,31920922.592635535,15756.09756097561
9443836.621985286,31922377.15542231,15268.29268292683,0.1393596688376279,9443542.748825094,31921951.9070275,14780.48780487805,9443884.846483164,31922891.812618293,14780.48780487805,9444130.49514548,31922802.403817125,15756.09756097561,9443788.39748741,31921862.498226333,15756.09756097561
9444178.719643356,31923317.061013106,15268.29268292683,0.18967182469071384,9443884.846483164,31922891.812618293,14780.48780487805,9444226.944141231,31923831.718209088,14780.48780487805,9444472.592803547,31923742.309407916,15756.09756097561,9444130.49514548,31922802.403817125,15756.09756097561
9444520.817301426,31924256.9666039,15268.29268292683,0.20920147055236651,9444226.944141231,31923831.718209088,14780.48780487805,9444569.041799303,31924771.623799883,14780.48780487805,9444814.690461617,31924682.214998715,15756.09756097561,9444472.592803547,31923742.309407916,15756.09756097561
9444862.914959494,31925196.872194696,15268.29268292683,0.23216035433991183,9444569.041799303,31924771.623799883,14780.48780487805,9444911.139457371,31925711.529390674,14780.48780487805,9445156.788119687,31925622.120589506,15756.09756097561,9444814.690461617,31924682.214998715,15756.09756097561
9404056.844653502,31812318.792498305,16243.902439024389,3.1377209835151323,9403762.97149331,31811893.544103496,15756.09756097561,9404105.06915138,31812833.449694287,15756.09756097561,9404350.717813695,31812744.04089312,16731.70731707317,9404008.620155625,31811804.135302324,16731.70731707317
9404398.94231157,31813258.6980891,16243.902439024389,3.3227150300943986,9404105.06915138,31812833.449694287,15756.09756097561,9404447.166809449,31813773.355285082,15756.09756097561,9404692.815471763,31813683.94648391,16731.70731707317,9404350.717813695,31812744.04089312,16731.70731707317
9404741.03996964,31814198.60367989,16243.902439024389,3.6167028181313325,9404447.166809449,31813773.355285082,15756.09756097561,9404789.264467517,31814713.260875877,15756.09756097561,9405034.913129833,31814623.852074705,16731.70731707317,9404692.815471763,31813683.94648391,16731.70731707317
9405083.137627712,31815138.509270687,16243.902439024389,3.4702081542866003,9404789.264467517,31814713.260875877,15756.09756097561,9405131.362125587,31815653.16646667,15756.09756097561,9405377.010787902,31815563.7576655,16731.70731707317,9405034.913129833,31814623.852074705,16731.70731707317
9405425.235285778,31816078.414861485,16243.902439024389,3.284220783875434,9405131.362125587,31815653.16646667,15756.09756097561,9405473.459783657,31816593.072057467,15756.09756097561,9405719.108445972,31816503.663256295,16731.70731707317,9405377.010787902,31815563.7576655,16731.70731707317
9405767.33294385,31817018.320452277,16243.902439024389,3.4271918959395995,9405473.459783657,31816593.072057467,15756.09756097561,9405815.557441724,31817532.977648254,15756.09756097561,9406061.20610404,31817443.568847083,16731.70731707317,9405719.108445972,31816503.663256295,16731.70731707317
9406109.43060192,31817958.226043068,16243.902439024389,3.6595770933150336,9405815.557441724,31817532.977648254,15756.09756097561,9406157.655099794,31818472.88323905,15756.09756097561,9406403.30376211,31818383.47443788,16731.70731707317,9406061.20610404,31817443.568847083,16731.70731707317
9406451.528259987,31818898.131633863,16243.902439024389,4.46913728562452,9406157.655099794,31818472.88323905,15756.09756097561,9406499.752757864,31819412.788829844,15756.09756097561,9406745.40142018,31819323.380028673,16731.70731707317,9406403.30376211,31818383.47443788,16731.70731707317
9406793.625918055,31819838.037224654,16243.902439024389,5.581404972938388,9406499.752757864,31819412.788829844,15756.09756097561,9406841.850415932,31820352.694420636,15756.09756097561,9407087.499078248,31820263.285619464,16731.70731707317,9406745.40142018,31819323.380028673,16731.70731707317
9407135.723576127,31820777.942815445,16243.902439024389,6.3614202784064835,9406841.850415932,31820352.694420636,15756.09756097561,9407183.948074002,31821292.60001143,15756.09756097561,9407429.596736318,31821203.191210262,16731.70731707317,9407087.499078248,31820263.285619464,16731.70731707317
9407477.821234195,31821717.848406244,16243.902439024389,6.380923100025652,9407183.948074002,31821292.60001143,15756.09756097561,9407526.045732072,31822232.505602222,15756.09756097561,9407771.694394387,31822143.096801054,16731.70731707317,9407429.596736318,31821203.191210262,16731.70731707317
9407819.918892264,31822657.75399704,16243.902439024389,6.604474828252542,9407526.045732072,31822232.505602222,15756.09756097561,9407868.14339014,31823172.411193017,15756.09756097561,9408113.792052455,31823083.002391845,16731.70731707317,9407771.694394387,31822143.096801054,16731.70731707317
9408162.016550332,31823597.659587827,16243.902439024389,6.938032940632714,9407868.14339014,31823172.411193017,15756.09756097561,9408210.24104821,31824112.31678381,15756.09756097561,9408455.889710525,31824022.90798264,16731.70731707317,9408113.792052455,31823083.002391845,16731.70731707317
9408504.114208402,31824537.565178625,16243.902439024389,5.776970570346328,9408210.24104821,31824112.31678381,15756.09756097561,9408552.33870628,31825052.222374603,15756.09756097561,9408797.987368595,31824962.813573435,16731.70731707317,9408455.889710525,31824022.90798264,16731.70731707317
9408846.211866472,31825477.470769417,16243.902439024389,5.1493464778683045,9408552.33870628,31825052.222374603,15756.09756097561,9408894.436364349,31825992.127965398,15756.09756097561,9409140.085026663,31825902.719164226,16731.70731707317,9408797.987368595,31824962.813573435,16731.70731707317
9409188.309524542,31826417.376360208,16243.902439024389,5.280313369922941,9408894.436364349,31825992.127965398,15756.09756097561,9409236.534022417,31826932.03355619,15756.09756097561,9409482.182684733,31826842.62475502,16731.70731707317,9409140.085026663,31825902.719164226,16731.70731707317
9409530.40718261,31827357.281951003,16243.902439024389,5.346931514987448,9409236.534022417,31826932.03355619,15756.09756097561,9409578.631680489,31827871.939146984,15756.09756097561,9409824.280342802,31827782.530345816,16731.70731707317,9409482.182684733,31826842.62475502,16731.70731707317
9409872.50484068,31828297.187541798,16243.902439024389,5.142718907273105,9409578.631680489,31827871.939146984,15756.09756097561,9409920.729338557,31828811.84473778,15756.09756097561,9410166.37800087,31828722.435936607,16731.70731707317,9409824.280342802,31827782.530345816,16731.70731707317
9410214.60249875,31829237.093132593,16243.902439024389,4.688789964245614,9409920.729338557,31828811.84473778,15756.09756097561,9410262.826996624,31829751.75032857,15756.09756097561,9410508.47565894,31829662.341527402,16731.70731707317,9410166.37800087,31828722.435936607,16731.70731707317
9410556.700156817,31830176.99872338,16243.902439024389,5.163328551692004,9410262.826996624,31829751.75032857,15756.09756097561,9410604.924654696,31830691.65591936,15756.09756097561,9410850.57331701,31830602.247118194,16731.70731707317,9410508.47565894,31829662.341527402,16731.70731707317
9410898.797814887,31831116.90431418,16243.902439024389,5.636896818006728,9410604.924654696,31830691.65591936,15756.09756097561,9410947.022312764,31831631.56151016,15756.09756097561,9411192.670975078,31831542.15270899,16731.70731707317,9410850.57331701,31830602.247118194,16731.70731707317
9411240.895472957,31832056.80990497,16243.902439024389,6.032380458105005,9410947.022312764,31831631.56151016,15756.09756097561,9411289.119970832,31832571.46710095,15756.09756097561,9411534.768633148,31832482.058299784,16731.70731707317,9411192.670975078,31831542.15270899,16731.70731707317
9411582.993131025,31832996.71549576,16243.902439024389,5.738547702009752,9411289.119970832,31832571.46710095,15756.09756097561,9411631.217628904,31833511.372691743,15756.09756097561,9411876.866291218,31833421.963890575,16731.70731707317,9411534.768633148,31832482.058299784,16731.70731707317
9411925.090789095,31833936.621086556,16243.902439024389,6.65841102007093,9411631.217628904,31833511.372691743,15756.09756097561,9411973.315286972,31834451.27828254,15756.09756097561,9412218.963949285,31834361.86948137,16731.70731707317,9411876.866291218,31833421.963890575,16731.70731707317
9412267.188447164,31834876.52667735,16243.902439024389,6.963068785616402,9411973.315286972,31834451.27828254,15756.09756097561,9412315.412945041,31835391.183873333,15756.09756097561,9412561.061607355,31835301.77507216,16731.70731707317,9412218.963949285,31834361.86948137,16731.70731707317
9412609.286105232,31835816.432268146,16243.902439024389,6.879332935368689,9412315.412945041,31835391.183873333,15756.09756097561,9412657.510603111,31836331.089464124,15756.09756097561,9412903.159265425,31836241.680662956,16731.70731707317,9412561.061607355,31835301.77507216,16731.70731707317
9412951.383763302,31836756.337858938,16243.902439024389,6.736758076712875,9412657.510603111,31836331.089464124,15756.09756097561,9412999.60826118,31837270.99505492,15756.09756097561,9413245.256923493,31837181.586253747,16731.70731707317,9412903.159265425,31836241.680662956,16731.70731707317
9413293.481421372,31837696.243449733,16243.902439024389,6.035574658870896,9412999.60826118,31837270.99505492,15756.09756097561,9413341.705919249,31838210.900645714,15756.09756097561,9413587.354581563,31838121.491844542,16731.70731707317,9413245.256923493,31837181.586253747,16731.70731707317
9413635.57907944,31838636.149040524,16243.902439024389,5.113015300162983,9413341.705919249,31838210.900645714,15756.09756097561,9413683.803577319,31839150.806236506,15756.09756097561,9413929.452239633,31839061.397435337,16731.70731707317,9413587.354581563,31838121.491844542,16731.70731707317
9413977.67673751,31839576.05463132,16243.902439024389,5.059089238749988,9413683.803577319,31839150.806236506,15756.09756097561,9414025.901235387,31840090.7118273,15756.09756097561,9414271.5498977,31840001.30302613,16731.70731707317,9413929.452239633,31839061.397435337,16731.70731707317
9414319.77439558,31840515.96022211,16243.902439024389,4.886754949171335,9414025.901235387,31840090.7118273,15756.09756097561,9414367.998893457,31841030.617418095,15756.09756097561,9414613.64755577,31840941.208616924,16731.70731707317,9414271.5498977,31840001.30302613,16731.70731707317
9414661.872053647,31841455.865812905,16243.902439024389,5.3766019925452415,9414367.998893457,31841030.617418095,15756.09756097561,9414710.096551526,31841970.523008883,15756.09756097561,9414955.74521384,31841881.114207715,16731.70731707317,9414613.64755577,31840941.208616924,16731.70731707317
9415003.969711717,31842395.771403696,16243.902439024389,5.734780330127486,9414710.096551526,31841970.523008883,15756.09756097561,9415052.194209594,31842910.42859968,15756.09756097561,9415297.842871908,31842821.01979851,16731.70731707317,9414955.74521384,31841881.114207715,16731.70731707317
9415346.067369787,31843335.67699449,16243.902439024389,6.028717236824487,9415052.194209594,31842910.42859968,15756.09756097561,9415394.291867664,31843850.334190473,15756.09756097561,9415639.940529978,31843760.9253893,16731.70731707317,9415297.842871908,31842821.01979851,16731.70731707317
9415688.165027855,31844275.582585286,16243.902439024389,6.250804809357496,9415394.291867664,31843850.334190473,15756.09756097561,9415736.389525734,31844790.239781268,15756.09756097561,9415982.03818805,31844700.8309801,16731.70731707317,9415639.940529978,31843760.9253893,16731.70731707317
9416030.262685925,31845215.48817608,16243.902439024389,5.959712047173923,9415736.389525734,31844790.239781268,15756.09756097561,9416078.487183802,31845730.145372063,15756.09756097561,9416324.135846116,31845640.73657089,16731.70731707317,9415982.03818805,31844700.8309801,16731.70731707317
9416372.360343995,31846155.393766873,16243.902439024389,5.482067404069912,9416078.487183802,31845730.145372063,15756.09756097561,9416420.584841872,31846670.050962854,15756.09756097561,9416666.233504187,31846580.642161682,16731.70731707317,9416324.135846116,31845640.73657089,16731.70731707317
9416714.458002064,31847095.299357664,16243.902439024389,5.4522834280086965,9416420.584841872,31846670.050962854,15756.09756097561,9416762.682499941,31847609.956553645,15756.09756097561,9417008.331162257,31847520.547752477,16731.70731707317,9416666.233504187,31846580.642161682,16731.70731707317
9417056.555660134,31848035.20494846,16243.902439024389,5.398712612639983,9416762.682499941,31847609.956553645,15756.09756097561,9417104.78015801,31848549.862144437,15756.09756097561,9417350.428820323,31848460.45334327,16731.70731707317,9417008.331162257,31847520.547752477,16731.70731707317
9417398.653318202,31848975.11053925,16243.902439024389,4.932080025616594,9417104.78015801,31848549.862144437,15756.09756097561,9417446.87781608,31849489.767735235,15756.09756097561,9417692.526478395,31849400.358934063,16731.70731707317,9417350.428820323,31848460.45334327,16731.70731707317
9417740.750976272,31849915.016130045,16243.902439024389,4.87946418087768,9417446.87781608,31849489.767735235,15756.09756097561,9417788.975474149,31850429.673326027,15756.09756097561,9418034.624136465,31850340.26452486,16731.70731707317,9417692.526478395,31849400.358934063,16731.70731707317
9418082.84863434,31850854.921720836,16243.902439024389,5.206260128219605,9417788.975474149,31850429.673326027,15756.09756097561,9418131.073132217,31851369.578916818,15756.09756097561,9418376.72179453,31851280.17011565,16731.70731707317,9418034.624136465,31850340.26452486,16731.70731707317
9418424.94629241,31851794.82731163,16243.902439024389,5.262657669399884,9418131.073132217,31851369.578916818,15756.09756097561,9418473.170790287,31852309.484507617,15756.09756097561,9418718.819452602,31852220.075706445,16731.70731707317,9418376.72179453,31851280.17011565,16731.70731707317
9418767.043950478,31852734.732902426,16243.902439024389,5.560002430466145,9418473.170790287,31852309.484507617,15756.09756097561,9418815.268448357,31853249.390098408,15756.09756097561,9419060.917110672,31853159.98129724,16731.70731707317,9418718.819452602,31852220.075706445,16731.70731707317
9419109.14160855,31853674.638493218,16243.902439024389,5.995839654371786,9418815.268448357,31853249.390098408,15756.09756097561,9419157.366106424,31854189.2956892,15756.09756097561,9419403.01476874,31854099.88688803,16731.70731707317,9419060.917110672,31853159.98129724,16731.70731707317
9419451.23926662,31854614.544084013,16243.902439024389,5.925860042742151,9419157.366106424,31854189.2956892,15756.09756097561,9419499.463764494,31855129.201279994,15756.09756097561,9419745.11242681,31855039.792478822,16731.70731707317,9419403.01476874,31854099.88688803,16731.70731707317
9419793.336924687,31855554.449674804,16243.902439024389,6.734697995739151,9419499.463764494,31855129.201279994,15756.09756097561,9419841.561422564,31856069.10687079,15756.09756097561,9420087.21008488,31855979.69806962,16731.70731707317,9419745.11242681,31855039.792478822,16731.70731707317
9420135.434582755,31856494.3552656,16243.902439024389,7.070334668069561,9419841.561422564,31856069.10687079,15756.09756097561,9420183.659080632,31857009.01246158,15756.09756097561,9420429.307742948,31856919.603660412,16731.70731707317,9420087.21008488,31855979.69806962,16731.70731707317
9420477.532240827,31857434.26085639,16243.902439024389,6.407011177817173,9420183.659080632,31857009.01246158,15756.09756097561,9420525.756738702,31857948.918052375,15756.09756097561,9420771.405401018,31857859.509251203,16731.70731707317,9420429.307742948,31856919.603660412,16731.70731707317
9420819.629898895,31858374.166447185,16243.902439024389,6.2524462944566634,9420525.756738702,31857948.918052375,15756.09756097561,9420867.854396772,31858888.82364317,15756.09756097561,9421113.503059087,31858799.414842002,16731.70731707317,9420771.405401018,31857859.509251203,16731.70731707317
9421161.727556964,31859314.07203798,16243.902439024389,6.486415906578381,9420867.854396772,31858888.82364317,15756.09756097561,9421209.95205484,31859828.72923396,15756.09756097561,9421455.600717155,31859739.320432793,16731.70731707317,9421113.503059087,31858799.414842002,16731.70731707317
9421503.825215032,31860253.977628775,16243.902439024389,6.698288574872656,9421209.95205484,31859828.72923396,15756.09756097561,9421552.04971291,31860768.634824757,15756.09756097561,9421797.698375225,31860679.226023585,16731.70731707317,9421455.600717155,31859739.320432793,16731.70731707317
9421845.922873102,31861193.883219566,16243.902439024389,7.587713528464421,9421552.04971291,31860768.634824757,15756.09756097561,9421894.14737098,31861708.540415548,15756.09756097561,9422139.796033295,31861619.131614376,16731.70731707317,9421797.698375225,31860679.226023585,16731.70731707317
9422188.020531172,31862133.788810357,16243.902439024389,7.240359907576242,9421894.14737098,31861708.540415548,15756.09756097561,9422236.245029047,31862648.446006343,15756.09756097561,9422481.893691363,31862559.037205175,16731.70731707317,9422139.796033295,31861619.131614376,16731.70731707317
9422530.118189242,31863073.694401156,16243.902439024389,7.629546001805078,9422236.245029047,31862648.446006343,15756.09756097561,9422578.342687119,31863588.351597138,15756.09756097561,9422823.991349433,31863498.942795966,16731.70731707317,9422481.893691363,31862559.037205175,16731.70731707317
9422872.21584731,31864013.599991944,16243.902439024389,7.466549569298873,9422578.342687119,31863588.351597138,15756.09756097561,9422920.440345187,31864528.25718793,15756.09756097561,9423166.089007502,31864438.848386757,16731.70731707317,9422823.991349433,31863498.942795966,16731.70731707317
9423214.31350538,31864953.50558274,16243.902439024389,6.543187021347255,9422920.440345187,31864528.25718793,15756.09756097561,9423262.538003257,31865468.162778724,15756.09756097561,9423508.18666557,31865378.753977556,16731.70731707317,9423166.089007502,31864438.848386757,16731.70731707317
9423556.41116345,31865893.411173537,16243.902439024389,6.059140169325575,9423262.538003257,31865468.162778724,15756.09756097561,9423604.635661326,31866408.06836952,15756.09756097561,9423850.28432364,31866318.659568347,16731.70731707317,9423508.18666557,31865378.753977556,16731.70731707317
9423898.508821517,31866833.31676433,16243.902439024389,5.796480737452622,9423604.635661326,31866408.06836952,15756.09756097561,9423946.733319394,31867347.97396031,15756.09756097561,9424192.38198171,31867258.56515914,16731.70731707317,9423850.28432364,31866318.659568347,16731.70731707317
9424240.606479587,31867773.22235512,16243.902439024389,5.8297412963958495,9423946.733319394,31867347.97396031,15756.09756097561,9424288.830977464,31868287.8795511,15756.09756097561,9424534.479639778,31868198.470749933,16731.70731707317,9424192.38198171,31867258.56515914,16731.70731707317
9424582.704137657,31868713.127945915,16243.902439024389,5.565037160003418,9424288.830977464,31868287.8795511,15756.09756097561,9424630.928635534,31869227.7851419,15756.09756097561,9424876.577297848,31869138.37634073,16731.70731707317,9424534.479639778,31868198.470749933,16731.70731707317
9424924.801795725,31869653.03353671,16243.902439024389,5.103992673563827,9424630.928635534,31869227.7851419,15756.09756097561,9424973.026293602,31870167.69073269,15756.09756097561,9425218.674955918,31870078.28193152,16731.70731707317,9424876.577297848,31869138.37634073,16731.70731707317
9425266.899453795,31870592.939127497,16243.902439024389,4.727422034447081,9424973.026293602,31870167.69073269,15756.09756097561,9425315.123951672,31871107.596323483,15756.09756097561,9425560.772613985,31871018.187522314,16731.70731707317,9425218.674955918,31870078.28193152,16731.70731707317
9425608.997111864,31871532.844718296,16243.902439024389,3.904245404706401,9425315.123951672,31871107.596323483,15756.09756097561,9425657.221609741,31872047.501914278,15756.09756097561,9425902.870272055,31871958.093113106,16731.70731707317,9425560.772613985,31871018.187522314,16731.70731707317
9425951.094769932,31872472.75030909,16243.902439024389,3.140762195989483,9425657.221609741,31872047.501914278,15756.09756097561,9425999.31926781,31872987.407505073,15756.09756097561,9426244.967930125,31872897.9987039,16731.70731707317,9425902.870272055,31871958.093113106,16731.70731707317
9426293.192428002,31873412.655899882,16243.902439024389,2.608845271669016,9425999.31926781,31872987.407505073,15756.09756097561,9426341.41692588,31873927.313095864,15756.09756097561,9426587.065588193,31873837.904294696,16731.70731707317,9426244.967930125,31872897.9987039,16731.70731707317
9426635.290086072,31874352.561490677,16243.902439024389,2.3463663430278885,9426341.41692588,31873927.313095864,15756.09756097561,9426683.514583949,31874867.218686655,15756.09756097561,9426929.163246263,31874777.809885487,16731.70731707317,9426587.065588193,31873837.904294696,16731.70731707317
9426977.38774414,31875292.46708147,16243.902439024389,2.180416564251047,9426683.514583949,31874867.218686655,15756.09756097561,9427025.612242017,31875807.124277454,15756.09756097561,9427271.260904333,31875717.715476282,16731.70731707317,9426929.163246263,31874777.809885487,16731.70731707317
9427319.48540221,31876232.372672264,16243.902439024389,2.253729280576344,9427025.612242017,31875807.124277454,15756.09756097561,9427367.709900087,31876747.029868245,15756.09756097561,9427613.3585624,31876657.621067077,16731.70731707317,9427271.260904333,31875717.715476282,16731.70731707317
9427661.58306028,31877172.278263055,16243.902439024389,2.5843016542140655,9427367.709900087,31876747.029868245,15756.09756097561,9427709.807558157,31877686.935459036,15756.09756097561,9427955.45622047,31877597.52665787,16731.70731707317,9427613.3585624,31876657.621067077,16731.70731707317
9428003.680718347,31878112.18385385,16243.902439024389,3.2115735690458136,9427709.807558157,31877686.935459036,15756.09756097561,9428051.905216224,31878626.84104983,15756.09756097561,9428297.55387854,31878537.43224866,16731.70731707317,9427955.45622047,31877597.52665787,16731.70731707317
9428345.778376417,31879052.089444645,16243.902439024389,3.26383842579641,9428051.905216224,31878626.84104983,15756.09756097561,9428394.002874294,31879566.746640623,15756.09756097561,9428639.651536608,31879477.337839454,16731.70731707317,9428297.55387854,31878537.43224866,16731.70731707317
9428687.876034487,31879991.995035436,16243.902439024389,3.069682990219799,9428394.002874294,31879566.746640623,15756.09756097561,9428736.100532364,31880506.652231418,15756.09756097561,9428981.749194678,31880417.24343025,16731.70731707317,9428639.651536608,31879477.337839454,16731.70731707317
9429029.973692555,31880931.90062623,16243.902439024389,2.796973480466135,9428736.100532364,31880506.652231418,15756.09756097561,9429078.198190432,31881446.557822213,15756.09756097561,9429323.846852748,31881357.14902104,16731.70731707317,9428981.749194678,31880417.24343025,16731.70731707317
9429372.071350625,31881871.806217022,16243.902439024389,3.099051315806422,9429078.198190432,31881446.557822213,15756.09756097561,9429420.295848502,31882386.463413008,15756.09756097561,9429665.944510818,31882297.05461184,16731.70731707317,9429323.846852748,31881357.14902104,16731.70731707317
9429714.169008695,31882811.711807817,16243.902439024389,3.60137294750248,9429420.295848502,31882386.463413008,15756.09756097561,9429762.393506572,31883326.3690038,15756.09756097561,9430008.042168885,31883236.96020263,16731.70731707317,9429665.944510818,31882297.05461184,16731.70731707317
9430056.266666763,31883751.61739861,16243.902439024389,3.5436054338361784,9429762.393506572,31883326.3690038,15756.09756097561,9430104.49116464,31884266.274594594,15756.09756097561,9430350.139826955,31884176.865793422,16731.70731707317,9430008.042168885,31883236.96020263,16731.70731707317
9430398.364324832,31884691.522989403,16243.902439024389,3.327558945647166,9430104.49116464,31884266.274594594,15756.09756097561,9430446.58882271,31885206.180185385,15756.09756097561,9430692.237485025,31885116.771384217,16731.70731707317,9430350.139826955,31884176.865793422,16731.70731707317
9430740.461982902,31885631.4285802,16243.902439024389,2.7365295627435247,9430446.58882271,31885206.180185385,15756.09756097561,9430788.68648078,31886146.085776176,15756.09756097561,9431034.335143093,31886056.676975008,16731.70731707317,9430692.237485025,31885116.771384217,16731.70731707317
9431082.55964097,31886571.33417099,16243.902439024389,2.2836952089022984,9430788.68648078,31886146.085776176,15756.09756097561,9431130.784138847,31887085.991366975,15756.09756097561,9431376.432801165,31886996.582565803,16731.70731707317,9431034.335143093,31886056.676975008,16731.70731707317
9431424.657299042,31887511.239761785,16243.902439024389,2.2274800425130565,9431130.784138847,31887085.991366975,15756.09756097561,9431472.881796917,31888025.896957766,15756.09756097561,9431718.530459233,31887936.488156594,16731.70731707317,9431376.432801165,31886996.582565803,16731.70731707317
9431766.75495711,31888451.145352576,16243.902439024389,2.258881915354974,9431472.881796917,31888025.896957766,15756.09756097561,9431814.979454987,31888965.802548558,15756.09756097561,9432060.6281173,31888876.39374739,16731.70731707317,9431718.530459233,31887936.488156594,16731.70731707317
9432108.852615178,31889391.05094337,16243.902439024389,2.146514576739327,9431814.979454987,31888965.802548558,15756.09756097561,9432157.077113055,31889905.708139356,15756.09756097561,9432402.725775372,31889816.299338184,16731.70731707317,9432060.6281173,31888876.39374739,16731.70731707317
9432450.95027325,31890330.956534162,16243.902439024389,1.7158579525940205,9432157.077113055,31889905.708139356,15756.09756097561,9432499.174771124,31890845.613730147,15756.09756097561,9432744.82343344,31890756.204928976,16731.70731707317,9432402.725775372,31889816.299338184,16731.70731707317
9432793.047931317,31891270.862124957,16243.902439024389,1.3191395551434608,9432499.174771124,31890845.613730147,15756.09756097561,9432841.272429194,31891785.51932094,15756.09756097561,9433086.92109151,31891696.11051977,16731.70731707317,9432744.82343344,31890756.204928976,16731.70731707317
9433135.145589387,31892210.767715756,16243.902439024389,1.0156019591668068,9432841.272429194,31891785.51932094,15756.09756097561,9433183.370087262,31892725.424911734,15756.09756097561,9433429.01874958,31892636.01611056,16731.70731707317,9433086.92109151,31891696.11051977,16731.70731707317
9433477.243247455,31893150.673306543,16243.902439024389,1.039884288380874,9433183.370087262,31892725.424911734,15756.09756097561,9433525.467745332,31893665.33050253,15756.09756097561,9433771.116407648,31893575.921701357,16731.70731707317,9433429.01874958,31892636.01611056,16731.70731707317
9433819.340905525,31894090.57889734,16243.902439024389,0.796095169859266,9433525.467745332,31893665.33050253,15756.09756097561,9433867.565403402,31894605.23609332,15756.09756097561,9434113.214065718,31894515.82729215,16731.70731707317,9433771.116407648,31893575.921701357,16731.70731707317
9434161.438563595,31895030.484488133,16243.902439024389,0.8197013602302498,9433867.565403402,31894605.23609332,15756.09756097561,9434209.66306147,31895545.141684115,15756.09756097561,9434455.311723787,31895455.732882943,16731.70731707317,9434113.214065718,31894515.82729215,16731.70731707317
9434503.536221664,31895970.390078925,16243.902439024389,1.0591011946546591,9434209.66306147,31895545.141684115,15756.09756097561,9434551.76071954,31896485.047274906,15756.09756097561,9434797.409381855,31896395.638473734,16731.70731707317,9434455.311723787,31895455.732882943,16731.70731707317
9434845.63387973,31896910.295669716,16243.902439024389,1.2064415340682824,9434551.76071954,31896485.047274906,15756.09756097561,9434893.85837761,31897424.9528657,15756.09756097561,9435139.507039925,31897335.544064533,16731.70731707317,9434797.409381855,31896395.638473734,16731.70731707317
9435187.731537802,31897850.201260515,16243.902439024389,1.3318784276541766,9434893.85837761,31897424.9528657,15756.09756097561,9435235.956035677,31898364.858456496,15756.09756097561,9435481.604697995,31898275.449655324,16731.70731707317,9435139.507039925,31897335.544064533,16731.70731707317
9435529.829195872,31898790.10685131,16243.902439024389,1.1852280425084611,9435235.956035677,31898364.858456496,15756.09756097561,9435578.053693747,31899304.764047287,15756.09756097561,9435823.702356063,31899215.355246115,16731.70731707317,9435481.604697995,31898275.449655324,16731.70731707317
9435871.92685394,31899730.012442097,16243.902439024389,0.5826094905608576,9435578.053693747,31899304.764047287,15756.09756097561,9435920.151351817,31900244.669638082,15756.09756097561,9436165.800014133,31900155.260836914,16731.70731707317,9435823.702356063,31899215.355246115,16731.70731707317
9436214.02451201,31900669.918032896,16243.902439024389,0.45225040349614487,9435920.151351817,31900244.669638082,15756.09756097561,9436262.249009887,31901184.575228874,15756.09756097561,9436507.897672202,31901095.166427705,16731.70731707317,9436165.800014133,31900155.260836914,16731.70731707317
9436556.12217008,31901609.823623687,16243.902439024389,0.41949520227589754,9436262.249009887,31901184.575228874,15756.09756097561,9436604.346667955,31902124.48081967,15756.09756097561,9436849.99533027,31902035.072018497,16731.70731707317,9436507.897672202,31901095.166427705,16731.70731707317
9436898.219828147,31902549.72921448,16243.902439024389,0.4548396795845422,9436604.346667955,31902124.48081967,15756.09756097561,9436946.444326025,31903064.38641046,15756.09756097561,9437192.09298834,31902974.97760929,16731.70731707317,9436849.99533027,31902035.072018497,16731.70731707317
9437240.317486217,31903489.634805273,16243.902439024389,0.3819417870575399,9436946.444326025,31903064.38641046,15756.09756097561,9437288.541984094,31904004.292001255,15756.09756097561,9437534.19064641,31903914.883200087,16731.70731707317,9437192.09298834,31902974.97760929,16731.70731707317
9437582.415144287,31904429.54039607,16243.902439024389,0.24017837879796208,9437288.541984094,31904004.292001255,15756.09756097561,9437630.639642162,31904944.19759205,15756.09756097561,9437876.288304478,31904854.788790878,16731.70731707317,9437534.19064641,31903914.883200087,16731.70731707317
9437924.512802355,31905369.445986863,16243.902439024389,0.21054174556390567,9437630.639642162,31904944.19759205,15756.09756097561,9437972.737300234,31905884.10318284,15756.09756097561,9438218.385962548,31905794.694381673,16731.70731707317,9437876.288304478,31904854.788790878,16731.70731707317
9438266.610460425,31906309.351577654,16243.902439024389,0.0840157798268543,9437972.737300234,31905884.10318284,15756.09756097561,9438314.834958302,31906824.008773636,15756.09756097561,9438560.483620618,31906734.599972468,16731.70731707317,9438218.385962548,31905794.694381673,16731.70731707317
9438608.708118495,31907249.25716845,16243.902439024389,0.03999276397950736,9438314.834958302,31906824.008773636,15756.09756097561,9438656.932616372,31907763.91436443,15756.09756097561,9438902.581278685,31907674.50556326,16731.70731707317,9438560.483620618,31906734.599972468,16731.70731707317
9438950.805776563,31908189.16275924,16243.902439024389,0.016438849724823783,9438656.932616372,31907763.91436443,15756.09756097561,9438999.030274441,31908703.819955222,15756.09756097561,9439244.678936755,31908614.411154054,16731.70731707317,9438902.581278685,31907674.50556326,16731.70731707317
9439292.903434632,31909129.068350032,16243.902439024389,0.0006656085538486772,9438999.030274441,31908703.819955222,15756.09756097561,9439341.12793251,31909643.725546014,15756.09756097561,9439586.776594825,31909554.316744845,16731.70731707317,9439244.678936755,31908614.411154054,16731.70731707317
9439635.001092702,31910068.973940827,16243.902439024389,0.0011323688003713034,9439341.12793251,31909643.725546014,15756.09756097561,9439683.22559058,31910583.631136812,15756.09756097561,9439928.874252893,31910494.22233564,16731.70731707317,9439586.776594825,31909554.316744845,16731.70731707317
9439977.09875077,31911008.879531622,16243.902439024389,0.007224872752217548,9439683.22559058,31910583.631136812,15756.09756097561,9440025.323248649,31911523.536727604,15756.09756097561,9440270.971910963,31911434.127926435,16731.70731707317,9439928.874252893,31910494.22233564,16731.70731707317
9440319.19640884,31911948.785122417,16243.902439024389,0.0012564722308816944,9440025.323248649,31911523.536727604,15756.09756097561,9440367.420906717,31912463.442318395,15756.09756097561,9440613.069569033,31912374.033517227,16731.70731707317,9440270.971910963,31911434.127926435,16731.70731707317
9440661.29406691,31912888.69071321,16243.902439024389,0.008943252313897894,9440367.420906717,31912463.442318395,15756.09756097561,9440709.518564787,31913403.347909193,15756.09756097561,9440955.1672271,31913313.93910802,16731.70731707317,9440613.069569033,31912374.033517227,16731.70731707317
9441003.391724978,31913828.596304003,16243.902439024389,0.017374506737447976,9440709.518564787,31913403.347909193,15756.09756097561,9441051.616222857,31914343.25349998,15756.09756097561,9441297.26488517,31914253.844698813,16731.70731707317,9440955.1672271,31913313.93910802,16731.70731707317
9441345.489383047,31914768.50189479,16243.902439024389,0.04865010623275817,9441051.616222857,31914343.25349998,15756.09756097561,9441393.713880925,31915283.159090776,15756.09756097561,9441639.36254324,31915193.750289608,16731.70731707317,9441297.26488517,31914253.844698813,16731.70731707317
9441687.587041117,31915708.40748559,16243.902439024389,0.057600716815070174,9441393.713880925,31915283.159090776,15756.09756097561,9441735.811538994,31916223.06468157,15756.09756097561,9441981.460201308,31916133.6558804,16731.70731707317,9441639.36254324,31915193.750289608,16731.70731707317
9442029.684699185,31916648.31307638,16243.902439024389,0.07043345431780519,9441735.811538994,31916223.06468157,15756.09756097561,9442077.909197064,31917162.970272366,15756.09756097561,9442323.55785938,31917073.561471194,16731.70731707317,9441981.460201308,31916133.6558804,16731.70731707317
9442371.782357257,31917588.218667176,16243.902439024389,0.07303802742649752,9442077.909197064,31917162.970272366,15756.09756097561,9442420.006855132,31918102.875863157,15756.09756097561,9442665.655517446,31918013.46706199,16731.70731707317,9442323.55785938,31917073.561471194,16731.70731707317
9442713.880015325,31918528.124257974,16243.902439024389,0.03226458643696677,9442420.006855132,31918102.875863157,15756.09756097561,9442762.104513202,31919042.781453952,15756.09756097561,9443007.753175516,31918953.37265278,16731.70731707317,9442665.655517446,31918013.46706199,16731.70731707317
9443055.977673393,31919468.02984876,16243.902439024389,0.021254600191658108,9442762.104513202,31919042.781453952,15756.09756097561,9443104.202171272,31919982.687044743,15756.09756097561,9443349.850833587,31919893.278243575,16731.70731707317,9443007.753175516,31918953.37265278,16731.70731707317
9443398.075331463,31920407.93543955,16243.902439024389,0.019202609142110864,9443104.202171272,31919982.687044743,15756.09756097561,9443446.29982934,31920922.592635535,15756.09756097561,9443691.948491653,31920833.183834367,16731.70731707317,9443349.850833587,31919893.278243575,16731.70731707317
9443740.172989532,31921347.841030348,16243.902439024389,0.032151824619209644,9443446.29982934,31920922.592635535,15756.09756097561,9443788.39748741,31921862.498226333,15756.09756097561,9444034.046149723,31921773.08942516,16731.70731707317,9443691.948491653,31920833.183834367,16731.70731707317
9444082.2706476,31922287.746621143,16243.902439024389,0.028824513271092204,9443788.39748741,31921862.498226333,15756.09756097561,9444130.49514548,31922802.403817125,15756.09756097561,9444376.143807795,31922712.995015953,16731.70731707317,9444034.046149723,31921773.08942516,16731.70731707317
9444424.36830567,31923227.652211934,16243.902439024389,0.04812827959778519,9444130.49514548,31922802.403817125,15756.09756097561,9444472.592803547,31923742.309407916,15756.09756097561,9444718.241465861,31923652.900606748,16731.70731707317,9444376.143807795,31922712.995015953,16731.70731707317
9444766.46596374,31924167.557802733,16243.902439024389,0.11439569756722338,9444472.592803547,31923742.309407916,15756.09756097561,9444814.690461617,31924682.214998715,15756.09756097561,9445060.339123933,31924592.806197543,16731.70731707317,9444718.241465861,31923652.900606748,16731.70731707317
9445108.56362181,31925107.463393528,16243.902439024389,0.17350405795710305,9444814.690461617,31924682.214998715,15756.09756097561,9445156.788119687,31925622.120589506,15756.09756097561,9445402.436782002,31925532.711788334,16731.70731707317,9445060.339123933,31924592.806197543,16731.70731707317
9404302.49331582,31812229.383697137,17219.51219512195,2.498514781991393,9404008.620155625,31811804.135302324,16731.70731707317,9404350.717813695,31812744.04089312,16731.70731707317,9404596.366476012,31812654.632091947,17707.317073170732,9404254.268817944,31811714.726501156,17707.317073170732
9404644.59097389,31813169.28928793,17219.51219512195,2.419557858813414,9404350.717813695,31812744.04089312,16731.70731707317,9404692.815471763,31813683.94648391,16731.70731707317,9404938.464134082,31813594.537682742,17707.317073170732,9404596.366476012,31812654.632091947,17707.317073170732
9404986.688631957,31814109.19487872,17219.51219512195,2.592629041242794,9404692.815471763,31813683.94648391,16731.70731707317,9405034.913129833,31814623.852074705,16731.70731707317,9405280.561792152,31814534.443273533,17707.317073170732,9404938.464134082,31813594.537682742,17707.317073170732
9405328.786290029,31815049.10046952,17219.51219512195,3.0140265255133416,9405034.913129833,31814623.852074705,16731.70731707317,9405377.010787902,31815563.7576655,16731.70731707317,9405622.65945022,31815474.348864328,17707.317073170732,9405280.561792152,31814534.443273533,17707.317073170732
9405670.883948097,31815989.006060313,17219.51219512195,2.9129233344584353,9405377.010787902,31815563.7576655,16731.70731707317,9405719.108445972,31816503.663256295,16731.70731707317,9405964.75710829,31816414.254455123,17707.317073170732,9405622.65945022,31815474.348864328,17707.317073170732
9406012.981606165,31816928.9116511,17219.51219512195,2.965664570536255,9405719.108445972,31816503.663256295,16731.70731707317,9406061.20610404,31817443.568847083,16731.70731707317,9406306.85476636,31817354.160045914,17707.317073170732,9405964.75710829,31816414.254455123,17707.317073170732
9406355.079264235,31817868.8172419,17219.51219512195,3.9339648975806836,9406061.20610404,31817443.568847083,16731.70731707317,9406403.30376211,31818383.47443788,16731.70731707317,9406648.952424427,31818294.06563671,17707.317073170732,9406306.85476636,31817354.160045914,17707.317073170732
9406697.176922306,31818808.72283269,17219.51219512195,4.427536700687244,9406403.30376211,31818383.47443788,16731.70731707317,9406745.40142018,31819323.380028673,16731.70731707317,9406991.050082497,31819233.971227504,17707.317073170732,9406648.952424427,31818294.06563671,17707.317073170732
9407039.274580372,31819748.628423482,17219.51219512195,5.303564765784393,9406745.40142018,31819323.380028673,16731.70731707317,9407087.499078248,31820263.285619464,16731.70731707317,9407333.147740567,31820173.876818296,17707.317073170732,9406991.050082497,31819233.971227504,17707.317073170732
9407381.372238442,31820688.534014277,17219.51219512195,5.91547590786947,9407087.499078248,31820263.285619464,16731.70731707317,9407429.596736318,31821203.191210262,16731.70731707317,9407675.245398635,31821113.782409087,17707.317073170732,9407333.147740567,31820173.876818296,17707.317073170732
9407723.469896512,31821628.439605072,17219.51219512195,6.661410238877026,9407429.596736318,31821203.191210262,16731.70731707317,9407771.694394387,31822143.096801054,16731.70731707317,9408017.343056705,31822053.68799988,17707.317073170732,9407675.245398635,31821113.782409087,17707.317073170732
9408065.567554582,31822568.345195867,17219.51219512195,7.676335191869456,9407771.694394387,31822143.096801054,16731.70731707317,9408113.792052455,31823083.002391845,16731.70731707317,9408359.440714775,31822993.593590677,17707.317073170732,9408017.343056705,31822053.68799988,17707.317073170732
9408407.66521265,31823508.25078666,17219.51219512195,8.127803713411383,9408113.792052455,31823083.002391845,16731.70731707317,9408455.889710525,31824022.90798264,16731.70731707317,9408701.538372843,31823933.499181468,17707.317073170732,9408359.440714775,31822993.593590677,17707.317073170732
9408749.76287072,31824448.156377453,17219.51219512195,7.674590089835599,9408455.889710525,31824022.90798264,16731.70731707317,9408797.987368595,31824962.813573435,16731.70731707317,9409043.636030912,31824873.404772263,17707.317073170732,9408701.538372843,31823933.499181468,17707.317073170732
9409091.860528788,31825388.061968245,17219.51219512195,7.0838181213530875,9408797.987368595,31824962.813573435,16731.70731707317,9409140.085026663,31825902.719164226,16731.70731707317,9409385.733688982,31825813.310363058,17707.317073170732,9409043.636030912,31824873.404772263,17707.317073170732
9409433.95818686,31826327.96755904,17219.51219512195,6.090483903982908,9409140.085026663,31825902.719164226,16731.70731707317,9409482.182684733,31826842.62475502,16731.70731707317,9409727.83134705,31826753.21595385,17707.317073170732,9409385.733688982,31825813.310363058,17707.317073170732
9409776.055844927,31827267.87314983,17219.51219512195,5.630612631351343,9409482.182684733,31826842.62475502,16731.70731707317,9409824.280342802,31827782.530345816,16731.70731707317,9410069.92900512,31827693.12154464,17707.317073170732,9409727.83134705,31826753.21595385,17707.317073170732
9410118.153502997,31828207.778740626,17219.51219512195,6.024684170712091,9409824.280342802,31827782.530345816,16731.70731707317,9410166.37800087,31828722.435936607,16731.70731707317,9410412.026663192,31828633.02713544,17707.317073170732,9410069.92900512,31827693.12154464,17707.317073170732
9410460.251161065,31829147.684331425,17219.51219512195,5.778787692041173,9410166.37800087,31828722.435936607,16731.70731707317,9410508.47565894,31829662.341527402,16731.70731707317,9410754.124321258,31829572.93272623,17707.317073170732,9410412.026663192,31828633.02713544,17707.317073170732
9410802.348819135,31830087.589922212,17219.51219512195,6.196373100171721,9410508.47565894,31829662.341527402,16731.70731707317,9410850.57331701,31830602.247118194,16731.70731707317,9411096.221979327,31830512.83831702,17707.317073170732,9410754.124321258,31829572.93272623,17707.317073170732
9411144.446477203,31831027.495513007,17219.51219512195,6.833544453332878,9410850.57331701,31830602.247118194,16731.70731707317,9411192.670975078,31831542.15270899,16731.70731707317,9411438.3196374,31831452.74390782,17707.317073170732,9411096.221979327,31830512.83831702,17707.317073170732
9411486.544135273,31831967.401103802,17219.51219512195,7.498766192343125,9411192.670975078,31831542.15270899,16731.70731707317,9411534.768633148,31832482.058299784,16731.70731707317,9411780.417295465,31832392.649498608,17707.317073170732,9411438.3196374,31831452.74390782,17707.317073170732
9411828.64179334,31832907.306694593,17219.51219512195,8.04399500847041,9411534.768633148,31832482.058299784,16731.70731707317,9411876.866291218,31833421.963890575,16731.70731707317,9412122.514953535,31833332.555089403,17707.317073170732,9411780.417295465,31832392.649498608,17707.317073170732
9412170.739451412,31833847.212285385,17219.51219512195,7.454546546067285,9411876.866291218,31833421.963890575,16731.70731707317,9412218.963949285,31834361.86948137,16731.70731707317,9412464.612611607,31834272.460680198,17707.317073170732,9412122.514953535,31833332.555089403,17707.317073170732
9412512.83710948,31834787.117876183,17219.51219512195,7.875279988565679,9412218.963949285,31834361.86948137,16731.70731707317,9412561.061607355,31835301.77507216,16731.70731707317,9412806.710269675,31835212.366270993,17707.317073170732,9412464.612611607,31834272.460680198,17707.317073170732
9412854.934767548,31835727.02346698,17219.51219512195,8.357214007938063,9412561.061607355,31835301.77507216,16731.70731707317,9412903.159265425,31836241.680662956,16731.70731707317,9413148.807927743,31836152.271861784,17707.317073170732,9412806.710269675,31835212.366270993,17707.317073170732
9413197.032425618,31836666.929057766,17219.51219512195,7.921457424967909,9412903.159265425,31836241.680662956,16731.70731707317,9413245.256923493,31837181.586253747,16731.70731707317,9413490.905585814,31837092.17745258,17707.317073170732,9413148.807927743,31836152.271861784,17707.317073170732
9413539.13008369,31837606.834648564,17219.51219512195,7.075898468161858,9413245.256923493,31837181.586253747,16731.70731707317,9413587.354581563,31838121.491844542,16731.70731707317,9413833.003243882,31838032.08304337,17707.317073170732,9413490.905585814,31837092.17745258,17707.317073170732
9413881.227741756,31838546.740239352,17219.51219512195,6.617639976640798,9413587.354581563,31838121.491844542,16731.70731707317,9413929.452239633,31839061.397435337,16731.70731707317,9414175.100901952,31838971.98863416,17707.317073170732,9413833.003243882,31838032.08304337,17707.317073170732
9414223.325399827,31839486.645830147,17219.51219512195,7.293647252002027,9413929.452239633,31839061.397435337,16731.70731707317,9414271.5498977,31840001.30302613,16731.70731707317,9414517.198560022,31839911.89422496,17707.317073170732,9414175.100901952,31838971.98863416,17707.317073170732
9414565.423057895,31840426.551420942,17219.51219512195,8.015603754798663,9414271.5498977,31840001.30302613,16731.70731707317,9414613.64755577,31840941.208616924,16731.70731707317,9414859.29621809,31840851.79981575,17707.317073170732,9414517.198560022,31839911.89422496,17707.317073170732
9414907.520715965,31841366.457011737,17219.51219512195,7.81684148968043,9414613.64755577,31840941.208616924,16731.70731707317,9414955.74521384,31841881.114207715,16731.70731707317,9415201.39387616,31841791.705406543,17707.317073170732,9414859.29621809,31840851.79981575,17707.317073170732
9415249.618374033,31842306.362602524,17219.51219512195,7.4083256806088045,9414955.74521384,31841881.114207715,16731.70731707317,9415297.842871908,31842821.01979851,16731.70731707317,9415543.49153423,31842731.61099734,17707.317073170732,9415201.39387616,31841791.705406543,17707.317073170732
9415591.716032105,31843246.26819332,17219.51219512195,7.339302393335763,9415297.842871908,31842821.01979851,16731.70731707317,9415639.940529978,31843760.9253893,16731.70731707317,9415885.589192297,31843671.516588133,17707.317073170732,9415543.49153423,31842731.61099734,17707.317073170732
9415933.81369017,31844186.17378412,17219.51219512195,7.328789600838566,9415639.940529978,31843760.9253893,16731.70731707317,9415982.03818805,31844700.8309801,16731.70731707317,9416227.686850367,31844611.422178924,17707.317073170732,9415885.589192297,31843671.516588133,17707.317073170732
9416275.911348242,31845126.079374906,17219.51219512195,7.5390527768313,9415982.03818805,31844700.8309801,16731.70731707317,9416324.135846116,31845640.73657089,16731.70731707317,9416569.784508437,31845551.32776972,17707.317073170732,9416227.686850367,31844611.422178924,17707.317073170732
9416618.009006312,31846065.9849657,17219.51219512195,7.782574360879468,9416324.135846116,31845640.73657089,16731.70731707317,9416666.233504187,31846580.642161682,16731.70731707317,9416911.882166505,31846491.233360514,17707.317073170732,9416569.784508437,31845551.32776972,17707.317073170732
9416960.10666438,31847005.890556496,17219.51219512195,6.390245441207818,9416666.233504187,31846580.642161682,16731.70731707317,9417008.331162257,31847520.547752477,16731.70731707317,9417253.979824575,31847431.138951305,17707.317073170732,9416911.882166505,31846491.233360514,17707.317073170732
9417302.204322448,31847945.796147287,17219.51219512195,5.465413934697163,9417008.331162257,31847520.547752477,16731.70731707317,9417350.428820323,31848460.45334327,16731.70731707317,9417596.077482643,31848371.044542097,17707.317073170732,9417253.979824575,31847431.138951305,17707.317073170732
9417644.30198052,31848885.70173808,17219.51219512195,5.167982276997014,9417350.428820323,31848460.45334327,16731.70731707317,9417692.526478395,31849400.358934063,16731.70731707317,9417938.175140712,31849310.950132895,17707.317073170732,9417596.077482643,31848371.044542097,17707.317073170732
9417986.399638588,31849825.607328877,17219.51219512195,4.143536560837129,9417692.526478395,31849400.358934063,16731.70731707317,9418034.624136465,31850340.26452486,16731.70731707317,9418280.272798782,31850250.855723687,17707.317073170732,9417938.175140712,31849310.950132895,17707.317073170732
9418328.497296657,31850765.512919664,17219.51219512195,4.162904933172956,9418034.624136465,31850340.26452486,16731.70731707317,9418376.72179453,31851280.17011565,16731.70731707317,9418622.37045685,31851190.761314478,17707.317073170732,9418280.272798782,31850250.855723687,17707.317073170732
9418670.594954725,31851705.41851046,17219.51219512195,3.9726063365888136,9418376.72179453,31851280.17011565,16731.70731707317,9418718.819452602,31852220.075706445,16731.70731707317,9418964.46811492,31852130.666905273,17707.317073170732,9418622.37045685,31851190.761314478,17707.317073170732
9419012.692612795,31852645.324101258,17219.51219512195,4.0300857986523635,9418718.819452602,31852220.075706445,16731.70731707317,9419060.917110672,31853159.98129724,16731.70731707317,9419306.56577299,31853070.572496068,17707.317073170732,9418964.46811492,31852130.666905273,17707.317073170732
9419354.790270865,31853585.22969205,17219.51219512195,4.593395500177624,9419060.917110672,31853159.98129724,16731.70731707317,9419403.01476874,31854099.88688803,16731.70731707317,9419648.663431058,31854010.47808686,17707.317073170732,9419306.56577299,31853070.572496068,17707.317073170732
9419696.887928935,31854525.13528284,17219.51219512195,5.429915057245223,9419403.01476874,31854099.88688803,16731.70731707317,9419745.11242681,31855039.792478822,16731.70731707317,9419990.761089128,31854950.383677654,17707.317073170732,9419648.663431058,31854010.47808686,17707.317073170732
9420038.985587005,31855465.040873636,17219.51219512195,5.7496926207482035,9419745.11242681,31855039.792478822,16731.70731707317,9420087.21008488,31855979.69806962,16731.70731707317,9420332.858747197,31855890.289268445,17707.317073170732,9419990.761089128,31854950.383677654,17707.317073170732
9420381.083245073,31856404.94646443,17219.51219512195,5.415231145355507,9420087.21008488,31855979.69806962,16731.70731707317,9420429.307742948,31856919.603660412,16731.70731707317,9420674.956405265,31856830.19485924,17707.317073170732,9420332.858747197,31855890.289268445,17707.317073170732
9420723.180903142,31857344.852055218,17219.51219512195,5.322684766130009,9420429.307742948,31856919.603660412,16731.70731707317,9420771.405401018,31857859.509251203,16731.70731707317,9421017.054063335,31857770.100450035,17707.317073170732,9420674.956405265,31856830.19485924,17707.317073170732
9421065.27856121,31858284.757646017,17219.51219512195,5.441350518277344,9420771.405401018,31857859.509251203,16731.70731707317,9421113.503059087,31858799.414842002,16731.70731707317,9421359.151721405,31858710.006040826,17707.317073170732,9421017.054063335,31857770.100450035,17707.317073170732
9421407.376219282,31859224.66323681,17219.51219512195,5.97944619140645,9421113.503059087,31858799.414842002,16731.70731707317,9421455.600717155,31859739.320432793,16731.70731707317,9421701.249379473,31859649.91163162,17707.317073170732,9421359.151721405,31858710.006040826,17707.317073170732
9421749.47387735,31860164.568827603,17219.51219512195,7.272504283196383,9421455.600717155,31859739.320432793,16731.70731707317,9421797.698375225,31860679.226023585,16731.70731707317,9422043.347037543,31860589.817222416,17707.317073170732,9421701.249379473,31859649.91163162,17707.317073170732
9422091.571535418,31861104.474418398,17219.51219512195,8.02346251631638,9421797.698375225,31860679.226023585,16731.70731707317,9422139.796033295,31861619.131614376,16731.70731707317,9422385.444695612,31861529.722813208,17707.317073170732,9422043.347037543,31860589.817222416,17707.317073170732
9422433.669193488,31862044.38000919,17219.51219512195,8.475816006271888,9422139.796033295,31861619.131614376,16731.70731707317,9422481.893691363,31862559.037205175,16731.70731707317,9422727.54235368,31862469.628404,17707.317073170732,9422385.444695612,31861529.722813208,17707.317073170732
9422775.76685156,31862984.285599984,17219.51219512195,8.487278088861764,9422481.893691363,31862559.037205175,16731.70731707317,9422823.991349433,31863498.942795966,16731.70731707317,9423069.64001175,31863409.533994798,17707.317073170732,9422727.54235368,31862469.628404,17707.317073170732
9423117.864509625,31863924.191190775,17219.51219512195,8.580204833272353,9422823.991349433,31863498.942795966,16731.70731707317,9423166.089007502,31864438.848386757,16731.70731707317,9423411.73766982,31864349.43958559,17707.317073170732,9423069.64001175,31863409.533994798,17707.317073170732
9423459.962167695,31864864.09678157,17219.51219512195,8.916206032021444,9423166.089007502,31864438.848386757,16731.70731707317,9423508.18666557,31865378.753977556,16731.70731707317,9423753.835327888,31865289.34517638,17707.317073170732,9423411.73766982,31864349.43958559,17707.317073170732
9423802.059825765,31865804.002372365,17219.51219512195,7.837334254444281,9423508.18666557,31865378.753977556,16731.70731707317,9423850.28432364,31866318.659568347,16731.70731707317,9424095.932985958,31866229.25076718,17707.317073170732,9423753.835327888,31865289.34517638,17707.317073170732
9424144.157483835,31866743.907963157,17219.51219512195,6.8713831728583346,9423850.28432364,31866318.659568347,16731.70731707317,9424192.38198171,31867258.56515914,16731.70731707317,9424438.030644028,31867169.15635797,17707.317073170732,9424095.932985958,31866229.25076718,17707.317073170732
9424486.255141903,31867683.81355395,17219.51219512195,6.82018738303836,9424192.38198171,31867258.56515914,16731.70731707317,9424534.479639778,31868198.470749933,16731.70731707317,9424780.128302095,31868109.06194876,17707.317073170732,9424438.030644028,31867169.15635797,17707.317073170732
9424828.352799974,31868623.719144743,17219.51219512195,7.8005162424899686,9424534.479639778,31868198.470749933,16731.70731707317,9424876.577297848,31869138.37634073,16731.70731707317,9425122.225960167,31869048.967539556,17707.317073170732,9424780.128302095,31868109.06194876,17707.317073170732
9425170.45045804,31869563.624735538,17219.51219512195,7.309137554100386,9424876.577297848,31869138.37634073,16731.70731707317,9425218.674955918,31870078.28193152,16731.70731707317,9425464.323618235,31869988.873130348,17707.317073170732,9425122.225960167,31869048.967539556,17707.317073170732
9425512.548116112,31870503.53032633,17219.51219512195,6.511097949377646,9425218.674955918,31870078.28193152,16731.70731707317,9425560.772613985,31871018.187522314,16731.70731707317,9425806.421276303,31870928.778721143,17707.317073170732,9425464.323618235,31869988.873130348,17707.317073170732
9425854.64577418,31871443.435917124,17219.51219512195,5.957046422933196,9425560.772613985,31871018.187522314,16731.70731707317,9425902.870272055,31871958.093113106,16731.70731707317,9426148.518934375,31871868.684311938,17707.317073170732,9425806.421276303,31870928.778721143,17707.317073170732
9426196.74343225,31872383.34150792,17219.51219512195,5.317186163962055,9425902.870272055,31871958.093113106,16731.70731707317,9426244.967930125,31872897.9987039,16731.70731707317,9426490.616592444,31872808.589902733,17707.317073170732,9426148.518934375,31871868.684311938,17707.317073170732
9426538.841090318,31873323.247098714,17219.51219512195,4.407094980705422,9426244.967930125,31872897.9987039,16731.70731707317,9426587.065588193,31873837.904294696,16731.70731707317,9426832.71425051,31873748.495493524,17707.317073170732,9426490.616592444,31872808.589902733,17707.317073170732
9426880.93874839,31874263.152689505,17219.51219512195,3.6801294092211663,9426587.065588193,31873837.904294696,16731.70731707317,9426929.163246263,31874777.809885487,16731.70731707317,9427174.811908582,31874688.401084315,17707.317073170732,9426832.71425051,31873748.495493524,17707.317073170732
9427223.036406456,31875203.058280297,17219.51219512195,3.2514800355102573,9426929.163246263,31874777.809885487,16731.70731707317,9427271.260904333,31875717.715476282,16731.70731707317,9427516.909566652,31875628.30667511,17707.317073170732,9427174.811908582,31874688.401084315,17707.317073170732
9427565.134064527,31876142.963871095,17219.51219512195,3.013407831369497,9427271.260904333,31875717.715476282,16731.70731707317,9427613.3585624,31876657.621067077,16731.70731707317,9427859.00722472,31876568.2122659,17707.317073170732,9427516.909566652,31875628.30667511,17707.317073170732
9427907.231722595,31877082.869461883,17219.51219512195,3.153593203453707,9427613.3585624,31876657.621067077,16731.70731707317,9427955.45622047,31877597.52665787,16731.70731707317,9428201.10488279,31877508.117856696,17707.317073170732,9427859.00722472,31876568.2122659,17707.317073170732
9428249.329380665,31878022.775052678,17219.51219512195,3.1741804309993227,9427955.45622047,31877597.52665787,16731.70731707317,9428297.55387854,31878537.43224866,16731.70731707317,9428543.20254086,31878448.02344749,17707.317073170732,9428201.10488279,31877508.117856696,17707.317073170732
9428591.427038733,31878962.680643477,17219.51219512195,3.6537945225133117,9428297.55387854,31878537.43224866,16731.70731707317,9428639.651536608,31879477.337839454,16731.70731707317,9428885.300198928,31879387.929038282,17707.317073170732,9428543.20254086,31878448.02344749,17707.317073170732
9428933.524696805,31879902.586234264,17219.51219512195,3.652839856282463,9428639.651536608,31879477.337839454,16731.70731707317,9428981.749194678,31880417.24343025,16731.70731707317,9429227.397856997,31880327.834629074,17707.317073170732,9428885.300198928,31879387.929038282,17707.317073170732
9429275.62235487,31880842.49182506,17219.51219512195,3.099779540890304,9428981.749194678,31880417.24343025,16731.70731707317,9429323.846852748,31881357.14902104,16731.70731707317,9429569.495515067,31881267.740219872,17707.317073170732,9429227.397856997,31880327.834629074,17707.317073170732
9429617.720012942,31881782.397415854,17219.51219512195,3.1226500619141437,9429323.846852748,31881357.14902104,16731.70731707317,9429665.944510818,31882297.05461184,16731.70731707317,9429911.593173135,31882207.645810664,17707.317073170732,9429569.495515067,31881267.740219872,17707.317073170732
9429959.817671012,31882722.30300665,17219.51219512195,2.9750762750165705,9429665.944510818,31882297.05461184,16731.70731707317,9430008.042168885,31883236.96020263,16731.70731707317,9430253.690831205,31883147.551401455,17707.317073170732,9429911.593173135,31882207.645810664,17707.317073170732
9430301.91532908,31883662.208597437,17219.51219512195,3.28546355392516,9430008.042168885,31883236.96020263,16731.70731707317,9430350.139826955,31884176.865793422,16731.70731707317,9430595.788489275,31884087.456992254,17707.317073170732,9430253.690831205,31883147.551401455,17707.317073170732
9430644.012987148,31884602.114188235,17219.51219512195,3.6919819082071372,9430350.139826955,31884176.865793422,16731.70731707317,9430692.237485025,31885116.771384217,16731.70731707317,9430937.886147343,31885027.362583045,17707.317073170732,9430595.788489275,31884087.456992254,17707.317073170732
9430986.11064522,31885542.01977903,17219.51219512195,3.267154623573687,9430692.237485025,31885116.771384217,16731.70731707317,9431034.335143093,31886056.676975008,16731.70731707317,9431279.983805412,31885967.268173836,17707.317073170732,9430937.886147343,31885027.362583045,17707.317073170732
9431328.208303288,31886481.925369818,17219.51219512195,2.6549237891549504,9431034.335143093,31886056.676975008,16731.70731707317,9431376.432801165,31886996.582565803,16731.70731707317,9431622.081463482,31886907.17376463,17707.317073170732,9431279.983805412,31885967.268173836,17707.317073170732
9431670.305961357,31887421.830960616,17219.51219512195,1.9704434168940053,9431376.432801165,31886996.582565803,16731.70731707317,9431718.530459233,31887936.488156594,16731.70731707317,9431964.17912155,31887847.079355426,17707.317073170732,9431622.081463482,31886907.17376463,17707.317073170732
9432012.403619425,31888361.736551408,17219.51219512195,1.6046501082775135,9431718.530459233,31887936.488156594,16731.70731707317,9432060.6281173,31888876.39374739,16731.70731707317,9432306.27677962,31888786.984946217,17707.317073170732,9431964.17912155,31887847.079355426,17707.317073170732
9432354.501277495,31889301.6421422,17219.51219512195,1.5296728471730499,9432060.6281173,31888876.39374739,16731.70731707317,9432402.725775372,31889816.299338184,16731.70731707317,9432648.37443769,31889726.890537012,17707.317073170732,9432306.27677962,31888786.984946217,17707.317073170732
9432696.598935565,31890241.547732994,17219.51219512195,1.61277430278354,9432402.725775372,31889816.299338184,16731.70731707317,9432744.82343344,31890756.204928976,16731.70731707317,9432990.472095758,31890666.796127807,17707.317073170732,9432648.37443769,31889726.890537012,17707.317073170732
9433038.696593635,31891181.45332379,17219.51219512195,1.5338743056110513,9432744.82343344,31890756.204928976,16731.70731707317,9433086.92109151,31891696.11051977,16731.70731707317,9433332.569753828,31891606.7017186,17707.317073170732,9432990.472095758,31890666.796127807,17707.317073170732
9433380.794251705,31892121.358914584,17219.51219512195,1.6252275825342106,9433086.92109151,31891696.11051977,16731.70731707317,9433429.01874958,31892636.01611056,16731.70731707317,9433674.667411897,31892546.607309394,17707.317073170732,9433332.569753828,31891606.7017186,17707.317073170732
9433722.891909773,31893061.264505375,17219.51219512195,1.5483003283877181,9433429.01874958,31892636.01611056,16731.70731707317,9433771.116407648,31893575.921701357,16731.70731707317,9434016.765069965,31893486.512900185,17707.317073170732,9433674.667411897,31892546.607309394,17707.317073170732
9434064.989567842,31894001.17009617,17219.51219512195,1.331280181253574,9433771.116407648,31893575.921701357,16731.70731707317,9434113.214065718,31894515.82729215,16731.70731707317,9434358.862728035,31894426.41849098,17707.317073170732,9434016.765069965,31893486.512900185,17707.317073170732
9434407.08722591,31894941.07568696,17219.51219512195,1.0311097257776722,9434113.214065718,31894515.82729215,16731.70731707317,9434455.311723787,31895455.732882943,16731.70731707317,9434700.960386105,31895366.324081775,17707.317073170732,9434358.862728035,31894426.41849098,17707.317073170732
9434749.184883982,31895880.981277753,17219.51219512195,1.2323122453441446,9434455.311723787,31895455.732882943,16731.70731707317,9434797.409381855,31896395.638473734,16731.70731707317,9435043.058044173,31896306.229672566,17707.317073170732,9434700.960386105,31895366.324081775,17707.317073170732
9435091.28254205,31896820.886868548,17219.51219512195,1.342133519553064,9434797.409381855,31896395.638473734,16731.70731707317,9435139.507039925,31897335.544064533,16731.70731707317,9435385.155702243,31897246.13526336,17707.317073170732,9435043.058044173,31896306.229672566,17707.317073170732
9435433.380200118,31897760.792459343,17219.51219512195,1.2847105761515119,9435139.507039925,31897335.544064533,16731.70731707317,9435481.604697995,31898275.449655324,16731.70731707317,9435727.253360312,31898186.040854156,17707.317073170732,9435385.155702243,31897246.13526336,17707.317073170732
9435775.477858188,31898700.698050138,17219.51219512195,1.1226859728940948,9435481.604697995,31898275.449655324,16731.70731707317,9435823.702356063,31899215.355246115,16731.70731707317,9436069.35101838,31899125.946444947,17707.317073170732,9435727.253360312,31898186.040854156,17707.317073170732
9436117.57551626,31899640.60364093,17219.51219512195,0.6885227713845526,9435823.702356063,31899215.355246115,16731.70731707317,9436165.800014133,31900155.260836914,16731.70731707317,9436411.44867645,31900065.85203574,17707.317073170732,9436069.35101838,31899125.946444947,17707.317073170732
9436459.673174325,31900580.509231724,17219.51219512195,0.48289349300228923,9436165.800014133,31900155.260836914,16731.70731707317,9436507.897672202,31901095.166427705,16731.70731707317,9436753.54633452,31901005.757626534,17707.317073170732,9436411.44867645,31900065.85203574,17707.317073170732
9436801.770832395,31901520.414822515,17219.51219512195,0.31252658306437625,9436507.897672202,31901095.166427705,16731.70731707317,9436849.99533027,31902035.072018497,16731.70731707317,9437095.643992588,31901945.66321733,17707.317073170732,9436753.54633452,31901005.757626534,17707.317073170732
9437143.868490465,31902460.32041331,17219.51219512195,0.2450850382155439,9436849.99533027,31902035.072018497,16731.70731707317,9437192.09298834,31902974.97760929,16731.70731707317,9437437.741650658,31902885.56880812,17707.317073170732,9437095.643992588,31901945.66321733,17707.317073170732
9437485.966148535,31903400.2260041,17219.51219512195,0.21469042408320688,9437192.09298834,31902974.97760929,16731.70731707317,9437534.19064641,31903914.883200087,16731.70731707317,9437779.839308728,31903825.474398915,17707.317073170732,9437437.741650658,31902885.56880812,17707.317073170732
9437828.063806603,31904340.131594896,17219.51219512195,0.17907147164858103,9437534.19064641,31903914.883200087,16731.70731707317,9437876.288304478,31904854.788790878,16731.70731707317,9438121.936966795,31904765.379989706,17707.317073170732,9437779.839308728,31903825.474398915,17707.317073170732
9438170.161464673,31905280.037185695,17219.51219512195,0.12178442155964227,9437876.288304478,31904854.788790878,16731.70731707317,9438218.385962548,31905794.694381673,16731.70731707317,9438464.034624865,31905705.2855805,17707.317073170732,9438121.936966795,31904765.379989706,17707.317073170732
9438512.25912274,31906219.942776483,17219.51219512195,0.06291917985276092,9438218.385962548,31905794.694381673,16731.70731707317,9438560.483620618,31906734.599972468,16731.70731707317,9438806.132282937,31906645.191171292,17707.317073170732,9438464.034624865,31905705.2855805,17707.317073170732
9438854.356780812,31907159.848367278,17219.51219512195,0.021485119655269072,9438560.483620618,31906734.599972468,16731.70731707317,9438902.581278685,31907674.50556326,16731.70731707317,9439148.229941005,31907585.09676209,17707.317073170732,9438806.132282937,31906645.191171292,17707.317073170732
9439196.45443888,31908099.753958073,17219.51219512195,0.00773781499167072,9438902.581278685,31907674.50556326,16731.70731707317,9439244.678936755,31908614.411154054,16731.70731707317,9439490.327599073,31908525.002352882,17707.317073170732,9439148.229941005,31907585.09676209,17707.317073170732
9439538.55209695,31909039.659548864,17219.51219512195,0.0009145725897769969,9439244.678936755,31908614.411154054,16731.70731707317,9439586.776594825,31909554.316744845,16731.70731707317,9439832.425257144,31909464.907943673,17707.317073170732,9439490.327599073,31908525.002352882,17707.317073170732
9439880.649755018,31909979.565139655,17219.51219512195,0.0020604174143345824,9439586.776594825,31909554.316744845,16731.70731707317,9439928.874252893,31910494.22233564,16731.70731707317,9440174.522915212,31910404.81353447,17707.317073170732,9439832.425257144,31909464.907943673,17707.317073170732
9440222.74741309,31910919.470730454,17219.51219512195,0.012039729443525837,9439928.874252893,31910494.22233564,16731.70731707317,9440270.971910963,31911434.127926435,16731.70731707317,9440516.62057328,31911344.71912526,17707.317073170732,9440174.522915212,31910404.81353447,17707.317073170732
9440564.845071156,31911859.37632125,17219.51219512195,0.037049026778241734,9440270.971910963,31911434.127926435,16731.70731707317,9440613.069569033,31912374.033517227,16731.70731707317,9440858.718231352,31912284.624716055,17707.317073170732,9440516.62057328,31911344.71912526,17707.317073170732
9440906.942729227,31912799.281912036,17219.51219512195,0.033649314899282336,9440613.069569033,31912374.033517227,16731.70731707317,9440955.1672271,31913313.93910802,16731.70731707317,9441200.81588942,31913224.53030685,17707.317073170732,9440858.718231352,31912284.624716055,17707.317073170732
9441249.040387295,31913739.187502835,17219.51219512195,0.039039955768391095,9440955.1672271,31913313.93910802,16731.70731707317,9441297.26488517,31914253.844698813,16731.70731707317,9441542.91354749,31914164.43589764,17707.317073170732,9441200.81588942,31913224.53030685,17707.317073170732
9441591.138045365,31914679.093093622,17219.51219512195,0.061805074802784556,9441297.26488517,31914253.844698813,16731.70731707317,9441639.36254324,31915193.750289608,16731.70731707317,9441885.01120556,31915104.341488436,17707.317073170732,9441542.91354749,31914164.43589764,17707.317073170732
9441933.235703433,31915618.998684417,17219.51219512195,0.07998032242413369,9441639.36254324,31915193.750289608,16731.70731707317,9441981.460201308,31916133.6558804,16731.70731707317,9442227.108863628,31916044.24707923,17707.317073170732,9441885.01120556,31915104.341488436,17707.317073170732
9442275.333361505,31916558.904275212,17219.51219512195,0.09415629925536916,9441981.460201308,31916133.6558804,16731.70731707317,9442323.55785938,31917073.561471194,16731.70731707317,9442569.206521697,31916984.152670022,17707.317073170732,9442227.108863628,31916044.24707923,17707.317073170732
9442617.43101957,31917498.809866007,17219.51219512195,0.10538125702788635,9442323.55785938,31917073.561471194,16731.70731707317,9442665.655517446,31918013.46706199,16731.70731707317,9442911.304179767,31917924.058260813,17707.317073170732,9442569.206521697,31916984.152670022,17707.317073170732
9442959.528677642,31918438.715456802,17219.51219512195,0.110456637942694,9442665.655517446,31918013.46706199,16731.70731707317,9443007.753175516,31918953.37265278,16731.70731707317,9443253.401837835,31918863.963851612,17707.317073170732,9442911.304179767,31917924.058260813,17707.317073170732
9443301.626335712,31919378.621047594,17219.51219512195,0.10547446483114462,9443007.753175516,31918953.37265278,16731.70731707317,9443349.850833587,31919893.278243575,16731.70731707317,9443595.499495905,31919803.869442403,17707.317073170732,9443253.401837835,31918863.963851612,17707.317073170732
9443643.72399378,31920318.52663838,17219.51219512195,0.11008707101492649,9443349.850833587,31919893.278243575,16731.70731707317,9443691.948491653,31920833.183834367,16731.70731707317,9443937.597153975,31920743.775033195,17707.317073170732,9443595.499495905,31919803.869442403,17707.317073170732
9443985.821651848,31921258.432229176,17219.51219512195,0.10546673007144128,9443691.948491653,31920833.183834367,16731.70731707317,9444034.046149723,31921773.08942516,16731.70731707317,9444279.694812043,31921683.680623993,17707.317073170732,9443937.597153975,31920743.775033195,17707.317073170732
9444327.91930992,31922198.33781997,17219.51219512195,0.05293216541595541,9444034.046149723,31921773.08942516,16731.70731707317,9444376.143807795,31922712.995015953,16731.70731707317,9444621.792470112,31922623.586214785,17707.317073170732,9444279.694812043,31921683.680623993,17707.317073170732
9444670.016967988,31923138.243410766,17219.51219512195,0.04084672867264108,9444376.143807795,31922712.995015953,16731.70731707317,9444718.241465861,31923652.900606748,16731.70731707317,9444963.890128182,31923563.491805576,17707.317073170732,9444621.792470112,31922623.586214785,17707.317073170732
9445012.114626057,31924078.14900156,17219.51219512195,0.05800825583772572,9444718.241465861,31923652.900606748,16731.70731707317,9445060.339123933,31924592.806197543,16731.70731707317,9445305.98778625,31924503.39739637,17707.317073170732,9444963.890128182,31923563.491805576,17707.317073170732
9445354.212284127,31925018.054592356,17219.51219512195,0.0823557254409071,9445060.339123933,31924592.806197543,16731.70731707317,9445402.436782002,31925532.711788334,16731.70731707317,9445648.08544432,31925443.302987166,17707.317073170732,9445305.98778625,31924503.39739637,17707.317073170732
9404548.141978135,31812139.974895965,18195.121951219513,2.164989679069411,9404254.268817944,31811714.726501156,17707.317073170732,9404596.366476012,31812654.632091947,17707.317073170732,9404842.015138328,31812565.22329078,18682.926829268294,9404499.917480258,31811625.317699984,18682.926829268294
9404890.239636205,31813079.88048676,18195.121951219513,1.9534155982546637,9404596.366476012,31812654.632091947,17707.317073170732,9404938.464134082,31813594.537682742,17707.317073170732,9405184.112796396,31813505.12888157,18682.926829268294,9404842.015138328,31812565.22329078,18682.926829268294
9405232.337294273,31814019.78607755,18195.121951219513,2.1874163112100136,9404938.464134082,31813594.537682742,17707.317073170732,9405280.561792152,31814534.443273533,17707.317073170732,9405526.210454466,31814445.03447236,18682.926829268294,9405184.112796396,31813505.12888157,18682.926829268294
9405574.434952343,31814959.691668347,18195.121951219513,2.62407466357001,9405280.561792152,31814534.443273533,17707.317073170732,9405622.65945022,31815474.348864328,17707.317073170732,9405868.308112536,31815384.94006316,18682.926829268294,9405526.210454466,31814445.03447236,18682.926829268294
9405916.532610415,31815899.597259145,18195.121951219513,2.8430205380983815,9405622.65945022,31815474.348864328,17707.317073170732,9405964.75710829,31816414.254455123,17707.317073170732,9406210.405770605,31816324.84565395,18682.926829268294,9405868.308112536,31815384.94006316,18682.926829268294
9406258.63026848,31816839.502849933,18195.121951219513,2.9454330814188996,9405964.75710829,31816414.254455123,17707.317073170732,9406306.85476636,31817354.160045914,17707.317073170732,9406552.503428673,31817264.751244742,18682.926829268294,9406210.405770605,31816324.84565395,18682.926829268294
9406600.72792655,31817779.408440728,18195.121951219513,3.237149664177784,9406306.85476636,31817354.160045914,17707.317073170732,9406648.952424427,31818294.06563671,17707.317073170732,9406894.601086743,31818204.65683554,18682.926829268294,9406552.503428673,31817264.751244742,18682.926829268294
9406942.82558462,31818719.314031523,18195.121951219513,3.590978336266865,9406648.952424427,31818294.06563671,17707.317073170732,9406991.050082497,31819233.971227504,17707.317073170732,9407236.698744813,31819144.562426332,18682.926829268294,9406894.601086743,31818204.65683554,18682.926829268294
9407284.92324269,31819659.219622314,18195.121951219513,4.3787714829004,9406991.050082497,31819233.971227504,17707.317073170732,9407333.147740567,31820173.876818296,17707.317073170732,9407578.796402883,31820084.468017124,18682.926829268294,9407236.698744813,31819144.562426332,18682.926829268294
9407627.02090076,31820599.125213105,18195.121951219513,5.275334242569876,9407333.147740567,31820173.876818296,17707.317073170732,9407675.245398635,31821113.782409087,17707.317073170732,9407920.89406095,31821024.37360792,18682.926829268294,9407578.796402883,31820084.468017124,18682.926829268294
9407969.11855883,31821539.030803904,18195.121951219513,5.955484452473038,9407675.245398635,31821113.782409087,17707.317073170732,9408017.343056705,31822053.68799988,17707.317073170732,9408262.99171902,31821964.279198714,18682.926829268294,9407920.89406095,31821024.37360792,18682.926829268294
9408311.216216896,31822478.9363947,18195.121951219513,6.437455729538543,9408017.343056705,31822053.68799988,17707.317073170732,9408359.440714775,31822993.593590677,17707.317073170732,9408605.08937709,31822904.184789505,18682.926829268294,9408262.99171902,31821964.279198714,18682.926829268294
9408653.313874967,31823418.841985486,18195.121951219513,7.3274848836395305,9408359.440714775,31822993.593590677,17707.317073170732,9408701.538372843,31823933.499181468,17707.317073170732,9408947.187035158,31823844.0903803,18682.926829268294,9408605.08937709,31822904.184789505,18682.926829268294
9408995.411533037,31824358.747576285,18195.121951219513,8.2109883088365,9408701.538372843,31823933.499181468,17707.317073170732,9409043.636030912,31824873.404772263,17707.317073170732,9409289.284693228,31824783.995971095,18682.926829268294,9408947.187035158,31823844.0903803,18682.926829268294
9409337.509191105,31825298.653167076,18195.121951219513,8.010769790506098,9409043.636030912,31824873.404772263,17707.317073170732,9409385.733688982,31825813.310363058,17707.317073170732,9409631.382351298,31825723.901561886,18682.926829268294,9409289.284693228,31824783.995971095,18682.926829268294
9409679.606849173,31826238.558757868,18195.121951219513,6.690955000707719,9409385.733688982,31825813.310363058,17707.317073170732,9409727.83134705,31826753.21595385,17707.317073170732,9409973.480009366,31826663.80715268,18682.926829268294,9409631.382351298,31825723.901561886,18682.926829268294
9410021.704507245,31827178.46434866,18195.121951219513,6.097839248868124,9409727.83134705,31826753.21595385,17707.317073170732,9410069.92900512,31827693.12154464,17707.317073170732,9410315.577667436,31827603.712743472,18682.926829268294,9409973.480009366,31826663.80715268,18682.926829268294
9410363.802165313,31828118.369939458,18195.121951219513,6.143310933981814,9410069.92900512,31827693.12154464,17707.317073170732,9410412.026663192,31828633.02713544,17707.317073170732,9410657.675325505,31828543.618334267,18682.926829268294,9410315.577667436,31827603.712743472,18682.926829268294
9410705.899823382,31829058.275530253,18195.121951219513,6.2009786851891935,9410412.026663192,31828633.02713544,17707.317073170732,9410754.124321258,31829572.93272623,17707.317073170732,9410999.772983573,31829483.523925062,18682.926829268294,9410657.675325505,31828543.618334267,18682.926829268294
9411047.99748145,31829998.18112104,18195.121951219513,6.643682187594032,9410754.124321258,31829572.93272623,17707.317073170732,9411096.221979327,31830512.83831702,17707.317073170732,9411341.870641643,31830423.429515854,18682.926829268294,9410999.772983573,31829483.523925062,18682.926829268294
9411390.09513952,31830938.08671184,18195.121951219513,6.761395680849666,9411096.221979327,31830512.83831702,17707.317073170732,9411438.3196374,31831452.74390782,17707.317073170732,9411683.968299713,31831363.33510665,18682.926829268294,9411341.870641643,31830423.429515854,18682.926829268294
9411732.19279759,31831877.992302626,18195.121951219513,7.580005801617855,9411438.3196374,31831452.74390782,17707.317073170732,9411780.417295465,31832392.649498608,17707.317073170732,9412026.06595778,31832303.24069744,18682.926829268294,9411683.968299713,31831363.33510665,18682.926829268294
9412074.29045566,31832817.89789342,18195.121951219513,8.75022124052387,9411780.417295465,31832392.649498608,17707.317073170732,9412122.514953535,31833332.555089403,17707.317073170732,9412368.16361585,31833243.146288235,18682.926829268294,9412026.06595778,31832303.24069744,18682.926829268294
9412416.388113728,31833757.803484216,18195.121951219513,9.172328669127134,9412122.514953535,31833332.555089403,17707.317073170732,9412464.612611607,31834272.460680198,17707.317073170732,9412710.26127392,31834183.051879026,18682.926829268294,9412368.16361585,31833243.146288235,18682.926829268294
9412758.485771798,31834697.70907501,18195.121951219513,8.939837334083988,9412464.612611607,31834272.460680198,17707.317073170732,9412806.710269675,31835212.366270993,17707.317073170732,9413052.358931988,31835122.95746982,18682.926829268294,9412710.26127392,31834183.051879026,18682.926829268294
9413100.583429867,31835637.614665806,18195.121951219513,8.076101594549533,9412806.710269675,31835212.366270993,17707.317073170732,9413148.807927743,31836152.271861784,17707.317073170732,9413394.456590058,31836062.863060616,18682.926829268294,9413052.358931988,31835122.95746982,18682.926829268294
9413442.681087935,31836577.520256598,18195.121951219513,8.127129443115567,9413148.807927743,31836152.271861784,17707.317073170732,9413490.905585814,31837092.17745258,17707.317073170732,9413736.554248128,31837002.768651407,18682.926829268294,9413394.456590058,31836062.863060616,18682.926829268294
9413784.778746005,31837517.425847385,18195.121951219513,7.6666463772944855,9413490.905585814,31837092.17745258,17707.317073170732,9413833.003243882,31838032.08304337,17707.317073170732,9414078.651906196,31837942.6742422,18682.926829268294,9413736.554248128,31837002.768651407,18682.926829268294
9414126.876404075,31838457.33143818,18195.121951219513,7.701959195919383,9413833.003243882,31838032.08304337,17707.317073170732,9414175.100901952,31838971.98863416,17707.317073170732,9414420.749564266,31838882.579832993,18682.926829268294,9414078.651906196,31837942.6742422,18682.926829268294
9414468.974062143,31839397.23702898,18195.121951219513,8.359221062989755,9414175.100901952,31838971.98863416,17707.317073170732,9414517.198560022,31839911.89422496,17707.317073170732,9414762.847222336,31839822.48542379,18682.926829268294,9414420.749564266,31838882.579832993,18682.926829268294
9414811.071720213,31840337.14261977,18195.121951219513,10.129231844043998,9414517.198560022,31839911.89422496,17707.317073170732,9414859.29621809,31840851.79981575,17707.317073170732,9415104.944880404,31840762.39101458,18682.926829268294,9414762.847222336,31839822.48542379,18682.926829268294
9415153.169378283,31841277.04821056,18195.121951219513,12.729374468933315,9414859.29621809,31840851.79981575,17707.317073170732,9415201.39387616,31841791.705406543,17707.317073170732,9415447.042538473,31841702.296605375,18682.926829268294,9415104.944880404,31840762.39101458,18682.926829268294
9415495.26703635,31842216.953801356,18195.121951219513,10.410109964101874,9415201.39387616,31841791.705406543,17707.317073170732,9415543.49153423,31842731.61099734,17707.317073170732,9415789.140196543,31842642.20219617,18682.926829268294,9415447.042538473,31841702.296605375,18682.926829268294
9415837.36469442,31843156.85939215,18195.121951219513,10.304066382066077,9415543.49153423,31842731.61099734,17707.317073170732,9415885.589192297,31843671.516588133,17707.317073170732,9416131.237854611,31843582.10778696,18682.926829268294,9415789.140196543,31842642.20219617,18682.926829268294
9416179.46235249,31844096.76498294,18195.121951219513,10.011260167234703,9415885.589192297,31843671.516588133,17707.317073170732,9416227.686850367,31844611.422178924,17707.317073170732,9416473.335512681,31844522.013377756,18682.926829268294,9416131.237854611,31843582.10778696,18682.926829268294
9416521.560010558,31845036.670573737,18195.121951219513,9.309200679572264,9416227.686850367,31844611.422178924,17707.317073170732,9416569.784508437,31845551.32776972,17707.317073170732,9416815.43317075,31845461.918968547,18682.926829268294,9416473.335512681,31844522.013377756,18682.926829268294
9416863.657668628,31845976.576164532,18195.121951219513,9.77739046593602,9416569.784508437,31845551.32776972,17707.317073170732,9416911.882166505,31846491.233360514,17707.317073170732,9417157.530828819,31846401.824559342,18682.926829268294,9416815.43317075,31845461.918968547,18682.926829268294
9417205.755326698,31846916.481755324,18195.121951219513,8.196845049242766,9416911.882166505,31846491.233360514,17707.317073170732,9417253.979824575,31847431.138951305,17707.317073170732,9417499.628486888,31847341.730150137,18682.926829268294,9417157.530828819,31846401.824559342,18682.926829268294
9417547.852984766,31847856.38734612,18195.121951219513,7.152946934306614,9417253.979824575,31847431.138951305,17707.317073170732,9417596.077482643,31848371.044542097,17707.317073170732,9417841.726144958,31848281.63574093,18682.926829268294,9417499.628486888,31847341.730150137,18682.926829268294
9417889.950642835,31848796.29293691,18195.121951219513,6.179076785388077,9417596.077482643,31848371.044542097,17707.317073170732,9417938.175140712,31849310.950132895,17707.317073170732,9418183.823803026,31849221.541331723,18682.926829268294,9417841.726144958,31848281.63574093,18682.926829268294
9418232.048300905,31849736.198527705,18195.121951219513,5.2317473409772814,9417938.175140712,31849310.950132895,17707.317073170732,9418280.272798782,31850250.855723687,17707.317073170732,9418525.921461098,31850161.44692252,18682.926829268294,9418183.823803026,31849221.541331723,18682.926829268294
9418574.145958975,31850676.104118496,18195.121951219513,4.538171964408802,9418280.272798782,31850250.855723687,17707.317073170732,9418622.37045685,31851190.761314478,17707.317073170732,9418868.019119166,31851101.35251331,18682.926829268294,9418525.921461098,31850161.44692252,18682.926829268294
9418916.243617043,31851616.00970929,18195.121951219513,4.025917934800649,9418622.37045685,31851190.761314478,17707.317073170732,9418964.46811492,31852130.666905273,17707.317073170732,9419210.116777234,31852041.2581041,18682.926829268294,9418868.019119166,31851101.35251331,18682.926829268294
9419258.341275113,31852555.915300086,18195.121951219513,4.141827777110466,9418964.46811492,31852130.666905273,17707.317073170732,9419306.56577299,31853070.572496068,17707.317073170732,9419552.214435305,31852981.1636949,18682.926829268294,9419210.116777234,31852041.2581041,18682.926829268294
9419600.438933183,31853495.82089088,18195.121951219513,4.245249490535241,9419306.56577299,31853070.572496068,17707.317073170732,9419648.663431058,31854010.47808686,17707.317073170732,9419894.312093375,31853921.06928569,18682.926829268294,9419552.214435305,31852981.1636949,18682.926829268294
9419942.536591252,31854435.726481672,18195.121951219513,4.09269837201189,9419648.663431058,31854010.47808686,17707.317073170732,9419990.761089128,31854950.383677654,17707.317073170732,9420236.409751441,31854860.974876482,18682.926829268294,9419894.312093375,31853921.06928569,18682.926829268294
9420284.63424932,31855375.632072464,18195.121951219513,4.637284620629443,9419990.761089128,31854950.383677654,17707.317073170732,9420332.858747197,31855890.289268445,17707.317073170732,9420578.507409513,31855800.88046728,18682.926829268294,9420236.409751441,31854860.974876482,18682.926829268294
9420626.73190739,31856315.53766326,18195.121951219513,4.9664799871797936,9420332.858747197,31855890.289268445,17707.317073170732,9420674.956405265,31856830.19485924,17707.317073170732,9420920.605067583,31856740.786058072,18682.926829268294,9420578.507409513,31855800.88046728,18682.926829268294
9420968.82956546,31857255.44325405,18195.121951219513,5.269175343339435,9420674.956405265,31856830.19485924,17707.317073170732,9421017.054063335,31857770.100450035,17707.317073170732,9421262.70272565,31857680.691648863,18682.926829268294,9420920.605067583,31856740.786058072,18682.926829268294
9421310.92722353,31858195.348844845,18195.121951219513,5.053517713964387,9421017.054063335,31857770.100450035,17707.317073170732,9421359.151721405,31858710.006040826,17707.317073170732,9421604.80038372,31858620.59723966,18682.926829268294,9421262.70272565,31857680.691648863,18682.926829268294
9421653.024881596,31859135.25443564,18195.121951219513,5.395149321396845,9421359.151721405,31858710.006040826,17707.317073170732,9421701.249379473,31859649.91163162,17707.317073170732,9421946.89804179,31859560.502830453,18682.926829268294,9421604.80038372,31858620.59723966,18682.926829268294
9421995.122539667,31860075.160026435,18195.121951219513,6.335789335505602,9421701.249379473,31859649.91163162,17707.317073170732,9422043.347037543,31860589.817222416,17707.317073170732,9422288.995699858,31860500.408421244,18682.926829268294,9421946.89804179,31859560.502830453,18682.926829268294
9422337.220197737,31861015.065617226,18195.121951219513,7.472573788812354,9422043.347037543,31860589.817222416,17707.317073170732,9422385.444695612,31861529.722813208,17707.317073170732,9422631.093357928,31861440.314012036,18682.926829268294,9422288.995699858,31860500.408421244,18682.926829268294
9422679.317855805,31861954.971208017,18195.121951219513,8.915846855293223,9422385.444695612,31861529.722813208,17707.317073170732,9422727.54235368,31862469.628404,17707.317073170732,9422973.191015998,31862380.21960283,18682.926829268294,9422631.093357928,31861440.314012036,18682.926829268294
9423021.415513873,31862894.876798812,18195.121951219513,9.266494560109926,9422727.54235368,31862469.628404,17707.317073170732,9423069.64001175,31863409.533994798,17707.317073170732,9423315.288674066,31863320.125193626,18682.926829268294,9422973.191015998,31862380.21960283,18682.926829268294
9423363.513171945,31863834.782389604,18195.121951219513,9.424191154883138,9423069.64001175,31863409.533994798,17707.317073170732,9423411.73766982,31864349.43958559,17707.317073170732,9423657.386332136,31864260.030784417,18682.926829268294,9423315.288674066,31863320.125193626,18682.926829268294
9423705.610830013,31864774.6879804,18195.121951219513,9.763143092481608,9423411.73766982,31864349.43958559,17707.317073170732,9423753.835327888,31865289.34517638,17707.317073170732,9423999.483990205,31865199.936375212,18682.926829268294,9423657.386332136,31864260.030784417,18682.926829268294
9424047.708488083,31865714.593571197,18195.121951219513,9.688176896146594,9423753.835327888,31865289.34517638,17707.317073170732,9424095.932985958,31866229.25076718,17707.317073170732,9424341.581648273,31866139.841966007,18682.926829268294,9423999.483990205,31865199.936375212,18682.926829268294
9424389.80614615,31866654.49916199,18195.121951219513,9.947672737964844,9424095.932985958,31866229.25076718,17707.317073170732,9424438.030644028,31867169.15635797,17707.317073170732,9424683.679306343,31867079.7475568,18682.926829268294,9424341.581648273,31866139.841966007,18682.926829268294
9424731.90380422,31867594.40475278,18195.121951219513,8.428160728525961,9424438.030644028,31867169.15635797,17707.317073170732,9424780.128302095,31868109.06194876,17707.317073170732,9425025.776964413,31868019.653147593,18682.926829268294,9424683.679306343,31867079.7475568,18682.926829268294
9425074.00146229,31868534.310343575,18195.121951219513,8.045773520219631,9424780.128302095,31868109.06194876,17707.317073170732,9425122.225960167,31869048.967539556,17707.317073170732,9425367.874622481,31868959.558738384,18682.926829268294,9425025.776964413,31868019.653147593,18682.926829268294
9425416.099120358,31869474.215934366,18195.121951219513,7.390585363765166,9425122.225960167,31869048.967539556,17707.317073170732,9425464.323618235,31869988.873130348,17707.317073170732,9425709.97228055,31869899.464329176,18682.926829268294,9425367.874622481,31868959.558738384,18682.926829268294
9425758.196778426,31870414.121525157,18195.121951219513,6.269218369378598,9425464.323618235,31869988.873130348,17707.317073170732,9425806.421276303,31870928.778721143,17707.317073170732,9426052.06993862,31870839.369919974,18682.926829268294,9425709.97228055,31869899.464329176,18682.926829268294
9426100.294436498,31871354.027115956,18195.121951219513,5.8414605697546556,9425806.421276303,31870928.778721143,17707.317073170732,9426148.518934375,31871868.684311938,17707.317073170732,9426394.167596688,31871779.275510766,18682.926829268294,9426052.06993862,31870839.369919974,18682.926829268294
9426442.392094566,31872293.93270675,18195.121951219513,5.979759462524766,9426148.518934375,31871868.684311938,17707.317073170732,9426490.616592444,31872808.589902733,17707.317073170732,9426736.265254758,31872719.18110156,18682.926829268294,9426394.167596688,31871779.275510766,18682.926829268294
9426784.489752635,31873233.838297542,18195.121951219513,5.873652785322889,9426490.616592444,31872808.589902733,17707.317073170732,9426832.71425051,31873748.495493524,17707.317073170732,9427078.362912828,31873659.086692356,18682.926829268294,9426736.265254758,31872719.18110156,18682.926829268294
9427126.587410705,31874173.743888337,18195.121951219513,6.053262934634366,9426832.71425051,31873748.495493524,17707.317073170732,9427174.811908582,31874688.401084315,17707.317073170732,9427420.460570896,31874598.992283147,18682.926829268294,9427078.362912828,31873659.086692356,18682.926829268294
9427468.685068773,31875113.64947913,18195.121951219513,5.726561081008803,9427174.811908582,31874688.401084315,17707.317073170732,9427516.909566652,31875628.30667511,17707.317073170732,9427762.558228966,31875538.897873938,18682.926829268294,9427420.460570896,31874598.992283147,18682.926829268294
9427810.782726843,31876053.55506992,18195.121951219513,4.805395393452449,9427516.909566652,31875628.30667511,17707.317073170732,9427859.00722472,31876568.2122659,17707.317073170732,9428104.655887036,31876478.803464733,18682.926829268294,9427762.558228966,31875538.897873938,18682.926829268294
9428152.880384913,31876993.460660715,18195.121951219513,4.019758992473384,9427859.00722472,31876568.2122659,17707.317073170732,9428201.10488279,31877508.117856696,17707.317073170732,9428446.753545104,31877418.709055528,18682.926829268294,9428104.655887036,31876478.803464733,18682.926829268294
9428494.97804298,31877933.36625151,18195.121951219513,3.434021299254782,9428201.10488279,31877508.117856696,17707.317073170732,9428543.20254086,31878448.02344749,17707.317073170732,9428788.851203173,31878358.61464632,18682.926829268294,9428446.753545104,31877418.709055528,18682.926829268294
9428837.07570105,31878873.271842305,18195.121951219513,3.5666169763962183,9428543.20254086,31878448.02344749,17707.317073170732,9428885.300198928,31879387.929038282,17707.317073170732,9429130.948861243,31879298.520237114,18682.926829268294,9428788.851203173,31878358.61464632,18682.926829268294
9429179.17335912,31879813.177433096,18195.121951219513,3.705886058139199,9428885.300198928,31879387.929038282,17707.317073170732,9429227.397856997,31880327.834629074,17707.317073170732,9429473.046519311,31880238.42582791,18682.926829268294,9429130.948861243,31879298.520237114,18682.926829268294
9429521.271017188,31880753.08302389,18195.121951219513,3.4274092925861157,9429227.397856997,31880327.834629074,17707.317073170732,9429569.495515067,31881267.740219872,17707.317073170732,9429815.144177381,31881178.3314187,18682.926829268294,9429473.046519311,31880238.42582791,18682.926829268294
9429863.368675258,31881692.988614682,18195.121951219513,2.944679940919649,9429569.495515067,31881267.740219872,17707.317073170732,9429911.593173135,31882207.645810664,17707.317073170732,9430157.24183545,31882118.237009495,18682.926829268294,9429815.144177381,31881178.3314187,18682.926829268294
9430205.466333328,31882632.894205473,18195.121951219513,2.95615362637411,9429911.593173135,31882207.645810664,17707.317073170732,9430253.690831205,31883147.551401455,17707.317073170732,9430499.339493519,31883058.142600287,18682.926829268294,9430157.24183545,31882118.237009495,18682.926829268294
9430547.563991396,31883572.79979627,18195.121951219513,3.051607033010756,9430253.690831205,31883147.551401455,17707.317073170732,9430595.788489275,31884087.456992254,17707.317073170732,9430841.437151588,31883998.04819108,18682.926829268294,9430499.339493519,31883058.142600287,18682.926829268294
9430889.661649466,31884512.705387063,18195.121951219513,3.294353715552535,9430595.788489275,31884087.456992254,17707.317073170732,9430937.886147343,31885027.362583045,17707.317073170732,9431183.534809658,31884937.953781877,18682.926829268294,9430841.437151588,31883998.04819108,18682.926829268294
9431231.759307535,31885452.61097786,18195.121951219513,3.0007052668289798,9430937.886147343,31885027.362583045,17707.317073170732,9431279.983805412,31885967.268173836,17707.317073170732,9431525.632467726,31885877.859372668,18682.926829268294,9431183.534809658,31884937.953781877,18682.926829268294
9431573.856965603,31886392.51656865,18195.121951219513,2.5620463706466974,9431279.983805412,31885967.268173836,17707.317073170732,9431622.081463482,31886907.17376463,17707.317073170732,9431867.730125796,31886817.76496346,18682.926829268294,9431525.632467726,31885877.859372668,18682.926829268294
9431915.954623673,31887332.422159445,18195.121951219513,1.9258246621285826,9431622.081463482,31886907.17376463,17707.317073170732,9431964.17912155,31887847.079355426,17707.317073170732,9432209.827783868,31887757.670554254,18682.926829268294,9431867.730125796,31886817.76496346,18682.926829268294
9432258.052281743,31888272.327750236,18195.121951219513,1.4178391667418988,9431964.17912155,31887847.079355426,17707.317073170732,9432306.27677962,31888786.984946217,17707.317073170732,9432551.925441934,31888697.57614505,18682.926829268294,9432209.827783868,31887757.670554254,18682.926829268294
9432600.14993981,31889212.23334103,18195.121951219513,1.2563732852474028,9432306.27677962,31888786.984946217,17707.317073170732,9432648.37443769,31889726.890537012,17707.317073170732,9432894.023100004,31889637.48173584,18682.926829268294,9432551.925441934,31888697.57614505,18682.926829268294
9432942.24759788,31890152.138931822,18195.121951219513,1.2247816240506786,9432648.37443769,31889726.890537012,17707.317073170732,9432990.472095758,31890666.796127807,17707.317073170732,9433236.120758073,31890577.387326635,18682.926829268294,9432894.023100004,31889637.48173584,18682.926829268294
9433284.345255952,31891092.044522617,18195.121951219513,1.3704663631169118,9432990.472095758,31890666.796127807,17707.317073170732,9433332.569753828,31891606.7017186,17707.317073170732,9433578.218416143,31891517.29291743,18682.926829268294,9433236.120758073,31890577.387326635,18682.926829268294
9433626.442914018,31892031.950113416,18195.121951219513,1.222781667732399,9433332.569753828,31891606.7017186,17707.317073170732,9433674.667411897,31892546.607309394,17707.317073170732,9433920.316074211,31892457.19850822,18682.926829268294,9433578.218416143,31891517.29291743,18682.926829268294
9433968.540572088,31892971.855704203,18195.121951219513,1.2818986336510378,9433674.667411897,31892546.607309394,17707.317073170732,9434016.765069965,31893486.512900185,17707.317073170732,9434262.413732281,31893397.104099013,18682.926829268294,9433920.316074211,31892457.19850822,18682.926829268294
9434310.63823016,31893911.761295,18195.121951219513,1.395048449684938,9434016.765069965,31893486.512900185,17707.317073170732,9434358.862728035,31894426.41849098,17707.317073170732,9434604.51139035,31894337.00968981,18682.926829268294,9434262.413732281,31893397.104099013,18682.926829268294
9434652.735888228,31894851.666885793,18195.121951219513,1.2533997818583622,9434358.862728035,31894426.41849098,17707.317073170732,9434700.960386105,31895366.324081775,17707.317073170732,9434946.60904842,31895276.915280603,18682.926829268294,9434604.51139035,31894337.00968981,18682.926829268294
9434994.833546296,31895791.572476584,18195.121951219513,1.2934362327939666,9434700.960386105,31895366.324081775,17707.317073170732,9435043.058044173,31896306.229672566,17707.317073170732,9435288.706706489,31896216.820871394,18682.926829268294,9434946.60904842,31895276.915280603,18682.926829268294
9435336.931204367,31896731.478067376,18195.121951219513,1.2822390834744235,9435043.058044173,31896306.229672566,17707.317073170732,9435385.155702243,31897246.13526336,17707.317073170732,9435630.804364558,31897156.726462193,18682.926829268294,9435288.706706489,31896216.820871394,18682.926829268294
9435679.028862435,31897671.383658174,18195.121951219513,1.127971973227779,9435385.155702243,31897246.13526336,17707.317073170732,9435727.253360312,31898186.040854156,17707.317073170732,9435972.902022628,31898096.632052984,18682.926829268294,9435630.804364558,31897156.726462193,18682.926829268294
9436021.126520505,31898611.28924897,18195.121951219513,0.9450177214751733,9435727.253360312,31898186.040854156,17707.317073170732,9436069.35101838,31899125.946444947,17707.317073170732,9436314.999680696,31899036.537643775,18682.926829268294,9435972.902022628,31898096.632052984,18682.926829268294
9436363.224178573,31899551.194839757,18195.121951219513,0.5651127135165367,9436069.35101838,31899125.946444947,17707.317073170732,9436411.44867645,31900065.85203574,17707.317073170732,9436657.097338766,31899976.44323457,18682.926829268294,9436314.999680696,31899036.537643775,18682.926829268294
9436705.321836643,31900491.100430556,18195.121951219513,0.5466597469419638,9436411.44867645,31900065.85203574,17707.317073170732,9436753.54633452,31901005.757626534,17707.317073170732,9436999.194996836,31900916.348825365,18682.926829268294,9436657.097338766,31899976.44323457,18682.926829268294
9437047.419494713,31901431.006021347,18195.121951219513,0.44026535793616106,9436753.54633452,31901005.757626534,17707.317073170732,9437095.643992588,31901945.66321733,17707.317073170732,9437341.292654904,31901856.254416157,18682.926829268294,9436999.194996836,31900916.348825365,18682.926829268294
9437389.517152783,31902370.91161214,18195.121951219513,0.26136627851735306,9437095.643992588,31901945.66321733,17707.317073170732,9437437.741650658,31902885.56880812,17707.317073170732,9437683.390312973,31902796.16000695,18682.926829268294,9437341.292654904,31901856.254416157,18682.926829268294
9437731.614810849,31903310.817202933,18195.121951219513,0.20154145127296033,9437437.741650658,31902885.56880812,17707.317073170732,9437779.839308728,31903825.474398915,17707.317073170732,9438025.487971043,31903736.065597747,18682.926829268294,9437683.390312973,31902796.16000695,18682.926829268294
9438073.71246892,31904250.722793728,18195.121951219513,0.11186788304998514,9437779.839308728,31903825.474398915,17707.317073170732,9438121.936966795,31904765.379989706,17707.317073170732,9438367.585629111,31904675.971188534,18682.926829268294,9438025.487971043,31903736.065597747,18682.926829268294
9438415.81012699,31905190.628384516,18195.121951219513,0.041919823373789994,9438121.936966795,31904765.379989706,17707.317073170732,9438464.034624865,31905705.2855805,17707.317073170732,9438709.683287181,31905615.876779333,18682.926829268294,9438367.585629111,31904675.971188534,18682.926829268294
9438757.907785058,31906130.533975314,18195.121951219513,0.021200216940715125,9438464.034624865,31905705.2855805,17707.317073170732,9438806.132282937,31906645.191171292,17707.317073170732,9439051.78094525,31906555.782370124,18682.926829268294,9438709.683287181,31905615.876779333,18682.926829268294
9439100.005443128,31907070.43956611,18195.121951219513,0.023853324849593186,9438806.132282937,31906645.191171292,17707.317073170732,9439148.229941005,31907585.09676209,17707.317073170732,9439393.878603319,31907495.68796092,18682.926829268294,9439051.78094525,31906555.782370124,18682.926829268294
9439442.103101198,31908010.3451569,18195.121951219513,0.04399829272003947,9439148.229941005,31907585.09676209,17707.317073170732,9439490.327599073,31908525.002352882,17707.317073170732,9439735.976261389,31908435.593551714,18682.926829268294,9439393.878603319,31907495.68796092,18682.926829268294
9439784.200759266,31908950.25074769,18195.121951219513,0.041626336951649384,9439490.327599073,31908525.002352882,17707.317073170732,9439832.425257144,31909464.907943673,17707.317073170732,9440078.073919458,31909375.499142505,18682.926829268294,9439735.976261389,31908435.593551714,18682.926829268294
9440126.298417335,31909890.156338487,18195.121951219513,0.02151807312963509,9439832.425257144,31909464.907943673,17707.317073170732,9440174.522915212,31910404.81353447,17707.317073170732,9440420.171577526,31910315.4047333,18682.926829268294,9440078.073919458,31909375.499142505,18682.926829268294
9440468.396075405,31910830.06192928,18195.121951219513,0.022530285165512205,9440174.522915212,31910404.81353447,17707.317073170732,9440516.62057328,31911344.71912526,17707.317073170732,9440762.269235596,31911255.31032409,18682.926829268294,9440420.171577526,31910315.4047333,18682.926829268294
9440810.493733473,31911769.96752007,18195.121951219513,0.045033936328402184,9440516.62057328,31911344.71912526,17707.317073170732,9440858.718231352,31912284.624716055,17707.317073170732,9441104.366893666,31912195.215914886,18682.926829268294,9440762.269235596,31911255.31032409,18682.926829268294
9441152.591391543,31912709.873110868,18195.121951219513,0.05165938906030832,9440858.718231352,31912284.624716055,17707.317073170732,9441200.81588942,31913224.53030685,17707.317073170732,9441446.464551734,31913135.121505678,18682.926829268294,9441104.366893666,31912195.215914886,18682.926829268294
9441494.689049613,31913649.778701656,18195.121951219513,0.07446747916803655,9441200.81588942,31913224.53030685,17707.317073170732,9441542.91354749,31914164.43589764,17707.317073170732,9441788.562209804,31914075.027096473,18682.926829268294,9441446.464551734,31913135.121505678,18682.926829268294
9441836.78670768,31914589.68429245,18195.121951219513,0.10259025623484995,9441542.91354749,31914164.43589764,17707.317073170732,9441885.01120556,31915104.341488436,17707.317073170732,9442130.659867873,31915014.932687268,18682.926829268294,9441788.562209804,31914075.027096473,18682.926829268294
9442178.88436575,31915529.58988325,18195.121951219513,0.16514258515953487,9441885.01120556,31915104.341488436,17707.317073170732,9442227.108863628,31916044.24707923,17707.317073170732,9442472.757525941,31915954.83827806,18682.926829268294,9442130.659867873,31915014.932687268,18682.926829268294
9442520.98202382,31916469.49547404,18195.121951219513,0.2038318145299549,9442227.108863628,31916044.24707923,17707.317073170732,9442569.206521697,31916984.152670022,17707.317073170732,9442814.855184011,31916894.74386885,18682.926829268294,9442472.757525941,31915954.83827806,18682.926829268294
9442863.079681888,31917409.40106483,18195.121951219513,0.19946864102094045,9442569.206521697,31916984.152670022,17707.317073170732,9442911.304179767,31917924.058260813,17707.317073170732,9443156.952842081,31917834.649459645,18682.926829268294,9442814.855184011,31916894.74386885,18682.926829268294
9443205.177339958,31918349.306655627,18195.121951219513,0.20397125469045665,9442911.304179767,31917924.058260813,17707.317073170732,9443253.401837835,31918863.963851612,17707.317073170732,9443499.050500149,31918774.55505044,18682.926829268294,9443156.952842081,31917834.649459645,18682.926829268294
9443547.274998028,31919289.21224642,18195.121951219513,0.1793585334645989,9443253.401837835,31918863.963851612,17707.317073170732,9443595.499495905,31919803.869442403,17707.317073170732,9443841.148158219,31919714.46064123,18682.926829268294,9443499.050500149,31918774.55505044,18682.926829268294
9443889.372656096,31920229.11783721,18195.121951219513,0.13573301643624086,9443595.499495905,31919803.869442403,17707.317073170732,9443937.597153975,31920743.775033195,17707.317073170732,9444183.245816289,31920654.366232026,18682.926829268294,9443841.148158219,31919714.46064123,18682.926829268294
9444231.470314166,31921169.023428008,18195.121951219513,0.11736814196863742,9443937.597153975,31920743.775033195,17707.317073170732,9444279.694812043,31921683.680623993,17707.317073170732,9444525.343474356,31921594.27182282,18682.926829268294,9444183.245816289,31920654.366232026,18682.926829268294
9444573.567972235,31922108.929018803,18195.121951219513,0.05972466626250503,9444279.694812043,31921683.680623993,17707.317073170732,9444621.792470112,31922623.586214785,17707.317073170732,9444867.441132426,31922534.177413613,18682.926829268294,9444525.343474356,31921594.27182282,18682.926829268294
9444915.665630303,31923048.834609594,18195.121951219513,0.05127107019741675,9444621.792470112,31922623.586214785,17707.317073170732,9444963.890128182,31923563.491805576,17707.317073170732,9445209.538790496,31923474.083004408,18682.926829268294,9444867.441132426,31922534.177413613,18682.926829268294
9445257.763288373,31923988.74020039,18195.121951219513,0.04554330900814191,9444963.890128182,31923563.491805576,17707.317073170732,9445305.98778625,31924503.39739637,17707.317073170732,9445551.636448564,31924413.9885952,18682.926829268294,9445209.538790496,31923474.083004408,18682.926829268294
9445599.860946443,31924928.64579118,18195.121951219513,0.06587764431778086,9445305.98778625,31924503.39739637,17707.317073170732,9445648.08544432,31925443.302987166,17707.317073170732,9445893.734106634,31925353.894185994,18682.926829268294,9445551.636448564,31924413.9885952,18682.926829268294
9404793.790640451,31812050.566094797,19170.731707317074,2.0196108342531307,9404499.917480258,31811625.317699984,18682.926829268294,9404842.015138328,31812565.22329078,18682.926829268294,9405087.663800644,31812475.814489607,19658.53658536585,9404745.566142574,31811535.908898816,19658.53658536585
9405135.88829852,31812990.47168559,19170.731707317074,1.8787994768076917,9404842.015138328,31812565.22329078,18682.926829268294,9405184.112796396,31813505.12888157,18682.926829268294,9405429.761458712,31813415.7200804,19658.53658536585,9405087.663800644,31812475.814489607,19658.53658536585
9405477.985956589,31813930.377276383,19170.731707317074,2.3431959681838,9405184.112796396,31813505.12888157,18682.926829268294,9405526.210454466,31814445.03447236,18682.926829268294,9405771.859116782,31814355.625671193,19658.53658536585,9405429.761458712,31813415.7200804,19658.53658536585
9405820.083614659,31814870.28286718,19170.731707317074,2.368714516481877,9405526.210454466,31814445.03447236,18682.926829268294,9405868.308112536,31815384.94006316,18682.926829268294,9406113.956774851,31815295.531261988,19658.53658536585,9405771.859116782,31814355.625671193,19658.53658536585
9406162.181272728,31815810.188457973,19170.731707317074,2.406534827599347,9405868.308112536,31815384.94006316,18682.926829268294,9406210.405770605,31816324.84565395,18682.926829268294,9406456.05443292,31816235.436852783,19658.53658536585,9406113.956774851,31815295.531261988,19658.53658536585
9406504.278930796,31816750.09404876,19170.731707317074,2.694440936558554,9406210.405770605,31816324.84565395,18682.926829268294,9406552.503428673,31817264.751244742,18682.926829268294,9406798.152090989,31817175.342443574,19658.53658536585,9406456.05443292,31816235.436852783,19658.53658536585
9406846.376588866,31817689.99963956,19170.731707317074,3.0091966540060517,9406552.503428673,31817264.751244742,18682.926829268294,9406894.601086743,31818204.65683554,18682.926829268294,9407140.249749059,31818115.24803437,19658.53658536585,9406798.152090989,31817175.342443574,19658.53658536585
9407188.474246936,31818629.90523035,19170.731707317074,4.038590331179387,9406894.601086743,31818204.65683554,18682.926829268294,9407236.698744813,31819144.562426332,18682.926829268294,9407482.347407127,31819055.153625164,19658.53658536585,9407140.249749059,31818115.24803437,19658.53658536585
9407530.571905004,31819569.810821142,19170.731707317074,5.286348768912627,9407236.698744813,31819144.562426332,18682.926829268294,9407578.796402883,31820084.468017124,18682.926829268294,9407824.445065197,31819995.059215955,19658.53658536585,9407482.347407127,31819055.153625164,19658.53658536585
9407872.669563074,31820509.716411937,19170.731707317074,5.477376370589046,9407578.796402883,31820084.468017124,18682.926829268294,9407920.89406095,31821024.37360792,18682.926829268294,9408166.542723266,31820934.964806747,19658.53658536585,9407824.445065197,31819995.059215955,19658.53658536585
9408214.767221143,31821449.622002732,19170.731707317074,5.72237952832856,9407920.89406095,31821024.37360792,18682.926829268294,9408262.99171902,31821964.279198714,18682.926829268294,9408508.640381334,31821874.87039754,19658.53658536585,9408166.542723266,31820934.964806747,19658.53658536585
9408556.864879211,31822389.527593527,19170.731707317074,6.717707124269792,9408262.99171902,31821964.279198714,18682.926829268294,9408605.08937709,31822904.184789505,18682.926829268294,9408850.738039404,31822814.775988337,19658.53658536585,9408508.640381334,31821874.87039754,19658.53658536585
9408898.962537281,31823329.43318432,19170.731707317074,8.013085923512527,9408605.08937709,31822904.184789505,18682.926829268294,9408947.187035158,31823844.0903803,18682.926829268294,9409192.835697474,31823754.681579128,19658.53658536585,9408850.738039404,31822814.775988337,19658.53658536585
9409241.060195351,31824269.338775113,19170.731707317074,9.060702148806692,9408947.187035158,31823844.0903803,18682.926829268294,9409289.284693228,31824783.995971095,18682.926829268294,9409534.933355542,31824694.587169923,19658.53658536585,9409192.835697474,31823754.681579128,19658.53658536585
9409583.157853419,31825209.244365904,19170.731707317074,8.658293941020805,9409289.284693228,31824783.995971095,18682.926829268294,9409631.382351298,31825723.901561886,18682.926829268294,9409877.031013612,31825634.492760718,19658.53658536585,9409534.933355542,31824694.587169923,19658.53658536585
9409925.255511489,31826149.1499567,19170.731707317074,7.3268763346016215,9409631.382351298,31825723.901561886,18682.926829268294,9409973.480009366,31826663.80715268,18682.926829268294,9410219.128671682,31826574.39835151,19658.53658536585,9409877.031013612,31825634.492760718,19658.53658536585
9410267.353169559,31827089.05554749,19170.731707317074,7.299242430044866,9409973.480009366,31826663.80715268,18682.926829268294,9410315.577667436,31827603.712743472,18682.926829268294,9410561.22632975,31827514.3039423,19658.53658536585,9410219.128671682,31826574.39835151,19658.53658536585
9410609.450827627,31828028.961138286,19170.731707317074,8.173246347416944,9410315.577667436,31827603.712743472,18682.926829268294,9410657.675325505,31828543.618334267,18682.926829268294,9410903.32398782,31828454.2095331,19658.53658536585,9410561.22632975,31827514.3039423,19658.53658536585
9410951.548485696,31828968.866729084,19170.731707317074,8.992864515790762,9410657.675325505,31828543.618334267,18682.926829268294,9410999.772983573,31829483.523925062,18682.926829268294,9411245.421645889,31829394.11512389,19658.53658536585,9410903.32398782,31828454.2095331,19658.53658536585
9411293.646143766,31829908.772319872,19170.731707317074,8.77938621576405,9410999.772983573,31829483.523925062,18682.926829268294,9411341.870641643,31830423.429515854,18682.926829268294,9411587.519303957,31830334.02071468,19658.53658536585,9411245.421645889,31829394.11512389,19658.53658536585
9411635.743801834,31830848.677910667,19170.731707317074,7.771286639646868,9411341.870641643,31830423.429515854,18682.926829268294,9411683.968299713,31831363.33510665,18682.926829268294,9411929.616962029,31831273.92630548,19658.53658536585,9411587.519303957,31830334.02071468,19658.53658536585
9411977.841459904,31831788.58350146,19170.731707317074,8.207506134545783,9411683.968299713,31831363.33510665,18682.926829268294,9412026.06595778,31832303.24069744,18682.926829268294,9412271.714620097,31832213.831896268,19658.53658536585,9411929.616962029,31831273.92630548,19658.53658536585
9412319.939117974,31832728.489092253,19170.731707317074,10.500684924068585,9412026.06595778,31832303.24069744,18682.926829268294,9412368.16361585,31833243.146288235,18682.926829268294,9412613.812278165,31833153.737487063,19658.53658536585,9412271.714620097,31832213.831896268,19658.53658536585
9412662.036776042,31833668.394683044,19170.731707317074,11.852151084031323,9412368.16361585,31833243.146288235,18682.926829268294,9412710.26127392,31834183.051879026,18682.926829268294,9412955.909936236,31834093.643077858,19658.53658536585,9412613.812278165,31833153.737487063,19658.53658536585
9413004.134434113,31834608.300273843,19170.731707317074,10.756759243989444,9412710.26127392,31834183.051879026,18682.926829268294,9413052.358931988,31835122.95746982,18682.926829268294,9413298.007594306,31835033.548668653,19658.53658536585,9412955.909936236,31834093.643077858,19658.53658536585
9413346.232092181,31835548.205864638,19170.731707317074,10.342472892354737,9413052.358931988,31835122.95746982,18682.926829268294,9413394.456590058,31836062.863060616,18682.926829268294,9413640.105252372,31835973.454259444,19658.53658536585,9413298.007594306,31835033.548668653,19658.53658536585
9413688.32975025,31836488.111455426,19170.731707317074,9.80186435997242,9413394.456590058,31836062.863060616,18682.926829268294,9413736.554248128,31837002.768651407,18682.926829268294,9413982.202910444,31836913.35985024,19658.53658536585,9413640.105252372,31835973.454259444,19658.53658536585
9414030.42740832,31837428.01704622,19170.731707317074,9.54488812932095,9413736.554248128,31837002.768651407,18682.926829268294,9414078.651906196,31837942.6742422,18682.926829268294,9414324.300568512,31837853.265441034,19658.53658536585,9413982.202910444,31836913.35985024,19658.53658536585
9414372.52506639,31838367.92263701,19170.731707317074,10.057170023808338,9414078.651906196,31837942.6742422,18682.926829268294,9414420.749564266,31838882.579832993,18682.926829268294,9414666.398226582,31838793.17103182,19658.53658536585,9414324.300568512,31837853.265441034,19658.53658536585
9414714.622724457,31839307.828227807,19170.731707317074,11.046841897903477,9414420.749564266,31838882.579832993,18682.926829268294,9414762.847222336,31839822.48542379,18682.926829268294,9415008.495884651,31839733.07662262,19658.53658536585,9414666.398226582,31838793.17103182,19658.53658536585
9415056.720382528,31840247.733818598,19170.731707317074,12.069826964328563,9414762.847222336,31839822.48542379,18682.926829268294,9415104.944880404,31840762.39101458,18682.926829268294,9415350.59354272,31840672.98221341,19658.53658536585,9415008.495884651,31839733.07662262,19658.53658536585
9415398.818040598,31841187.639409393,19170.731707317074,14.176294743693541,9415104.944880404,31840762.39101458,18682.926829268294,9415447.042538473,31841702.296605375,18682.926829268294,9415692.691200789,31841612.887804203,19658.53658536585,9415350.59354272,31840672.98221341,19658.53658536585
9415740.915698666,31842127.545000184,19170.731707317074,14.252567347901898,9415447.042538473,31841702.296605375,18682.926829268294,9415789.140196543,31842642.20219617,18682.926829268294,9416034.788858859,31842552.793395,19658.53658536585,9415692.691200789,31841612.887804203,19658.53658536585
9416083.013356734,31843067.45059098,19170.731707317074,13.99753699601856,9415789.140196543,31842642.20219617,18682.926829268294,9416131.237854611,31843582.10778696,18682.926829268294,9416376.886516927,31843492.698985793,19658.53658536585,9416034.788858859,31842552.793395,19658.53658536585
9416425.111014806,31844007.35618177,19170.731707317074,12.722160769338211,9416131.237854611,31843582.10778696,18682.926829268294,9416473.335512681,31844522.013377756,18682.926829268294,9416718.984174997,31844432.604576584,19658.53658536585,9416376.886516927,31843492.698985793,19658.53658536585
9416767.208672874,31844947.261772566,19170.731707317074,10.614579193604742,9416473.335512681,31844522.013377756,18682.926829268294,9416815.43317075,31845461.918968547,18682.926829268294,9417061.081833066,31845372.51016738,19658.53658536585,9416718.984174997,31844432.604576584,19658.53658536585
9417109.306330943,31845887.16736336,19170.731707317074,10.724844468394084,9416815.43317075,31845461.918968547,18682.926829268294,9417157.530828819,31846401.824559342,18682.926829268294,9417403.179491134,31846312.415758174,19658.53658536585,9417061.081833066,31845372.51016738,19658.53658536585
9417451.403989011,31846827.072954156,19170.731707317074,8.552303452922105,9417157.530828819,31846401.824559342,18682.926829268294,9417499.628486888,31847341.730150137,18682.926829268294,9417745.277149204,31847252.321348965,19658.53658536585,9417403.179491134,31846312.415758174,19658.53658536585
9417793.501647081,31847766.978544947,19170.731707317074,7.091922550199353,9417499.628486888,31847341.730150137,18682.926829268294,9417841.726144958,31848281.63574093,18682.926829268294,9418087.374807274,31848192.226939756,19658.53658536585,9417745.277149204,31847252.321348965,19658.53658536585
9418135.599305151,31848706.884135738,19170.731707317074,7.030742345897694,9417841.726144958,31848281.63574093,18682.926829268294,9418183.823803026,31849221.541331723,18682.926829268294,9418429.472465342,31849132.132530555,19658.53658536585,9418087.374807274,31848192.226939756,19658.53658536585
9418477.69696322,31849646.789726537,19170.731707317074,7.13152927340298,9418183.823803026,31849221.541331723,18682.926829268294,9418525.921461098,31850161.44692252,18682.926829268294,9418771.570123412,31850072.038121346,19658.53658536585,9418429.472465342,31849132.132530555,19658.53658536585
9418819.794621289,31850586.695317324,19170.731707317074,6.026785766634859,9418525.921461098,31850161.44692252,18682.926829268294,9418868.019119166,31851101.35251331,18682.926829268294,9419113.667781482,31851011.943712138,19658.53658536585,9418771.570123412,31850072.038121346,19658.53658536585
9419161.892279359,31851526.60090812,19170.731707317074,5.08276850926527,9418868.019119166,31851101.35251331,18682.926829268294,9419210.116777234,31852041.2581041,18682.926829268294,9419455.76543955,31851951.849302933,19658.53658536585,9419113.667781482,31851011.943712138,19658.53658536585
9419503.989937428,31852466.506498918,19170.731707317074,4.886338854752452,9419210.116777234,31852041.2581041,18682.926829268294,9419552.214435305,31852981.1636949,18682.926829268294,9419797.86309762,31852891.754893728,19658.53658536585,9419455.76543955,31851951.849302933,19658.53658536585
9419846.087595496,31853406.41208971,19170.731707317074,4.715460202674135,9419552.214435305,31852981.1636949,18682.926829268294,9419894.312093375,31853921.06928569,18682.926829268294,9420139.96075569,31853831.66048452,19658.53658536585,9419797.86309762,31852891.754893728,19658.53658536585
9420188.185253566,31854346.3176805,19170.731707317074,4.4288505220805074,9419894.312093375,31853921.06928569,18682.926829268294,9420236.409751441,31854860.974876482,18682.926829268294,9420482.058413757,31854771.566075314,19658.53658536585,9420139.96075569,31853831.66048452,19658.53658536585
9420530.282911636,31855286.223271295,19170.731707317074,4.808192716650865,9420236.409751441,31854860.974876482,18682.926829268294,9420578.507409513,31855800.88046728,18682.926829268294,9420824.156071827,31855711.47166611,19658.53658536585,9420482.058413757,31854771.566075314,19658.53658536585
9420872.380569704,31856226.12886209,19170.731707317074,4.5574391737054265,9420578.507409513,31855800.88046728,18682.926829268294,9420920.605067583,31856740.786058072,18682.926829268294,9421166.253729897,31856651.3772569,19658.53658536585,9420824.156071827,31855711.47166611,19658.53658536585
9421214.478227774,31857166.034452878,19170.731707317074,4.461723761291407,9420920.605067583,31856740.786058072,18682.926829268294,9421262.70272565,31857680.691648863,18682.926829268294,9421508.351387965,31857591.282847695,19658.53658536585,9421166.253729897,31856651.3772569,19658.53658536585
9421556.575885843,31858105.940043677,19170.731707317074,5.099803890052653,9421262.70272565,31857680.691648863,18682.926829268294,9421604.80038372,31858620.59723966,18682.926829268294,9421850.449046034,31858531.188438486,19658.53658536585,9421508.351387965,31857591.282847695,19658.53658536585
9421898.673543911,31859045.84563447,19170.731707317074,6.867137762153024,9421604.80038372,31858620.59723966,18682.926829268294,9421946.89804179,31859560.502830453,18682.926829268294,9422192.546704104,31859471.09402928,19658.53658536585,9421850.449046034,31858531.188438486,19658.53658536585
9422240.771201981,31859985.751225263,19170.731707317074,8.600460919649972,9421946.89804179,31859560.502830453,18682.926829268294,9422288.995699858,31860500.408421244,18682.926829268294,9422534.644362172,31860410.999620076,19658.53658536585,9422192.546704104,31859471.09402928,19658.53658536585
9422582.868860051,31860925.656816058,19170.731707317074,9.653609267797952,9422288.995699858,31860500.408421244,18682.926829268294,9422631.093357928,31861440.314012036,18682.926829268294,9422876.742020242,31861350.905210868,19658.53658536585,9422534.644362172,31860410.999620076,19658.53658536585
9422924.966518119,31861865.56240685,19170.731707317074,11.15155602387899,9422631.093357928,31861440.314012036,18682.926829268294,9422973.191015998,31862380.21960283,18682.926829268294,9423218.839678312,31862290.81080166,19658.53658536585,9422876.742020242,31861350.905210868,19658.53658536585
9423267.064176189,31862805.46799764,19170.731707317074,12.435256382115755,9422973.191015998,31862380.21960283,18682.926829268294,9423315.288674066,31863320.125193626,18682.926829268294,9423560.93733638,31863230.716392457,19658.53658536585,9423218.839678312,31862290.81080166,19658.53658536585
9423609.161834259,31863745.373588435,19170.731707317074,12.19905549879638,9423315.288674066,31863320.125193626,18682.926829268294,9423657.386332136,31864260.030784417,18682.926829268294,9423903.03499445,31864170.62198325,19658.53658536585,9423560.93733638,31863230.716392457,19658.53658536585
9423951.259492327,31864685.27917923,19170.731707317074,11.435280081178911,9423657.386332136,31864260.030784417,18682.926829268294,9423999.483990205,31865199.936375212,18682.926829268294,9424245.13265252,31865110.52757404,19658.53658536585,9423903.03499445,31864170.62198325,19658.53658536585
9424293.357150396,31865625.184770025,19170.731707317074,10.479971817684367,9423999.483990205,31865199.936375212,18682.926829268294,9424341.581648273,31866139.841966007,18682.926829268294,9424587.230310587,31866050.43316484,19658.53658536585,9424245.13265252,31865110.52757404,19658.53658536585
9424635.454808466,31866565.09036082,19170.731707317074,9.475174657713628,9424341.581648273,31866139.841966007,18682.926829268294,9424683.679306343,31867079.7475568,18682.926829268294,9424929.327968657,31866990.33875563,19658.53658536585,9424587.230310587,31866050.43316484,19658.53658536585
9424977.552466534,31867504.99595161,19170.731707317074,8.411648230611597,9424683.679306343,31867079.7475568,18682.926829268294,9425025.776964413,31868019.653147593,18682.926829268294,9425271.425626727,31867930.24434642,19658.53658536585,9424929.327968657,31866990.33875563,19658.53658536585
9425319.650124604,31868444.901542403,19170.731707317074,6.96547958337201,9425025.776964413,31868019.653147593,18682.926829268294,9425367.874622481,31868959.558738384,18682.926829268294,9425613.523284797,31868870.149937216,19658.53658536585,9425271.425626727,31867930.24434642,19658.53658536585
9425661.747782674,31869384.807133194,19170.731707317074,6.5779278224872835,9425367.874622481,31868959.558738384,18682.926829268294,9425709.97228055,31869899.464329176,18682.926829268294,9425955.620942865,31869810.055528007,19658.53658536585,9425613.523284797,31868870.149937216,19658.53658536585
9426003.845440742,31870324.71272399,19170.731707317074,6.27378053747408,9425709.97228055,31869899.464329176,18682.926829268294,9426052.06993862,31870839.369919974,18682.926829268294,9426297.718600934,31870749.961118802,19658.53658536585,9425955.620942865,31869810.055528007,19658.53658536585
9426345.943098811,31871264.618314784,19170.731707317074,6.008540015842602,9426052.06993862,31870839.369919974,18682.926829268294,9426394.167596688,31871779.275510766,18682.926829268294,9426639.816259004,31871689.866709597,19658.53658536585,9426297.718600934,31870749.961118802,19658.53658536585
9426688.040756881,31872204.52390558,19170.731707317074,6.150454017822699,9426394.167596688,31871779.275510766,18682.926829268294,9426736.265254758,31872719.18110156,18682.926829268294,9426981.913917074,31872629.772300392,19658.53658536585,9426639.816259004,31871689.866709597,19658.53658536585
9427030.13841495,31873144.429496374,19170.731707317074,7.289117935662858,9426736.265254758,31872719.18110156,18682.926829268294,9427078.362912828,31873659.086692356,18682.926829268294,9427324.011575142,31873569.677891184,19658.53658536585,9426981.913917074,31872629.772300392,19658.53658536585
9427372.236073019,31874084.335087165,19170.731707317074,8.639401751798948,9427078.362912828,31873659.086692356,18682.926829268294,9427420.460570896,31874598.992283147,18682.926829268294,9427666.109233212,31874509.583481975,19658.53658536585,9427324.011575142,31873569.677891184,19658.53658536585
9427714.33373109,31875024.240677956,19170.731707317074,6.948035585060739,9427420.460570896,31874598.992283147,18682.926829268294,9427762.558228966,31875538.897873938,18682.926829268294,9428008.206891282,31875449.48907277,19658.53658536585,9427666.109233212,31874509.583481975,19658.53658536585
9428056.431389157,31875964.14626875,19170.731707317074,5.678725373579777,9427762.558228966,31875538.897873938,18682.926829268294,9428104.655887036,31876478.803464733,18682.926829268294,9428350.30454935,31876389.39466356,19658.53658536585,9428008.206891282,31875449.48907277,19658.53658536585
9428398.529047227,31876904.051859543,19170.731707317074,5.148999116245965,9428104.655887036,31876478.803464733,18682.926829268294,9428446.753545104,31877418.709055528,18682.926829268294,9428692.40220742,31877329.300254356,19658.53658536585,9428350.30454935,31876389.39466356,19658.53658536585
9428740.626705298,31877843.957450338,19170.731707317074,4.800078245889854,9428446.753545104,31877418.709055528,18682.926829268294,9428788.851203173,31878358.61464632,18682.926829268294,9429034.49986549,31878269.20584515,19658.53658536585,9428692.40220742,31877329.300254356,19658.53658536585
9429082.724363366,31878783.863041136,19170.731707317074,4.405415880003735,9428788.851203173,31878358.61464632,18682.926829268294,9429130.948861243,31879298.520237114,18682.926829268294,9429376.597523559,31879209.111435942,19658.53658536585,9429034.49986549,31878269.20584515,19658.53658536585
9429424.822021434,31879723.768631924,19170.731707317074,3.948588632519113,9429130.948861243,31879298.520237114,18682.926829268294,9429473.046519311,31880238.42582791,18682.926829268294,9429718.695181627,31880149.017026737,19658.53658536585,9429376.597523559,31879209.111435942,19658.53658536585
9429766.919679506,31880663.67422272,19170.731707317074,3.5179766325999755,9429473.046519311,31880238.42582791,18682.926829268294,9429815.144177381,31881178.3314187,18682.926829268294,9430060.792839697,31881088.922617532,19658.53658536585,9429718.695181627,31880149.017026737,19658.53658536585
9430109.017337574,31881603.579813514,19170.731707317074,3.215000262297924,9429815.144177381,31881178.3314187,18682.926829268294,9430157.24183545,31882118.237009495,18682.926829268294,9430402.890497766,31882028.828208324,19658.53658536585,9430060.792839697,31881088.922617532,19658.53658536585
9430451.114995643,31882543.485404305,19170.731707317074,2.8850035124458384,9430157.24183545,31882118.237009495,18682.926829268294,9430499.339493519,31883058.142600287,18682.926829268294,9430744.988155834,31882968.733799115,19658.53658536585,9430402.890497766,31882028.828208324,19658.53658536585
9430793.212653711,31883483.390995096,19170.731707317074,2.59422722298011,9430499.339493519,31883058.142600287,18682.926829268294,9430841.437151588,31883998.04819108,18682.926829268294,9431087.085813904,31883908.639389914,19658.53658536585,9430744.988155834,31882968.733799115,19658.53658536585
9431135.310311781,31884423.296585895,19170.731707317074,2.5174088695705965,9430841.437151588,31883998.04819108,18682.926829268294,9431183.534809658,31884937.953781877,18682.926829268294,9431429.183471974,31884848.544980705,19658.53658536585,9431087.085813904,31883908.639389914,19658.53658536585
9431477.407969851,31885363.20217669,19170.731707317074,2.245624987839598,9431183.534809658,31884937.953781877,18682.926829268294,9431525.632467726,31885877.859372668,18682.926829268294,9431771.281130042,31885788.450571496,19658.53658536585,9431429.183471974,31884848.544980705,19658.53658536585
9431819.50562792,31886303.107767478,19170.731707317074,1.8280008848854221,9431525.632467726,31885877.859372668,18682.926829268294,9431867.730125796,31886817.76496346,18682.926829268294,9432113.378788112,31886728.35616229,19658.53658536585,9431771.281130042,31885788.450571496,19658.53658536585
9432161.603285989,31887243.013358276,19170.731707317074,1.755499968919492,9431867.730125796,31886817.76496346,18682.926829268294,9432209.827783868,31887757.670554254,18682.926829268294,9432455.476446182,31887668.261753086,19658.53658536585,9432113.378788112,31886728.35616229,19658.53658536585
9432503.700944059,31888182.918949068,19170.731707317074,1.3266477553725389,9432209.827783868,31887757.670554254,18682.926829268294,9432551.925441934,31888697.57614505,18682.926829268294,9432797.57410425,31888608.167343877,19658.53658536585,9432455.476446182,31887668.261753086,19658.53658536585
9432845.798602128,31889122.82453986,19170.731707317074,0.8080210169894495,9432551.925441934,31888697.57614505,18682.926829268294,9432894.023100004,31889637.48173584,18682.926829268294,9433139.67176232,31889548.072934672,19658.53658536585,9432797.57410425,31888608.167343877,19658.53658536585
9433187.896260196,31890062.730130654,19170.731707317074,0.7527256926923974,9432894.023100004,31889637.48173584,18682.926829268294,9433236.120758073,31890577.387326635,18682.926829268294,9433481.76942039,31890487.978525467,19658.53658536585,9433139.67176232,31889548.072934672,19658.53658536585
9433529.993918266,31891002.63572145,19170.731707317074,0.9781986888768675,9433236.120758073,31890577.387326635,18682.926829268294,9433578.218416143,31891517.29291743,18682.926829268294,9433823.867078457,31891427.88411626,19658.53658536585,9433481.76942039,31890487.978525467,19658.53658536585
9433872.091576336,31891942.541312244,19170.731707317074,1.0073483596104575,9433578.218416143,31891517.29291743,18682.926829268294,9433920.316074211,31892457.19850822,18682.926829268294,9434165.964736527,31892367.789707053,19658.53658536585,9433823.867078457,31891427.88411626,19658.53658536585
9434214.189234404,31892882.446903035,19170.731707317074,0.8361485399567598,9433920.316074211,31892457.19850822,18682.926829268294,9434262.413732281,31893397.104099013,18682.926829268294,9434508.062394597,31893307.695297845,19658.53658536585,9434165.964736527,31892367.789707053,19658.53658536585
9434556.286892474,31893822.35249383,19170.731707317074,0.8922541366409041,9434262.413732281,31893397.104099013,18682.926829268294,9434604.51139035,31894337.00968981,18682.926829268294,9434850.160052665,31894247.60088864,19658.53658536585,9434508.062394597,31893307.695297845,19658.53658536585
9434898.384550544,31894762.25808462,19170.731707317074,1.3735500605775879,9434604.51139035,31894337.00968981,18682.926829268294,9434946.60904842,31895276.915280603,18682.926829268294,9435192.257710734,31895187.506479435,19658.53658536585,9434850.160052665,31894247.60088864,19658.53658536585
9435240.482208611,31895702.163675413,19170.731707317074,1.5295593886647267,9434946.60904842,31895276.915280603,18682.926829268294,9435288.706706489,31896216.820871394,18682.926829268294,9435534.355368804,31896127.412070226,19658.53658536585,9435192.257710734,31895187.506479435,19658.53658536585
9435582.579866681,31896642.069266208,19170.731707317074,1.2538929432776982,9435288.706706489,31896216.820871394,18682.926829268294,9435630.804364558,31897156.726462193,18682.926829268294,9435876.453026872,31897067.31766102,19658.53658536585,9435534.355368804,31896127.412070226,19658.53658536585
9435924.677524751,31897581.974857002,19170.731707317074,1.0042264702120138,9435630.804364558,31897156.726462193,18682.926829268294,9435972.902022628,31898096.632052984,18682.926829268294,9436218.550684942,31898007.223251816,19658.53658536585,9435876.453026872,31897067.31766102,19658.53658536585
9436266.775182819,31898521.880447797,19170.731707317074,0.6094915536341359,9435972.902022628,31898096.632052984,18682.926829268294,9436314.999680696,31899036.537643775,18682.926829268294,9436560.648343012,31898947.128842607,19658.53658536585,9436218.550684942,31898007.223251816,19658.53658536585
9436608.872840889,31899461.78603859,19170.731707317074,0.43356199650351684,9436314.999680696,31899036.537643775,18682.926829268294,9436657.097338766,31899976.44323457,18682.926829268294,9436902.74600108,31899887.0344334,19658.53658536585,9436560.648343012,31898947.128842607,19658.53658536585
9436950.970498959,31900401.691629384,19170.731707317074,0.43225641775651386,9436657.097338766,31899976.44323457,18682.926829268294,9436999.194996836,31900916.348825365,18682.926829268294,9437244.84365915,31900826.940024193,19658.53658536585,9436902.74600108,31899887.0344334,19658.53658536585
9437293.068157027,31901341.597220175,19170.731707317074,0.33577269567839835,9436999.194996836,31900916.348825365,18682.926829268294,9437341.292654904,31901856.254416157,18682.926829268294,9437586.94131722,31901766.84561499,19658.53658536585,9437244.84365915,31900826.940024193,19658.53658536585
9437635.165815096,31902281.50281097,19170.731707317074,0.30887466472623887,9437341.292654904,31901856.254416157,18682.926829268294,9437683.390312973,31902796.16000695,18682.926829268294,9437929.038975287,31902706.75120578,19658.53658536585,9437586.94131722,31901766.84561499,19658.53658536585
9437977.263473166,31903221.40840176,19170.731707317074,0.21863585246019296,9437683.390312973,31902796.16000695,18682.926829268294,9438025.487971043,31903736.065597747,18682.926829268294,9438271.136633357,31903646.656796575,19658.53658536585,9437929.038975287,31902706.75120578,19658.53658536585
9438319.361131234,31904161.313992556,19170.731707317074,0.12384754867296167,9438025.487971043,31903736.065597747,18682.926829268294,9438367.585629111,31904675.971188534,18682.926829268294,9438613.234291427,31904586.56238737,19658.53658536585,9438271.136633357,31903646.656796575,19658.53658536585
9438661.458789304,31905101.219583355,19170.731707317074,0.08307466232047546,9438367.585629111,31904675.971188534,18682.926829268294,9438709.683287181,31905615.876779333,18682.926829268294,9438955.331949495,31905526.46797816,19658.53658536585,9438613.234291427,31904586.56238737,19658.53658536585
9439003.556447374,31906041.125174142,19170.731707317074,0.05397585128838491,9438709.683287181,31905615.876779333,18682.926829268294,9439051.78094525,31906555.782370124,18682.926829268294,9439297.429607565,31906466.373568952,19658.53658536585,9438955.331949495,31905526.46797816,19658.53658536585
9439345.654105442,31906981.030764937,19170.731707317074,0.045171026657846204,9439051.78094525,31906555.782370124,18682.926829268294,9439393.878603319,31907495.68796092,18682.926829268294,9439639.527265636,31907406.27915975,19658.53658536585,9439297.429607565,31906466.373568952,19658.53658536585
9439687.751763513,31907920.936355732,19170.731707317074,0.05038847911150738,9439393.878603319,31907495.68796092,18682.926829268294,9439735.976261389,31908435.593551714,18682.926829268294,9439981.624923702,31908346.184750542,19658.53658536585,9439639.527265636,31907406.27915975,19658.53658536585
9440029.849421581,31908860.841946524,19170.731707317074,0.07930006708010277,9439735.976261389,31908435.593551714,18682.926829268294,9440078.073919458,31909375.499142505,18682.926829268294,9440323.722581774,31909286.090341333,19658.53658536585,9439981.624923702,31908346.184750542,19658.53658536585
9440371.947079651,31909800.747537315,19170.731707317074,0.09185707280988364,9440078.073919458,31909375.499142505,18682.926829268294,9440420.171577526,31910315.4047333,18682.926829268294,9440665.820239844,31910225.995932132,19658.53658536585,9440323.722581774,31909286.090341333,19658.53658536585
9440714.044737719,31910740.653128114,19170.731707317074,0.09318975832568553,9440420.171577526,31910315.4047333,18682.926829268294,9440762.269235596,31911255.31032409,18682.926829268294,9441007.91789791,31911165.90152292,19658.53658536585,9440665.820239844,31910225.995932132,19658.53658536585
9441056.142395789,31911680.5587189,19170.731707317074,0.12841050149657862,9440762.269235596,31911255.31032409,18682.926829268294,9441104.366893666,31912195.215914886,18682.926829268294,9441350.015555982,31912105.807113715,19658.53658536585,9441007.91789791,31911165.90152292,19658.53658536585
9441398.240053857,31912620.464309696,19170.731707317074,0.13215184359679533,9441104.366893666,31912195.215914886,18682.926829268294,9441446.464551734,31913135.121505678,18682.926829268294,9441692.113214051,31913045.71270451,19658.53658536585,9441350.015555982,31912105.807113715,19658.53658536585
9441740.337711927,31913560.369900487,19170.731707317074,0.14126868395579417,9441446.464551734,31913135.121505678,18682.926829268294,9441788.562209804,31914075.027096473,18682.926829268294,9442034.210872117,31913985.6182953,19658.53658536585,9441692.113214051,31913045.71270451,19658.53658536585
9442082.435369996,31914500.275491282,19170.731707317074,0.19331523615642432,9441788.562209804,31914075.027096473,18682.926829268294,9442130.659867873,31915014.932687268,18682.926829268294,9442376.30853019,31914925.523886096,19658.53658536585,9442034.210872117,31913985.6182953,19658.53658536585
9442424.533028066,31915440.181082077,19170.731707317074,0.21714791220468638,9442130.659867873,31915014.932687268,18682.926829268294,9442472.757525941,31915954.83827806,18682.926829268294,9442718.406188259,31915865.42947689,19658.53658536585,9442376.30853019,31914925.523886096,19658.53658536585
9442766.630686134,31916380.086672872,19170.731707317074,0.191315529500593,9442472.757525941,31915954.83827806,18682.926829268294,9442814.855184011,31916894.74386885,18682.926829268294,9443060.503846327,31916805.335067682,19658.53658536585,9442718.406188259,31915865.42947689,19658.53658536585
9443108.728344204,31917319.992263664,19170.731707317074,0.12104033599705433,9442814.855184011,31916894.74386885,18682.926829268294,9443156.952842081,31917834.649459645,18682.926829268294,9443402.601504397,31917745.240658473,19658.53658536585,9443060.503846327,31916805.335067682,19658.53658536585
9443450.826002274,31918259.897854455,19170.731707317074,0.10053582763942347,9443156.952842081,31917834.649459645,18682.926829268294,9443499.050500149,31918774.55505044,18682.926829268294,9443744.699162466,31918685.146249272,19658.53658536585,9443402.601504397,31917745.240658473,19658.53658536585
9443792.923660344,31919199.803445254,19170.731707317074,0.10459662323462905,9443499.050500149,31918774.55505044,18682.926829268294,9443841.148158219,31919714.46064123,18682.926829268294,9444086.796820534,31919625.051840063,19658.53658536585,9443744.699162466,31918685.146249272,19658.53658536585
9444135.02131841,31920139.70903604,19170.731707317074,0.09948564972820348,9443841.148158219,31919714.46064123,18682.926829268294,9444183.245816289,31920654.366232026,18682.926829268294,9444428.894478604,31920564.957430854,19658.53658536585,9444086.796820534,31919625.051840063,19658.53658536585
9444477.118976481,31921079.614626836,19170.731707317074,0.08733325480897952,9444183.245816289,31920654.366232026,18682.926829268294,9444525.343474356,31921594.27182282,18682.926829268294,9444770.992136674,31921504.863021653,19658.53658536585,9444428.894478604,31920564.957430854,19658.53658536585
9444819.216634551,31922019.52021763,19170.731707317074,0.08699681559692517,9444525.343474356,31921594.27182282,18682.926829268294,9444867.441132426,31922534.177413613,18682.926829268294,9445113.089794742,31922444.768612444,19658.53658536585,9444770.992136674,31921504.863021653,19658.53658536585
9445161.314292619,31922959.425808426,19170.731707317074,0.0974112680522156,9444867.441132426,31922534.177413613,18682.926829268294,9445209.538790496,31923474.083004408,18682.926829268294,9445455.187452812,31923384.674203236,19658.53658536585,9445113.089794742,31922444.768612444,19658.53658536585
9445503.411950687,31923899.331399217,19170.731707317074,0.061865346021122196,9445209.538790496,31923474.083004408,18682.926829268294,9445551.636448564,31924413.9885952,18682.926829268294,9445797.285110882,31924324.57979403,19658.53658536585,9445455.187452812,31923384.674203236,19658.53658536585
9445845.509608759,31924839.23699001,19170.731707317074,0.022528123994070788,9445551.636448564,31924413.9885952,18682.926829268294,9445893.734106634,31925353.894185994,18682.926829268294,9446139.38276895,31925264.485384826,19658.53658536585,9445797.285110882,31924324.57979403,19658.53658536585
9405039.439302765,31811961.157293625,20146.341463414632,2.915296828578159,9404745.566142574,31811535.908898816,19658.53658536585,9405087.663800644,31812475.814489607,19658.53658536585,9405333.31246296,31812386.40568844,20634.146341463413,9404991.214804888,31811446.500097644,20634.146341463413
9405381.536960835,31812901.06288442,20146.341463414632,2.8461177032349654,9405087.663800644,31812475.814489607,19658.53658536585,9405429.761458712,31813415.7200804,19658.53658536585,9405675.410121026,31813326.31127923,20634.146341463413,9405333.31246296,31812386.40568844,20634.146341463413
9405723.634618904,31813840.96847521,20146.341463414632,2.5735044472660435,9405429.761458712,31813415.7200804,19658.53658536585,9405771.859116782,31814355.625671193,19658.53658536585,9406017.507779095,31814266.21687002,20634.146341463413,9405675.410121026,31813326.31127923,20634.146341463413
9406065.732276972,31814780.874066006,20146.341463414632,2.9753042432511814,9405771.859116782,31814355.625671193,19658.53658536585,9406113.956774851,31815295.531261988,19658.53658536585,9406359.605437167,31815206.12246082,20634.146341463413,9406017.507779095,31814266.21687002,20634.146341463413
9406407.829935042,31815720.779656805,20146.341463414632,3.6162660524586525,9406113.956774851,31815295.531261988,19658.53658536585,9406456.05443292,31816235.436852783,19658.53658536585,9406701.703095235,31816146.02805161,20634.146341463413,9406359.605437167,31815206.12246082,20634.146341463413
9406749.927593112,31816660.685247593,20146.341463414632,4.05785524158106,9406456.05443292,31816235.436852783,19658.53658536585,9406798.152090989,31817175.342443574,19658.53658536585,9407043.800753303,31817085.933642402,20634.146341463413,9406701.703095235,31816146.02805161,20634.146341463413
9407092.02525118,31817600.590838388,20146.341463414632,4.846058302071319,9406798.152090989,31817175.342443574,19658.53658536585,9407140.249749059,31818115.24803437,19658.53658536585,9407385.898411375,31818025.8392332,20634.146341463413,9407043.800753303,31817085.933642402,20634.146341463413
9407434.122909252,31818540.496429183,20146.341463414632,5.945438567254679,9407140.249749059,31818115.24803437,19658.53658536585,9407482.347407127,31819055.153625164,19658.53658536585,9407727.996069442,31818965.744823992,20634.146341463413,9407385.898411375,31818025.8392332,20634.146341463413
9407776.22056732,31819480.402019974,20146.341463414632,6.815109178974487,9407482.347407127,31819055.153625164,19658.53658536585,9407824.445065197,31819995.059215955,19658.53658536585,9408070.093727512,31819905.650414784,20634.146341463413,9407727.996069442,31818965.744823992,20634.146341463413
9408118.31822539,31820420.307610765,20146.341463414632,7.126597890405654,9407824.445065197,31819995.059215955,19658.53658536585,9408166.542723266,31820934.964806747,19658.53658536585,9408412.191385582,31820845.55600558,20634.146341463413,9408070.093727512,31819905.650414784,20634.146341463413
9408460.41588346,31821360.213201564,20146.341463414632,8.240882020202873,9408166.542723266,31820934.964806747,19658.53658536585,9408508.640381334,31821874.87039754,19658.53658536585,9408754.28904365,31821785.461596373,20634.146341463413,9408412.191385582,31820845.55600558,20634.146341463413
9408802.513541529,31822300.11879236,20146.341463414632,7.346160986895777,9408508.640381334,31821874.87039754,19658.53658536585,9408850.738039404,31822814.775988337,19658.53658536585,9409096.38670172,31822725.367187165,20634.146341463413,9408754.28904365,31821785.461596373,20634.146341463413
9409144.611199595,31823240.024383146,20146.341463414632,7.642184957435215,9408850.738039404,31822814.775988337,19658.53658536585,9409192.835697474,31823754.681579128,19658.53658536585,9409438.48435979,31823665.27277796,20634.146341463413,9409096.38670172,31822725.367187165,20634.146341463413
9409486.708857667,31824179.929973945,20146.341463414632,8.003589297158138,9409192.835697474,31823754.681579128,19658.53658536585,9409534.933355542,31824694.587169923,19658.53658536585,9409780.582017858,31824605.178368755,20634.146341463413,9409438.48435979,31823665.27277796,20634.146341463413
9409828.806515737,31825119.835564736,20146.341463414632,8.458695434089497,9409534.933355542,31824694.587169923,19658.53658536585,9409877.031013612,31825634.492760718,19658.53658536585,9410122.679675927,31825545.083959546,20634.146341463413,9409780.582017858,31824605.178368755,20634.146341463413
9410170.904173804,31826059.741155528,20146.341463414632,8.290473543191984,9409877.031013612,31825634.492760718,19658.53658536585,9410219.128671682,31826574.39835151,19658.53658536585,9410464.777333997,31826484.98955034,20634.146341463413,9410122.679675927,31825545.083959546,20634.146341463413
9410513.001831872,31826999.646746323,20146.341463414632,7.949045106657442,9410219.128671682,31826574.39835151,19658.53658536585,9410561.22632975,31827514.3039423,19658.53658536585,9410806.874992065,31827424.895141132,20634.146341463413,9410464.777333997,31826484.98955034,20634.146341463413
9410855.099489944,31827939.552337117,20146.341463414632,8.46083153052526,9410561.22632975,31827514.3039423,19658.53658536585,9410903.32398782,31828454.2095331,19658.53658536585,9411148.972650135,31828364.800731927,20634.146341463413,9410806.874992065,31827424.895141132,20634.146341463413
9411197.197148012,31828879.457927912,20146.341463414632,9.193814842330188,9410903.32398782,31828454.2095331,19658.53658536585,9411245.421645889,31829394.11512389,19658.53658536585,9411491.070308205,31829304.706322722,20634.146341463413,9411148.972650135,31828364.800731927,20634.146341463413
9411539.294806082,31829819.3635187,20146.341463414632,8.378060850346086,9411245.421645889,31829394.11512389,19658.53658536585,9411587.519303957,31830334.02071468,19658.53658536585,9411833.167966273,31830244.611913513,20634.146341463413,9411491.070308205,31829304.706322722,20634.146341463413
9411881.392464152,31830759.2691095,20146.341463414632,8.51346755440463,9411587.519303957,31830334.02071468,19658.53658536585,9411929.616962029,31831273.92630548,19658.53658536585,9412175.265624342,31831184.51750431,20634.146341463413,9411833.167966273,31830244.611913513,20634.146341463413
9412223.49012222,31831699.174700286,20146.341463414632,8.972247847039872,9411929.616962029,31831273.92630548,19658.53658536585,9412271.714620097,31832213.831896268,19658.53658536585,9412517.363282412,31832124.423095103,20634.146341463413,9412175.265624342,31831184.51750431,20634.146341463413
9412565.58778029,31832639.08029108,20146.341463414632,10.84311133799189,9412271.714620097,31832213.831896268,19658.53658536585,9412613.812278165,31833153.737487063,19658.53658536585,9412859.46094048,31833064.328685895,20634.146341463413,9412517.363282412,31832124.423095103,20634.146341463413
9412907.68543836,31833578.985881876,20146.341463414632,10.421469037375228,9412613.812278165,31833153.737487063,19658.53658536585,9412955.909936236,31834093.643077858,19658.53658536585,9413201.55859855,31834004.234276686,20634.146341463413,9412859.46094048,31833064.328685895,20634.146341463413
9413249.783096427,31834518.89147267,20146.341463414632,9.015834605936268,9412955.909936236,31834093.643077858,19658.53658536585,9413298.007594306,31835033.548668653,19658.53658536585,9413543.65625662,31834944.13986748,20634.146341463413,9413201.55859855,31834004.234276686,20634.146341463413
9413591.880754497,31835458.797063466,20146.341463414632,9.117070218022025,9413298.007594306,31835033.548668653,19658.53658536585,9413640.105252372,31835973.454259444,19658.53658536585,9413885.753914688,31835884.045458276,20634.146341463413,9413543.65625662,31834944.13986748,20634.146341463413
9413933.978412567,31836398.702654257,20146.341463414632,9.060598788108223,9413640.105252372,31835973.454259444,19658.53658536585,9413982.202910444,31836913.35985024,19658.53658536585,9414227.851572758,31836823.951049067,20634.146341463413,9413885.753914688,31835884.045458276,20634.146341463413
9414276.076070635,31837338.608245052,20146.341463414632,9.780543882254193,9413982.202910444,31836913.35985024,19658.53658536585,9414324.300568512,31837853.265441034,19658.53658536585,9414569.949230827,31837763.856639862,20634.146341463413,9414227.851572758,31836823.951049067,20634.146341463413
9414618.173728704,31838278.51383584,20146.341463414632,9.074108030613276,9414324.300568512,31837853.265441034,19658.53658536585,9414666.398226582,31838793.17103182,19658.53658536585,9414912.046888895,31838703.762230653,20634.146341463413,9414569.949230827,31837763.856639862,20634.146341463413
9414960.271386774,31839218.41942664,20146.341463414632,9.61855207848572,9414666.398226582,31838793.17103182,19658.53658536585,9415008.495884651,31839733.07662262,19658.53658536585,9415254.144546965,31839643.66782145,20634.146341463413,9414912.046888895,31838703.762230653,20634.146341463413
9415302.369044842,31840158.32501743,20146.341463414632,11.008491579439777,9415008.495884651,31839733.07662262,19658.53658536585,9415350.59354272,31840672.98221341,19658.53658536585,9415596.242205035,31840583.57341224,20634.146341463413,9415254.144546965,31839643.66782145,20634.146341463413
9415644.466702912,31841098.23060822,20146.341463414632,12.811161404211633,9415350.59354272,31840672.98221341,19658.53658536585,9415692.691200789,31841612.887804203,19658.53658536585,9415938.339863103,31841523.479003035,20634.146341463413,9415596.242205035,31840583.57341224,20634.146341463413
9415986.564360982,31842038.136199016,20146.341463414632,14.561631885173513,9415692.691200789,31841612.887804203,19658.53658536585,9416034.788858859,31842552.793395,19658.53658536585,9416280.437521173,31842463.38459383,20634.146341463413,9415938.339863103,31841523.479003035,20634.146341463413
9416328.66201905,31842978.04178981,20146.341463414632,12.792951163428507,9416034.788858859,31842552.793395,19658.53658536585,9416376.886516927,31843492.698985793,19658.53658536585,9416622.535179242,31843403.29018462,20634.146341463413,9416280.437521173,31842463.38459383,20634.146341463413
9416670.75967712,31843917.9473806,20146.341463414632,10.462825474113066,9416376.886516927,31843492.698985793,19658.53658536585,9416718.984174997,31844432.604576584,19658.53658536585,9416964.63283731,31844343.195775416,20634.146341463413,9416622.535179242,31843403.29018462,20634.146341463413
9417012.85733519,31844857.852971397,20146.341463414632,8.806265307328127,9416718.984174997,31844432.604576584,19658.53658536585,9417061.081833066,31845372.51016738,19658.53658536585,9417306.73049538,31845283.101366207,20634.146341463413,9416964.63283731,31844343.195775416,20634.146341463413
9417354.954993257,31845797.758562192,20146.341463414632,7.809474561446444,9417061.081833066,31845372.51016738,19658.53658536585,9417403.179491134,31846312.415758174,19658.53658536585,9417648.82815345,31846223.006957002,20634.146341463413,9417306.73049538,31845283.101366207,20634.146341463413
9417697.052651327,31846737.664152984,20146.341463414632,7.286989895394525,9417403.179491134,31846312.415758174,19658.53658536585,9417745.277149204,31847252.321348965,19658.53658536585,9417990.925811518,31847162.912547797,20634.146341463413,9417648.82815345,31846223.006957002,20634.146341463413
9418039.150309397,31847677.56974378,20146.341463414632,6.520270305467949,9417745.277149204,31847252.321348965,19658.53658536585,9418087.374807274,31848192.226939756,19658.53658536585,9418333.023469588,31848102.81813859,20634.146341463413,9417990.925811518,31847162.912547797,20634.146341463413
9418381.247967465,31848617.47533457,20146.341463414632,6.204654315735137,9418087.374807274,31848192.226939756,19658.53658536585,9418429.472465342,31849132.132530555,19658.53658536585,9418675.121127658,31849042.723729383,20634.146341463413,9418333.023469588,31848102.81813859,20634.146341463413
9418723.345625535,31849557.380925365,20146.341463414632,6.338505672893937,9418429.472465342,31849132.132530555,19658.53658536585,9418771.570123412,31850072.038121346,19658.53658536585,9419017.218785727,31849982.62932018,20634.146341463413,9418675.121127658,31849042.723729383,20634.146341463413
9419065.443283604,31850497.286516156,20146.341463414632,5.90744315617498,9418771.570123412,31850072.038121346,19658.53658536585,9419113.667781482,31851011.943712138,19658.53658536585,9419359.316443795,31850922.53491097,20634.146341463413,9419017.218785727,31849982.62932018,20634.146341463413
9419407.540941672,31851437.19210695,20146.341463414632,5.649982494203023,9419113.667781482,31851011.943712138,19658.53658536585,9419455.76543955,31851951.849302933,19658.53658536585,9419701.414101865,31851862.44050176,20634.146341463413,9419359.316443795,31850922.53491097,20634.146341463413
9419749.638599742,31852377.097697746,20146.341463414632,5.807478540555648,9419455.76543955,31851951.849302933,19658.53658536585,9419797.86309762,31852891.754893728,19658.53658536585,9420043.511759935,31852802.34609256,20634.146341463413,9419701.414101865,31851862.44050176,20634.146341463413
9420091.736257814,31853317.003288537,20146.341463414632,5.545591449803257,9419797.86309762,31852891.754893728,19658.53658536585,9420139.96075569,31853831.66048452,19658.53658536585,9420385.609418005,31853742.25168335,20634.146341463413,9420043.511759935,31852802.34609256,20634.146341463413
9420433.83391588,31854256.908879332,20146.341463414632,5.435487677290287,9420139.96075569,31853831.66048452,19658.53658536585,9420482.058413757,31854771.566075314,19658.53658536585,9420727.707076073,31854682.157274142,20634.146341463413,9420385.609418005,31853742.25168335,20634.146341463413
9420775.93157395,31855196.814470123,20146.341463414632,5.654142730194506,9420482.058413757,31854771.566075314,19658.53658536585,9420824.156071827,31855711.47166611,19658.53658536585,9421069.804734142,31855622.06286494,20634.146341463413,9420727.707076073,31854682.157274142,20634.146341463413
9421118.02923202,31856136.72006092,20146.341463414632,5.3124178630838435,9420824.156071827,31855711.47166611,19658.53658536585,9421166.253729897,31856651.3772569,19658.53658536585,9421411.902392212,31856561.968455732,20634.146341463413,9421069.804734142,31855622.06286494,20634.146341463413
9421460.126890088,31857076.62565171,20146.341463414632,5.170194183850778,9421166.253729897,31856651.3772569,19658.53658536585,9421508.351387965,31857591.282847695,19658.53658536585,9421754.00005028,31857501.874046523,20634.146341463413,9421411.902392212,31856561.968455732,20634.146341463413
9421802.224548157,31858016.531242505,20146.341463414632,5.375888781809829,9421508.351387965,31857591.282847695,19658.53658536585,9421850.449046034,31858531.188438486,19658.53658536585,9422096.09770835,31858441.779637318,20634.146341463413,9421754.00005028,31857501.874046523,20634.146341463413
9422144.322206227,31858956.4368333,20146.341463414632,6.321660564544035,9421850.449046034,31858531.188438486,19658.53658536585,9422192.546704104,31859471.09402928,19658.53658536585,9422438.19536642,31859381.685228113,20634.146341463413,9422096.09770835,31858441.779637318,20634.146341463413
9422486.419864295,31859896.342424095,20146.341463414632,8.435900088496457,9422192.546704104,31859471.09402928,19658.53658536585,9422534.644362172,31860410.999620076,19658.53658536585,9422780.29302449,31860321.590818904,20634.146341463413,9422438.19536642,31859381.685228113,20634.146341463413
9422828.517522367,31860836.248014886,20146.341463414632,10.832939533248037,9422534.644362172,31860410.999620076,19658.53658536585,9422876.742020242,31861350.905210868,19658.53658536585,9423122.390682558,31861261.496409696,20634.146341463413,9422780.29302449,31860321.590818904,20634.146341463413
9423170.615180435,31861776.153605677,20146.341463414632,10.833227545057333,9422876.742020242,31861350.905210868,19658.53658536585,9423218.839678312,31862290.81080166,19658.53658536585,9423464.488340627,31862201.402000494,20634.146341463413,9423122.390682558,31861261.496409696,20634.146341463413
9423512.712838504,31862716.059196476,20146.341463414632,12.246103152773959,9423218.839678312,31862290.81080166,19658.53658536585,9423560.93733638,31863230.716392457,19658.53658536585,9423806.585998697,31863141.307591286,20634.146341463413,9423464.488340627,31862201.402000494,20634.146341463413
9423854.810496572,31863655.964787263,20146.341463414632,11.237897376776985,9423560.93733638,31863230.716392457,19658.53658536585,9423903.03499445,31864170.62198325,19658.53658536585,9424148.683656765,31864081.213182077,20634.146341463413,9423806.585998697,31863141.307591286,20634.146341463413
9424196.908154642,31864595.87037806,20146.341463414632,10.362923742874289,9423903.03499445,31864170.62198325,19658.53658536585,9424245.13265252,31865110.52757404,19658.53658536585,9424490.781314835,31865021.11877287,20634.146341463413,9424148.683656765,31864081.213182077,20634.146341463413
9424539.005812712,31865535.775968857,20146.341463414632,9.664312121526121,9424245.13265252,31865110.52757404,19658.53658536585,9424587.230310587,31866050.43316484,19658.53658536585,9424832.878972905,31865961.024363667,20634.146341463413,9424490.781314835,31865021.11877287,20634.146341463413
9424881.103470782,31866475.68155965,20146.341463414632,9.153963851961493,9424587.230310587,31866050.43316484,19658.53658536585,9424929.327968657,31866990.33875563,19658.53658536585,9425174.976630973,31866900.929954458,20634.146341463413,9424832.878972905,31865961.024363667,20634.146341463413
9425223.201128848,31867415.58715044,20146.341463414632,8.659698688908028,9424929.327968657,31866990.33875563,19658.53658536585,9425271.425626727,31867930.24434642,19658.53658536585,9425517.074289043,31867840.835545253,20634.146341463413,9425174.976630973,31866900.929954458,20634.146341463413
9425565.29878692,31868355.492741235,20146.341463414632,8.680241451735862,9425271.425626727,31867930.24434642,19658.53658536585,9425613.523284797,31868870.149937216,19658.53658536585,9425859.171947112,31868780.741136044,20634.146341463413,9425517.074289043,31867840.835545253,20634.146341463413
9425907.39644499,31869295.398332026,20146.341463414632,8.553789822588502,9425613.523284797,31868870.149937216,19658.53658536585,9425955.620942865,31869810.055528007,19658.53658536585,9426201.26960518,31869720.646726836,20634.146341463413,9425859.171947112,31868780.741136044,20634.146341463413
9426249.494103057,31870235.303922817,20146.341463414632,7.128982561678791,9425955.620942865,31869810.055528007,19658.53658536585,9426297.718600934,31870749.961118802,19658.53658536585,9426543.36726325,31870660.552317634,20634.146341463413,9426201.26960518,31869720.646726836,20634.146341463413
9426591.591761127,31871175.209513616,20146.341463414632,6.836241949298333,9426297.718600934,31870749.961118802,19658.53658536585,9426639.816259004,31871689.866709597,19658.53658536585,9426885.46492132,31871600.457908425,20634.146341463413,9426543.36726325,31870660.552317634,20634.146341463413
9426933.689419197,31872115.11510441,20146.341463414632,7.417615446627864,9426639.816259004,31871689.866709597,19658.53658536585,9426981.913917074,31872629.772300392,19658.53658536585,9427227.562579388,31872540.36349922,20634.146341463413,9426885.46492132,31871600.457908425,20634.146341463413
9427275.787077265,31873055.020695202,20146.341463414632,7.092817207388064,9426981.913917074,31872629.772300392,19658.53658536585,9427324.011575142,31873569.677891184,19658.53658536585,9427569.660237458,31873480.269090015,20634.146341463413,9427227.562579388,31872540.36349922,20634.146341463413
9427617.884735335,31873994.926285997,20146.341463414632,6.546020514287616,9427324.011575142,31873569.677891184,19658.53658536585,9427666.109233212,31874509.583481975,19658.53658536585,9427911.757895527,31874420.174680807,20634.146341463413,9427569.660237458,31873480.269090015,20634.146341463413
9427959.982393404,31874934.83187679,20146.341463414632,5.535445740136204,9427666.109233212,31874509.583481975,19658.53658536585,9428008.206891282,31875449.48907277,19658.53658536585,9428253.855553595,31875360.080271598,20634.146341463413,9427911.757895527,31874420.174680807,20634.146341463413
9428302.080051472,31875874.73746758,20146.341463414632,5.336123328537054,9428008.206891282,31875449.48907277,19658.53658536585,9428350.30454935,31876389.39466356,19658.53658536585,9428595.953211665,31876299.985862393,20634.146341463413,9428253.855553595,31875360.080271598,20634.146341463413
9428644.177709542,31876814.643058375,20146.341463414632,5.212289699391415,9428350.30454935,31876389.39466356,19658.53658536585,9428692.40220742,31877329.300254356,19658.53658536585,9428938.050869735,31877239.891453188,20634.146341463413,9428595.953211665,31876299.985862393,20634.146341463413
9428986.275367612,31877754.54864917,20146.341463414632,4.741675310515114,9428692.40220742,31877329.300254356,19658.53658536585,9429034.49986549,31878269.20584515,19658.53658536585,9429280.148527803,31878179.79704398,20634.146341463413,9428938.050869735,31877239.891453188,20634.146341463413
9429328.37302568,31878694.454239964,20146.341463414632,4.232894200968151,9429034.49986549,31878269.20584515,19658.53658536585,9429376.597523559,31879209.111435942,19658.53658536585,9429622.246185873,31879119.702634774,20634.146341463413,9429280.148527803,31878179.79704398,20634.146341463413
9429670.47068375,31879634.359830756,20146.341463414632,3.8436597960620156,9429376.597523559,31879209.111435942,19658.53658536585,9429718.695181627,31880149.017026737,19658.53658536585,9429964.343843943,31880059.60822557,20634.146341463413,9429622.246185873,31879119.702634774,20634.146341463413
9430012.56834182,31880574.26542155,20146.341463414632,3.114822803135898,9429718.695181627,31880149.017026737,19658.53658536585,9430060.792839697,31881088.922617532,19658.53658536585,9430306.44150201,31880999.51381636,20634.146341463413,9429964.343843943,31880059.60822557,20634.146341463413
9430354.665999888,31881514.171012342,20146.341463414632,3.195673317457932,9430060.792839697,31881088.922617532,19658.53658536585,9430402.890497766,31882028.828208324,19658.53658536585,9430648.53916008,31881939.419407155,20634.146341463413,9430306.44150201,31880999.51381636,20634.146341463413
9430696.763657957,31882454.076603133,20146.341463414632,3.4660242959415815,9430402.890497766,31882028.828208324,19658.53658536585,9430744.988155834,31882968.733799115,19658.53658536585,9430990.63681815,31882879.324997947,20634.146341463413,9430648.53916008,31881939.419407155,20634.146341463413
9431038.861316027,31883393.98219393,20146.341463414632,3.176312002851707,9430744.988155834,31882968.733799115,19658.53658536585,9431087.085813904,31883908.639389914,19658.53658536585,9431332.734476218,31883819.23058874,20634.146341463413,9430990.63681815,31882879.324997947,20634.146341463413
9431380.958974095,31884333.887784723,20146.341463414632,3.0792472075977377,9431087.085813904,31883908.639389914,19658.53658536585,9431429.183471974,31884848.544980705,19658.53658536585,9431674.832134288,31884759.136179537,20634.146341463413,9431332.734476218,31883819.23058874,20634.146341463413
9431723.056632165,31885273.79337552,20146.341463414632,2.682280365286496,9431429.183471974,31884848.544980705,19658.53658536585,9431771.281130042,31885788.450571496,19658.53658536585,9432016.929792356,31885699.041770328,20634.146341463413,9431674.832134288,31884759.136179537,20634.146341463413
9432065.154290235,31886213.69896631,20146.341463414632,2.61969612629662,9431771.281130042,31885788.450571496,19658.53658536585,9432113.378788112,31886728.35616229,19658.53658536585,9432359.027450426,31886638.947361123,20634.146341463413,9432016.929792356,31885699.041770328,20634.146341463413
9432407.251948303,31887153.604557104,20146.341463414632,2.392209119599021,9432113.378788112,31886728.35616229,19658.53658536585,9432455.476446182,31887668.261753086,19658.53658536585,9432701.125108495,31887578.852951914,20634.146341463413,9432359.027450426,31886638.947361123,20634.146341463413
9432749.349606372,31888093.510147896,20146.341463414632,1.8822070698976894,9432455.476446182,31887668.261753086,19658.53658536585,9432797.57410425,31888608.167343877,19658.53658536585,9433043.222766563,31888518.75854271,20634.146341463413,9432701.125108495,31887578.852951914,20634.146341463413
9433091.447264442,31889033.41573869,20146.341463414632,1.5922397695048893,9432797.57410425,31888608.167343877,19658.53658536585,9433139.67176232,31889548.072934672,19658.53658536585,9433385.320424633,31889458.6641335,20634.146341463413,9433043.222766563,31888518.75854271,20634.146341463413
9433433.54492251,31889973.321329482,20146.341463414632,1.6537572686184552,9433139.67176232,31889548.072934672,19658.53658536585,9433481.76942039,31890487.978525467,19658.53658536585,9433727.418082705,31890398.569724295,20634.146341463413,9433385.320424633,31889458.6641335,20634.146341463413
9433775.642580582,31890913.226920277,20146.341463414632,1.6500701292725695,9433481.76942039,31890487.978525467,19658.53658536585,9433823.867078457,31891427.88411626,19658.53658536585,9434069.515740773,31891338.47531509,20634.146341463413,9433727.418082705,31890398.569724295,20634.146341463413
9434117.740238652,31891853.132511076,20146.341463414632,1.7458630875272345,9433823.867078457,31891427.88411626,19658.53658536585,9434165.964736527,31892367.789707053,19658.53658536585,9434411.61339884,31892278.38090588,20634.146341463413,9434069.515740773,31891338.47531509,20634.146341463413
9434459.837896718,31892793.038101863,20146.341463414632,1.8306176596918153,9434165.964736527,31892367.789707053,19658.53658536585,9434508.062394597,31893307.695297845,19658.53658536585,9434753.711056912,31893218.286496673,20634.146341463413,9434411.61339884,31892278.38090588,20634.146341463413
9434801.93555479,31893732.943692658,20146.341463414632,1.7672523047515183,9434508.062394597,31893307.695297845,19658.53658536585,9434850.160052665,31894247.60088864,19658.53658536585,9435095.80871498,31894158.19208747,20634.146341463413,9434753.711056912,31893218.286496673,20634.146341463413
9435144.033212857,31894672.849283453,20146.341463414632,1.6712980064910155,9434850.160052665,31894247.60088864,19658.53658536585,9435192.257710734,31895187.506479435,19658.53658536585,9435437.906373048,31895098.097678263,20634.146341463413,9435095.80871498,31894158.19208747,20634.146341463413
9435486.130870925,31895612.754874244,20146.341463414632,2.0276390193868696,9435192.257710734,31895187.506479435,19658.53658536585,9435534.355368804,31896127.412070226,19658.53658536585,9435780.00403112,31896038.003269054,20634.146341463413,9435437.906373048,31895098.097678263,20634.146341463413
9435828.228528995,31896552.660465036,20146.341463414632,1.7929551280571165,9435534.355368804,31896127.412070226,19658.53658536585,9435876.453026872,31897067.31766102,19658.53658536585,9436122.101689188,31896977.908859853,20634.146341463413,9435780.00403112,31896038.003269054,20634.146341463413
9436170.326187067,31897492.566055834,20146.341463414632,1.5246913214005788,9435876.453026872,31897067.31766102,19658.53658536585,9436218.550684942,31898007.223251816,19658.53658536585,9436464.199347258,31897917.814450644,20634.146341463413,9436122.101689188,31896977.908859853,20634.146341463413
9436512.423845135,31898432.47164663,20146.341463414632,1.392696697772672,9436218.550684942,31898007.223251816,19658.53658536585,9436560.648343012,31898947.128842607,19658.53658536585,9436806.297005327,31898857.720041435,20634.146341463413,9436464.199347258,31897917.814450644,20634.146341463413
9436854.521503204,31899372.377237417,20146.341463414632,1.3646863648017766,9436560.648343012,31898947.128842607,19658.53658536585,9436902.74600108,31899887.0344334,19658.53658536585,9437148.394663395,31899797.62563223,20634.146341463413,9436806.297005327,31898857.720041435,20634.146341463413
9437196.619161272,31900312.282828216,20146.341463414632,1.3083824720421335,9436902.74600108,31899887.0344334,19658.53658536585,9437244.84365915,31900826.940024193,19658.53658536585,9437490.492321465,31900737.531223025,20634.146341463413,9437148.394663395,31899797.62563223,20634.146341463413
9437538.716819342,31901252.188419007,20146.341463414632,0.7557765819045098,9437244.84365915,31900826.940024193,19658.53658536585,9437586.94131722,31901766.84561499,19658.53658536585,9437832.589979535,31901677.436813816,20634.146341463413,9437490.492321465,31900737.531223025,20634.146341463413
9437880.814477412,31902192.094009798,20146.341463414632,0.501138330588444,9437586.94131722,31901766.84561499,19658.53658536585,9437929.038975287,31902706.75120578,19658.53658536585,9438174.687637603,31902617.34240461,20634.146341463413,9437832.589979535,31901677.436813816,20634.146341463413
9438222.912135482,31903131.999600593,20146.341463414632,0.3620907647622489,9437929.038975287,31902706.75120578,19658.53658536585,9438271.136633357,31903646.656796575,19658.53658536585,9438516.785295673,31903557.247995406,20634.146341463413,9438174.687637603,31902617.34240461,20634.146341463413
9438565.009793548,31904071.905191388,20146.341463414632,0.2574506799896612,9438271.136633357,31903646.656796575,19658.53658536585,9438613.234291427,31904586.56238737,19658.53658536585,9438858.882953743,31904497.153586198,20634.146341463413,9438516.785295673,31903557.247995406,20634.146341463413
9438907.10745162,31905011.810782183,20146.341463414632,0.26866771568779607,9438613.234291427,31904586.56238737,19658.53658536585,9438955.331949495,31905526.46797816,19658.53658536585,9439200.98061181,31905437.059176993,20634.146341463413,9438858.882953743,31904497.153586198,20634.146341463413
9439249.20510969,31905951.716372974,20146.341463414632,0.261780813374314,9438955.331949495,31905526.46797816,19658.53658536585,9439297.429607565,31906466.373568952,19658.53658536585,9439543.07826988,31906376.964767784,20634.146341463413,9439200.98061181,31905437.059176993,20634.146341463413
9439591.302767757,31906891.62196377,20146.341463414632,0.21835819920830565,9439297.429607565,31906466.373568952,19658.53658536585,9439639.527265636,31907406.27915975,19658.53658536585,9439885.17592795,31907316.87035858,20634.146341463413,9439543.07826988,31906376.964767784,20634.146341463413
9439933.400425827,31907831.52755456,20146.341463414632,0.19439234821701962,9439639.527265636,31907406.27915975,19658.53658536585,9439981.624923702,31908346.184750542,19658.53658536585,9440227.273586018,31908256.775949374,20634.146341463413,9439885.17592795,31907316.87035858,20634.146341463413
9440275.498083897,31908771.43314535,20146.341463414632,0.16005768102443615,9439981.624923702,31908346.184750542,19658.53658536585,9440323.722581774,31909286.090341333,19658.53658536585,9440569.371244088,31909196.681540165,20634.146341463413,9440227.273586018,31908256.775949374,20634.146341463413
9440617.595741965,31909711.338736147,20146.341463414632,0.1721103436032683,9440323.722581774,31909286.090341333,19658.53658536585,9440665.820239844,31910225.995932132,19658.53658536585,9440911.468902158,31910136.58713096,20634.146341463413,9440569.371244088,31909196.681540165,20634.146341463413
9440959.693400035,31910651.24432694,20146.341463414632,0.23045878115785098,9440665.820239844,31910225.995932132,19658.53658536585,9441007.91789791,31911165.90152292,19658.53658536585,9441253.566560226,31911076.49272175,20634.146341463413,9440911.468902158,31910136.58713096,20634.146341463413
9441301.791058104,31911591.14991773,20146.341463414632,0.29930204210357875,9441007.91789791,31911165.90152292,19658.53658536585,9441350.015555982,31912105.807113715,19658.53658536585,9441595.664218295,31912016.398312546,20634.146341463413,9441253.566560226,31911076.49272175,20634.146341463413
9441643.888716172,31912531.055508528,20146.341463414632,0.2210472390077033,9441350.015555982,31912105.807113715,19658.53658536585,9441692.113214051,31913045.71270451,19658.53658536585,9441937.761876365,31912956.303903338,20634.146341463413,9441595.664218295,31912016.398312546,20634.146341463413
9441985.986374242,31913470.961099315,20146.341463414632,0.16292745166400316,9441692.113214051,31913045.71270451,19658.53658536585,9442034.210872117,31913985.6182953,19658.53658536585,9442279.859534433,31913896.209494133,20634.146341463413,9441937.761876365,31912956.303903338,20634.146341463413
9442328.084032312,31914410.86669011,20146.341463414632,0.19475398454526302,9442034.210872117,31913985.6182953,19658.53658536585,9442376.30853019,31914925.523886096,19658.53658536585,9442621.957192503,31914836.115084928,20634.146341463413,9442279.859534433,31913896.209494133,20634.146341463413
9442670.18169038,31915350.77228091,20146.341463414632,0.17849821364042973,9442376.30853019,31914925.523886096,19658.53658536585,9442718.406188259,31915865.42947689,19658.53658536585,9442964.054850573,31915776.02067572,20634.146341463413,9442621.957192503,31914836.115084928,20634.146341463413
9443012.27934845,31916290.6778717,20146.341463414632,0.1311188326582096,9442718.406188259,31915865.42947689,19658.53658536585,9443060.503846327,31916805.335067682,19658.53658536585,9443306.15250864,31916715.926266514,20634.146341463413,9442964.054850573,31915776.02067572,20634.146341463413
9443354.37700652,31917230.583462495,20146.341463414632,0.08663113348207675,9443060.503846327,31916805.335067682,19658.53658536585,9443402.601504397,31917745.240658473,19658.53658536585,9443648.25016671,31917655.831857305,20634.146341463413,9443306.15250864,31916715.926266514,20634.146341463413
9443696.474664588,31918170.489053287,20146.341463414632,0.09037693970514422,9443402.601504397,31917745.240658473,19658.53658536585,9443744.699162466,31918685.146249272,19658.53658536585,9443990.34782478,31918595.7374481,20634.146341463413,9443648.25016671,31917655.831857305,20634.146341463413
9444038.572322657,31919110.39464408,20146.341463414632,0.07819755691047228,9443744.699162466,31918685.146249272,19658.53658536585,9444086.796820534,31919625.051840063,19658.53658536585,9444332.445482848,31919535.64303889,20634.146341463413,9443990.34782478,31918595.7374481,20634.146341463413
9444380.669980727,31920050.30023487,20146.341463414632,0.10979475228712013,9444086.796820534,31919625.051840063,19658.53658536585,9444428.894478604,31920564.957430854,19658.53658536585,9444674.543140918,31920475.548629686,20634.146341463413,9444332.445482848,31919535.64303889,20634.146341463413
9444722.767638795,31920990.205825668,20146.341463414632,0.11293643256196449,9444428.894478604,31920564.957430854,19658.53658536585,9444770.992136674,31921504.863021653,19658.53658536585,9445016.640798988,31921415.45422048,20634.146341463413,9444674.543140918,31920475.548629686,20634.146341463413
9445064.865296865,31921930.111416463,20146.341463414632,0.10166242514653173,9444770.992136674,31921504.863021653,19658.53658536585,9445113.089794742,31922444.768612444,19658.53658536585,9445358.738457056,31922355.359811272,20634.146341463413,9445016.640798988,31921415.45422048,20634.146341463413
9445406.962954935,31922870.017007254,20146.341463414632,0.11024965666424766,9445113.089794742,31922444.768612444,19658.53658536585,9445455.187452812,31923384.674203236,19658.53658536585,9445700.836115126,31923295.265402067,20634.146341463413,9445358.738457056,31922355.359811272,20634.146341463413
9445749.060613003,31923809.92259805,20146.341463414632,0.094741476084922,9445455.187452812,31923384.674203236,19658.53658536585,9445797.285110882,31924324.57979403,19658.53658536585,9446042.933773195,31924235.17099286,20634.146341463413,9445700.836115126,31923295.265402067,20634.146341463413
9446091.158271072,31924749.82818884,20146.341463414632,0.0632283415649571,9445797.285110882,31924324.57979403,19658.53658536585,9446139.38276895,31925264.485384826,19658.53658536585,9446385.031431263,31925175.076583654,20634.146341463413,9446042.933773195,31924235.17099286,20634.146341463413
9405285.08796508,31811871.748492457,21121.951219512193,3.8964069686386495,9404991.214804888,31811446.500097644,20634.146341463413,9405333.31246296,31812386.40568844,20634.146341463413,9405578.961125273,31812296.996887267,21609.756097560974,9405236.863467203,31811357.091296475,21609.756097560974
9405627.18562315,31812811.65408325,21121.951219512193,4.673186773704483,9405333.31246296,31812386.40568844,20634.146341463413,9405675.410121026,31813326.31127923,20634.146341463413,9405921.058783343,31813236.90247806,21609.756097560974,9405578.961125273,31812296.996887267,21609.756097560974
9405969.28328122,31813751.55967404,21121.951219512193,4.813638433283832,9405675.410121026,31813326.31127923,20634.146341463413,9406017.507779095,31814266.21687002,20634.146341463413,9406263.156441411,31814176.808068857,21609.756097560974,9405921.058783343,31813236.90247806,21609.756097560974
9406311.380939288,31814691.46526484,21121.951219512193,4.7511231756827,9406017.507779095,31814266.21687002,20634.146341463413,9406359.605437167,31815206.12246082,20634.146341463413,9406605.25409948,31815116.713659648,21609.756097560974,9406263.156441411,31814176.808068857,21609.756097560974
9406653.478597358,31815631.370855633,21121.951219512193,5.2326391214085035,9406359.605437167,31815206.12246082,20634.146341463413,9406701.703095235,31816146.02805161,20634.146341463413,9406947.35175755,31816056.619250443,21609.756097560974,9406605.25409948,31815116.713659648,21609.756097560974
9406995.576255428,31816571.27644642,21121.951219512193,5.518763038090849,9406701.703095235,31816146.02805161,20634.146341463413,9407043.800753303,31817085.933642402,20634.146341463413,9407289.449415619,31816996.524841234,21609.756097560974,9406947.35175755,31816056.619250443,21609.756097560974
9407337.673913496,31817511.18203722,21121.951219512193,5.607995090761743,9407043.800753303,31817085.933642402,20634.146341463413,9407385.898411375,31818025.8392332,20634.146341463413,9407631.547073688,31817936.43043203,21609.756097560974,9407289.449415619,31816996.524841234,21609.756097560974
9407679.771571565,31818451.08762801,21121.951219512193,6.7287089838273415,9407385.898411375,31818025.8392332,20634.146341463413,9407727.996069442,31818965.744823992,20634.146341463413,9407973.644731758,31818876.336022824,21609.756097560974,9407631.547073688,31817936.43043203,21609.756097560974
9408021.869229635,31819390.993218802,21121.951219512193,7.150289965798898,9407727.996069442,31818965.744823992,20634.146341463413,9408070.093727512,31819905.650414784,20634.146341463413,9408315.742389826,31819816.241613615,21609.756097560974,9407973.644731758,31818876.336022824,21609.756097560974
9408363.966887703,31820330.898809597,21121.951219512193,8.035203697700227,9408070.093727512,31819905.650414784,20634.146341463413,9408412.191385582,31820845.55600558,20634.146341463413,9408657.840047896,31820756.147204407,21609.756097560974,9408315.742389826,31819816.241613615,21609.756097560974
9408706.064545773,31821270.804400392,21121.951219512193,8.713257879348735,9408412.191385582,31820845.55600558,20634.146341463413,9408754.28904365,31821785.461596373,20634.146341463413,9408999.937705966,31821696.0527952,21609.756097560974,9408657.840047896,31820756.147204407,21609.756097560974
9409048.162203843,31822210.709991187,21121.951219512193,9.949188156171855,9408754.28904365,31821785.461596373,20634.146341463413,9409096.38670172,31822725.367187165,20634.146341463413,9409342.035364034,31822635.958385997,21609.756097560974,9408999.937705966,31821696.0527952,21609.756097560974
9409390.25986191,31823150.615581978,21121.951219512193,9.969318873178528,9409096.38670172,31822725.367187165,20634.146341463413,9409438.48435979,31823665.27277796,20634.146341463413,9409684.133022103,31823575.863976788,21609.756097560974,9409342.035364034,31822635.958385997,21609.756097560974
9409732.35751998,31824090.521172773,21121.951219512193,8.901938972662133,9409438.48435979,31823665.27277796,20634.146341463413,9409780.582017858,31824605.178368755,20634.146341463413,9410026.230680173,31824515.769567583,21609.756097560974,9409684.133022103,31823575.863976788,21609.756097560974
9410074.45517805,31825030.426763564,21121.951219512193,8.091334744978562,9409780.582017858,31824605.178368755,20634.146341463413,9410122.679675927,31825545.083959546,20634.146341463413,9410368.328338241,31825455.675158378,21609.756097560974,9410026.230680173,31824515.769567583,21609.756097560974
9410416.552836118,31825970.33235436,21121.951219512193,7.976349547811656,9410122.679675927,31825545.083959546,20634.146341463413,9410464.777333997,31826484.98955034,20634.146341463413,9410710.425996311,31826395.58074917,21609.756097560974,9410368.328338241,31825455.675158378,21609.756097560974
9410758.650494188,31826910.23794515,21121.951219512193,7.514802299109803,9410464.777333997,31826484.98955034,20634.146341463413,9410806.874992065,31827424.895141132,20634.146341463413,9411052.52365438,31827335.48633996,21609.756097560974,9410710.425996311,31826395.58074917,21609.756097560974
9411100.748152258,31827850.143535946,21121.951219512193,8.945647067730993,9410806.874992065,31827424.895141132,20634.146341463413,9411148.972650135,31828364.800731927,20634.146341463413,9411394.621312449,31828275.39193076,21609.756097560974,9411052.52365438,31827335.48633996,21609.756097560974
9411442.845810326,31828790.049126744,21121.951219512193,9.884280032828839,9411148.972650135,31828364.800731927,20634.146341463413,9411491.070308205,31829304.706322722,20634.146341463413,9411736.718970519,31829215.29752155,21609.756097560974,9411394.621312449,31828275.39193076,21609.756097560974
9411784.943468396,31829729.95471753,21121.951219512193,9.373480864508569,9411491.070308205,31829304.706322722,20634.146341463413,9411833.167966273,31830244.611913513,20634.146341463413,9412078.816628588,31830155.20311234,21609.756097560974,9411736.718970519,31829215.29752155,21609.756097560974
9412127.041126465,31830669.860308327,21121.951219512193,10.920026449302842,9411833.167966273,31830244.611913513,20634.146341463413,9412175.265624342,31831184.51750431,20634.146341463413,9412420.914286658,31831095.10870314,21609.756097560974,9412078.816628588,31830155.20311234,21609.756097560974
9412469.138784535,31831609.76589912,21121.951219512193,10.411443018884132,9412175.265624342,31831184.51750431,20634.146341463413,9412517.363282412,31832124.423095103,20634.146341463413,9412763.011944726,31832035.01429393,21609.756097560974,9412420.914286658,31831095.10870314,21609.756097560974
9412811.236442603,31832549.671489913,21121.951219512193,10.584374852221105,9412517.363282412,31832124.423095103,20634.146341463413,9412859.46094048,31833064.328685895,20634.146341463413,9413105.109602794,31832974.919884723,21609.756097560974,9412763.011944726,31832035.01429393,21609.756097560974
9413153.334100673,31833489.577080704,21121.951219512193,10.143229310222342,9412859.46094048,31833064.328685895,20634.146341463413,9413201.55859855,31834004.234276686,20634.146341463413,9413447.207260866,31833914.825475518,21609.756097560974,9413105.109602794,31832974.919884723,21609.756097560974
9413495.431758743,31834429.482671503,21121.951219512193,9.818887916040271,9413201.55859855,31834004.234276686,20634.146341463413,9413543.65625662,31834944.13986748,20634.146341463413,9413789.304918936,31834854.731066313,21609.756097560974,9413447.207260866,31833914.825475518,21609.756097560974
9413837.529416813,31835369.388262298,21121.951219512193,8.566811896397086,9413543.65625662,31834944.13986748,20634.146341463413,9413885.753914688,31835884.045458276,20634.146341463413,9414131.402577002,31835794.636657104,21609.756097560974,9413789.304918936,31834854.731066313,21609.756097560974
9414179.62707488,31836309.293853085,21121.951219512193,7.861444672803712,9413885.753914688,31835884.045458276,20634.146341463413,9414227.851572758,31836823.951049067,20634.146341463413,9414473.500235073,31836734.5422479,21609.756097560974,9414131.402577002,31835794.636657104,21609.756097560974
9414521.72473295,31837249.199443884,21121.951219512193,8.221551163313787,9414227.851572758,31836823.951049067,20634.146341463413,9414569.949230827,31837763.856639862,20634.146341463413,9414815.597893143,31837674.447838694,21609.756097560974,9414473.500235073,31836734.5422479,21609.756097560974
9414863.822391018,31838189.10503467,21121.951219512193,8.437539234412784,9414569.949230827,31837763.856639862,20634.146341463413,9414912.046888895,31838703.762230653,20634.146341463413,9415157.69555121,31838614.35342948,21609.756097560974,9414815.597893143,31837674.447838694,21609.756097560974
9415205.920049088,31839129.010625467,21121.951219512193,9.845895752177379,9414912.046888895,31838703.762230653,20634.146341463413,9415254.144546965,31839643.66782145,20634.146341463413,9415499.79320928,31839554.25902028,21609.756097560974,9415157.69555121,31838614.35342948,21609.756097560974
9415548.017707156,31840068.91621626,21121.951219512193,12.60852152047132,9415254.144546965,31839643.66782145,20634.146341463413,9415596.242205035,31840583.57341224,20634.146341463413,9415841.89086735,31840494.16461107,21609.756097560974,9415499.79320928,31839554.25902028,21609.756097560974
9415890.115365228,31841008.821807053,21121.951219512193,14.062587925357029,9415596.242205035,31840583.57341224,20634.146341463413,9415938.339863103,31841523.479003035,20634.146341463413,9416183.988525419,31841434.070201863,21609.756097560974,9415841.89086735,31840494.16461107,21609.756097560974
9416232.213023297,31841948.727397844,21121.951219512193,13.619694253562058,9415938.339863103,31841523.479003035,20634.146341463413,9416280.437521173,31842463.38459383,20634.146341463413,9416526.086183488,31842373.97579266,21609.756097560974,9416183.988525419,31841434.070201863,21609.756097560974
9416574.310681365,31842888.63298864,21121.951219512193,12.318633508713535,9416280.437521173,31842463.38459383,20634.146341463413,9416622.535179242,31843403.29018462,20634.146341463413,9416868.183841558,31843313.881383453,21609.756097560974,9416526.086183488,31842373.97579266,21609.756097560974
9416916.408339433,31843828.538579434,21121.951219512193,10.287438672758638,9416622.535179242,31843403.29018462,20634.146341463413,9416964.63283731,31844343.195775416,20634.146341463413,9417210.281499626,31844253.786974248,21609.756097560974,9416868.183841558,31843313.881383453,21609.756097560974
9417258.505997505,31844768.444170225,21121.951219512193,9.073259486707794,9416964.63283731,31844343.195775416,20634.146341463413,9417306.73049538,31845283.101366207,20634.146341463413,9417552.379157696,31845193.69256504,21609.756097560974,9417210.281499626,31844253.786974248,21609.756097560974
9417600.603655573,31845708.34976102,21121.951219512193,8.344325010067314,9417306.73049538,31845283.101366207,20634.146341463413,9417648.82815345,31846223.006957002,20634.146341463413,9417894.476815766,31846133.598155834,21609.756097560974,9417552.379157696,31845193.69256504,21609.756097560974
9417942.701313643,31846648.255351815,21121.951219512193,7.002938868854158,9417648.82815345,31846223.006957002,20634.146341463413,9417990.925811518,31847162.912547797,20634.146341463413,9418236.574473834,31847073.503746625,21609.756097560974,9417894.476815766,31846133.598155834,21609.756097560974
9418284.79897171,31847588.160942607,21121.951219512193,6.142355764694401,9417990.925811518,31847162.912547797,20634.146341463413,9418333.023469588,31848102.81813859,20634.146341463413,9418578.672131903,31848013.409337416,21609.756097560974,9418236.574473834,31847073.503746625,21609.756097560974
9418626.89662978,31848528.066533398,21121.951219512193,5.8641037941913945,9418333.023469588,31848102.81813859,20634.146341463413,9418675.121127658,31849042.723729383,20634.146341463413,9418920.769789973,31848953.314928215,21609.756097560974,9418578.672131903,31848013.409337416,21609.756097560974
9418968.99428785,31849467.972124197,21121.951219512193,5.957662304888047,9418675.121127658,31849042.723729383,20634.146341463413,9419017.218785727,31849982.62932018,20634.146341463413,9419262.867448041,31849893.220519006,21609.756097560974,9418920.769789973,31848953.314928215,21609.756097560974
9419311.09194592,31850407.877714984,21121.951219512193,5.8110334597484945,9419017.218785727,31849982.62932018,20634.146341463413,9419359.316443795,31850922.53491097,20634.146341463413,9419604.965106111,31850833.126109798,21609.756097560974,9419262.867448041,31849893.220519006,21609.756097560974
9419653.189603986,31851347.78330578,21121.951219512193,5.95155694009792,9419359.316443795,31850922.53491097,20634.146341463413,9419701.414101865,31851862.44050176,20634.146341463413,9419947.06276418,31851773.031700592,21609.756097560974,9419604.965106111,31850833.126109798,21609.756097560974
9419995.287262058,31852287.688896578,21121.951219512193,5.853445786307645,9419701.414101865,31851862.44050176,20634.146341463413,9420043.511759935,31852802.34609256,20634.146341463413,9420289.160422249,31852712.937291387,21609.756097560974,9419947.06276418,31851773.031700592,21609.756097560974
9420337.384920128,31853227.59448737,21121.951219512193,6.604367738418565,9420043.511759935,31852802.34609256,20634.146341463413,9420385.609418005,31853742.25168335,20634.146341463413,9420631.258080319,31853652.84288218,21609.756097560974,9420289.160422249,31852712.937291387,21609.756097560974
9420679.482578196,31854167.50007816,21121.951219512193,7.463008309253635,9420385.609418005,31853742.25168335,20634.146341463413,9420727.707076073,31854682.157274142,20634.146341463413,9420973.355738388,31854592.748472974,21609.756097560974,9420631.258080319,31853652.84288218,21609.756097560974
9421021.580236265,31855107.405668955,21121.951219512193,8.18734738850034,9420727.707076073,31854682.157274142,20634.146341463413,9421069.804734142,31855622.06286494,20634.146341463413,9421315.453396456,31855532.65406377,21609.756097560974,9420973.355738388,31854592.748472974,21609.756097560974
9421363.677894335,31856047.31125975,21121.951219512193,8.946034327710114,9421069.804734142,31855622.06286494,20634.146341463413,9421411.902392212,31856561.968455732,20634.146341463413,9421657.551054526,31856472.55965456,21609.756097560974,9421315.453396456,31855532.65406377,21609.756097560974
9421705.775552403,31856987.216850538,21121.951219512193,8.649502502599324,9421411.902392212,31856561.968455732,20634.146341463413,9421754.00005028,31857501.874046523,20634.146341463413,9421999.648712596,31857412.465245355,21609.756097560974,9421657.551054526,31856472.55965456,21609.756097560974
9422047.873210473,31857927.122441337,21121.951219512193,8.504515665092862,9421754.00005028,31857501.874046523,20634.146341463413,9422096.09770835,31858441.779637318,20634.146341463413,9422341.746370664,31858352.370836146,21609.756097560974,9421999.648712596,31857412.465245355,21609.756097560974
9422389.970868543,31858867.02803213,21121.951219512193,8.267058221961213,9422096.09770835,31858441.779637318,20634.146341463413,9422438.19536642,31859381.685228113,20634.146341463413,9422683.844028734,31859292.27642694,21609.756097560974,9422341.746370664,31858352.370836146,21609.756097560974
9422732.06852661,31859806.933622923,21121.951219512193,7.854224597649958,9422438.19536642,31859381.685228113,20634.146341463413,9422780.29302449,31860321.590818904,20634.146341463413,9423025.941686803,31860232.182017736,21609.756097560974,9422683.844028734,31859292.27642694,21609.756097560974
9423074.16618468,31860746.839213718,21121.951219512193,9.049393030564744,9422780.29302449,31860321.590818904,20634.146341463413,9423122.390682558,31861261.496409696,20634.146341463413,9423368.039344871,31861172.087608527,21609.756097560974,9423025.941686803,31860232.182017736,21609.756097560974
9423416.26384275,31861686.74480451,21121.951219512193,12.375025442978073,9423122.390682558,31861261.496409696,20634.146341463413,9423464.488340627,31862201.402000494,20634.146341463413,9423710.137002941,31862111.993199322,21609.756097560974,9423368.039344871,31861172.087608527,21609.756097560974
9423758.361500818,31862626.650395304,21121.951219512193,13.538046447854668,9423464.488340627,31862201.402000494,20634.146341463413,9423806.585998697,31863141.307591286,20634.146341463413,9424052.234661011,31863051.898790117,21609.756097560974,9423710.137002941,31862111.993199322,21609.756097560974
9424100.459158888,31863566.555986095,21121.951219512193,14.6753489134709,9423806.585998697,31863141.307591286,20634.146341463413,9424148.683656765,31864081.213182077,20634.146341463413,9424394.332319079,31863991.80438091,21609.756097560974,9424052.234661011,31863051.898790117,21609.756097560974
9424442.556816958,31864506.46157689,21121.951219512193,14.536109301228555,9424148.683656765,31864081.213182077,20634.146341463413,9424490.781314835,31865021.11877287,20634.146341463413,9424736.429977149,31864931.7099717,21609.756097560974,9424394.332319079,31863991.80438091,21609.756097560974
9424784.654475026,31865446.367167685,21121.951219512193,12.451408447961384,9424490.781314835,31865021.11877287,20634.146341463413,9424832.878972905,31865961.024363667,20634.146341463413,9425078.527635219,31865871.6155625,21609.756097560974,9424736.429977149,31864931.7099717,21609.756097560974
9425126.752133096,31866386.272758476,21121.951219512193,11.738410723444904,9424832.878972905,31865961.024363667,20634.146341463413,9425174.976630973,31866900.929954458,20634.146341463413,9425420.625293287,31866811.52115329,21609.756097560974,9425078.527635219,31865871.6155625,21609.756097560974
9425468.849791165,31867326.17834927,21121.951219512193,11.782254925476114,9425174.976630973,31866900.929954458,20634.146341463413,9425517.074289043,31867840.835545253,20634.146341463413,9425762.722951356,31867751.42674408,21609.756097560974,9425420.625293287,31866811.52115329,21609.756097560974
9425810.947449233,31868266.083940063,21121.951219512193,10.581134534750541,9425517.074289043,31867840.835545253,20634.146341463413,9425859.171947112,31868780.741136044,20634.146341463413,9426104.820609426,31868691.332334876,21609.756097560974,9425762.722951356,31867751.42674408,21609.756097560974
9426153.045107303,31869205.989530854,21121.951219512193,9.35033873402983,9425859.171947112,31868780.741136044,20634.146341463413,9426201.26960518,31869720.646726836,20634.146341463413,9426446.918267494,31869631.237925667,21609.756097560974,9426104.820609426,31868691.332334876,21609.756097560974
9426495.142765373,31870145.89512165,21121.951219512193,8.541014089045648,9426201.26960518,31869720.646726836,20634.146341463413,9426543.36726325,31870660.552317634,20634.146341463413,9426789.015925564,31870571.143516462,21609.756097560974,9426446.918267494,31869631.237925667,21609.756097560974
9426837.240423441,31871085.800712444,21121.951219512193,7.084424897037464,9426543.36726325,31870660.552317634,20634.146341463413,9426885.46492132,31871600.457908425,20634.146341463413,9427131.113583636,31871511.049107257,21609.756097560974,9426789.015925564,31870571.143516462,21609.756097560974
9427179.338081513,31872025.70630324,21121.951219512193,7.397053562973691,9426885.46492132,31871600.457908425,20634.146341463413,9427227.562579388,31872540.36349922,20634.146341463413,9427473.211241703,31872450.954698052,21609.756097560974,9427131.113583636,31871511.049107257,21609.756097560974
9427521.43573958,31872965.611894034,21121.951219512193,7.371633831971354,9427227.562579388,31872540.36349922,20634.146341463413,9427569.660237458,31873480.269090015,20634.146341463413,9427815.308899771,31873390.860288844,21609.756097560974,9427473.211241703,31872450.954698052,21609.756097560974
9427863.533397648,31873905.517484825,21121.951219512193,6.7751270489881446,9427569.660237458,31873480.269090015,20634.146341463413,9427911.757895527,31874420.174680807,20634.146341463413,9428157.406557843,31874330.765879635,21609.756097560974,9427815.308899771,31873390.860288844,21609.756097560974
9428205.63105572,31874845.423075616,21121.951219512193,6.369583464556772,9427911.757895527,31874420.174680807,20634.146341463413,9428253.855553595,31875360.080271598,20634.146341463413,9428499.504215911,31875270.67147043,21609.756097560974,9428157.406557843,31874330.765879635,21609.756097560974
9428547.72871379,31875785.32866641,21121.951219512193,6.111867239670002,9428253.855553595,31875360.080271598,20634.146341463413,9428595.953211665,31876299.985862393,20634.146341463413,9428841.601873979,31876210.57706122,21609.756097560974,9428499.504215911,31875270.67147043,21609.756097560974
9428889.826371856,31876725.234257203,21121.951219512193,6.167941296794506,9428595.953211665,31876299.985862393,20634.146341463413,9428938.050869735,31877239.891453188,20634.146341463413,9429183.69953205,31877150.482652016,21609.756097560974,9428841.601873979,31876210.57706122,21609.756097560974
9429231.924029928,31877665.139847998,21121.951219512193,6.089983571031438,9428938.050869735,31877239.891453188,20634.146341463413,9429280.148527803,31878179.79704398,20634.146341463413,9429525.797190119,31878090.38824281,21609.756097560974,9429183.69953205,31877150.482652016,21609.756097560974
9429574.021687998,31878605.045438796,21121.951219512193,6.2470335708057885,9429280.148527803,31878179.79704398,20634.146341463413,9429622.246185873,31879119.702634774,20634.146341463413,9429867.894848188,31879030.293833602,21609.756097560974,9429525.797190119,31878090.38824281,21609.756097560974
9429916.119346065,31879544.951029584,21121.951219512193,5.874108080758896,9429622.246185873,31879119.702634774,20634.146341463413,9429964.343843943,31880059.60822557,20634.146341463413,9430209.992506258,31879970.199424397,21609.756097560974,9429867.894848188,31879030.293833602,21609.756097560974
9430258.217004133,31880484.85662038,21121.951219512193,5.5126004408300435,9429964.343843943,31880059.60822557,20634.146341463413,9430306.44150201,31880999.51381636,20634.146341463413,9430552.090164326,31880910.105015192,21609.756097560974,9430209.992506258,31879970.199424397,21609.756097560974
9430600.314662205,31881424.762211174,21121.951219512193,5.209425082739082,9430306.44150201,31880999.51381636,20634.146341463413,9430648.53916008,31881939.419407155,20634.146341463413,9430894.187822396,31881850.010605983,21609.756097560974,9430552.090164326,31880910.105015192,21609.756097560974
9430942.412320273,31882364.667801965,21121.951219512193,5.0072110210945855,9430648.53916008,31881939.419407155,20634.146341463413,9430990.63681815,31882879.324997947,20634.146341463413,9431236.285480466,31882789.916196775,21609.756097560974,9430894.187822396,31881850.010605983,21609.756097560974
9431284.509978343,31883304.573392756,21121.951219512193,4.50118210443435,9430990.63681815,31882879.324997947,20634.146341463413,9431332.734476218,31883819.23058874,20634.146341463413,9431578.383138534,31883729.821787573,21609.756097560974,9431236.285480466,31882789.916196775,21609.756097560974
9431626.60763641,31884244.478983555,21121.951219512193,4.781715816092126,9431332.734476218,31883819.23058874,20634.146341463413,9431674.832134288,31884759.136179537,20634.146341463413,9431920.480796603,31884669.727378365,21609.756097560974,9431578.383138534,31883729.821787573,21609.756097560974
9431968.70529448,31885184.38457435,21121.951219512193,4.655276260555724,9431674.832134288,31884759.136179537,20634.146341463413,9432016.929792356,31885699.041770328,20634.146341463413,9432262.578454673,31885609.632969156,21609.756097560974,9431920.480796603,31884669.727378365,21609.756097560974
9432310.80295255,31886124.290165137,21121.951219512193,3.6158703545079653,9432016.929792356,31885699.041770328,20634.146341463413,9432359.027450426,31886638.947361123,20634.146341463413,9432604.676112741,31886549.538559955,21609.756097560974,9432262.578454673,31885609.632969156,21609.756097560974
9432652.90061062,31887064.195755936,21121.951219512193,2.548683882932128,9432359.027450426,31886638.947361123,20634.146341463413,9432701.125108495,31887578.852951914,20634.146341463413,9432946.773770811,31887489.444150746,21609.756097560974,9432604.676112741,31886549.538559955,21609.756097560974
9432994.998268686,31888004.101346727,21121.951219512193,1.932707467475217,9432701.125108495,31887578.852951914,20634.146341463413,9433043.222766563,31888518.75854271,20634.146341463413,9433288.87142888,31888429.349741537,21609.756097560974,9432946.773770811,31887489.444150746,21609.756097560974
9433337.095926758,31888944.00693752,21121.951219512193,1.7888611206976814,9433043.222766563,31888518.75854271,20634.146341463413,9433385.320424633,31889458.6641335,20634.146341463413,9433630.969086949,31889369.255332332,21609.756097560974,9433288.87142888,31888429.349741537,21609.756097560974
9433679.193584828,31889883.912528314,21121.951219512193,2.0592528920762985,9433385.320424633,31889458.6641335,20634.146341463413,9433727.418082705,31890398.569724295,20634.146341463413,9433973.066745019,31890309.160923127,21609.756097560974,9433630.969086949,31889369.255332332,21609.756097560974
9434021.291242896,31890823.81811911,21121.951219512193,2.2964548101109075,9433727.418082705,31890398.569724295,20634.146341463413,9434069.515740773,31891338.47531509,20634.146341463413,9434315.164403088,31891249.06651392,21609.756097560974,9433973.066745019,31890309.160923127,21609.756097560974
9434363.388900965,31891763.723709904,21121.951219512193,1.9145265092541346,9434069.515740773,31891338.47531509,20634.146341463413,9434411.61339884,31892278.38090588,20634.146341463413,9434657.262061156,31892188.972104713,21609.756097560974,9434315.164403088,31891249.06651392,21609.756097560974
9434705.486559035,31892703.629300695,21121.951219512193,1.9584177172843011,9434411.61339884,31892278.38090588,20634.146341463413,9434753.711056912,31893218.286496673,20634.146341463413,9434999.359719226,31893128.877695505,21609.756097560974,9434657.262061156,31892188.972104713,21609.756097560974
9435047.584217103,31893643.53489149,21121.951219512193,1.7214868874805578,9434753.711056912,31893218.286496673,20634.146341463413,9435095.80871498,31894158.19208747,20634.146341463413,9435341.457377296,31894068.7832863,21609.756097560974,9434999.359719226,31893128.877695505,21609.756097560974
9435389.681875173,31894583.44048228,21121.951219512193,1.555171642045491,9435095.80871498,31894158.19208747,20634.146341463413,9435437.906373048,31895098.097678263,20634.146341463413,9435683.555035364,31895008.688877095,21609.756097560974,9435341.457377296,31894068.7832863,21609.756097560974
9435731.779533243,31895523.346073072,21121.951219512193,1.5085191123167407,9435437.906373048,31895098.097678263,20634.146341463413,9435780.00403112,31896038.003269054,20634.146341463413,9436025.652693434,31895948.594467886,21609.756097560974,9435683.555035364,31895008.688877095,21609.756097560974
9436073.87719131,31896463.251663867,21121.951219512193,1.427925704060597,9435780.00403112,31896038.003269054,20634.146341463413,9436122.101689188,31896977.908859853,20634.146341463413,9436367.750351503,31896888.50005868,21609.756097560974,9436025.652693434,31895948.594467886,21609.756097560974
9436415.97484938,31897403.157254662,21121.951219512193,1.3092303098490412,9436122.101689188,31896977.908859853,20634.146341463413,9436464.199347258,31897917.814450644,20634.146341463413,9436709.848009571,31897828.405649476,21609.756097560974,9436367.750351503,31896888.50005868,21609.756097560974
9436758.07250745,31898343.062845457,21121.951219512193,1.5820963787021112,9436464.199347258,31897917.814450644,20634.146341463413,9436806.297005327,31898857.720041435,20634.146341463413,9437051.945667641,31898768.311240267,21609.756097560974,9436709.848009571,31897828.405649476,21609.756097560974
9437100.170165518,31899282.96843625,21121.951219512193,1.604669256755497,9436806.297005327,31898857.720041435,20634.146341463413,9437148.394663395,31899797.62563223,20634.146341463413,9437394.043325711,31899708.21683106,21609.756097560974,9437051.945667641,31898768.311240267,21609.756097560974
9437442.267823588,31900222.874027044,21121.951219512193,1.5288460906061347,9437148.394663395,31899797.62563223,20634.146341463413,9437490.492321465,31900737.531223025,20634.146341463413,9437736.140983779,31900648.122421853,21609.756097560974,9437394.043325711,31899708.21683106,21609.756097560974
9437784.365481658,31901162.779617835,21121.951219512193,1.5122321413121507,9437490.492321465,31900737.531223025,20634.146341463413,9437832.589979535,31901677.436813816,20634.146341463413,9438078.238641849,31901588.02801265,21609.756097560974,9437736.140983779,31900648.122421853,21609.756097560974
9438126.463139726,31902102.68520863,21121.951219512193,1.2910700227498446,9437832.589979535,31901677.436813816,20634.146341463413,9438174.687637603,31902617.34240461,20634.146341463413,9438420.336299919,31902527.93360344,21609.756097560974,9438078.238641849,31901588.02801265,21609.756097560974
9438468.560797796,31903042.59079942,21121.951219512193,1.0756235646082546,9438174.687637603,31902617.34240461,20634.146341463413,9438516.785295673,31903557.247995406,20634.146341463413,9438762.433957987,31903467.839194234,21609.756097560974,9438420.336299919,31902527.93360344,21609.756097560974
9438810.658455865,31903982.496390216,21121.951219512193,0.6974151606753285,9438516.785295673,31903557.247995406,20634.146341463413,9438858.882953743,31904497.153586198,20634.146341463413,9439104.531616056,31904407.74478503,21609.756097560974,9438762.433957987,31903467.839194234,21609.756097560974
9439152.756113933,31904922.401981015,21121.951219512193,0.731082491286051,9438858.882953743,31904497.153586198,20634.146341463413,9439200.98061181,31905437.059176993,20634.146341463413,9439446.629274126,31905347.65037582,21609.756097560974,9439104.531616056,31904407.74478503,21609.756097560974
9439494.853772003,31905862.307571802,21121.951219512193,0.7507702379981332,9439200.98061181,31905437.059176993,20634.146341463413,9439543.07826988,31906376.964767784,20634.146341463413,9439788.726932194,31906287.555966612,21609.756097560974,9439446.629274126,31905347.65037582,21609.756097560974
9439836.951430071,31906802.213162597,21121.951219512193,0.4876013092427903,9439543.07826988,31906376.964767784,20634.146341463413,9439885.17592795,31907316.87035858,20634.146341463413,9440130.824590266,31907227.46155741,21609.756097560974,9439788.726932194,31906287.555966612,21609.756097560974
9440179.049088141,31907742.118753392,21121.951219512193,0.4615555993054756,9439885.17592795,31907316.87035858,20634.146341463413,9440227.273586018,31908256.775949374,20634.146341463413,9440472.922248334,31908167.367148202,21609.756097560974,9440130.824590266,31907227.46155741,21609.756097560974
9440521.14674621,31908682.024344184,21121.951219512193,0.4148992324317535,9440227.273586018,31908256.775949374,20634.146341463413,9440569.371244088,31909196.681540165,20634.146341463413,9440815.019906403,31909107.272738993,21609.756097560974,9440472.922248334,31908167.367148202,21609.756097560974
9440863.244404279,31909621.929934975,21121.951219512193,0.34313969149785706,9440569.371244088,31909196.681540165,20634.146341463413,9440911.468902158,31910136.58713096,20634.146341463413,9441157.117564473,31910047.178329792,21609.756097560974,9440815.019906403,31909107.272738993,21609.756097560974
9441205.342062348,31910561.835525773,21121.951219512193,0.293201104592118,9440911.468902158,31910136.58713096,20634.146341463413,9441253.566560226,31911076.49272175,20634.146341463413,9441499.215222541,31910987.083920583,21609.756097560974,9441157.117564473,31910047.178329792,21609.756097560974
9441547.439720418,31911501.74111657,21121.951219512193,0.2595731329662876,9441253.566560226,31911076.49272175,20634.146341463413,9441595.664218295,31912016.398312546,20634.146341463413,9441841.312880611,31911926.989511374,21609.756097560974,9441499.215222541,31910987.083920583,21609.756097560974
9441889.537378488,31912441.646707356,21121.951219512193,0.27913597713604993,9441595.664218295,31912016.398312546,20634.146341463413,9441937.761876365,31912956.303903338,20634.146341463413,9442183.41053868,31912866.89510217,21609.756097560974,9441841.312880611,31911926.989511374,21609.756097560974
9442231.635036556,31913381.552298147,21121.951219512193,0.27068943327486367,9441937.761876365,31912956.303903338,20634.146341463413,9442279.859534433,31913896.209494133,20634.146341463413,9442525.508196749,31913806.80069296,21609.756097560974,9442183.41053868,31912866.89510217,21609.756097560974
9442573.732694626,31914321.457888942,21121.951219512193,0.23541712402269466,9442279.859534433,31913896.209494133,20634.146341463413,9442621.957192503,31914836.115084928,20634.146341463413,9442867.605854819,31914746.706283756,21609.756097560974,9442525.508196749,31913806.80069296,21609.756097560974
9442915.830352696,31915261.363479737,21121.951219512193,0.18238179563606574,9442621.957192503,31914836.115084928,20634.146341463413,9442964.054850573,31915776.02067572,20634.146341463413,9443209.703512888,31915686.61187455,21609.756097560974,9442867.605854819,31914746.706283756,21609.756097560974
9443257.928010765,31916201.269070532,21121.951219512193,0.13221287248094385,9442964.054850573,31915776.02067572,20634.146341463413,9443306.15250864,31916715.926266514,20634.146341463413,9443551.801170958,31916626.517465346,21609.756097560974,9443209.703512888,31915686.61187455,21609.756097560974
9443600.025668833,31917141.174661327,21121.951219512193,0.10963918288968703,9443306.15250864,31916715.926266514,20634.146341463413,9443648.25016671,31917655.831857305,20634.146341463413,9443893.898829026,31917566.423056133,21609.756097560974,9443551.801170958,31916626.517465346,21609.756097560974
9443942.123326903,31918081.080252115,21121.951219512193,0.12126347540369822,9443648.25016671,31917655.831857305,20634.146341463413,9443990.34782478,31918595.7374481,20634.146341463413,9444235.996487096,31918506.32864693,21609.756097560974,9443893.898829026,31917566.423056133,21609.756097560974
9444284.220984973,31919020.985842913,21121.951219512193,0.13164863842041138,9443990.34782478,31918595.7374481,20634.146341463413,9444332.445482848,31919535.64303889,20634.146341463413,9444578.094145166,31919446.234237723,21609.756097560974,9444235.996487096,31918506.32864693,21609.756097560974
9444626.318643043,31919960.8914337,21121.951219512193,0.1192517918972394,9444332.445482848,31919535.64303889,20634.146341463413,9444674.543140918,31920475.548629686,20634.146341463413,9444920.191803234,31920386.139828514,21609.756097560974,9444578.094145166,31919446.234237723,21609.756097560974
9444968.416301109,31920900.797024496,21121.951219512193,0.13800131087032552,9444674.543140918,31920475.548629686,20634.146341463413,9445016.640798988,31921415.45422048,20634.146341463413,9445262.289461304,31921326.045419313,21609.756097560974,9444920.191803234,31920386.139828514,21609.756097560974
9445310.51395918,31921840.70261529,21121.951219512193,0.1503943677708222,9445016.640798988,31921415.45422048,20634.146341463413,9445358.738457056,31922355.359811272,20634.146341463413,9445604.387119373,31922265.951010104,21609.756097560974,9445262.289461304,31921326.045419313,21609.756097560974
9445652.61161725,31922780.608206086,21121.951219512193,0.16076436831788737,9445358.738457056,31922355.359811272,20634.146341463413,9445700.836115126,31923295.265402067,20634.146341463413,9445946.484777441,31923205.856600896,21609.756097560974,9445604.387119373,31922265.951010104,21609.756097560974
9445994.709275318,31923720.513796877,21121.951219512193,0.16638025605692028,9445700.836115126,31923295.265402067,20634.146341463413,9446042.933773195,31924235.17099286,20634.146341463413,9446288.582435511,31924145.76219169,21609.756097560974,9445946.484777441,31923205.856600896,21609.756097560974
9446336.806933386,31924660.41938767,21121.951219512193,0.12353524597468422,9446042.933773195,31924235.17099286,20634.146341463413,9446385.031431263,31925175.076583654,20634.146341463413,9446630.68009358,31925085.667782485,21609.756097560974,9446288.582435511,31924145.76219169,21609.756097560974
9405530.736627396,31811782.339691285,22097.56097560976,4.423404819190044,9405236.863467203,31811357.091296475,21609.756097560974,9405578.961125273,31812296.996887267,21609.756097560974,9405824.609787587,31812207.5880861,22585.365853658535,9405482.512129517,31811267.682495303,22585.365853658535
9405872.834285464,31812722.24528208,22097.56097560976,4.78398154061594,9405578.961125273,31812296.996887267,21609.756097560974,9405921.058783343,31813236.90247806,21609.756097560974,9406166.707445657,31813147.49367689,22585.365853658535,9405824.609787587,31812207.5880861,22585.365853658535
9406214.931943534,31813662.15087287,22097.56097560976,5.391179082795415,9405921.058783343,31813236.90247806,21609.756097560974,9406263.156441411,31814176.808068857,21609.756097560974,9406508.805103725,31814087.399267685,22585.365853658535,9406166.707445657,31813147.49367689,22585.365853658535
9406557.029601604,31814602.056463666,22097.56097560976,5.528425163551658,9406263.156441411,31814176.808068857,21609.756097560974,9406605.25409948,31815116.713659648,21609.756097560974,9406850.902761796,31815027.30485848,22585.365853658535,9406508.805103725,31814087.399267685,22585.365853658535
9406899.127259674,31815541.962054465,22097.56097560976,5.963370042782084,9406605.25409948,31815116.713659648,21609.756097560974,9406947.35175755,31816056.619250443,21609.756097560974,9407193.000419866,31815967.21044927,22585.365853658535,9406850.902761796,31815027.30485848,22585.365853658535
9407241.224917741,31816481.867645252,22097.56097560976,6.143705025280102,9406947.35175755,31816056.619250443,21609.756097560974,9407289.449415619,31816996.524841234,21609.756097560974,9407535.098077932,31816907.116040062,22585.365853658535,9407193.000419866,31815967.21044927,22585.365853658535
9407583.322575811,31817421.773236047,22097.56097560976,6.802630842664622,9407289.449415619,31816996.524841234,21609.756097560974,9407631.547073688,31817936.43043203,21609.756097560974,9407877.195736004,31817847.02163086,22585.365853658535,9407535.098077932,31816907.116040062,22585.365853658535
9407925.420233881,31818361.678826842,22097.56097560976,7.310243007355174,9407631.547073688,31817936.43043203,21609.756097560974,9407973.644731758,31818876.336022824,21609.756097560974,9408219.293394074,31818786.927221652,22585.365853658535,9407877.195736004,31817847.02163086,22585.365853658535
9408267.51789195,31819301.584417634,22097.56097560976,6.92902696493499,9407973.644731758,31818876.336022824,21609.756097560974,9408315.742389826,31819816.241613615,21609.756097560974,9408561.39105214,31819726.832812443,22585.365853658535,9408219.293394074,31818786.927221652,22585.365853658535
9408609.615550019,31820241.490008425,22097.56097560976,7.84884699434165,9408315.742389826,31819816.241613615,21609.756097560974,9408657.840047896,31820756.147204407,21609.756097560974,9408903.488710212,31820666.73840324,22585.365853658535,9408561.39105214,31819726.832812443,22585.365853658535
9408951.713208089,31821181.395599224,22097.56097560976,8.301231125080141,9408657.840047896,31820756.147204407,21609.756097560974,9408999.937705966,31821696.0527952,21609.756097560974,9409245.586368281,31821606.643994033,22585.365853658535,9408903.488710212,31820666.73840324,22585.365853658535
9409293.810866158,31822121.30119002,22097.56097560976,8.308577208887842,9408999.937705966,31821696.0527952,21609.756097560974,9409342.035364034,31822635.958385997,21609.756097560974,9409587.68402635,31822546.549584825,22585.365853658535,9409245.586368281,31821606.643994033,22585.365853658535
9409635.908524228,31823061.206780806,22097.56097560976,7.978777936550895,9409342.035364034,31822635.958385997,21609.756097560974,9409684.133022103,31823575.863976788,21609.756097560974,9409929.78168442,31823486.45517562,22585.365853658535,9409587.68402635,31822546.549584825,22585.365853658535
9409978.006182294,31824001.112371605,22097.56097560976,7.243951431371689,9409684.133022103,31823575.863976788,21609.756097560974,9410026.230680173,31824515.769567583,21609.756097560974,9410271.879342489,31824426.360766415,22585.365853658535,9409929.78168442,31823486.45517562,22585.365853658535
9410320.103840366,31824941.017962396,22097.56097560976,7.137775666237251,9410026.230680173,31824515.769567583,21609.756097560974,9410368.328338241,31825455.675158378,21609.756097560974,9410613.977000557,31825366.266357206,22585.365853658535,9410271.879342489,31824426.360766415,22585.365853658535
9410662.201498436,31825880.923553187,22097.56097560976,8.762783258915526,9410368.328338241,31825455.675158378,21609.756097560974,9410710.425996311,31826395.58074917,21609.756097560974,9410956.074658627,31826306.171948,22585.365853658535,9410613.977000557,31825366.266357206,22585.365853658535
9411004.299156504,31826820.82914398,22097.56097560976,9.93475978117362,9410710.425996311,31826395.58074917,21609.756097560974,9411052.52365438,31827335.48633996,21609.756097560974,9411298.172316696,31827246.077538792,22585.365853658535,9410956.074658627,31826306.171948,22585.365853658535
9411346.396814572,31827760.734734777,22097.56097560976,11.18047516465223,9411052.52365438,31827335.48633996,21609.756097560974,9411394.621312449,31828275.39193076,21609.756097560974,9411640.269974764,31828185.983129587,22585.365853658535,9411298.172316696,31827246.077538792,22585.365853658535
9411688.494472643,31828700.640325572,22097.56097560976,11.448606528172352,9411394.621312449,31828275.39193076,21609.756097560974,9411736.718970519,31829215.29752155,21609.756097560974,9411982.367632834,31829125.888720382,22585.365853658535,9411640.269974764,31828185.983129587,22585.365853658535
9412030.592130711,31829640.54591636,22097.56097560976,9.88770624508363,9411736.718970519,31829215.29752155,21609.756097560974,9412078.816628588,31830155.20311234,21609.756097560974,9412324.465290904,31830065.794311173,22585.365853658535,9411982.367632834,31829125.888720382,22585.365853658535
9412372.689788781,31830580.45150716,22097.56097560976,9.22910605993758,9412078.816628588,31830155.20311234,21609.756097560974,9412420.914286658,31831095.10870314,21609.756097560974,9412666.562948972,31831005.69990197,22585.365853658535,9412324.465290904,31830065.794311173,22585.365853658535
9412714.78744685,31831520.35709795,22097.56097560976,9.880871874536133,9412420.914286658,31831095.10870314,21609.756097560974,9412763.011944726,31832035.01429393,21609.756097560974,9413008.660607042,31831945.605492763,22585.365853658535,9412666.562948972,31831005.69990197,22585.365853658535
9413056.885104919,31832460.26268874,22097.56097560976,10.704823245202796,9412763.011944726,31832035.01429393,21609.756097560974,9413105.109602794,31832974.919884723,21609.756097560974,9413350.758265112,31832885.511083554,22585.365853658535,9413008.660607042,31831945.605492763,22585.365853658535
9413398.982762989,31833400.168279536,22097.56097560976,10.396599067710937,9413105.109602794,31832974.919884723,21609.756097560974,9413447.207260866,31833914.825475518,21609.756097560974,9413692.85592318,31833825.416674346,22585.365853658535,9413350.758265112,31832885.511083554,22585.365853658535
9413741.080421058,31834340.07387033,22097.56097560976,8.683638769651651,9413447.207260866,31833914.825475518,21609.756097560974,9413789.304918936,31834854.731066313,21609.756097560974,9414034.95358125,31834765.32226514,22585.365853658535,9413692.85592318,31833825.416674346,22585.365853658535
9414083.178079126,31835279.979461126,22097.56097560976,7.952075348176704,9413789.304918936,31834854.731066313,21609.756097560974,9414131.402577002,31835794.636657104,21609.756097560974,9414377.05123932,31835705.227855936,22585.365853658535,9414034.95358125,31834765.32226514,22585.365853658535
9414425.275737196,31836219.885051917,22097.56097560976,7.487705701211652,9414131.402577002,31835794.636657104,21609.756097560974,9414473.500235073,31836734.5422479,21609.756097560974,9414719.148897387,31836645.133446727,22585.365853658535,9414377.05123932,31835705.227855936,22585.365853658535
9414767.373395266,31837159.790642712,22097.56097560976,8.285276668619868,9414473.500235073,31836734.5422479,21609.756097560974,9414815.597893143,31837674.447838694,21609.756097560974,9415061.246555457,31837585.039037522,22585.365853658535,9414719.148897387,31836645.133446727,22585.365853658535
9415109.471053334,31838099.6962335,22097.56097560976,8.658663812687998,9414815.597893143,31837674.447838694,21609.756097560974,9415157.69555121,31838614.35342948,21609.756097560974,9415403.344213527,31838524.944628317,22585.365853658535,9415061.246555457,31837585.039037522,22585.365853658535
9415451.568711404,31839039.6018243,22097.56097560976,9.583555583717546,9415157.69555121,31838614.35342948,21609.756097560974,9415499.79320928,31839554.25902028,21609.756097560974,9415745.441871595,31839464.85021911,22585.365853658535,9415403.344213527,31838524.944628317,22585.365853658535
9415793.666369474,31839979.50741509,22097.56097560976,11.752036944811357,9415499.79320928,31839554.25902028,21609.756097560974,9415841.89086735,31840494.16461107,21609.756097560974,9416087.539529664,31840404.7558099,22585.365853658535,9415745.441871595,31839464.85021911,22585.365853658535
9416135.764027542,31840919.41300588,22097.56097560976,13.280891200413466,9415841.89086735,31840494.16461107,21609.756097560974,9416183.988525419,31841434.070201863,21609.756097560974,9416429.637187734,31841344.661400694,22585.365853658535,9416087.539529664,31840404.7558099,22585.365853658535
9416477.861685611,31841859.318596676,22097.56097560976,11.968157130055664,9416183.988525419,31841434.070201863,21609.756097560974,9416526.086183488,31842373.97579266,21609.756097560974,9416771.734845802,31842284.56699149,22585.365853658535,9416429.637187734,31841344.661400694,22585.365853658535
9416819.959343681,31842799.22418747,22097.56097560976,10.415642460789817,9416526.086183488,31842373.97579266,21609.756097560974,9416868.183841558,31843313.881383453,21609.756097560974,9417113.832503872,31843224.47258228,22585.365853658535,9416771.734845802,31842284.56699149,22585.365853658535
9417162.057001749,31843739.129778266,22097.56097560976,9.19614066252871,9416868.183841558,31843313.881383453,21609.756097560974,9417210.281499626,31844253.786974248,21609.756097560974,9417455.930161942,31844164.37817308,22585.365853658535,9417113.832503872,31843224.47258228,22585.365853658535
9417504.154659819,31844679.035369057,22097.56097560976,8.60453173326358,9417210.281499626,31844253.786974248,21609.756097560974,9417552.379157696,31845193.69256504,21609.756097560974,9417798.02782001,31845104.283763867,22585.365853658535,9417455.930161942,31844164.37817308,22585.365853658535
9417846.252317889,31845618.940959852,22097.56097560976,8.226848215443137,9417552.379157696,31845193.69256504,21609.756097560974,9417894.476815766,31846133.598155834,21609.756097560974,9418140.12547808,31846044.18935466,22585.365853658535,9417798.02782001,31845104.283763867,22585.365853658535
9418188.349975957,31846558.846550643,22097.56097560976,8.024218783363446,9417894.476815766,31846133.598155834,21609.756097560974,9418236.574473834,31847073.503746625,21609.756097560974,9418482.22313615,31846984.094945457,22585.365853658535,9418140.12547808,31846044.18935466,22585.365853658535
9418530.447634026,31847498.75214144,22097.56097560976,7.277812366710452,9418236.574473834,31847073.503746625,21609.756097560974,9418578.672131903,31848013.409337416,21609.756097560974,9418824.320794217,31847924.000536248,22585.365853658535,9418482.22313615,31846984.094945457,22585.365853658535
9418872.545292096,31848438.65773223,22097.56097560976,7.352494988010864,9418578.672131903,31848013.409337416,21609.756097560974,9418920.769789973,31848953.314928215,21609.756097560974,9419166.418452287,31848863.906127043,22585.365853658535,9418824.320794217,31847924.000536248,22585.365853658535
9419214.642950164,31849378.563323025,22097.56097560976,7.366558826697506,9418920.769789973,31848953.314928215,21609.756097560974,9419262.867448041,31849893.220519006,21609.756097560974,9419508.516110357,31849803.811717838,22585.365853658535,9419166.418452287,31848863.906127043,22585.365853658535
9419556.740608234,31850318.468913816,22097.56097560976,7.310649565424767,9419262.867448041,31849893.220519006,21609.756097560974,9419604.965106111,31850833.126109798,21609.756097560974,9419850.613768425,31850743.71730863,22585.365853658535,9419508.516110357,31849803.811717838,22585.365853658535
9419898.838266304,31851258.37450461,22097.56097560976,7.0901413500850285,9419604.965106111,31850833.126109798,21609.756097560974,9419947.06276418,31851773.031700592,21609.756097560974,9420192.711426495,31851683.62289942,22585.365853658535,9419850.613768425,31850743.71730863,22585.365853658535
9420240.935924372,31852198.280095406,22097.56097560976,7.20517745416731,9419947.06276418,31851773.031700592,21609.756097560974,9420289.160422249,31852712.937291387,21609.756097560974,9420534.809084566,31852623.52849022,22585.365853658535,9420192.711426495,31851683.62289942,22585.365853658535
9420583.033582442,31853138.1856862,22097.56097560976,7.614262679447214,9420289.160422249,31852712.937291387,21609.756097560974,9420631.258080319,31853652.84288218,21609.756097560974,9420876.906742634,31853563.43408101,22585.365853658535,9420534.809084566,31852623.52849022,22585.365853658535
9420925.13124051,31854078.091276992,22097.56097560976,7.421466688073072,9420631.258080319,31853652.84288218,21609.756097560974,9420973.355738388,31854592.748472974,21609.756097560974,9421219.004400702,31854503.3396718,22585.365853658535,9420876.906742634,31853563.43408101,22585.365853658535
9421267.22889858,31855017.996867783,22097.56097560976,7.222220148981129,9420973.355738388,31854592.748472974,21609.756097560974,9421315.453396456,31855532.65406377,21609.756097560974,9421561.102058774,31855443.2452626,22585.365853658535,9421219.004400702,31854503.3396718,22585.365853658535
9421609.32655665,31855957.90245858,22097.56097560976,7.627795107963023,9421315.453396456,31855532.65406377,21609.756097560974,9421657.551054526,31856472.55965456,21609.756097560974,9421903.199716842,31856383.15085339,22585.365853658535,9421561.102058774,31855443.2452626,22585.365853658535
9421951.424214717,31856897.80804937,22097.56097560976,7.425964854357292,9421657.551054526,31856472.55965456,21609.756097560974,9421999.648712596,31857412.465245355,21609.756097560974,9422245.29737491,31857323.056444183,22585.365853658535,9421903.199716842,31856383.15085339,22585.365853658535
9422293.521872787,31857837.713640165,22097.56097560976,7.4436132682202745,9421999.648712596,31857412.465245355,21609.756097560974,9422341.746370664,31858352.370836146,21609.756097560974,9422587.395032981,31858262.962034978,22585.365853658535,9422245.29737491,31857323.056444183,22585.365853658535
9422635.619530858,31858777.61923096,22097.56097560976,7.5122567451656685,9422341.746370664,31858352.370836146,21609.756097560974,9422683.844028734,31859292.27642694,21609.756097560974,9422929.49269105,31859202.867625773,22585.365853658535,9422587.395032981,31858262.962034978,22585.365853658535
9422977.717188926,31859717.524821755,22097.56097560976,7.610906166935153,9422683.844028734,31859292.27642694,21609.756097560974,9423025.941686803,31860232.182017736,21609.756097560974,9423271.59034912,31860142.773216564,22585.365853658535,9422929.49269105,31859202.867625773,22585.365853658535
9423319.814846994,31860657.430412546,22097.56097560976,8.811159564599482,9423025.941686803,31860232.182017736,21609.756097560974,9423368.039344871,31861172.087608527,21609.756097560974,9423613.688007189,31861082.678807355,22585.365853658535,9423271.59034912,31860142.773216564,22585.365853658535
9423661.912505066,31861597.336003337,22097.56097560976,8.553105594765306,9423368.039344871,31861172.087608527,21609.756097560974,9423710.137002941,31862111.993199322,21609.756097560974,9423955.785665257,31862022.584398154,22585.365853658535,9423613.688007189,31861082.678807355,22585.365853658535
9424004.010163134,31862537.241594136,22097.56097560976,9.207696928979882,9423710.137002941,31862111.993199322,21609.756097560974,9424052.234661011,31863051.898790117,21609.756097560974,9424297.883323327,31862962.489988945,22585.365853658535,9423955.785665257,31862022.584398154,22585.365853658535
9424346.107821204,31863477.147184923,22097.56097560976,11.611423310726304,9424052.234661011,31863051.898790117,21609.756097560974,9424394.332319079,31863991.80438091,21609.756097560974,9424639.980981397,31863902.395579737,22585.365853658535,9424297.883323327,31862962.489988945,22585.365853658535
9424688.205479272,31864417.05277572,22097.56097560976,12.312234260800487,9424394.332319079,31863991.80438091,21609.756097560974,9424736.429977149,31864931.7099717,21609.756097560974,9424982.078639464,31864842.30117053,22585.365853658535,9424639.980981397,31863902.395579737,22585.365853658535
9425030.303137342,31865356.958366517,22097.56097560976,11.623438741699562,9424736.429977149,31864931.7099717,21609.756097560974,9425078.527635219,31865871.6155625,21609.756097560974,9425324.176297534,31865782.206761327,22585.365853658535,9424982.078639464,31864842.30117053,22585.365853658535
9425372.400795411,31866296.86395731,22097.56097560976,10.787427911510681,9425078.527635219,31865871.6155625,21609.756097560974,9425420.625293287,31866811.52115329,21609.756097560974,9425666.273955604,31866722.112352118,22585.365853658535,9425324.176297534,31865782.206761327,22585.365853658535
9425714.498453481,31867236.7695481,22097.56097560976,9.744173672933414,9425420.625293287,31866811.52115329,21609.756097560974,9425762.722951356,31867751.42674408,21609.756097560974,9426008.371613672,31867662.017942913,22585.365853658535,9425666.273955604,31866722.112352118,22585.365853658535
9426056.596111547,31868176.675138894,22097.56097560976,10.571362299526458,9425762.722951356,31867751.42674408,21609.756097560974,9426104.820609426,31868691.332334876,21609.756097560974,9426350.469271742,31868601.923533708,22585.365853658535,9426008.371613672,31867662.017942913,22585.365853658535
9426398.693769619,31869116.58072969,22097.56097560976,11.669037750930796,9426104.820609426,31868691.332334876,21609.756097560974,9426446.918267494,31869631.237925667,21609.756097560974,9426692.566929812,31869541.829124495,22585.365853658535,9426350.469271742,31868601.923533708,22585.365853658535
9426740.791427689,31870056.486320477,22097.56097560976,11.56221936782847,9426446.918267494,31869631.237925667,21609.756097560974,9426789.015925564,31870571.143516462,21609.756097560974,9427034.66458788,31870481.734715294,22585.365853658535,9426692.566929812,31869541.829124495,22585.365853658535
9427082.889085757,31870996.391911276,22097.56097560976,10.874634964515234,9426789.015925564,31870571.143516462,21609.756097560974,9427131.113583636,31871511.049107257,21609.756097560974,9427376.76224595,31871421.640306085,22585.365853658535,9427034.66458788,31870481.734715294,22585.365853658535
9427424.986743826,31871936.29750207,22097.56097560976,8.957987937619487,9427131.113583636,31871511.049107257,21609.756097560974,9427473.211241703,31872450.954698052,21609.756097560974,9427718.85990402,31872361.54589688,22585.365853658535,9427376.76224595,31871421.640306085,22585.365853658535
9427767.084401896,31872876.203092862,22097.56097560976,7.389649806063592,9427473.211241703,31872450.954698052,21609.756097560974,9427815.308899771,31873390.860288844,21609.756097560974,9428060.957562087,31873301.451487675,22585.365853658535,9427718.85990402,31872361.54589688,22585.365853658535
9428109.182059964,31873816.108683657,22097.56097560976,6.658362819919745,9427815.308899771,31873390.860288844,21609.756097560974,9428157.406557843,31874330.765879635,21609.756097560974,9428403.055220157,31874241.357078467,22585.365853658535,9428060.957562087,31873301.451487675,22585.365853658535
9428451.279718034,31874756.01427445,22097.56097560976,6.324480317131533,9428157.406557843,31874330.765879635,21609.756097560974,9428499.504215911,31875270.67147043,21609.756097560974,9428745.152878225,31875181.262669258,22585.365853658535,9428403.055220157,31874241.357078467,22585.365853658535
9428793.377376104,31875695.91986524,22097.56097560976,5.684956675505159,9428499.504215911,31875270.67147043,21609.756097560974,9428841.601873979,31876210.57706122,21609.756097560974,9429087.250536295,31876121.168260053,22585.365853658535,9428745.152878225,31875181.262669258,22585.365853658535
9429135.475034172,31876635.825456034,22097.56097560976,6.002870312586508,9428841.601873979,31876210.57706122,21609.756097560974,9429183.69953205,31877150.482652016,21609.756097560974,9429429.348194364,31877061.073850848,22585.365853658535,9429087.250536295,31876121.168260053,22585.365853658535
9429477.572692242,31877575.73104683,22097.56097560976,6.067530339641566,9429183.69953205,31877150.482652016,21609.756097560974,9429525.797190119,31878090.38824281,21609.756097560974,9429771.445852432,31878000.97944164,22585.365853658535,9429429.348194364,31877061.073850848,22585.365853658535
9429819.670350311,31878515.636637624,22097.56097560976,5.504381572302949,9429525.797190119,31878090.38824281,21609.756097560974,9429867.894848188,31879030.293833602,21609.756097560974,9430113.543510502,31878940.885032434,22585.365853658535,9429771.445852432,31878000.97944164,22585.365853658535
9430161.76800838,31879455.542228416,22097.56097560976,5.538915919987229,9429867.894848188,31879030.293833602,21609.756097560974,9430209.992506258,31879970.199424397,21609.756097560974,9430455.641168572,31879880.79062323,22585.365853658535,9430113.543510502,31878940.885032434,22585.365853658535
9430503.86566645,31880395.44781921,22097.56097560976,5.4742827245797,9430209.992506258,31879970.199424397,21609.756097560974,9430552.090164326,31880910.105015192,21609.756097560974,9430797.73882664,31880820.69621402,22585.365853658535,9430455.641168572,31879880.79062323,22585.365853658535
9430845.963324519,31881335.35341,22097.56097560976,4.707276685597426,9430552.090164326,31880910.105015192,21609.756097560974,9430894.187822396,31881850.010605983,21609.756097560974,9431139.83648471,31881760.601804815,22585.365853658535,9430797.73882664,31880820.69621402,22585.365853658535
9431188.060982587,31882275.259000793,22097.56097560976,3.8031607563462715,9430894.187822396,31881850.010605983,21609.756097560974,9431236.285480466,31882789.916196775,21609.756097560974,9431481.93414278,31882700.507395606,22585.365853658535,9431139.83648471,31881760.601804815,22585.365853658535
9431530.158640657,31883215.164591588,22097.56097560976,3.8036785072570427,9431236.285480466,31882789.916196775,21609.756097560974,9431578.383138534,31883729.821787573,21609.756097560974,9431824.031800848,31883640.4129864,22585.365853658535,9431481.93414278,31882700.507395606,22585.365853658535
9431872.256298726,31884155.070182383,22097.56097560976,3.827651743495404,9431578.383138534,31883729.821787573,21609.756097560974,9431920.480796603,31884669.727378365,21609.756097560974,9432166.129458917,31884580.318577196,22585.365853658535,9431824.031800848,31883640.4129864,22585.365853658535
9432214.353956794,31885094.975773178,22097.56097560976,3.167436771897423,9431920.480796603,31884669.727378365,21609.756097560974,9432262.578454673,31885609.632969156,21609.756097560974,9432508.227116987,31885520.224167988,22585.365853658535,9432166.129458917,31884580.318577196,22585.365853658535
9432556.451614864,31886034.88136397,22097.56097560976,2.6995266641723084,9432262.578454673,31885609.632969156,21609.756097560974,9432604.676112741,31886549.538559955,21609.756097560974,9432850.324775055,31886460.129758783,22585.365853658535,9432508.227116987,31885520.224167988,22585.365853658535
9432898.549272934,31886974.786954764,22097.56097560976,2.0764539391970365,9432604.676112741,31886549.538559955,21609.756097560974,9432946.773770811,31887489.444150746,21609.756097560974,9433192.422433125,31887400.035349574,22585.365853658535,9432850.324775055,31886460.129758783,22585.365853658535
9433240.646931002,31887914.692545556,22097.56097560976,1.8669599530336463,9432946.773770811,31887489.444150746,21609.756097560974,9433288.87142888,31888429.349741537,21609.756097560974,9433534.520091195,31888339.94094037,22585.365853658535,9433192.422433125,31887400.035349574,22585.365853658535
9433582.744589072,31888854.59813635,22097.56097560976,2.1295026580484535,9433288.87142888,31888429.349741537,21609.756097560974,9433630.969086949,31889369.255332332,21609.756097560974,9433876.617749263,31889279.84653116,22585.365853658535,9433534.520091195,31888339.94094037,22585.365853658535
9433924.842247142,31889794.50372714,22097.56097560976,2.24996536769456,9433630.969086949,31889369.255332332,21609.756097560974,9433973.066745019,31890309.160923127,21609.756097560974,9434218.715407334,31890219.752121955,22585.365853658535,9433876.617749263,31889279.84653116,22585.365853658535
9434266.939905211,31890734.409317937,22097.56097560976,2.043478794996575,9433973.066745019,31890309.160923127,21609.756097560974,9434315.164403088,31891249.06651392,21609.756097560974,9434560.813065404,31891159.65771275,22585.365853658535,9434218.715407334,31890219.752121955,22585.365853658535
9434609.03756328,31891674.314908735,22097.56097560976,2.0738100658364123,9434315.164403088,31891249.06651392,21609.756097560974,9434657.262061156,31892188.972104713,21609.756097560974,9434902.91072347,31892099.56330354,22585.365853658535,9434560.813065404,31891159.65771275,22585.365853658535
9434951.13522135,31892614.220499523,22097.56097560976,2.2037504699099055,9434657.262061156,31892188.972104713,21609.756097560974,9434999.359719226,31893128.877695505,21609.756097560974,9435245.008381542,31893039.468894336,22585.365853658535,9434902.91072347,31892099.56330354,22585.365853658535
9435293.232879417,31893554.126090318,22097.56097560976,1.7698707753227756,9434999.359719226,31893128.877695505,21609.756097560974,9435341.457377296,31894068.7832863,21609.756097560974,9435587.106039612,31893979.37448513,22585.365853658535,9435245.008381542,31893039.468894336,22585.365853658535
9435635.330537487,31894494.031681113,22097.56097560976,1.610178198932247,9435341.457377296,31894068.7832863,21609.756097560974,9435683.555035364,31895008.688877095,21609.756097560974,9435929.203697678,31894919.280075923,22585.365853658535,9435587.106039612,31893979.37448513,22585.365853658535
9435977.428195557,31895433.937271904,22097.56097560976,1.339447506685431,9435683.555035364,31895008.688877095,21609.756097560974,9436025.652693434,31895948.594467886,21609.756097560974,9436271.30135575,31895859.185666714,22585.365853658535,9435929.203697678,31894919.280075923,22585.365853658535
9436319.525853626,31896373.842862695,22097.56097560976,1.3189516432289876,9436025.652693434,31895948.594467886,21609.756097560974,9436367.750351503,31896888.50005868,21609.756097560974,9436613.39901382,31896799.091257513,22585.365853658535,9436271.30135575,31895859.185666714,22585.365853658535
9436661.623511694,31897313.748453494,22097.56097560976,1.708969499992683,9436367.750351503,31896888.50005868,21609.756097560974,9436709.848009571,31897828.405649476,21609.756097560974,9436955.496671885,31897738.996848304,22585.365853658535,9436613.39901382,31896799.091257513,22585.365853658535
9437003.721169764,31898253.65404429,22097.56097560976,1.7396592355647404,9436709.848009571,31897828.405649476,21609.756097560974,9437051.945667641,31898768.311240267,21609.756097560974,9437297.594329957,31898678.902439095,22585.365853658535,9436955.496671885,31897738.996848304,22585.365853658535
9437345.818827834,31899193.559635077,22097.56097560976,1.8277259506455075,9437051.945667641,31898768.311240267,21609.756097560974,9437394.043325711,31899708.21683106,21609.756097560974,9437639.691988027,31899618.80802989,22585.365853658535,9437297.594329957,31898678.902439095,22585.365853658535
9437687.916485904,31900133.465225875,22097.56097560976,1.7829905456303548,9437394.043325711,31899708.21683106,21609.756097560974,9437736.140983779,31900648.122421853,21609.756097560974,9437981.789646095,31900558.713620685,22585.365853658535,9437639.691988027,31899618.80802989,22585.365853658535
9438030.014143972,31901073.370816667,22097.56097560976,1.6719838393412196,9437736.140983779,31900648.122421853,21609.756097560974,9438078.238641849,31901588.02801265,21609.756097560974,9438323.887304164,31901498.619211476,22585.365853658535,9437981.789646095,31900558.713620685,22585.365853658535
9438372.111802042,31902013.276407458,22097.56097560976,1.6455395685546486,9438078.238641849,31901588.02801265,21609.756097560974,9438420.336299919,31902527.93360344,21609.756097560974,9438665.984962234,31902438.52480227,22585.365853658535,9438323.887304164,31901498.619211476,22585.365853658535
9438714.209460111,31902953.181998253,22097.56097560976,1.6742063512165264,9438420.336299919,31902527.93360344,21609.756097560974,9438762.433957987,31903467.839194234,21609.756097560974,9439008.082620302,31903378.430393066,22585.365853658535,9438665.984962234,31902438.52480227,22585.365853658535
9439056.307118181,31903893.087589048,22097.56097560976,1.441207633718376,9438762.433957987,31903467.839194234,21609.756097560974,9439104.531616056,31904407.74478503,21609.756097560974,9439350.180278372,31904318.335983858,22585.365853658535,9439008.082620302,31903378.430393066,22585.365853658535
9439398.404776247,31904832.993179843,22097.56097560976,1.1331857071660565,9439104.531616056,31904407.74478503,21609.756097560974,9439446.629274126,31905347.65037582,21609.756097560974,9439692.277936442,31905258.241574652,22585.365853658535,9439350.180278372,31904318.335983858,22585.365853658535
9439740.502434319,31905772.898770634,22097.56097560976,0.9902194413382246,9439446.629274126,31905347.65037582,21609.756097560974,9439788.726932194,31906287.555966612,21609.756097560974,9440034.37559451,31906198.147165444,22585.365853658535,9439692.277936442,31905258.241574652,22585.365853658535
9440082.600092389,31906712.80436143,22097.56097560976,1.0204219711908031,9439788.726932194,31906287.555966612,21609.756097560974,9440130.824590266,31907227.46155741,21609.756097560974,9440376.47325258,31907138.05275624,22585.365853658535,9440034.37559451,31906198.147165444,22585.365853658535
9440424.697750457,31907652.70995222,22097.56097560976,0.9672951013225588,9440130.824590266,31907227.46155741,21609.756097560974,9440472.922248334,31908167.367148202,21609.756097560974,9440718.57091065,31908077.958347034,22585.365853658535,9440376.47325258,31907138.05275624,22585.365853658535
9440766.795408526,31908592.61554301,22097.56097560976,0.9793082582052816,9440472.922248334,31908167.367148202,21609.756097560974,9440815.019906403,31909107.272738993,21609.756097560974,9441060.668568717,31909017.863937825,22585.365853658535,9440718.57091065,31908077.958347034,22585.365853658535
9441108.893066596,31909532.521133807,22097.56097560976,0.7879225898575556,9440815.019906403,31909107.272738993,21609.756097560974,9441157.117564473,31910047.178329792,21609.756097560974,9441402.766226787,31909957.76952862,22585.365853658535,9441060.668568717,31909017.863937825,22585.365853658535
9441450.990724664,31910472.4267246,22097.56097560976,0.5060646751688771,9441157.117564473,31910047.178329792,21609.756097560974,9441499.215222541,31910987.083920583,21609.756097560974,9441744.863884857,31910897.675119415,22585.365853658535,9441402.766226787,31909957.76952862,22585.365853658535
9441793.088382734,31911412.332315397,22097.56097560976,0.38453326550395783,9441499.215222541,31910987.083920583,21609.756097560974,9441841.312880611,31911926.989511374,21609.756097560974,9442086.961542925,31911837.580710206,22585.365853658535,9441744.863884857,31910897.675119415,22585.365853658535
9442135.186040804,31912352.237906188,22097.56097560976,0.3707400506675561,9441841.312880611,31911926.989511374,21609.756097560974,9442183.41053868,31912866.89510217,21609.756097560974,9442429.059200995,31912777.486300997,22585.365853658535,9442086.961542925,31911837.580710206,22585.365853658535
9442477.283698872,31913292.143496975,22097.56097560976,0.43185510825529555,9442183.41053868,31912866.89510217,21609.756097560974,9442525.508196749,31913806.80069296,21609.756097560974,9442771.156859064,31913717.391891792,22585.365853658535,9442429.059200995,31912777.486300997,22585.365853658535
9442819.381356942,31914232.04908777,22097.56097560976,0.28574516210170303,9442525.508196749,31913806.80069296,21609.756097560974,9442867.605854819,31914746.706283756,21609.756097560974,9443113.254517132,31914657.297482587,22585.365853658535,9442771.156859064,31913717.391891792,22585.365853658535
9443161.479015011,31915171.95467857,22097.56097560976,0.2088539235970487,9442867.605854819,31914746.706283756,21609.756097560974,9443209.703512888,31915686.61187455,21609.756097560974,9443455.352175202,31915597.20307338,22585.365853658535,9443113.254517132,31914657.297482587,22585.365853658535
9443503.57667308,31916111.86026936,22097.56097560976,0.21067234307461963,9443209.703512888,31915686.61187455,21609.756097560974,9443551.801170958,31916626.517465346,21609.756097560974,9443797.449833272,31916537.108664174,22585.365853658535,9443455.352175202,31915597.20307338,22585.365853658535
9443845.67433115,31917051.765860155,22097.56097560976,0.20619434302595188,9443551.801170958,31916626.517465346,21609.756097560974,9443893.898829026,31917566.423056133,21609.756097560974,9444139.54749134,31917477.014254965,22585.365853658535,9443797.449833272,31916537.108664174,22585.365853658535
9444187.771989219,31917991.671450946,22097.56097560976,0.18932706235721075,9443893.898829026,31917566.423056133,21609.756097560974,9444235.996487096,31918506.32864693,21609.756097560974,9444481.64514941,31918416.91984576,22585.365853658535,9444139.54749134,31917477.014254965,22585.365853658535
9444529.869647287,31918931.57704174,22097.56097560976,0.1557923398066231,9444235.996487096,31918506.32864693,21609.756097560974,9444578.094145166,31919446.234237723,21609.756097560974,9444823.74280748,31919356.82543655,22585.365853658535,9444481.64514941,31918416.91984576,22585.365853658535
9444871.967305357,31919871.48263253,22097.56097560976,0.14827121275866692,9444578.094145166,31919446.234237723,21609.756097560974,9444920.191803234,31920386.139828514,21609.756097560974,9445165.840465548,31920296.731027346,22585.365853658535,9444823.74280748,31919356.82543655,22585.365853658535
9445214.064963426,31920811.388223328,22097.56097560976,0.14586292989748867,9444920.191803234,31920386.139828514,21609.756097560974,9445262.289461304,31921326.045419313,21609.756097560974,9445507.938123617,31921236.63661814,22585.365853658535,9445165.840465548,31920296.731027346,22585.365853658535
9445556.162621494,31921751.293814123,22097.56097560976,0.15560537861221072,9445262.289461304,31921326.045419313,21609.756097560974,9445604.387119373,31922265.951010104,21609.756097560974,9445850.035781687,31922176.542208932,22585.365853658535,9445507.938123617,31921236.63661814,22585.365853658535
9445898.260279564,31922691.199404914,22097.56097560976,0.16297627357937916,9445604.387119373,31922265.951010104,21609.756097560974,9445946.484777441,31923205.856600896,21609.756097560974,9446192.133439755,31923116.447799727,22585.365853658535,9445850.035781687,31922176.542208932,22585.365853658535
9446240.357937634,31923631.10499571,22097.56097560976,0.14943486287467497,9445946.484777441,31923205.856600896,21609.756097560974,9446288.582435511,31924145.76219169,21609.756097560974,9446534.231097825,31924056.35339052,22585.365853658535,9446192.133439755,31923116.447799727,22585.365853658535
9446582.455595702,31924571.0105865,22097.56097560976,0.10211030531108602,9446288.582435511,31924145.76219169,21609.756097560974,9446630.68009358,31925085.667782485,21609.756097560974,9446876.328755895,31924996.258981314,22585.365853658535,9446534.231097825,31924056.35339052,22585.365853658535
9405776.38528971,31811692.930890117,23073.17073170732,3.4174853537382925,9405482.512129517,31811267.682495303,22585.365853658535,9405824.609787587,31812207.5880861,22585.365853658535,9406070.258449903,31812118.179284927,23560.9756097561,9405728.160791835,31811178.273694135,23560.9756097561
9406118.48294778,31812632.836480908,23073.17073170732,4.111624587892422,9405824.609787587,31812207.5880861,22585.365853658535,9406166.707445657,31813147.49367689,22585.365853658535,9406412.356107973,31813058.08487572,23560.9756097561,9406070.258449903,31812118.179284927,23560.9756097561
9406460.58060585,31813572.742071703,23073.17073170732,5.226494569040766,9406166.707445657,31813147.49367689,22585.365853658535,9406508.805103725,31814087.399267685,22585.365853658535,9406754.453766042,31813997.990466516,23560.9756097561,9406412.356107973,31813058.08487572,23560.9756097561
9406802.67826392,31814512.647662498,23073.17073170732,5.4635303975063945,9406508.805103725,31814087.399267685,22585.365853658535,9406850.902761796,31815027.30485848,22585.365853658535,9407096.55142411,31814937.896057308,23560.9756097561,9406754.453766042,31813997.990466516,23560.9756097561
9407144.775921987,31815452.553253293,23073.17073170732,5.489096360925497,9406850.902761796,31815027.30485848,22585.365853658535,9407193.000419866,31815967.21044927,22585.365853658535,9407438.64908218,31815877.801648103,23560.9756097561,9407096.55142411,31814937.896057308,23560.9756097561
9407486.873580057,31816392.45884408,23073.17073170732,5.445796533485267,9407193.000419866,31815967.21044927,22585.365853658535,9407535.098077932,31816907.116040062,22585.365853658535,9407780.74674025,31816817.707238894,23560.9756097561,9407438.64908218,31815877.801648103,23560.9756097561
9407828.971238127,31817332.36443488,23073.17073170732,6.275915774740443,9407535.098077932,31816907.116040062,22585.365853658535,9407877.195736004,31817847.02163086,22585.365853658535,9408122.844398318,31817757.61282969,23560.9756097561,9407780.74674025,31816817.707238894,23560.9756097561
9408171.068896195,31818272.27002567,23073.17073170732,6.995307302598126,9407877.195736004,31817847.02163086,22585.365853658535,9408219.293394074,31818786.927221652,22585.365853658535,9408464.942056388,31818697.518420484,23560.9756097561,9408122.844398318,31817757.61282969,23560.9756097561
9408513.166554265,31819212.17561646,23073.17073170732,8.02267709099817,9408219.293394074,31818786.927221652,22585.365853658535,9408561.39105214,31819726.832812443,22585.365853658535,9408807.039714457,31819637.424011275,23560.9756097561,9408464.942056388,31818697.518420484,23560.9756097561
9408855.264212335,31820152.081207257,23073.17073170732,8.439810410647882,9408561.39105214,31819726.832812443,22585.365853658535,9408903.488710212,31820666.73840324,22585.365853658535,9409149.137372525,31820577.32960207,23560.9756097561,9408807.039714457,31819637.424011275,23560.9756097561
9409197.361870402,31821091.98679805,23073.17073170732,8.657717919314564,9408903.488710212,31820666.73840324,22585.365853658535,9409245.586368281,31821606.643994033,22585.365853658535,9409491.235030595,31821517.23519286,23560.9756097561,9409149.137372525,31820577.32960207,23560.9756097561
9409539.459528472,31822031.892388847,23073.17073170732,8.156857405585535,9409245.586368281,31821606.643994033,22585.365853658535,9409587.68402635,31822546.549584825,22585.365853658535,9409833.332688663,31822457.140783656,23560.9756097561,9409491.235030595,31821517.23519286,23560.9756097561
9409881.557186542,31822971.797979638,23073.17073170732,8.239221942198713,9409587.68402635,31822546.549584825,22585.365853658535,9409929.78168442,31823486.45517562,22585.365853658535,9410175.430346733,31823397.046374448,23560.9756097561,9409833.332688663,31822457.140783656,23560.9756097561
9410223.65484461,31823911.703570433,23073.17073170732,9.009028130110696,9409929.78168442,31823486.45517562,22585.365853658535,9410271.879342489,31824426.360766415,22585.365853658535,9410517.528004803,31824336.951965243,23560.9756097561,9410175.430346733,31823397.046374448,23560.9756097561
9410565.75250268,31824851.609161224,23073.17073170732,9.28125050648862,9410271.879342489,31824426.360766415,22585.365853658535,9410613.977000557,31825366.266357206,22585.365853658535,9410859.62566287,31825276.857556038,23560.9756097561,9410517.528004803,31824336.951965243,23560.9756097561
9410907.85016075,31825791.51475202,23073.17073170732,10.451859597770087,9410613.977000557,31825366.266357206,22585.365853658535,9410956.074658627,31826306.171948,22585.365853658535,9411201.72332094,31826216.76314683,23560.9756097561,9410859.62566287,31825276.857556038,23560.9756097561
9411249.947818818,31826731.42034281,23073.17073170732,10.461348608845022,9410956.074658627,31826306.171948,22585.365853658535,9411298.172316696,31827246.077538792,22585.365853658535,9411543.82097901,31827156.66873762,23560.9756097561,9411201.72332094,31826216.76314683,23560.9756097561
9411592.045476887,31827671.325933605,23073.17073170732,11.628643804824312,9411298.172316696,31827246.077538792,22585.365853658535,9411640.269974764,31828185.983129587,22585.365853658535,9411885.918637078,31828096.57432842,23560.9756097561,9411543.82097901,31827156.66873762,23560.9756097561
9411934.143134957,31828611.231524404,23073.17073170732,9.951983179035736,9411640.269974764,31828185.983129587,22585.365853658535,9411982.367632834,31829125.888720382,22585.365853658535,9412228.016295148,31829036.47991921,23560.9756097561,9411885.918637078,31828096.57432842,23560.9756097561
9412276.240793025,31829551.13711519,23073.17073170732,8.357349300826668,9411982.367632834,31829125.888720382,22585.365853658535,9412324.465290904,31830065.794311173,22585.365853658535,9412570.113953218,31829976.38551,23560.9756097561,9412228.016295148,31829036.47991921,23560.9756097561
9412618.338451095,31830491.042705987,23073.17073170732,7.165748452276408,9412324.465290904,31830065.794311173,22585.365853658535,9412666.562948972,31831005.69990197,22585.365853658535,9412912.211611286,31830916.2911008,23560.9756097561,9412570.113953218,31829976.38551,23560.9756097561
9412960.436109165,31831430.94829678,23073.17073170732,7.717742175713913,9412666.562948972,31831005.69990197,22585.365853658535,9413008.660607042,31831945.605492763,22585.365853658535,9413254.309269356,31831856.19669159,23560.9756097561,9412912.211611286,31830916.2911008,23560.9756097561
9413302.533767233,31832370.853887573,23073.17073170732,8.504395274983413,9413008.660607042,31831945.605492763,22585.365853658535,9413350.758265112,31832885.511083554,22585.365853658535,9413596.406927425,31832796.102282383,23560.9756097561,9413254.309269356,31831856.19669159,23560.9756097561
9413644.631425302,31833310.759478364,23073.17073170732,9.138883620186805,9413350.758265112,31832885.511083554,22585.365853658535,9413692.85592318,31833825.416674346,22585.365853658535,9413938.504585495,31833736.007873178,23560.9756097561,9413596.406927425,31832796.102282383,23560.9756097561
9413986.729083374,31834250.665069163,23073.17073170732,8.586739720407953,9413692.85592318,31833825.416674346,22585.365853658535,9414034.95358125,31834765.32226514,22585.365853658535,9414280.602243565,31834675.913463973,23560.9756097561,9413938.504585495,31833736.007873178,23560.9756097561
9414328.82674144,31835190.570659958,23073.17073170732,9.040708096551546,9414034.95358125,31834765.32226514,22585.365853658535,9414377.05123932,31835705.227855936,22585.365853658535,9414622.699901633,31835615.819054764,23560.9756097561,9414280.602243565,31834675.913463973,23560.9756097561
9414670.92439951,31836130.476250745,23073.17073170732,11.587470653341947,9414377.05123932,31835705.227855936,22585.365853658535,9414719.148897387,31836645.133446727,22585.365853658535,9414964.797559703,31836555.72464556,23560.9756097561,9414622.699901633,31835615.819054764,23560.9756097561
9415013.02205758,31837070.381841544,23073.17073170732,12.158557451460782,9414719.148897387,31836645.133446727,22585.365853658535,9415061.246555457,31837585.039037522,22585.365853658535,9415306.895217773,31837495.630236354,23560.9756097561,9414964.797559703,31836555.72464556,23560.9756097561
9415355.119715648,31838010.287432335,23073.17073170732,11.13397433947113,9415061.246555457,31837585.039037522,22585.365853658535,9415403.344213527,31838524.944628317,22585.365853658535,9415648.99287584,31838435.535827145,23560.9756097561,9415306.895217773,31837495.630236354,23560.9756097561
9415697.217373718,31838950.193023127,23073.17073170732,10.897262477219316,9415403.344213527,31838524.944628317,22585.365853658535,9415745.441871595,31839464.85021911,22585.365853658535,9415991.09053391,31839375.44141794,23560.9756097561,9415648.99287584,31838435.535827145,23560.9756097561
9416039.31503179,31839890.098613918,23073.17073170732,11.847455221334101,9415745.441871595,31839464.85021911,22585.365853658535,9416087.539529664,31840404.7558099,22585.365853658535,9416333.18819198,31840315.34700873,23560.9756097561,9415991.09053391,31839375.44141794,23560.9756097561
9416381.412689855,31840830.004204713,23073.17073170732,13.038291790930714,9416087.539529664,31840404.7558099,22585.365853658535,9416429.637187734,31841344.661400694,22585.365853658535,9416675.28585005,31841255.252599522,23560.9756097561,9416333.18819198,31840315.34700873,23560.9756097561
9416723.510347927,31841769.909795504,23073.17073170732,12.04798449938611,9416429.637187734,31841344.661400694,22585.365853658535,9416771.734845802,31842284.56699149,22585.365853658535,9417017.383508118,31842195.15819032,23560.9756097561,9416675.28585005,31841255.252599522,23560.9756097561
9417065.608005997,31842709.8153863,23073.17073170732,11.352704686401328,9416771.734845802,31842284.56699149,22585.365853658535,9417113.832503872,31843224.47258228,22585.365853658535,9417359.481166188,31843135.063781112,23560.9756097561,9417017.383508118,31842195.15819032,23560.9756097561
9417407.705664065,31843649.720977098,23073.17073170732,10.368714186162185,9417113.832503872,31843224.47258228,22585.365853658535,9417455.930161942,31844164.37817308,22585.365853658535,9417701.578824257,31844074.969371907,23560.9756097561,9417359.481166188,31843135.063781112,23560.9756097561
9417749.803322133,31844589.626567885,23073.17073170732,11.52949056385192,9417455.930161942,31844164.37817308,22585.365853658535,9417798.02782001,31845104.283763867,22585.365853658535,9418043.676482325,31845014.8749627,23560.9756097561,9417701.578824257,31844074.969371907,23560.9756097561
9418091.900980204,31845529.53215868,23073.17073170732,11.573554352168998,9417798.02782001,31845104.283763867,22585.365853658535,9418140.12547808,31846044.18935466,22585.365853658535,9418385.774140395,31845954.780553494,23560.9756097561,9418043.676482325,31845014.8749627,23560.9756097561
9418433.998638272,31846469.437749475,23073.17073170732,11.041164342644981,9418140.12547808,31846044.18935466,22585.365853658535,9418482.22313615,31846984.094945457,22585.365853658535,9418727.871798465,31846894.686144285,23560.9756097561,9418385.774140395,31845954.780553494,23560.9756097561
9418776.096296342,31847409.343340266,23073.17073170732,10.883704112165931,9418482.22313615,31846984.094945457,22585.365853658535,9418824.320794217,31847924.000536248,22585.365853658535,9419069.969456533,31847834.591735076,23560.9756097561,9418727.871798465,31846894.686144285,23560.9756097561
9419118.19395441,31848349.248931058,23073.17073170732,9.532677195578211,9418824.320794217,31847924.000536248,22585.365853658535,9419166.418452287,31848863.906127043,22585.365853658535,9419412.067114603,31848774.497325875,23560.9756097561,9419069.969456533,31847834.591735076,23560.9756097561
9419460.29161248,31849289.154521856,23073.17073170732,8.865908072136637,9419166.418452287,31848863.906127043,22585.365853658535,9419508.516110357,31849803.811717838,22585.365853658535,9419754.164772673,31849714.402916666,23560.9756097561,9419412.067114603,31848774.497325875,23560.9756097561
9419802.38927055,31850229.060112644,23073.17073170732,8.505718124789807,9419508.516110357,31849803.811717838,22585.365853658535,9419850.613768425,31850743.71730863,22585.365853658535,9420096.26243074,31850654.308507457,23560.9756097561,9419754.164772673,31849714.402916666,23560.9756097561
9420144.48692862,31851168.96570344,23073.17073170732,6.9960971179977856,9419850.613768425,31850743.71730863,22585.365853658535,9420192.711426495,31851683.62289942,22585.365853658535,9420438.36008881,31851594.214098252,23560.9756097561,9420096.26243074,31850654.308507457,23560.9756097561
9420486.584586687,31852108.871294238,23073.17073170732,6.135874111579656,9420192.711426495,31851683.62289942,22585.365853658535,9420534.809084566,31852623.52849022,22585.365853658535,9420780.45774688,31852534.119689047,23560.9756097561,9420438.36008881,31851594.214098252,23560.9756097561
9420828.682244757,31853048.77688503,23073.17073170732,5.805508922857851,9420534.809084566,31852623.52849022,22585.365853658535,9420876.906742634,31853563.43408101,22585.365853658535,9421122.555404948,31853474.02527984,23560.9756097561,9420780.45774688,31852534.119689047,23560.9756097561
9421170.779902827,31853988.68247582,23073.17073170732,6.571189937649254,9420876.906742634,31853563.43408101,22585.365853658535,9421219.004400702,31854503.3396718,22585.365853658535,9421464.653063018,31854413.930870634,23560.9756097561,9421122.555404948,31853474.02527984,23560.9756097561
9421512.877560895,31854928.588066615,23073.17073170732,6.927650370874936,9421219.004400702,31854503.3396718,22585.365853658535,9421561.102058774,31855443.2452626,22585.365853658535,9421806.750721088,31855353.83646143,23560.9756097561,9421464.653063018,31854413.930870634,23560.9756097561
9421854.975218965,31855868.49365741,23073.17073170732,6.591757577238086,9421561.102058774,31855443.2452626,22585.365853658535,9421903.199716842,31856383.15085339,22585.365853658535,9422148.848379156,31856293.74205222,23560.9756097561,9421806.750721088,31855353.83646143,23560.9756097561
9422197.072877035,31856808.399248198,23073.17073170732,6.542953536060138,9421903.199716842,31856383.15085339,22585.365853658535,9422245.29737491,31857323.056444183,22585.365853658535,9422490.946037225,31857233.647643015,23560.9756097561,9422148.848379156,31856293.74205222,23560.9756097561
9422539.170535102,31857748.304838996,23073.17073170732,6.614883383406288,9422245.29737491,31857323.056444183,22585.365853658535,9422587.395032981,31858262.962034978,22585.365853658535,9422833.043695295,31858173.553233806,23560.9756097561,9422490.946037225,31857233.647643015,23560.9756097561
9422881.268193172,31858688.21042979,23073.17073170732,6.788308265739969,9422587.395032981,31858262.962034978,22585.365853658535,9422929.49269105,31859202.867625773,22585.365853658535,9423175.141353363,31859113.4588246,23560.9756097561,9422833.043695295,31858173.553233806,23560.9756097561
9423223.365851242,31859628.116020583,23073.17073170732,6.826937436570534,9422929.49269105,31859202.867625773,22585.365853658535,9423271.59034912,31860142.773216564,22585.365853658535,9423517.239011433,31860053.364415396,23560.9756097561,9423175.141353363,31859113.4588246,23560.9756097561
9423565.46350931,31860568.021611378,23073.17073170732,7.404070365086449,9423271.59034912,31860142.773216564,22585.365853658535,9423613.688007189,31861082.678807355,22585.365853658535,9423859.336669503,31860993.270006187,23560.9756097561,9423517.239011433,31860053.364415396,23560.9756097561
9423907.56116738,31861507.92720217,23073.17073170732,8.363763595683729,9423613.688007189,31861082.678807355,22585.365853658535,9423955.785665257,31862022.584398154,22585.365853658535,9424201.43432757,31861933.175596982,23560.9756097561,9423859.336669503,31860993.270006187,23560.9756097561
9424249.65882545,31862447.832792964,23073.17073170732,8.687182188968947,9423955.785665257,31862022.584398154,22585.365853658535,9424297.883323327,31862962.489988945,22585.365853658535,9424543.53198564,31862873.081187777,23560.9756097561,9424201.43432757,31861933.175596982,23560.9756097561
9424591.756483518,31863387.738383755,23073.17073170732,9.598319112372442,9424297.883323327,31862962.489988945,22585.365853658535,9424639.980981397,31863902.395579737,22585.365853658535,9424885.62964371,31863812.98677857,23560.9756097561,9424543.53198564,31862873.081187777,23560.9756097561
9424933.854141587,31864327.64397455,23073.17073170732,10.904024661466657,9424639.980981397,31863902.395579737,22585.365853658535,9424982.078639464,31864842.30117053,22585.365853658535,9425227.727301778,31864752.89236936,23560.9756097561,9424885.62964371,31863812.98677857,23560.9756097561
9425275.951799657,31865267.549565345,23073.17073170732,11.069852241658367,9424982.078639464,31864842.30117053,22585.365853658535,9425324.176297534,31865782.206761327,22585.365853658535,9425569.824959848,31865692.79796016,23560.9756097561,9425227.727301778,31864752.89236936,23560.9756097561
9425618.049457725,31866207.45515614,23073.17073170732,11.49283640535647,9425324.176297534,31865782.206761327,22585.365853658535,9425666.273955604,31866722.112352118,22585.365853658535,9425911.922617918,31866632.70355095,23560.9756097561,9425569.824959848,31865692.79796016,23560.9756097561
9425960.147115795,31867147.36074693,23073.17073170732,12.135976723411725,9425666.273955604,31866722.112352118,22585.365853658535,9426008.371613672,31867662.017942913,22585.365853658535,9426254.020275986,31867572.60914174,23560.9756097561,9425911.922617918,31866632.70355095,23560.9756097561
9426302.244773865,31868087.266337723,23073.17073170732,12.524165157980585,9426008.371613672,31867662.017942913,22585.365853658535,9426350.469271742,31868601.923533708,22585.365853658535,9426596.117934056,31868512.51473254,23560.9756097561,9426254.020275986,31867572.60914174,23560.9756097561
9426644.342431933,31869027.171928518,23073.17073170732,12.211509522437563,9426350.469271742,31868601.923533708,22585.365853658535,9426692.566929812,31869541.829124495,22585.365853658535,9426938.215592125,31869452.420323327,23560.9756097561,9426596.117934056,31868512.51473254,23560.9756097561
9426986.440090002,31869967.07751931,23073.17073170732,10.832408756925831,9426692.566929812,31869541.829124495,22585.365853658535,9427034.66458788,31870481.734715294,22585.365853658535,9427280.313250193,31870392.325914122,23560.9756097561,9426938.215592125,31869452.420323327,23560.9756097561
9427328.537748072,31870906.983110104,23073.17073170732,9.733279902565158,9427034.66458788,31870481.734715294,22585.365853658535,9427376.76224595,31871421.640306085,22585.365853658535,9427622.410908265,31871332.231504917,23560.9756097561,9427280.313250193,31870392.325914122,23560.9756097561
9427670.635406142,31871846.8887009,23073.17073170732,8.243766413808954,9427376.76224595,31871421.640306085,22585.365853658535,9427718.85990402,31872361.54589688,22585.365853658535,9427964.508566335,31872272.137095712,23560.9756097561,9427622.410908265,31871332.231504917,23560.9756097561
9428012.733064212,31872786.794291694,23073.17073170732,7.527279884750517,9427718.85990402,31872361.54589688,22585.365853658535,9428060.957562087,31873301.451487675,22585.365853658535,9428306.6062244,31873212.042686503,23560.9756097561,9427964.508566335,31872272.137095712,23560.9756097561
9428354.83072228,31873726.699882485,23073.17073170732,6.952923083546278,9428060.957562087,31873301.451487675,22585.365853658535,9428403.055220157,31874241.357078467,22585.365853658535,9428648.703882473,31874151.948277295,23560.9756097561,9428306.6062244,31873212.042686503,23560.9756097561
9428696.92838035,31874666.605473276,23073.17073170732,6.043186907060661,9428403.055220157,31874241.357078467,22585.365853658535,9428745.152878225,31875181.262669258,22585.365853658535,9428990.801540542,31875091.85386809,23560.9756097561,9428648.703882473,31874151.948277295,23560.9756097561
9429039.026038418,31875606.51106407,23073.17073170732,5.605770520797687,9428745.152878225,31875181.262669258,22585.365853658535,9429087.250536295,31876121.168260053,22585.365853658535,9429332.899198608,31876031.75945888,23560.9756097561,9428990.801540542,31875091.85386809,23560.9756097561
9429381.123696487,31876546.416654862,23073.17073170732,5.6803207078344204,9429087.250536295,31876121.168260053,22585.365853658535,9429429.348194364,31877061.073850848,22585.365853658535,9429674.99685668,31876971.665049676,23560.9756097561,9429332.899198608,31876031.75945888,23560.9756097561
9429723.221354555,31877486.322245657,23073.17073170732,6.224833887777373,9429429.348194364,31877061.073850848,22585.365853658535,9429771.445852432,31878000.97944164,22585.365853658535,9430017.09451475,31877911.57064047,23560.9756097561,9429674.99685668,31876971.665049676,23560.9756097561
9430065.319012625,31878426.227836456,23073.17073170732,5.458053039863095,9429771.445852432,31878000.97944164,22585.365853658535,9430113.543510502,31878940.885032434,22585.365853658535,9430359.192172816,31878851.476231262,23560.9756097561,9430017.09451475,31877911.57064047,23560.9756097561
9430407.416670695,31879366.133427244,23073.17073170732,4.730717932891377,9430113.543510502,31878940.885032434,22585.365853658535,9430455.641168572,31879880.79062323,22585.365853658535,9430701.289830888,31879791.381822057,23560.9756097561,9430359.192172816,31878851.476231262,23560.9756097561
9430749.514328765,31880306.03901804,23073.17073170732,4.2724775860529025,9430455.641168572,31879880.79062323,22585.365853658535,9430797.73882664,31880820.69621402,22585.365853658535,9431043.387488957,31880731.287412852,23560.9756097561,9430701.289830888,31879791.381822057,23560.9756097561
9431091.611986833,31881245.944608834,23073.17073170732,3.7907784338348733,9430797.73882664,31880820.69621402,22585.365853658535,9431139.83648471,31881760.601804815,22585.365853658535,9431385.485147025,31881671.193003643,23560.9756097561,9431043.387488957,31880731.287412852,23560.9756097561
9431433.709644904,31882185.850199625,23073.17073170732,3.1650630756600613,9431139.83648471,31881760.601804815,22585.365853658535,9431481.93414278,31882700.507395606,22585.365853658535,9431727.582805095,31882611.098594435,23560.9756097561,9431385.485147025,31881671.193003643,23560.9756097561
9431775.807302972,31883125.755790416,23073.17073170732,3.1305113215335076,9431481.93414278,31882700.507395606,22585.365853658535,9431824.031800848,31883640.4129864,22585.365853658535,9432069.680463165,31883551.004185233,23560.9756097561,9431727.582805095,31882611.098594435,23560.9756097561
9432117.904961042,31884065.661381215,23073.17073170732,3.2234745597288836,9431824.031800848,31883640.4129864,22585.365853658535,9432166.129458917,31884580.318577196,22585.365853658535,9432411.778121233,31884490.909776025,23560.9756097561,9432069.680463165,31883551.004185233,23560.9756097561
9432460.00261911,31885005.56697201,23073.17073170732,2.884915306130781,9432166.129458917,31884580.318577196,22585.365853658535,9432508.227116987,31885520.224167988,22585.365853658535,9432753.875779303,31885430.815366816,23560.9756097561,9432411.778121233,31884490.909776025,23560.9756097561
9432802.10027718,31885945.472562797,23073.17073170732,2.565289317263099,9432508.227116987,31885520.224167988,22585.365853658535,9432850.324775055,31886460.129758783,22585.365853658535,9433095.973437373,31886370.720957614,23560.9756097561,9432753.875779303,31885430.815366816,23560.9756097561
9433144.19793525,31886885.378153596,23073.17073170732,2.3910912183610042,9432850.324775055,31886460.129758783,22585.365853658535,9433192.422433125,31887400.035349574,22585.365853658535,9433438.07109544,31887310.626548406,23560.9756097561,9433095.973437373,31886370.720957614,23560.9756097561
9433486.29559332,31887825.283744387,23073.17073170732,2.2036625502469964,9433192.422433125,31887400.035349574,22585.365853658535,9433534.520091195,31888339.94094037,22585.365853658535,9433780.16875351,31888250.532139197,23560.9756097561,9433438.07109544,31887310.626548406,23560.9756097561
9433828.393251386,31888765.18933518,23073.17073170732,2.6463789594111025,9433534.520091195,31888339.94094037,22585.365853658535,9433876.617749263,31889279.84653116,22585.365853658535,9434122.26641158,31889190.437729992,23560.9756097561,9433780.16875351,31888250.532139197,23560.9756097561
9434170.490909457,31889705.094925974,23073.17073170732,2.5231802505635006,9433876.617749263,31889279.84653116,22585.365853658535,9434218.715407334,31890219.752121955,22585.365853658535,9434464.364069648,31890130.343320787,23560.9756097561,9434122.26641158,31889190.437729992,23560.9756097561
9434512.588567527,31890645.00051677,23073.17073170732,2.515493313994253,9434218.715407334,31890219.752121955,22585.365853658535,9434560.813065404,31891159.65771275,22585.365853658535,9434806.461727718,31891070.24891158,23560.9756097561,9434464.364069648,31890130.343320787,23560.9756097561
9434854.686225595,31891584.906107564,23073.17073170732,2.2348843218854406,9434560.813065404,31891159.65771275,22585.365853658535,9434902.91072347,31892099.56330354,22585.365853658535,9435148.559385788,31892010.154502373,23560.9756097561,9434806.461727718,31891070.24891158,23560.9756097561
9435196.783883665,31892524.811698355,23073.17073170732,1.8755089047333013,9434902.91072347,31892099.56330354,22585.365853658535,9435245.008381542,31893039.468894336,22585.365853658535,9435490.657043856,31892950.06009317,23560.9756097561,9435148.559385788,31892010.154502373,23560.9756097561
9435538.881541735,31893464.71728915,23073.17073170732,1.9297820057856125,9435245.008381542,31893039.468894336,22585.365853658535,9435587.106039612,31893979.37448513,22585.365853658535,9435832.754701925,31893889.96568396,23560.9756097561,9435490.657043856,31892950.06009317,23560.9756097561
9435880.979199803,31894404.62287994,23073.17073170732,2.008106327033899,9435587.106039612,31893979.37448513,22585.365853658535,9435929.203697678,31894919.280075923,22585.365853658535,9436174.852359995,31894829.871274754,23560.9756097561,9435832.754701925,31893889.96568396,23560.9756097561
9436223.076857872,31895344.528470732,23073.17073170732,2.1278029386007056,9435929.203697678,31894919.280075923,22585.365853658535,9436271.30135575,31895859.185666714,22585.365853658535,9436516.950018063,31895769.776865546,23560.9756097561,9436174.852359995,31894829.871274754,23560.9756097561
9436565.17451594,31896284.434061527,23073.17073170732,2.3159574830438547,9436271.30135575,31895859.185666714,22585.365853658535,9436613.39901382,31896799.091257513,22585.365853658535,9436859.047676133,31896709.68245634,23560.9756097561,9436516.950018063,31895769.776865546,23560.9756097561
9436907.27217401,31897224.339652322,23073.17073170732,2.3165762650110366,9436613.39901382,31896799.091257513,22585.365853658535,9436955.496671885,31897738.996848304,22585.365853658535,9437201.145334203,31897649.588047136,23560.9756097561,9436859.047676133,31896709.68245634,23560.9756097561
9437249.36983208,31898164.245243117,23073.17073170732,2.4305544006191595,9436955.496671885,31897738.996848304,22585.365853658535,9437297.594329957,31898678.902439095,22585.365853658535,9437543.24299227,31898589.493637927,23560.9756097561,9437201.145334203,31897649.588047136,23560.9756097561
9437591.467490148,31899104.15083391,23073.17073170732,2.296699231269897,9437297.594329957,31898678.902439095,22585.365853658535,9437639.691988027,31899618.80802989,22585.365853658535,9437885.34065034,31899529.399228718,23560.9756097561,9437543.24299227,31898589.493637927,23560.9756097561
9437933.565148218,31900044.056424703,23073.17073170732,2.1929146337423044,9437639.691988027,31899618.80802989,22585.365853658535,9437981.789646095,31900558.713620685,22585.365853658535,9438227.43830841,31900469.304819513,23560.9756097561,9437885.34065034,31899529.399228718,23560.9756097561
9438275.662806287,31900983.962015495,23073.17073170732,2.195751445036569,9437981.789646095,31900558.713620685,22585.365853658535,9438323.887304164,31901498.619211476,22585.365853658535,9438569.535966478,31901409.210410308,23560.9756097561,9438227.43830841,31900469.304819513,23560.9756097561
9438617.760464355,31901923.86760629,23073.17073170732,1.829911036105522,9438323.887304164,31901498.619211476,22585.365853658535,9438665.984962234,31902438.52480227,22585.365853658535,9438911.633624548,31902349.1160011,23560.9756097561,9438569.535966478,31901409.210410308,23560.9756097561
9438959.858122425,31902863.77319708,23073.17073170732,1.5671135278205028,9438665.984962234,31902438.52480227,22585.365853658535,9439008.082620302,31903378.430393066,22585.365853658535,9439253.731282618,31903289.021591894,23560.9756097561,9438911.633624548,31902349.1160011,23560.9756097561
9439301.955780495,31903803.678787876,23073.17073170732,1.0597803632618705,9439008.082620302,31903378.430393066,22585.365853658535,9439350.180278372,31904318.335983858,22585.365853658535,9439595.828940686,31904228.92718269,23560.9756097561,9439253.731282618,31903289.021591894,23560.9756097561
9439644.053438563,31904743.584378675,23073.17073170732,0.8240663003342505,9439350.180278372,31904318.335983858,22585.365853658535,9439692.277936442,31905258.241574652,22585.365853658535,9439937.926598756,31905168.83277348,23560.9756097561,9439595.828940686,31904228.92718269,23560.9756097561
9439986.151096633,31905683.489969462,23073.17073170732,0.8033804962865084,9439692.277936442,31905258.241574652,22585.365853658535,9440034.37559451,31906198.147165444,22585.365853658535,9440280.024256825,31906108.73836427,23560.9756097561,9439937.926598756,31905168.83277348,23560.9756097561
9440328.248754703,31906623.395560257,23073.17073170732,0.9695921738596813,9440034.37559451,31906198.147165444,22585.365853658535,9440376.47325258,31907138.05275624,22585.365853658535,9440622.121914895,31907048.64395507,23560.9756097561,9440280.024256825,31906108.73836427,23560.9756097561
9440670.34641277,31907563.301151052,23073.17073170732,1.1063730093409563,9440376.47325258,31907138.05275624,22585.365853658535,9440718.57091065,31908077.958347034,22585.365853658535,9440964.219572963,31907988.54954586,23560.9756097561,9440622.121914895,31907048.64395507,23560.9756097561
9441012.44407084,31908503.206741843,23073.17073170732,0.7925529836440193,9440718.57091065,31908077.958347034,22585.365853658535,9441060.668568717,31909017.863937825,22585.365853658535,9441306.317231033,31908928.455136653,23560.9756097561,9440964.219572963,31907988.54954586,23560.9756097561
9441354.54172891,31909443.112332635,23073.17073170732,0.5052288826866528,9441060.668568717,31909017.863937825,22585.365853658535,9441402.766226787,31909957.76952862,22585.365853658535,9441648.414889103,31909868.36072745,23560.9756097561,9441306.317231033,31908928.455136653,23560.9756097561
9441696.639386978,31910383.017923433,23073.17073170732,0.40826477636813496,9441402.766226787,31909957.76952862,22585.365853658535,9441744.863884857,31910897.675119415,22585.365853658535,9441990.51254717,31910808.266318243,23560.9756097561,9441648.414889103,31909868.36072745,23560.9756097561
9442038.737045048,31911322.92351423,23073.17073170732,0.38813311512998144,9441744.863884857,31910897.675119415,22585.365853658535,9442086.961542925,31911837.580710206,22585.365853658535,9442332.610205242,31911748.171909034,23560.9756097561,9441990.51254717,31910808.266318243,23560.9756097561
9442380.83470312,31912262.829105016,23073.17073170732,0.38873095455197737,9442086.961542925,31911837.580710206,22585.365853658535,9442429.059200995,31912777.486300997,22585.365853658535,9442674.70786331,31912688.07749983,23560.9756097561,9442332.610205242,31911748.171909034,23560.9756097561
9442722.932361187,31913202.734695807,23073.17073170732,0.41646620613917135,9442429.059200995,31912777.486300997,22585.365853658535,9442771.156859064,31913717.391891792,22585.365853658535,9443016.805521378,31913627.98309062,23560.9756097561,9442674.70786331,31912688.07749983,23560.9756097561
9443065.030019255,31914142.640286602,23073.17073170732,0.3880010937959726,9442771.156859064,31913717.391891792,22585.365853658535,9443113.254517132,31914657.297482587,22585.365853658535,9443358.90317945,31914567.888681415,23560.9756097561,9443016.805521378,31913627.98309062,23560.9756097561
9443407.127677327,31915082.545877397,23073.17073170732,0.31187996476752344,9443113.254517132,31914657.297482587,22585.365853658535,9443455.352175202,31915597.20307338,22585.365853658535,9443701.000837518,31915507.79427221,23560.9756097561,9443358.90317945,31914567.888681415,23560.9756097561
9443749.225335395,31916022.451468192,23073.17073170732,0.23076113705343265,9443455.352175202,31915597.20307338,22585.365853658535,9443797.449833272,31916537.108664174,22585.365853658535,9444043.098495588,31916447.699863005,23560.9756097561,9443701.000837518,31915507.79427221,23560.9756097561
9444091.322993465,31916962.357058987,23073.17073170732,0.15838487016931027,9443797.449833272,31916537.108664174,22585.365853658535,9444139.54749134,31917477.014254965,22585.365853658535,9444385.196153656,31917387.605453797,23560.9756097561,9444043.098495588,31916447.699863005,23560.9756097561
9444433.420651533,31917902.262649782,23073.17073170732,0.15186243921192152,9444139.54749134,31917477.014254965,22585.365853658535,9444481.64514941,31918416.91984576,22585.365853658535,9444727.293811725,31918327.51104459,23560.9756097561,9444385.196153656,31917387.605453797,23560.9756097561
9444775.518309603,31918842.168240573,23073.17073170732,0.20311579988306994,9444481.64514941,31918416.91984576,22585.365853658535,9444823.74280748,31919356.82543655,22585.365853658535,9445069.391469795,31919267.416635383,23560.9756097561,9444727.293811725,31918327.51104459,23560.9756097561
9445117.615967672,31919782.07383136,23073.17073170732,0.2353277903199717,9444823.74280748,31919356.82543655,22585.365853658535,9445165.840465548,31920296.731027346,22585.365853658535,9445411.489127863,31920207.322226174,23560.9756097561,9445069.391469795,31919267.416635383,23560.9756097561
9445459.713625742,31920721.979422156,23073.17073170732,0.2778340811696733,9445165.840465548,31920296.731027346,22585.365853658535,9445507.938123617,31921236.63661814,22585.365853658535,9445753.586785933,31921147.227816973,23560.9756097561,9445411.489127863,31920207.322226174,23560.9756097561
9445801.811283808,31921661.88501295,23073.17073170732,0.31563497583919004,9445507.938123617,31921236.63661814,22585.365853658535,9445850.035781687,31922176.542208932,22585.365853658535,9446095.684444003,31922087.133407764,23560.9756097561,9445753.586785933,31921147.227816973,23560.9756097561
9446143.90894188,31922601.790603746,23073.17073170732,0.2558717240779366,9445850.035781687,31922176.542208932,22585.365853658535,9446192.133439755,31923116.447799727,22585.365853658535,9446437.78210207,31923027.038998555,23560.9756097561,9446095.684444003,31922087.133407764,23560.9756097561
9446486.00659995,31923541.696194537,23073.17073170732,0.2272715523183497,9446192.133439755,31923116.447799727,22585.365853658535,9446534.231097825,31924056.35339052,22585.365853658535,9446779.87976014,31923966.94458935,23560.9756097561,9446437.78210207,31923027.038998555,23560.9756097561
9446828.104258018,31924481.60178533,23073.17073170732,0.22943707322538143,9446534.231097825,31924056.35339052,22585.365853658535,9446876.328755895,31924996.258981314,22585.365853658535,9447121.97741821,31924906.850180145,23560.9756097561,9446779.87976014,31923966.94458935,23560.9756097561
9406022.033952026,31811603.522088945,24048.780487804877,3.713499676833898,9405728.160791835,31811178.273694135,23560.9756097561,9406070.258449903,31812118.179284927,23560.9756097561,9406315.907112217,31812028.77048376,24536.585365853658,9405973.809454149,31811088.864892963,24536.585365853658
9406364.131610096,31812543.42767974,24048.780487804877,3.393862606972887,9406070.258449903,31812118.179284927,23560.9756097561,9406412.356107973,31813058.08487572,23560.9756097561,9406658.004770286,31812968.67607455,24536.585365853658,9406315.907112217,31812028.77048376,24536.585365853658
9406706.229268163,31813483.33327053,24048.780487804877,3.727077801696266,9406412.356107973,31813058.08487572,23560.9756097561,9406754.453766042,31813997.990466516,23560.9756097561,9407000.102428356,31813908.581665345,24536.585365853658,9406658.004770286,31812968.67607455,24536.585365853658
9407048.326926233,31814423.238861326,24048.780487804877,5.487554742255819,9406754.453766042,31813997.990466516,23560.9756097561,9407096.55142411,31814937.896057308,23560.9756097561,9407342.200086426,31814848.48725614,24536.585365853658,9407000.102428356,31813908.581665345,24536.585365853658
9407390.424584305,31815363.144452125,24048.780487804877,6.687613826995038,9407096.55142411,31814937.896057308,23560.9756097561,9407438.64908218,31815877.801648103,23560.9756097561,9407684.297744496,31815788.39284693,24536.585365853658,9407342.200086426,31814848.48725614,24536.585365853658
9407732.522242373,31816303.050042912,24048.780487804877,7.395129544711663,9407438.64908218,31815877.801648103,23560.9756097561,9407780.74674025,31816817.707238894,23560.9756097561,9408026.395402564,31816728.298437722,24536.585365853658,9407684.297744496,31815788.39284693,24536.585365853658
9408074.61990044,31817242.955633707,24048.780487804877,7.5276302402000965,9407780.74674025,31816817.707238894,23560.9756097561,9408122.844398318,31817757.61282969,23560.9756097561,9408368.493060634,31817668.20402852,24536.585365853658,9408026.395402564,31816728.298437722,24536.585365853658
9408416.717558512,31818182.861224502,24048.780487804877,8.494865596126628,9408122.844398318,31817757.61282969,23560.9756097561,9408464.942056388,31818697.518420484,23560.9756097561,9408710.590718703,31818608.109619312,24536.585365853658,9408368.493060634,31817668.20402852,24536.585365853658
9408758.815216579,31819122.766815294,24048.780487804877,9.145115689475716,9408464.942056388,31818697.518420484,23560.9756097561,9408807.039714457,31819637.424011275,23560.9756097561,9409052.688376771,31819548.015210103,24536.585365853658,9408710.590718703,31818608.109619312,24536.585365853658
9409100.912874648,31820062.672406085,24048.780487804877,9.043523647897263,9408807.039714457,31819637.424011275,23560.9756097561,9409149.137372525,31820577.32960207,23560.9756097561,9409394.786034841,31820487.920800902,24536.585365853658,9409052.688376771,31819548.015210103,24536.585365853658
9409443.010532718,31821002.577996884,24048.780487804877,9.31836380673456,9409149.137372525,31820577.32960207,23560.9756097561,9409491.235030595,31821517.23519286,23560.9756097561,9409736.88369291,31821427.826391693,24536.585365853658,9409394.786034841,31820487.920800902,24536.585365853658
9409785.108190788,31821942.48358768,24048.780487804877,9.769648582590689,9409491.235030595,31821517.23519286,23560.9756097561,9409833.332688663,31822457.140783656,23560.9756097561,9410078.98135098,31822367.731982484,24536.585365853658,9409736.88369291,31821427.826391693,24536.585365853658
9410127.205848858,31822882.389178466,24048.780487804877,10.412247991767547,9409833.332688663,31822457.140783656,23560.9756097561,9410175.430346733,31823397.046374448,23560.9756097561,9410421.079009049,31823307.63757328,24536.585365853658,9410078.98135098,31822367.731982484,24536.585365853658
9410469.303506928,31823822.294769265,24048.780487804877,11.090512124751518,9410175.430346733,31823397.046374448,23560.9756097561,9410517.528004803,31824336.951965243,23560.9756097561,9410763.176667118,31824247.543164074,24536.585365853658,9410421.079009049,31823307.63757328,24536.585365853658
9410811.401164994,31824762.200360056,24048.780487804877,12.430646661099924,9410517.528004803,31824336.951965243,23560.9756097561,9410859.62566287,31825276.857556038,23560.9756097561,9411105.274325188,31825187.448754866,24536.585365853658,9410763.176667118,31824247.543164074,24536.585365853658
9411153.498823065,31825702.105950847,24048.780487804877,12.055819777154557,9410859.62566287,31825276.857556038,23560.9756097561,9411201.72332094,31826216.76314683,23560.9756097561,9411447.371983256,31826127.35434566,24536.585365853658,9411105.274325188,31825187.448754866,24536.585365853658
9411495.596481135,31826642.011541642,24048.780487804877,11.477019839832751,9411201.72332094,31826216.76314683,23560.9756097561,9411543.82097901,31827156.66873762,23560.9756097561,9411789.469641326,31827067.259936452,24536.585365853658,9411447.371983256,31826127.35434566,24536.585365853658
9411837.694139203,31827581.917132437,24048.780487804877,11.766935988014785,9411543.82097901,31827156.66873762,23560.9756097561,9411885.918637078,31828096.57432842,23560.9756097561,9412131.567299396,31828007.165527247,24536.585365853658,9411789.469641326,31827067.259936452,24536.585365853658
9412179.791797271,31828521.822723232,24048.780487804877,11.570899487483697,9411885.918637078,31828096.57432842,23560.9756097561,9412228.016295148,31829036.47991921,23560.9756097561,9412473.664957464,31828947.071118042,24536.585365853658,9412131.567299396,31828007.165527247,24536.585365853658
9412521.889455343,31829461.72831402,24048.780487804877,10.525106901947591,9412228.016295148,31829036.47991921,23560.9756097561,9412570.113953218,31829976.38551,23560.9756097561,9412815.762615534,31829886.976708833,24536.585365853658,9412473.664957464,31828947.071118042,24536.585365853658
9412863.98711341,31830401.63390482,24048.780487804877,9.134100766120156,9412570.113953218,31829976.38551,23560.9756097561,9412912.211611286,31830916.2911008,23560.9756097561,9413157.860273603,31830826.882299628,24536.585365853658,9412815.762615534,31829886.976708833,24536.585365853658
9413206.08477148,31831341.53949561,24048.780487804877,9.885131010322032,9412912.211611286,31830916.2911008,23560.9756097561,9413254.309269356,31831856.19669159,23560.9756097561,9413499.957931671,31831766.787890423,24536.585365853658,9413157.860273603,31830826.882299628,24536.585365853658
9413548.182429548,31832281.4450864,24048.780487804877,11.522196384852574,9413254.309269356,31831856.19669159,23560.9756097561,9413596.406927425,31832796.102282383,23560.9756097561,9413842.055589741,31832706.693481214,24536.585365853658,9413499.957931671,31831766.787890423,24536.585365853658
9413890.280087618,31833221.350677196,24048.780487804877,13.076546678243284,9413596.406927425,31832796.102282383,23560.9756097561,9413938.504585495,31833736.007873178,23560.9756097561,9414184.15324781,31833646.599072006,24536.585365853658,9413842.055589741,31832706.693481214,24536.585365853658
9414232.377745688,31834161.25626799,24048.780487804877,14.067890944212742,9413938.504585495,31833736.007873178,23560.9756097561,9414280.602243565,31834675.913463973,23560.9756097561,9414526.250905879,31834586.5046628,24536.585365853658,9414184.15324781,31833646.599072006,24536.585365853658
9414574.475403758,31835101.161858786,24048.780487804877,12.925363516102065,9414280.602243565,31834675.913463973,23560.9756097561,9414622.699901633,31835615.819054764,23560.9756097561,9414868.348563949,31835526.410253596,24536.585365853658,9414526.250905879,31834586.5046628,24536.585365853658
9414916.573061826,31836041.067449577,24048.780487804877,12.68989938769395,9414622.699901633,31835615.819054764,23560.9756097561,9414964.797559703,31836555.72464556,23560.9756097561,9415210.446222018,31836466.315844387,24536.585365853658,9414868.348563949,31835526.410253596,24536.585365853658
9415258.670719896,31836980.973040372,24048.780487804877,12.0873467007621,9414964.797559703,31836555.72464556,23560.9756097561,9415306.895217773,31837495.630236354,23560.9756097561,9415552.543880086,31837406.22143518,24536.585365853658,9415210.446222018,31836466.315844387,24536.585365853658
9415600.768377965,31837920.878631163,24048.780487804877,11.337923813590525,9415306.895217773,31837495.630236354,23560.9756097561,9415648.99287584,31838435.535827145,23560.9756097561,9415894.641538156,31838346.127025977,24536.585365853658,9415552.543880086,31837406.22143518,24536.585365853658
9415942.866036033,31838860.78422196,24048.780487804877,11.218318732178052,9415648.99287584,31838435.535827145,23560.9756097561,9415991.09053391,31839375.44141794,23560.9756097561,9416236.739196226,31839286.032616768,24536.585365853658,9415894.641538156,31838346.127025977,24536.585365853658
9416284.963694103,31839800.68981275,24048.780487804877,12.680525105988616,9415991.09053391,31839375.44141794,23560.9756097561,9416333.18819198,31840315.34700873,23560.9756097561,9416578.836854294,31840225.93820756,24536.585365853658,9416236.739196226,31839286.032616768,24536.585365853658
9416627.061352173,31840740.59540354,24048.780487804877,12.612920046269757,9416333.18819198,31840315.34700873,23560.9756097561,9416675.28585005,31841255.252599522,23560.9756097561,9416920.934512364,31841165.843798354,24536.585365853658,9416578.836854294,31840225.93820756,24536.585365853658
9416969.15901024,31841680.500994336,24048.780487804877,13.126213977757466,9416675.28585005,31841255.252599522,23560.9756097561,9417017.383508118,31842195.15819032,23560.9756097561,9417263.032170434,31842105.74938915,24536.585365853658,9416920.934512364,31841165.843798354,24536.585365853658
9417311.25666831,31842620.40658513,24048.780487804877,14.483132145741054,9417017.383508118,31842195.15819032,23560.9756097561,9417359.481166188,31843135.063781112,23560.9756097561,9417605.129828501,31843045.65497994,24536.585365853658,9417263.032170434,31842105.74938915,24536.585365853658
9417653.354326379,31843560.312175926,24048.780487804877,13.179631453203275,9417359.481166188,31843135.063781112,23560.9756097561,9417701.578824257,31844074.969371907,23560.9756097561,9417947.227486571,31843985.56057074,24536.585365853658,9417605.129828501,31843045.65497994,24536.585365853658
9417995.451984448,31844500.217766717,24048.780487804877,12.285039742614842,9417701.578824257,31844074.969371907,23560.9756097561,9418043.676482325,31845014.8749627,23560.9756097561,9418289.325144641,31844925.46616153,24536.585365853658,9417947.227486571,31843985.56057074,24536.585365853658
9418337.549642518,31845440.123357512,24048.780487804877,11.08745094111406,9418043.676482325,31845014.8749627,23560.9756097561,9418385.774140395,31845954.780553494,23560.9756097561,9418631.422802709,31845865.37175232,24536.585365853658,9418289.325144641,31844925.46616153,24536.585365853658
9418679.647300586,31846380.028948303,24048.780487804877,10.100218569071998,9418385.774140395,31845954.780553494,23560.9756097561,9418727.871798465,31846894.686144285,23560.9756097561,9418973.520460779,31846805.277343117,24536.585365853658,9418631.422802709,31845865.37175232,24536.585365853658
9419021.744958656,31847319.9345391,24048.780487804877,9.736907448664503,9418727.871798465,31846894.686144285,23560.9756097561,9419069.969456533,31847834.591735076,23560.9756097561,9419315.618118849,31847745.182933908,24536.585365853658,9418973.520460779,31846805.277343117,24536.585365853658
9419363.842616726,31848259.84012989,24048.780487804877,10.072541301964735,9419069.969456533,31847834.591735076,23560.9756097561,9419412.067114603,31848774.497325875,23560.9756097561,9419657.715776917,31848685.088524703,24536.585365853658,9419315.618118849,31847745.182933908,24536.585365853658
9419705.940274794,31849199.745720685,24048.780487804877,10.354066715798705,9419412.067114603,31848774.497325875,23560.9756097561,9419754.164772673,31849714.402916666,23560.9756097561,9419999.813434986,31849624.994115498,24536.585365853658,9419657.715776917,31848685.088524703,24536.585365853658
9420048.037932863,31850139.651311476,24048.780487804877,9.139617699110833,9419754.164772673,31849714.402916666,23560.9756097561,9420096.26243074,31850654.308507457,23560.9756097561,9420341.911093056,31850564.89970629,24536.585365853658,9419999.813434986,31849624.994115498,24536.585365853658
9420390.135590933,31851079.55690227,24048.780487804877,8.374659930189893,9420096.26243074,31850654.308507457,23560.9756097561,9420438.36008881,31851594.214098252,23560.9756097561,9420684.008751124,31851504.80529708,24536.585365853658,9420341.911093056,31850564.89970629,24536.585365853658
9420732.233249001,31852019.462493066,24048.780487804877,7.7945464290067115,9420438.36008881,31851594.214098252,23560.9756097561,9420780.45774688,31852534.119689047,23560.9756097561,9421026.106409196,31852444.71088788,24536.585365853658,9420684.008751124,31851504.80529708,24536.585365853658
9421074.330907073,31852959.368083857,24048.780487804877,6.85297429492834,9420780.45774688,31852534.119689047,23560.9756097561,9421122.555404948,31853474.02527984,23560.9756097561,9421368.204067266,31853384.61647867,24536.585365853658,9421026.106409196,31852444.71088788,24536.585365853658
9421416.42856514,31853899.273674652,24048.780487804877,8.00068523671011,9421122.555404948,31853474.02527984,23560.9756097561,9421464.653063018,31854413.930870634,23560.9756097561,9421710.301725332,31854324.52206946,24536.585365853658,9421368.204067266,31853384.61647867,24536.585365853658
9421758.526223209,31854839.179265443,24048.780487804877,8.873244621762773,9421464.653063018,31854413.930870634,23560.9756097561,9421806.750721088,31855353.83646143,23560.9756097561,9422052.399383403,31855264.42766026,24536.585365853658,9421710.301725332,31854324.52206946,24536.585365853658
9422100.62388128,31855779.08485624,24048.780487804877,8.841083008773516,9421806.750721088,31855353.83646143,23560.9756097561,9422148.848379156,31856293.74205222,23560.9756097561,9422394.497041473,31856204.33325105,24536.585365853658,9422052.399383403,31855264.42766026,24536.585365853658
9422442.72153935,31856718.99044703,24048.780487804877,7.918541530319948,9422148.848379156,31856293.74205222,23560.9756097561,9422490.946037225,31857233.647643015,23560.9756097561,9422736.59469954,31857144.238841843,24536.585365853658,9422394.497041473,31856204.33325105,24536.585365853658
9422784.819197416,31857658.896037824,24048.780487804877,7.759777489913577,9422490.946037225,31857233.647643015,23560.9756097561,9422833.043695295,31858173.553233806,23560.9756097561,9423078.69235761,31858084.144432638,24536.585365853658,9422736.59469954,31857144.238841843,24536.585365853658
9423126.916855488,31858598.80162862,24048.780487804877,7.798720501931871,9422833.043695295,31858173.553233806,23560.9756097561,9423175.141353363,31859113.4588246,23560.9756097561,9423420.79001568,31859024.050023433,24536.585365853658,9423078.69235761,31858084.144432638,24536.585365853658
9423469.014513556,31859538.707219414,24048.780487804877,8.278862851533415,9423175.141353363,31859113.4588246,23560.9756097561,9423517.239011433,31860053.364415396,23560.9756097561,9423762.887673747,31859963.955614224,24536.585365853658,9423420.79001568,31859024.050023433,24536.585365853658
9423811.112171624,31860478.612810206,24048.780487804877,9.419440078813047,9423517.239011433,31860053.364415396,23560.9756097561,9423859.336669503,31860993.270006187,23560.9756097561,9424104.985331818,31860903.861205015,24536.585365853658,9423762.887673747,31859963.955614224,24536.585365853658
9424153.209829694,31861418.518400997,24048.780487804877,11.059363823740025,9423859.336669503,31860993.270006187,23560.9756097561,9424201.43432757,31861933.175596982,23560.9756097561,9424447.082989888,31861843.766795814,24536.585365853658,9424104.985331818,31860903.861205015,24536.585365853658
9424495.307487765,31862358.423991796,24048.780487804877,10.164194045399277,9424201.43432757,31861933.175596982,23560.9756097561,9424543.53198564,31862873.081187777,23560.9756097561,9424789.180647956,31862783.672386605,24536.585365853658,9424447.082989888,31861843.766795814,24536.585365853658
9424837.405145833,31863298.329582583,24048.780487804877,9.405183672164101,9424543.53198564,31862873.081187777,23560.9756097561,9424885.62964371,31863812.98677857,23560.9756097561,9425131.278306026,31863723.577977397,24536.585365853658,9424789.180647956,31862783.672386605,24536.585365853658
9425179.502803903,31864238.23517338,24048.780487804877,10.817335568064879,9424885.62964371,31863812.98677857,23560.9756097561,9425227.727301778,31864752.89236936,23560.9756097561,9425473.375964094,31864663.48356819,24536.585365853658,9425131.278306026,31863723.577977397,24536.585365853658
9425521.600461971,31865178.140764177,24048.780487804877,11.097724822644475,9425227.727301778,31864752.89236936,23560.9756097561,9425569.824959848,31865692.79796016,23560.9756097561,9425815.473622164,31865603.389158987,24536.585365853658,9425473.375964094,31864663.48356819,24536.585365853658
9425863.69812004,31866118.046354968,24048.780487804877,11.60932945364323,9425569.824959848,31865692.79796016,23560.9756097561,9425911.922617918,31866632.70355095,23560.9756097561,9426157.571280234,31866543.294749778,24536.585365853658,9425815.473622164,31865603.389158987,24536.585365853658
9426205.79577811,31867057.95194576,24048.780487804877,12.308312412291246,9425911.922617918,31866632.70355095,23560.9756097561,9426254.020275986,31867572.60914174,23560.9756097561,9426499.668938302,31867483.200340573,24536.585365853658,9426157.571280234,31866543.294749778,24536.585365853658
9426547.89343618,31867997.857536554,24048.780487804877,11.951247827421835,9426254.020275986,31867572.60914174,23560.9756097561,9426596.117934056,31868512.51473254,23560.9756097561,9426841.766596371,31868423.105931368,24536.585365853658,9426499.668938302,31867483.200340573,24536.585365853658
9426889.991094247,31868937.76312735,24048.780487804877,11.523877258159626,9426596.117934056,31868512.51473254,23560.9756097561,9426938.215592125,31869452.420323327,23560.9756097561,9427183.864254441,31869363.01152216,24536.585365853658,9426841.766596371,31868423.105931368,24536.585365853658
9427232.088752318,31869877.668718137,24048.780487804877,10.545011065964816,9426938.215592125,31869452.420323327,23560.9756097561,9427280.313250193,31870392.325914122,23560.9756097561,9427525.961912509,31870302.917112954,24536.585365853658,9427183.864254441,31869363.01152216,24536.585365853658
9427574.186410388,31870817.574308936,24048.780487804877,9.967839259830582,9427280.313250193,31870392.325914122,23560.9756097561,9427622.410908265,31871332.231504917,23560.9756097561,9427868.059570579,31871242.822703745,24536.585365853658,9427525.961912509,31870302.917112954,24536.585365853658
9427916.284068456,31871757.47989973,24048.780487804877,10.960188844890345,9427622.410908265,31871332.231504917,23560.9756097561,9427964.508566335,31872272.137095712,23560.9756097561,9428210.157228649,31872182.72829454,24536.585365853658,9427868.059570579,31871242.822703745,24536.585365853658
9428258.381726526,31872697.38549052,24048.780487804877,11.154541381404664,9427964.508566335,31872272.137095712,23560.9756097561,9428306.6062244,31873212.042686503,23560.9756097561,9428552.254886717,31873122.633885335,24536.585365853658,9428210.157228649,31872182.72829454,24536.585365853658
9428600.479384596,31873637.291081317,24048.780487804877,10.25894648590313,9428306.6062244,31873212.042686503,23560.9756097561,9428648.703882473,31874151.948277295,23560.9756097561,9428894.352544786,31874062.539476126,24536.585365853658,9428552.254886717,31873122.633885335,24536.585365853658
9428942.577042663,31874577.196672108,24048.780487804877,8.089595443129847,9428648.703882473,31874151.948277295,23560.9756097561,9428990.801540542,31875091.85386809,23560.9756097561,9429236.450202856,31875002.44506692,24536.585365853658,9428894.352544786,31874062.539476126,24536.585365853658
9429284.674700733,31875517.102262903,24048.780487804877,7.043943569879111,9428990.801540542,31875091.85386809,23560.9756097561,9429332.899198608,31876031.75945888,23560.9756097561,9429578.547860924,31875942.350657713,24536.585365853658,9429236.450202856,31875002.44506692,24536.585365853658
9429626.772358803,31876457.007853694,24048.780487804877,7.102850749459022,9429332.899198608,31876031.75945888,23560.9756097561,9429674.99685668,31876971.665049676,23560.9756097561,9429920.645518994,31876882.256248508,24536.585365853658,9429578.547860924,31875942.350657713,24536.585365853658
9429968.870016871,31877396.91344449,24048.780487804877,6.338256397012461,9429674.99685668,31876971.665049676,23560.9756097561,9430017.09451475,31877911.57064047,23560.9756097561,9430262.743177064,31877822.1618393,24536.585365853658,9429920.645518994,31876882.256248508,24536.585365853658
9430310.96767494,31878336.819035284,24048.780487804877,5.587859945843274,9430017.09451475,31877911.57064047,23560.9756097561,9430359.192172816,31878851.476231262,23560.9756097561,9430604.840835132,31878762.067430094,24536.585365853658,9430262.743177064,31877822.1618393,24536.585365853658
9430653.06533301,31879276.724626075,24048.780487804877,5.130872465114429,9430359.192172816,31878851.476231262,23560.9756097561,9430701.289830888,31879791.381822057,23560.9756097561,9430946.938493202,31879701.97302089,24536.585365853658,9430604.840835132,31878762.067430094,24536.585365853658
9430995.162991079,31880216.63021687,24048.780487804877,4.517756200438057,9430701.289830888,31879791.381822057,23560.9756097561,9431043.387488957,31880731.287412852,23560.9756097561,9431289.036151271,31880641.87861168,24536.585365853658,9430946.938493202,31879701.97302089,24536.585365853658
9431337.260649148,31881156.53580766,24048.780487804877,3.6757807230880712,9431043.387488957,31880731.287412852,23560.9756097561,9431385.485147025,31881671.193003643,23560.9756097561,9431631.13380934,31881581.784202475,24536.585365853658,9431289.036151271,31880641.87861168,24536.585365853658
9431679.358307218,31882096.441398453,24048.780487804877,3.2149272365140917,9431385.485147025,31881671.193003643,23560.9756097561,9431727.582805095,31882611.098594435,23560.9756097561,9431973.231467409,31882521.689793266,24536.585365853658,9431631.13380934,31881581.784202475,24536.585365853658
9432021.455965286,31883036.346989248,24048.780487804877,3.1531976236881896,9431727.582805095,31882611.098594435,23560.9756097561,9432069.680463165,31883551.004185233,23560.9756097561,9432315.329125479,31883461.59538406,24536.585365853658,9431973.231467409,31882521.689793266,24536.585365853658
9432363.553623356,31883976.252580043,24048.780487804877,3.3038348861166065,9432069.680463165,31883551.004185233,23560.9756097561,9432411.778121233,31884490.909776025,23560.9756097561,9432657.426783547,31884401.500974856,24536.585365853658,9432315.329125479,31883461.59538406,24536.585365853658
9432705.651281426,31884916.158170838,24048.780487804877,2.996500973048689,9432411.778121233,31884490.909776025,23560.9756097561,9432753.875779303,31885430.815366816,23560.9756097561,9432999.524441617,31885341.406565648,24536.585365853658,9432657.426783547,31884401.500974856,24536.585365853658
9433047.748939494,31885856.06376163,24048.780487804877,2.6315558286739256,9432753.875779303,31885430.815366816,23560.9756097561,9433095.973437373,31886370.720957614,23560.9756097561,9433341.622099686,31886281.312156443,24536.585365853658,9432999.524441617,31885341.406565648,24536.585365853658
9433389.846597563,31886795.969352424,24048.780487804877,2.3280739592251063,9433095.973437373,31886370.720957614,23560.9756097561,9433438.07109544,31887310.626548406,23560.9756097561,9433683.719757754,31887221.217747234,24536.585365853658,9433341.622099686,31886281.312156443,24536.585365853658
9433731.944255633,31887735.874943215,24048.780487804877,2.348573444921967,9433438.07109544,31887310.626548406,23560.9756097561,9433780.16875351,31888250.532139197,23560.9756097561,9434025.817415824,31888161.12333803,24536.585365853658,9433683.719757754,31887221.217747234,24536.585365853658
9434074.041913701,31888675.78053401,24048.780487804877,2.2170682422953867,9433780.16875351,31888250.532139197,23560.9756097561,9434122.26641158,31889190.437729992,23560.9756097561,9434367.915073894,31889101.02892882,24536.585365853658,9434025.817415824,31888161.12333803,24536.585365853658
9434416.139571771,31889615.6861248,24048.780487804877,1.9035487523088799,9434122.26641158,31889190.437729992,23560.9756097561,9434464.364069648,31890130.343320787,23560.9756097561,9434710.012731962,31890040.934519615,24536.585365853658,9434367.915073894,31889101.02892882,24536.585365853658
9434758.23722984,31890555.591715597,24048.780487804877,1.7056215962607104,9434464.364069648,31890130.343320787,23560.9756097561,9434806.461727718,31891070.24891158,23560.9756097561,9435052.110390034,31890980.84011041,24536.585365853658,9434710.012731962,31890040.934519615,24536.585365853658
9435100.334887909,31891495.497306395,24048.780487804877,1.7543850232543483,9434806.461727718,31891070.24891158,23560.9756097561,9435148.559385788,31892010.154502373,23560.9756097561,9435394.208048102,31891920.7457012,24536.585365853658,9435052.110390034,31890980.84011041,24536.585365853658
9435442.432545979,31892435.402897183,24048.780487804877,2.1194064354376154,9435148.559385788,31892010.154502373,23560.9756097561,9435490.657043856,31892950.06009317,23560.9756097561,9435736.305706171,31892860.651291996,24536.585365853658,9435394.208048102,31891920.7457012,24536.585365853658
9435784.53020405,31893375.308487978,24048.780487804877,2.2942194638897995,9435490.657043856,31892950.06009317,23560.9756097561,9435832.754701925,31893889.96568396,23560.9756097561,9436078.403364241,31893800.55688279,24536.585365853658,9435736.305706171,31892860.651291996,24536.585365853658
9436126.627862116,31894315.214078773,24048.780487804877,2.7008433709984767,9435832.754701925,31893889.96568396,23560.9756097561,9436174.852359995,31894829.871274754,23560.9756097561,9436420.501022309,31894740.462473582,24536.585365853658,9436078.403364241,31893800.55688279,24536.585365853658
9436468.725520186,31895255.119669564,24048.780487804877,3.1751527237450943,9436174.852359995,31894829.871274754,23560.9756097561,9436516.950018063,31895769.776865546,23560.9756097561,9436762.598680379,31895680.368064374,24536.585365853658,9436420.501022309,31894740.462473582,24536.585365853658
9436810.823178258,31896195.025260355,24048.780487804877,3.2160105566996493,9436516.950018063,31895769.776865546,23560.9756097561,9436859.047676133,31896709.68245634,23560.9756097561,9437104.696338449,31896620.273655172,24536.585365853658,9436762.598680379,31895680.368064374,24536.585365853658
9437152.920836326,31897134.930851154,24048.780487804877,3.2323372556797434,9436859.047676133,31896709.68245634,23560.9756097561,9437201.145334203,31897649.588047136,23560.9756097561,9437446.793996517,31897560.179245964,24536.585365853658,9437104.696338449,31896620.273655172,24536.585365853658
9437495.018494394,31898074.83644195,24048.780487804877,3.4362493592586794,9437201.145334203,31897649.588047136,23560.9756097561,9437543.24299227,31898589.493637927,23560.9756097561,9437788.891654586,31898500.084836755,24536.585365853658,9437446.793996517,31897560.179245964,24536.585365853658
9437837.116152465,31899014.742032737,24048.780487804877,3.204197861297202,9437543.24299227,31898589.493637927,23560.9756097561,9437885.34065034,31899529.399228718,23560.9756097561,9438130.989312656,31899439.990427554,24536.585365853658,9437788.891654586,31898500.084836755,24536.585365853658
9438179.213810533,31899954.647623535,24048.780487804877,2.9165939640733263,9437885.34065034,31899529.399228718,23560.9756097561,9438227.43830841,31900469.304819513,23560.9756097561,9438473.086970726,31900379.896018345,24536.585365853658,9438130.989312656,31899439.990427554,24536.585365853658
9438521.311468603,31900894.553214327,24048.780487804877,3.0121936162863494,9438227.43830841,31900469.304819513,23560.9756097561,9438569.535966478,31901409.210410308,23560.9756097561,9438815.184628794,31901319.801609136,24536.585365853658,9438473.086970726,31900379.896018345,24536.585365853658
9438863.409126671,31901834.458805118,24048.780487804877,2.970923185599799,9438569.535966478,31901409.210410308,23560.9756097561,9438911.633624548,31902349.1160011,23560.9756097561,9439157.282286864,31902259.70719993,24536.585365853658,9438815.184628794,31901319.801609136,24536.585365853658
9439205.50678474,31902774.364395913,24048.780487804877,2.65848043787232,9438911.633624548,31902349.1160011,23560.9756097561,9439253.731282618,31903289.021591894,23560.9756097561,9439499.379944934,31903199.612790726,24536.585365853658,9439157.282286864,31902259.70719993,24536.585365853658
9439547.60444281,31903714.269986708,24048.780487804877,2.169947614697543,9439253.731282618,31903289.021591894,23560.9756097561,9439595.828940686,31904228.92718269,23560.9756097561,9439841.477603002,31904139.518381517,24536.585365853658,9439499.379944934,31903199.612790726,24536.585365853658
9439889.70210088,31904654.175577503,24048.780487804877,1.8187337920122197,9439595.828940686,31904228.92718269,23560.9756097561,9439937.926598756,31905168.83277348,23560.9756097561,9440183.575261071,31905079.423972312,24536.585365853658,9439841.477603002,31904139.518381517,24536.585365853658
9440231.799758947,31905594.081168294,24048.780487804877,1.4221223018113476,9439937.926598756,31905168.83277348,23560.9756097561,9440280.024256825,31906108.73836427,23560.9756097561,9440525.672919141,31906019.329563104,24536.585365853658,9440183.575261071,31905079.423972312,24536.585365853658
9440573.897417018,31906533.98675909,24048.780487804877,1.4220019839757818,9440280.024256825,31906108.73836427,23560.9756097561,9440622.121914895,31907048.64395507,23560.9756097561,9440867.77057721,31906959.2351539,24536.585365853658,9440525.672919141,31906019.329563104,24536.585365853658
9440915.995075088,31907473.89234988,24048.780487804877,1.426161929606063,9440622.121914895,31907048.64395507,23560.9756097561,9440964.219572963,31907988.54954586,23560.9756097561,9441209.868235279,31907899.140744694,24536.585365853658,9440867.77057721,31906959.2351539,24536.585365853658
9441258.092733156,31908413.79794067,24048.780487804877,1.1272915136735036,9440964.219572963,31907988.54954586,23560.9756097561,9441306.317231033,31908928.455136653,23560.9756097561,9441551.965893349,31908839.046335485,24536.585365853658,9441209.868235279,31907899.140744694,24536.585365853658
9441600.190391226,31909353.703531466,24048.780487804877,0.6760486433896297,9441306.317231033,31908928.455136653,23560.9756097561,9441648.414889103,31909868.36072745,23560.9756097561,9441894.063551417,31909778.95192628,24536.585365853658,9441551.965893349,31908839.046335485,24536.585365853658
9441942.288049296,31910293.60912226,24048.780487804877,0.5122750918596934,9441648.414889103,31909868.36072745,23560.9756097561,9441990.51254717,31910808.266318243,23560.9756097561,9442236.161209486,31910718.857517075,24536.585365853658,9441894.063551417,31909778.95192628,24536.585365853658
9442284.385707363,31911233.514713056,24048.780487804877,0.5171051903116773,9441990.51254717,31910808.266318243,23560.9756097561,9442332.610205242,31911748.171909034,23560.9756097561,9442578.258867556,31911658.763107866,24536.585365853658,9442236.161209486,31910718.857517075,24536.585365853658
9442626.483365433,31912173.420303848,24048.780487804877,0.4069990166174069,9442332.610205242,31911748.171909034,23560.9756097561,9442674.70786331,31912688.07749983,23560.9756097561,9442920.356525624,31912598.668698657,24536.585365853658,9442578.258867556,31911658.763107866,24536.585365853658
9442968.581023503,31913113.325894635,24048.780487804877,0.44465862735753103,9442674.70786331,31912688.07749983,23560.9756097561,9443016.805521378,31913627.98309062,23560.9756097561,9443262.454183694,31913538.574289452,24536.585365853658,9442920.356525624,31912598.668698657,24536.585365853658
9443310.678681571,31914053.23148543,24048.780487804877,0.4605802392868087,9443016.805521378,31913627.98309062,23560.9756097561,9443358.90317945,31914567.888681415,23560.9756097561,9443604.551841764,31914478.479880247,24536.585365853658,9443262.454183694,31913538.574289452,24536.585365853658
9443652.77633964,31914993.13707623,24048.780487804877,0.25787203053203706,9443358.90317945,31914567.888681415,23560.9756097561,9443701.000837518,31915507.79427221,23560.9756097561,9443946.649499832,31915418.38547104,24536.585365853658,9443604.551841764,31914478.479880247,24536.585365853658
9443994.87399771,31915933.04266702,24048.780487804877,0.2229195821231504,9443701.000837518,31915507.79427221,23560.9756097561,9444043.098495588,31916447.699863005,23560.9756097561,9444288.747157902,31916358.291061834,24536.585365853658,9443946.649499832,31915418.38547104,24536.585365853658
9444336.971655779,31916872.948257815,24048.780487804877,0.35339641842858344,9444043.098495588,31916447.699863005,23560.9756097561,9444385.196153656,31917387.605453797,23560.9756097561,9444630.844815971,31917298.19665263,24536.585365853658,9444288.747157902,31916358.291061834,24536.585365853658
9444679.069313848,31917812.853848614,24048.780487804877,0.39934587179675685,9444385.196153656,31917387.605453797,23560.9756097561,9444727.293811725,31918327.51104459,23560.9756097561,9444972.94247404,31918238.10224342,24536.585365853658,9444630.844815971,31917298.19665263,24536.585365853658
9445021.166971918,31918752.7594394,24048.780487804877,0.35370051464344027,9444727.293811725,31918327.51104459,23560.9756097561,9445069.391469795,31919267.416635383,23560.9756097561,9445315.04013211,31919178.00783421,24536.585365853658,9444972.94247404,31918238.10224342,24536.585365853658
9445363.264629986,31919692.66503019,24048.780487804877,0.3764507609431489,9445069.391469795,31919267.416635383,23560.9756097561,9445411.489127863,31920207.322226174,23560.9756097561,9445657.137790179,31920117.913425006,24536.585365853658,9445315.04013211,31919178.00783421,24536.585365853658
9445705.362288056,31920632.570620988,24048.780487804877,0.5050041232781644,9445411.489127863,31920207.322226174,23560.9756097561,9445753.586785933,31921147.227816973,23560.9756097561,9445999.235448247,31921057.8190158,24536.585365853658,9445657.137790179,31920117.913425006,24536.585365853658
9446047.459946126,31921572.476211783,24048.780487804877,0.723870594636461,9445753.586785933,31921147.227816973,23560.9756097561,9446095.684444003,31922087.133407764,23560.9756097561,9446341.333106317,31921997.724606592,24536.585365853658,9445999.235448247,31921057.8190158,24536.585365853658
9446389.557604194,31922512.381802574,24048.780487804877,0.5731891385008316,9446095.684444003,31922087.133407764,23560.9756097561,9446437.78210207,31923027.038998555,23560.9756097561,9446683.430764386,31922937.630197387,24536.585365853658,9446341.333106317,31921997.724606592,24536.585365853658
9446731.655262263,31923452.28739337,24048.780487804877,0.4569334567863967,9446437.78210207,31923027.038998555,23560.9756097561,9446779.87976014,31923966.94458935,23560.9756097561,9447025.528422454,31923877.535788182,24536.585365853658,9446683.430764386,31922937.630197387,24536.585365853658
9447073.752920333,31924392.192984167,24048.780487804877,0.28815084904636246,9446779.87976014,31923966.94458935,23560.9756097561,9447121.97741821,31924906.850180145,23560.9756097561,9447367.626080524,31924817.441378973,24536.585365853658,9447025.528422454,31923877.535788182,24536.585365853658
9406267.682614341,31811514.113287777,25024.39024390244,4.871648156733664,9405973.809454149,31811088.864892963,24536.585365853658,9406315.907112217,31812028.77048376,24536.585365853658,9406561.555774532,31811939.361682586,25512.19512195122,9406219.458116464,31810999.456091795,25512.19512195122
9406609.78027241,31812454.018878568,25024.39024390244,4.6044921617582775,9406315.907112217,31812028.77048376,24536.585365853658,9406658.004770286,31812968.67607455,24536.585365853658,9406903.653432602,31812879.26727338,25512.19512195122,9406561.555774532,31811939.361682586,25512.19512195122
9406951.87793048,31813393.92446936,25024.39024390244,5.191995784640732,9406658.004770286,31812968.67607455,24536.585365853658,9407000.102428356,31813908.581665345,24536.585365853658,9407245.751090672,31813819.172864176,25512.19512195122,9406903.653432602,31812879.26727338,25512.19512195122
9407293.975588549,31814333.830060158,25024.39024390244,6.613820068696006,9407000.102428356,31813908.581665345,24536.585365853658,9407342.200086426,31814848.48725614,24536.585365853658,9407587.84874874,31814759.078454968,25512.19512195122,9407245.751090672,31813819.172864176,25512.19512195122
9407636.073246619,31815273.735650953,25024.39024390244,7.782109417927936,9407342.200086426,31814848.48725614,24536.585365853658,9407684.297744496,31815788.39284693,24536.585365853658,9407929.94640681,31815698.984045763,25512.19512195122,9407587.84874874,31814759.078454968,25512.19512195122
9407978.170904687,31816213.64124174,25024.39024390244,7.990443632387655,9407684.297744496,31815788.39284693,24536.585365853658,9408026.395402564,31816728.298437722,24536.585365853658,9408272.04406488,31816638.889636554,25512.19512195122,9407929.94640681,31815698.984045763,25512.19512195122
9408320.268562756,31817153.54683254,25024.39024390244,8.369041045152294,9408026.395402564,31816728.298437722,24536.585365853658,9408368.493060634,31817668.20402852,24536.585365853658,9408614.141722947,31817578.79522735,25512.19512195122,9408272.04406488,31816638.889636554,25512.19512195122
9408662.366220826,31818093.45242333,25024.39024390244,8.248307155963179,9408368.493060634,31817668.20402852,24536.585365853658,9408710.590718703,31818608.109619312,24536.585365853658,9408956.239381017,31818518.700818144,25512.19512195122,9408614.141722947,31817578.79522735,25512.19512195122
9409004.463878894,31819033.35801412,25024.39024390244,8.62419565569018,9408710.590718703,31818608.109619312,24536.585365853658,9409052.688376771,31819548.015210103,24536.585365853658,9409298.337039087,31819458.606408935,25512.19512195122,9408956.239381017,31818518.700818144,25512.19512195122
9409346.561536964,31819973.263604917,25024.39024390244,10.009726552408702,9409052.688376771,31819548.015210103,24536.585365853658,9409394.786034841,31820487.920800902,24536.585365853658,9409640.434697155,31820398.51199973,25512.19512195122,9409298.337039087,31819458.606408935,25512.19512195122
9409688.659195034,31820913.16919571,25024.39024390244,11.098573612244364,9409394.786034841,31820487.920800902,24536.585365853658,9409736.88369291,31821427.826391693,24536.585365853658,9409982.532355225,31821338.41759052,25512.19512195122,9409640.434697155,31820398.51199973,25512.19512195122
9410030.756853102,31821853.074786507,25024.39024390244,10.86922432547994,9409736.88369291,31821427.826391693,24536.585365853658,9410078.98135098,31822367.731982484,24536.585365853658,9410324.630013295,31822278.323181316,25512.19512195122,9409982.532355225,31821338.41759052,25512.19512195122
9410372.854511172,31822792.980377298,25024.39024390244,10.600781956737595,9410078.98135098,31822367.731982484,24536.585365853658,9410421.079009049,31823307.63757328,24536.585365853658,9410666.727671362,31823218.228772108,25512.19512195122,9410324.630013295,31822278.323181316,25512.19512195122
9410714.952169241,31823732.885968093,25024.39024390244,8.851583990088134,9410421.079009049,31823307.63757328,24536.585365853658,9410763.176667118,31824247.543164074,24536.585365853658,9411008.825329432,31824158.134362902,25512.19512195122,9410666.727671362,31823218.228772108,25512.19512195122
9411057.04982731,31824672.791558884,25024.39024390244,8.859308289929427,9410763.176667118,31824247.543164074,24536.585365853658,9411105.274325188,31825187.448754866,24536.585365853658,9411350.922987502,31825098.039953697,25512.19512195122,9411008.825329432,31824158.134362902,25512.19512195122
9411399.14748538,31825612.69714968,25024.39024390244,10.390525909633359,9411105.274325188,31825187.448754866,24536.585365853658,9411447.371983256,31826127.35434566,24536.585365853658,9411693.02064557,31826037.94554449,25512.19512195122,9411350.922987502,31825098.039953697,25512.19512195122
9411741.245143449,31826552.60274047,25024.39024390244,10.20046333322036,9411447.371983256,31826127.35434566,24536.585365853658,9411789.469641326,31827067.259936452,24536.585365853658,9412035.11830364,31826977.851135284,25512.19512195122,9411693.02064557,31826037.94554449,25512.19512195122
9412083.342801517,31827492.508331265,25024.39024390244,11.544826192502562,9411789.469641326,31827067.259936452,24536.585365853658,9412131.567299396,31828007.165527247,24536.585365853658,9412377.21596171,31827917.75672608,25512.19512195122,9412035.11830364,31826977.851135284,25512.19512195122
9412425.440459587,31828432.413922064,25024.39024390244,12.651971436060796,9412131.567299396,31828007.165527247,24536.585365853658,9412473.664957464,31828947.071118042,24536.585365853658,9412719.313619778,31828857.66231687,25512.19512195122,9412377.21596171,31827917.75672608,25512.19512195122
9412767.538117656,31829372.31951285,25024.39024390244,12.29747008899808,9412473.664957464,31828947.071118042,24536.585365853658,9412815.762615534,31829886.976708833,24536.585365853658,9413061.411277847,31829797.56790766,25512.19512195122,9412719.313619778,31828857.66231687,25512.19512195122
9413109.635775724,31830312.225103647,25024.39024390244,13.118676250149614,9412815.762615534,31829886.976708833,24536.585365853658,9413157.860273603,31830826.882299628,24536.585365853658,9413403.508935917,31830737.47349846,25512.19512195122,9413061.411277847,31829797.56790766,25512.19512195122
9413451.733433794,31831252.13069444,25024.39024390244,12.871188182458207,9413157.860273603,31830826.882299628,24536.585365853658,9413499.957931671,31831766.787890423,24536.585365853658,9413745.606593985,31831677.37908925,25512.19512195122,9413403.508935917,31830737.47349846,25512.19512195122
9413793.831091864,31832192.036285233,25024.39024390244,12.757756198889195,9413499.957931671,31831766.787890423,24536.585365853658,9413842.055589741,31832706.693481214,24536.585365853658,9414087.704252055,31832617.284680042,25512.19512195122,9413745.606593985,31831677.37908925,25512.19512195122
9414135.928749932,31833131.941876024,25024.39024390244,13.781657936328031,9413842.055589741,31832706.693481214,24536.585365853658,9414184.15324781,31833646.599072006,24536.585365853658,9414429.801910127,31833557.190270837,25512.19512195122,9414087.704252055,31832617.284680042,25512.19512195122
9414478.026408002,31834071.847466823,25024.39024390244,14.021786347093524,9414184.15324781,31833646.599072006,24536.585365853658,9414526.250905879,31834586.5046628,24536.585365853658,9414771.899568195,31834497.095861632,25512.19512195122,9414429.801910127,31833557.190270837,25512.19512195122
9414820.124066072,31835011.753057618,25024.39024390244,13.090087457128746,9414526.250905879,31834586.5046628,24536.585365853658,9414868.348563949,31835526.410253596,24536.585365853658,9415113.997226262,31835437.001452424,25512.19512195122,9414771.899568195,31834497.095861632,25512.19512195122
9415162.22172414,31835951.658648405,25024.39024390244,14.979585316712104,9414868.348563949,31835526.410253596,24536.585365853658,9415210.446222018,31836466.315844387,24536.585365853658,9415456.094884334,31836376.90704322,25512.19512195122,9415113.997226262,31835437.001452424,25512.19512195122
9415504.319382211,31836891.564239204,25024.39024390244,15.615262764546596,9415210.446222018,31836466.315844387,24536.585365853658,9415552.543880086,31837406.22143518,24536.585365853658,9415798.192542402,31837316.812634014,25512.19512195122,9415456.094884334,31836376.90704322,25512.19512195122
9415846.41704028,31837831.469829995,25024.39024390244,14.08229469648959,9415552.543880086,31837406.22143518,24536.585365853658,9415894.641538156,31838346.127025977,24536.585365853658,9416140.29020047,31838256.718224805,25512.19512195122,9415798.192542402,31837316.812634014,25512.19512195122
9416188.514698347,31838771.375420786,25024.39024390244,14.577283310572092,9415894.641538156,31838346.127025977,24536.585365853658,9416236.739196226,31839286.032616768,24536.585365853658,9416482.387858542,31839196.6238156,25512.19512195122,9416140.29020047,31838256.718224805,25512.19512195122
9416530.612356419,31839711.28101158,25024.39024390244,15.280479458455465,9416236.739196226,31839286.032616768,24536.585365853658,9416578.836854294,31840225.93820756,24536.585365853658,9416824.48551661,31840136.52940639,25512.19512195122,9416482.387858542,31839196.6238156,25512.19512195122
9416872.710014489,31840651.186602373,25024.39024390244,14.018076993662325,9416578.836854294,31840225.93820756,24536.585365853658,9416920.934512364,31841165.843798354,24536.585365853658,9417166.583174678,31841076.434997182,25512.19512195122,9416824.48551661,31840136.52940639,25512.19512195122
9417214.807672555,31841591.092193164,25024.39024390244,15.068213407158332,9416920.934512364,31841165.843798354,24536.585365853658,9417263.032170434,31842105.74938915,24536.585365853658,9417508.68083275,31842016.34058798,25512.19512195122,9417166.583174678,31841076.434997182,25512.19512195122
9417556.905330626,31842530.99778396,25024.39024390244,14.990127065957823,9417263.032170434,31842105.74938915,24536.585365853658,9417605.129828501,31843045.65497994,24536.585365853658,9417850.778490817,31842956.246178772,25512.19512195122,9417508.68083275,31842016.34058798,25512.19512195122
9417899.002988696,31843470.903374758,25024.39024390244,12.38912018276235,9417605.129828501,31843045.65497994,24536.585365853658,9417947.227486571,31843985.56057074,24536.585365853658,9418192.876148887,31843896.151769567,25512.19512195122,9417850.778490817,31842956.246178772,25512.19512195122
9418241.100646764,31844410.80896555,25024.39024390244,11.419986519935195,9417947.227486571,31843985.56057074,24536.585365853658,9418289.325144641,31844925.46616153,24536.585365853658,9418534.973806957,31844836.057360362,25512.19512195122,9418192.876148887,31843896.151769567,25512.19512195122
9418583.198304832,31845350.71455634,25024.39024390244,10.29052035600964,9418289.325144641,31844925.46616153,24536.585365853658,9418631.422802709,31845865.37175232,24536.585365853658,9418877.071465025,31845775.962951154,25512.19512195122,9418534.973806957,31844836.057360362,25512.19512195122
9418925.295962904,31846290.620147135,25024.39024390244,9.465457613590049,9418631.422802709,31845865.37175232,24536.585365853658,9418973.520460779,31846805.277343117,24536.585365853658,9419219.169123095,31846715.868541945,25512.19512195122,9418877.071465025,31845775.962951154,25512.19512195122
9419267.393620972,31847230.525737926,25024.39024390244,10.197694907304568,9418973.520460779,31846805.277343117,24536.585365853658,9419315.618118849,31847745.182933908,24536.585365853658,9419561.266781164,31847655.774132736,25512.19512195122,9419219.169123095,31846715.868541945,25512.19512195122
9419609.491279041,31848170.431328718,25024.39024390244,10.073601223660994,9419315.618118849,31847745.182933908,24536.585365853658,9419657.715776917,31848685.088524703,24536.585365853658,9419903.364439232,31848595.679723535,25512.19512195122,9419561.266781164,31847655.774132736,25512.19512195122
9419951.58893711,31849110.336919516,25024.39024390244,10.238858303084841,9419657.715776917,31848685.088524703,24536.585365853658,9419999.813434986,31849624.994115498,24536.585365853658,9420245.462097302,31849535.585314326,25512.19512195122,9419903.364439232,31848595.679723535,25512.19512195122
9420293.68659518,31850050.242510304,25024.39024390244,11.227731527587919,9419999.813434986,31849624.994115498,24536.585365853658,9420341.911093056,31850564.89970629,24536.585365853658,9420587.559755372,31850475.490905117,25512.19512195122,9420245.462097302,31849535.585314326,25512.19512195122
9420635.784253249,31850990.1481011,25024.39024390244,9.337784533239684,9420341.911093056,31850564.89970629,24536.585365853658,9420684.008751124,31851504.80529708,24536.585365853658,9420929.65741344,31851415.396495916,25512.19512195122,9420587.559755372,31850475.490905117,25512.19512195122
9420977.881911319,31851930.053691898,25024.39024390244,7.441222235338561,9420684.008751124,31851504.80529708,24536.585365853658,9421026.106409196,31852444.71088788,24536.585365853658,9421271.75507151,31852355.302086707,25512.19512195122,9420929.65741344,31851415.396495916,25512.19512195122
9421319.979569387,31852869.95928269,25024.39024390244,7.966378474866367,9421026.106409196,31852444.71088788,24536.585365853658,9421368.204067266,31853384.61647867,24536.585365853658,9421613.85272958,31853295.2076775,25512.19512195122,9421271.75507151,31852355.302086707,25512.19512195122
9421662.077227456,31853809.86487348,25024.39024390244,8.250678438381422,9421368.204067266,31853384.61647867,24536.585365853658,9421710.301725332,31854324.52206946,24536.585365853658,9421955.950387647,31854235.113268293,25512.19512195122,9421613.85272958,31853295.2076775,25512.19512195122
9422004.174885526,31854749.770464275,25024.39024390244,7.328156373532141,9421710.301725332,31854324.52206946,24536.585365853658,9422052.399383403,31855264.42766026,24536.585365853658,9422298.048045717,31855175.01885909,25512.19512195122,9421955.950387647,31854235.113268293,25512.19512195122
9422346.272543594,31855689.67605507,25024.39024390244,7.21058348555331,9422052.399383403,31855264.42766026,24536.585365853658,9422394.497041473,31856204.33325105,24536.585365853658,9422640.145703787,31856114.92444988,25512.19512195122,9422298.048045717,31855175.01885909,25512.19512195122
9422688.370201664,31856629.581645858,25024.39024390244,7.101383142069314,9422394.497041473,31856204.33325105,24536.585365853658,9422736.59469954,31857144.238841843,24536.585365853658,9422982.243361855,31857054.830040675,25512.19512195122,9422640.145703787,31856114.92444988,25512.19512195122
9423030.467859734,31857569.487236656,25024.39024390244,7.383625981055961,9422736.59469954,31857144.238841843,24536.585365853658,9423078.69235761,31858084.144432638,24536.585365853658,9423324.341019925,31857994.735631466,25512.19512195122,9422982.243361855,31857054.830040675,25512.19512195122
9423372.565517802,31858509.39282745,25024.39024390244,7.533752642309665,9423078.69235761,31858084.144432638,24536.585365853658,9423420.79001568,31859024.050023433,24536.585365853658,9423666.438677995,31858934.64122226,25512.19512195122,9423324.341019925,31857994.735631466,25512.19512195122
9423714.663175872,31859449.298418242,25024.39024390244,8.386570199756436,9423420.79001568,31859024.050023433,24536.585365853658,9423762.887673747,31859963.955614224,24536.585365853658,9424008.536336062,31859874.546813056,25512.19512195122,9423666.438677995,31858934.64122226,25512.19512195122
9424056.760833941,31860389.204009037,25024.39024390244,8.922597987907059,9423762.887673747,31859963.955614224,24536.585365853658,9424104.985331818,31860903.861205015,24536.585365853658,9424350.633994132,31860814.452403847,25512.19512195122,9424008.536336062,31859874.546813056,25512.19512195122
9424398.85849201,31861329.10959983,25024.39024390244,11.15855455130829,9424104.985331818,31860903.861205015,24536.585365853658,9424447.082989888,31861843.766795814,24536.585365853658,9424692.731652202,31861754.357994642,25512.19512195122,9424350.633994132,31860814.452403847,25512.19512195122
9424740.95615008,31862269.015190624,25024.39024390244,12.051231421480903,9424447.082989888,31861843.766795814,24536.585365853658,9424789.180647956,31862783.672386605,24536.585365853658,9425034.82931027,31862694.263585437,25512.19512195122,9424692.731652202,31861754.357994642,25512.19512195122
9425083.053808149,31863208.920781415,25024.39024390244,11.496648762646032,9424789.180647956,31862783.672386605,24536.585365853658,9425131.278306026,31863723.577977397,24536.585365853658,9425376.92696834,31863634.16917623,25512.19512195122,9425034.82931027,31862694.263585437,25512.19512195122
9425425.151466217,31864148.82637221,25024.39024390244,11.388625539633257,9425131.278306026,31863723.577977397,24536.585365853658,9425473.375964094,31864663.48356819,24536.585365853658,9425719.02462641,31864574.07476702,25512.19512195122,9425376.92696834,31863634.16917623,25512.19512195122
9425767.249124287,31865088.731963005,25024.39024390244,13.34237504705082,9425473.375964094,31864663.48356819,24536.585365853658,9425815.473622164,31865603.389158987,24536.585365853658,9426061.122284478,31865513.98035782,25512.19512195122,9425719.02462641,31864574.07476702,25512.19512195122
9426109.346782357,31866028.637553796,25024.39024390244,15.761220243295234,9425815.473622164,31865603.389158987,24536.585365853658,9426157.571280234,31866543.294749778,24536.585365853658,9426403.219942547,31866453.88594861,25512.19512195122,9426061.122284478,31865513.98035782,25512.19512195122
9426451.444440424,31866968.54314459,25024.39024390244,15.357198067478889,9426157.571280234,31866543.294749778,24536.585365853658,9426499.668938302,31867483.200340573,24536.585365853658,9426745.317600617,31867393.7915394,25512.19512195122,9426403.219942547,31866453.88594861,25512.19512195122
9426793.542098494,31867908.448735382,25024.39024390244,13.905479032355592,9426499.668938302,31867483.200340573,24536.585365853658,9426841.766596371,31868423.105931368,24536.585365853658,9427087.415258685,31868333.6971302,25512.19512195122,9426745.317600617,31867393.7915394,25512.19512195122
9427135.639756564,31868848.354326177,25024.39024390244,13.496780079174451,9426841.766596371,31868423.105931368,24536.585365853658,9427183.864254441,31869363.01152216,24536.585365853658,9427429.512916755,31869273.60272099,25512.19512195122,9427087.415258685,31868333.6971302,25512.19512195122
9427477.737414632,31869788.25991697,25024.39024390244,14.293697237648491,9427183.864254441,31869363.01152216,24536.585365853658,9427525.961912509,31870302.917112954,24536.585365853658,9427771.610574825,31870213.508311782,25512.19512195122,9427429.512916755,31869273.60272099,25512.19512195122
9427819.835072702,31870728.165507764,25024.39024390244,13.210740342838925,9427525.961912509,31870302.917112954,24536.585365853658,9427868.059570579,31871242.822703745,24536.585365853658,9428113.708232893,31871153.413902577,25512.19512195122,9427771.610574825,31870213.508311782,25512.19512195122
9428161.932730772,31871668.07109856,25024.39024390244,12.956254758700295,9427868.059570579,31871242.822703745,24536.585365853658,9428210.157228649,31872182.72829454,24536.585365853658,9428455.805890964,31872093.319493372,25512.19512195122,9428113.708232893,31871153.413902577,25512.19512195122
9428504.03038884,31872607.976689354,25024.39024390244,11.642242939458832,9428210.157228649,31872182.72829454,24536.585365853658,9428552.254886717,31873122.633885335,24536.585365853658,9428797.903549032,31873033.225084163,25512.19512195122,9428455.805890964,31872093.319493372,25512.19512195122
9428846.12804691,31873547.882280145,25024.39024390244,10.15822099540237,9428552.254886717,31873122.633885335,24536.585365853658,9428894.352544786,31874062.539476126,24536.585365853658,9429140.001207102,31873973.130674955,25512.19512195122,9428797.903549032,31873033.225084163,25512.19512195122
9429188.22570498,31874487.787870936,25024.39024390244,7.783026537585783,9428894.352544786,31874062.539476126,24536.585365853658,9429236.450202856,31875002.44506692,24536.585365853658,9429482.098865172,31874913.036265753,25512.19512195122,9429140.001207102,31873973.130674955,25512.19512195122
9429530.323363047,31875427.693461735,25024.39024390244,6.8825432432786515,9429236.450202856,31875002.44506692,24536.585365853658,9429578.547860924,31875942.350657713,24536.585365853658,9429824.19652324,31875852.94185654,25512.19512195122,9429482.098865172,31874913.036265753,25512.19512195122
9429872.421021117,31876367.599052522,25024.39024390244,6.715109175646423,9429578.547860924,31875942.350657713,24536.585365853658,9429920.645518994,31876882.256248508,24536.585365853658,9430166.29418131,31876792.847447336,25512.19512195122,9429824.19652324,31875852.94185654,25512.19512195122
9430214.518679189,31877307.504643317,25024.39024390244,6.635761791880786,9429920.645518994,31876882.256248508,24536.585365853658,9430262.743177064,31877822.1618393,24536.585365853658,9430508.39183938,31877732.75303813,25512.19512195122,9430166.29418131,31876792.847447336,25512.19512195122
9430556.616337255,31878247.410234116,25024.39024390244,6.030814804144697,9430262.743177064,31877822.1618393,24536.585365853658,9430604.840835132,31878762.067430094,24536.585365853658,9430850.489497447,31878672.658628922,25512.19512195122,9430508.39183938,31877732.75303813,25512.19512195122
9430898.713995324,31879187.315824904,25024.39024390244,5.18152208195417,9430604.840835132,31878762.067430094,24536.585365853658,9430946.938493202,31879701.97302089,24536.585365853658,9431192.587155517,31879612.564219717,25512.19512195122,9430850.489497447,31878672.658628922,25512.19512195122
9431240.811653396,31880127.2214157,25024.39024390244,3.798125594139159,9430946.938493202,31879701.97302089,24536.585365853658,9431289.036151271,31880641.87861168,24536.585365853658,9431534.684813587,31880552.469810512,25512.19512195122,9431192.587155517,31879612.564219717,25512.19512195122
9431582.909311464,31881067.127006494,25024.39024390244,2.7720222023669976,9431289.036151271,31880641.87861168,24536.585365853658,9431631.13380934,31881581.784202475,24536.585365853658,9431876.782471657,31881492.375401307,25512.19512195122,9431534.684813587,31880552.469810512,25512.19512195122
9431925.006969532,31882007.03259729,25024.39024390244,2.418917420562674,9431631.13380934,31881581.784202475,24536.585365853658,9431973.231467409,31882521.689793266,24536.585365853658,9432218.880129725,31882432.280992094,25512.19512195122,9431876.782471657,31881492.375401307,25512.19512195122
9432267.104627604,31882946.938188076,25024.39024390244,2.3577450495642824,9431973.231467409,31882521.689793266,24536.585365853658,9432315.329125479,31883461.59538406,24536.585365853658,9432560.977787795,31883372.186582893,25512.19512195122,9432218.880129725,31882432.280992094,25512.19512195122
9432609.202285672,31883886.843778875,25024.39024390244,2.492579359421399,9432315.329125479,31883461.59538406,24536.585365853658,9432657.426783547,31884401.500974856,24536.585365853658,9432903.075445864,31884312.092173684,25512.19512195122,9432560.977787795,31883372.186582893,25512.19512195122
9432951.299943741,31884826.74936967,25024.39024390244,2.4115009845071245,9432657.426783547,31884401.500974856,24536.585365853658,9432999.524441617,31885341.406565648,24536.585365853658,9433245.173103932,31885251.997764476,25512.19512195122,9432903.075445864,31884312.092173684,25512.19512195122
9433293.39760181,31885766.654960457,25024.39024390244,2.2458104874767035,9432999.524441617,31885341.406565648,24536.585365853658,9433341.622099686,31886281.312156443,24536.585365853658,9433587.270762002,31886191.903355274,25512.19512195122,9433245.173103932,31885251.997764476,25512.19512195122
9433635.49525988,31886706.560551256,25024.39024390244,2.55139885938355,9433341.622099686,31886281.312156443,24536.585365853658,9433683.719757754,31887221.217747234,24536.585365853658,9433929.368420072,31887131.808946066,25512.19512195122,9433587.270762002,31886191.903355274,25512.19512195122
9433977.592917949,31887646.466142047,25024.39024390244,2.9395203102136644,9433683.719757754,31887221.217747234,24536.585365853658,9434025.817415824,31888161.12333803,24536.585365853658,9434271.46607814,31888071.714536857,25512.19512195122,9433929.368420072,31887131.808946066,25512.19512195122
9434319.690576017,31888586.37173284,25024.39024390244,2.913126830136482,9434025.817415824,31888161.12333803,24536.585365853658,9434367.915073894,31889101.02892882,24536.585365853658,9434613.56373621,31889011.62012765,25512.19512195122,9434271.46607814,31888071.714536857,25512.19512195122
9434661.788234085,31889526.277323633,25024.39024390244,2.593408077065494,9434367.915073894,31889101.02892882,24536.585365853658,9434710.012731962,31890040.934519615,24536.585365853658,9434955.66139428,31889951.525718447,25512.19512195122,9434613.56373621,31889011.62012765,25512.19512195122
9435003.885892157,31890466.18291443,25024.39024390244,2.4979229882369323,9434710.012731962,31890040.934519615,24536.585365853658,9435052.110390034,31890980.84011041,24536.585365853658,9435297.759052347,31890891.431309238,25512.19512195122,9434955.66139428,31889951.525718447,25512.19512195122
9435345.983550224,31891406.088505223,25024.39024390244,2.5366307221249387,9435052.110390034,31890980.84011041,24536.585365853658,9435394.208048102,31891920.7457012,24536.585365853658,9435639.856710417,31891831.336900033,25512.19512195122,9435297.759052347,31890891.431309238,25512.19512195122
9435688.081208294,31892345.994096015,25024.39024390244,3.0217518478140035,9435394.208048102,31891920.7457012,24536.585365853658,9435736.305706171,31892860.651291996,24536.585365853658,9435981.954368487,31892771.242490828,25512.19512195122,9435639.856710417,31891831.336900033,25512.19512195122
9436030.178866364,31893285.89968681,25024.39024390244,3.651628262401138,9435736.305706171,31892860.651291996,24536.585365853658,9436078.403364241,31893800.55688279,24536.585365853658,9436324.052026555,31893711.14808162,25512.19512195122,9435981.954368487,31892771.242490828,25512.19512195122
9436372.276524432,31894225.8052776,25024.39024390244,3.7217510112500736,9436078.403364241,31893800.55688279,24536.585365853658,9436420.501022309,31894740.462473582,24536.585365853658,9436666.149684625,31894651.053672414,25512.19512195122,9436324.052026555,31893711.14808162,25512.19512195122
9436714.374182502,31895165.710868392,25024.39024390244,3.6317420105077423,9436420.501022309,31894740.462473582,24536.585365853658,9436762.598680379,31895680.368064374,24536.585365853658,9437008.247342695,31895590.959263206,25512.19512195122,9436666.149684625,31894651.053672414,25512.19512195122
9437056.471840572,31896105.616459187,25024.39024390244,3.4615552350035297,9436762.598680379,31895680.368064374,24536.585365853658,9437104.696338449,31896620.273655172,24536.585365853658,9437350.345000762,31896530.864854,25512.19512195122,9437008.247342695,31895590.959263206,25512.19512195122
9437398.56949864,31897045.522049982,25024.39024390244,3.6364273690585485,9437104.696338449,31896620.273655172,24536.585365853658,9437446.793996517,31897560.179245964,24536.585365853658,9437692.442658832,31897470.770444795,25512.19512195122,9437350.345000762,31896530.864854,25512.19512195122
9437740.66715671,31897985.427640777,25024.39024390244,3.8051281760228703,9437446.793996517,31897560.179245964,24536.585365853658,9437788.891654586,31898500.084836755,24536.585365853658,9438034.540316902,31898410.676035587,25512.19512195122,9437692.442658832,31897470.770444795,25512.19512195122
9438082.76481478,31898925.33323157,25024.39024390244,4.113609444998019,9437788.891654586,31898500.084836755,24536.585365853658,9438130.989312656,31899439.990427554,24536.585365853658,9438376.63797497,31899350.58162638,25512.19512195122,9438034.540316902,31898410.676035587,25512.19512195122
9438424.862472847,31899865.238822363,25024.39024390244,4.342022799919015,9438130.989312656,31899439.990427554,24536.585365853658,9438473.086970726,31900379.896018345,24536.585365853658,9438718.73563304,31900290.487217173,25512.19512195122,9438376.63797497,31899350.58162638,25512.19512195122
9438766.960130917,31900805.144413155,25024.39024390244,3.7003054025500854,9438473.086970726,31900379.896018345,24536.585365853658,9438815.184628794,31901319.801609136,24536.585365853658,9439060.83329111,31901230.392807968,25512.19512195122,9438718.73563304,31900290.487217173,25512.19512195122
9439109.057788987,31901745.05000395,25024.39024390244,3.3580677018947744,9438815.184628794,31901319.801609136,24536.585365853658,9439157.282286864,31902259.70719993,24536.585365853658,9439402.930949178,31902170.29839876,25512.19512195122,9439060.83329111,31901230.392807968,25512.19512195122
9439451.155447055,31902684.95559474,25024.39024390244,3.24241389503488,9439157.282286864,31902259.70719993,24536.585365853658,9439499.379944934,31903199.612790726,24536.585365853658,9439745.028607247,31903110.203989554,25512.19512195122,9439402.930949178,31902170.29839876,25512.19512195122
9439793.253105124,31903624.861185536,25024.39024390244,2.6907846143248517,9439499.379944934,31903199.612790726,24536.585365853658,9439841.477603002,31904139.518381517,24536.585365853658,9440087.126265317,31904050.10958035,25512.19512195122,9439745.028607247,31903110.203989554,25512.19512195122
9440135.350763194,31904564.766776334,25024.39024390244,2.5757941333566197,9439841.477603002,31904139.518381517,24536.585365853658,9440183.575261071,31905079.423972312,24536.585365853658,9440429.223923385,31904990.01517114,25512.19512195122,9440087.126265317,31904050.10958035,25512.19512195122
9440477.448421262,31905504.672367122,25024.39024390244,2.0965734123729347,9440183.575261071,31905079.423972312,24536.585365853658,9440525.672919141,31906019.329563104,24536.585365853658,9440771.321581455,31905929.92076193,25512.19512195122,9440429.223923385,31904990.01517114,25512.19512195122
9440819.546079332,31906444.577957917,25024.39024390244,1.7349231192874452,9440525.672919141,31906019.329563104,24536.585365853658,9440867.77057721,31906959.2351539,24536.585365853658,9441113.419239525,31906869.82635273,25512.19512195122,9440771.321581455,31905929.92076193,25512.19512195122
9441161.643737402,31907384.483548712,25024.39024390244,1.6006780879114848,9440867.77057721,31906959.2351539,24536.585365853658,9441209.868235279,31907899.140744694,24536.585365853658,9441455.516897593,31907809.73194352,25512.19512195122,9441113.419239525,31906869.82635273,25512.19512195122
9441503.74139547,31908324.389139503,25024.39024390244,1.6334108374577547,9441209.868235279,31907899.140744694,24536.585365853658,9441551.965893349,31908839.046335485,24536.585365853658,9441797.614555662,31908749.637534313,25512.19512195122,9441455.516897593,31907809.73194352,25512.19512195122
9441845.83905354,31909264.294730294,25024.39024390244,1.222274316874509,9441551.965893349,31908839.046335485,24536.585365853658,9441894.063551417,31909778.95192628,24536.585365853658,9442139.712213732,31909689.54312511,25512.19512195122,9441797.614555662,31908749.637534313,25512.19512195122
9442187.936711611,31910204.200321093,25024.39024390244,1.2196752963486515,9441894.063551417,31909778.95192628,24536.585365853658,9442236.161209486,31910718.857517075,24536.585365853658,9442481.8098718,31910629.448715903,25512.19512195122,9442139.712213732,31909689.54312511,25512.19512195122
9442530.034369677,31911144.10591189,25024.39024390244,0.9828187362853056,9442236.161209486,31910718.857517075,24536.585365853658,9442578.258867556,31911658.763107866,24536.585365853658,9442823.907529872,31911569.354306694,25512.19512195122,9442481.8098718,31910629.448715903,25512.19512195122
9442872.132027749,31912084.011502676,25024.39024390244,0.7383347274599217,9442578.258867556,31911658.763107866,24536.585365853658,9442920.356525624,31912598.668698657,24536.585365853658,9443166.00518794,31912509.25989749,25512.19512195122,9442823.907529872,31911569.354306694,25512.19512195122
9443214.229685817,31913023.917093467,25024.39024390244,0.7428553532338399,9442920.356525624,31912598.668698657,24536.585365853658,9443262.454183694,31913538.574289452,24536.585365853658,9443508.102846008,31913449.16548828,25512.19512195122,9443166.00518794,31912509.25989749,25512.19512195122
9443556.327343885,31913963.822684262,25024.39024390244,0.7746120730192618,9443262.454183694,31913538.574289452,24536.585365853658,9443604.551841764,31914478.479880247,24536.585365853658,9443850.20050408,31914389.071079075,25512.19512195122,9443508.102846008,31913449.16548828,25512.19512195122
9443898.425001955,31914903.728275057,25024.39024390244,0.7447318233685624,9443604.551841764,31914478.479880247,24536.585365853658,9443946.649499832,31915418.38547104,24536.585365853658,9444192.298162147,31915328.97666987,25512.19512195122,9443850.20050408,31914389.071079075,25512.19512195122
9444240.522660026,31915843.633865852,25024.39024390244,0.6314793751122362,9443946.649499832,31915418.38547104,24536.585365853658,9444288.747157902,31916358.291061834,24536.585365853658,9444534.395820217,31916268.882260665,25512.19512195122,9444192.298162147,31915328.97666987,25512.19512195122
9444582.620318094,31916783.539456647,25024.39024390244,0.9909128577983066,9444288.747157902,31916358.291061834,24536.585365853658,9444630.844815971,31917298.19665263,24536.585365853658,9444876.493478287,31917208.787851457,25512.19512195122,9444534.395820217,31916268.882260665,25512.19512195122
9444924.717976164,31917723.445047442,25024.39024390244,1.1033392411854062,9444630.844815971,31917298.19665263,24536.585365853658,9444972.94247404,31918238.10224342,24536.585365853658,9445218.591136355,31918148.69344225,25512.19512195122,9444876.493478287,31917208.787851457,25512.19512195122
9445266.815634232,31918663.350638233,25024.39024390244,0.8641091240050327,9444972.94247404,31918238.10224342,24536.585365853658,9445315.04013211,31919178.00783421,24536.585365853658,9445560.688794425,31919088.599033043,25512.19512195122,9445218.591136355,31918148.69344225,25512.19512195122
9445608.913292302,31919603.25622902,25024.39024390244,0.8593458046221132,9445315.04013211,31919178.00783421,24536.585365853658,9445657.137790179,31920117.913425006,24536.585365853658,9445902.786452495,31920028.504623834,25512.19512195122,9445560.688794425,31919088.599033043,25512.19512195122
9445951.010950372,31920543.161819816,25024.39024390244,0.8866976677543644,9445657.137790179,31920117.913425006,24536.585365853658,9445999.235448247,31921057.8190158,24536.585365853658,9446244.884110563,31920968.410214633,25512.19512195122,9445902.786452495,31920028.504623834,25512.19512195122
9446293.108608441,31921483.06741061,25024.39024390244,1.0415379144423902,9445999.235448247,31921057.8190158,24536.585365853658,9446341.333106317,31921997.724606592,24536.585365853658,9446586.981768632,31921908.315805424,25512.19512195122,9446244.884110563,31920968.410214633,25512.19512195122
9446635.206266508,31922422.973001406,25024.39024390244,0.7364908681809035,9446341.333106317,31921997.724606592,24536.585365853658,9446683.430764386,31922937.630197387,24536.585365853658,9446929.079426702,31922848.221396215,25512.19512195122,9446586.981768632,31921908.315805424,25512.19512195122
9446977.30392458,31923362.8785922,25024.39024390244,0.47167212371699063,9446683.430764386,31922937.630197387,24536.585365853658,9447025.528422454,31923877.535788182,24536.585365853658,9447271.17708477,31923788.126987014,25512.19512195122,9446929.079426702,31922848.221396215,25512.19512195122
9447319.401582649,31924302.784182996,25024.39024390244,0.30295637416895677,9447025.528422454,31923877.535788182,24536.585365853658,9447367.626080524,31924817.441378973,24536.585365853658,9447613.27474284,31924728.032577805,25512.19512195122,9447271.17708477,31923788.126987014,25512.19512195122
9406513.331276655,31811424.704486605,26000.0,5.225603939992553,9406219.458116464,31810999.456091795,25512.19512195122,9406561.555774532,31811939.361682586,25512.19512195122,9406807.204436848,31811849.95288142,26487.80487804878,9406465.106778778,31810910.047290623,26487.80487804878
9406855.428934725,31812364.6100774,26000.0,5.995585286214467,9406561.555774532,31811939.361682586,25512.19512195122,9406903.653432602,31812879.26727338,25512.19512195122,9407149.302094916,31812789.85847221,26487.80487804878,9406807.204436848,31811849.95288142,26487.80487804878
9407197.526592795,31813304.51566819,26000.0,6.684903494244934,9406903.653432602,31812879.26727338,25512.19512195122,9407245.751090672,31813819.172864176,25512.19512195122,9407491.399752986,31813729.764063004,26487.80487804878,9407149.302094916,31812789.85847221,26487.80487804878
9407539.624250863,31814244.421258986,26000.0,7.060090213823055,9407245.751090672,31813819.172864176,25512.19512195122,9407587.84874874,31814759.078454968,25512.19512195122,9407833.497411055,31814669.6696538,26487.80487804878,9407491.399752986,31813729.764063004,26487.80487804878
9407881.721908933,31815184.326849785,26000.0,7.655636748728229,9407587.84874874,31814759.078454968,25512.19512195122,9407929.94640681,31815698.984045763,25512.19512195122,9408175.595069125,31815609.57524459,26487.80487804878,9407833.497411055,31814669.6696538,26487.80487804878
9408223.819567002,31816124.232440572,26000.0,8.437123293440191,9407929.94640681,31815698.984045763,25512.19512195122,9408272.04406488,31816638.889636554,25512.19512195122,9408517.692727193,31816549.480835382,26487.80487804878,9408175.595069125,31815609.57524459,26487.80487804878
9408565.91722507,31817064.138031367,26000.0,9.406305357817038,9408272.04406488,31816638.889636554,25512.19512195122,9408614.141722947,31817578.79522735,25512.19512195122,9408859.790385265,31817489.38642618,26487.80487804878,9408517.692727193,31816549.480835382,26487.80487804878
9408908.01488314,31818004.043622162,26000.0,10.027804483001649,9408614.141722947,31817578.79522735,25512.19512195122,9408956.239381017,31818518.700818144,25512.19512195122,9409201.888043333,31818429.29201697,26487.80487804878,9408859.790385265,31817489.38642618,26487.80487804878
9409250.11254121,31818943.949212953,26000.0,10.423385668936117,9408956.239381017,31818518.700818144,25512.19512195122,9409298.337039087,31819458.606408935,25512.19512195122,9409543.9857014,31819369.197607763,26487.80487804878,9409201.888043333,31818429.29201697,26487.80487804878
9409592.210199278,31819883.854803745,26000.0,11.625804412482402,9409298.337039087,31819458.606408935,25512.19512195122,9409640.434697155,31820398.51199973,25512.19512195122,9409886.083359472,31820309.10319856,26487.80487804878,9409543.9857014,31819369.197607763,26487.80487804878
9409934.30785735,31820823.760394543,26000.0,11.751549124227658,9409640.434697155,31820398.51199973,25512.19512195122,9409982.532355225,31821338.41759052,25512.19512195122,9410228.18101754,31821249.008789353,26487.80487804878,9409886.083359472,31820309.10319856,26487.80487804878
9410276.405515417,31821763.66598534,26000.0,12.310135820486328,9409982.532355225,31821338.41759052,25512.19512195122,9410324.630013295,31822278.323181316,25512.19512195122,9410570.278675608,31822188.914380144,26487.80487804878,9410228.18101754,31821249.008789353,26487.80487804878
9410618.503173485,31822703.571576126,26000.0,11.556333523585687,9410324.630013295,31822278.323181316,25512.19512195122,9410666.727671362,31823218.228772108,25512.19512195122,9410912.37633368,31823128.81997094,26487.80487804878,9410570.278675608,31822188.914380144,26487.80487804878
9410960.600831557,31823643.477166925,26000.0,11.390105927596775,9410666.727671362,31823218.228772108,25512.19512195122,9411008.825329432,31824158.134362902,25512.19512195122,9411254.473991748,31824068.725561734,26487.80487804878,9410912.37633368,31823128.81997094,26487.80487804878
9411302.698489627,31824583.382757716,26000.0,10.138300623800582,9411008.825329432,31824158.134362902,25512.19512195122,9411350.922987502,31825098.039953697,25512.19512195122,9411596.571649818,31825008.631152526,26487.80487804878,9411254.473991748,31824068.725561734,26487.80487804878
9411644.796147693,31825523.288348507,26000.0,10.180895814385908,9411350.922987502,31825098.039953697,25512.19512195122,9411693.02064557,31826037.94554449,25512.19512195122,9411938.669307888,31825948.53674332,26487.80487804878,9411596.571649818,31825008.631152526,26487.80487804878
9411986.893805765,31826463.1939393,26000.0,9.8919943360287,9411693.02064557,31826037.94554449,25512.19512195122,9412035.11830364,31826977.851135284,25512.19512195122,9412280.766965955,31826888.442334116,26487.80487804878,9411938.669307888,31825948.53674332,26487.80487804878
9412328.991463834,31827403.099530097,26000.0,9.272055740138235,9412035.11830364,31826977.851135284,25512.19512195122,9412377.21596171,31827917.75672608,25512.19512195122,9412622.864624025,31827828.347924907,26487.80487804878,9412280.766965955,31826888.442334116,26487.80487804878
9412671.089121902,31828343.005120892,26000.0,8.772707749516325,9412377.21596171,31827917.75672608,25512.19512195122,9412719.313619778,31828857.66231687,25512.19512195122,9412964.962282095,31828768.2535157,26487.80487804878,9412622.864624025,31827828.347924907,26487.80487804878
9413013.18677997,31829282.91071168,26000.0,9.202850696036167,9412719.313619778,31828857.66231687,25512.19512195122,9413061.411277847,31829797.56790766,25512.19512195122,9413307.059940163,31829708.159106493,26487.80487804878,9412964.962282095,31828768.2535157,26487.80487804878
9413355.284438042,31830222.81630248,26000.0,11.345997039022436,9413061.411277847,31829797.56790766,25512.19512195122,9413403.508935917,31830737.47349846,25512.19512195122,9413649.157598233,31830648.064697288,26487.80487804878,9413307.059940163,31829708.159106493,26487.80487804878
9413697.38209611,31831162.72189327,26000.0,12.956416374781677,9413403.508935917,31830737.47349846,25512.19512195122,9413745.606593985,31831677.37908925,25512.19512195122,9413991.255256303,31831587.970288083,26487.80487804878,9413649.157598233,31830648.064697288,26487.80487804878
9414039.47975418,31832102.62748406,26000.0,13.801688791726173,9413745.606593985,31831677.37908925,25512.19512195122,9414087.704252055,31832617.284680042,25512.19512195122,9414333.35291437,31832527.875878874,26487.80487804878,9413991.255256303,31831587.970288083,26487.80487804878
9414381.577412248,31833042.533074856,26000.0,14.398908273138515,9414087.704252055,31832617.284680042,25512.19512195122,9414429.801910127,31833557.190270837,25512.19512195122,9414675.45057244,31833467.781469665,26487.80487804878,9414333.35291437,31832527.875878874,26487.80487804878
9414723.675070317,31833982.43866565,26000.0,14.688023688113903,9414429.801910127,31833557.190270837,25512.19512195122,9414771.899568195,31834497.095861632,25512.19512195122,9415017.54823051,31834407.68706046,26487.80487804878,9414675.45057244,31833467.781469665,26487.80487804878
9415065.772728387,31834922.344256446,26000.0,15.72016866806298,9414771.899568195,31834497.095861632,25512.19512195122,9415113.997226262,31835437.001452424,25512.19512195122,9415359.645888578,31835347.592651255,26487.80487804878,9415017.54823051,31834407.68706046,26487.80487804878
9415407.870386455,31835862.249847237,26000.0,17.500225582938395,9415113.997226262,31835437.001452424,25512.19512195122,9415456.094884334,31836376.90704322,25512.19512195122,9415701.743546648,31836287.498242047,26487.80487804878,9415359.645888578,31835347.592651255,26487.80487804878
9415749.968044525,31836802.155438032,26000.0,18.434149205861996,9415456.094884334,31836376.90704322,25512.19512195122,9415798.192542402,31837316.812634014,25512.19512195122,9416043.841204718,31837227.40383284,26487.80487804878,9415701.743546648,31836287.498242047,26487.80487804878
9416092.065702595,31837742.061028823,26000.0,19.257256445749995,9415798.192542402,31837316.812634014,25512.19512195122,9416140.29020047,31838256.718224805,25512.19512195122,9416385.938862786,31838167.309423637,26487.80487804878,9416043.841204718,31837227.40383284,26487.80487804878
9416434.163360663,31838681.96661962,26000.0,18.573342719776285,9416140.29020047,31838256.718224805,25512.19512195122,9416482.387858542,31839196.6238156,25512.19512195122,9416728.036520856,31839107.215014428,26487.80487804878,9416385.938862786,31838167.309423637,26487.80487804878
9416776.261018733,31839621.87221041,26000.0,17.725415973000445,9416482.387858542,31839196.6238156,25512.19512195122,9416824.48551661,31840136.52940639,25512.19512195122,9417070.134178925,31840047.12060522,26487.80487804878,9416728.036520856,31839107.215014428,26487.80487804878
9417118.358676802,31840561.7778012,26000.0,16.386762499590656,9416824.48551661,31840136.52940639,25512.19512195122,9417166.583174678,31841076.434997182,25512.19512195122,9417412.231836993,31840987.026196014,26487.80487804878,9417070.134178925,31840047.12060522,26487.80487804878
9417460.45633487,31841501.683391996,26000.0,16.35232097635264,9417166.583174678,31841076.434997182,25512.19512195122,9417508.68083275,31842016.34058798,25512.19512195122,9417754.329495063,31841926.93178681,26487.80487804878,9417412.231836993,31840987.026196014,26487.80487804878
9417802.55399294,31842441.58898279,26000.0,14.473036610394768,9417508.68083275,31842016.34058798,25512.19512195122,9417850.778490817,31842956.246178772,25512.19512195122,9418096.427153133,31842866.8373776,26487.80487804878,9417754.329495063,31841926.93178681,26487.80487804878
9418144.65165101,31843381.494573586,26000.0,11.860780691348513,9417850.778490817,31842956.246178772,25512.19512195122,9418192.876148887,31843896.151769567,25512.19512195122,9418438.5248112,31843806.7429684,26487.80487804878,9418096.427153133,31842866.8373776,26487.80487804878
9418486.749309078,31844321.40016438,26000.0,11.334924079053799,9418192.876148887,31843896.151769567,25512.19512195122,9418534.973806957,31844836.057360362,25512.19512195122,9418780.62246927,31844746.64855919,26487.80487804878,9418438.5248112,31843806.7429684,26487.80487804878
9418828.846967148,31845261.305755172,26000.0,10.043717861118921,9418534.973806957,31844836.057360362,25512.19512195122,9418877.071465025,31845775.962951154,25512.19512195122,9419122.72012734,31845686.55414998,26487.80487804878,9418780.62246927,31844746.64855919,26487.80487804878
9419170.944625217,31846201.211345963,26000.0,9.69632360038779,9418877.071465025,31845775.962951154,25512.19512195122,9419219.169123095,31846715.868541945,25512.19512195122,9419464.817785408,31846626.459740777,26487.80487804878,9419122.72012734,31845686.55414998,26487.80487804878
9419513.042283285,31847141.11693676,26000.0,11.150367903123856,9419219.169123095,31846715.868541945,25512.19512195122,9419561.266781164,31847655.774132736,25512.19512195122,9419806.915443478,31847566.365331568,26487.80487804878,9419464.817785408,31846626.459740777,26487.80487804878
9419855.139941355,31848081.02252755,26000.0,10.337909613591165,9419561.266781164,31847655.774132736,25512.19512195122,9419903.364439232,31848595.679723535,25512.19512195122,9420149.013101548,31848506.270922363,26487.80487804878,9419806.915443478,31847566.365331568,26487.80487804878
9420197.237599425,31849020.928118344,26000.0,10.478603076613485,9419903.364439232,31848595.679723535,25512.19512195122,9420245.462097302,31849535.585314326,25512.19512195122,9420491.110759616,31849446.176513158,26487.80487804878,9420149.013101548,31848506.270922363,26487.80487804878
9420539.335257493,31849960.833709136,26000.0,10.15552230554903,9420245.462097302,31849535.585314326,25512.19512195122,9420587.559755372,31850475.490905117,25512.19512195122,9420833.208417686,31850386.08210395,26487.80487804878,9420491.110759616,31849446.176513158,26487.80487804878
9420881.432915563,31850900.73929993,26000.0,8.43061373728871,9420587.559755372,31850475.490905117,25512.19512195122,9420929.65741344,31851415.396495916,25512.19512195122,9421175.306075756,31851325.987694744,26487.80487804878,9420833.208417686,31850386.08210395,26487.80487804878
9421223.530573633,31851840.644890726,26000.0,7.607016540001062,9420929.65741344,31851415.396495916,25512.19512195122,9421271.75507151,31852355.302086707,25512.19512195122,9421517.403733823,31852265.89328554,26487.80487804878,9421175.306075756,31851325.987694744,26487.80487804878
9421565.6282317,31852780.55048152,26000.0,6.8747742737951,9421271.75507151,31852355.302086707,25512.19512195122,9421613.85272958,31853295.2076775,25512.19512195122,9421859.501391895,31853205.79887633,26487.80487804878,9421517.403733823,31852265.89328554,26487.80487804878
9421907.725889772,31853720.45607231,26000.0,6.329801424003696,9421613.85272958,31853295.2076775,25512.19512195122,9421955.950387647,31854235.113268293,25512.19512195122,9422201.599049963,31854145.70446712,26487.80487804878,9421859.501391895,31853205.79887633,26487.80487804878
9422249.82354784,31854660.361663103,26000.0,6.401215066434286,9421955.950387647,31854235.113268293,25512.19512195122,9422298.048045717,31855175.01885909,25512.19512195122,9422543.696708033,31855085.61005792,26487.80487804878,9422201.599049963,31854145.70446712,26487.80487804878
9422591.92120591,31855600.267253898,26000.0,6.232947758671042,9422298.048045717,31855175.01885909,25512.19512195122,9422640.145703787,31856114.92444988,25512.19512195122,9422885.794366103,31856025.51564871,26487.80487804878,9422543.696708033,31855085.61005792,26487.80487804878
9422934.018863978,31856540.17284469,26000.0,6.835623702701236,9422640.145703787,31856114.92444988,25512.19512195122,9422982.243361855,31857054.830040675,25512.19512195122,9423227.89202417,31856965.421239503,26487.80487804878,9422885.794366103,31856025.51564871,26487.80487804878
9423276.116522048,31857480.078435484,26000.0,7.359585806690742,9422982.243361855,31857054.830040675,25512.19512195122,9423324.341019925,31857994.735631466,25512.19512195122,9423569.98968224,31857905.326830298,26487.80487804878,9423227.89202417,31856965.421239503,26487.80487804878
9423618.214180116,31858419.98402628,26000.0,7.717416503298385,9423324.341019925,31857994.735631466,25512.19512195122,9423666.438677995,31858934.64122226,25512.19512195122,9423912.08734031,31858845.232421093,26487.80487804878,9423569.98968224,31857905.326830298,26487.80487804878
9423960.311838185,31859359.889617074,26000.0,8.190961312462715,9423666.438677995,31858934.64122226,25512.19512195122,9424008.536336062,31859874.546813056,25512.19512195122,9424254.184998378,31859785.138011884,26487.80487804878,9423912.08734031,31858845.232421093,26487.80487804878
9424302.409496255,31860299.795207866,26000.0,9.000819956713656,9424008.536336062,31859874.546813056,25512.19512195122,9424350.633994132,31860814.452403847,25512.19512195122,9424596.282656448,31860725.043602675,26487.80487804878,9424254.184998378,31859785.138011884,26487.80487804878
9424644.507154325,31861239.700798657,26000.0,10.339276823173916,9424350.633994132,31860814.452403847,25512.19512195122,9424692.731652202,31861754.357994642,25512.19512195122,9424938.380314518,31861664.949193474,26487.80487804878,9424596.282656448,31860725.043602675,26487.80487804878
9424986.604812393,31862179.606389455,26000.0,10.949336566060447,9424692.731652202,31861754.357994642,25512.19512195122,9425034.82931027,31862694.263585437,25512.19512195122,9425280.477972586,31862604.854784265,26487.80487804878,9424938.380314518,31861664.949193474,26487.80487804878
9425328.702470465,31863119.511980243,26000.0,12.346857540925493,9425034.82931027,31862694.263585437,25512.19512195122,9425376.92696834,31863634.16917623,25512.19512195122,9425622.575630656,31863544.760375056,26487.80487804878,9425280.477972586,31862604.854784265,26487.80487804878
9425670.800128533,31864059.417571038,26000.0,14.109162707027723,9425376.92696834,31863634.16917623,25512.19512195122,9425719.02462641,31864574.07476702,25512.19512195122,9425964.673288725,31864484.66596585,26487.80487804878,9425622.575630656,31863544.760375056,26487.80487804878
9426012.897786602,31864999.323161837,26000.0,15.62125246762486,9425719.02462641,31864574.07476702,25512.19512195122,9426061.122284478,31865513.98035782,25512.19512195122,9426306.770946793,31865424.571556646,26487.80487804878,9425964.673288725,31864484.66596585,26487.80487804878
9426354.99544467,31865939.228752628,26000.0,17.231364506177734,9426061.122284478,31865513.98035782,25512.19512195122,9426403.219942547,31866453.88594861,25512.19512195122,9426648.868604863,31866364.477147438,26487.80487804878,9426306.770946793,31865424.571556646,26487.80487804878
9426697.09310274,31866879.13434342,26000.0,17.435217569667888,9426403.219942547,31866453.88594861,25512.19512195122,9426745.317600617,31867393.7915394,25512.19512195122,9426990.966262933,31867304.382738233,26487.80487804878,9426648.868604863,31866364.477147438,26487.80487804878
9427039.19076081,31867819.039934214,26000.0,17.022721482424696,9426745.317600617,31867393.7915394,25512.19512195122,9427087.415258685,31868333.6971302,25512.19512195122,9427333.063921,31868244.288329028,26487.80487804878,9426990.966262933,31867304.382738233,26487.80487804878
9427381.28841888,31868758.94552501,26000.0,17.16090632405277,9427087.415258685,31868333.6971302,25512.19512195122,9427429.512916755,31869273.60272099,25512.19512195122,9427675.16157907,31869184.19391982,26487.80487804878,9427333.063921,31868244.288329028,26487.80487804878
9427723.386076946,31869698.851115797,26000.0,16.65595500060763,9427429.512916755,31869273.60272099,25512.19512195122,9427771.610574825,31870213.508311782,25512.19512195122,9428017.25923714,31870124.099510614,26487.80487804878,9427675.16157907,31869184.19391982,26487.80487804878
9428065.483735017,31870638.756706595,26000.0,12.461127962915358,9427771.610574825,31870213.508311782,25512.19512195122,9428113.708232893,31871153.413902577,25512.19512195122,9428359.356895208,31871064.005101405,26487.80487804878,9428017.25923714,31870124.099510614,26487.80487804878
9428407.581393087,31871578.66229739,26000.0,11.888545705615051,9428113.708232893,31871153.413902577,25512.19512195122,9428455.805890964,31872093.319493372,25512.19512195122,9428701.454553278,31872003.9106922,26487.80487804878,9428359.356895208,31871064.005101405,26487.80487804878
9428749.679051155,31872518.56788818,26000.0,12.297353914696489,9428455.805890964,31872093.319493372,25512.19512195122,9428797.903549032,31873033.225084163,25512.19512195122,9429043.552211348,31872943.816282995,26487.80487804878,9428701.454553278,31872003.9106922,26487.80487804878
9429091.776709225,31873458.473478977,26000.0,11.686707222123218,9428797.903549032,31873033.225084163,25512.19512195122,9429140.001207102,31873973.130674955,25512.19512195122,9429385.649869416,31873883.721873786,26487.80487804878,9429043.552211348,31872943.816282995,26487.80487804878
9429433.874367295,31874398.379069768,26000.0,8.922705659300785,9429140.001207102,31873973.130674955,25512.19512195122,9429482.098865172,31874913.036265753,25512.19512195122,9429727.747527486,31874823.62746458,26487.80487804878,9429385.649869416,31873883.721873786,26487.80487804878
9429775.972025363,31875338.284660563,26000.0,7.575782023519594,9429482.098865172,31874913.036265753,25512.19512195122,9429824.19652324,31875852.94185654,25512.19512195122,9430069.845185556,31875763.533055376,26487.80487804878,9429727.747527486,31874823.62746458,26487.80487804878
9430118.069683433,31876278.190251354,26000.0,7.108781377445042,9429824.19652324,31875852.94185654,25512.19512195122,9430166.29418131,31876792.847447336,25512.19512195122,9430411.942843623,31876703.438646168,26487.80487804878,9430069.845185556,31875763.533055376,26487.80487804878
9430460.167341502,31877218.09584215,26000.0,6.238578484478436,9430166.29418131,31876792.847447336,25512.19512195122,9430508.39183938,31877732.75303813,25512.19512195122,9430754.040501693,31877643.34423696,26487.80487804878,9430411.942843623,31876703.438646168,26487.80487804878
9430802.26499957,31878158.001432944,26000.0,5.442024730269741,9430508.39183938,31877732.75303813,25512.19512195122,9430850.489497447,31878672.658628922,25512.19512195122,9431096.138159763,31878583.249827754,26487.80487804878,9430754.040501693,31877643.34423696,26487.80487804878
9431144.36265764,31879097.907023735,26000.0,4.102844735769445,9430850.489497447,31878672.658628922,25512.19512195122,9431192.587155517,31879612.564219717,25512.19512195122,9431438.235817831,31879523.15541855,26487.80487804878,9431096.138159763,31878583.249827754,26487.80487804878
9431486.46031571,31880037.81261453,26000.0,2.939063734124379,9431192.587155517,31879612.564219717,25512.19512195122,9431534.684813587,31880552.469810512,25512.19512195122,9431780.3334759,31880463.06100934,26487.80487804878,9431438.235817831,31879523.15541855,26487.80487804878
9431828.557973778,31880977.71820532,26000.0,2.458087012983249,9431534.684813587,31880552.469810512,25512.19512195122,9431876.782471657,31881492.375401307,25512.19512195122,9432122.43113397,31881402.96660014,26487.80487804878,9431780.3334759,31880463.06100934,26487.80487804878
9432170.655631848,31881917.623796117,26000.0,1.8829145568720422,9431876.782471657,31881492.375401307,25512.19512195122,9432218.880129725,31882432.280992094,25512.19512195122,9432464.528792039,31882342.872190926,26487.80487804878,9432122.43113397,31881402.96660014,26487.80487804878
9432512.753289917,31882857.529386908,26000.0,2.0905045877533213,9432218.880129725,31882432.280992094,25512.19512195122,9432560.977787795,31883372.186582893,25512.19512195122,9432806.626450108,31883282.77778172,26487.80487804878,9432464.528792039,31882342.872190926,26487.80487804878
9432854.850947985,31883797.434977703,26000.0,2.299645666530794,9432560.977787795,31883372.186582893,25512.19512195122,9432903.075445864,31884312.092173684,25512.19512195122,9433148.724108178,31884222.683372516,26487.80487804878,9432806.626450108,31883282.77778172,26487.80487804878
9433196.948606055,31884737.340568498,26000.0,2.7383958265244965,9432903.075445864,31884312.092173684,25512.19512195122,9433245.173103932,31885251.997764476,25512.19512195122,9433490.821766246,31885162.588963307,26487.80487804878,9433148.724108178,31884222.683372516,26487.80487804878
9433539.046264125,31885677.24615929,26000.0,2.8241541531920613,9433245.173103932,31885251.997764476,25512.19512195122,9433587.270762002,31886191.903355274,25512.19512195122,9433832.919424316,31886102.494554102,26487.80487804878,9433490.821766246,31885162.588963307,26487.80487804878
9433881.143922193,31886617.151750084,26000.0,2.7260002692031624,9433587.270762002,31886191.903355274,25512.19512195122,9433929.368420072,31887131.808946066,25512.19512195122,9434175.017082386,31887042.400144894,26487.80487804878,9433832.919424316,31886102.494554102,26487.80487804878
9434223.241580263,31887557.057340875,26000.0,2.661218921578286,9433929.368420072,31887131.808946066,25512.19512195122,9434271.46607814,31888071.714536857,25512.19512195122,9434517.114740454,31887982.30573569,26487.80487804878,9434175.017082386,31887042.400144894,26487.80487804878
9434565.339238333,31888496.96293167,26000.0,2.952536210764519,9434271.46607814,31888071.714536857,25512.19512195122,9434613.56373621,31889011.62012765,25512.19512195122,9434859.212398523,31888922.21132648,26487.80487804878,9434517.114740454,31887982.30573569,26487.80487804878
9434907.4368964,31889436.86852246,26000.0,3.3088088610195943,9434613.56373621,31889011.62012765,25512.19512195122,9434955.66139428,31889951.525718447,25512.19512195122,9435201.310056593,31889862.116917275,26487.80487804878,9434859.212398523,31888922.21132648,26487.80487804878
9435249.53455447,31890376.774113256,26000.0,3.763483205161785,9434955.66139428,31889951.525718447,25512.19512195122,9435297.759052347,31890891.431309238,25512.19512195122,9435543.407714663,31890802.02250807,26487.80487804878,9435201.310056593,31889862.116917275,26487.80487804878
9435591.63221254,31891316.679704055,26000.0,3.8906685654531703,9435297.759052347,31890891.431309238,25512.19512195122,9435639.856710417,31891831.336900033,25512.19512195122,9435885.505372731,31891741.92809886,26487.80487804878,9435543.407714663,31890802.02250807,26487.80487804878
9435933.729870608,31892256.585294843,26000.0,3.851869014895496,9435639.856710417,31891831.336900033,25512.19512195122,9435981.954368487,31892771.242490828,25512.19512195122,9436227.603030803,31892681.833689656,26487.80487804878,9435885.505372731,31891741.92809886,26487.80487804878
9436275.82752868,31893196.490885638,26000.0,4.999926629002675,9435981.954368487,31892771.242490828,25512.19512195122,9436324.052026555,31893711.14808162,25512.19512195122,9436569.70068887,31893621.73928045,26487.80487804878,9436227.603030803,31892681.833689656,26487.80487804878
9436617.92518675,31894136.396476433,26000.0,5.225949073855893,9436324.052026555,31893711.14808162,25512.19512195122,9436666.149684625,31894651.053672414,25512.19512195122,9436911.798346939,31894561.644871242,26487.80487804878,9436569.70068887,31893621.73928045,26487.80487804878
9436960.022844816,31895076.302067224,26000.0,4.330212648880744,9436666.149684625,31894651.053672414,25512.19512195122,9437008.247342695,31895590.959263206,25512.19512195122,9437253.89600501,31895501.550462034,26487.80487804878,9436911.798346939,31894561.644871242,26487.80487804878
9437302.120502887,31896016.207658015,26000.0,4.146048564249281,9437008.247342695,31895590.959263206,25512.19512195122,9437350.345000762,31896530.864854,25512.19512195122,9437595.993663078,31896441.456052832,26487.80487804878,9437253.89600501,31895501.550462034,26487.80487804878
9437644.218160955,31896956.113248814,26000.0,4.041526921137524,9437350.345000762,31896530.864854,25512.19512195122,9437692.442658832,31897470.770444795,25512.19512195122,9437938.091321146,31897381.361643624,26487.80487804878,9437595.993663078,31896441.456052832,26487.80487804878
9437986.315819023,31897896.01883961,26000.0,3.909923548144177,9437692.442658832,31897470.770444795,25512.19512195122,9438034.540316902,31898410.676035587,25512.19512195122,9438280.188979218,31898321.267234415,26487.80487804878,9437938.091321146,31897381.361643624,26487.80487804878
9438328.413477093,31898835.924430396,26000.0,3.9575106162190727,9438034.540316902,31898410.676035587,25512.19512195122,9438376.63797497,31899350.58162638,25512.19512195122,9438622.286637286,31899261.172825214,26487.80487804878,9438280.188979218,31898321.267234415,26487.80487804878
9438670.511135165,31899775.830021195,26000.0,3.601705743453088,9438376.63797497,31899350.58162638,25512.19512195122,9438718.73563304,31900290.487217173,25512.19512195122,9438964.384295356,31900201.078416005,26487.80487804878,9438622.286637286,31899261.172825214,26487.80487804878
9439012.608793233,31900715.735611986,26000.0,3.2580544966979033,9438718.73563304,31900290.487217173,25512.19512195122,9439060.83329111,31901230.392807968,25512.19512195122,9439306.481953425,31901140.984006796,26487.80487804878,9438964.384295356,31900201.078416005,26487.80487804878
9439354.706451302,31901655.641202778,26000.0,3.292422502650243,9439060.83329111,31901230.392807968,25512.19512195122,9439402.930949178,31902170.29839876,25512.19512195122,9439648.579611493,31902080.88959759,26487.80487804878,9439306.481953425,31901140.984006796,26487.80487804878
9439696.80410937,31902595.546793573,26000.0,3.0742236140402204,9439402.930949178,31902170.29839876,25512.19512195122,9439745.028607247,31903110.203989554,25512.19512195122,9439990.677269563,31903020.795188386,26487.80487804878,9439648.579611493,31902080.88959759,26487.80487804878
9440038.90176744,31903535.452384368,26000.0,2.676771196753711,9439745.028607247,31903110.203989554,25512.19512195122,9440087.126265317,31904050.10958035,25512.19512195122,9440332.774927633,31903960.700779177,26487.80487804878,9439990.677269563,31903020.795188386,26487.80487804878
9440380.99942551,31904475.357975163,26000.0,2.509041624936096,9440087.126265317,31904050.10958035,25512.19512195122,9440429.223923385,31904990.01517114,25512.19512195122,9440674.8725857,31904900.606369972,26487.80487804878,9440332.774927633,31903960.700779177,26487.80487804878
9440723.09708358,31905415.263565954,26000.0,2.212849967859265,9440429.223923385,31904990.01517114,25512.19512195122,9440771.321581455,31905929.92076193,25512.19512195122,9441016.97024377,31905840.511960767,26487.80487804878,9440674.8725857,31904900.606369972,26487.80487804878
9441065.194741648,31906355.16915675,26000.0,2.069622289334735,9440771.321581455,31905929.92076193,25512.19512195122,9441113.419239525,31906869.82635273,25512.19512195122,9441359.06790184,31906780.41755156,26487.80487804878,9441016.97024377,31905840.511960767,26487.80487804878
9441407.292399717,31907295.07474754,26000.0,2.0460824996951947,9441113.419239525,31906869.82635273,25512.19512195122,9441455.516897593,31907809.73194352,25512.19512195122,9441701.165559908,31907720.323142353,26487.80487804878,9441359.06790184,31906780.41755156,26487.80487804878
9441749.390057787,31908234.98033833,26000.0,1.80479763658324,9441455.516897593,31907809.73194352,25512.19512195122,9441797.614555662,31908749.637534313,25512.19512195122,9442043.263217978,31908660.228733145,26487.80487804878,9441701.165559908,31907720.323142353,26487.80487804878
9442091.487715855,31909174.885929126,26000.0,1.6991720588598733,9441797.614555662,31908749.637534313,25512.19512195122,9442139.712213732,31909689.54312511,25512.19512195122,9442385.360876048,31909600.13432394,26487.80487804878,9442043.263217978,31908660.228733145,26487.80487804878
9442433.585373925,31910114.79151992,26000.0,1.7458463788324226,9442139.712213732,31909689.54312511,25512.19512195122,9442481.8098718,31910629.448715903,25512.19512195122,9442727.458534116,31910540.039914735,26487.80487804878,9442385.360876048,31909600.13432394,26487.80487804878
9442775.683031995,31911054.697110716,26000.0,1.879673079825951,9442481.8098718,31910629.448715903,25512.19512195122,9442823.907529872,31911569.354306694,25512.19512195122,9443069.556192186,31911479.945505526,26487.80487804878,9442727.458534116,31910540.039914735,26487.80487804878
9443117.780690063,31911994.602701508,26000.0,2.229422400616335,9442823.907529872,31911569.354306694,25512.19512195122,9443166.00518794,31912509.25989749,25512.19512195122,9443411.653850256,31912419.851096317,26487.80487804878,9443069.556192186,31911479.945505526,26487.80487804878
9443459.878348133,31912934.508292295,26000.0,1.935612409570054,9443166.00518794,31912509.25989749,25512.19512195122,9443508.102846008,31913449.16548828,25512.19512195122,9443753.751508323,31913359.756687112,26487.80487804878,9443411.653850256,31912419.851096317,26487.80487804878
9443801.976006202,31913874.41388309,26000.0,2.05182018168967,9443508.102846008,31913449.16548828,25512.19512195122,9443850.20050408,31914389.071079075,25512.19512195122,9444095.849166393,31914299.662277907,26487.80487804878,9443753.751508323,31913359.756687112,26487.80487804878
9444144.07366427,31914814.31947389,26000.0,2.1521575237136212,9443850.20050408,31914389.071079075,25512.19512195122,9444192.298162147,31915328.97666987,25512.19512195122,9444437.946824463,31915239.5678687,26487.80487804878,9444095.849166393,31914299.662277907,26487.80487804878
9444486.17132234,31915754.22506468,26000.0,1.9712173533498667,9444192.298162147,31915328.97666987,25512.19512195122,9444534.395820217,31916268.882260665,25512.19512195122,9444780.044482531,31916179.473459493,26487.80487804878,9444437.946824463,31915239.5678687,26487.80487804878
9444828.26898041,31916694.130655475,26000.0,1.4734203684656453,9444534.395820217,31916268.882260665,25512.19512195122,9444876.493478287,31917208.787851457,25512.19512195122,9445122.1421406,31917119.37905029,26487.80487804878,9444780.044482531,31916179.473459493,26487.80487804878
9445170.366638478,31917634.036246274,26000.0,1.1652331664602373,9444876.493478287,31917208.787851457,25512.19512195122,9445218.591136355,31918148.69344225,25512.19512195122,9445464.23979867,31918059.28464108,26487.80487804878,9445122.1421406,31917119.37905029,26487.80487804878
9445512.464296548,31918573.94183706,26000.0,0.9617461834399826,9445218.591136355,31918148.69344225,25512.19512195122,9445560.688794425,31919088.599033043,25512.19512195122,9445806.337456739,31918999.19023187,26487.80487804878,9445464.23979867,31918059.28464108,26487.80487804878
9445854.561954618,31919513.84742785,26000.0,0.6474007929481769,9445560.688794425,31919088.599033043,25512.19512195122,9445902.786452495,31920028.504623834,25512.19512195122,9446148.435114808,31919939.095822666,26487.80487804878,9445806.337456739,31918999.19023187,26487.80487804878
9446196.659612685,31920453.753018647,26000.0,0.8003088938838003,9445902.786452495,31920028.504623834,25512.19512195122,9446244.884110563,31920968.410214633,25512.19512195122,9446490.532772878,31920879.00141346,26487.80487804878,9446148.435114808,31919939.095822666,26487.80487804878
9446538.757270755,31921393.658609442,26000.0,0.8808313321591204,9446244.884110563,31920968.410214633,25512.19512195122,9446586.981768632,31921908.315805424,25512.19512195122,9446832.630430946,31921818.907004252,26487.80487804878,9446490.532772878,31920879.00141346,26487.80487804878
9446880.854928825,31922333.564200234,26000.0,1.1004408969106176,9446586.981768632,31921908.315805424,25512.19512195122,9446929.079426702,31922848.221396215,25512.19512195122,9447174.728089016,31922758.812595047,26487.80487804878,9446832.630430946,31921818.907004252,26487.80487804878
9447222.952586893,31923273.469791032,26000.0,1.1453453438050223,9446929.079426702,31922848.221396215,25512.19512195122,9447271.17708477,31923788.126987014,25512.19512195122,9447516.825747086,31923698.718185842,26487.80487804878,9447174.728089016,31922758.812595047,26487.80487804878
9447565.050244963,31924213.375381827,26000.0,0.849078239931426,9447271.17708477,31923788.126987014,25512.19512195122,9447613.27474284,31924728.032577805,25512.19512195122,9447858.923405154,31924638.623776633,26487.80487804878,9447516.825747086,31923698.718185842,26487.80487804878
9406758.97993897,31811335.295685437,26975.60975609756,6.288401076007205,9406465.106778778,31810910.047290623,26487.80487804878,9406807.204436848,31811849.95288142,26487.80487804878,9407052.853099164,31811760.544080246,27463.41463414634,9406710.755441094,31810820.638489455,27463.41463414634
9407101.07759704,31812275.201276228,26975.60975609756,7.298368846408759,9406807.204436848,31811849.95288142,26487.80487804878,9407149.302094916,31812789.85847221,26487.80487804878,9407394.950757232,31812700.44967104,27463.41463414634,9407052.853099164,31811760.544080246,27463.41463414634
9407443.175255109,31813215.106867023,26975.60975609756,8.657018179852455,9407149.302094916,31812789.85847221,26487.80487804878,9407491.399752986,31813729.764063004,26487.80487804878,9407737.048415301,31813640.355261836,27463.41463414634,9407394.950757232,31812700.44967104,27463.41463414634
9407785.272913178,31814155.012457818,26975.60975609756,9.251745141694347,9407491.399752986,31813729.764063004,26487.80487804878,9407833.497411055,31814669.6696538,26487.80487804878,9408079.146073371,31814580.260852627,27463.41463414634,9407737.048415301,31813640.355261836,27463.41463414634
9408127.370571248,31815094.918048613,26975.60975609756,9.028631966551098,9407833.497411055,31814669.6696538,26487.80487804878,9408175.595069125,31815609.57524459,26487.80487804878,9408421.24373144,31815520.166443422,27463.41463414634,9408079.146073371,31814580.260852627,27463.41463414634
9408469.468229318,31816034.8236394,26975.60975609756,9.883523123369267,9408175.595069125,31815609.57524459,26487.80487804878,9408517.692727193,31816549.480835382,26487.80487804878,9408763.341389509,31816460.072034214,27463.41463414634,9408421.24373144,31815520.166443422,27463.41463414634
9408811.565887386,31816974.7292302,26975.60975609756,9.716964864562456,9408517.692727193,31816549.480835382,26487.80487804878,9408859.790385265,31817489.38642618,26487.80487804878,9409105.439047579,31817399.97762501,27463.41463414634,9408763.341389509,31816460.072034214,27463.41463414634
9409153.663545456,31817914.63482099,26975.60975609756,11.311392201861393,9408859.790385265,31817489.38642618,26487.80487804878,9409201.888043333,31818429.29201697,26487.80487804878,9409447.536705647,31818339.883215804,27463.41463414634,9409105.439047579,31817399.97762501,27463.41463414634
9409495.761203526,31818854.54041178,26975.60975609756,13.480656978408408,9409201.888043333,31818429.29201697,26487.80487804878,9409543.9857014,31819369.197607763,26487.80487804878,9409789.634363716,31819279.788806595,27463.41463414634,9409447.536705647,31818339.883215804,27463.41463414634
9409837.858861594,31819794.446002577,26975.60975609756,15.056658972493139,9409543.9857014,31819369.197607763,26487.80487804878,9409886.083359472,31820309.10319856,26487.80487804878,9410131.732021786,31820219.69439739,27463.41463414634,9409789.634363716,31819279.788806595,27463.41463414634
9410179.956519663,31820734.35159337,26975.60975609756,15.088477906445682,9409886.083359472,31820309.10319856,26487.80487804878,9410228.18101754,31821249.008789353,26487.80487804878,9410473.829679854,31821159.59998818,27463.41463414634,9410131.732021786,31820219.69439739,27463.41463414634
9410522.054177733,31821674.257184166,26975.60975609756,13.27982684936555,9410228.18101754,31821249.008789353,26487.80487804878,9410570.278675608,31822188.914380144,26487.80487804878,9410815.927337924,31822099.505578976,27463.41463414634,9410473.829679854,31821159.59998818,27463.41463414634
9410864.151835801,31822614.162774958,26975.60975609756,11.364218301572956,9410570.278675608,31822188.914380144,26487.80487804878,9410912.37633368,31823128.81997094,26487.80487804878,9411158.024995994,31823039.411169767,27463.41463414634,9410815.927337924,31822099.505578976,27463.41463414634
9411206.24949387,31823554.068365753,26975.60975609756,11.184765656311086,9410912.37633368,31823128.81997094,26487.80487804878,9411254.473991748,31824068.725561734,26487.80487804878,9411500.122654062,31823979.316760562,27463.41463414634,9411158.024995994,31823039.411169767,27463.41463414634
9411548.34715194,31824493.973956544,26975.60975609756,12.422176099796284,9411254.473991748,31824068.725561734,26487.80487804878,9411596.571649818,31825008.631152526,26487.80487804878,9411842.220312132,31824919.222351357,27463.41463414634,9411500.122654062,31823979.316760562,27463.41463414634
9411890.444810009,31825433.87954734,26975.60975609756,12.528371787724401,9411596.571649818,31825008.631152526,26487.80487804878,9411938.669307888,31825948.53674332,26487.80487804878,9412184.317970201,31825859.12794215,27463.41463414634,9411842.220312132,31824919.222351357,27463.41463414634
9412232.542468078,31826373.78513813,26975.60975609756,10.365469971769723,9411938.669307888,31825948.53674332,26487.80487804878,9412280.766965955,31826888.442334116,26487.80487804878,9412526.41562827,31826799.033532944,27463.41463414634,9412184.317970201,31825859.12794215,27463.41463414634
9412574.640126148,31827313.690728925,26975.60975609756,10.123578745646773,9412280.766965955,31826888.442334116,26487.80487804878,9412622.864624025,31827828.347924907,26487.80487804878,9412868.51328634,31827738.93912374,27463.41463414634,9412526.41562827,31826799.033532944,27463.41463414634
9412916.737784216,31828253.596319724,26975.60975609756,9.76363425147765,9412622.864624025,31827828.347924907,26487.80487804878,9412964.962282095,31828768.2535157,26487.80487804878,9413210.610944409,31828678.84471453,27463.41463414634,9412868.51328634,31827738.93912374,27463.41463414634
9413258.835442286,31829193.50191051,26975.60975609756,10.288902825519537,9412964.962282095,31828768.2535157,26487.80487804878,9413307.059940163,31829708.159106493,26487.80487804878,9413552.708602477,31829618.75030532,27463.41463414634,9413210.610944409,31828678.84471453,27463.41463414634
9413600.933100356,31830133.407501306,26975.60975609756,11.913316997199786,9413307.059940163,31829708.159106493,26487.80487804878,9413649.157598233,31830648.064697288,26487.80487804878,9413894.806260547,31830558.65589612,27463.41463414634,9413552.708602477,31829618.75030532,27463.41463414634
9413943.030758424,31831073.3130921,26975.60975609756,13.80269623023773,9413649.157598233,31830648.064697288,26487.80487804878,9413991.255256303,31831587.970288083,26487.80487804878,9414236.903918616,31831498.56148691,27463.41463414634,9413894.806260547,31830558.65589612,27463.41463414634
9414285.128416494,31832013.218682893,26975.60975609756,14.56887319255063,9413991.255256303,31831587.970288083,26487.80487804878,9414333.35291437,31832527.875878874,26487.80487804878,9414579.001576684,31832438.467077702,27463.41463414634,9414236.903918616,31831498.56148691,27463.41463414634
9414627.226074563,31832953.124273684,26975.60975609756,16.156511012154816,9414333.35291437,31832527.875878874,26487.80487804878,9414675.45057244,31833467.781469665,26487.80487804878,9414921.099234754,31833378.3726685,27463.41463414634,9414579.001576684,31832438.467077702,27463.41463414634
9414969.323732631,31833893.029864483,26975.60975609756,19.256441905209755,9414675.45057244,31833467.781469665,26487.80487804878,9415017.54823051,31834407.68706046,26487.80487804878,9415263.196892826,31834318.278259292,27463.41463414634,9414921.099234754,31833378.3726685,27463.41463414634
9415311.421390701,31834832.935455278,26975.60975609756,19.330262417455124,9415017.54823051,31834407.68706046,26487.80487804878,9415359.645888578,31835347.592651255,26487.80487804878,9415605.294550892,31835258.183850084,27463.41463414634,9415263.196892826,31834318.278259292,27463.41463414634
9415653.51904877,31835772.841046065,26975.60975609756,18.30966934758453,9415359.645888578,31835347.592651255,26487.80487804878,9415701.743546648,31836287.498242047,26487.80487804878,9415947.392208964,31836198.08944088,27463.41463414634,9415605.294550892,31835258.183850084,27463.41463414634
9415995.61670684,31836712.746636864,26975.60975609756,19.30812486630766,9415701.743546648,31836287.498242047,26487.80487804878,9416043.841204718,31837227.40383284,26487.80487804878,9416289.489867033,31837137.995031673,27463.41463414634,9415947.392208964,31836198.08944088,27463.41463414634
9416337.71436491,31837652.652227655,26975.60975609756,19.690252991214166,9416043.841204718,31837227.40383284,26487.80487804878,9416385.938862786,31838167.309423637,26487.80487804878,9416631.5875251,31838077.900622465,27463.41463414634,9416289.489867033,31837137.995031673,27463.41463414634
9416679.812022978,31838592.557818446,26975.60975609756,19.57931856124977,9416385.938862786,31838167.309423637,26487.80487804878,9416728.036520856,31839107.215014428,26487.80487804878,9416973.685183171,31839017.80621326,27463.41463414634,9416631.5875251,31838077.900622465,27463.41463414634
9417021.909681048,31839532.463409238,26975.60975609756,19.706251742768583,9416728.036520856,31839107.215014428,26487.80487804878,9417070.134178925,31840047.12060522,26487.80487804878,9417315.782841241,31839957.71180405,27463.41463414634,9416973.685183171,31839017.80621326,27463.41463414634
9417364.007339116,31840472.369000033,26975.60975609756,19.630157325776487,9417070.134178925,31840047.12060522,26487.80487804878,9417412.231836993,31840987.026196014,26487.80487804878,9417657.880499307,31840897.617394842,27463.41463414634,9417315.782841241,31839957.71180405,27463.41463414634
9417706.104997186,31841412.274590824,26975.60975609756,18.16305176443693,9417412.231836993,31840987.026196014,26487.80487804878,9417754.329495063,31841926.93178681,26487.80487804878,9417999.978157379,31841837.52298564,27463.41463414634,9417657.880499307,31840897.617394842,27463.41463414634
9418048.202655254,31842352.18018162,26975.60975609756,16.66125127130314,9417754.329495063,31841926.93178681,26487.80487804878,9418096.427153133,31842866.8373776,26487.80487804878,9418342.075815449,31842777.428576432,27463.41463414634,9417999.978157379,31841837.52298564,27463.41463414634
9418390.300313326,31843292.085772417,26975.60975609756,13.390299493910865,9418096.427153133,31842866.8373776,26487.80487804878,9418438.5248112,31843806.7429684,26487.80487804878,9418684.173473516,31843717.334167227,27463.41463414634,9418342.075815449,31842777.428576432,27463.41463414634
9418732.397971395,31844231.99136321,26975.60975609756,11.946809281656298,9418438.5248112,31843806.7429684,26487.80487804878,9418780.62246927,31844746.64855919,26487.80487804878,9419026.271131586,31844657.239758022,27463.41463414634,9418684.173473516,31843717.334167227,27463.41463414634
9419074.495629463,31845171.896954,26975.60975609756,10.271331233364418,9418780.62246927,31844746.64855919,26487.80487804878,9419122.72012734,31845686.55414998,26487.80487804878,9419368.368789656,31845597.145348813,27463.41463414634,9419026.271131586,31844657.239758022,27463.41463414634
9419416.593287531,31846111.802544795,26975.60975609756,9.374279193768821,9419122.72012734,31845686.55414998,26487.80487804878,9419464.817785408,31846626.459740777,26487.80487804878,9419710.466447724,31846537.050939605,27463.41463414634,9419368.368789656,31845597.145348813,27463.41463414634
9419758.690945603,31847051.708135586,26975.60975609756,9.422337344721548,9419464.817785408,31846626.459740777,26487.80487804878,9419806.915443478,31847566.365331568,26487.80487804878,9420052.564105794,31847476.956530396,27463.41463414634,9419710.466447724,31846537.050939605,27463.41463414634
9420100.78860367,31847991.613726377,26975.60975609756,11.011223927946364,9419806.915443478,31847566.365331568,26487.80487804878,9420149.013101548,31848506.270922363,26487.80487804878,9420394.661763864,31848416.862121195,27463.41463414634,9420052.564105794,31847476.956530396,27463.41463414634
9420442.88626174,31848931.519317176,26975.60975609756,9.43770111899843,9420149.013101548,31848506.270922363,26487.80487804878,9420491.110759616,31849446.176513158,26487.80487804878,9420736.759421932,31849356.767711986,27463.41463414634,9420394.661763864,31848416.862121195,27463.41463414634
9420784.983919809,31849871.424907964,26975.60975609756,8.368617722061623,9420491.110759616,31849446.176513158,26487.80487804878,9420833.208417686,31850386.08210395,26487.80487804878,9421078.857080001,31850296.673302777,27463.41463414634,9420736.759421932,31849356.767711986,27463.41463414634
9421127.081577878,31850811.33049876,26975.60975609756,8.053656931742545,9420833.208417686,31850386.08210395,26487.80487804878,9421175.306075756,31851325.987694744,26487.80487804878,9421420.954738071,31851236.578893576,27463.41463414634,9421078.857080001,31850296.673302777,27463.41463414634
9421469.179235948,31851751.236089557,26975.60975609756,7.027699772789034,9421175.306075756,31851325.987694744,26487.80487804878,9421517.403733823,31852265.89328554,26487.80487804878,9421763.05239614,31852176.484484367,27463.41463414634,9421420.954738071,31851236.578893576,27463.41463414634
9421811.276894018,31852691.14168035,26975.60975609756,6.582239549337748,9421517.403733823,31852265.89328554,26487.80487804878,9421859.501391895,31853205.79887633,26487.80487804878,9422105.150054209,31853116.39007516,27463.41463414634,9421763.05239614,31852176.484484367,27463.41463414634
9422153.374552086,31853631.04727114,26975.60975609756,5.8195347165247515,9421859.501391895,31853205.79887633,26487.80487804878,9422201.599049963,31854145.70446712,26487.80487804878,9422447.247712279,31854056.295665953,27463.41463414634,9422105.150054209,31853116.39007516,27463.41463414634
9422495.472210156,31854570.952861935,26975.60975609756,5.839693603285096,9422201.599049963,31854145.70446712,26487.80487804878,9422543.696708033,31855085.61005792,26487.80487804878,9422789.345370347,31854996.20125675,27463.41463414634,9422447.247712279,31854056.295665953,27463.41463414634
9422837.569868226,31855510.85845273,26975.60975609756,6.059239463236409,9422543.696708033,31855085.61005792,26487.80487804878,9422885.794366103,31856025.51564871,26487.80487804878,9423131.443028416,31855936.10684754,27463.41463414634,9422789.345370347,31854996.20125675,27463.41463414634
9423179.667526294,31856450.764043517,26975.60975609756,6.292664419427688,9422885.794366103,31856025.51564871,26487.80487804878,9423227.89202417,31856965.421239503,26487.80487804878,9423473.540686486,31856876.012438335,27463.41463414634,9423131.443028416,31855936.10684754,27463.41463414634
9423521.765184363,31857390.669634316,26975.60975609756,6.193481155025257,9423227.89202417,31856965.421239503,26487.80487804878,9423569.98968224,31857905.326830298,26487.80487804878,9423815.638344554,31857815.91802913,27463.41463414634,9423473.540686486,31856876.012438335,27463.41463414634
9423863.862842433,31858330.57522511,26975.60975609756,6.378720167428685,9423569.98968224,31857905.326830298,26487.80487804878,9423912.08734031,31858845.232421093,26487.80487804878,9424157.736002624,31858755.82361992,27463.41463414634,9423815.638344554,31857815.91802913,27463.41463414634
9424205.960500501,31859270.480815902,26975.60975609756,6.698264595210122,9423912.08734031,31858845.232421093,26487.80487804878,9424254.184998378,31859785.138011884,26487.80487804878,9424499.833660694,31859695.729210716,27463.41463414634,9424157.736002624,31858755.82361992,27463.41463414634
9424548.05815857,31860210.386406697,26975.60975609756,7.856263887815779,9424254.184998378,31859785.138011884,26487.80487804878,9424596.282656448,31860725.043602675,26487.80487804878,9424841.931318762,31860635.634801507,27463.41463414634,9424499.833660694,31859695.729210716,27463.41463414634
9424890.15581664,31861150.29199749,26975.60975609756,9.162681931537486,9424596.282656448,31860725.043602675,26487.80487804878,9424938.380314518,31861664.949193474,26487.80487804878,9425184.028976832,31861575.540392302,27463.41463414634,9424841.931318762,31860635.634801507,27463.41463414634
9425232.253474709,31862090.197588284,26975.60975609756,9.488135860285789,9424938.380314518,31861664.949193474,26487.80487804878,9425280.477972586,31862604.854784265,26487.80487804878,9425526.126634901,31862515.445983097,27463.41463414634,9425184.028976832,31861575.540392302,27463.41463414634
9425574.351132778,31863030.103179075,26975.60975609756,11.863946050151723,9425280.477972586,31862604.854784265,26487.80487804878,9425622.575630656,31863544.760375056,26487.80487804878,9425868.22429297,31863455.35157389,27463.41463414634,9425526.126634901,31862515.445983097,27463.41463414634
9425916.448790848,31863970.00876987,26975.60975609756,14.91446375560671,9425622.575630656,31863544.760375056,26487.80487804878,9425964.673288725,31864484.66596585,26487.80487804878,9426210.32195104,31864395.25716468,27463.41463414634,9425868.22429297,31863455.35157389,27463.41463414634
9426258.546448916,31864909.914360665,26975.60975609756,16.389531711817913,9425964.673288725,31864484.66596585,26487.80487804878,9426306.770946793,31865424.571556646,26487.80487804878,9426552.419609109,31865335.16275548,27463.41463414634,9426210.32195104,31864395.25716468,27463.41463414634
9426600.644106986,31865849.81995146,26975.60975609756,16.46926558246398,9426306.770946793,31865424.571556646,26487.80487804878,9426648.868604863,31866364.477147438,26487.80487804878,9426894.517267177,31866275.06834627,27463.41463414634,9426552.419609109,31865335.16275548,27463.41463414634
9426942.741765056,31866789.72554225,26975.60975609756,16.784390922605258,9426648.868604863,31866364.477147438,26487.80487804878,9426990.966262933,31867304.382738233,26487.80487804878,9427236.614925247,31867214.97393706,27463.41463414634,9426894.517267177,31866275.06834627,27463.41463414634
9427284.839423124,31867729.631133042,26975.60975609756,17.307750078642712,9426990.966262933,31867304.382738233,26487.80487804878,9427333.063921,31868244.288329028,26487.80487804878,9427578.712583316,31868154.87952786,27463.41463414634,9427236.614925247,31867214.97393706,27463.41463414634
9427626.937081194,31868669.536723837,26975.60975609756,17.65204768339555,9427333.063921,31868244.288329028,26487.80487804878,9427675.16157907,31869184.19391982,26487.80487804878,9427920.810241384,31869094.78511865,27463.41463414634,9427578.712583316,31868154.87952786,27463.41463414634
9427969.034739263,31869609.44231463,26975.60975609756,16.892819419862274,9427675.16157907,31869184.19391982,26487.80487804878,9428017.25923714,31870124.099510614,26487.80487804878,9428262.907899454,31870034.690709442,27463.41463414634,9427920.810241384,31869094.78511865,27463.41463414634
9428311.132397331,31870549.347905423,26975.60975609756,16.197619174199684,9428017.25923714,31870124.099510614,26487.80487804878,9428359.356895208,31871064.005101405,26487.80487804878,9428605.005557524,31870974.596300237,27463.41463414634,9428262.907899454,31870034.690709442,27463.41463414634
9428653.230055401,31871489.25349622,26975.60975609756,15.39194168674151,9428359.356895208,31871064.005101405,26487.80487804878,9428701.454553278,31872003.9106922,26487.80487804878,9428947.103215594,31871914.50189103,27463.41463414634,9428605.005557524,31870974.596300237,27463.41463414634
9428995.32771347,31872429.159087013,26975.60975609756,14.782399843104548,9428701.454553278,31872003.9106922,26487.80487804878,9429043.552211348,31872943.816282995,26487.80487804878,9429289.200873662,31872854.407481823,27463.41463414634,9428947.103215594,31871914.50189103,27463.41463414634
9429337.425371539,31873369.064677805,26975.60975609756,12.524518766477348,9429043.552211348,31872943.816282995,26487.80487804878,9429385.649869416,31873883.721873786,26487.80487804878,9429631.298531733,31873794.313072614,27463.41463414634,9429289.200873662,31872854.407481823,27463.41463414634
9429679.52302961,31874308.970268596,26975.60975609756,9.200057888362004,9429385.649869416,31873883.721873786,26487.80487804878,9429727.747527486,31874823.62746458,26487.80487804878,9429973.396189801,31874734.218663413,27463.41463414634,9429631.298531733,31873794.313072614,27463.41463414634
9430021.620687678,31875248.875859395,26975.60975609756,7.51741009609459,9429727.747527486,31874823.62746458,26487.80487804878,9430069.845185556,31875763.533055376,26487.80487804878,9430315.49384787,31875674.124254204,27463.41463414634,9429973.396189801,31874734.218663413,27463.41463414634
9430363.718345746,31876188.781450182,26975.60975609756,6.582879145224742,9430069.845185556,31875763.533055376,26487.80487804878,9430411.942843623,31876703.438646168,26487.80487804878,9430657.591505941,31876614.029844996,27463.41463414634,9430315.49384787,31875674.124254204,27463.41463414634
9430705.816003818,31877128.687040977,26975.60975609756,5.628694021603556,9430411.942843623,31876703.438646168,26487.80487804878,9430754.040501693,31877643.34423696,26487.80487804878,9430999.689164009,31877553.93543579,27463.41463414634,9430657.591505941,31876614.029844996,27463.41463414634
9431047.913661886,31878068.592631776,26975.60975609756,4.301682261847731,9430754.040501693,31877643.34423696,26487.80487804878,9431096.138159763,31878583.249827754,26487.80487804878,9431341.786822077,31878493.84102658,27463.41463414634,9430999.689164009,31877553.93543579,27463.41463414634
9431390.011319954,31879008.498222563,26975.60975609756,3.3149719871995242,9431096.138159763,31878583.249827754,26487.80487804878,9431438.235817831,31879523.15541855,26487.80487804878,9431683.884480149,31879433.746617377,27463.41463414634,9431341.786822077,31878493.84102658,27463.41463414634
9431732.108978026,31879948.40381336,26975.60975609756,3.2618763866865668,9431438.235817831,31879523.15541855,26487.80487804878,9431780.3334759,31880463.06100934,26487.80487804878,9432025.982138216,31880373.65220817,27463.41463414634,9431683.884480149,31879433.746617377,27463.41463414634
9432074.206636094,31880888.309404153,26975.60975609756,3.0790447307972517,9431780.3334759,31880463.06100934,26487.80487804878,9432122.43113397,31881402.96660014,26487.80487804878,9432368.079796286,31881313.557798967,27463.41463414634,9432025.982138216,31880373.65220817,27463.41463414634
9432416.304294163,31881828.21499495,26975.60975609756,2.746417461300252,9432122.43113397,31881402.96660014,26487.80487804878,9432464.528792039,31882342.872190926,26487.80487804878,9432710.177454356,31882253.463389754,27463.41463414634,9432368.079796286,31881313.557798967,27463.41463414634
9432758.401952231,31882768.120585736,26975.60975609756,2.7775341146906745,9432464.528792039,31882342.872190926,26487.80487804878,9432806.626450108,31883282.77778172,26487.80487804878,9433052.275112424,31883193.368980553,27463.41463414634,9432710.177454356,31882253.463389754,27463.41463414634
9433100.499610301,31883708.026176535,26975.60975609756,3.095171445461819,9432806.626450108,31883282.77778172,26487.80487804878,9433148.724108178,31884222.683372516,26487.80487804878,9433394.372770494,31884133.274571344,27463.41463414634,9433052.275112424,31883193.368980553,27463.41463414634
9433442.59726837,31884647.93176733,26975.60975609756,3.657707506948815,9433148.724108178,31884222.683372516,26487.80487804878,9433490.821766246,31885162.588963307,26487.80487804878,9433736.470428564,31885073.180162136,27463.41463414634,9433394.372770494,31884133.274571344,27463.41463414634
9433784.69492644,31885587.837358117,26975.60975609756,3.3762068801561718,9433490.821766246,31885162.588963307,26487.80487804878,9433832.919424316,31886102.494554102,26487.80487804878,9434078.568086632,31886013.085752934,27463.41463414634,9433736.470428564,31885073.180162136,27463.41463414634
9434126.792584507,31886527.742948916,26975.60975609756,3.812015601733119,9433832.919424316,31886102.494554102,26487.80487804878,9434175.017082386,31887042.400144894,26487.80487804878,9434420.665744701,31886952.991343725,27463.41463414634,9434078.568086632,31886013.085752934,27463.41463414634
9434468.890242578,31887467.648539707,26975.60975609756,3.8356726854137184,9434175.017082386,31887042.400144894,26487.80487804878,9434517.114740454,31887982.30573569,26487.80487804878,9434762.763402771,31887892.896934517,27463.41463414634,9434420.665744701,31886952.991343725,27463.41463414634
9434810.987900648,31888407.5541305,26975.60975609756,3.8598757871280895,9434517.114740454,31887982.30573569,26487.80487804878,9434859.212398523,31888922.21132648,26487.80487804878,9435104.86106084,31888832.80252531,27463.41463414634,9434762.763402771,31887892.896934517,27463.41463414634
9435153.085558716,31889347.459721293,26975.60975609756,4.26115829409282,9434859.212398523,31888922.21132648,26487.80487804878,9435201.310056593,31889862.116917275,26487.80487804878,9435446.958718909,31889772.708116107,27463.41463414634,9435104.86106084,31888832.80252531,27463.41463414634
9435495.183216786,31890287.36531209,26975.60975609756,4.641418731783578,9435201.310056593,31889862.116917275,26487.80487804878,9435543.407714663,31890802.02250807,26487.80487804878,9435789.056376979,31890712.613706898,27463.41463414634,9435446.958718909,31889772.708116107,27463.41463414634
9435837.280874856,31891227.270902883,26975.60975609756,4.854209307732684,9435543.407714663,31890802.02250807,26487.80487804878,9435885.505372731,31891741.92809886,26487.80487804878,9436131.154035047,31891652.519297693,27463.41463414634,9435789.056376979,31890712.613706898,27463.41463414634
9436179.378532924,31892167.176493675,26975.60975609756,4.438259635975798,9435885.505372731,31891741.92809886,26487.80487804878,9436227.603030803,31892681.833689656,26487.80487804878,9436473.251693117,31892592.424888488,27463.41463414634,9436131.154035047,31891652.519297693,27463.41463414634
9436521.476190994,31893107.08208447,26975.60975609756,4.547465152926641,9436227.603030803,31892681.833689656,26487.80487804878,9436569.70068887,31893621.73928045,26487.80487804878,9436815.349351186,31893532.33047928,27463.41463414634,9436473.251693117,31892592.424888488,27463.41463414634
9436863.573849063,31894046.98767526,26975.60975609756,4.648788662423028,9436569.70068887,31893621.73928045,26487.80487804878,9436911.798346939,31894561.644871242,26487.80487804878,9437157.447009254,31894472.236070074,27463.41463414634,9436815.349351186,31893532.33047928,27463.41463414634
9437205.671507131,31894986.893266052,26975.60975609756,4.585047057136626,9436911.798346939,31894561.644871242,26487.80487804878,9437253.89600501,31895501.550462034,26487.80487804878,9437499.544667324,31895412.141660865,27463.41463414634,9437157.447009254,31894472.236070074,27463.41463414634
9437547.769165201,31895926.798856847,26975.60975609756,4.341161273142286,9437253.89600501,31895501.550462034,26487.80487804878,9437595.993663078,31896441.456052832,26487.80487804878,9437841.642325394,31896352.04725166,27463.41463414634,9437499.544667324,31895412.141660865,27463.41463414634
9437889.86682327,31896866.704447642,26975.60975609756,4.574374952543479,9437595.993663078,31896441.456052832,26487.80487804878,9437938.091321146,31897381.361643624,26487.80487804878,9438183.739983462,31897291.952842455,27463.41463414634,9437841.642325394,31896352.04725166,27463.41463414634
9438231.964481339,31897806.610038437,26975.60975609756,4.374321495355166,9437938.091321146,31897381.361643624,26487.80487804878,9438280.188979218,31898321.267234415,26487.80487804878,9438525.837641532,31898231.858433247,27463.41463414634,9438183.739983462,31897291.952842455,27463.41463414634
9438574.062139409,31898746.51562923,26975.60975609756,3.9287081450719197,9438280.188979218,31898321.267234415,26487.80487804878,9438622.286637286,31899261.172825214,26487.80487804878,9438867.935299601,31899171.76402404,27463.41463414634,9438525.837641532,31898231.858433247,27463.41463414634
9438916.159797478,31899686.421220023,26975.60975609756,3.59393761313557,9438622.286637286,31899261.172825214,26487.80487804878,9438964.384295356,31900201.078416005,26487.80487804878,9439210.03295767,31900111.669614833,27463.41463414634,9438867.935299601,31899171.76402404,27463.41463414634
9439258.257455546,31900626.326810814,26975.60975609756,3.6654219315828587,9438964.384295356,31900201.078416005,26487.80487804878,9439306.481953425,31901140.984006796,26487.80487804878,9439552.13061574,31901051.575205628,27463.41463414634,9439210.03295767,31900111.669614833,27463.41463414634
9439600.355113616,31901566.23240161,26975.60975609756,3.54079772451757,9439306.481953425,31901140.984006796,26487.80487804878,9439648.579611493,31902080.88959759,26487.80487804878,9439894.228273809,31901991.48079642,27463.41463414634,9439552.13061574,31901051.575205628,27463.41463414634
9439942.452771686,31902506.1379924,26975.60975609756,3.1110333929712017,9439648.579611493,31902080.88959759,26487.80487804878,9439990.677269563,31903020.795188386,26487.80487804878,9440236.325931877,31902931.386387214,27463.41463414634,9439894.228273809,31901991.48079642,27463.41463414634
9440284.550429754,31903446.043583196,26975.60975609756,2.8818633734673678,9439990.677269563,31903020.795188386,26487.80487804878,9440332.774927633,31903960.700779177,26487.80487804878,9440578.423589947,31903871.29197801,27463.41463414634,9440236.325931877,31902931.386387214,27463.41463414634
9440626.648087824,31904385.949173994,26975.60975609756,2.764032123479084,9440332.774927633,31903960.700779177,26487.80487804878,9440674.8725857,31904900.606369972,26487.80487804878,9440920.521248017,31904811.1975688,27463.41463414634,9440578.423589947,31903871.29197801,27463.41463414634
9440968.745745894,31905325.854764782,26975.60975609756,2.6583665731946855,9440674.8725857,31904900.606369972,26487.80487804878,9441016.97024377,31905840.511960767,26487.80487804878,9441262.618906084,31905751.103159595,27463.41463414634,9440920.521248017,31904811.1975688,27463.41463414634
9441310.843403962,31906265.760355577,26975.60975609756,2.6089301190950387,9441016.97024377,31905840.511960767,26487.80487804878,9441359.06790184,31906780.41755156,26487.80487804878,9441604.716564156,31906691.00875039,27463.41463414634,9441262.618906084,31905751.103159595,27463.41463414634
9441652.941062033,31907205.66594637,26975.60975609756,2.5890121466864406,9441359.06790184,31906780.41755156,26487.80487804878,9441701.165559908,31907720.323142353,26487.80487804878,9441946.814222222,31907630.91434118,27463.41463414634,9441604.716564156,31906691.00875039,27463.41463414634
9441995.038720101,31908145.571537163,26975.60975609756,2.799875841136757,9441701.165559908,31907720.323142353,26487.80487804878,9442043.263217978,31908660.228733145,26487.80487804878,9442288.911880292,31908570.819931973,27463.41463414634,9441946.814222222,31907630.91434118,27463.41463414634
9442337.136378169,31909085.477127954,26975.60975609756,3.0670728208957563,9442043.263217978,31908660.228733145,26487.80487804878,9442385.360876048,31909600.13432394,26487.80487804878,9442631.009538364,31909510.72552277,27463.41463414634,9442288.911880292,31908570.819931973,27463.41463414634
9442679.234036239,31910025.382718753,26975.60975609756,3.0827130127056996,9442385.360876048,31909600.13432394,26487.80487804878,9442727.458534116,31910540.039914735,26487.80487804878,9442973.10719643,31910450.631113563,27463.41463414634,9442631.009538364,31909510.72552277,27463.41463414634
9443021.331694309,31910965.288309548,26975.60975609756,2.8947929038272955,9442727.458534116,31910540.039914735,26487.80487804878,9443069.556192186,31911479.945505526,26487.80487804878,9443315.2048545,31911390.536704354,27463.41463414634,9442973.10719643,31910450.631113563,27463.41463414634
9443363.429352377,31911905.193900336,26975.60975609756,2.539770788647939,9443069.556192186,31911479.945505526,26487.80487804878,9443411.653850256,31912419.851096317,26487.80487804878,9443657.302512571,31912330.44229515,27463.41463414634,9443315.2048545,31911390.536704354,27463.41463414634
9443705.527010446,31912845.099491127,26975.60975609756,2.374417465388547,9443411.653850256,31912419.851096317,26487.80487804878,9443753.751508323,31913359.756687112,26487.80487804878,9443999.400170637,31913270.34788594,27463.41463414634,9443657.302512571,31912330.44229515,27463.41463414634
9444047.624668516,31913785.00508192,26975.60975609756,2.5908396416981425,9443753.751508323,31913359.756687112,26487.80487804878,9444095.849166393,31914299.662277907,26487.80487804878,9444341.497828709,31914210.253476735,27463.41463414634,9443999.400170637,31913270.34788594,27463.41463414634
9444389.722326586,31914724.910672717,26975.60975609756,2.028070611531879,9444095.849166393,31914299.662277907,26487.80487804878,9444437.946824463,31915239.5678687,26487.80487804878,9444683.595486779,31915150.15906753,27463.41463414634,9444341.497828709,31914210.253476735,27463.41463414634
9444731.819984654,31915664.81626351,26975.60975609756,1.6463353964364575,9444437.946824463,31915239.5678687,26487.80487804878,9444780.044482531,31916179.473459493,26487.80487804878,9445025.693144847,31916090.064658325,27463.41463414634,9444683.595486779,31915150.15906753,27463.41463414634
9445073.917642726,31916604.721854307,26975.60975609756,1.4195045039660144,9444780.044482531,31916179.473459493,26487.80487804878,9445122.1421406,31917119.37905029,26487.80487804878,9445367.790802917,31917029.970249116,27463.41463414634,9445025.693144847,31916090.064658325,27463.41463414634
9445416.015300794,31917544.6274451,26975.60975609756,1.2899464047299318,9445122.1421406,31917119.37905029,26487.80487804878,9445464.23979867,31918059.28464108,26487.80487804878,9445709.888460986,31917969.87583991,27463.41463414634,9445367.790802917,31917029.970249116,27463.41463414634
9445758.112958863,31918484.533035893,26975.60975609756,1.3349575761437105,9445464.23979867,31918059.28464108,26487.80487804878,9445806.337456739,31918999.19023187,26487.80487804878,9446051.986119054,31918909.781430703,27463.41463414634,9445709.888460986,31917969.87583991,27463.41463414634
9446100.210616931,31919424.43862668,26975.60975609756,1.448380931129441,9445806.337456739,31918999.19023187,26487.80487804878,9446148.435114808,31919939.095822666,26487.80487804878,9446394.083777124,31919849.687021494,27463.41463414634,9446051.986119054,31918909.781430703,27463.41463414634
9446442.308275001,31920364.344217476,26975.60975609756,1.7597162300890472,9446148.435114808,31919939.095822666,26487.80487804878,9446490.532772878,31920879.00141346,26487.80487804878,9446736.181435194,31920789.592612293,27463.41463414634,9446394.083777124,31919849.687021494,27463.41463414634
9446784.40593307,31921304.24980827,26975.60975609756,2.2559313838292647,9446490.532772878,31920879.00141346,26487.80487804878,9446832.630430946,31921818.907004252,26487.80487804878,9447078.279093262,31921729.498203084,27463.41463414634,9446736.181435194,31920789.592612293,27463.41463414634
9447126.50359114,31922244.155399065,26975.60975609756,2.142474388543432,9446832.630430946,31921818.907004252,26487.80487804878,9447174.728089016,31922758.812595047,26487.80487804878,9447420.376751332,31922669.403793875,27463.41463414634,9447078.279093262,31921729.498203084,27463.41463414634
9447468.601249207,31923184.06098986,26975.60975609756,1.7277996304435033,9447174.728089016,31922758.812595047,26487.80487804878,9447516.825747086,31923698.718185842,26487.80487804878,9447762.474409401,31923609.309384674,27463.41463414634,9447420.376751332,31922669.403793875,27463.41463414634
9447810.698907278,31924123.966580655,26975.60975609756,1.4464847403496717,9447516.825747086,31923698.718185842,26487.80487804878,9447858.923405154,31924638.623776633,26487.80487804878,9448104.57206747,31924549.214975465,27463.41463414634,9447762.474409401,31923609.309384674,27463.41463414634
9407004.628601287,31811245.886884265,27951.21951219512,7.416880874178576,9406710.755441094,31810820.638489455,27463.41463414634,9407052.853099164,31811760.544080246,27463.41463414634,9407298.501761477,31811671.135279078,28439.0243902439,9406956.404103408,31810731.229688283,28439.0243902439
9407346.726259355,31812185.79247506,27951.21951219512,8.334717727723044,9407052.853099164,31811760.544080246,27463.41463414634,9407394.950757232,31812700.44967104,27463.41463414634,9407640.599419547,31812611.04086987,28439.0243902439,9407298.501761477,31811671.135279078,28439.0243902439
9407688.823917424,31813125.69806585,27951.21951219512,9.097760242076777,9407394.950757232,31812700.44967104,27463.41463414634,9407737.048415301,31813640.355261836,27463.41463414634,9407982.697077615,31813550.946460664,28439.0243902439,9407640.599419547,31812611.04086987,28439.0243902439
9408030.921575494,31814065.603656646,27951.21951219512,10.165063156705925,9407737.048415301,31813640.355261836,27463.41463414634,9408079.146073371,31814580.260852627,27463.41463414634,9408324.794735685,31814490.85205146,28439.0243902439,9407982.697077615,31813550.946460664,28439.0243902439
9408373.019233562,31815005.509247445,27951.21951219512,11.965942689042683,9408079.146073371,31814580.260852627,27463.41463414634,9408421.24373144,31815520.166443422,27463.41463414634,9408666.892393757,31815430.757642254,28439.0243902439,9408324.794735685,31814490.85205146,28439.0243902439
9408715.116891632,31815945.414838232,27951.21951219512,14.194382004191725,9408421.24373144,31815520.166443422,27463.41463414634,9408763.341389509,31816460.072034214,27463.41463414634,9409008.990051823,31816370.66323304,28439.0243902439,9408666.892393757,31815430.757642254,28439.0243902439
9409057.214549702,31816885.320429027,27951.21951219512,12.575643057611698,9408763.341389509,31816460.072034214,27463.41463414634,9409105.439047579,31817399.97762501,27463.41463414634,9409351.087709894,31817310.56882384,28439.0243902439,9409008.990051823,31816370.66323304,28439.0243902439
9409399.312207771,31817825.226019822,27951.21951219512,12.95757220454342,9409105.439047579,31817399.97762501,27463.41463414634,9409447.536705647,31818339.883215804,27463.41463414634,9409693.185367964,31818250.47441463,28439.0243902439,9409351.087709894,31817310.56882384,28439.0243902439
9409741.40986584,31818765.131610613,27951.21951219512,14.107187861875612,9409447.536705647,31818339.883215804,27463.41463414634,9409789.634363716,31819279.788806595,27463.41463414634,9410035.28302603,31819190.380005423,28439.0243902439,9409693.185367964,31818250.47441463,28439.0243902439
9410083.50752391,31819705.037201405,27951.21951219512,14.075206505126111,9409789.634363716,31819279.788806595,27463.41463414634,9410131.732021786,31820219.69439739,27463.41463414634,9410377.380684102,31820130.28559622,28439.0243902439,9410035.28302603,31819190.380005423,28439.0243902439
9410425.605181979,31820644.942792203,27951.21951219512,15.321801743146846,9410131.732021786,31820219.69439739,27463.41463414634,9410473.829679854,31821159.59998818,27463.41463414634,9410719.478342172,31821070.191187013,28439.0243902439,9410377.380684102,31820130.28559622,28439.0243902439
9410767.702840049,31821584.848383,27951.21951219512,13.931914347414988,9410473.829679854,31821159.59998818,27463.41463414634,9410815.927337924,31822099.505578976,27463.41463414634,9411061.576000238,31822010.096777804,28439.0243902439,9410719.478342172,31821070.191187013,28439.0243902439
9411109.800498117,31822524.753973786,27951.21951219512,11.463078336809373,9410815.927337924,31822099.505578976,27463.41463414634,9411158.024995994,31823039.411169767,27463.41463414634,9411403.67365831,31822950.0023686,28439.0243902439,9411061.576000238,31822010.096777804,28439.0243902439
9411451.898156187,31823464.659564584,27951.21951219512,9.84657618792085,9411158.024995994,31823039.411169767,27463.41463414634,9411500.122654062,31823979.316760562,27463.41463414634,9411745.77131638,31823889.907959394,28439.0243902439,9411403.67365831,31822950.0023686,28439.0243902439
9411793.995814256,31824404.565155376,27951.21951219512,10.699121343398744,9411500.122654062,31823979.316760562,27463.41463414634,9411842.220312132,31824919.222351357,27463.41463414634,9412087.868974447,31824829.813550185,28439.0243902439,9411745.77131638,31823889.907959394,28439.0243902439
9412136.093472324,31825344.470746167,27951.21951219512,10.550904746662553,9411842.220312132,31824919.222351357,27463.41463414634,9412184.317970201,31825859.12794215,27463.41463414634,9412429.966632517,31825769.71914098,28439.0243902439,9412087.868974447,31824829.813550185,28439.0243902439
9412478.191130392,31826284.376336962,27951.21951219512,11.397954214598796,9412184.317970201,31825859.12794215,27463.41463414634,9412526.41562827,31826799.033532944,27463.41463414634,9412772.064290587,31826709.624731775,28439.0243902439,9412429.966632517,31825769.71914098,28439.0243902439
9412820.288788464,31827224.281927757,27951.21951219512,11.059143394526565,9412526.41562827,31826799.033532944,27463.41463414634,9412868.51328634,31827738.93912374,27463.41463414634,9413114.161948655,31827649.530322567,28439.0243902439,9412772.064290587,31826709.624731775,28439.0243902439
9413162.386446532,31828164.187518552,27951.21951219512,9.53185515422105,9412868.51328634,31827738.93912374,27463.41463414634,9413210.610944409,31828678.84471453,27463.41463414634,9413456.259606725,31828589.43591336,28439.0243902439,9413114.161948655,31827649.530322567,28439.0243902439
9413504.484104602,31829104.09310934,27951.21951219512,9.397909450145937,9413210.610944409,31828678.84471453,27463.41463414634,9413552.708602477,31829618.75030532,27463.41463414634,9413798.357264794,31829529.341504153,28439.0243902439,9413456.259606725,31828589.43591336,28439.0243902439
9413846.58176267,31830043.99870014,27951.21951219512,9.883282057456437,9413552.708602477,31829618.75030532,27463.41463414634,9413894.806260547,31830558.65589612,27463.41463414634,9414140.454922862,31830469.247094948,28439.0243902439,9413798.357264794,31829529.341504153,28439.0243902439
9414188.67942074,31830983.90429093,27951.21951219512,10.14610204253852,9413894.806260547,31830558.65589612,27463.41463414634,9414236.903918616,31831498.56148691,27463.41463414634,9414482.552580932,31831409.152685743,28439.0243902439,9414140.454922862,31830469.247094948,28439.0243902439
9414530.77707881,31831923.80988172,27951.21951219512,12.378325244582705,9414236.903918616,31831498.56148691,27463.41463414634,9414579.001576684,31832438.467077702,27463.41463414634,9414824.650239002,31832349.058276534,28439.0243902439,9414482.552580932,31831409.152685743,28439.0243902439
9414872.874736879,31832863.715472516,27951.21951219512,14.255086330869362,9414579.001576684,31832438.467077702,27463.41463414634,9414921.099234754,31833378.3726685,27463.41463414634,9415166.74789707,31833288.96386733,28439.0243902439,9414824.650239002,31832349.058276534,28439.0243902439
9415214.972394947,31833803.62106331,27951.21951219512,15.037345909132108,9414921.099234754,31833378.3726685,27463.41463414634,9415263.196892826,31834318.278259292,27463.41463414634,9415508.84555514,31834228.86945812,28439.0243902439,9415166.74789707,31833288.96386733,28439.0243902439
9415557.070053017,31834743.526654106,27951.21951219512,16.171556095245872,9415263.196892826,31834318.278259292,27463.41463414634,9415605.294550892,31835258.183850084,27463.41463414634,9415850.94321321,31835168.775048915,28439.0243902439,9415508.84555514,31834228.86945812,28439.0243902439
9415899.167711087,31835683.432244897,27951.21951219512,17.577766293914223,9415605.294550892,31835258.183850084,27463.41463414634,9415947.392208964,31836198.08944088,27463.41463414634,9416193.040871277,31836108.680639707,28439.0243902439,9415850.94321321,31835168.775048915,28439.0243902439
9416241.265369155,31836623.337835692,27951.21951219512,17.25788809403005,9415947.392208964,31836198.08944088,27463.41463414634,9416289.489867033,31837137.995031673,27463.41463414634,9416535.138529347,31837048.5862305,28439.0243902439,9416193.040871277,31836108.680639707,28439.0243902439
9416583.363027224,31837563.243426483,27951.21951219512,17.080709136643915,9416289.489867033,31837137.995031673,27463.41463414634,9416631.5875251,31838077.900622465,27463.41463414634,9416877.236187417,31837988.491821297,28439.0243902439,9416535.138529347,31837048.5862305,28439.0243902439
9416925.460685294,31838503.149017278,27951.21951219512,16.227087073054403,9416631.5875251,31838077.900622465,27463.41463414634,9416973.685183171,31839017.80621326,27463.41463414634,9417219.333845485,31838928.397412088,28439.0243902439,9416877.236187417,31837988.491821297,28439.0243902439
9417267.558343362,31839443.05460807,27951.21951219512,16.69755086058733,9416973.685183171,31839017.80621326,27463.41463414634,9417315.782841241,31839957.71180405,27463.41463414634,9417561.431503555,31839868.30300288,28439.0243902439,9417219.333845485,31838928.397412088,28439.0243902439
9417609.656001432,31840382.96019886,27951.21951219512,16.923279874184225,9417315.782841241,31839957.71180405,27463.41463414634,9417657.880499307,31840897.617394842,27463.41463414634,9417903.529161625,31840808.208593674,28439.0243902439,9417561.431503555,31839868.30300288,28439.0243902439
9417951.753659502,31841322.865789656,27951.21951219512,16.930784603451517,9417657.880499307,31840897.617394842,27463.41463414634,9417999.978157379,31841837.52298564,27463.41463414634,9418245.626819693,31841748.11418447,28439.0243902439,9417903.529161625,31840808.208593674,28439.0243902439
9418293.85131757,31842262.77138045,27951.21951219512,15.968980988986461,9417999.978157379,31841837.52298564,27463.41463414634,9418342.075815449,31842777.428576432,27463.41463414634,9418587.724477762,31842688.01977526,28439.0243902439,9418245.626819693,31841748.11418447,28439.0243902439
9418635.94897564,31843202.676971246,27951.21951219512,13.17139921366869,9418342.075815449,31842777.428576432,27463.41463414634,9418684.173473516,31843717.334167227,27463.41463414634,9418929.822135832,31843627.92536606,28439.0243902439,9418587.724477762,31842688.01977526,28439.0243902439
9418978.04663371,31844142.58256204,27951.21951219512,9.821505987332973,9418684.173473516,31843717.334167227,27463.41463414634,9419026.271131586,31844657.239758022,27463.41463414634,9419271.9197939,31844567.83095685,28439.0243902439,9418929.822135832,31843627.92536606,28439.0243902439
9419320.144291777,31845082.48815283,27951.21951219512,8.579829799658839,9419026.271131586,31844657.239758022,27463.41463414634,9419368.368789656,31845597.145348813,27463.41463414634,9419614.01745197,31845507.73654764,28439.0243902439,9419271.9197939,31844567.83095685,28439.0243902439
9419662.241949847,31846022.393743623,27951.21951219512,7.758289579227718,9419368.368789656,31845597.145348813,27463.41463414634,9419710.466447724,31846537.050939605,27463.41463414634,9419956.11511004,31846447.642138436,28439.0243902439,9419614.01745197,31845507.73654764,28439.0243902439
9420004.339607917,31846962.299334418,27951.21951219512,7.553430474169497,9419710.466447724,31846537.050939605,27463.41463414634,9420052.564105794,31847476.956530396,27463.41463414634,9420298.212768108,31847387.547729228,28439.0243902439,9419956.11511004,31846447.642138436,28439.0243902439
9420346.437265985,31847902.20492521,27951.21951219512,8.02913262462707,9420052.564105794,31847476.956530396,27463.41463414634,9420394.661763864,31848416.862121195,27463.41463414634,9420640.310426177,31848327.453320023,28439.0243902439,9420298.212768108,31847387.547729228,28439.0243902439
9420688.534924055,31848842.110516004,27951.21951219512,7.941343073956337,9420394.661763864,31848416.862121195,27463.41463414634,9420736.759421932,31849356.767711986,27463.41463414634,9420982.408084247,31849267.358910818,28439.0243902439,9420640.310426177,31848327.453320023,28439.0243902439
9421030.632582124,31849782.016106796,27951.21951219512,8.713025261586969,9420736.759421932,31849356.767711986,27463.41463414634,9421078.857080001,31850296.673302777,27463.41463414634,9421324.505742315,31850207.26450161,28439.0243902439,9420982.408084247,31849267.358910818,28439.0243902439
9421372.730240192,31850721.92169759,27951.21951219512,9.094139613877203,9421078.857080001,31850296.673302777,27463.41463414634,9421420.954738071,31851236.578893576,27463.41463414634,9421666.603400385,31851147.170092404,28439.0243902439,9421324.505742315,31850207.26450161,28439.0243902439
9421714.827898262,31851661.827288385,27951.21951219512,7.746089869594689,9421420.954738071,31851236.578893576,27463.41463414634,9421763.05239614,31852176.484484367,27463.41463414634,9422008.701058455,31852087.0756832,28439.0243902439,9421666.603400385,31851147.170092404,28439.0243902439
9422056.925556332,31852601.732879177,27951.21951219512,7.464664276104602,9421763.05239614,31852176.484484367,27463.41463414634,9422105.150054209,31853116.39007516,27463.41463414634,9422350.798716525,31853026.98127399,28439.0243902439,9422008.701058455,31852087.0756832,28439.0243902439
9422399.0232144,31853541.63846997,27951.21951219512,7.27543341217554,9422105.150054209,31853116.39007516,27463.41463414634,9422447.247712279,31854056.295665953,27463.41463414634,9422692.896374593,31853966.88686478,28439.0243902439,9422350.798716525,31853026.98127399,28439.0243902439
9422741.12087247,31854481.544060763,27951.21951219512,6.712604761900579,9422447.247712279,31854056.295665953,27463.41463414634,9422789.345370347,31854996.20125675,27463.41463414634,9423034.994032662,31854906.79245558,28439.0243902439,9422692.896374593,31853966.88686478,28439.0243902439
9423083.21853054,31855421.449651558,27951.21951219512,6.436577004217197,9422789.345370347,31854996.20125675,27463.41463414634,9423131.443028416,31855936.10684754,27463.41463414634,9423377.091690732,31855846.69804637,28439.0243902439,9423034.994032662,31854906.79245558,28439.0243902439
9423425.316188607,31856361.35524235,27951.21951219512,6.234407389422665,9423131.443028416,31855936.10684754,27463.41463414634,9423473.540686486,31856876.012438335,27463.41463414634,9423719.1893488,31856786.603637163,28439.0243902439,9423377.091690732,31855846.69804637,28439.0243902439
9423767.413846677,31857301.260833144,27951.21951219512,6.67359852716714,9423473.540686486,31856876.012438335,27463.41463414634,9423815.638344554,31857815.91802913,27463.41463414634,9424061.28700687,31857726.50922796,28439.0243902439,9423719.1893488,31856786.603637163,28439.0243902439
9424109.511504749,31858241.16642394,27951.21951219512,7.690908347457219,9423815.638344554,31857815.91802913,27463.41463414634,9424157.736002624,31858755.82361992,27463.41463414634,9424403.38466494,31858666.414818753,28439.0243902439,9424061.28700687,31857726.50922796,28439.0243902439
9424451.609162815,31859181.072014734,27951.21951219512,8.386717622333093,9424157.736002624,31858755.82361992,27463.41463414634,9424499.833660694,31859695.729210716,27463.41463414634,9424745.482323008,31859606.320409544,28439.0243902439,9424403.38466494,31858666.414818753,28439.0243902439
9424793.706820885,31860120.977605525,27951.21951219512,7.529126894235586,9424499.833660694,31859695.729210716,27463.41463414634,9424841.931318762,31860635.634801507,27463.41463414634,9425087.579981077,31860546.226000335,28439.0243902439,9424745.482323008,31859606.320409544,28439.0243902439
9425135.804478956,31861060.883196317,27951.21951219512,8.355487105416444,9424841.931318762,31860635.634801507,27463.41463414634,9425184.028976832,31861575.540392302,27463.41463414634,9425429.677639147,31861486.131591134,28439.0243902439,9425087.579981077,31860546.226000335,28439.0243902439
9425477.902137024,31862000.788787115,27951.21951219512,9.489100701488375,9425184.028976832,31861575.540392302,27463.41463414634,9425526.126634901,31862515.445983097,27463.41463414634,9425771.775297217,31862426.037181925,28439.0243902439,9425429.677639147,31861486.131591134,28439.0243902439
9425819.999795092,31862940.694377903,27951.21951219512,9.761187557172335,9425526.126634901,31862515.445983097,27463.41463414634,9425868.22429297,31863455.35157389,27463.41463414634,9426113.872955285,31863365.942772716,28439.0243902439,9425771.775297217,31862426.037181925,28439.0243902439
9426162.097453164,31863880.599968698,27951.21951219512,12.365440244287722,9425868.22429297,31863455.35157389,27463.41463414634,9426210.32195104,31864395.25716468,27463.41463414634,9426455.970613355,31864305.84836351,28439.0243902439,9426113.872955285,31863365.942772716,28439.0243902439
9426504.195111232,31864820.505559497,27951.21951219512,14.152378395061666,9426210.32195104,31864395.25716468,27463.41463414634,9426552.419609109,31865335.16275548,27463.41463414634,9426798.068271425,31865245.753954306,28439.0243902439,9426455.970613355,31864305.84836351,28439.0243902439
9426846.292769302,31865760.411150288,27951.21951219512,15.491507941772397,9426552.419609109,31865335.16275548,27463.41463414634,9426894.517267177,31866275.06834627,27463.41463414634,9427140.165929493,31866185.659545098,28439.0243902439,9426798.068271425,31865245.753954306,28439.0243902439
9427188.39042737,31866700.31674108,27951.21951219512,16.030654121998605,9426894.517267177,31866275.06834627,27463.41463414634,9427236.614925247,31867214.97393706,27463.41463414634,9427482.263587562,31867125.565135892,28439.0243902439,9427140.165929493,31866185.659545098,28439.0243902439
9427530.48808544,31867640.222331874,27951.21951219512,16.653791184669988,9427236.614925247,31867214.97393706,27463.41463414634,9427578.712583316,31868154.87952786,27463.41463414634,9427824.361245632,31868065.470726687,28439.0243902439,9427482.263587562,31867125.565135892,28439.0243902439
9427872.58574351,31868580.12792267,27951.21951219512,16.84200478843997,9427578.712583316,31868154.87952786,27463.41463414634,9427920.810241384,31869094.78511865,27463.41463414634,9428166.4589037,31869005.37631748,28439.0243902439,9427824.361245632,31868065.470726687,28439.0243902439
9428214.683401579,31869520.033513457,27951.21951219512,17.01038949503392,9427920.810241384,31869094.78511865,27463.41463414634,9428262.907899454,31870034.690709442,27463.41463414634,9428508.55656177,31869945.281908274,28439.0243902439,9428166.4589037,31869005.37631748,28439.0243902439
9428556.781059645,31870459.939104255,27951.21951219512,15.931332076482606,9428262.907899454,31870034.690709442,27463.41463414634,9428605.005557524,31870974.596300237,27463.41463414634,9428850.65421984,31870885.187499065,28439.0243902439,9428508.55656177,31869945.281908274,28439.0243902439
9428898.878717717,31871399.84469505,27951.21951219512,15.46781241890353,9428605.005557524,31870974.596300237,27463.41463414634,9428947.103215594,31871914.50189103,27463.41463414634,9429192.751877908,31871825.09308986,28439.0243902439,9428850.65421984,31870885.187499065,28439.0243902439
9429240.976375787,31872339.75028584,27951.21951219512,14.468653843829106,9428947.103215594,31871914.50189103,27463.41463414634,9429289.200873662,31872854.407481823,27463.41463414634,9429534.849535977,31872764.998680655,28439.0243902439,9429192.751877908,31871825.09308986,28439.0243902439
9429583.074033855,31873279.655876637,27951.21951219512,12.704584899691712,9429289.200873662,31872854.407481823,27463.41463414634,9429631.298531733,31873794.313072614,27463.41463414634,9429876.947194047,31873704.904271446,28439.0243902439,9429534.849535977,31872764.998680655,28439.0243902439
9429925.171691924,31874219.561467428,27951.21951219512,10.799825490703565,9429631.298531733,31873794.313072614,27463.41463414634,9429973.396189801,31874734.218663413,27463.41463414634,9430219.044852115,31874644.80986224,28439.0243902439,9429876.947194047,31873704.904271446,28439.0243902439
9430267.269349994,31875159.467058223,27951.21951219512,8.490299920570713,9429973.396189801,31874734.218663413,27463.41463414634,9430315.49384787,31875674.124254204,27463.41463414634,9430561.142510185,31875584.715453036,28439.0243902439,9430219.044852115,31874644.80986224,28439.0243902439
9430609.367008062,31876099.372649014,27951.21951219512,6.528435293325191,9430315.49384787,31875674.124254204,27463.41463414634,9430657.591505941,31876614.029844996,27463.41463414634,9430903.240168255,31876524.621043827,28439.0243902439,9430561.142510185,31875584.715453036,28439.0243902439
9430951.464666132,31877039.27823981,27951.21951219512,4.976767412607301,9430657.591505941,31876614.029844996,27463.41463414634,9430999.689164009,31877553.93543579,27463.41463414634,9431245.337826323,31877464.52663462,28439.0243902439,9430903.240168255,31876524.621043827,28439.0243902439
9431293.562324202,31877979.183830604,27951.21951219512,4.355763356213521,9430999.689164009,31877553.93543579,27463.41463414634,9431341.786822077,31878493.84102658,27463.41463414634,9431587.435484393,31878404.432225414,28439.0243902439,9431245.337826323,31877464.52663462,28439.0243902439
9431635.65998227,31878919.089421395,27951.21951219512,4.488641879342233,9431341.786822077,31878493.84102658,27463.41463414634,9431683.884480149,31879433.746617377,27463.41463414634,9431929.533142462,31879344.33781621,28439.0243902439,9431587.435484393,31878404.432225414,28439.0243902439
9431977.75764034,31879858.99501219,27951.21951219512,4.71173879163647,9431683.884480149,31879433.746617377,27463.41463414634,9432025.982138216,31880373.65220817,27463.41463414634,9432271.63080053,31880284.243407,28439.0243902439,9431929.533142462,31879344.33781621,28439.0243902439
9432319.85529841,31880798.90060298,27951.21951219512,4.8532019649870275,9432025.982138216,31880373.65220817,27463.41463414634,9432368.079796286,31881313.557798967,27463.41463414634,9432613.7284586,31881224.1489978,28439.0243902439,9432271.63080053,31880284.243407,28439.0243902439
9432661.952956477,31881738.806193776,27951.21951219512,4.824352246353474,9432368.079796286,31881313.557798967,27463.41463414634,9432710.177454356,31882253.463389754,27463.41463414634,9432955.82611667,31882164.05458859,28439.0243902439,9432613.7284586,31881224.1489978,28439.0243902439
9433004.050614547,31882678.711784568,27951.21951219512,4.8452737771001315,9432710.177454356,31882253.463389754,27463.41463414634,9433052.275112424,31883193.368980553,27463.41463414634,9433297.923774738,31883103.96017938,28439.0243902439,9432955.82611667,31882164.05458859,28439.0243902439
9433346.148272617,31883618.617375363,27951.21951219512,4.8884877622562515,9433052.275112424,31883193.368980553,27463.41463414634,9433394.372770494,31884133.274571344,27463.41463414634,9433640.021432808,31884043.865770176,28439.0243902439,9433297.923774738,31883103.96017938,28439.0243902439
9433688.245930685,31884558.522966158,27951.21951219512,5.286986694050943,9433394.372770494,31884133.274571344,27463.41463414634,9433736.470428564,31885073.180162136,27463.41463414634,9433982.119090877,31884983.771360967,28439.0243902439,9433640.021432808,31884043.865770176,28439.0243902439
9434030.343588755,31885498.42855695,27951.21951219512,5.392307183601521,9433736.470428564,31885073.180162136,27463.41463414634,9434078.568086632,31886013.085752934,27463.41463414634,9434324.216748945,31885923.676951762,28439.0243902439,9433982.119090877,31884983.771360967,28439.0243902439
9434372.441246824,31886438.334147744,27951.21951219512,4.936972996814389,9434078.568086632,31886013.085752934,27463.41463414634,9434420.665744701,31886952.991343725,27463.41463414634,9434666.314407015,31886863.582542554,28439.0243902439,9434324.216748945,31885923.676951762,28439.0243902439
9434714.538904892,31887378.239738535,27951.21951219512,5.139431026601806,9434420.665744701,31886952.991343725,27463.41463414634,9434762.763402771,31887892.896934517,27463.41463414634,9435008.412065085,31887803.48813335,28439.0243902439,9434666.314407015,31886863.582542554,28439.0243902439
9435056.636562962,31888318.14532933,27951.21951219512,5.323385100491452,9434762.763402771,31887892.896934517,27463.41463414634,9435104.86106084,31888832.80252531,27463.41463414634,9435350.509723153,31888743.39372414,28439.0243902439,9435008.412065085,31887803.48813335,28439.0243902439
9435398.734221032,31889258.05092012,27951.21951219512,5.1894226948103706,9435104.86106084,31888832.80252531,27463.41463414634,9435446.958718909,31889772.708116107,27463.41463414634,9435692.607381223,31889683.299314935,28439.0243902439,9435350.509723153,31888743.39372414,28439.0243902439
9435740.8318791,31890197.956510916,27951.21951219512,4.95241965264386,9435446.958718909,31889772.708116107,27463.41463414634,9435789.056376979,31890712.613706898,27463.41463414634,9436034.705039294,31890623.20490573,28439.0243902439,9435692.607381223,31889683.299314935,28439.0243902439
9436082.929537171,31891137.862101715,27951.21951219512,4.837033306998814,9435789.056376979,31890712.613706898,27463.41463414634,9436131.154035047,31891652.519297693,27463.41463414634,9436376.80269736,31891563.11049652,28439.0243902439,9436034.705039294,31890623.20490573,28439.0243902439
9436425.02719524,31892077.767692503,27951.21951219512,4.598259741034015,9436131.154035047,31891652.519297693,27463.41463414634,9436473.251693117,31892592.424888488,27463.41463414634,9436718.90035543,31892503.016087316,28439.0243902439,9436376.80269736,31891563.11049652,28439.0243902439
9436767.124853307,31893017.673283298,27951.21951219512,4.225932651736667,9436473.251693117,31892592.424888488,27463.41463414634,9436815.349351186,31893532.33047928,27463.41463414634,9437060.998013502,31893442.92167811,28439.0243902439,9436718.90035543,31892503.016087316,28439.0243902439
9437109.222511377,31893957.578874093,27951.21951219512,4.707856419268145,9436815.349351186,31893532.33047928,27463.41463414634,9437157.447009254,31894472.236070074,27463.41463414634,9437403.095671568,31894382.827268902,28439.0243902439,9437060.998013502,31893442.92167811,28439.0243902439
9437451.320169447,31894897.484464884,27951.21951219512,4.56298018269308,9437157.447009254,31894472.236070074,27463.41463414634,9437499.544667324,31895412.141660865,27463.41463414634,9437745.19332964,31895322.732859693,28439.0243902439,9437403.095671568,31894382.827268902,28439.0243902439
9437793.417827515,31895837.390055675,27951.21951219512,4.303681273384764,9437499.544667324,31895412.141660865,27463.41463414634,9437841.642325394,31896352.04725166,27463.41463414634,9438087.29098771,31896262.638450492,28439.0243902439,9437745.19332964,31895322.732859693,28439.0243902439
9438135.515485585,31896777.295646474,27951.21951219512,4.501102595692461,9437841.642325394,31896352.04725166,27463.41463414634,9438183.739983462,31897291.952842455,27463.41463414634,9438429.388645776,31897202.544041283,28439.0243902439,9438087.29098771,31896262.638450492,28439.0243902439
9438477.613143655,31897717.20123727,27951.21951219512,4.727973854330159,9438183.739983462,31897291.952842455,27463.41463414634,9438525.837641532,31898231.858433247,27463.41463414634,9438771.486303847,31898142.449632075,28439.0243902439,9438429.388645776,31897202.544041283,28439.0243902439
9438819.710801724,31898657.106828056,27951.21951219512,4.798999860218037,9438525.837641532,31898231.858433247,27463.41463414634,9438867.935299601,31899171.76402404,27463.41463414634,9439113.583961917,31899082.355222873,28439.0243902439,9438771.486303847,31898142.449632075,28439.0243902439
9439161.808459792,31899597.012418855,27951.21951219512,4.634084052506346,9438867.935299601,31899171.76402404,27463.41463414634,9439210.03295767,31900111.669614833,27463.41463414634,9439455.681619985,31900022.260813665,28439.0243902439,9439113.583961917,31899082.355222873,28439.0243902439
9439503.906117864,31900536.918009646,27951.21951219512,4.169236005431074,9439210.03295767,31900111.669614833,27463.41463414634,9439552.13061574,31901051.575205628,27463.41463414634,9439797.779278055,31900962.166404456,28439.0243902439,9439455.681619985,31900022.260813665,28439.0243902439
9439846.003775932,31901476.823600437,27951.21951219512,4.109725521452287,9439552.13061574,31901051.575205628,27463.41463414634,9439894.228273809,31901991.48079642,27463.41463414634,9440139.876936125,31901902.07199525,28439.0243902439,9439797.779278055,31900962.166404456,28439.0243902439
9440188.101434002,31902416.729191232,27951.21951219512,3.6434922084962533,9439894.228273809,31901991.48079642,27463.41463414634,9440236.325931877,31902931.386387214,27463.41463414634,9440481.974594193,31902841.977586046,28439.0243902439,9440139.876936125,31901902.07199525,28439.0243902439
9440530.19909207,31903356.634782027,27951.21951219512,2.9183863200219933,9440236.325931877,31902931.386387214,27463.41463414634,9440578.423589947,31903871.29197801,27463.41463414634,9440824.072252262,31903781.883176837,28439.0243902439,9440481.974594193,31902841.977586046,28439.0243902439
9440872.29675014,31904296.540372822,27951.21951219512,3.1192067994221535,9440578.423589947,31903871.29197801,27463.41463414634,9440920.521248017,31904811.1975688,27463.41463414634,9441166.169910332,31904721.788767632,28439.0243902439,9440824.072252262,31903781.883176837,28439.0243902439
9441214.39440821,31905236.445963614,27951.21951219512,3.26754693548698,9440920.521248017,31904811.1975688,27463.41463414634,9441262.618906084,31905751.103159595,27463.41463414634,9441508.2675684,31905661.694358427,28439.0243902439,9441166.169910332,31904721.788767632,28439.0243902439
9441556.492066279,31906176.35155441,27951.21951219512,2.9966357492350855,9441262.618906084,31905751.103159595,27463.41463414634,9441604.716564156,31906691.00875039,27463.41463414634,9441850.36522647,31906601.59994922,28439.0243902439,9441508.2675684,31905661.694358427,28439.0243902439
9441898.589724347,31907116.2571452,27951.21951219512,2.8051806088591404,9441604.716564156,31906691.00875039,27463.41463414634,9441946.814222222,31907630.91434118,27463.41463414634,9442192.46288454,31907541.505540013,28439.0243902439,9441850.36522647,31906601.59994922,28439.0243902439
9442240.687382417,31908056.16273599,27951.21951219512,2.6752939270106912,9441946.814222222,31907630.91434118,27463.41463414634,9442288.911880292,31908570.819931973,27463.41463414634,9442534.560542608,31908481.411130805,28439.0243902439,9442192.46288454,31907541.505540013,28439.0243902439
9442582.785040487,31908996.068326786,27951.21951219512,2.9735825514117806,9442288.911880292,31908570.819931973,27463.41463414634,9442631.009538364,31909510.72552277,27463.41463414634,9442876.658200677,31909421.3167216,28439.0243902439,9442534.560542608,31908481.411130805,28439.0243902439
9442924.882698555,31909935.97391758,27951.21951219512,2.964256339436554,9442631.009538364,31909510.72552277,27463.41463414634,9442973.10719643,31910450.631113563,27463.41463414634,9443218.755858747,31910361.222312395,28439.0243902439,9442876.658200677,31909421.3167216,28439.0243902439
9443266.980356622,31910875.879508376,27951.21951219512,3.1690930970038247,9442973.10719643,31910450.631113563,27463.41463414634,9443315.2048545,31911390.536704354,27463.41463414634,9443560.853516815,31911301.127903186,28439.0243902439,9443218.755858747,31910361.222312395,28439.0243902439
9443609.078014694,31911815.785099167,27951.21951219512,2.6925028751317885,9443315.2048545,31911390.536704354,27463.41463414634,9443657.302512571,31912330.44229515,27463.41463414634,9443902.951174885,31912241.03349398,28439.0243902439,9443560.853516815,31911301.127903186,28439.0243902439
9443951.175672762,31912755.690689955,27951.21951219512,2.5900230575302525,9443657.302512571,31912330.44229515,27463.41463414634,9443999.400170637,31913270.34788594,27463.41463414634,9444245.048832955,31913180.939084772,28439.0243902439,9443902.951174885,31912241.03349398,28439.0243902439
9444293.273330832,31913695.59628075,27951.21951219512,2.6139130722315613,9443999.400170637,31913270.34788594,27463.41463414634,9444341.497828709,31914210.253476735,27463.41463414634,9444587.146491023,31914120.844675567,28439.0243902439,9444245.048832955,31913180.939084772,28439.0243902439
9444635.370988902,31914635.50187155,27951.21951219512,2.3875723745827724,9444341.497828709,31914210.253476735,27463.41463414634,9444683.595486779,31915150.15906753,27463.41463414634,9444929.244149093,31915060.75026636,28439.0243902439,9444587.146491023,31914120.844675567,28439.0243902439
9444977.46864697,31915575.40746234,27951.21951219512,2.070300466469989,9444683.595486779,31915150.15906753,27463.41463414634,9445025.693144847,31916090.064658325,27463.41463414634,9445271.341807162,31916000.655857153,28439.0243902439,9444929.244149093,31915060.75026636,28439.0243902439
9445319.56630504,31916515.313053135,27951.21951219512,1.8852148795630181,9445025.693144847,31916090.064658325,27463.41463414634,9445367.790802917,31917029.970249116,27463.41463414634,9445613.43946523,31916940.56144795,28439.0243902439,9445271.341807162,31916000.655857153,28439.0243902439
9445661.66396311,31917455.218643934,27951.21951219512,1.973227846183902,9445367.790802917,31917029.970249116,27463.41463414634,9445709.888460986,31917969.87583991,27463.41463414634,9445955.5371233,31917880.46703874,28439.0243902439,9445613.43946523,31916940.56144795,28439.0243902439
9446003.761621177,31918395.12423472,27951.21951219512,2.015406902854847,9445709.888460986,31917969.87583991,27463.41463414634,9446051.986119054,31918909.781430703,27463.41463414634,9446297.63478137,31918820.37262953,28439.0243902439,9445955.5371233,31917880.46703874,28439.0243902439
9446345.859279247,31919335.02982551,27951.21951219512,2.3479950741453686,9446051.986119054,31918909.781430703,27463.41463414634,9446394.083777124,31919849.687021494,27463.41463414634,9446639.732439438,31919760.278220326,28439.0243902439,9446297.63478137,31918820.37262953,28439.0243902439
9446687.956937317,31920274.935416307,27951.21951219512,2.5712678219539042,9446394.083777124,31919849.687021494,27463.41463414634,9446736.181435194,31920789.592612293,27463.41463414634,9446981.830097508,31920700.18381112,28439.0243902439,9446639.732439438,31919760.278220326,28439.0243902439
9447030.054595385,31921214.841007102,27951.21951219512,2.484065041600807,9446736.181435194,31920789.592612293,27463.41463414634,9447078.279093262,31921729.498203084,27463.41463414634,9447323.927755577,31921640.089401912,28439.0243902439,9446981.830097508,31920700.18381112,28439.0243902439
9447372.152253455,31922154.746597894,27951.21951219512,2.371461875838507,9447078.279093262,31921729.498203084,27463.41463414634,9447420.376751332,31922669.403793875,27463.41463414634,9447666.025413645,31922579.994992707,28439.0243902439,9447323.927755577,31921640.089401912,28439.0243902439
9447714.249911524,31923094.652188692,27951.21951219512,2.2021612050328727,9447420.376751332,31922669.403793875,27463.41463414634,9447762.474409401,31923609.309384674,27463.41463414634,9448008.123071715,31923519.900583502,28439.0243902439,9447666.025413645,31922579.994992707,28439.0243902439
9448056.347569592,31924034.557779487,27951.21951219512,1.9152953223885383,9447762.474409401,31923609.309384674,27463.41463414634,9448104.57206747,31924549.214975465,27463.41463414634,9448350.220729785,31924459.806174293,28439.0243902439,9448008.123071715,31923519.900583502,28439.0243902439
9407250.277263602,31811156.478083096,28926.829268292677,7.2781754141951085,9406956.404103408,31810731.229688283,28439.0243902439,9407298.501761477,31811671.135279078,28439.0243902439,9407544.150423793,31811581.726477906,29414.634146341465,9407202.052765723,31810641.820887115,29414.634146341465
9407592.37492167,31812096.383673888,28926.829268292677,7.4346400981200444,9407298.501761477,31811671.135279078,28439.0243902439,9407640.599419547,31812611.04086987,28439.0243902439,9407886.248081863,31812521.6320687,29414.634146341465,9407544.150423793,31811581.726477906,29414.634146341465
9407934.47257974,31813036.28926468,28926.829268292677,7.149376834366015,9407640.599419547,31812611.04086987,28439.0243902439,9407982.697077615,31813550.946460664,28439.0243902439,9408228.34573993,31813461.537659496,29414.634146341465,9407886.248081863,31812521.6320687,29414.634146341465
9408276.570237808,31813976.194855478,28926.829268292677,7.658259429945735,9407982.697077615,31813550.946460664,28439.0243902439,9408324.794735685,31814490.85205146,28439.0243902439,9408570.443398,31814401.443250287,29414.634146341465,9408228.34573993,31813461.537659496,29414.634146341465
9408618.667895878,31814916.100446273,28926.829268292677,8.908853049484861,9408324.794735685,31814490.85205146,28439.0243902439,9408666.892393757,31815430.757642254,28439.0243902439,9408912.54105607,31815341.348841086,29414.634146341465,9408570.443398,31814401.443250287,29414.634146341465
9408960.765553948,31815856.006037064,28926.829268292677,8.842635333746593,9408666.892393757,31815430.757642254,28439.0243902439,9409008.990051823,31816370.66323304,28439.0243902439,9409254.638714138,31816281.254431874,29414.634146341465,9408912.54105607,31815341.348841086,29414.634146341465
9409302.863212017,31816795.91162786,28926.829268292677,10.04123233670218,9409008.990051823,31816370.66323304,28439.0243902439,9409351.087709894,31817310.56882384,28439.0243902439,9409596.736372208,31817221.16002267,29414.634146341465,9409254.638714138,31816281.254431874,29414.634146341465
9409644.960870085,31817735.81721865,28926.829268292677,11.265910750797591,9409351.087709894,31817310.56882384,28439.0243902439,9409693.185367964,31818250.47441463,28439.0243902439,9409938.834030278,31818161.065613464,29414.634146341465,9409596.736372208,31817221.16002267,29414.634146341465
9409987.058528155,31818675.72280944,28926.829268292677,13.250122426064033,9409693.185367964,31818250.47441463,28439.0243902439,9410035.28302603,31819190.380005423,28439.0243902439,9410280.931688346,31819100.971204255,29414.634146341465,9409938.834030278,31818161.065613464,29414.634146341465
9410329.156186225,31819615.628400236,28926.829268292677,13.691683003034969,9410035.28302603,31819190.380005423,28439.0243902439,9410377.380684102,31820130.28559622,28439.0243902439,9410623.029346416,31820040.87679505,29414.634146341465,9410280.931688346,31819100.971204255,29414.634146341465
9410671.253844293,31820555.53399103,28926.829268292677,14.54005792274994,9410377.380684102,31820130.28559622,28439.0243902439,9410719.478342172,31821070.191187013,28439.0243902439,9410965.127004486,31820980.78238584,29414.634146341465,9410623.029346416,31820040.87679505,29414.634146341465
9411013.351502363,31821495.439581826,28926.829268292677,14.445060076622033,9410719.478342172,31821070.191187013,28439.0243902439,9411061.576000238,31822010.096777804,28439.0243902439,9411307.224662554,31821920.687976636,29414.634146341465,9410965.127004486,31820980.78238584,29414.634146341465
9411355.449160432,31822435.345172618,28926.829268292677,14.276039327536653,9411061.576000238,31822010.096777804,28439.0243902439,9411403.67365831,31822950.0023686,28439.0243902439,9411649.322320623,31822860.593567427,29414.634146341465,9411307.224662554,31821920.687976636,29414.634146341465
9411697.5468185,31823375.250763413,28926.829268292677,14.497456959152922,9411403.67365831,31822950.0023686,28439.0243902439,9411745.77131638,31823889.907959394,28439.0243902439,9411991.419978693,31823800.499158222,29414.634146341465,9411649.322320623,31822860.593567427,29414.634146341465
9412039.64447657,31824315.156354204,28926.829268292677,12.73142229881989,9411745.77131638,31823889.907959394,28439.0243902439,9412087.868974447,31824829.813550185,28439.0243902439,9412333.517636761,31824740.404749017,29414.634146341465,9411991.419978693,31823800.499158222,29414.634146341465
9412381.74213464,31825255.061945,28926.829268292677,13.286718443807409,9412087.868974447,31824829.813550185,28439.0243902439,9412429.966632517,31825769.71914098,28439.0243902439,9412675.61529483,31825680.31033981,29414.634146341465,9412333.517636761,31824740.404749017,29414.634146341465
9412723.839792708,31826194.96753579,28926.829268292677,13.813084717203253,9412429.966632517,31825769.71914098,28439.0243902439,9412772.064290587,31826709.624731775,28439.0243902439,9413017.7129529,31826620.215930603,29414.634146341465,9412675.61529483,31825680.31033981,29414.634146341465
9413065.937450778,31827134.873126585,28926.829268292677,10.636787515530314,9412772.064290587,31826709.624731775,28439.0243902439,9413114.161948655,31827649.530322567,28439.0243902439,9413359.810610969,31827560.1215214,29414.634146341465,9413017.7129529,31826620.215930603,29414.634146341465
9413408.035108848,31828074.778717384,28926.829268292677,7.838851557260542,9413114.161948655,31827649.530322567,28439.0243902439,9413456.259606725,31828589.43591336,28439.0243902439,9413701.908269038,31828500.02711219,29414.634146341465,9413359.810610969,31827560.1215214,29414.634146341465
9413750.132766915,31829014.68430817,28926.829268292677,7.3992348815458335,9413456.259606725,31828589.43591336,28439.0243902439,9413798.357264794,31829529.341504153,28439.0243902439,9414044.005927108,31829439.93270298,29414.634146341465,9413701.908269038,31828500.02711219,29414.634146341465
9414092.230424985,31829954.589898966,28926.829268292677,8.102141463914423,9413798.357264794,31829529.341504153,28439.0243902439,9414140.454922862,31830469.247094948,28439.0243902439,9414386.103585176,31830379.83829378,29414.634146341465,9414044.005927108,31829439.93270298,29414.634146341465
9414434.328083055,31830894.49548976,28926.829268292677,8.696990078950872,9414140.454922862,31830469.247094948,28439.0243902439,9414482.552580932,31831409.152685743,28439.0243902439,9414728.201243246,31831319.74388457,29414.634146341465,9414386.103585176,31830379.83829378,29414.634146341465
9414776.425741123,31831834.401080552,28926.829268292677,8.910478196037808,9414482.552580932,31831409.152685743,28439.0243902439,9414824.650239002,31832349.058276534,28439.0243902439,9415070.298901316,31832259.649475362,29414.634146341465,9414728.201243246,31831319.74388457,29414.634146341465
9415118.523399193,31832774.306671344,28926.829268292677,9.610751035045013,9414824.650239002,31832349.058276534,28439.0243902439,9415166.74789707,31833288.96386733,28439.0243902439,9415412.396559384,31833199.55506616,29414.634146341465,9415070.298901316,31832259.649475362,29414.634146341465
9415460.621057263,31833714.212262142,28926.829268292677,11.266826284081471,9415166.74789707,31833288.96386733,28439.0243902439,9415508.84555514,31834228.86945812,28439.0243902439,9415754.494217455,31834139.460656952,29414.634146341465,9415412.396559384,31833199.55506616,29414.634146341465
9415802.718715332,31834654.117852937,28926.829268292677,13.04631117832168,9415508.84555514,31834228.86945812,28439.0243902439,9415850.94321321,31835168.775048915,28439.0243902439,9416096.591875523,31835079.366247743,29414.634146341465,9415754.494217455,31834139.460656952,29414.634146341465
9416144.8163734,31835594.023443725,28926.829268292677,15.618302206021985,9415850.94321321,31835168.775048915,28439.0243902439,9416193.040871277,31836108.680639707,28439.0243902439,9416438.689533591,31836019.27183854,29414.634146341465,9416096.591875523,31835079.366247743,29414.634146341465
9416486.91403147,31836533.929034524,28926.829268292677,17.350486516673726,9416193.040871277,31836108.680639707,28439.0243902439,9416535.138529347,31837048.5862305,28439.0243902439,9416780.787191663,31836959.177429333,29414.634146341465,9416438.689533591,31836019.27183854,29414.634146341465
9416829.011689538,31837473.834625315,28926.829268292677,17.785932040889556,9416535.138529347,31837048.5862305,28439.0243902439,9416877.236187417,31837988.491821297,28439.0243902439,9417122.88484973,31837899.083020125,29414.634146341465,9416780.787191663,31836959.177429333,29414.634146341465
9417171.109347608,31838413.740216106,28926.829268292677,17.0637416418511,9416877.236187417,31837988.491821297,28439.0243902439,9417219.333845485,31838928.397412088,28439.0243902439,9417464.9825078,31838838.98861092,29414.634146341465,9417122.88484973,31837899.083020125,29414.634146341465
9417513.207005678,31839353.6458069,28926.829268292677,16.908206427825213,9417219.333845485,31838928.397412088,28439.0243902439,9417561.431503555,31839868.30300288,28439.0243902439,9417807.08016587,31839778.894201715,29414.634146341465,9417464.9825078,31838838.98861092,29414.634146341465
9417855.304663746,31840293.551397696,28926.829268292677,17.55476541253659,9417561.431503555,31839868.30300288,28439.0243902439,9417903.529161625,31840808.208593674,28439.0243902439,9418149.177823938,31840718.799792502,29414.634146341465,9417807.08016587,31839778.894201715,29414.634146341465
9418197.402321815,31841233.456988484,28926.829268292677,16.11306367443827,9417903.529161625,31840808.208593674,28439.0243902439,9418245.626819693,31841748.11418447,28439.0243902439,9418491.275482008,31841658.7053833,29414.634146341465,9418149.177823938,31840718.799792502,29414.634146341465
9418539.499979887,31842173.36257928,28926.829268292677,14.248038371665727,9418245.626819693,31841748.11418447,28439.0243902439,9418587.724477762,31842688.01977526,28439.0243902439,9418833.373140078,31842598.610974092,29414.634146341465,9418491.275482008,31841658.7053833,29414.634146341465
9418881.597637953,31843113.268170077,28926.829268292677,13.413370422443116,9418587.724477762,31842688.01977526,28439.0243902439,9418929.822135832,31843627.92536606,28439.0243902439,9419175.470798148,31843538.516564887,29414.634146341465,9418833.373140078,31842598.610974092,29414.634146341465
9419223.695296025,31844053.17376087,28926.829268292677,11.150117054886614,9418929.822135832,31843627.92536606,28439.0243902439,9419271.9197939,31844567.83095685,28439.0243902439,9419517.568456216,31844478.422155682,29414.634146341465,9419175.470798148,31843538.516564887,29414.634146341465
9419565.792954095,31844993.07935166,28926.829268292677,9.601992560569517,9419271.9197939,31844567.83095685,28439.0243902439,9419614.01745197,31845507.73654764,28439.0243902439,9419859.666114286,31845418.327746473,29414.634146341465,9419517.568456216,31844478.422155682,29414.634146341465
9419907.890612163,31845932.984942455,28926.829268292677,8.79137220940084,9419614.01745197,31845507.73654764,28439.0243902439,9419956.11511004,31846447.642138436,28439.0243902439,9420201.763772355,31846358.233337265,29414.634146341465,9419859.666114286,31845418.327746473,29414.634146341465
9420249.98827023,31846872.890533246,28926.829268292677,8.98373583838868,9419956.11511004,31846447.642138436,28439.0243902439,9420298.212768108,31847387.547729228,28439.0243902439,9420543.861430423,31847298.138928056,29414.634146341465,9420201.763772355,31846358.233337265,29414.634146341465
9420592.085928302,31847812.796124037,28926.829268292677,8.734171030884909,9420298.212768108,31847387.547729228,28439.0243902439,9420640.310426177,31848327.453320023,28439.0243902439,9420885.959088493,31848238.044518854,29414.634146341465,9420543.861430423,31847298.138928056,29414.634146341465
9420934.18358637,31848752.701714836,28926.829268292677,9.546049643502306,9420640.310426177,31848327.453320023,28439.0243902439,9420982.408084247,31849267.358910818,28439.0243902439,9421228.056746563,31849177.950109646,29414.634146341465,9420885.959088493,31848238.044518854,29414.634146341465
9421276.28124444,31849692.607305624,28926.829268292677,9.714128668432071,9420982.408084247,31849267.358910818,28439.0243902439,9421324.505742315,31850207.26450161,28439.0243902439,9421570.15440463,31850117.855700437,29414.634146341465,9421228.056746563,31849177.950109646,29414.634146341465
9421618.378902508,31850632.51289642,28926.829268292677,9.681890609467589,9421324.505742315,31850207.26450161,28439.0243902439,9421666.603400385,31851147.170092404,28439.0243902439,9421912.2520627,31851057.761291236,29414.634146341465,9421570.15440463,31850117.855700437,29414.634146341465
9421960.476560578,31851572.418487217,28926.829268292677,8.53579971087855,9421666.603400385,31851147.170092404,28439.0243902439,9422008.701058455,31852087.0756832,28439.0243902439,9422254.34972077,31851997.666882027,29414.634146341465,9421912.2520627,31851057.761291236,29414.634146341465
9422302.574218648,31852512.32407801,28926.829268292677,8.938241142641235,9422008.701058455,31852087.0756832,28439.0243902439,9422350.798716525,31853026.98127399,28439.0243902439,9422596.447378838,31852937.57247282,29414.634146341465,9422254.34972077,31851997.666882027,29414.634146341465
9422644.671876717,31853452.2296688,28926.829268292677,8.502720574035278,9422350.798716525,31853026.98127399,28439.0243902439,9422692.896374593,31853966.88686478,28439.0243902439,9422938.545036908,31853877.478063613,29414.634146341465,9422596.447378838,31852937.57247282,29414.634146341465
9422986.769534785,31854392.135259595,28926.829268292677,7.559130376735999,9422692.896374593,31853966.88686478,28439.0243902439,9423034.994032662,31854906.79245558,28439.0243902439,9423280.642694978,31854817.38365441,29414.634146341465,9422938.545036908,31853877.478063613,29414.634146341465
9423328.867192855,31855332.04085039,28926.829268292677,7.283705509675098,9423034.994032662,31854906.79245558,28439.0243902439,9423377.091690732,31855846.69804637,28439.0243902439,9423622.740353046,31855757.2892452,29414.634146341465,9423280.642694978,31854817.38365441,29414.634146341465
9423670.964850925,31856271.946441177,28926.829268292677,6.3920349733956385,9423377.091690732,31855846.69804637,28439.0243902439,9423719.1893488,31856786.603637163,28439.0243902439,9423964.838011116,31856697.194835994,29414.634146341465,9423622.740353046,31855757.2892452,29414.634146341465
9424013.062508993,31857211.852031976,28926.829268292677,7.081754944204743,9423719.1893488,31856786.603637163,28439.0243902439,9424061.28700687,31857726.50922796,28439.0243902439,9424306.935669186,31857637.10042679,29414.634146341465,9423964.838011116,31856697.194835994,29414.634146341465
9424355.160167063,31858151.75762277,28926.829268292677,7.635224929294427,9424061.28700687,31857726.50922796,28439.0243902439,9424403.38466494,31858666.414818753,28439.0243902439,9424649.033327254,31858577.00601758,29414.634146341465,9424306.935669186,31857637.10042679,29414.634146341465
9424697.257825132,31859091.663213562,28926.829268292677,8.027031507421412,9424403.38466494,31858666.414818753,28439.0243902439,9424745.482323008,31859606.320409544,28439.0243902439,9424991.130985323,31859516.911608376,29414.634146341465,9424649.033327254,31858577.00601758,29414.634146341465
9425039.3554832,31860031.568804357,28926.829268292677,8.482140631716726,9424745.482323008,31859606.320409544,28439.0243902439,9425087.579981077,31860546.226000335,28439.0243902439,9425333.228643393,31860456.817199167,29414.634146341465,9424991.130985323,31859516.911608376,29414.634146341465
9425381.45314127,31860971.47439515,28926.829268292677,8.572561895246546,9425087.579981077,31860546.226000335,28439.0243902439,9425429.677639147,31861486.131591134,28439.0243902439,9425675.326301461,31861396.72278996,29414.634146341465,9425333.228643393,31860456.817199167,29414.634146341465
9425723.55079934,31861911.379985943,28926.829268292677,8.497905121090245,9425429.677639147,31861486.131591134,28439.0243902439,9425771.775297217,31862426.037181925,28439.0243902439,9426017.42395953,31862336.628380757,29414.634146341465,9425675.326301461,31861396.72278996,29414.634146341465
9426065.648457408,31862851.285576735,28926.829268292677,9.803831236978029,9425771.775297217,31862426.037181925,28439.0243902439,9426113.872955285,31863365.942772716,28439.0243902439,9426359.5216176,31863276.533971548,29414.634146341465,9426017.42395953,31862336.628380757,29414.634146341465
9426407.746115478,31863791.19116753,28926.829268292677,12.000967640102347,9426113.872955285,31863365.942772716,28439.0243902439,9426455.970613355,31864305.84836351,28439.0243902439,9426701.619275669,31864216.439562343,29414.634146341465,9426359.5216176,31863276.533971548,29414.634146341465
9426749.843773548,31864731.096758325,28926.829268292677,12.801537161271183,9426455.970613355,31864305.84836351,28439.0243902439,9426798.068271425,31865245.753954306,28439.0243902439,9427043.716933738,31865156.345153138,29414.634146341465,9426701.619275669,31864216.439562343,29414.634146341465
9427091.941431616,31865671.002349116,28926.829268292677,13.672230635150859,9426798.068271425,31865245.753954306,28439.0243902439,9427140.165929493,31866185.659545098,28439.0243902439,9427385.814591808,31866096.25074393,29414.634146341465,9427043.716933738,31865156.345153138,29414.634146341465
9427434.039089685,31866610.90793991,28926.829268292677,13.518901932900295,9427140.165929493,31866185.659545098,28439.0243902439,9427482.263587562,31867125.565135892,28439.0243902439,9427727.912249876,31867036.15633472,29414.634146341465,9427385.814591808,31866096.25074393,29414.634146341465
9427776.136747755,31867550.813530702,28926.829268292677,13.12061516141238,9427482.263587562,31867125.565135892,28439.0243902439,9427824.361245632,31868065.470726687,28439.0243902439,9428070.009907946,31867976.06192552,29414.634146341465,9427727.912249876,31867036.15633472,29414.634146341465
9428118.234405823,31868490.719121497,28926.829268292677,13.139902598342799,9427824.361245632,31868065.470726687,28439.0243902439,9428166.4589037,31869005.37631748,28439.0243902439,9428412.107566016,31868915.96751631,29414.634146341465,9428070.009907946,31867976.06192552,29414.634146341465
9428460.332063893,31869430.62471229,28926.829268292677,13.1271989206504,9428166.4589037,31869005.37631748,28439.0243902439,9428508.55656177,31869945.281908274,28439.0243902439,9428754.205224084,31869855.8731071,29414.634146341465,9428412.107566016,31868915.96751631,29414.634146341465
9428802.429721963,31870370.530303083,28926.829268292677,13.449345063479733,9428508.55656177,31869945.281908274,28439.0243902439,9428850.65421984,31870885.187499065,28439.0243902439,9429096.302882154,31870795.778697897,29414.634146341465,9428754.205224084,31869855.8731071,29414.634146341465
9429144.52738003,31871310.43589388,28926.829268292677,14.185094513561692,9428850.65421984,31870885.187499065,28439.0243902439,9429192.751877908,31871825.09308986,28439.0243902439,9429438.400540225,31871735.68428869,29414.634146341465,9429096.302882154,31870795.778697897,29414.634146341465
9429486.6250381,31872250.341484673,28926.829268292677,13.478934587630636,9429192.751877908,31871825.09308986,28439.0243902439,9429534.849535977,31872764.998680655,28439.0243902439,9429780.498198291,31872675.589879483,29414.634146341465,9429438.400540225,31871735.68428869,29414.634146341465
9429828.72269617,31873190.247075465,28926.829268292677,11.308926653695632,9429534.849535977,31872764.998680655,28439.0243902439,9429876.947194047,31873704.904271446,28439.0243902439,9430122.595856361,31873615.495470274,29414.634146341465,9429780.498198291,31872675.589879483,29414.634146341465
9430170.820354238,31874130.152666256,28926.829268292677,9.014010358795083,9429876.947194047,31873704.904271446,28439.0243902439,9430219.044852115,31874644.80986224,28439.0243902439,9430464.693514433,31874555.401061073,29414.634146341465,9430122.595856361,31873615.495470274,29414.634146341465
9430512.91801231,31875070.058257055,28926.829268292677,8.220528616252398,9430219.044852115,31874644.80986224,28439.0243902439,9430561.142510185,31875584.715453036,28439.0243902439,9430806.791172499,31875495.306651864,29414.634146341465,9430464.693514433,31874555.401061073,29414.634146341465
9430855.015670376,31876009.963847842,28926.829268292677,6.769793083197423,9430561.142510185,31875584.715453036,28439.0243902439,9430903.240168255,31876524.621043827,28439.0243902439,9431148.88883057,31876435.212242655,29414.634146341465,9430806.791172499,31875495.306651864,29414.634146341465
9431197.113328448,31876949.869438637,28926.829268292677,5.866758286797725,9430903.240168255,31876524.621043827,28439.0243902439,9431245.337826323,31877464.52663462,28439.0243902439,9431490.98648864,31877375.11783345,29414.634146341465,9431148.88883057,31876435.212242655,29414.634146341465
9431539.210986516,31877889.775029436,28926.829268292677,5.433624257568643,9431245.337826323,31877464.52663462,28439.0243902439,9431587.435484393,31878404.432225414,28439.0243902439,9431833.084146706,31878315.02342424,29414.634146341465,9431490.98648864,31877375.11783345,29414.634146341465
9431881.308644583,31878829.680620223,28926.829268292677,5.3759597681184195,9431587.435484393,31878404.432225414,28439.0243902439,9431929.533142462,31879344.33781621,28439.0243902439,9432175.181804778,31879254.929015037,29414.634146341465,9431833.084146706,31878315.02342424,29414.634146341465
9432223.406302653,31879769.58621102,28926.829268292677,4.978675661307552,9431929.533142462,31879344.33781621,28439.0243902439,9432271.63080053,31880284.243407,28439.0243902439,9432517.279462848,31880194.83460583,29414.634146341465,9432175.181804778,31879254.929015037,29414.634146341465
9432565.503960725,31880709.491801813,28926.829268292677,5.06606493599856,9432271.63080053,31880284.243407,28439.0243902439,9432613.7284586,31881224.1489978,28439.0243902439,9432859.377120916,31881134.740196627,29414.634146341465,9432517.279462848,31880194.83460583,29414.634146341465
9432907.601618793,31881649.39739261,28926.829268292677,5.455718719009901,9432613.7284586,31881224.1489978,28439.0243902439,9432955.82611667,31882164.05458859,28439.0243902439,9433201.474778986,31882074.645787418,29414.634146341465,9432859.377120916,31881134.740196627,29414.634146341465
9433249.699276863,31882589.302983396,28926.829268292677,5.654849714342778,9432955.82611667,31882164.05458859,28439.0243902439,9433297.923774738,31883103.96017938,28439.0243902439,9433543.572437055,31883014.551378213,29414.634146341465,9433201.474778986,31882074.645787418,29414.634146341465
9433591.79693493,31883529.208574194,28926.829268292677,6.030488258868938,9433297.923774738,31883103.96017938,28439.0243902439,9433640.021432808,31884043.865770176,28439.0243902439,9433885.670095123,31883954.456969004,29414.634146341465,9433543.572437055,31883014.551378213,29414.634146341465
9433933.894593,31884469.11416499,28926.829268292677,6.689077169685038,9433640.021432808,31884043.865770176,28439.0243902439,9433982.119090877,31884983.771360967,28439.0243902439,9434227.767753193,31884894.362559795,29414.634146341465,9433885.670095123,31883954.456969004,29414.634146341465
9434275.99225107,31885409.019755777,28926.829268292677,6.767521192106946,9433982.119090877,31884983.771360967,28439.0243902439,9434324.216748945,31885923.676951762,28439.0243902439,9434569.865411263,31885834.268150594,29414.634146341465,9434227.767753193,31884894.362559795,29414.634146341465
9434618.08990914,31886348.925346576,28926.829268292677,7.00011623348904,9434324.216748945,31885923.676951762,28439.0243902439,9434666.314407015,31886863.582542554,28439.0243902439,9434911.96306933,31886774.173741385,29414.634146341465,9434569.865411263,31885834.268150594,29414.634146341465
9434960.187567206,31887288.830937367,28926.829268292677,6.405227513345963,9434666.314407015,31886863.582542554,28439.0243902439,9435008.412065085,31887803.48813335,28439.0243902439,9435254.0607274,31887714.079332177,29414.634146341465,9434911.96306933,31886774.173741385,29414.634146341465
9435302.285225278,31888228.73652816,28926.829268292677,5.755056275059433,9435008.412065085,31887803.48813335,28439.0243902439,9435350.509723153,31888743.39372414,28439.0243902439,9435596.15838547,31888653.98492297,29414.634146341465,9435254.0607274,31887714.079332177,29414.634146341465
9435644.382883348,31889168.642118953,28926.829268292677,5.396190028563551,9435350.509723153,31888743.39372414,28439.0243902439,9435692.607381223,31889683.299314935,28439.0243902439,9435938.256043538,31889593.890513767,29414.634146341465,9435596.15838547,31888653.98492297,29414.634146341465
9435986.480541416,31890108.54770975,28926.829268292677,5.449394162874698,9435692.607381223,31889683.299314935,28439.0243902439,9436034.705039294,31890623.20490573,28439.0243902439,9436280.353701608,31890533.796104558,29414.634146341465,9435938.256043538,31889593.890513767,29414.634146341465
9436328.578199485,31891048.453300543,28926.829268292677,5.7232699233806,9436034.705039294,31890623.20490573,28439.0243902439,9436376.80269736,31891563.11049652,28439.0243902439,9436622.451359678,31891473.701695353,29414.634146341465,9436280.353701608,31890533.796104558,29414.634146341465
9436670.675857555,31891988.358891334,28926.829268292677,5.891101834883562,9436376.80269736,31891563.11049652,28439.0243902439,9436718.90035543,31892503.016087316,28439.0243902439,9436964.549017746,31892413.607286148,29414.634146341465,9436622.451359678,31891473.701695353,29414.634146341465
9437012.773515623,31892928.26448213,28926.829268292677,5.773888275056506,9436718.90035543,31892503.016087316,28439.0243902439,9437060.998013502,31893442.92167811,28439.0243902439,9437306.646675816,31893353.51287694,29414.634146341465,9436964.549017746,31892413.607286148,29414.634146341465
9437354.871173693,31893868.17007292,28926.829268292677,5.348135746146699,9437060.998013502,31893442.92167811,28439.0243902439,9437403.095671568,31894382.827268902,28439.0243902439,9437648.744333886,31894293.418467734,29414.634146341465,9437306.646675816,31893353.51287694,29414.634146341465
9437696.968831763,31894808.075663712,28926.829268292677,4.737135409674364,9437403.095671568,31894382.827268902,28439.0243902439,9437745.19332964,31895322.732859693,28439.0243902439,9437990.841991954,31895233.324058525,29414.634146341465,9437648.744333886,31894293.418467734,29414.634146341465
9438039.06648983,31895747.981254507,28926.829268292677,4.944079977049232,9437745.19332964,31895322.732859693,28439.0243902439,9438087.29098771,31896262.638450492,28439.0243902439,9438332.939650023,31896173.22964932,29414.634146341465,9437990.841991954,31895233.324058525,29414.634146341465
9438381.1641479,31896687.8868453,28926.829268292677,4.797708175248789,9438087.29098771,31896262.638450492,28439.0243902439,9438429.388645776,31897202.544041283,28439.0243902439,9438675.037308091,31897113.135240115,29414.634146341465,9438332.939650023,31896173.22964932,29414.634146341465
9438723.26180597,31897627.792436097,28926.829268292677,4.184162195417726,9438429.388645776,31897202.544041283,28439.0243902439,9438771.486303847,31898142.449632075,28439.0243902439,9439017.134966161,31898053.040830906,29414.634146341465,9438675.037308091,31897113.135240115,29414.634146341465
9439065.359464038,31898567.698026888,28926.829268292677,4.621119933172005,9438771.486303847,31898142.449632075,28439.0243902439,9439113.583961917,31899082.355222873,28439.0243902439,9439359.23262423,31898992.9464217,29414.634146341465,9439017.134966161,31898053.040830906,29414.634146341465
9439407.457122108,31899507.603617683,28926.829268292677,4.852752475698367,9439113.583961917,31899082.355222873,28439.0243902439,9439455.681619985,31900022.260813665,28439.0243902439,9439701.330282299,31899932.852012493,29414.634146341465,9439359.23262423,31898992.9464217,29414.634146341465
9439749.554780178,31900447.509208474,28926.829268292677,4.161098064417828,9439455.681619985,31900022.260813665,28439.0243902439,9439797.779278055,31900962.166404456,28439.0243902439,9440043.427940369,31900872.757603288,29414.634146341465,9439701.330282299,31899932.852012493,29414.634146341465
9440091.652438246,31901387.41479927,28926.829268292677,4.586302376010958,9439797.779278055,31900962.166404456,28439.0243902439,9440139.876936125,31901902.07199525,28439.0243902439,9440385.525598438,31901812.66319408,29414.634146341465,9440043.427940369,31900872.757603288,29414.634146341465
9440433.750096316,31902327.32039006,28926.829268292677,4.664409743042029,9440139.876936125,31901902.07199525,28439.0243902439,9440481.974594193,31902841.977586046,28439.0243902439,9440727.623256506,31902752.568784874,29414.634146341465,9440385.525598438,31901812.66319408,29414.634146341465
9440775.847754385,31903267.225980856,28926.829268292677,4.1269068276905205,9440481.974594193,31902841.977586046,28439.0243902439,9440824.072252262,31903781.883176837,28439.0243902439,9441069.720914576,31903692.47437567,29414.634146341465,9440727.623256506,31902752.568784874,29414.634146341465
9441117.945412453,31904207.131571654,28926.829268292677,4.6444361791288955,9440824.072252262,31903781.883176837,28439.0243902439,9441166.169910332,31904721.788767632,28439.0243902439,9441411.818572646,31904632.37996646,29414.634146341465,9441069.720914576,31903692.47437567,29414.634146341465
9441460.043070523,31905147.03716244,28926.829268292677,4.892567152703348,9441166.169910332,31904721.788767632,28439.0243902439,9441508.2675684,31905661.694358427,28439.0243902439,9441753.916230714,31905572.285557255,29414.634146341465,9441411.818572646,31904632.37996646,29414.634146341465
9441802.140728593,31906086.942753237,28926.829268292677,5.056251497059136,9441508.2675684,31905661.694358427,28439.0243902439,9441850.36522647,31906601.59994922,28439.0243902439,9442096.013888786,31906512.19114805,29414.634146341465,9441753.916230714,31905572.285557255,29414.634146341465
9442144.23838666,31907026.84834403,28926.829268292677,4.58000062594307,9441850.36522647,31906601.59994922,28439.0243902439,9442192.46288454,31907541.505540013,28439.0243902439,9442438.111546854,31907452.09673884,29414.634146341465,9442096.013888786,31906512.19114805,29414.634146341465
9442486.33604473,31907966.753934823,28926.829268292677,4.201809141999869,9442192.46288454,31907541.505540013,28439.0243902439,9442534.560542608,31908481.411130805,28439.0243902439,9442780.209204921,31908392.002329633,29414.634146341465,9442438.111546854,31907452.09673884,29414.634146341465
9442828.4337028,31908906.659525614,28926.829268292677,3.754585475120468,9442534.560542608,31908481.411130805,28439.0243902439,9442876.658200677,31909421.3167216,28439.0243902439,9443122.306862993,31909331.90792043,29414.634146341465,9442780.209204921,31908392.002329633,29414.634146341465
9443170.531360868,31909846.565116413,28926.829268292677,3.3170446162046288,9442876.658200677,31909421.3167216,28439.0243902439,9443218.755858747,31910361.222312395,28439.0243902439,9443464.404521061,31910271.813511223,29414.634146341465,9443122.306862993,31909331.90792043,29414.634146341465
9443512.629018938,31910786.470707208,28926.829268292677,3.3726170048164086,9443218.755858747,31910361.222312395,28439.0243902439,9443560.853516815,31911301.127903186,28439.0243902439,9443806.502179129,31911211.719102014,29414.634146341465,9443464.404521061,31910271.813511223,29414.634146341465
9443854.726677008,31911726.376297995,28926.829268292677,2.9945556325209632,9443560.853516815,31911301.127903186,28439.0243902439,9443902.951174885,31912241.03349398,28439.0243902439,9444148.5998372,31912151.624692813,29414.634146341465,9443806.502179129,31911211.719102014,29414.634146341465
9444196.824335076,31912666.281888794,28926.829268292677,3.044119615739456,9443902.951174885,31912241.03349398,28439.0243902439,9444245.048832955,31913180.939084772,28439.0243902439,9444490.697495269,31913091.5302836,29414.634146341465,9444148.5998372,31912151.624692813,29414.634146341465
9444538.921993146,31913606.18747958,28926.829268292677,3.1080706479726126,9444245.048832955,31913180.939084772,28439.0243902439,9444587.146491023,31914120.844675567,28439.0243902439,9444832.795153338,31914031.435874395,29414.634146341465,9444490.697495269,31913091.5302836,29414.634146341465
9444881.019651217,31914546.093070377,28926.829268292677,2.8411685182341246,9444587.146491023,31914120.844675567,28439.0243902439,9444929.244149093,31915060.75026636,28439.0243902439,9445174.892811408,31914971.34146519,29414.634146341465,9444832.795153338,31914031.435874395,29414.634146341465
9445223.117309285,31915485.99866117,28926.829268292677,2.9695409777113846,9444929.244149093,31915060.75026636,28439.0243902439,9445271.341807162,31916000.655857153,28439.0243902439,9445516.990469478,31915911.247055985,29414.634146341465,9445174.892811408,31914971.34146519,29414.634146341465
9445565.214967353,31916425.904251967,28926.829268292677,2.8589153968790537,9445271.341807162,31916000.655857153,28439.0243902439,9445613.43946523,31916940.56144795,28439.0243902439,9445859.088127546,31916851.152646776,29414.634146341465,9445516.990469478,31915911.247055985,29414.634146341465
9445907.312625425,31917365.80984276,28926.829268292677,2.512549524363256,9445613.43946523,31916940.56144795,28439.0243902439,9445955.5371233,31917880.46703874,28439.0243902439,9446201.185785616,31917791.05823757,29414.634146341465,9445859.088127546,31916851.152646776,29414.634146341465
9446249.410283493,31918305.715433553,28926.829268292677,2.716725060939257,9445955.5371233,31917880.46703874,28439.0243902439,9446297.63478137,31918820.37262953,28439.0243902439,9446543.283443686,31918730.963828363,29414.634146341465,9446201.185785616,31917791.05823757,29414.634146341465
9446591.507941563,31919245.62102434,28926.829268292677,3.1215895591230653,9446297.63478137,31918820.37262953,28439.0243902439,9446639.732439438,31919760.278220326,28439.0243902439,9446885.381101754,31919670.869419154,29414.634146341465,9446543.283443686,31918730.963828363,29414.634146341465
9446933.60559963,31920185.526615135,28926.829268292677,2.9647361794432276,9446639.732439438,31919760.278220326,28439.0243902439,9446981.830097508,31920700.18381112,28439.0243902439,9447227.478759823,31920610.775009952,29414.634146341465,9446885.381101754,31919670.869419154,29414.634146341465
9447275.7032577,31921125.43220593,28926.829268292677,3.0655249355389063,9446981.830097508,31920700.18381112,28439.0243902439,9447323.927755577,31921640.089401912,28439.0243902439,9447569.576417893,31921550.680600744,29414.634146341465,9447227.478759823,31920610.775009952,29414.634146341465
9447617.80091577,31922065.337796725,28926.829268292677,2.8917410722793395,9447323.927755577,31921640.089401912,28439.0243902439,9447666.025413645,31922579.994992707,28439.0243902439,9447911.674075961,31922490.586191535,29414.634146341465,9447569.576417893,31921550.680600744,29414.634146341465
9447959.89857384,31923005.24338752,28926.829268292677,2.4612189584739816,9447666.025413645,31922579.994992707,28439.0243902439,9448008.123071715,31923519.900583502,28439.0243902439,9448253.77173403,31923430.491782334,29414.634146341465,9447911.674075961,31922490.586191535,29414.634146341465
9448301.996231906,31923945.148978315,28926.829268292677,2.20835010073478,9448008.123071715,31923519.900583502,28439.0243902439,9448350.220729785,31924459.806174293,28439.0243902439,9448595.8693921,31924370.397373125,29414.634146341465,9448253.77173403,31923430.491782334,29414.634146341465
9407495.925925916,31811067.069281925,29902.439024390245,5.878384867466448,9407202.052765723,31810641.820887115,29414.634146341465,9407544.150423793,31811581.726477906,29414.634146341465,9407789.799086107,31811492.317676738,30390.243902439026,9407447.701428039,31810552.412085943,30390.243902439026
9407838.023583986,31812006.97487272,29902.439024390245,6.642967097165076,9407544.150423793,31811581.726477906,29414.634146341465,9407886.248081863,31812521.6320687,29414.634146341465,9408131.896744177,31812432.22326753,30390.243902439026,9407789.799086107,31811492.317676738,30390.243902439026
9408180.121242054,31812946.88046351,29902.439024390245,7.321964482414599,9407886.248081863,31812521.6320687,29414.634146341465,9408228.34573993,31813461.537659496,29414.634146341465,9408473.994402247,31813372.128858324,30390.243902439026,9408131.896744177,31812432.22326753,30390.243902439026
9408522.218900124,31813886.786054306,29902.439024390245,7.56899012308375,9408228.34573993,31813461.537659496,29414.634146341465,9408570.443398,31814401.443250287,29414.634146341465,9408816.092060314,31814312.03444912,30390.243902439026,9408473.994402247,31813372.128858324,30390.243902439026
9408864.316558193,31814826.691645104,29902.439024390245,8.961231582739853,9408570.443398,31814401.443250287,29414.634146341465,9408912.54105607,31815341.348841086,29414.634146341465,9409158.189718386,31815251.940039914,30390.243902439026,9408816.092060314,31814312.03444912,30390.243902439026
9409206.414216261,31815766.597235896,29902.439024390245,9.707156659229701,9408912.54105607,31815341.348841086,29414.634146341465,9409254.638714138,31816281.254431874,29414.634146341465,9409500.287376454,31816191.8456307,30390.243902439026,9409158.189718386,31815251.940039914,30390.243902439026
9409548.511874331,31816706.502826687,29902.439024390245,10.851912949879116,9409254.638714138,31816281.254431874,29414.634146341465,9409596.736372208,31817221.16002267,29414.634146341465,9409842.385034522,31817131.7512215,30390.243902439026,9409500.287376454,31816191.8456307,30390.243902439026
9409890.609532401,31817646.408417482,29902.439024390245,11.105965473943671,9409596.736372208,31817221.16002267,29414.634146341465,9409938.834030278,31818161.065613464,29414.634146341465,9410184.482692594,31818071.65681229,30390.243902439026,9409842.385034522,31817131.7512215,30390.243902439026
9410232.70719047,31818586.314008273,29902.439024390245,10.261257303029542,9409938.834030278,31818161.065613464,29414.634146341465,9410280.931688346,31819100.971204255,29414.634146341465,9410526.580350662,31819011.562403083,30390.243902439026,9410184.482692594,31818071.65681229,30390.243902439026
9410574.804848539,31819526.219599064,29902.439024390245,11.56713240191081,9410280.931688346,31819100.971204255,29414.634146341465,9410623.029346416,31820040.87679505,29414.634146341465,9410868.678008731,31819951.46799388,30390.243902439026,9410526.580350662,31819011.562403083,30390.243902439026
9410916.902506609,31820466.125189863,29902.439024390245,13.798107636362522,9410623.029346416,31820040.87679505,29414.634146341465,9410965.127004486,31820980.78238584,29414.634146341465,9411210.775666801,31820891.373584673,30390.243902439026,9410868.678008731,31819951.46799388,30390.243902439026
9411259.000164676,31821406.030780658,29902.439024390245,15.856986308480582,9410965.127004486,31820980.78238584,29414.634146341465,9411307.224662554,31821920.687976636,29414.634146341465,9411552.87332487,31821831.279175464,30390.243902439026,9411210.775666801,31820891.373584673,30390.243902439026
9411601.097822746,31822345.936371446,29902.439024390245,14.935216076424611,9411307.224662554,31821920.687976636,29414.634146341465,9411649.322320623,31822860.593567427,29414.634146341465,9411894.970982939,31822771.18476626,30390.243902439026,9411552.87332487,31821831.279175464,30390.243902439026
9411943.195480814,31823285.841962244,29902.439024390245,12.518181729939531,9411649.322320623,31822860.593567427,29414.634146341465,9411991.419978693,31823800.499158222,29414.634146341465,9412237.068641009,31823711.090357054,30390.243902439026,9411894.970982939,31822771.18476626,30390.243902439026
9412285.293138886,31824225.747553036,29902.439024390245,11.708458657004947,9411991.419978693,31823800.499158222,29414.634146341465,9412333.517636761,31824740.404749017,29414.634146341465,9412579.166299079,31824650.995947845,30390.243902439026,9412237.068641009,31823711.090357054,30390.243902439026
9412627.390796956,31825165.653143827,29902.439024390245,11.988619014382367,9412333.517636761,31824740.404749017,29414.634146341465,9412675.61529483,31825680.31033981,29414.634146341465,9412921.263957147,31825590.90153864,30390.243902439026,9412579.166299079,31824650.995947845,30390.243902439026
9412969.488455024,31826105.558734618,29902.439024390245,12.615003076393348,9412675.61529483,31825680.31033981,29414.634146341465,9413017.7129529,31826620.215930603,29414.634146341465,9413263.361615216,31826530.807129435,30390.243902439026,9412921.263957147,31825590.90153864,30390.243902439026
9413311.586113092,31827045.464325417,29902.439024390245,11.506452512384154,9413017.7129529,31826620.215930603,29414.634146341465,9413359.810610969,31827560.1215214,29414.634146341465,9413605.459273286,31827470.712720226,30390.243902439026,9413263.361615216,31826530.807129435,30390.243902439026
9413653.683771163,31827985.36991621,29902.439024390245,9.977419243511209,9413359.810610969,31827560.1215214,29414.634146341465,9413701.908269038,31828500.02711219,29414.634146341465,9413947.556931354,31828410.61831102,30390.243902439026,9413605.459273286,31827470.712720226,30390.243902439026
9413995.781429231,31828925.275507,29902.439024390245,9.316429047784622,9413701.908269038,31828500.02711219,29414.634146341465,9414044.005927108,31829439.93270298,29414.634146341465,9414289.654589424,31829350.523901813,30390.243902439026,9413947.556931354,31828410.61831102,30390.243902439026
9414337.879087301,31829865.181097798,29902.439024390245,9.180217253949987,9414044.005927108,31829439.93270298,29414.634146341465,9414386.103585176,31830379.83829378,29414.634146341465,9414631.752247494,31830290.429492608,30390.243902439026,9414289.654589424,31829350.523901813,30390.243902439026
9414679.976745369,31830805.08668859,29902.439024390245,8.649011851596933,9414386.103585176,31830379.83829378,29414.634146341465,9414728.201243246,31831319.74388457,29414.634146341465,9414973.849905562,31831230.335083403,30390.243902439026,9414631.752247494,31830290.429492608,30390.243902439026
9415022.074403439,31831744.99227938,29902.439024390245,8.207385822073055,9414728.201243246,31831319.74388457,29414.634146341465,9415070.298901316,31832259.649475362,29414.634146341465,9415315.947563631,31832170.240674194,30390.243902439026,9414973.849905562,31831230.335083403,30390.243902439026
9415364.172061509,31832684.897870176,29902.439024390245,7.269087838924629,9415070.298901316,31832259.649475362,29414.634146341465,9415412.396559384,31833199.55506616,29414.634146341465,9415658.045221701,31833110.14626499,30390.243902439026,9415315.947563631,31832170.240674194,30390.243902439026
9415706.269719578,31833624.80346097,29902.439024390245,7.652698392864656,9415412.396559384,31833199.55506616,29414.634146341465,9415754.494217455,31834139.460656952,29414.634146341465,9416000.14287977,31834050.05185578,30390.243902439026,9415658.045221701,31833110.14626499,30390.243902439026
9416048.367377646,31834564.709051766,29902.439024390245,8.615228727276573,9415754.494217455,31834139.460656952,29414.634146341465,9416096.591875523,31835079.366247743,29414.634146341465,9416342.240537839,31834989.957446575,30390.243902439026,9416000.14287977,31834050.05185578,30390.243902439026
9416390.465035716,31835504.614642557,29902.439024390245,10.40134356094499,9416096.591875523,31835079.366247743,29414.634146341465,9416438.689533591,31836019.27183854,29414.634146341465,9416684.338195909,31835929.863037366,30390.243902439026,9416342.240537839,31834989.957446575,30390.243902439026
9416732.562693786,31836444.52023335,29902.439024390245,13.718096062057239,9416438.689533591,31836019.27183854,29414.634146341465,9416780.787191663,31836959.177429333,29414.634146341465,9417026.435853977,31836869.76862816,30390.243902439026,9416684.338195909,31835929.863037366,30390.243902439026
9417074.660351854,31837384.425824143,29902.439024390245,14.428077137062644,9416780.787191663,31836959.177429333,29414.634146341465,9417122.88484973,31837899.083020125,29414.634146341465,9417368.533512047,31837809.674218956,30390.243902439026,9417026.435853977,31836869.76862816,30390.243902439026
9417416.758009924,31838324.331414938,29902.439024390245,14.3368523907078,9417122.88484973,31837899.083020125,29414.634146341465,9417464.9825078,31838838.98861092,29414.634146341465,9417710.631170116,31838749.579809748,30390.243902439026,9417368.533512047,31837809.674218956,30390.243902439026
9417758.855667993,31839264.23700573,29902.439024390245,14.763602394324755,9417464.9825078,31838838.98861092,29414.634146341465,9417807.08016587,31839778.894201715,29414.634146341465,9418052.728828184,31839689.485400543,30390.243902439026,9417710.631170116,31838749.579809748,30390.243902439026
9418100.953326061,31840204.142596524,29902.439024390245,15.622913790212321,9417807.08016587,31839778.894201715,29414.634146341465,9418149.177823938,31840718.799792502,29414.634146341465,9418394.826486254,31840629.390991334,30390.243902439026,9418052.728828184,31839689.485400543,30390.243902439026
9418443.050984131,31841144.048187315,29902.439024390245,14.298691329269301,9418149.177823938,31840718.799792502,29414.634146341465,9418491.275482008,31841658.7053833,29414.634146341465,9418736.924144324,31841569.29658213,30390.243902439026,9418394.826486254,31840629.390991334,30390.243902439026
9418785.148642201,31842083.95377811,29902.439024390245,15.040222065956588,9418491.275482008,31841658.7053833,29414.634146341465,9418833.373140078,31842598.610974092,29414.634146341465,9419079.021802392,31842509.20217292,30390.243902439026,9418736.924144324,31841569.29658213,30390.243902439026
9419127.246300269,31843023.859368905,29902.439024390245,15.072041046295361,9418833.373140078,31842598.610974092,29414.634146341465,9419175.470798148,31843538.516564887,29414.634146341465,9419421.119460462,31843449.10776372,30390.243902439026,9419079.021802392,31842509.20217292,30390.243902439026
9419469.343958339,31843963.7649597,29902.439024390245,14.495505358295386,9419175.470798148,31843538.516564887,29414.634146341465,9419517.568456216,31844478.422155682,29414.634146341465,9419763.21711853,31844389.01335451,30390.243902439026,9419421.119460462,31843449.10776372,30390.243902439026
9419811.441616409,31844903.67055049,29902.439024390245,12.595039040916626,9419517.568456216,31844478.422155682,29414.634146341465,9419859.666114286,31845418.327746473,29414.634146341465,9420105.3147766,31845328.9189453,30390.243902439026,9419763.21711853,31844389.01335451,30390.243902439026
9420153.539274476,31845843.576141283,29902.439024390245,11.302059597253738,9419859.666114286,31845418.327746473,29414.634146341465,9420201.763772355,31846358.233337265,29414.634146341465,9420447.41243467,31846268.824536096,30390.243902439026,9420105.3147766,31845328.9189453,30390.243902439026
9420495.636932546,31846783.481732078,29902.439024390245,10.41650993818348,9420201.763772355,31846358.233337265,29414.634146341465,9420543.861430423,31847298.138928056,29414.634146341465,9420789.510092737,31847208.730126888,30390.243902439026,9420447.41243467,31846268.824536096,30390.243902439026
9420837.734590616,31847723.38732287,29902.439024390245,11.69026790372302,9420543.861430423,31847298.138928056,29414.634146341465,9420885.959088493,31848238.044518854,29414.634146341465,9421131.607750807,31848148.635717683,30390.243902439026,9420789.510092737,31847208.730126888,30390.243902439026
9421179.832248684,31848663.292913664,29902.439024390245,12.549666675518974,9420885.959088493,31848238.044518854,29414.634146341465,9421228.056746563,31849177.950109646,29414.634146341465,9421473.705408877,31849088.541308478,30390.243902439026,9421131.607750807,31848148.635717683,30390.243902439026
9421521.929906754,31849603.198504455,29902.439024390245,11.334364172197946,9421228.056746563,31849177.950109646,29414.634146341465,9421570.15440463,31850117.855700437,29414.634146341465,9421815.803066945,31850028.44689927,30390.243902439026,9421473.705408877,31849088.541308478,30390.243902439026
9421864.027564824,31850543.10409525,29902.439024390245,11.797740932657577,9421570.15440463,31850117.855700437,29414.634146341465,9421912.2520627,31851057.761291236,29414.634146341465,9422157.900725015,31850968.352490064,30390.243902439026,9421815.803066945,31850028.44689927,30390.243902439026
9422206.125222892,31851483.009686045,29902.439024390245,11.83537019144204,9421912.2520627,31851057.761291236,29414.634146341465,9422254.34972077,31851997.666882027,29414.634146341465,9422499.998383084,31851908.25808086,30390.243902439026,9422157.900725015,31850968.352490064,30390.243902439026
9422548.222880961,31852422.91527684,29902.439024390245,10.924124278507525,9422254.34972077,31851997.666882027,29414.634146341465,9422596.447378838,31852937.57247282,29414.634146341465,9422842.096041154,31852848.16367165,30390.243902439026,9422499.998383084,31851908.25808086,30390.243902439026
9422890.320539031,31853362.82086763,29902.439024390245,8.580445789155064,9422596.447378838,31852937.57247282,29414.634146341465,9422938.545036908,31853877.478063613,29414.634146341465,9423184.193699222,31853788.06926244,30390.243902439026,9422842.096041154,31852848.16367165,30390.243902439026
9423232.4181971,31854302.726458423,29902.439024390245,6.9976572781369395,9422938.545036908,31853877.478063613,29414.634146341465,9423280.642694978,31854817.38365441,29414.634146341465,9423526.291357292,31854727.97485324,30390.243902439026,9423184.193699222,31853788.06926244,30390.243902439026
9423574.515855169,31855242.632049218,29902.439024390245,6.96241833493891,9423280.642694978,31854817.38365441,29414.634146341465,9423622.740353046,31855757.2892452,29414.634146341465,9423868.389015362,31855667.88044403,30390.243902439026,9423526.291357292,31854727.97485324,30390.243902439026
9423916.613513239,31856182.53764001,29902.439024390245,6.908233785140536,9423622.740353046,31855757.2892452,29414.634146341465,9423964.838011116,31856697.194835994,29414.634146341465,9424210.48667343,31856607.786034822,30390.243902439026,9423868.389015362,31855667.88044403,30390.243902439026
9424258.711171307,31857122.443230804,29902.439024390245,7.3298998665668735,9423964.838011116,31856697.194835994,29414.634146341465,9424306.935669186,31857637.10042679,29414.634146341465,9424552.584331501,31857547.69162562,30390.243902439026,9424210.48667343,31856607.786034822,30390.243902439026
9424600.808829378,31858062.3488216,29902.439024390245,7.843925625974164,9424306.935669186,31857637.10042679,29414.634146341465,9424649.033327254,31858577.00601758,29414.634146341465,9424894.68198957,31858487.597216412,30390.243902439026,9424552.584331501,31857547.69162562,30390.243902439026
9424942.906487448,31859002.254412394,29902.439024390245,9.199080346109865,9424649.033327254,31858577.00601758,29414.634146341465,9424991.130985323,31859516.911608376,29414.634146341465,9425236.779647637,31859427.502807204,30390.243902439026,9424894.68198957,31858487.597216412,30390.243902439026
9425285.004145514,31859942.160003185,29902.439024390245,10.98953187834448,9424991.130985323,31859516.911608376,29414.634146341465,9425333.228643393,31860456.817199167,29414.634146341465,9425578.877305709,31860367.408397995,30390.243902439026,9425236.779647637,31859427.502807204,30390.243902439026
9425627.101803586,31860882.065593977,29902.439024390245,11.26520222366272,9425333.228643393,31860456.817199167,29414.634146341465,9425675.326301461,31861396.72278996,29414.634146341465,9425920.974963777,31861307.313988794,30390.243902439026,9425578.877305709,31860367.408397995,30390.243902439026
9425969.199461656,31861821.971184775,29902.439024390245,11.661787557633158,9425675.326301461,31861396.72278996,29414.634146341465,9426017.42395953,31862336.628380757,29414.634146341465,9426263.072621847,31862247.219579585,30390.243902439026,9425920.974963777,31861307.313988794,30390.243902439026
9426311.297119724,31862761.876775563,29902.439024390245,12.945743906932979,9426017.42395953,31862336.628380757,29414.634146341465,9426359.5216176,31863276.533971548,29414.634146341465,9426605.170279916,31863187.125170376,30390.243902439026,9426263.072621847,31862247.219579585,30390.243902439026
9426653.394777792,31863701.782366358,29902.439024390245,14.726133826767796,9426359.5216176,31863276.533971548,29414.634146341465,9426701.619275669,31864216.439562343,29414.634146341465,9426947.267937984,31864127.030761175,30390.243902439026,9426605.170279916,31863187.125170376,30390.243902439026
9426995.492435863,31864641.687957156,29902.439024390245,14.553684790759604,9426701.619275669,31864216.439562343,29414.634146341465,9427043.716933738,31865156.345153138,29414.634146341465,9427289.365596054,31865066.936351966,30390.243902439026,9426947.267937984,31864127.030761175,30390.243902439026
9427337.590093931,31865581.593547948,29902.439024390245,14.669847278653451,9427043.716933738,31865156.345153138,29414.634146341465,9427385.814591808,31866096.25074393,29414.634146341465,9427631.463254124,31866006.841942757,30390.243902439026,9427289.365596054,31865066.936351966,30390.243902439026
9427679.687752001,31866521.49913874,29902.439024390245,14.776947255968054,9427385.814591808,31866096.25074393,29414.634146341465,9427727.912249876,31867036.15633472,29414.634146341465,9427973.560912192,31866946.747533552,30390.243902439026,9427631.463254124,31866006.841942757,30390.243902439026
9428021.785410069,31867461.404729534,29902.439024390245,14.023052093603336,9427727.912249876,31867036.15633472,29414.634146341465,9428070.009907946,31867976.06192552,29414.634146341465,9428315.658570262,31867886.653124347,30390.243902439026,9427973.560912192,31866946.747533552,30390.243902439026
9428363.883068139,31868401.31032033,29902.439024390245,11.478734741597426,9428070.009907946,31867976.06192552,29414.634146341465,9428412.107566016,31868915.96751631,29414.634146341465,9428657.756228331,31868826.55871514,30390.243902439026,9428315.658570262,31867886.653124347,30390.243902439026
9428705.980726209,31869341.215911116,29902.439024390245,10.065631734957133,9428412.107566016,31868915.96751631,29414.634146341465,9428754.205224084,31869855.8731071,29414.634146341465,9428999.8538864,31869766.464305934,30390.243902439026,9428657.756228331,31868826.55871514,30390.243902439026
9429048.078384278,31870281.121501915,29902.439024390245,9.190414847568295,9428754.205224084,31869855.8731071,29414.634146341465,9429096.302882154,31870795.778697897,29414.634146341465,9429341.95154447,31870706.369896725,30390.243902439026,9428999.8538864,31869766.464305934,30390.243902439026
9429390.176042346,31871221.02709271,29902.439024390245,9.911575301885868,9429096.302882154,31870795.778697897,29414.634146341465,9429438.400540225,31871735.68428869,29414.634146341465,9429684.049202539,31871646.27548752,30390.243902439026,9429341.95154447,31870706.369896725,30390.243902439026
9429732.273700416,31872160.9326835,29902.439024390245,10.157998214267241,9429438.400540225,31871735.68428869,29414.634146341465,9429780.498198291,31872675.589879483,29414.634146341465,9430026.146860607,31872586.181078315,30390.243902439026,9429684.049202539,31871646.27548752,30390.243902439026
9430074.371358486,31873100.838274296,29902.439024390245,9.102467042971751,9429780.498198291,31872675.589879483,29414.634146341465,9430122.595856361,31873615.495470274,29414.634146341465,9430368.244518677,31873526.086669106,30390.243902439026,9430026.146860607,31872586.181078315,30390.243902439026
9430416.469016554,31874040.743865088,29902.439024390245,9.288184835021557,9430122.595856361,31873615.495470274,29414.634146341465,9430464.693514433,31874555.401061073,29414.634146341465,9430710.342176747,31874465.9922599,30390.243902439026,9430368.244518677,31873526.086669106,30390.243902439026
9430758.566674624,31874980.649455883,29902.439024390245,8.618229395200311,9430464.693514433,31874555.401061073,29414.634146341465,9430806.791172499,31875495.306651864,29414.634146341465,9431052.439834815,31875405.897850696,30390.243902439026,9430710.342176747,31874465.9922599,30390.243902439026
9431100.664332693,31875920.555046674,29902.439024390245,7.664262742033781,9430806.791172499,31875495.306651864,29414.634146341465,9431148.88883057,31876435.212242655,29414.634146341465,9431394.537492884,31876345.803441487,30390.243902439026,9431052.439834815,31875405.897850696,30390.243902439026
9431442.761990761,31876860.46063747,29902.439024390245,6.668548975565453,9431148.88883057,31876435.212242655,29414.634146341465,9431490.98648864,31877375.11783345,29414.634146341465,9431736.635150954,31877285.70903228,30390.243902439026,9431394.537492884,31876345.803441487,30390.243902439026
9431784.859648831,31877800.366228264,29902.439024390245,6.604379090436554,9431490.98648864,31877375.11783345,29414.634146341465,9431833.084146706,31878315.02342424,29414.634146341465,9432078.732809022,31878225.614623073,30390.243902439026,9431736.635150954,31877285.70903228,30390.243902439026
9432126.957306901,31878740.271819055,29902.439024390245,6.5416146716057835,9431833.084146706,31878315.02342424,29414.634146341465,9432175.181804778,31879254.929015037,29414.634146341465,9432420.830467092,31879165.52021387,30390.243902439026,9432078.732809022,31878225.614623073,30390.243902439026
9432469.054964969,31879680.17740985,29902.439024390245,6.110140290345021,9432175.181804778,31879254.929015037,29414.634146341465,9432517.279462848,31880194.83460583,29414.634146341465,9432762.928125162,31880105.42580466,30390.243902439026,9432420.830467092,31879165.52021387,30390.243902439026
9432811.152623039,31880620.08300064,29902.439024390245,6.2649384360231375,9432517.279462848,31880194.83460583,29414.634146341465,9432859.377120916,31881134.740196627,29414.634146341465,9433105.02578323,31881045.33139546,30390.243902439026,9432762.928125162,31880105.42580466,30390.243902439026
9433153.250281109,31881559.988591436,29902.439024390245,7.396297339591749,9432859.377120916,31881134.740196627,29414.634146341465,9433201.474778986,31882074.645787418,29414.634146341465,9433447.1234413,31881985.23698625,30390.243902439026,9433105.02578323,31881045.33139546,30390.243902439026
9433495.347939176,31882499.894182228,29902.439024390245,7.8168440165293624,9433201.474778986,31882074.645787418,29414.634146341465,9433543.572437055,31883014.551378213,29414.634146341465,9433789.22109937,31882925.14257704,30390.243902439026,9433447.1234413,31881985.23698625,30390.243902439026
9433837.445597246,31883439.799773023,29902.439024390245,7.286293432561909,9433543.572437055,31883014.551378213,29414.634146341465,9433885.670095123,31883954.456969004,29414.634146341465,9434131.318757437,31883865.048167836,30390.243902439026,9433789.22109937,31882925.14257704,30390.243902439026
9434179.543255316,31884379.705363818,29902.439024390245,6.664819054918741,9433885.670095123,31883954.456969004,29414.634146341465,9434227.767753193,31884894.362559795,29414.634146341465,9434473.416415507,31884804.953758627,30390.243902439026,9434131.318757437,31883865.048167836,30390.243902439026
9434521.640913384,31885319.61095461,29902.439024390245,5.921074539470757,9434227.767753193,31884894.362559795,29414.634146341465,9434569.865411263,31885834.268150594,29414.634146341465,9434815.514073577,31885744.859349422,30390.243902439026,9434473.416415507,31884804.953758627,30390.243902439026
9434863.738571454,31886259.516545404,29902.439024390245,5.9238171540752536,9434569.865411263,31885834.268150594,29414.634146341465,9434911.96306933,31886774.173741385,29414.634146341465,9435157.611731645,31886684.764940213,30390.243902439026,9434815.514073577,31885744.859349422,30390.243902439026
9435205.836229524,31887199.422136195,29902.439024390245,5.8224129274425165,9434911.96306933,31886774.173741385,29414.634146341465,9435254.0607274,31887714.079332177,29414.634146341465,9435499.709389715,31887624.67053101,30390.243902439026,9435157.611731645,31886684.764940213,30390.243902439026
9435547.933887592,31888139.32772699,29902.439024390245,5.564745970142622,9435254.0607274,31887714.079332177,29414.634146341465,9435596.15838547,31888653.98492297,29414.634146341465,9435841.807047784,31888564.576121803,30390.243902439026,9435499.709389715,31887624.67053101,30390.243902439026
9435890.031545661,31889079.23331778,29902.439024390245,5.510133562775359,9435596.15838547,31888653.98492297,29414.634146341465,9435938.256043538,31889593.890513767,29414.634146341465,9436183.904705852,31889504.481712595,30390.243902439026,9435841.807047784,31888564.576121803,30390.243902439026
9436232.129203731,31890019.138908576,29902.439024390245,6.08386888710467,9435938.256043538,31889593.890513767,29414.634146341465,9436280.353701608,31890533.796104558,29414.634146341465,9436526.002363924,31890444.38730339,30390.243902439026,9436183.904705852,31889504.481712595,30390.243902439026
9436574.2268618,31890959.044499375,29902.439024390245,6.392260612859411,9436280.353701608,31890533.796104558,29414.634146341465,9436622.451359678,31891473.701695353,29414.634146341465,9436868.100021992,31891384.29289418,30390.243902439026,9436526.002363924,31890444.38730339,30390.243902439026
9436916.324519869,31891898.950090162,29902.439024390245,5.979845710214086,9436622.451359678,31891473.701695353,29414.634146341465,9436964.549017746,31892413.607286148,29414.634146341465,9437210.19768006,31892324.198484976,30390.243902439026,9436868.100021992,31891384.29289418,30390.243902439026
9437258.422177939,31892838.855680957,29902.439024390245,5.463455109351872,9436964.549017746,31892413.607286148,29414.634146341465,9437306.646675816,31893353.51287694,29414.634146341465,9437552.295338131,31893264.10407577,30390.243902439026,9437210.19768006,31892324.198484976,30390.243902439026
9437600.519836007,31893778.761271752,29902.439024390245,5.279870741993029,9437306.646675816,31893353.51287694,29414.634146341465,9437648.744333886,31894293.418467734,29414.634146341465,9437894.3929962,31894204.009666562,30390.243902439026,9437552.295338131,31893264.10407577,30390.243902439026
9437942.617494076,31894718.666862544,29902.439024390245,4.893012942793727,9437648.744333886,31894293.418467734,29414.634146341465,9437990.841991954,31895233.324058525,29414.634146341465,9438236.49065427,31895143.915257353,30390.243902439026,9437894.3929962,31894204.009666562,30390.243902439026
9438284.715152148,31895658.572453335,29902.439024390245,5.063749753231656,9437990.841991954,31895233.324058525,29414.634146341465,9438332.939650023,31896173.22964932,29414.634146341465,9438578.588312339,31896083.820848152,30390.243902439026,9438236.49065427,31895143.915257353,30390.243902439026
9438626.812810214,31896598.478044134,29902.439024390245,5.117377462107378,9438332.939650023,31896173.22964932,29414.634146341465,9438675.037308091,31897113.135240115,29414.634146341465,9438920.685970407,31897023.726438943,30390.243902439026,9438578.588312339,31896083.820848152,30390.243902439026
9438968.910468284,31897538.38363493,29902.439024390245,4.630140324534895,9438675.037308091,31897113.135240115,29414.634146341465,9439017.134966161,31898053.040830906,29414.634146341465,9439262.783628477,31897963.632029735,30390.243902439026,9438920.685970407,31897023.726438943,30390.243902439026
9439311.008126356,31898478.289225716,29902.439024390245,4.097922608247263,9439017.134966161,31898053.040830906,29414.634146341465,9439359.23262423,31898992.9464217,29414.634146341465,9439604.881286547,31898903.537620533,30390.243902439026,9439262.783628477,31897963.632029735,30390.243902439026
9439653.105784424,31899418.194816515,29902.439024390245,3.6129402189138675,9439359.23262423,31898992.9464217,29414.634146341465,9439701.330282299,31899932.852012493,29414.634146341465,9439946.978944616,31899843.443211325,30390.243902439026,9439604.881286547,31898903.537620533,30390.243902439026
9439995.203442492,31900358.100407306,29902.439024390245,3.2979406847616706,9439701.330282299,31899932.852012493,29414.634146341465,9440043.427940369,31900872.757603288,29414.634146341465,9440289.076602684,31900783.348802116,30390.243902439026,9439946.978944616,31899843.443211325,30390.243902439026
9440337.301100563,31901298.005998097,29902.439024390245,3.762798488056362,9440043.427940369,31900872.757603288,29414.634146341465,9440385.525598438,31901812.66319408,29414.634146341465,9440631.174260754,31901723.25439291,30390.243902439026,9440289.076602684,31900783.348802116,30390.243902439026
9440679.398758631,31902237.911588892,29902.439024390245,3.8401217387262445,9440385.525598438,31901812.66319408,29414.634146341465,9440727.623256506,31902752.568784874,29414.634146341465,9440973.271918824,31902663.159983706,30390.243902439026,9440631.174260754,31901723.25439291,30390.243902439026
9441021.496416701,31903177.817179687,29902.439024390245,4.231067857393963,9440727.623256506,31902752.568784874,29414.634146341465,9441069.720914576,31903692.47437567,29414.634146341465,9441315.369576892,31903603.065574497,30390.243902439026,9440973.271918824,31902663.159983706,30390.243902439026
9441363.594074769,31904117.722770482,29902.439024390245,4.904174852809335,9441069.720914576,31903692.47437567,29414.634146341465,9441411.818572646,31904632.37996646,29414.634146341465,9441657.467234962,31904542.971165292,30390.243902439026,9441315.369576892,31903603.065574497,30390.243902439026
9441705.691732839,31905057.628361274,29902.439024390245,4.919069244718358,9441411.818572646,31904632.37996646,29414.634146341465,9441753.916230714,31905572.285557255,29414.634146341465,9441999.564893031,31905482.876756087,30390.243902439026,9441657.467234962,31904542.971165292,30390.243902439026
9442047.789390909,31905997.53395207,29902.439024390245,4.6895687821913175,9441753.916230714,31905572.285557255,29414.634146341465,9442096.013888786,31906512.19114805,29414.634146341465,9442341.6625511,31906422.78234688,30390.243902439026,9441999.564893031,31905482.876756087,30390.243902439026
9442389.887048978,31906937.43954286,29902.439024390245,4.819074180738167,9442096.013888786,31906512.19114805,29414.634146341465,9442438.111546854,31907452.09673884,29414.634146341465,9442683.76020917,31907362.687937673,30390.243902439026,9442341.6625511,31906422.78234688,30390.243902439026
9442731.984707044,31907877.34513365,29902.439024390245,4.871402327453664,9442438.111546854,31907452.09673884,29414.634146341465,9442780.209204921,31908392.002329633,29414.634146341465,9443025.857867239,31908302.593528464,30390.243902439026,9442683.76020917,31907362.687937673,30390.243902439026
9443074.082365116,31908817.250724446,29902.439024390245,4.688795258425823,9442780.209204921,31908392.002329633,29414.634146341465,9443122.306862993,31909331.90792043,29414.634146341465,9443367.955525307,31909242.49911926,30390.243902439026,9443025.857867239,31908302.593528464,30390.243902439026
9443416.180023186,31909757.15631524,29902.439024390245,4.656223746660379,9443122.306862993,31909331.90792043,29414.634146341465,9443464.404521061,31910271.813511223,29414.634146341465,9443710.053183377,31910182.404710054,30390.243902439026,9443367.955525307,31909242.49911926,30390.243902439026
9443758.277681254,31910697.061906036,29902.439024390245,4.177824452491847,9443464.404521061,31910271.813511223,29414.634146341465,9443806.502179129,31911211.719102014,29414.634146341465,9444052.150841447,31911122.310300846,30390.243902439026,9443710.053183377,31910182.404710054,30390.243902439026
9444100.375339324,31911636.967496827,29902.439024390245,4.081263725735932,9443806.502179129,31911211.719102014,29414.634146341465,9444148.5998372,31912151.624692813,29414.634146341465,9444394.248499515,31912062.21589164,30390.243902439026,9444052.150841447,31911122.310300846,30390.243902439026
9444442.472997393,31912576.873087622,29902.439024390245,4.16601821730783,9444148.5998372,31912151.624692813,29414.634146341465,9444490.697495269,31913091.5302836,29414.634146341465,9444736.346157584,31913002.121482432,30390.243902439026,9444394.248499515,31912062.21589164,30390.243902439026
9444784.570655461,31913516.77867841,29902.439024390245,4.887976102319963,9444490.697495269,31913091.5302836,29414.634146341465,9444832.795153338,31914031.435874395,29414.634146341465,9445078.443815654,31913942.027073227,30390.243902439026,9444736.346157584,31913002.121482432,30390.243902439026
9445126.668313531,31914456.68426921,29902.439024390245,5.06185185870842,9444832.795153338,31914031.435874395,29414.634146341465,9445174.892811408,31914971.34146519,29414.634146341465,9445420.541473722,31914881.932664018,30390.243902439026,9445078.443815654,31913942.027073227,30390.243902439026
9445468.765971601,31915396.58986,29902.439024390245,4.841665333540489,9445174.892811408,31914971.34146519,29414.634146341465,9445516.990469478,31915911.247055985,29414.634146341465,9445762.639131792,31915821.838254813,30390.243902439026,9445420.541473722,31914881.932664018,30390.243902439026
9445810.863629669,31916336.495450795,29902.439024390245,4.4030675858393575,9445516.990469478,31915911.247055985,29414.634146341465,9445859.088127546,31916851.152646776,29414.634146341465,9446104.736789862,31916761.743845608,30390.243902439026,9445762.639131792,31915821.838254813,30390.243902439026
9446152.961287739,31917276.401041593,29902.439024390245,4.195372426334403,9445859.088127546,31916851.152646776,29414.634146341465,9446201.185785616,31917791.05823757,29414.634146341465,9446446.83444793,31917701.6494364,30390.243902439026,9446104.736789862,31916761.743845608,30390.243902439026
9446495.058945807,31918216.30663238,29902.439024390245,4.430074900110686,9446201.185785616,31917791.05823757,29414.634146341465,9446543.283443686,31918730.963828363,29414.634146341465,9446788.932106,31918641.555027194,30390.243902439026,9446446.83444793,31917701.6494364,30390.243902439026
9446837.156603877,31919156.21222317,29902.439024390245,3.847026329224829,9446543.283443686,31918730.963828363,29414.634146341465,9446885.381101754,31919670.869419154,29414.634146341465,9447131.02976407,31919581.460617986,30390.243902439026,9446788.932106,31918641.555027194,30390.243902439026
9447179.254261946,31920096.117813967,29902.439024390245,3.7751212896079944,9446885.381101754,31919670.869419154,29414.634146341465,9447227.478759823,31920610.775009952,29414.634146341465,9447473.127422137,31920521.36620878,30390.243902439026,9447131.02976407,31919581.460617986,30390.243902439026
9447521.351920014,31921036.023404762,29902.439024390245,3.4011310093732865,9447227.478759823,31920610.775009952,29414.634146341465,9447569.576417893,31921550.680600744,29414.634146341465,9447815.225080207,31921461.27179957,30390.243902439026,9447473.127422137,31920521.36620878,30390.243902439026
9447863.449578084,31921975.928995553,29902.439024390245,3.002812386885642,9447569.576417893,31921550.680600744,29414.634146341465,9447911.674075961,31922490.586191535,29414.634146341465,9448157.322738277,31922401.177390367,30390.243902439026,9447815.225080207,31921461.27179957,30390.243902439026
9448205.547236154,31922915.834586352,29902.439024390245,2.45757011777507,9447911.674075961,31922490.586191535,29414.634146341465,9448253.77173403,31923430.491782334,29414.634146341465,9448499.420396345,31923341.08298116,30390.243902439026,9448157.322738277,31922401.177390367,30390.243902439026
9448547.644894222,31923855.740177147,29902.439024390245,1.880210183882362,9448253.77173403,31923430.491782334,29414.634146341465,9448595.8693921,31924370.397373125,29414.634146341465,9448841.518054415,31924280.988571953,30390.243902439026,9448499.420396345,31923341.08298116,30390.243902439026
9407741.57458823,31810977.660480756,30878.04878048781,6.889115020255101,9407447.701428039,31810552.412085943,30390.243902439026,9407789.799086107,31811492.317676738,30390.243902439026,9408035.447748423,31811402.908875566,31365.853658536587,9407693.350090355,31810463.003284775,31365.853658536587
9408083.672246302,31811917.566071548,30878.04878048781,6.887983580591396,9407789.799086107,31811492.317676738,30390.243902439026,9408131.896744177,31812432.22326753,30390.243902439026,9408377.545406492,31812342.81446636,31365.853658536587,9408035.447748423,31811402.908875566,31365.853658536587
9408425.76990437,31812857.471662343,30878.04878048781,7.337702229766772,9408131.896744177,31812432.22326753,30390.243902439026,9408473.994402247,31813372.128858324,30390.243902439026,9408719.643064562,31813282.720057156,31365.853658536587,9408377.545406492,31812342.81446636,31365.853658536587
9408767.86756244,31813797.377253138,30878.04878048781,7.817841471487665,9408473.994402247,31813372.128858324,30390.243902439026,9408816.092060314,31814312.03444912,30390.243902439026,9409061.74072263,31814222.625647947,31365.853658536587,9408719.643064562,31813282.720057156,31365.853658536587
9409109.96522051,31814737.282843933,30878.04878048781,9.319886704909377,9408816.092060314,31814312.03444912,30390.243902439026,9409158.189718386,31815251.940039914,30390.243902439026,9409403.8383807,31815162.531238746,31365.853658536587,9409061.74072263,31814222.625647947,31365.853658536587
9409452.062878577,31815677.188434724,30878.04878048781,12.293205771116138,9409158.189718386,31815251.940039914,30390.243902439026,9409500.287376454,31816191.8456307,30390.243902439026,9409745.93603877,31816102.436829537,31365.853658536587,9409403.8383807,31815162.531238746,31365.853658536587
9409794.160536647,31816617.09402552,30878.04878048781,12.736349145107308,9409500.287376454,31816191.8456307,30390.243902439026,9409842.385034522,31817131.7512215,30390.243902439026,9410088.033696838,31817042.34242033,31365.853658536587,9409745.93603877,31816102.436829537,31365.853658536587
9410136.258194717,31817556.99961631,30878.04878048781,13.585998028516723,9409842.385034522,31817131.7512215,30390.243902439026,9410184.482692594,31818071.65681229,30390.243902439026,9410430.131354908,31817982.248011123,31365.853658536587,9410088.033696838,31817042.34242033,31365.853658536587
9410478.355852785,31818496.9052071,30878.04878048781,14.42710798878538,9410184.482692594,31818071.65681229,30390.243902439026,9410526.580350662,31819011.562403083,30390.243902439026,9410772.229012977,31818922.153601915,31365.853658536587,9410430.131354908,31817982.248011123,31365.853658536587
9410820.453510854,31819436.810797896,30878.04878048781,13.740302928483093,9410526.580350662,31819011.562403083,30390.243902439026,9410868.678008731,31819951.46799388,30390.243902439026,9411114.326671045,31819862.05919271,31365.853658536587,9410772.229012977,31818922.153601915,31365.853658536587
9411162.551168924,31820376.71638869,30878.04878048781,13.222128908674188,9410868.678008731,31819951.46799388,30390.243902439026,9411210.775666801,31820891.373584673,30390.243902439026,9411456.424329115,31820801.9647835,31365.853658536587,9411114.326671045,31819862.05919271,31365.853658536587
9411504.648826992,31821316.621979486,30878.04878048781,14.800527650707165,9411210.775666801,31820891.373584673,30390.243902439026,9411552.87332487,31821831.279175464,30390.243902439026,9411798.521987185,31821741.870374296,31365.853658536587,9411456.424329115,31820801.9647835,31365.853658536587
9411846.746485062,31822256.527570277,30878.04878048781,14.349098138864981,9411552.87332487,31821831.279175464,30390.243902439026,9411894.970982939,31822771.18476626,30390.243902439026,9412140.619645253,31822681.775965087,31365.853658536587,9411798.521987185,31821741.870374296,31365.853658536587
9412188.844143132,31823196.433161072,30878.04878048781,13.038341828379677,9411894.970982939,31822771.18476626,30390.243902439026,9412237.068641009,31823711.090357054,30390.243902439026,9412482.717303323,31823621.681555882,31365.853658536587,9412140.619645253,31822681.775965087,31365.853658536587
9412530.9418012,31824136.338751864,30878.04878048781,14.72247936311762,9412237.068641009,31823711.090357054,30390.243902439026,9412579.166299079,31824650.995947845,30390.243902439026,9412824.814961392,31824561.587146677,31365.853658536587,9412482.717303323,31823621.681555882,31365.853658536587
9412873.03945927,31825076.24434266,30878.04878048781,14.02922242275922,9412579.166299079,31824650.995947845,30390.243902439026,9412921.263957147,31825590.90153864,30390.243902439026,9413166.91261946,31825501.49273747,31365.853658536587,9412824.814961392,31824561.587146677,31365.853658536587
9413215.13711734,31826016.14993345,30878.04878048781,13.43638503341582,9412921.263957147,31825590.90153864,30390.243902439026,9413263.361615216,31826530.807129435,30390.243902439026,9413509.01027753,31826441.398328263,31365.853658536587,9413166.91261946,31825501.49273747,31365.853658536587
9413557.234775407,31826956.055524245,30878.04878048781,14.927331667081916,9413263.361615216,31826530.807129435,30390.243902439026,9413605.459273286,31827470.712720226,30390.243902439026,9413851.1079356,31827381.30391906,31365.853658536587,9413509.01027753,31826441.398328263,31365.853658536587
9413899.332433477,31827895.961115044,30878.04878048781,13.896079739869293,9413605.459273286,31827470.712720226,30390.243902439026,9413947.556931354,31828410.61831102,30390.243902439026,9414193.205593668,31828321.20950985,31365.853658536587,9413851.1079356,31827381.30391906,31365.853658536587
9414241.430091547,31828835.86670583,30878.04878048781,12.459385168650973,9413947.556931354,31828410.61831102,30390.243902439026,9414289.654589424,31829350.523901813,30390.243902439026,9414535.303251738,31829261.11510064,31365.853658536587,9414193.205593668,31828321.20950985,31365.853658536587
9414583.527749615,31829775.772296626,30878.04878048781,9.152587779928183,9414289.654589424,31829350.523901813,30390.243902439026,9414631.752247494,31830290.429492608,30390.243902439026,9414877.400909808,31830201.02069144,31365.853658536587,9414535.303251738,31829261.11510064,31365.853658536587
9414925.625407685,31830715.67788742,30878.04878048781,7.894858911074482,9414631.752247494,31830290.429492608,30390.243902439026,9414973.849905562,31831230.335083403,30390.243902439026,9415219.498567875,31831140.92628223,31365.853658536587,9414877.400909808,31830201.02069144,31365.853658536587
9415267.723065754,31831655.583478212,30878.04878048781,7.425848150714752,9414973.849905562,31831230.335083403,30390.243902439026,9415315.947563631,31832170.240674194,30390.243902439026,9415561.596225945,31832080.831873022,31365.853658536587,9415219.498567875,31831140.92628223,31365.853658536587
9415609.820723822,31832595.489069004,30878.04878048781,7.211618290468074,9415315.947563631,31832170.240674194,30390.243902439026,9415658.045221701,31833110.14626499,30390.243902439026,9415903.693884015,31833020.73746382,31365.853658536587,9415561.596225945,31832080.831873022,31365.853658536587
9415951.918381892,31833535.394659802,30878.04878048781,7.4571480250458055,9415658.045221701,31833110.14626499,30390.243902439026,9416000.14287977,31834050.05185578,30390.243902439026,9416245.791542085,31833960.643054612,31365.853658536587,9415903.693884015,31833020.73746382,31365.853658536587
9416294.016039962,31834475.300250597,30878.04878048781,8.077796602916068,9416000.14287977,31834050.05185578,30390.243902439026,9416342.240537839,31834989.957446575,30390.243902439026,9416587.889200153,31834900.548645403,31365.853658536587,9416245.791542085,31833960.643054612,31365.853658536587
9416636.11369803,31835415.205841385,30878.04878048781,8.975387601009352,9416342.240537839,31834989.957446575,30390.243902439026,9416684.338195909,31835929.863037366,30390.243902439026,9416929.986858223,31835840.4542362,31365.853658536587,9416587.889200153,31834900.548645403,31365.853658536587
9416978.2113561,31836355.111432184,30878.04878048781,12.598097133190757,9416684.338195909,31835929.863037366,30390.243902439026,9417026.435853977,31836869.76862816,30390.243902439026,9417272.084516292,31836780.359826993,31365.853658536587,9416929.986858223,31835840.4542362,31365.853658536587
9417320.30901417,31837295.017022975,30878.04878048781,14.363203650297736,9417026.435853977,31836869.76862816,30390.243902439026,9417368.533512047,31837809.674218956,30390.243902439026,9417614.18217436,31837720.265417784,31365.853658536587,9417272.084516292,31836780.359826993,31365.853658536587
9417662.406672237,31838234.922613766,30878.04878048781,14.684325243253141,9417368.533512047,31837809.674218956,30390.243902439026,9417710.631170116,31838749.579809748,30390.243902439026,9417956.279832432,31838660.17100858,31365.853658536587,9417614.18217436,31837720.265417784,31365.853658536587
9418004.50433031,31839174.828204557,30878.04878048781,14.722730094258777,9417710.631170116,31838749.579809748,30390.243902439026,9418052.728828184,31839689.485400543,30390.243902439026,9418298.3774905,31839600.076599374,31365.853658536587,9417956.279832432,31838660.17100858,31365.853658536587
9418346.601988377,31840114.733795356,30878.04878048781,15.534626864383249,9418052.728828184,31839689.485400543,30390.243902439026,9418394.826486254,31840629.390991334,30390.243902439026,9418640.475148568,31840539.982190166,31365.853658536587,9418298.3774905,31839600.076599374,31365.853658536587
9418688.699646445,31841054.63938615,30878.04878048781,17.414741359640445,9418394.826486254,31840629.390991334,30390.243902439026,9418736.924144324,31841569.29658213,30390.243902439026,9418982.57280664,31841479.88778096,31365.853658536587,9418640.475148568,31840539.982190166,31365.853658536587
9419030.797304517,31841994.54497694,30878.04878048781,16.026700694261134,9418736.924144324,31841569.29658213,30390.243902439026,9419079.021802392,31842509.20217292,30390.243902439026,9419324.670464708,31842419.793371752,31365.853658536587,9418982.57280664,31841479.88778096,31365.853658536587
9419372.894962586,31842934.450567737,30878.04878048781,13.256038325344218,9419079.021802392,31842509.20217292,30390.243902439026,9419421.119460462,31843449.10776372,30390.243902439026,9419666.768122777,31843359.698962547,31365.853658536587,9419324.670464708,31842419.793371752,31365.853658536587
9419714.992620653,31843874.35615853,30878.04878048781,12.101665032223702,9419421.119460462,31843449.10776372,30390.243902439026,9419763.21711853,31844389.01335451,30390.243902439026,9420008.865780847,31844299.604553342,31365.853658536587,9419666.768122777,31843359.698962547,31365.853658536587
9420057.090278724,31844814.26174932,30878.04878048781,14.038395201125255,9419763.21711853,31844389.01335451,30390.243902439026,9420105.3147766,31845328.9189453,30390.243902439026,9420350.963438915,31845239.510144133,31365.853658536587,9420008.865780847,31844299.604553342,31365.853658536587
9420399.187936794,31845754.167340115,30878.04878048781,13.840174113275346,9420105.3147766,31845328.9189453,30390.243902439026,9420447.41243467,31846268.824536096,30390.243902439026,9420693.061096985,31846179.415734928,31365.853658536587,9420350.963438915,31845239.510144133,31365.853658536587
9420741.285594862,31846694.07293091,30878.04878048781,14.35732397030005,9420447.41243467,31846268.824536096,30390.243902439026,9420789.510092737,31847208.730126888,30390.243902439026,9421035.158755055,31847119.321325716,31365.853658536587,9420693.061096985,31846179.415734928,31365.853658536587
9421083.38325293,31847633.978521697,30878.04878048781,15.730513463057381,9420789.510092737,31847208.730126888,30390.243902439026,9421131.607750807,31848148.635717683,30390.243902439026,9421377.256413123,31848059.226916514,31365.853658536587,9421035.158755055,31847119.321325716,31365.853658536587
9421425.480911002,31848573.884112496,30878.04878048781,14.811422690572101,9421131.607750807,31848148.635717683,30390.243902439026,9421473.705408877,31849088.541308478,30390.243902439026,9421719.354071192,31848999.132507306,31365.853658536587,9421377.256413123,31848059.226916514,31365.853658536587
9421767.57856907,31849513.789703283,30878.04878048781,15.164345131911729,9421473.705408877,31849088.541308478,30390.243902439026,9421815.803066945,31850028.44689927,30390.243902439026,9422061.451729262,31849939.038098097,31365.853658536587,9421719.354071192,31848999.132507306,31365.853658536587
9422109.67622714,31850453.69529408,30878.04878048781,15.448666632361503,9421815.803066945,31850028.44689927,30390.243902439026,9422157.900725015,31850968.352490064,30390.243902439026,9422403.54938733,31850878.943688896,31365.853658536587,9422061.451729262,31849939.038098097,31365.853658536587
9422451.773885207,31851393.600884877,30878.04878048781,16.15849853197869,9422157.900725015,31850968.352490064,30390.243902439026,9422499.998383084,31851908.25808086,30390.243902439026,9422745.6470454,31851818.849279687,31365.853658536587,9422403.54938733,31850878.943688896,31365.853658536587
9422793.871543277,31852333.50647567,30878.04878048781,15.993839372703892,9422499.998383084,31851908.25808086,30390.243902439026,9422842.096041154,31852848.16367165,30390.243902439026,9423087.74470347,31852758.754870478,31365.853658536587,9422745.6470454,31851818.849279687,31365.853658536587
9423135.969201347,31853273.41206646,30878.04878048781,13.822076918960938,9422842.096041154,31852848.16367165,30390.243902439026,9423184.193699222,31853788.06926244,30390.243902439026,9423429.842361538,31853698.660461273,31365.853658536587,9423087.74470347,31852758.754870478,31365.853658536587
9423478.066859417,31854213.317657255,30878.04878048781,11.194264475166658,9423184.193699222,31853788.06926244,30390.243902439026,9423526.291357292,31854727.97485324,30390.243902439026,9423771.940019608,31854638.566052068,31365.853658536587,9423429.842361538,31853698.660461273,31365.853658536587
9423820.164517485,31855153.22324805,30878.04878048781,8.53269908810512,9423526.291357292,31854727.97485324,30390.243902439026,9423868.389015362,31855667.88044403,30390.243902439026,9424114.037677677,31855578.47164286,31365.853658536587,9423771.940019608,31854638.566052068,31365.853658536587
9424162.262175554,31856093.128838837,30878.04878048781,8.149650334888456,9423868.389015362,31855667.88044403,30390.243902439026,9424210.48667343,31856607.786034822,30390.243902439026,9424456.135335745,31856518.377233654,31365.853658536587,9424114.037677677,31855578.47164286,31365.853658536587
9424504.359833624,31857033.034429636,30878.04878048781,8.325001962582766,9424210.48667343,31856607.786034822,30390.243902439026,9424552.584331501,31857547.69162562,30390.243902439026,9424798.232993815,31857458.28282445,31365.853658536587,9424456.135335745,31856518.377233654,31365.853658536587
9424846.457491692,31857972.94002043,30878.04878048781,8.860038578379097,9424552.584331501,31857547.69162562,30390.243902439026,9424894.68198957,31858487.597216412,30390.243902439026,9425140.330651885,31858398.18841524,31365.853658536587,9424798.232993815,31857458.28282445,31365.853658536587
9425188.555149762,31858912.845611222,30878.04878048781,9.51412158938355,9424894.68198957,31858487.597216412,30390.243902439026,9425236.779647637,31859427.502807204,30390.243902439026,9425482.428309953,31859338.094006035,31365.853658536587,9425140.330651885,31858398.18841524,31365.853658536587
9425530.652807832,31859852.751202017,30878.04878048781,10.86218548017027,9425236.779647637,31859427.502807204,30390.243902439026,9425578.877305709,31860367.408397995,30390.243902439026,9425824.525968023,31860277.999596827,31365.853658536587,9425482.428309953,31859338.094006035,31365.853658536587
9425872.7504659,31860792.65679281,30878.04878048781,11.489345056565584,9425578.877305709,31860367.408397995,30390.243902439026,9425920.974963777,31861307.313988794,30390.243902439026,9426166.623626092,31861217.90518762,31365.853658536587,9425824.525968023,31860277.999596827,31365.853658536587
9426214.84812397,31861732.562383603,30878.04878048781,11.883238939411951,9425920.974963777,31861307.313988794,30390.243902439026,9426263.072621847,31862247.219579585,30390.243902439026,9426508.72128416,31862157.810778417,31365.853658536587,9426166.623626092,31861217.90518762,31365.853658536587
9426556.94578204,31862672.467974395,30878.04878048781,11.904558392220931,9426263.072621847,31862247.219579585,30390.243902439026,9426605.170279916,31863187.125170376,30390.243902439026,9426850.81894223,31863097.716369208,31365.853658536587,9426508.72128416,31862157.810778417,31365.853658536587
9426899.043440107,31863612.37356519,30878.04878048781,11.315003990820914,9426605.170279916,31863187.125170376,30390.243902439026,9426947.267937984,31864127.030761175,30390.243902439026,9427192.9166003,31864037.621960003,31365.853658536587,9426850.81894223,31863097.716369208,31365.853658536587
9427241.141098177,31864552.279155985,30878.04878048781,11.631581450037155,9426947.267937984,31864127.030761175,30390.243902439026,9427289.365596054,31865066.936351966,30390.243902439026,9427535.014258368,31864977.527550798,31365.853658536587,9427192.9166003,31864037.621960003,31365.853658536587
9427583.238756245,31865492.18474678,30878.04878048781,11.306603807473428,9427289.365596054,31865066.936351966,30390.243902439026,9427631.463254124,31866006.841942757,30390.243902439026,9427877.111916438,31865917.43314159,31365.853658536587,9427535.014258368,31864977.527550798,31365.853658536587
9427925.336414315,31866432.09033757,30878.04878048781,10.864418728675103,9427631.463254124,31866006.841942757,30390.243902439026,9427973.560912192,31866946.747533552,30390.243902439026,9428219.209574508,31866857.33873238,31365.853658536587,9427877.111916438,31865917.43314159,31365.853658536587
9428267.434072385,31867371.995928362,30878.04878048781,9.991087557609143,9427973.560912192,31866946.747533552,30390.243902439026,9428315.658570262,31867886.653124347,30390.243902439026,9428561.307232575,31867797.24432318,31365.853658536587,9428219.209574508,31866857.33873238,31365.853658536587
9428609.531730453,31868311.901519157,30878.04878048781,10.075934360605205,9428315.658570262,31867886.653124347,30390.243902439026,9428657.756228331,31868826.55871514,30390.243902439026,9428903.404890645,31868737.14991397,31365.853658536587,9428561.307232575,31867797.24432318,31365.853658536587
9428951.629388522,31869251.80710995,30878.04878048781,8.562350091134743,9428657.756228331,31868826.55871514,30390.243902439026,9428999.8538864,31869766.464305934,30390.243902439026,9429245.502548715,31869677.05550476,31365.853658536587,9428903.404890645,31868737.14991397,31365.853658536587
9429293.727046592,31870191.712700743,30878.04878048781,8.173336092910276,9428999.8538864,31869766.464305934,30390.243902439026,9429341.95154447,31870706.369896725,30390.243902439026,9429587.600206783,31870616.96109556,31365.853658536587,9429245.502548715,31869677.05550476,31365.853658536587
9429635.82470466,31871131.61829154,30878.04878048781,7.6792331333836605,9429341.95154447,31870706.369896725,30390.243902439026,9429684.049202539,31871646.27548752,30390.243902439026,9429929.697864855,31871556.86668635,31365.853658536587,9429587.600206783,31870616.96109556,31365.853658536587
9429977.922362732,31872071.523882333,30878.04878048781,7.562445894701686,9429684.049202539,31871646.27548752,30390.243902439026,9430026.146860607,31872586.181078315,30390.243902439026,9430271.795522923,31872496.772277143,31365.853658536587,9429929.697864855,31871556.86668635,31365.853658536587
9430320.0200208,31873011.429473124,30878.04878048781,8.286162738131965,9430026.146860607,31872586.181078315,30390.243902439026,9430368.244518677,31873526.086669106,30390.243902439026,9430613.89318099,31873436.677867934,31365.853658536587,9430271.795522923,31872496.772277143,31365.853658536587
9430662.117678868,31873951.335063916,30878.04878048781,8.425526069165425,9430368.244518677,31873526.086669106,30390.243902439026,9430710.342176747,31874465.9922599,30390.243902439026,9430955.990839062,31874376.583458733,31365.853658536587,9430613.89318099,31873436.677867934,31365.853658536587
9431004.215336937,31874891.240654714,30878.04878048781,9.76710330414091,9430710.342176747,31874465.9922599,30390.243902439026,9431052.439834815,31875405.897850696,30390.243902439026,9431298.08849713,31875316.489049524,31365.853658536587,9430955.990839062,31874376.583458733,31365.853658536587
9431346.312995007,31875831.146245502,30878.04878048781,8.934687917631667,9431052.439834815,31875405.897850696,30390.243902439026,9431394.537492884,31876345.803441487,30390.243902439026,9431640.1861552,31876256.394640315,31365.853658536587,9431298.08849713,31875316.489049524,31365.853658536587
9431688.410653075,31876771.051836297,30878.04878048781,6.780516276634114,9431394.537492884,31876345.803441487,30390.243902439026,9431736.635150954,31877285.70903228,30390.243902439026,9431982.28381327,31877196.30023111,31365.853658536587,9431640.1861552,31876256.394640315,31365.853658536587
9432030.508311145,31877710.957427096,30878.04878048781,6.018131116176166,9431736.635150954,31877285.70903228,30390.243902439026,9432078.732809022,31878225.614623073,30390.243902439026,9432324.381471338,31878136.2058219,31365.853658536587,9431982.28381327,31877196.30023111,31365.853658536587
9432372.605969215,31878650.863017883,30878.04878048781,5.6442971182783,9432078.732809022,31878225.614623073,30390.243902439026,9432420.830467092,31879165.52021387,30390.243902439026,9432666.479129408,31879076.111412697,31365.853658536587,9432324.381471338,31878136.2058219,31365.853658536587
9432714.703627285,31879590.768608678,30878.04878048781,6.162783066633711,9432420.830467092,31879165.52021387,30390.243902439026,9432762.928125162,31880105.42580466,30390.243902439026,9433008.576787477,31880016.01700349,31365.853658536587,9432666.479129408,31879076.111412697,31365.853658536587
9433056.801285353,31880530.674199473,30878.04878048781,6.850773009275387,9432762.928125162,31880105.42580466,30390.243902439026,9433105.02578323,31881045.33139546,30390.243902439026,9433350.674445547,31880955.922594287,31365.853658536587,9433008.576787477,31880016.01700349,31365.853658536587
9433398.898943424,31881470.579790268,30878.04878048781,7.190723570010142,9433105.02578323,31881045.33139546,30390.243902439026,9433447.1234413,31881985.23698625,30390.243902439026,9433692.772103615,31881895.828185078,31365.853658536587,9433350.674445547,31880955.922594287,31365.853658536587
9433740.996601492,31882410.485381056,30878.04878048781,7.557339728311044,9433447.1234413,31881985.23698625,30390.243902439026,9433789.22109937,31882925.14257704,30390.243902439026,9434034.869761685,31882835.733775873,31365.853658536587,9433692.772103615,31881895.828185078,31365.853658536587
9434083.094259562,31883350.390971854,30878.04878048781,6.867785838956706,9433789.22109937,31882925.14257704,30390.243902439026,9434131.318757437,31883865.048167836,30390.243902439026,9434376.967419755,31883775.639366664,31365.853658536587,9434034.869761685,31882835.733775873,31365.853658536587
9434425.19191763,31884290.29656265,30878.04878048781,6.187745686715145,9434131.318757437,31883865.048167836,30390.243902439026,9434473.416415507,31884804.953758627,30390.243902439026,9434719.065077823,31884715.544957455,31365.853658536587,9434376.967419755,31883775.639366664,31365.853658536587
9434767.2895757,31885230.202153437,30878.04878048781,5.040289584997412,9434473.416415507,31884804.953758627,30390.243902439026,9434815.514073577,31885744.859349422,30390.243902439026,9435061.162735892,31885655.450548254,31365.853658536587,9434719.065077823,31884715.544957455,31365.853658536587
9435109.38723377,31886170.107744236,30878.04878048781,4.417595507219143,9434815.514073577,31885744.859349422,30390.243902439026,9435157.611731645,31886684.764940213,30390.243902439026,9435403.26039396,31886595.356139045,31365.853658536587,9435061.162735892,31885655.450548254,31365.853658536587
9435451.48489184,31887110.013335027,30878.04878048781,4.357560787405878,9435157.611731645,31886684.764940213,30390.243902439026,9435499.709389715,31887624.67053101,30390.243902439026,9435745.35805203,31887535.261729836,31365.853658536587,9435403.26039396,31886595.356139045,31365.853658536587
9435793.582549905,31888049.918925818,30878.04878048781,4.905896622840225,9435499.709389715,31887624.67053101,30390.243902439026,9435841.807047784,31888564.576121803,30390.243902439026,9436087.4557101,31888475.167320635,31365.853658536587,9435745.35805203,31887535.261729836,31365.853658536587
9436135.680207977,31888989.824516613,30878.04878048781,5.134403568015004,9435841.807047784,31888564.576121803,30390.243902439026,9436183.904705852,31889504.481712595,30390.243902439026,9436429.553368168,31889415.072911426,31365.853658536587,9436087.4557101,31888475.167320635,31365.853658536587
9436477.777866047,31889929.730107408,30878.04878048781,4.812536926943228,9436183.904705852,31889504.481712595,30390.243902439026,9436526.002363924,31890444.38730339,30390.243902439026,9436771.651026238,31890354.978502218,31365.853658536587,9436429.553368168,31889415.072911426,31365.853658536587
9436819.875524115,31890869.635698203,30878.04878048781,4.363959550797199,9436526.002363924,31890444.38730339,30390.243902439026,9436868.100021992,31891384.29289418,30390.243902439026,9437113.748684308,31891294.884093013,31365.853658536587,9436771.651026238,31890354.978502218,31365.853658536587
9437161.973182183,31891809.541288994,30878.04878048781,4.296735211671287,9436868.100021992,31891384.29289418,30390.243902439026,9437210.19768006,31892324.198484976,30390.243902439026,9437455.846342376,31892234.789683808,31365.853658536587,9437113.748684308,31891294.884093013,31365.853658536587
9437504.070840254,31892749.44687979,30878.04878048781,4.2323992182707855,9437210.19768006,31892324.198484976,30390.243902439026,9437552.295338131,31893264.10407577,30390.243902439026,9437797.944000445,31893174.6952746,31365.853658536587,9437455.846342376,31892234.789683808,31365.853658536587
9437846.168498322,31893689.35247058,30878.04878048781,4.316865985249307,9437552.295338131,31893264.10407577,30390.243902439026,9437894.3929962,31894204.009666562,30390.243902439026,9438140.041658515,31894114.600865394,31365.853658536587,9437797.944000445,31893174.6952746,31365.853658536587
9438188.266156392,31894629.25806137,30878.04878048781,3.9873026828189504,9437894.3929962,31894204.009666562,30390.243902439026,9438236.49065427,31895143.915257353,30390.243902439026,9438482.139316583,31895054.506456185,31365.853658536587,9438140.041658515,31894114.600865394,31365.853658536587
9438530.363814462,31895569.163652167,30878.04878048781,3.8801247967943846,9438236.49065427,31895143.915257353,30390.243902439026,9438578.588312339,31896083.820848152,30390.243902439026,9438824.236974653,31895994.41204698,31365.853658536587,9438482.139316583,31895054.506456185,31365.853658536587
9438872.46147253,31896509.06924296,30878.04878048781,3.779180209424052,9438578.588312339,31896083.820848152,30390.243902439026,9438920.685970407,31897023.726438943,30390.243902439026,9439166.334632723,31896934.317637775,31365.853658536587,9438824.236974653,31895994.41204698,31365.853658536587
9439214.5591306,31897448.974833757,30878.04878048781,3.661056932678243,9438920.685970407,31897023.726438943,30390.243902439026,9439262.783628477,31897963.632029735,30390.243902439026,9439508.43229079,31897874.223228566,31365.853658536587,9439166.334632723,31896934.317637775,31365.853658536587
9439556.65678867,31898388.880424548,30878.04878048781,3.169903444760557,9439262.783628477,31897963.632029735,30390.243902439026,9439604.881286547,31898903.537620533,30390.243902439026,9439850.52994886,31898814.12881936,31365.853658536587,9439508.43229079,31897874.223228566,31365.853658536587
9439898.754446737,31899328.786015343,30878.04878048781,2.8771702299091313,9439604.881286547,31898903.537620533,30390.243902439026,9439946.978944616,31899843.443211325,30390.243902439026,9440192.62760693,31899754.034410153,31365.853658536587,9439850.52994886,31898814.12881936,31365.853658536587
9440240.852104807,31900268.691606134,30878.04878048781,2.659566772486881,9439946.978944616,31899843.443211325,30390.243902439026,9440289.076602684,31900783.348802116,30390.243902439026,9440534.725264998,31900693.940000948,31365.853658536587,9440192.62760693,31899754.034410153,31365.853658536587
9440582.949762877,31901208.59719693,30878.04878048781,2.9083478467570996,9440289.076602684,31900783.348802116,30390.243902439026,9440631.174260754,31901723.25439291,30390.243902439026,9440876.822923068,31901633.84559174,31365.853658536587,9440534.725264998,31900693.940000948,31365.853658536587
9440925.047420945,31902148.50278772,30878.04878048781,3.081728005952583,9440631.174260754,31901723.25439291,30390.243902439026,9440973.271918824,31902663.159983706,30390.243902439026,9441218.920581138,31902573.751182534,31365.853658536587,9440876.822923068,31901633.84559174,31365.853658536587
9441267.145079015,31903088.408378515,30878.04878048781,3.2061369191198326,9440973.271918824,31902663.159983706,30390.243902439026,9441315.369576892,31903603.065574497,30390.243902439026,9441561.018239206,31903513.65677333,31365.853658536587,9441218.920581138,31902573.751182534,31365.853658536587
9441609.242737085,31904028.313969314,30878.04878048781,3.614943647823484,9441315.369576892,31903603.065574497,30390.243902439026,9441657.467234962,31904542.971165292,30390.243902439026,9441903.115897276,31904453.56236412,31365.853658536587,9441561.018239206,31903513.65677333,31365.853658536587
9441951.340395153,31904968.2195601,30878.04878048781,4.1790752909457884,9441657.467234962,31904542.971165292,30390.243902439026,9441999.564893031,31905482.876756087,30390.243902439026,9442245.213555345,31905393.467954915,31365.853658536587,9441903.115897276,31904453.56236412,31365.853658536587
9442293.438053222,31905908.125150897,30878.04878048781,4.209296260859934,9441999.564893031,31905482.876756087,30390.243902439026,9442341.6625511,31906422.78234688,30390.243902439026,9442587.311213413,31906333.37354571,31365.853658536587,9442245.213555345,31905393.467954915,31365.853658536587
9442635.535711292,31906848.03074169,30878.04878048781,4.694151280943192,9442341.6625511,31906422.78234688,30390.243902439026,9442683.76020917,31907362.687937673,30390.243902439026,9442929.408871483,31907273.2791365,31365.853658536587,9442587.311213413,31906333.37354571,31365.853658536587
9442977.63336936,31907787.936332483,30878.04878048781,4.608736178275915,9442683.76020917,31907362.687937673,30390.243902439026,9443025.857867239,31908302.593528464,30390.243902439026,9443271.506529553,31908213.184727293,31365.853658536587,9442929.408871483,31907273.2791365,31365.853658536587
9443319.73102743,31908727.841923274,30878.04878048781,3.997050887729861,9443025.857867239,31908302.593528464,30390.243902439026,9443367.955525307,31909242.49911926,30390.243902439026,9443613.604187623,31909153.09031809,31365.853658536587,9443271.506529553,31908213.184727293,31365.853658536587
9443661.8286855,31909667.747514073,30878.04878048781,4.006843254637605,9443367.955525307,31909242.49911926,30390.243902439026,9443710.053183377,31910182.404710054,30390.243902439026,9443955.70184569,31910092.995908882,31365.853658536587,9443613.604187623,31909153.09031809,31365.853658536587
9444003.926343568,31910607.653104868,30878.04878048781,3.8230907520563457,9443710.053183377,31910182.404710054,30390.243902439026,9444052.150841447,31911122.310300846,30390.243902439026,9444297.79950376,31911032.901499674,31365.853658536587,9443955.70184569,31910092.995908882,31365.853658536587
9444346.024001637,31911547.558695655,30878.04878048781,4.558934421208087,9444052.150841447,31911122.310300846,30390.243902439026,9444394.248499515,31912062.21589164,30390.243902439026,9444639.89716183,31911972.807090472,31365.853658536587,9444297.79950376,31911032.901499674,31365.853658536587
9444688.12165971,31912487.464286454,30878.04878048781,4.626833439478786,9444394.248499515,31912062.21589164,30390.243902439026,9444736.346157584,31913002.121482432,30390.243902439026,9444981.994819898,31912912.712681264,31365.853658536587,9444639.89716183,31911972.807090472,31365.853658536587
9445030.219317775,31913427.369877245,30878.04878048781,4.852042921059569,9444736.346157584,31913002.121482432,30390.243902439026,9445078.443815654,31913942.027073227,30390.243902439026,9445324.092477968,31913852.618272055,31365.853658536587,9444981.994819898,31912912.712681264,31365.853658536587
9445372.316975845,31914367.275468037,30878.04878048781,5.437105691404966,9445078.443815654,31913942.027073227,30390.243902439026,9445420.541473722,31914881.932664018,30390.243902439026,9445666.190136038,31914792.52386285,31365.853658536587,9445324.092477968,31913852.618272055,31365.853658536587
9445714.414633917,31915307.18105883,30878.04878048781,5.4269068548217625,9445420.541473722,31914881.932664018,30390.243902439026,9445762.639131792,31915821.838254813,30390.243902439026,9446008.287794108,31915732.429453645,31365.853658536587,9445666.190136038,31914792.52386285,31365.853658536587
9446056.512291985,31916247.086649626,30878.04878048781,4.800065425569131,9445762.639131792,31915821.838254813,30390.243902439026,9446104.736789862,31916761.743845608,30390.243902439026,9446350.385452177,31916672.335044436,31365.853658536587,9446008.287794108,31915732.429453645,31365.853658536587
9446398.609950053,31917186.99224042,30878.04878048781,4.707837194524073,9446104.736789862,31916761.743845608,30390.243902439026,9446446.83444793,31917701.6494364,30390.243902439026,9446692.483110245,31917612.24063523,31365.853658536587,9446350.385452177,31916672.335044436,31365.853658536587
9446740.707608124,31918126.897831213,30878.04878048781,4.038439526622966,9446446.83444793,31917701.6494364,30390.243902439026,9446788.932106,31918641.555027194,30390.243902439026,9447034.580768315,31918552.146226026,31365.853658536587,9446692.483110245,31917612.24063523,31365.853658536587
9447082.805266192,31919066.803422008,30878.04878048781,3.6456077994316956,9446788.932106,31918641.555027194,30390.243902439026,9447131.02976407,31919581.460617986,30390.243902439026,9447376.678426385,31919492.051816814,31365.853658536587,9447034.580768315,31918552.146226026,31365.853658536587
9447424.902924262,31920006.709012795,30878.04878048781,2.905303701311664,9447131.02976407,31919581.460617986,30390.243902439026,9447473.127422137,31920521.36620878,30390.243902439026,9447718.776084453,31920431.957407612,31365.853658536587,9447376.678426385,31919492.051816814,31365.853658536587
9447767.00058233,31920946.61460359,30878.04878048781,2.340958409499235,9447473.127422137,31920521.36620878,30390.243902439026,9447815.225080207,31921461.27179957,30390.243902439026,9448060.873742523,31921371.862998404,31365.853658536587,9447718.776084453,31920431.957407612,31365.853658536587
9448109.0982404,31921886.520194385,30878.04878048781,2.0223090080556863,9447815.225080207,31921461.27179957,30390.243902439026,9448157.322738277,31922401.177390367,30390.243902439026,9448402.971400592,31922311.768589195,31365.853658536587,9448060.873742523,31921371.862998404,31365.853658536587
9448451.19589847,31922826.42578518,30878.04878048781,2.1712200791813556,9448157.322738277,31922401.177390367,30390.243902439026,9448499.420396345,31923341.08298116,30390.243902439026,9448745.06905866,31923251.674179994,31365.853658536587,9448402.971400592,31922311.768589195,31365.853658536587
9448793.29355654,31923766.331375975,30878.04878048781,2.3057182107703795,9448499.420396345,31923341.08298116,30390.243902439026,9448841.518054415,31924280.988571953,30390.243902439026,9449087.16671673,31924191.579770785,31365.853658536587,9448745.06905866,31923251.674179994,31365.853658536587
9407987.223250546,31810888.251679584,31853.658536585368,7.298771916521191,9407693.350090355,31810463.003284775,31365.853658536587,9408035.447748423,31811402.908875566,31365.853658536587,9408281.096410738,31811313.500074398,32341.46341463415,9407938.998752668,31810373.594483603,32341.46341463415
9408329.320908615,31811828.15727038,31853.658536585368,7.342307743502929,9408035.447748423,31811402.908875566,31365.853658536587,9408377.545406492,31812342.81446636,31365.853658536587,9408623.194068806,31812253.40566519,32341.46341463415,9408281.096410738,31811313.500074398,32341.46341463415
9408671.418566683,31812768.06286117,31853.658536585368,7.381580478423028,9408377.545406492,31812342.81446636,31365.853658536587,9408719.643064562,31813282.720057156,31365.853658536587,9408965.291726876,31813193.311255984,32341.46341463415,9408623.194068806,31812253.40566519,32341.46341463415
9409013.516224753,31813707.968451966,31853.658536585368,8.535623041876834,9408719.643064562,31813282.720057156,31365.853658536587,9409061.74072263,31814222.625647947,31365.853658536587,9409307.389384946,31814133.21684678,32341.46341463415,9408965.291726876,31813193.311255984,32341.46341463415
9409355.613882823,31814647.874042764,31853.658536585368,9.737187682908822,9409061.74072263,31814222.625647947,31365.853658536587,9409403.8383807,31815162.531238746,31365.853658536587,9409649.487043016,31815073.122437574,32341.46341463415,9409307.389384946,31814133.21684678,32341.46341463415
9409697.711540893,31815587.779633556,31853.658536585368,11.964193729709471,9409403.8383807,31815162.531238746,31365.853658536587,9409745.93603877,31816102.436829537,31365.853658536587,9409991.584701084,31816013.028028365,32341.46341463415,9409649.487043016,31815073.122437574,32341.46341463415
9410039.80919896,31816527.685224347,31853.658536585368,14.080955986180708,9409745.93603877,31816102.436829537,31365.853658536587,9410088.033696838,31817042.34242033,31365.853658536587,9410333.682359153,31816952.93361916,32341.46341463415,9409991.584701084,31816013.028028365,32341.46341463415
9410381.90685703,31817467.59081514,31853.658536585368,15.497841990330535,9410088.033696838,31817042.34242033,31365.853658536587,9410430.131354908,31817982.248011123,31365.853658536587,9410675.780017223,31817892.83920995,32341.46341463415,9410333.682359153,31816952.93361916,32341.46341463415
9410724.004515098,31818407.496405933,31853.658536585368,16.896390822707115,9410430.131354908,31817982.248011123,31365.853658536587,9410772.229012977,31818922.153601915,31365.853658536587,9411017.877675291,31818832.744800743,32341.46341463415,9410675.780017223,31817892.83920995,32341.46341463415
9411066.102173168,31819347.401996724,31853.658536585368,16.917902792676376,9410772.229012977,31818922.153601915,31365.853658536587,9411114.326671045,31819862.05919271,31365.853658536587,9411359.975333363,31819772.65039154,32341.46341463415,9411017.877675291,31818832.744800743,32341.46341463415
9411408.199831238,31820287.307587523,31853.658536585368,16.984686694488033,9411114.326671045,31819862.05919271,31365.853658536587,9411456.424329115,31820801.9647835,31365.853658536587,9411702.07299143,31820712.555982333,32341.46341463415,9411359.975333363,31819772.65039154,32341.46341463415
9411750.297489306,31821227.213178318,31853.658536585368,16.515123680664168,9411456.424329115,31820801.9647835,31365.853658536587,9411798.521987185,31821741.870374296,31365.853658536587,9412044.170649499,31821652.461573124,32341.46341463415,9411702.07299143,31820712.555982333,32341.46341463415
9412092.395147376,31822167.118769106,31853.658536585368,16.324430566961848,9411798.521987185,31821741.870374296,31365.853658536587,9412140.619645253,31822681.775965087,31365.853658536587,9412386.26830757,31822592.36716392,32341.46341463415,9412044.170649499,31821652.461573124,32341.46341463415
9412434.492805447,31823107.024359904,31853.658536585368,15.583627029360413,9412140.619645253,31822681.775965087,31365.853658536587,9412482.717303323,31823621.681555882,31365.853658536587,9412728.365965638,31823532.272754714,32341.46341463415,9412386.26830757,31822592.36716392,32341.46341463415
9412776.590463514,31824046.929950695,31853.658536585368,15.257334279851005,9412482.717303323,31823621.681555882,31365.853658536587,9412824.814961392,31824561.587146677,31365.853658536587,9413070.463623708,31824472.178345505,32341.46341463415,9412728.365965638,31823532.272754714,32341.46341463415
9413118.688121585,31824986.835541487,31853.658536585368,14.56524617592634,9412824.814961392,31824561.587146677,31365.853658536587,9413166.91261946,31825501.49273747,31365.853658536587,9413412.561281778,31825412.0839363,32341.46341463415,9413070.463623708,31824472.178345505,32341.46341463415
9413460.785779655,31825926.74113228,31853.658536585368,14.605568568930863,9413166.91261946,31825501.49273747,31365.853658536587,9413509.01027753,31826441.398328263,31365.853658536587,9413754.658939846,31826351.989527095,32341.46341463415,9413412.561281778,31825412.0839363,32341.46341463415
9413802.883437723,31826866.646723077,31853.658536585368,14.192074053167778,9413509.01027753,31826441.398328263,31365.853658536587,9413851.1079356,31827381.30391906,31365.853658536587,9414096.756597916,31827291.895117886,32341.46341463415,9413754.658939846,31826351.989527095,32341.46341463415
9414144.98109579,31827806.55231387,31853.658536585368,13.589917977095629,9413851.1079356,31827381.30391906,31365.853658536587,9414193.205593668,31828321.20950985,31365.853658536587,9414438.854255985,31828231.80070868,32341.46341463415,9414096.756597916,31827291.895117886,32341.46341463415
9414487.078753863,31828746.45790466,31853.658536585368,13.861567776609885,9414193.205593668,31828321.20950985,31365.853658536587,9414535.303251738,31829261.11510064,31365.853658536587,9414780.951914053,31829171.706299473,32341.46341463415,9414438.854255985,31828231.80070868,32341.46341463415
9414829.17641193,31829686.363495458,31853.658536585368,13.112009965685612,9414535.303251738,31829261.11510064,31365.853658536587,9414877.400909808,31830201.02069144,31365.853658536587,9415123.049572123,31830111.611890268,32341.46341463415,9414780.951914053,31829171.706299473,32341.46341463415
9415171.27407,31830626.26908625,31853.658536585368,10.430545120990494,9414877.400909808,31830201.02069144,31365.853658536587,9415219.498567875,31831140.92628223,31365.853658536587,9415465.147230193,31831051.517481063,32341.46341463415,9415123.049572123,31830111.611890268,32341.46341463415
9415513.371728068,31831566.17467704,31853.658536585368,9.112184362519104,9415219.498567875,31831140.92628223,31365.853658536587,9415561.596225945,31832080.831873022,31365.853658536587,9415807.244888261,31831991.423071854,32341.46341463415,9415465.147230193,31831051.517481063,32341.46341463415
9415855.469386138,31832506.080267835,31853.658536585368,7.813064419966006,9415561.596225945,31832080.831873022,31365.853658536587,9415903.693884015,31833020.73746382,31365.853658536587,9416149.34254633,31832931.32866265,32341.46341463415,9415807.244888261,31831991.423071854,32341.46341463415
9416197.567044208,31833445.98585863,31853.658536585368,7.276367418592423,9415903.693884015,31833020.73746382,31365.853658536587,9416245.791542085,31833960.643054612,31365.853658536587,9416491.440204399,31833871.23425344,32341.46341463415,9416149.34254633,31832931.32866265,32341.46341463415
9416539.664702278,31834385.891449425,31853.658536585368,7.683955207962187,9416245.791542085,31833960.643054612,31365.853658536587,9416587.889200153,31834900.548645403,31365.853658536587,9416833.537862469,31834811.139844235,32341.46341463415,9416491.440204399,31833871.23425344,32341.46341463415
9416881.762360344,31835325.797040217,31853.658536585368,8.234108094158005,9416587.889200153,31834900.548645403,31365.853658536587,9416929.986858223,31835840.4542362,31365.853658536587,9417175.635520538,31835751.045435026,32341.46341463415,9416833.537862469,31834811.139844235,32341.46341463415
9417223.860018415,31836265.70263101,31853.658536585368,9.196610976579095,9416929.986858223,31835840.4542362,31365.853658536587,9417272.084516292,31836780.359826993,31365.853658536587,9417517.733178606,31836690.95102582,32341.46341463415,9417175.635520538,31835751.045435026,32341.46341463415
9417565.957676485,31837205.608221803,31853.658536585368,11.281426868750426,9417272.084516292,31836780.359826993,31365.853658536587,9417614.18217436,31837720.265417784,31365.853658536587,9417859.830836676,31837630.856616616,32341.46341463415,9417517.733178606,31836690.95102582,32341.46341463415
9417908.055334553,31838145.513812598,31853.658536585368,11.501584967121442,9417614.18217436,31837720.265417784,31365.853658536587,9417956.279832432,31838660.17100858,31365.853658536587,9418201.928494746,31838570.762207408,32341.46341463415,9417859.830836676,31837630.856616616,32341.46341463415
9418250.152992623,31839085.41940339,31853.658536585368,11.542199147332832,9417956.279832432,31838660.17100858,31365.853658536587,9418298.3774905,31839600.076599374,31365.853658536587,9418544.026152814,31839510.667798202,32341.46341463415,9418201.928494746,31838570.762207408,32341.46341463415
9418592.250650693,31840025.324994184,31853.658536585368,13.838023097718741,9418298.3774905,31839600.076599374,31365.853658536587,9418640.475148568,31840539.982190166,31365.853658536587,9418886.123810884,31840450.573388997,32341.46341463415,9418544.026152814,31839510.667798202,32341.46341463415
9418934.34830876,31840965.230584983,31853.658536585368,15.849928013154868,9418640.475148568,31840539.982190166,31365.853658536587,9418982.57280664,31841479.88778096,31365.853658536587,9419228.221468953,31841390.47897979,32341.46341463415,9418886.123810884,31840450.573388997,32341.46341463415
9419276.44596683,31841905.13617577,31853.658536585368,16.75724307797131,9418982.57280664,31841479.88778096,31365.853658536587,9419324.670464708,31842419.793371752,31365.853658536587,9419570.319127021,31842330.38457058,32341.46341463415,9419228.221468953,31841390.47897979,32341.46341463415
9419618.5436249,31842845.041766565,31853.658536585368,15.010870260794016,9419324.670464708,31842419.793371752,31365.853658536587,9419666.768122777,31843359.698962547,31365.853658536587,9419912.416785091,31843270.29016138,32341.46341463415,9419570.319127021,31842330.38457058,32341.46341463415
9419960.641282968,31843784.94735736,31853.658536585368,15.251853047010307,9419666.768122777,31843359.698962547,31365.853658536587,9420008.865780847,31844299.604553342,31365.853658536587,9420254.514443161,31844210.19575217,32341.46341463415,9419912.416785091,31843270.29016138,32341.46341463415
9420302.738941038,31844724.85294815,31853.658536585368,16.43793002135,9420008.865780847,31844299.604553342,31365.853658536587,9420350.963438915,31845239.510144133,31365.853658536587,9420596.612101229,31845150.10134296,32341.46341463415,9420254.514443161,31844210.19575217,32341.46341463415
9420644.836599108,31845664.758538943,31853.658536585368,17.44529416896235,9420350.963438915,31845239.510144133,31365.853658536587,9420693.061096985,31846179.415734928,31365.853658536587,9420938.709759299,31846090.00693376,32341.46341463415,9420596.612101229,31845150.10134296,32341.46341463415
9420986.934257176,31846604.66412974,31853.658536585368,17.942185675772887,9420693.061096985,31846179.415734928,31365.853658536587,9421035.158755055,31847119.321325716,31365.853658536587,9421280.807417369,31847029.912524547,32341.46341463415,9420938.709759299,31846090.00693376,32341.46341463415
9421329.031915246,31847544.56972053,31853.658536585368,19.022852550358863,9421035.158755055,31847119.321325716,31365.853658536587,9421377.256413123,31848059.226916514,31365.853658536587,9421622.905075436,31847969.818115342,32341.46341463415,9421280.807417369,31847029.912524547,32341.46341463415
9421671.129573315,31848484.475311324,31853.658536585368,19.540286451774215,9421377.256413123,31848059.226916514,31365.853658536587,9421719.354071192,31848999.132507306,31365.853658536587,9421965.002733506,31848909.723706137,32341.46341463415,9421622.905075436,31847969.818115342,32341.46341463415
9422013.227231383,31849424.380902115,31853.658536585368,18.1289017132991,9421719.354071192,31848999.132507306,31365.853658536587,9422061.451729262,31849939.038098097,31365.853658536587,9422307.100391576,31849849.62929693,32341.46341463415,9421965.002733506,31848909.723706137,32341.46341463415
9422355.324889453,31850364.28649291,31853.658536585368,16.470430128162786,9422061.451729262,31849939.038098097,31365.853658536587,9422403.54938733,31850878.943688896,31365.853658536587,9422649.198049644,31850789.534887724,32341.46341463415,9422307.100391576,31849849.62929693,32341.46341463415
9422697.422547523,31851304.192083705,31853.658536585368,15.053846912193045,9422403.54938733,31850878.943688896,31365.853658536587,9422745.6470454,31851818.849279687,31365.853658536587,9422991.295707714,31851729.44047852,32341.46341463415,9422649.198049644,31850789.534887724,32341.46341463415
9423039.52020559,31852244.097674496,31853.658536585368,13.93190751471557,9422745.6470454,31851818.849279687,31365.853658536587,9423087.74470347,31852758.754870478,31365.853658536587,9423333.393365785,31852669.34606931,32341.46341463415,9422991.295707714,31851729.44047852,32341.46341463415
9423381.61786366,31853184.00326529,31853.658536585368,12.333575854772446,9423087.74470347,31852758.754870478,31365.853658536587,9423429.842361538,31853698.660461273,31365.853658536587,9423675.491023852,31853609.2516601,32341.46341463415,9423333.393365785,31852669.34606931,32341.46341463415
9423723.71552173,31854123.908856083,31853.658536585368,11.508405498336783,9423429.842361538,31853698.660461273,31365.853658536587,9423771.940019608,31854638.566052068,31365.853658536587,9424017.588681921,31854549.1572509,32341.46341463415,9423675.491023852,31853609.2516601,32341.46341463415
9424065.813179798,31855063.814446878,31853.658536585368,12.75225870428195,9423771.940019608,31854638.566052068,31365.853658536587,9424114.037677677,31855578.47164286,31365.853658536587,9424359.686339993,31855489.06284169,32341.46341463415,9424017.588681921,31854549.1572509,32341.46341463415
9424407.91083787,31856003.72003767,31853.658536585368,11.325835445294159,9424114.037677677,31855578.47164286,31365.853658536587,9424456.135335745,31856518.377233654,31365.853658536587,9424701.78399806,31856428.968432482,32341.46341463415,9424359.686339993,31855489.06284169,32341.46341463415
9424750.008495938,31856943.625628464,31853.658536585368,11.142803203032205,9424456.135335745,31856518.377233654,31365.853658536587,9424798.232993815,31857458.28282445,31365.853658536587,9425043.881656129,31857368.87402328,32341.46341463415,9424701.78399806,31856428.968432482,32341.46341463415
9425092.106154006,31857883.53121926,31853.658536585368,12.55350572414112,9424798.232993815,31857458.28282445,31365.853658536587,9425140.330651885,31858398.18841524,31365.853658536587,9425385.9793142,31858308.779614072,32341.46341463415,9425043.881656129,31857368.87402328,32341.46341463415
9425434.203812076,31858823.436810054,31853.658536585368,12.731902284407955,9425140.330651885,31858398.18841524,31365.853658536587,9425482.428309953,31859338.094006035,31365.853658536587,9425728.076972267,31859248.685204864,32341.46341463415,9425385.9793142,31858308.779614072,32341.46341463415
9425776.301470146,31859763.342400845,31853.658536585368,11.890153525372455,9425482.428309953,31859338.094006035,31365.853658536587,9425824.525968023,31860277.999596827,31365.853658536587,9426070.174630338,31860188.590795655,32341.46341463415,9425728.076972267,31859248.685204864,32341.46341463415
9426118.399128214,31860703.247991636,31853.658536585368,10.40367793923678,9425824.525968023,31860277.999596827,31365.853658536587,9426166.623626092,31861217.90518762,31365.853658536587,9426412.272288408,31861128.496386454,32341.46341463415,9426070.174630338,31860188.590795655,32341.46341463415
9426460.496786285,31861643.153582435,31853.658536585368,10.875516985760967,9426166.623626092,31861217.90518762,31365.853658536587,9426508.72128416,31862157.810778417,31365.853658536587,9426754.369946476,31862068.401977245,32341.46341463415,9426412.272288408,31861128.496386454,32341.46341463415
9426802.594444355,31862583.059173223,31853.658536585368,10.655037473501043,9426508.72128416,31862157.810778417,31365.853658536587,9426850.81894223,31863097.716369208,31365.853658536587,9427096.467604546,31863008.307568036,32341.46341463415,9426754.369946476,31862068.401977245,32341.46341463415
9427144.692102423,31863522.964764018,31853.658536585368,8.934621020932706,9426850.81894223,31863097.716369208,31365.853658536587,9427192.9166003,31864037.621960003,31365.853658536587,9427438.565262616,31863948.213158835,32341.46341463415,9427096.467604546,31863008.307568036,32341.46341463415
9427486.78976049,31864462.870354816,31853.658536585368,9.093133974380617,9427192.9166003,31864037.621960003,31365.853658536587,9427535.014258368,31864977.527550798,31365.853658536587,9427780.662920684,31864888.118749626,32341.46341463415,9427438.565262616,31863948.213158835,32341.46341463415
9427828.887418563,31865402.775945608,31853.658536585368,9.130034807572171,9427535.014258368,31864977.527550798,31365.853658536587,9427877.111916438,31865917.43314159,31365.853658536587,9428122.760578753,31865828.024340417,32341.46341463415,9427780.662920684,31864888.118749626,32341.46341463415
9428170.98507663,31866342.6815364,31853.658536585368,9.301856711216512,9427877.111916438,31865917.43314159,31365.853658536587,9428219.209574508,31866857.33873238,31365.853658536587,9428464.858236823,31866767.929931212,32341.46341463415,9428122.760578753,31865828.024340417,32341.46341463415
9428513.0827347,31867282.587127194,31853.658536585368,10.992365800700679,9428219.209574508,31866857.33873238,31365.853658536587,9428561.307232575,31867797.24432318,31365.853658536587,9428806.955894891,31867707.835522007,32341.46341463415,9428464.858236823,31866767.929931212,32341.46341463415
9428855.180392768,31868222.49271799,31853.658536585368,11.856521374853724,9428561.307232575,31867797.24432318,31365.853658536587,9428903.404890645,31868737.14991397,31365.853658536587,9429149.053552961,31868647.7411128,32341.46341463415,9428806.955894891,31867707.835522007,32341.46341463415
9429197.278050838,31869162.398308776,31853.658536585368,10.652179532628349,9428903.404890645,31868737.14991397,31365.853658536587,9429245.502548715,31869677.05550476,31365.853658536587,9429491.15121103,31869587.646703593,32341.46341463415,9429149.053552961,31868647.7411128,32341.46341463415
9429539.375708908,31870102.303899575,31853.658536585368,9.733539600674138,9429245.502548715,31869677.05550476,31365.853658536587,9429587.600206783,31870616.96109556,31365.853658536587,9429833.248869099,31870527.55229439,32341.46341463415,9429491.15121103,31869587.646703593,32341.46341463415
9429881.473366978,31871042.20949037,31853.658536585368,10.151083778150525,9429587.600206783,31870616.96109556,31365.853658536587,9429929.697864855,31871556.86668635,31365.853658536587,9430175.346527169,31871467.45788518,32341.46341463415,9429833.248869099,31870527.55229439,32341.46341463415
9430223.571025046,31871982.11508116,31853.658536585368,9.713393140309929,9429929.697864855,31871556.86668635,31365.853658536587,9430271.795522923,31872496.772277143,31365.853658536587,9430517.444185238,31872407.363475975,32341.46341463415,9430175.346527169,31871467.45788518,32341.46341463415
9430565.668683115,31872922.020671956,31853.658536585368,10.003560564657617,9430271.795522923,31872496.772277143,31365.853658536587,9430613.89318099,31873436.677867934,31365.853658536587,9430859.541843306,31873347.269066766,32341.46341463415,9430517.444185238,31872407.363475975,32341.46341463415
9430907.766341185,31873861.926262747,31853.658536585368,9.368817548213578,9430613.89318099,31873436.677867934,31365.853658536587,9430955.990839062,31874376.583458733,31365.853658536587,9431201.639501376,31874287.17465756,32341.46341463415,9430859.541843306,31873347.269066766,32341.46341463415
9431249.863999253,31874801.831853542,31853.658536585368,8.917062491895312,9430955.990839062,31874376.583458733,31365.853658536587,9431298.08849713,31875316.489049524,31365.853658536587,9431543.737159446,31875227.080248356,32341.46341463415,9431201.639501376,31874287.17465756,32341.46341463415
9431591.961657323,31875741.737444334,31853.658536585368,8.130749195195351,9431298.08849713,31875316.489049524,31365.853658536587,9431640.1861552,31876256.394640315,31365.853658536587,9431885.834817514,31876166.985839147,32341.46341463415,9431543.737159446,31875227.080248356,32341.46341463415
9431934.059315393,31876681.64303513,31853.658536585368,7.199152065307197,9431640.1861552,31876256.394640315,31365.853658536587,9431982.28381327,31877196.30023111,31365.853658536587,9432227.932475584,31877106.89142994,32341.46341463415,9431885.834817514,31876166.985839147,32341.46341463415
9432276.15697346,31877621.548625924,31853.658536585368,6.9983113421215615,9431982.28381327,31877196.30023111,31365.853658536587,9432324.381471338,31878136.2058219,31365.853658536587,9432570.030133653,31878046.797020733,32341.46341463415,9432227.932475584,31877106.89142994,32341.46341463415
9432618.25463153,31878561.454216715,31853.658536585368,6.898462427196625,9432324.381471338,31878136.2058219,31365.853658536587,9432666.479129408,31879076.111412697,31365.853658536587,9432912.127791721,31878986.70261153,32341.46341463415,9432570.030133653,31878046.797020733,32341.46341463415
9432960.3522896,31879501.35980751,31853.658536585368,6.405496500455062,9432666.479129408,31879076.111412697,31365.853658536587,9433008.576787477,31880016.01700349,31365.853658536587,9433254.225449791,31879926.60820232,32341.46341463415,9432912.127791721,31878986.70261153,32341.46341463415
9433302.449947668,31880441.2653983,31853.658536585368,6.465163175863197,9433008.576787477,31880016.01700349,31365.853658536587,9433350.674445547,31880955.922594287,31365.853658536587,9433596.323107861,31880866.51379312,32341.46341463415,9433254.225449791,31879926.60820232,32341.46341463415
9433644.547605738,31881381.170989096,31853.658536585368,6.44358692103917,9433350.674445547,31880955.922594287,31365.853658536587,9433692.772103615,31881895.828185078,31365.853658536587,9433938.420765929,31881806.41938391,32341.46341463415,9433596.323107861,31880866.51379312,32341.46341463415
9433986.645263808,31882321.076579887,31853.658536585368,6.703265512549464,9433692.772103615,31881895.828185078,31365.853658536587,9434034.869761685,31882835.733775873,31365.853658536587,9434280.518423999,31882746.3249747,32341.46341463415,9433938.420765929,31881806.41938391,32341.46341463415
9434328.742921876,31883260.982170682,31853.658536585368,7.017704098197596,9434034.869761685,31882835.733775873,31365.853658536587,9434376.967419755,31883775.639366664,31365.853658536587,9434622.616082069,31883686.230565496,32341.46341463415,9434280.518423999,31882746.3249747,32341.46341463415
9434670.840579946,31884200.887761477,31853.658536585368,6.021096818105588,9434376.967419755,31883775.639366664,31365.853658536587,9434719.065077823,31884715.544957455,31365.853658536587,9434964.713740136,31884626.136156287,32341.46341463415,9434622.616082069,31883686.230565496,32341.46341463415
9435012.938238015,31885140.79335227,31853.658536585368,5.171078316702949,9434719.065077823,31884715.544957455,31365.853658536587,9435061.162735892,31885655.450548254,31365.853658536587,9435306.811398206,31885566.041747082,32341.46341463415,9434964.713740136,31884626.136156287,32341.46341463415
9435355.035896083,31886080.698943064,31853.658536585368,4.938810222884474,9435061.162735892,31885655.450548254,31365.853658536587,9435403.26039396,31886595.356139045,31365.853658536587,9435648.909056276,31886505.947337873,32341.46341463415,9435306.811398206,31885566.041747082,32341.46341463415
9435697.133554153,31887020.604533855,31853.658536585368,4.886618464307757,9435403.26039396,31886595.356139045,31365.853658536587,9435745.35805203,31887535.261729836,31365.853658536587,9435991.006714344,31887445.85292867,32341.46341463415,9435648.909056276,31886505.947337873,32341.46341463415
9436039.231212223,31887960.51012465,31853.658536585368,5.270601063535172,9435745.35805203,31887535.261729836,31365.853658536587,9436087.4557101,31888475.167320635,31365.853658536587,9436333.104372414,31888385.758519463,32341.46341463415,9435991.006714344,31887445.85292867,32341.46341463415
9436381.32887029,31888900.41571544,31853.658536585368,4.6311592720104064,9436087.4557101,31888475.167320635,31365.853658536587,9436429.553368168,31889415.072911426,31365.853658536587,9436675.202030484,31889325.664110254,32341.46341463415,9436333.104372414,31888385.758519463,32341.46341463415
9436723.42652836,31889840.321306236,31853.658536585368,3.831555262274454,9436429.553368168,31889415.072911426,31365.853658536587,9436771.651026238,31890354.978502218,31365.853658536587,9437017.299688553,31890265.56970105,32341.46341463415,9436675.202030484,31889325.664110254,32341.46341463415
9437065.52418643,31890780.226897035,31853.658536585368,3.5905567067679365,9436771.651026238,31890354.978502218,31365.853658536587,9437113.748684308,31891294.884093013,31365.853658536587,9437359.397346621,31891205.47529184,32341.46341463415,9437017.299688553,31890265.56970105,32341.46341463415
9437407.621844498,31891720.132487822,31853.658536585368,2.9386004377926973,9437113.748684308,31891294.884093013,31365.853658536587,9437455.846342376,31892234.789683808,31365.853658536587,9437701.495004691,31892145.380882636,32341.46341463415,9437359.397346621,31891205.47529184,32341.46341463415
9437749.719502568,31892660.038078617,31853.658536585368,3.191715750977773,9437455.846342376,31892234.789683808,31365.853658536587,9437797.944000445,31893174.6952746,31365.853658536587,9438043.592662761,31893085.28647343,32341.46341463415,9437701.495004691,31892145.380882636,32341.46341463415
9438091.817160638,31893599.943669412,31853.658536585368,3.5048135322097833,9437797.944000445,31893174.6952746,31365.853658536587,9438140.041658515,31894114.600865394,31365.853658536587,9438385.690320829,31894025.192064222,32341.46341463415,9438043.592662761,31893085.28647343,32341.46341463415
9438433.914818706,31894539.849260204,31853.658536585368,2.9733807371842427,9438140.041658515,31894114.600865394,31365.853658536587,9438482.139316583,31895054.506456185,31365.853658536587,9438727.787978899,31894965.097655017,32341.46341463415,9438385.690320829,31894025.192064222,32341.46341463415
9438776.012476776,31895479.754850995,31853.658536585368,2.6915910025549192,9438482.139316583,31895054.506456185,31365.853658536587,9438824.236974653,31895994.41204698,31365.853658536587,9439069.885636969,31895905.003245812,32341.46341463415,9438727.787978899,31894965.097655017,32341.46341463415
9439118.110134847,31896419.660441794,31853.658536585368,2.8433587252425037,9438824.236974653,31895994.41204698,31365.853658536587,9439166.334632723,31896934.317637775,31365.853658536587,9439411.983295036,31896844.908836603,32341.46341463415,9439069.885636969,31895905.003245812,32341.46341463415
9439460.207792914,31897359.56603259,31853.658536585368,2.8941473229704036,9439166.334632723,31896934.317637775,31365.853658536587,9439508.43229079,31897874.223228566,31365.853658536587,9439754.080953108,31897784.814427394,32341.46341463415,9439411.983295036,31896844.908836603,32341.46341463415
9439802.305450985,31898299.471623376,31853.658536585368,3.0925440628983556,9439508.43229079,31897874.223228566,31365.853658536587,9439850.52994886,31898814.12881936,31365.853658536587,9440096.178611176,31898724.720018193,32341.46341463415,9439754.080953108,31897784.814427394,32341.46341463415
9440144.403109055,31899239.377214175,31853.658536585368,3.570152378331845,9439850.52994886,31898814.12881936,31365.853658536587,9440192.62760693,31899754.034410153,31365.853658536587,9440438.276269246,31899664.625608984,32341.46341463415,9440096.178611176,31898724.720018193,32341.46341463415
9440486.500767123,31900179.282804966,31853.658536585368,3.224933712377197,9440192.62760693,31899754.034410153,31365.853658536587,9440534.725264998,31900693.940000948,31365.853658536587,9440780.373927316,31900604.531199776,32341.46341463415,9440438.276269246,31899664.625608984,32341.46341463415
9440828.59842519,31901119.188395757,31853.658536585368,3.068613957710264,9440534.725264998,31900693.940000948,31365.853658536587,9440876.822923068,31901633.84559174,31365.853658536587,9441122.471585384,31901544.43679057,32341.46341463415,9440780.373927316,31900604.531199776,32341.46341463415
9441170.696083263,31902059.093986552,31853.658536585368,3.04336870705348,9440876.822923068,31901633.84559174,31365.853658536587,9441218.920581138,31902573.751182534,31365.853658536587,9441464.569243453,31902484.342381366,32341.46341463415,9441122.471585384,31901544.43679057,32341.46341463415
9441512.79374133,31902998.999577347,31853.658536585368,3.18823341301075,9441218.920581138,31902573.751182534,31365.853658536587,9441561.018239206,31903513.65677333,31365.853658536587,9441806.666901523,31903424.247972157,32341.46341463415,9441464.569243453,31902484.342381366,32341.46341463415
9441854.8913994,31903938.905168142,31853.658536585368,3.2737958351192153,9441561.018239206,31903513.65677333,31365.853658536587,9441903.115897276,31904453.56236412,31365.853658536587,9442148.764559591,31904364.15356295,32341.46341463415,9441806.666901523,31903424.247972157,32341.46341463415
9442196.989057468,31904878.810758933,31853.658536585368,3.516916266503874,9441903.115897276,31904453.56236412,31365.853658536587,9442245.213555345,31905393.467954915,31365.853658536587,9442490.862217661,31905304.059153747,32341.46341463415,9442148.764559591,31904364.15356295,32341.46341463415
9442539.086715538,31905818.71634973,31853.658536585368,3.523476093597188,9442245.213555345,31905393.467954915,31365.853658536587,9442587.311213413,31906333.37354571,31365.853658536587,9442832.95987573,31906243.964744538,32341.46341463415,9442490.862217661,31905304.059153747,32341.46341463415
9442881.184373608,31906758.62194052,31853.658536585368,3.6397451062487236,9442587.311213413,31906333.37354571,31365.853658536587,9442929.408871483,31907273.2791365,31365.853658536587,9443175.057533799,31907183.870335333,32341.46341463415,9442832.95987573,31906243.964744538,32341.46341463415
9443223.282031676,31907698.52753131,31853.658536585368,3.818198419569629,9442929.408871483,31907273.2791365,31365.853658536587,9443271.506529553,31908213.184727293,31365.853658536587,9443517.155191869,31908123.775926124,32341.46341463415,9443175.057533799,31907183.870335333,32341.46341463415
9443565.379689746,31908638.433122106,31853.658536585368,3.8356531786172794,9443271.506529553,31908213.184727293,31365.853658536587,9443613.604187623,31909153.09031809,31365.853658536587,9443859.252849938,31909063.68151692,32341.46341463415,9443517.155191869,31908123.775926124,32341.46341463415
9443907.477347815,31909578.3387129,31853.658536585368,3.8944420193135443,9443613.604187623,31909153.09031809,31365.853658536587,9443955.70184569,31910092.995908882,31365.853658536587,9444201.350508006,31910003.587107714,32341.46341463415,9443859.252849938,31909063.68151692,32341.46341463415
9444249.575005883,31910518.244303696,31853.658536585368,4.648960106025466,9443955.70184569,31910092.995908882,31365.853658536587,9444297.79950376,31911032.901499674,31365.853658536587,9444543.448166076,31910943.492698506,32341.46341463415,9444201.350508006,31910003.587107714,32341.46341463415
9444591.672663953,31911458.149894487,31853.658536585368,5.413094701573688,9444297.79950376,31911032.901499674,31365.853658536587,9444639.89716183,31911972.807090472,31365.853658536587,9444885.545824146,31911883.3982893,32341.46341463415,9444543.448166076,31910943.492698506,32341.46341463415
9444933.770322023,31912398.055485282,31853.658536585368,5.64721389596024,9444639.89716183,31911972.807090472,31365.853658536587,9444981.994819898,31912912.712681264,31365.853658536587,9445227.643482214,31912823.30388009,32341.46341463415,9444885.545824146,31911883.3982893,32341.46341463415
9445275.86798009,31913337.961076073,31853.658536585368,6.114294133826344,9444981.994819898,31912912.712681264,31365.853658536587,9445324.092477968,31913852.618272055,31365.853658536587,9445569.741140284,31913763.209470887,32341.46341463415,9445227.643482214,31912823.30388009,32341.46341463415
9445617.96563816,31914277.86666687,31853.658536585368,5.839169308278405,9445324.092477968,31913852.618272055,31365.853658536587,9445666.190136038,31914792.52386285,31365.853658536587,9445911.838798353,31914703.115061678,32341.46341463415,9445569.741140284,31913763.209470887,32341.46341463415
9445960.06329623,31915217.77225766,31853.658536585368,5.342238007645876,9445666.190136038,31914792.52386285,31365.853658536587,9446008.287794108,31915732.429453645,31365.853658536587,9446253.936456421,31915643.020652473,32341.46341463415,9445911.838798353,31914703.115061678,32341.46341463415
9446302.160954298,31916157.677848455,31853.658536585368,4.643641692691368,9446008.287794108,31915732.429453645,31365.853658536587,9446350.385452177,31916672.335044436,31365.853658536587,9446596.034114491,31916582.926243268,32341.46341463415,9446253.936456421,31915643.020652473,32341.46341463415
9446644.258612368,31917097.583439253,31853.658536585368,3.8033305744611514,9446350.385452177,31916672.335044436,31365.853658536587,9446692.483110245,31917612.24063523,31365.853658536587,9446938.131772561,31917522.83183406,32341.46341463415,9446596.034114491,31916582.926243268,32341.46341463415
9446986.356270438,31918037.48903004,31853.658536585368,3.492829966530348,9446692.483110245,31917612.24063523,31365.853658536587,9447034.580768315,31918552.146226026,31365.853658536587,9447280.229430629,31918462.737424854,32341.46341463415,9446938.131772561,31917522.83183406,32341.46341463415
9447328.453928506,31918977.394620836,31853.658536585368,3.082243083704925,9447034.580768315,31918552.146226026,31365.853658536587,9447376.678426385,31919492.051816814,31365.853658536587,9447622.327088699,31919402.64301565,32341.46341463415,9447280.229430629,31918462.737424854,32341.46341463415
9447670.551586576,31919917.300211627,31853.658536585368,3.047060524321787,9447376.678426385,31919492.051816814,31365.853658536587,9447718.776084453,31920431.957407612,31365.853658536587,9447964.424746769,31920342.54860644,32341.46341463415,9447622.327088699,31919402.64301565,32341.46341463415
9448012.649244646,31920857.205802422,31853.658536585368,2.635647331803069,9447718.776084453,31920431.957407612,31365.853658536587,9448060.873742523,31921371.862998404,31365.853658536587,9448306.522404836,31921282.45419723,32341.46341463415,9447964.424746769,31920342.54860644,32341.46341463415
9448354.746902714,31921797.111393213,31853.658536585368,2.927572086380327,9448060.873742523,31921371.862998404,31365.853658536587,9448402.971400592,31922311.768589195,31365.853658536587,9448648.620062906,31922222.359788027,32341.46341463415,9448306.522404836,31921282.45419723,32341.46341463415
9448696.844560783,31922737.016984012,31853.658536585368,3.198272625898671,9448402.971400592,31922311.768589195,31365.853658536587,9448745.06905866,31923251.674179994,31365.853658536587,9448990.717720976,31923162.26537882,32341.46341463415,9448648.620062906,31922222.359788027,32341.46341463415
9449038.942218853,31923676.922574807,31853.658536585368,2.782571121744837,9448745.06905866,31923251.674179994,31365.853658536587,9449087.16671673,31924191.579770785,31365.853658536587,9449332.815379044,31924102.170969613,32341.46341463415,9448990.717720976,31923162.26537882,32341.46341463415
9408232.871912861,31810798.842878416,32829.26829268293,8.107827332519301,9407938.998752668,31810373.594483603,32341.46341463415,9408281.096410738,31811313.500074398,32341.46341463415,9408526.745073054,31811224.091273226,33317.0731707317,9408184.647414984,31810284.185682435,33317.0731707317
9408574.96957093,31811738.748469207,32829.26829268293,8.32751021546127,9408281.096410738,31811313.500074398,32341.46341463415,9408623.194068806,31812253.40566519,32341.46341463415,9408868.842731122,31812163.99686402,33317.0731707317,9408526.745073054,31811224.091273226,33317.0731707317
9408917.067229,31812678.65406,32829.26829268293,10.03350525784529,9408623.194068806,31812253.40566519,32341.46341463415,9408965.291726876,31813193.311255984,32341.46341463415,9409210.940389192,31813103.902454816,33317.0731707317,9408868.842731122,31812163.99686402,33317.0731707317
9409259.164887069,31813618.559650797,32829.26829268293,14.728647345005596,9408965.291726876,31813193.311255984,32341.46341463415,9409307.389384946,31814133.21684678,32341.46341463415,9409553.038047262,31814043.808045607,33317.0731707317,9409210.940389192,31813103.902454816,33317.0731707317
9409601.262545139,31814558.465241592,32829.26829268293,16.996734330058732,9409307.389384946,31814133.21684678,32341.46341463415,9409649.487043016,31815073.122437574,32341.46341463415,9409895.13570533,31814983.713636406,33317.0731707317,9409553.038047262,31814043.808045607,33317.0731707317
9409943.360203208,31815498.370832384,32829.26829268293,18.378509283435314,9409649.487043016,31815073.122437574,32341.46341463415,9409991.584701084,31816013.028028365,32341.46341463415,9410237.2333634,31815923.619227197,33317.0731707317,9409895.13570533,31814983.713636406,33317.0731707317
9410285.457861276,31816438.27642318,32829.26829268293,18.480992509752934,9409991.584701084,31816013.028028365,32341.46341463415,9410333.682359153,31816952.93361916,32341.46341463415,9410579.33102147,31816863.52481799,33317.0731707317,9410237.2333634,31815923.619227197,33317.0731707317
9410627.555519346,31817378.18201397,32829.26829268293,19.26840008943172,9410333.682359153,31816952.93361916,32341.46341463415,9410675.780017223,31817892.83920995,32341.46341463415,9410921.428679537,31817803.430408783,33317.0731707317,9410579.33102147,31816863.52481799,33317.0731707317
9410969.653177416,31818318.08760476,32829.26829268293,19.622469913038916,9410675.780017223,31817892.83920995,32341.46341463415,9411017.877675291,31818832.744800743,32341.46341463415,9411263.526337607,31818743.335999575,33317.0731707317,9410921.428679537,31817803.430408783,33317.0731707317
9411311.750835484,31819257.993195556,32829.26829268293,19.68983334979465,9411017.877675291,31818832.744800743,32341.46341463415,9411359.975333363,31819772.65039154,32341.46341463415,9411605.623995677,31819683.24159037,33317.0731707317,9411263.526337607,31818743.335999575,33317.0731707317
9411653.848493554,31820197.89878635,32829.26829268293,19.564254798654826,9411359.975333363,31819772.65039154,32341.46341463415,9411702.07299143,31820712.555982333,32341.46341463415,9411947.721653745,31820623.14718116,33317.0731707317,9411605.623995677,31819683.24159037,33317.0731707317
9411995.946151624,31821137.804377146,32829.26829268293,19.55404133060589,9411702.07299143,31820712.555982333,32341.46341463415,9412044.170649499,31821652.461573124,32341.46341463415,9412289.819311814,31821563.052771956,33317.0731707317,9411947.721653745,31820623.14718116,33317.0731707317
9412338.043809691,31822077.709967937,32829.26829268293,17.866716747086492,9412044.170649499,31821652.461573124,32341.46341463415,9412386.26830757,31822592.36716392,32341.46341463415,9412631.916969884,31822502.95836275,33317.0731707317,9412289.819311814,31821563.052771956,33317.0731707317
9412680.141467761,31823017.615558732,32829.26829268293,16.209918736257563,9412386.26830757,31822592.36716392,32341.46341463415,9412728.365965638,31823532.272754714,32341.46341463415,9412974.014627952,31823442.863953542,33317.0731707317,9412631.916969884,31822502.95836275,33317.0731707317
9413022.239125831,31823957.521149524,32829.26829268293,17.297971136951286,9412728.365965638,31823532.272754714,32341.46341463415,9413070.463623708,31824472.178345505,32341.46341463415,9413316.112286022,31824382.769544337,33317.0731707317,9412974.014627952,31823442.863953542,33317.0731707317
9413364.336783899,31824897.42674032,32829.26829268293,17.95117366325167,9413070.463623708,31824472.178345505,32341.46341463415,9413412.561281778,31825412.0839363,32341.46341463415,9413658.209944092,31825322.67513513,33317.0731707317,9413316.112286022,31824382.769544337,33317.0731707317
9413706.434441969,31825837.33233111,32829.26829268293,17.09291758746156,9413412.561281778,31825412.0839363,32341.46341463415,9413754.658939846,31826351.989527095,32341.46341463415,9414000.30760216,31826262.580725923,33317.0731707317,9413658.209944092,31825322.67513513,33317.0731707317
9414048.532100039,31826777.237921905,32829.26829268293,16.40717171381374,9413754.658939846,31826351.989527095,32341.46341463415,9414096.756597916,31827291.895117886,32341.46341463415,9414342.40526023,31827202.48631672,33317.0731707317,9414000.30760216,31826262.580725923,33317.0731707317
9414390.629758107,31827717.143512703,32829.26829268293,15.327353696877738,9414096.756597916,31827291.895117886,32341.46341463415,9414438.854255985,31828231.80070868,32341.46341463415,9414684.5029183,31828142.39190751,33317.0731707317,9414342.40526023,31827202.48631672,33317.0731707317
9414732.727416176,31828657.04910349,32829.26829268293,15.222923010467667,9414438.854255985,31828231.80070868,32341.46341463415,9414780.951914053,31829171.706299473,32341.46341463415,9415026.600576367,31829082.2974983,33317.0731707317,9414684.5029183,31828142.39190751,33317.0731707317
9415074.825074246,31829596.954694286,32829.26829268293,15.845206531879096,9414780.951914053,31829171.706299473,32341.46341463415,9415123.049572123,31830111.611890268,32341.46341463415,9415368.698234437,31830022.2030891,33317.0731707317,9415026.600576367,31829082.2974983,33317.0731707317
9415416.922732314,31830536.86028508,32829.26829268293,13.79033923208292,9415123.049572123,31830111.611890268,32341.46341463415,9415465.147230193,31831051.517481063,32341.46341463415,9415710.795892507,31830962.10867989,33317.0731707317,9415368.698234437,31830022.2030891,33317.0731707317
9415759.020390384,31831476.765875872,32829.26829268293,12.338005768824193,9415465.147230193,31831051.517481063,32341.46341463415,9415807.244888261,31831991.423071854,32341.46341463415,9416052.893550575,31831902.014270682,33317.0731707317,9415710.795892507,31830962.10867989,33317.0731707317
9416101.118048454,31832416.671466663,32829.26829268293,9.615037582071597,9415807.244888261,31831991.423071854,32341.46341463415,9416149.34254633,31832931.32866265,32341.46341463415,9416394.991208645,31832841.91986148,33317.0731707317,9416052.893550575,31831902.014270682,33317.0731707317
9416443.215706522,31833356.577057462,32829.26829268293,7.983265298989132,9416149.34254633,31832931.32866265,32341.46341463415,9416491.440204399,31833871.23425344,32341.46341463415,9416737.088866716,31833781.82545227,33317.0731707317,9416394.991208645,31832841.91986148,33317.0731707317
9416785.313364591,31834296.482648257,32829.26829268293,7.3270216209411645,9416491.440204399,31833871.23425344,32341.46341463415,9416833.537862469,31834811.139844235,32341.46341463415,9417079.186524782,31834721.731043063,33317.0731707317,9416737.088866716,31833781.82545227,33317.0731707317
9417127.411022661,31835236.388239045,32829.26829268293,7.9823385830929015,9416833.537862469,31834811.139844235,32341.46341463415,9417175.635520538,31835751.045435026,32341.46341463415,9417421.284182852,31835661.636633858,33317.0731707317,9417079.186524782,31834721.731043063,33317.0731707317
9417469.50868073,31836176.293829843,32829.26829268293,9.184618630793745,9417175.635520538,31835751.045435026,32341.46341463415,9417517.733178606,31836690.95102582,32341.46341463415,9417763.381840924,31836601.542224653,33317.0731707317,9417421.284182852,31835661.636633858,33317.0731707317
9417811.606338799,31837116.199420635,32829.26829268293,10.595265121124333,9417517.733178606,31836690.95102582,32341.46341463415,9417859.830836676,31837630.856616616,32341.46341463415,9418105.47949899,31837541.447815444,33317.0731707317,9417763.381840924,31836601.542224653,33317.0731707317
9418153.703996869,31838056.105011426,32829.26829268293,11.984840642186345,9417859.830836676,31837630.856616616,32341.46341463415,9418201.928494746,31838570.762207408,32341.46341463415,9418447.57715706,31838481.35340624,33317.0731707317,9418105.47949899,31837541.447815444,33317.0731707317
9418495.801654937,31838996.01060222,32829.26829268293,11.366815613724622,9418201.928494746,31838570.762207408,32341.46341463415,9418544.026152814,31839510.667798202,32341.46341463415,9418789.674815131,31839421.258997034,33317.0731707317,9418447.57715706,31838481.35340624,33317.0731707317
9418837.899313008,31839935.916193016,32829.26829268293,11.590938658797647,9418544.026152814,31839510.667798202,32341.46341463415,9418886.123810884,31840450.573388997,32341.46341463415,9419131.772473197,31840361.164587826,33317.0731707317,9418789.674815131,31839421.258997034,33317.0731707317
9419179.996971076,31840875.82178381,32829.26829268293,13.40588881130694,9418886.123810884,31840450.573388997,32341.46341463415,9419228.221468953,31841390.47897979,32341.46341463415,9419473.87013127,31841301.07017862,33317.0731707317,9419131.772473197,31840361.164587826,33317.0731707317
9419522.094629146,31841815.7273746,32829.26829268293,15.605478489462296,9419228.221468953,31841390.47897979,32341.46341463415,9419570.319127021,31842330.38457058,32341.46341463415,9419815.967789339,31842240.97576941,33317.0731707317,9419473.87013127,31841301.07017862,33317.0731707317
9419864.192287216,31842755.632965397,32829.26829268293,15.566209616661618,9419570.319127021,31842330.38457058,32341.46341463415,9419912.416785091,31843270.29016138,32341.46341463415,9420158.065447407,31843180.881360207,33317.0731707317,9419815.967789339,31842240.97576941,33317.0731707317
9420206.289945286,31843695.53855619,32829.26829268293,15.87850635787554,9419912.416785091,31843270.29016138,32341.46341463415,9420254.514443161,31844210.19575217,32341.46341463415,9420500.163105477,31844120.786951,33317.0731707317,9420158.065447407,31843180.881360207,33317.0731707317
9420548.387603352,31844635.44414698,32829.26829268293,16.081118241617276,9420254.514443161,31844210.19575217,32341.46341463415,9420596.612101229,31845150.10134296,32341.46341463415,9420842.260763546,31845060.692541793,33317.0731707317,9420500.163105477,31844120.786951,33317.0731707317
9420890.485261424,31845575.349737775,32829.26829268293,17.457892067287027,9420596.612101229,31845150.10134296,32341.46341463415,9420938.709759299,31846090.00693376,32341.46341463415,9421184.358421614,31846000.598132588,33317.0731707317,9420842.260763546,31845060.692541793,33317.0731707317
9421232.582919493,31846515.25532857,32829.26829268293,18.53510057684237,9420938.709759299,31846090.00693376,32341.46341463415,9421280.807417369,31847029.912524547,32341.46341463415,9421526.456079684,31846940.50372338,33317.0731707317,9421184.358421614,31846000.598132588,33317.0731707317
9421574.680577561,31847455.160919365,32829.26829268293,17.844663701334152,9421280.807417369,31847029.912524547,32341.46341463415,9421622.905075436,31847969.818115342,32341.46341463415,9421868.553737754,31847880.409314174,33317.0731707317,9421526.456079684,31846940.50372338,33317.0731707317
9421916.77823563,31848395.066510156,32829.26829268293,18.873593850553988,9421622.905075436,31847969.818115342,32341.46341463415,9421965.002733506,31848909.723706137,32341.46341463415,9422210.651395822,31848820.314904965,33317.0731707317,9421868.553737754,31847880.409314174,33317.0731707317
9422258.8758937,31849334.972100943,32829.26829268293,18.301665588135798,9421965.002733506,31848909.723706137,32341.46341463415,9422307.100391576,31849849.62929693,32341.46341463415,9422552.749053892,31849760.220495757,33317.0731707317,9422210.651395822,31848820.314904965,33317.0731707317
9422600.973551769,31850274.87769174,32829.26829268293,16.53075222147235,9422307.100391576,31849849.62929693,32341.46341463415,9422649.198049644,31850789.534887724,32341.46341463415,9422894.846711962,31850700.126086555,33317.0731707317,9422552.749053892,31849760.220495757,33317.0731707317
9422943.071209839,31851214.783282537,32829.26829268293,15.64805789480492,9422649.198049644,31850789.534887724,32341.46341463415,9422991.295707714,31851729.44047852,32341.46341463415,9423236.94437003,31851640.031677347,33317.0731707317,9422894.846711962,31850700.126086555,33317.0731707317
9423285.168867908,31852154.68887333,32829.26829268293,15.941638793036462,9422991.295707714,31851729.44047852,32341.46341463415,9423333.393365785,31852669.34606931,32341.46341463415,9423579.0420281,31852579.93726814,33317.0731707317,9423236.94437003,31851640.031677347,33317.0731707317
9423627.266525976,31853094.594464123,32829.26829268293,14.51342266370184,9423333.393365785,31852669.34606931,32341.46341463415,9423675.491023852,31853609.2516601,32341.46341463415,9423921.13968617,31853519.842858933,33317.0731707317,9423579.0420281,31852579.93726814,33317.0731707317
9423969.364184046,31854034.500054915,32829.26829268293,12.770697668641198,9423675.491023852,31853609.2516601,32341.46341463415,9424017.588681921,31854549.1572509,32341.46341463415,9424263.237344237,31854459.748449728,33317.0731707317,9423921.13968617,31853519.842858933,33317.0731707317
9424311.461842114,31854974.40564571,32829.26829268293,13.30364904059054,9424017.588681921,31854549.1572509,32341.46341463415,9424359.686339993,31855489.06284169,32341.46341463415,9424605.335002307,31855399.65404052,33317.0731707317,9424263.237344237,31854459.748449728,33317.0731707317
9424653.559500184,31855914.311236497,32829.26829268293,13.974981232070013,9424359.686339993,31855489.06284169,32341.46341463415,9424701.78399806,31856428.968432482,32341.46341463415,9424947.432660377,31856339.559631314,33317.0731707317,9424605.335002307,31855399.65404052,33317.0731707317
9424995.657158254,31856854.216827296,32829.26829268293,13.017132993118786,9424701.78399806,31856428.968432482,32341.46341463415,9425043.881656129,31857368.87402328,32341.46341463415,9425289.530318445,31857279.46522211,33317.0731707317,9424947.432660377,31856339.559631314,33317.0731707317
9425337.754816322,31857794.12241809,32829.26829268293,12.181433627244052,9425043.881656129,31857368.87402328,32341.46341463415,9425385.9793142,31858308.779614072,32341.46341463415,9425631.627976514,31858219.3708129,33317.0731707317,9425289.530318445,31857279.46522211,33317.0731707317
9425679.852474391,31858734.028008882,32829.26829268293,11.74051111002307,9425385.9793142,31858308.779614072,32341.46341463415,9425728.076972267,31859248.685204864,32341.46341463415,9425973.725634584,31859159.276403695,33317.0731707317,9425631.627976514,31858219.3708129,33317.0731707317
9426021.950132461,31859673.933599677,32829.26829268293,10.654670254876041,9425728.076972267,31859248.685204864,32341.46341463415,9426070.174630338,31860188.590795655,32341.46341463415,9426315.823292652,31860099.181994487,33317.0731707317,9425973.725634584,31859159.276403695,33317.0731707317
9426364.04779053,31860613.83919047,32829.26829268293,10.868625456798725,9426070.174630338,31860188.590795655,32341.46341463415,9426412.272288408,31861128.496386454,32341.46341463415,9426657.920950722,31861039.08758528,33317.0731707317,9426315.823292652,31860099.181994487,33317.0731707317
9426706.145448599,31861553.744781263,32829.26829268293,10.583564401660041,9426412.272288408,31861128.496386454,32341.46341463415,9426754.369946476,31862068.401977245,32341.46341463415,9427000.018608792,31861978.993176077,33317.0731707317,9426657.920950722,31861039.08758528,33317.0731707317
9427048.243106669,31862493.650372054,32829.26829268293,11.457633532633958,9426754.369946476,31862068.401977245,32341.46341463415,9427096.467604546,31863008.307568036,32341.46341463415,9427342.11626686,31862918.898766868,33317.0731707317,9427000.018608792,31861978.993176077,33317.0731707317
9427390.340764737,31863433.55596285,32829.26829268293,11.630960712626816,9427096.467604546,31863008.307568036,32341.46341463415,9427438.565262616,31863948.213158835,32341.46341463415,9427684.21392493,31863858.804357663,33317.0731707317,9427342.11626686,31862918.898766868,33317.0731707317
9427732.438422807,31864373.461553644,32829.26829268293,10.822719286702837,9427438.565262616,31863948.213158835,32341.46341463415,9427780.662920684,31864888.118749626,32341.46341463415,9428026.311583,31864798.709948458,33317.0731707317,9427684.21392493,31863858.804357663,33317.0731707317
9428074.536080876,31865313.367144436,32829.26829268293,10.303887479612674,9427780.662920684,31864888.118749626,32341.46341463415,9428122.760578753,31865828.024340417,32341.46341463415,9428368.409241067,31865738.61553925,33317.0731707317,9428026.311583,31864798.709948458,33317.0731707317
9428416.633738944,31866253.27273523,32829.26829268293,10.396682578844178,9428122.760578753,31865828.024340417,32341.46341463415,9428464.858236823,31866767.929931212,32341.46341463415,9428710.506899137,31866678.52113004,33317.0731707317,9428368.409241067,31865738.61553925,33317.0731707317
9428758.731397014,31867193.178326022,32829.26829268293,10.440213178741454,9428464.858236823,31866767.929931212,32341.46341463415,9428806.955894891,31867707.835522007,32341.46341463415,9429052.604557207,31867618.42672084,33317.0731707317,9428710.506899137,31866678.52113004,33317.0731707317
9429100.829055084,31868133.083916817,32829.26829268293,10.457274792927393,9428806.955894891,31867707.835522007,32341.46341463415,9429149.053552961,31868647.7411128,32341.46341463415,9429394.702215275,31868558.33231163,33317.0731707317,9429052.604557207,31867618.42672084,33317.0731707317
9429442.926713152,31869072.989507608,32829.26829268293,11.10105715077085,9429149.053552961,31868647.7411128,32341.46341463415,9429491.15121103,31869587.646703593,32341.46341463415,9429736.799873345,31869498.23790242,33317.0731707317,9429394.702215275,31868558.33231163,33317.0731707317
9429785.024371222,31870012.895098403,32829.26829268293,11.22914122787155,9429491.15121103,31869587.646703593,32341.46341463415,9429833.248869099,31870527.55229439,32341.46341463415,9430078.897531414,31870438.14349322,33317.0731707317,9429736.799873345,31869498.23790242,33317.0731707317
9430127.122029291,31870952.800689198,32829.26829268293,12.461541603955432,9429833.248869099,31870527.55229439,32341.46341463415,9430175.346527169,31871467.45788518,32341.46341463415,9430420.995189484,31871378.04908401,33317.0731707317,9430078.897531414,31870438.14349322,33317.0731707317
9430469.21968736,31871892.706279993,32829.26829268293,11.28891121130286,9430175.346527169,31871467.45788518,32341.46341463415,9430517.444185238,31872407.363475975,32341.46341463415,9430763.092847552,31872317.954674803,33317.0731707317,9430420.995189484,31871378.04908401,33317.0731707317
9430811.31734543,31872832.611870784,32829.26829268293,9.881575675045882,9430517.444185238,31872407.363475975,32341.46341463415,9430859.541843306,31873347.269066766,32341.46341463415,9431105.190505622,31873257.860265594,33317.0731707317,9430763.092847552,31872317.954674803,33317.0731707317
9431153.415003499,31873772.517461576,32829.26829268293,9.275477750579126,9430859.541843306,31873347.269066766,32341.46341463415,9431201.639501376,31874287.17465756,32341.46341463415,9431447.288163692,31874197.765856393,33317.0731707317,9431105.190505622,31873257.860265594,33317.0731707317
9431495.512661567,31874712.423052374,32829.26829268293,8.789411688966359,9431201.639501376,31874287.17465756,32341.46341463415,9431543.737159446,31875227.080248356,32341.46341463415,9431789.38582176,31875137.671447184,33317.0731707317,9431447.288163692,31874197.765856393,33317.0731707317
9431837.610319637,31875652.32864316,32829.26829268293,8.234674651116233,9431543.737159446,31875227.080248356,32341.46341463415,9431885.834817514,31876166.985839147,32341.46341463415,9432131.48347983,31876077.577037975,33317.0731707317,9431789.38582176,31875137.671447184,33317.0731707317
9432179.707977707,31876592.234233957,32829.26829268293,7.665310572146357,9431885.834817514,31876166.985839147,32341.46341463415,9432227.932475584,31877106.89142994,32341.46341463415,9432473.5811379,31877017.482628774,33317.0731707317,9432131.48347983,31876077.577037975,33317.0731707317
9432521.805635775,31877532.139824755,32829.26829268293,7.173984001121082,9432227.932475584,31877106.89142994,32341.46341463415,9432570.030133653,31878046.797020733,32341.46341463415,9432815.678795967,31877957.38821956,33317.0731707317,9432473.5811379,31877017.482628774,33317.0731707317
9432863.903293844,31878472.045415543,32829.26829268293,7.333614565387403,9432570.030133653,31878046.797020733,32341.46341463415,9432912.127791721,31878986.70261153,32341.46341463415,9433157.776454037,31878897.293810356,33317.0731707317,9432815.678795967,31877957.38821956,33317.0731707317
9433206.000951916,31879411.951006338,32829.26829268293,6.614844566967838,9432912.127791721,31878986.70261153,32341.46341463415,9433254.225449791,31879926.60820232,32341.46341463415,9433499.874112107,31879837.19940115,33317.0731707317,9433157.776454037,31878897.293810356,33317.0731707317
9433548.098609984,31880351.856597133,32829.26829268293,6.167859553474636,9433254.225449791,31879926.60820232,32341.46341463415,9433596.323107861,31880866.51379312,32341.46341463415,9433841.971770177,31880777.104991946,33317.0731707317,9433499.874112107,31879837.19940115,33317.0731707317
9433890.196268052,31881291.762187928,32829.26829268293,6.584167299821274,9433596.323107861,31880866.51379312,32341.46341463415,9433938.420765929,31881806.41938391,32341.46341463415,9434184.069428245,31881717.010582738,33317.0731707317,9433841.971770177,31880777.104991946,33317.0731707317
9434232.293926124,31882231.667778715,32829.26829268293,6.445192230412118,9433938.420765929,31881806.41938391,32341.46341463415,9434280.518423999,31882746.3249747,32341.46341463415,9434526.167086314,31882656.916173533,33317.0731707317,9434184.069428245,31881717.010582738,33317.0731707317
9434574.391584191,31883171.573369514,32829.26829268293,6.591322447417868,9434280.518423999,31882746.3249747,32341.46341463415,9434622.616082069,31883686.230565496,32341.46341463415,9434868.264744384,31883596.821764324,33317.0731707317,9434526.167086314,31882656.916173533,33317.0731707317
9434916.489242261,31884111.47896031,32829.26829268293,6.88709420128308,9434622.616082069,31883686.230565496,32341.46341463415,9434964.713740136,31884626.136156287,32341.46341463415,9435210.362402452,31884536.727355115,33317.0731707317,9434868.264744384,31883596.821764324,33317.0731707317
9435258.58690033,31885051.384551097,32829.26829268293,6.6720371858917975,9434964.713740136,31884626.136156287,32341.46341463415,9435306.811398206,31885566.041747082,32341.46341463415,9435552.460060522,31885476.632945914,33317.0731707317,9435210.362402452,31884536.727355115,33317.0731707317
9435600.684558399,31885991.290141895,32829.26829268293,6.630279083715115,9435306.811398206,31885566.041747082,32341.46341463415,9435648.909056276,31886505.947337873,32341.46341463415,9435894.557718592,31886416.538536705,33317.0731707317,9435552.460060522,31885476.632945914,33317.0731707317
9435942.782216469,31886931.195732687,32829.26829268293,5.909024216509382,9435648.909056276,31886505.947337873,32341.46341463415,9435991.006714344,31887445.85292867,32341.46341463415,9436236.65537666,31887356.444127496,33317.0731707317,9435894.557718592,31886416.538536705,33317.0731707317
9436284.879874539,31887871.101323478,32829.26829268293,5.25396745114954,9435991.006714344,31887445.85292867,32341.46341463415,9436333.104372414,31888385.758519463,32341.46341463415,9436578.75303473,31888296.349718295,33317.0731707317,9436236.65537666,31887356.444127496,33317.0731707317
9436626.977532605,31888811.006914273,32829.26829268293,4.007546197392741,9436333.104372414,31888385.758519463,32341.46341463415,9436675.202030484,31889325.664110254,32341.46341463415,9436920.8506928,31889236.255309086,33317.0731707317,9436578.75303473,31888296.349718295,33317.0731707317
9436969.075190676,31889750.912505068,32829.26829268293,3.2295803060340273,9436675.202030484,31889325.664110254,32341.46341463415,9437017.299688553,31890265.56970105,32341.46341463415,9437262.948350867,31890176.160899878,33317.0731707317,9436920.8506928,31889236.255309086,33317.0731707317
9437311.172848746,31890690.818095863,32829.26829268293,2.537778091692684,9437017.299688553,31890265.56970105,32341.46341463415,9437359.397346621,31891205.47529184,32341.46341463415,9437605.046008937,31891116.066490673,33317.0731707317,9437262.948350867,31890176.160899878,33317.0731707317
9437653.270506814,31891630.723686654,32829.26829268293,2.285490319064658,9437359.397346621,31891205.47529184,32341.46341463415,9437701.495004691,31892145.380882636,32341.46341463415,9437947.143667007,31892055.972081468,33317.0731707317,9437605.046008937,31891116.066490673,33317.0731707317
9437995.368164884,31892570.62927745,32829.26829268293,2.263415327869215,9437701.495004691,31892145.380882636,32341.46341463415,9438043.592662761,31893085.28647343,32341.46341463415,9438289.241325075,31892995.87767226,33317.0731707317,9437947.143667007,31892055.972081468,33317.0731707317
9438337.465822954,31893510.53486824,32829.26829268293,2.4296352447583804,9438043.592662761,31893085.28647343,32341.46341463415,9438385.690320829,31894025.192064222,32341.46341463415,9438631.338983145,31893935.783263054,33317.0731707317,9438289.241325075,31892995.87767226,33317.0731707317
9438679.563481022,31894450.44045903,32829.26829268293,2.7905393510789893,9438385.690320829,31894025.192064222,32341.46341463415,9438727.787978899,31894965.097655017,32341.46341463415,9438973.436641214,31894875.68885385,33317.0731707317,9438631.338983145,31893935.783263054,33317.0731707317
9439021.661139091,31895390.346049827,32829.26829268293,2.7074550780313444,9438727.787978899,31894965.097655017,32341.46341463415,9439069.885636969,31895905.003245812,32341.46341463415,9439315.534299282,31895815.59444464,33317.0731707317,9438973.436641214,31894875.68885385,33317.0731707317
9439363.758797161,31896330.25164062,32829.26829268293,2.9776888593232735,9439069.885636969,31895905.003245812,32341.46341463415,9439411.983295036,31896844.908836603,32341.46341463415,9439657.631957352,31896755.500035435,33317.0731707317,9439315.534299282,31895815.59444464,33317.0731707317
9439705.85645523,31897270.157231417,32829.26829268293,3.0401828598515435,9439411.983295036,31896844.908836603,32341.46341463415,9439754.080953108,31897784.814427394,32341.46341463415,9439999.729615422,31897695.405626226,33317.0731707317,9439657.631957352,31896755.500035435,33317.0731707317
9440047.954113299,31898210.062822208,32829.26829268293,2.96645122029541,9439754.080953108,31897784.814427394,32341.46341463415,9440096.178611176,31898724.720018193,32341.46341463415,9440341.82727349,31898635.31121702,33317.0731707317,9439999.729615422,31897695.405626226,33317.0731707317
9440390.051771369,31899149.968413003,32829.26829268293,2.720790252240369,9440096.178611176,31898724.720018193,32341.46341463415,9440438.276269246,31899664.625608984,32341.46341463415,9440683.92493156,31899575.216807812,33317.0731707317,9440341.82727349,31898635.31121702,33317.0731707317
9440732.149429437,31900089.874003794,32829.26829268293,2.61758196663833,9440438.276269246,31899664.625608984,32341.46341463415,9440780.373927316,31900604.531199776,32341.46341463415,9441026.02258963,31900515.122398607,33317.0731707317,9440683.92493156,31899575.216807812,33317.0731707317
9441074.247087507,31901029.77959459,32829.26829268293,2.8960572859673532,9440780.373927316,31900604.531199776,32341.46341463415,9441122.471585384,31901544.43679057,32341.46341463415,9441368.120247697,31901455.027989402,33317.0731707317,9441026.02258963,31900515.122398607,33317.0731707317
9441416.344745576,31901969.68518538,32829.26829268293,2.575540022929935,9441122.471585384,31901544.43679057,32341.46341463415,9441464.569243453,31902484.342381366,32341.46341463415,9441710.217905767,31902394.933580194,33317.0731707317,9441368.120247697,31901455.027989402,33317.0731707317
9441758.442403644,31902909.590776175,32829.26829268293,2.413946515682979,9441464.569243453,31902484.342381366,32341.46341463415,9441806.666901523,31903424.247972157,32341.46341463415,9442052.315563837,31903334.83917099,33317.0731707317,9441710.217905767,31902394.933580194,33317.0731707317
9442100.540061714,31903849.496366974,32829.26829268293,2.3596834072909725,9441806.666901523,31903424.247972157,32341.46341463415,9442148.764559591,31904364.15356295,32341.46341463415,9442394.413221905,31904274.74476178,33317.0731707317,9442052.315563837,31903334.83917099,33317.0731707317
9442442.637719784,31904789.40195776,32829.26829268293,2.6209278406342977,9442148.764559591,31904364.15356295,32341.46341463415,9442490.862217661,31905304.059153747,32341.46341463415,9442736.510879975,31905214.650352575,33317.0731707317,9442394.413221905,31904274.74476178,33317.0731707317
9442784.735377852,31905729.307548556,32829.26829268293,2.5988969091678524,9442490.862217661,31905304.059153747,32341.46341463415,9442832.95987573,31906243.964744538,32341.46341463415,9443078.608538045,31906154.55594337,33317.0731707317,9442736.510879975,31905214.650352575,33317.0731707317
9443126.833035922,31906669.21313935,32829.26829268293,2.6874299304612372,9442832.95987573,31906243.964744538,32341.46341463415,9443175.057533799,31907183.870335333,32341.46341463415,9443420.706196113,31907094.46153416,33317.0731707317,9443078.608538045,31906154.55594337,33317.0731707317
9443468.930693991,31907609.118730143,32829.26829268293,2.9275981666275013,9443175.057533799,31907183.870335333,32341.46341463415,9443517.155191869,31908123.775926124,32341.46341463415,9443762.803854182,31908034.367124952,33317.0731707317,9443420.706196113,31907094.46153416,33317.0731707317
9443811.02835206,31908549.024320934,32829.26829268293,3.378830414722083,9443517.155191869,31908123.775926124,32341.46341463415,9443859.252849938,31909063.68151692,32341.46341463415,9444104.901512254,31908974.27271575,33317.0731707317,9443762.803854182,31908034.367124952,33317.0731707317
9444153.126010131,31909488.929911733,32829.26829268293,3.4703677663226506,9443859.252849938,31909063.68151692,32341.46341463415,9444201.350508006,31910003.587107714,32341.46341463415,9444446.99917032,31909914.178306542,33317.0731707317,9444104.901512254,31908974.27271575,33317.0731707317
9444495.223668199,31910428.835502528,32829.26829268293,3.514185703395664,9444201.350508006,31910003.587107714,32341.46341463415,9444543.448166076,31910943.492698506,32341.46341463415,9444789.09682839,31910854.083897334,33317.0731707317,9444446.99917032,31909914.178306542,33317.0731707317
9444837.321326267,31911368.741093315,32829.26829268293,4.030181421672771,9444543.448166076,31910943.492698506,32341.46341463415,9444885.545824146,31911883.3982893,32341.46341463415,9445131.194486462,31911793.989488132,33317.0731707317,9444789.09682839,31910854.083897334,33317.0731707317
9445179.418984337,31912308.646684114,32829.26829268293,4.777216842419075,9444885.545824146,31911883.3982893,32341.46341463415,9445227.643482214,31912823.30388009,32341.46341463415,9445473.292144528,31912733.895078924,33317.0731707317,9445131.194486462,31911793.989488132,33317.0731707317
9445521.516642407,31913248.552274905,32829.26829268293,5.594734980871053,9445227.643482214,31912823.30388009,32341.46341463415,9445569.741140284,31913763.209470887,32341.46341463415,9445815.389802597,31913673.800669715,33317.0731707317,9445473.292144528,31912733.895078924,33317.0731707317
9445863.614300475,31914188.457865696,32829.26829268293,5.8756324367483845,9445569.741140284,31913763.209470887,32341.46341463415,9445911.838798353,31914703.115061678,32341.46341463415,9446157.48746067,31914613.70626051,33317.0731707317,9445815.389802597,31913673.800669715,33317.0731707317
9446205.711958546,31915128.36345649,32829.26829268293,5.123520980859635,9445911.838798353,31914703.115061678,32341.46341463415,9446253.936456421,31915643.020652473,32341.46341463415,9446499.585118737,31915553.611851305,33317.0731707317,9446157.48746067,31914613.70626051,33317.0731707317
9446547.809616616,31916068.269047286,32829.26829268293,4.287843921252969,9446253.936456421,31915643.020652473,32341.46341463415,9446596.034114491,31916582.926243268,32341.46341463415,9446841.682776807,31916493.517442096,33317.0731707317,9446499.585118737,31915553.611851305,33317.0731707317
9446889.907274684,31917008.17463808,32829.26829268293,3.436033769102195,9446596.034114491,31916582.926243268,32341.46341463415,9446938.131772561,31917522.83183406,32341.46341463415,9447183.780434877,31917433.42303289,33317.0731707317,9446841.682776807,31916493.517442096,33317.0731707317
9447232.004932752,31917948.080228873,32829.26829268293,2.9984198697930524,9446938.131772561,31917522.83183406,32341.46341463415,9447280.229430629,31918462.737424854,32341.46341463415,9447525.878092945,31918373.328623686,33317.0731707317,9447183.780434877,31917433.42303289,33317.0731707317
9447574.102590824,31918887.985819668,32829.26829268293,2.526077270617078,9447280.229430629,31918462.737424854,32341.46341463415,9447622.327088699,31919402.64301565,32341.46341463415,9447867.975751014,31919313.234214477,33317.0731707317,9447525.878092945,31918373.328623686,33317.0731707317
9447916.200248891,31919827.89141046,32829.26829268293,2.409733539405957,9447622.327088699,31919402.64301565,32341.46341463415,9447964.424746769,31920342.54860644,32341.46341463415,9448210.073409084,31920253.139805272,33317.0731707317,9447867.975751014,31919313.234214477,33317.0731707317
9448258.297906961,31920767.79700125,32829.26829268293,2.1352432243777164,9447964.424746769,31920342.54860644,32341.46341463415,9448306.522404836,31921282.45419723,32341.46341463415,9448552.171067152,31921193.045396063,33317.0731707317,9448210.073409084,31920253.139805272,33317.0731707317
9448600.39556503,31921707.702592045,32829.26829268293,2.0561975373216015,9448306.522404836,31921282.45419723,32341.46341463415,9448648.620062906,31922222.359788027,32341.46341463415,9448894.268725222,31922132.950986855,33317.0731707317,9448552.171067152,31921193.045396063,33317.0731707317
9448942.493223099,31922647.60818284,32829.26829268293,2.45610706075485,9448648.620062906,31922222.359788027,32341.46341463415,9448990.717720976,31923162.26537882,32341.46341463415,9449236.366383292,31923072.856577653,33317.0731707317,9448894.268725222,31922132.950986855,33317.0731707317
9449284.590881169,31923587.513773635,32829.26829268293,2.372820850522489,9448990.717720976,31923162.26537882,32341.46341463415,9449332.815379044,31924102.170969613,32341.46341463415,9449578.46404136,31924012.762168445,33317.0731707317,9449236.366383292,31923072.856577653,33317.0731707317
9408478.520575175,31810709.434077244,33804.87804878049,10.86592363399667,9408184.647414984,31810284.185682435,33317.0731707317,9408526.745073054,31811224.091273226,33317.0731707317,9408772.393735368,31811134.682472058,34292.68292682927,9408430.296077298,31810194.776881263,34292.68292682927
9408820.618233245,31811649.33966804,33804.87804878049,11.960816615591316,9408526.745073054,31811224.091273226,33317.0731707317,9408868.842731122,31812163.99686402,33317.0731707317,9409114.491393438,31812074.58806285,34292.68292682927,9408772.393735368,31811134.682472058,34292.68292682927
9409162.715891315,31812589.24525883,33804.87804878049,14.622632585040458,9408868.842731122,31812163.99686402,33317.0731707317,9409210.940389192,31813103.902454816,33317.0731707317,9409456.589051506,31813014.493653644,34292.68292682927,9409114.491393438,31812074.58806285,34292.68292682927
9409504.813549383,31813529.150849625,33804.87804878049,16.89971475684855,9409210.940389192,31813103.902454816,33317.0731707317,9409553.038047262,31814043.808045607,33317.0731707317,9409798.686709575,31813954.39924444,34292.68292682927,9409456.589051506,31813014.493653644,34292.68292682927
9409846.911207452,31814469.056440424,33804.87804878049,18.15581524533167,9409553.038047262,31814043.808045607,33317.0731707317,9409895.13570533,31814983.713636406,33317.0731707317,9410140.784367647,31814894.304835234,34292.68292682927,9409798.686709575,31813954.39924444,34292.68292682927
9410189.008865522,31815408.962031215,33804.87804878049,19.0982649935252,9409895.13570533,31814983.713636406,33317.0731707317,9410237.2333634,31815923.619227197,33317.0731707317,9410482.882025713,31815834.210426025,34292.68292682927,9410140.784367647,31814894.304835234,34292.68292682927
9410531.10652359,31816348.867622007,33804.87804878049,19.683020270145864,9410237.2333634,31815923.619227197,33317.0731707317,9410579.33102147,31816863.52481799,33317.0731707317,9410824.979683783,31816774.11601682,34292.68292682927,9410482.882025713,31815834.210426025,34292.68292682927
9410873.20418166,31817288.7732128,33804.87804878049,19.181058052157773,9410579.33102147,31816863.52481799,33317.0731707317,9410921.428679537,31817803.430408783,33317.0731707317,9411167.077341855,31817714.02160761,34292.68292682927,9410824.979683783,31816774.11601682,34292.68292682927
9411215.30183973,31818228.678803593,33804.87804878049,18.01472715001618,9410921.428679537,31817803.430408783,33317.0731707317,9411263.526337607,31818743.335999575,33317.0731707317,9411509.17499992,31818653.927198403,34292.68292682927,9411167.077341855,31817714.02160761,34292.68292682927
9411557.399497798,31819168.584394384,33804.87804878049,17.21238189560634,9411263.526337607,31818743.335999575,33317.0731707317,9411605.623995677,31819683.24159037,33317.0731707317,9411851.27265799,31819593.8327892,34292.68292682927,9411509.17499992,31818653.927198403,34292.68292682927
9411899.497155868,31820108.489985183,33804.87804878049,15.896298488999578,9411605.623995677,31819683.24159037,33317.0731707317,9411947.721653745,31820623.14718116,33317.0731707317,9412193.370316062,31820533.738379993,34292.68292682927,9411851.27265799,31819593.8327892,34292.68292682927
9412241.594813937,31821048.395575978,33804.87804878049,16.315569561567248,9411947.721653745,31820623.14718116,33317.0731707317,9412289.819311814,31821563.052771956,33317.0731707317,9412535.467974128,31821473.643970784,34292.68292682927,9412193.370316062,31820533.738379993,34292.68292682927
9412583.692472005,31821988.301166765,33804.87804878049,15.125676880735016,9412289.819311814,31821563.052771956,33317.0731707317,9412631.916969884,31822502.95836275,33317.0731707317,9412877.5656322,31822413.549561583,34292.68292682927,9412535.467974128,31821473.643970784,34292.68292682927
9412925.790130077,31822928.206757564,33804.87804878049,14.099853190236688,9412631.916969884,31822502.95836275,33317.0731707317,9412974.014627952,31823442.863953542,33317.0731707317,9413219.663290268,31823353.455152374,34292.68292682927,9412877.5656322,31822413.549561583,34292.68292682927
9413267.887788147,31823868.112348355,33804.87804878049,11.916827495666592,9412974.014627952,31823442.863953542,33317.0731707317,9413316.112286022,31824382.769544337,33317.0731707317,9413561.760948338,31824293.360743165,34292.68292682927,9413219.663290268,31823353.455152374,34292.68292682927
9413609.985446213,31824808.017939147,33804.87804878049,14.159121682305106,9413316.112286022,31824382.769544337,33317.0731707317,9413658.209944092,31825322.67513513,33317.0731707317,9413903.858606407,31825233.26633396,34292.68292682927,9413561.760948338,31824293.360743165,34292.68292682927
9413952.083104284,31825747.923529938,33804.87804878049,17.798331310633046,9413658.209944092,31825322.67513513,33317.0731707317,9414000.30760216,31826262.580725923,33317.0731707317,9414245.956264475,31826173.171924755,34292.68292682927,9413903.858606407,31825233.26633396,34292.68292682927
9414294.180762354,31826687.829120737,33804.87804878049,17.927557445089448,9414000.30760216,31826262.580725923,33317.0731707317,9414342.40526023,31827202.48631672,33317.0731707317,9414588.053922545,31827113.077515546,34292.68292682927,9414245.956264475,31826173.171924755,34292.68292682927
9414636.278420422,31827627.73471153,33804.87804878049,16.27036671402408,9414342.40526023,31827202.48631672,33317.0731707317,9414684.5029183,31828142.39190751,33317.0731707317,9414930.151580615,31828052.98310634,34292.68292682927,9414588.053922545,31827113.077515546,34292.68292682927
9414978.37607849,31828567.64030232,33804.87804878049,14.522419389930336,9414684.5029183,31828142.39190751,33317.0731707317,9415026.600576367,31829082.2974983,33317.0731707317,9415272.249238683,31828992.888697136,34292.68292682927,9414930.151580615,31828052.98310634,34292.68292682927
9415320.473736562,31829507.545893118,33804.87804878049,13.781137867990186,9415026.600576367,31829082.2974983,33317.0731707317,9415368.698234437,31830022.2030891,33317.0731707317,9415614.346896753,31829932.794287927,34292.68292682927,9415272.249238683,31828992.888697136,34292.68292682927
9415662.57139463,31830447.45148391,33804.87804878049,13.31401364542378,9415368.698234437,31830022.2030891,33317.0731707317,9415710.795892507,31830962.10867989,33317.0731707317,9415956.444554823,31830872.699878722,34292.68292682927,9415614.346896753,31829932.794287927,34292.68292682927
9416004.6690527,31831387.3570747,33804.87804878049,12.552127018858211,9415710.795892507,31830962.10867989,33317.0731707317,9416052.893550575,31831902.014270682,33317.0731707317,9416298.54221289,31831812.605469514,34292.68292682927,9415956.444554823,31830872.699878722,34292.68292682927
9416346.766710768,31832327.262665495,33804.87804878049,10.4819722894709,9416052.893550575,31831902.014270682,33317.0731707317,9416394.991208645,31832841.91986148,33317.0731707317,9416640.63987096,31832752.51106031,34292.68292682927,9416298.54221289,31831812.605469514,34292.68292682927
9416688.864368837,31833267.16825629,33804.87804878049,9.120709183584658,9416394.991208645,31832841.91986148,33317.0731707317,9416737.088866716,31833781.82545227,33317.0731707317,9416982.73752903,31833692.4166511,34292.68292682927,9416640.63987096,31832752.51106031,34292.68292682927
9417030.962026907,31834207.073847085,33804.87804878049,10.123352215764665,9416737.088866716,31833781.82545227,33317.0731707317,9417079.186524782,31834721.731043063,33317.0731707317,9417324.835187098,31834632.322241895,34292.68292682927,9416982.73752903,31833692.4166511,34292.68292682927
9417373.059684977,31835146.979437876,33804.87804878049,11.145664391338368,9417079.186524782,31834721.731043063,33317.0731707317,9417421.284182852,31835661.636633858,33317.0731707317,9417666.932845168,31835572.227832686,34292.68292682927,9417324.835187098,31834632.322241895,34292.68292682927
9417715.157343045,31836086.88502867,33804.87804878049,12.049059377731231,9417421.284182852,31835661.636633858,33317.0731707317,9417763.381840924,31836601.542224653,33317.0731707317,9418009.030503238,31836512.13342348,34292.68292682927,9417666.932845168,31835572.227832686,34292.68292682927
9418057.255001115,31837026.790619463,33804.87804878049,13.51618259989834,9417763.381840924,31836601.542224653,33317.0731707317,9418105.47949899,31837541.447815444,33317.0731707317,9418351.128161306,31837452.039014276,34292.68292682927,9418009.030503238,31836512.13342348,34292.68292682927
9418399.352659184,31837966.696210258,33804.87804878049,15.123771322745885,9418105.47949899,31837541.447815444,33317.0731707317,9418447.57715706,31838481.35340624,33317.0731707317,9418693.225819375,31838391.944605067,34292.68292682927,9418351.128161306,31837452.039014276,34292.68292682927
9418741.450317252,31838906.60180105,33804.87804878049,15.725092831127656,9418447.57715706,31838481.35340624,33317.0731707317,9418789.674815131,31839421.258997034,33317.0731707317,9419035.323477445,31839331.850195862,34292.68292682927,9418693.225819375,31838391.944605067,34292.68292682927
9419083.547975322,31839846.507391844,33804.87804878049,17.738143785880496,9418789.674815131,31839421.258997034,33317.0731707317,9419131.772473197,31840361.164587826,33317.0731707317,9419377.421135513,31840271.755786657,34292.68292682927,9419035.323477445,31839331.850195862,34292.68292682927
9419425.645633392,31840786.412982643,33804.87804878049,19.10737036551718,9419131.772473197,31840361.164587826,33317.0731707317,9419473.87013127,31841301.07017862,33317.0731707317,9419719.518793583,31841211.66137745,34292.68292682927,9419377.421135513,31840271.755786657,34292.68292682927
9419767.74329146,31841726.31857343,33804.87804878049,17.587222253923645,9419473.87013127,31841301.07017862,33317.0731707317,9419815.967789339,31842240.97576941,33317.0731707317,9420061.616451653,31842151.56696824,34292.68292682927,9419719.518793583,31841211.66137745,34292.68292682927
9420109.84094953,31842666.224164225,33804.87804878049,17.148034342254334,9419815.967789339,31842240.97576941,33317.0731707317,9420158.065447407,31843180.881360207,33317.0731707317,9420403.71410972,31843091.47255904,34292.68292682927,9420061.616451653,31842151.56696824,34292.68292682927
9420451.9386076,31843606.12975502,33804.87804878049,17.233455372815463,9420158.065447407,31843180.881360207,33317.0731707317,9420500.163105477,31844120.786951,33317.0731707317,9420745.81176779,31844031.37814983,34292.68292682927,9420403.71410972,31843091.47255904,34292.68292682927
9420794.036265668,31844546.03534581,33804.87804878049,16.94334928214534,9420500.163105477,31844120.786951,33317.0731707317,9420842.260763546,31845060.692541793,33317.0731707317,9421087.90942586,31844971.28374062,34292.68292682927,9420745.81176779,31844031.37814983,34292.68292682927
9421136.133923737,31845485.940936603,33804.87804878049,16.82984410061049,9420842.260763546,31845060.692541793,33317.0731707317,9421184.358421614,31846000.598132588,33317.0731707317,9421430.007083928,31845911.18933142,34292.68292682927,9421087.90942586,31844971.28374062,34292.68292682927
9421478.231581807,31846425.8465274,33804.87804878049,16.8504427025925,9421184.358421614,31846000.598132588,33317.0731707317,9421526.456079684,31846940.50372338,33317.0731707317,9421772.104741998,31846851.09492221,34292.68292682927,9421430.007083928,31845911.18933142,34292.68292682927
9421820.329239875,31847365.752118196,33804.87804878049,16.486630799037755,9421526.456079684,31846940.50372338,33317.0731707317,9421868.553737754,31847880.409314174,33317.0731707317,9422114.202400068,31847791.000513002,34292.68292682927,9421772.104741998,31846851.09492221,34292.68292682927
9422162.426897945,31848305.657708984,33804.87804878049,17.49385601824183,9421868.553737754,31847880.409314174,33317.0731707317,9422210.651395822,31848820.314904965,33317.0731707317,9422456.300058136,31848730.906103797,34292.68292682927,9422114.202400068,31847791.000513002,34292.68292682927
9422504.524556015,31849245.563299775,33804.87804878049,17.519435792052374,9422210.651395822,31848820.314904965,33317.0731707317,9422552.749053892,31849760.220495757,33317.0731707317,9422798.397716206,31849670.81169459,34292.68292682927,9422456.300058136,31848730.906103797,34292.68292682927
9422846.622214083,31850185.46889057,33804.87804878049,16.273690150853415,9422552.749053892,31849760.220495757,33317.0731707317,9422894.846711962,31850700.126086555,33317.0731707317,9423140.495374275,31850610.717285383,34292.68292682927,9422798.397716206,31849670.81169459,34292.68292682927
9423188.719872152,31851125.374481365,33804.87804878049,15.465972962736313,9422894.846711962,31850700.126086555,33317.0731707317,9423236.94437003,31851640.031677347,33317.0731707317,9423482.593032343,31851550.62287618,34292.68292682927,9423140.495374275,31850610.717285383,34292.68292682927
9423530.817530222,31852065.28007216,33804.87804878049,15.52269542897235,9423236.94437003,31851640.031677347,33317.0731707317,9423579.0420281,31852579.93726814,33317.0731707317,9423824.690690415,31852490.528466973,34292.68292682927,9423482.593032343,31851550.62287618,34292.68292682927
9423872.915188292,31853005.185662955,33804.87804878049,14.33666087149255,9423579.0420281,31852579.93726814,33317.0731707317,9423921.13968617,31853519.842858933,33317.0731707317,9424166.788348483,31853430.43405776,34292.68292682927,9423824.690690415,31852490.528466973,34292.68292682927
9424215.01284636,31853945.091253743,33804.87804878049,13.10184000168423,9423921.13968617,31853519.842858933,33317.0731707317,9424263.237344237,31854459.748449728,33317.0731707317,9424508.88600655,31854370.33964856,34292.68292682927,9424166.788348483,31853430.43405776,34292.68292682927
9424557.11050443,31854884.996844538,33804.87804878049,12.64656885838148,9424263.237344237,31854459.748449728,33317.0731707317,9424605.335002307,31855399.65404052,33317.0731707317,9424850.983664623,31855310.24523935,34292.68292682927,9424508.88600655,31854370.33964856,34292.68292682927
9424899.208162498,31855824.90243533,33804.87804878049,11.940549222035315,9424605.335002307,31855399.65404052,33317.0731707317,9424947.432660377,31856339.559631314,33317.0731707317,9425193.08132269,31856250.150830142,34292.68292682927,9424850.983664623,31855310.24523935,34292.68292682927
9425241.305820568,31856764.808026124,33804.87804878049,9.68986320679125,9424947.432660377,31856339.559631314,33317.0731707317,9425289.530318445,31857279.46522211,33317.0731707317,9425535.178980758,31857190.05642094,34292.68292682927,9425193.08132269,31856250.150830142,34292.68292682927
9425583.403478637,31857704.71361692,33804.87804878049,7.987792651150559,9425289.530318445,31857279.46522211,33317.0731707317,9425631.627976514,31858219.3708129,33317.0731707317,9425877.27663883,31858129.962011732,34292.68292682927,9425535.178980758,31857190.05642094,34292.68292682927
9425925.501136705,31858644.619207714,33804.87804878049,9.111953986275337,9425631.627976514,31858219.3708129,33317.0731707317,9425973.725634584,31859159.276403695,33317.0731707317,9426219.374296898,31859069.867602523,34292.68292682927,9425877.27663883,31858129.962011732,34292.68292682927
9426267.598794775,31859584.524798505,33804.87804878049,10.238124543251462,9425973.725634584,31859159.276403695,33317.0731707317,9426315.823292652,31860099.181994487,33317.0731707317,9426561.471954968,31860009.773193315,34292.68292682927,9426219.374296898,31859069.867602523,34292.68292682927
9426609.696452847,31860524.430389296,33804.87804878049,9.474940743064144,9426315.823292652,31860099.181994487,33317.0731707317,9426657.920950722,31861039.08758528,33317.0731707317,9426903.569613038,31860949.678784113,34292.68292682927,9426561.471954968,31860009.773193315,34292.68292682927
9426951.794110913,31861464.335980095,33804.87804878049,8.964450949753651,9426657.920950722,31861039.08758528,33317.0731707317,9427000.018608792,31861978.993176077,33317.0731707317,9427245.667271107,31861889.584374905,34292.68292682927,9426903.569613038,31860949.678784113,34292.68292682927
9427293.891768984,31862404.241570882,33804.87804878049,9.149107596683795,9427000.018608792,31861978.993176077,33317.0731707317,9427342.11626686,31862918.898766868,33317.0731707317,9427587.764929175,31862829.489965696,34292.68292682927,9427245.667271107,31861889.584374905,34292.68292682927
9427635.989427054,31863344.147161677,33804.87804878049,9.607671713121182,9427342.11626686,31862918.898766868,33317.0731707317,9427684.21392493,31863858.804357663,33317.0731707317,9427929.862587245,31863769.395556495,34292.68292682927,9427587.764929175,31862829.489965696,34292.68292682927
9427978.087085122,31864284.052752476,33804.87804878049,10.05519286676599,9427684.21392493,31863858.804357663,33317.0731707317,9428026.311583,31864798.709948458,33317.0731707317,9428271.960245315,31864709.301147286,34292.68292682927,9427929.862587245,31863769.395556495,34292.68292682927
9428320.18474319,31865223.958343267,33804.87804878049,10.190730763109153,9428026.311583,31864798.709948458,33317.0731707317,9428368.409241067,31865738.61553925,33317.0731707317,9428614.057903383,31865649.206738077,34292.68292682927,9428271.960245315,31864709.301147286,34292.68292682927
9428662.282401262,31866163.86393406,33804.87804878049,9.339492420686385,9428368.409241067,31865738.61553925,33317.0731707317,9428710.506899137,31866678.52113004,33317.0731707317,9428956.155561453,31866589.112328872,34292.68292682927,9428614.057903383,31865649.206738077,34292.68292682927
9429004.38005933,31867103.769524854,33804.87804878049,9.807641218465069,9428710.506899137,31866678.52113004,33317.0731707317,9429052.604557207,31867618.42672084,33317.0731707317,9429298.253219523,31867529.017919667,34292.68292682927,9428956.155561453,31866589.112328872,34292.68292682927
9429346.4777174,31868043.67511565,33804.87804878049,10.902830526919256,9429052.604557207,31867618.42672084,33317.0731707317,9429394.702215275,31868558.33231163,33317.0731707317,9429640.35087759,31868468.92351046,34292.68292682927,9429298.253219523,31867529.017919667,34292.68292682927
9429688.575375468,31868983.580706436,33804.87804878049,9.692956382988514,9429394.702215275,31868558.33231163,33317.0731707317,9429736.799873345,31869498.23790242,33317.0731707317,9429982.44853566,31869408.829101253,34292.68292682927,9429640.35087759,31868468.92351046,34292.68292682927
9430030.673033537,31869923.486297235,33804.87804878049,9.2159239065703,9429736.799873345,31869498.23790242,33317.0731707317,9430078.897531414,31870438.14349322,33317.0731707317,9430324.54619373,31870348.73469205,34292.68292682927,9429982.44853566,31869408.829101253,34292.68292682927
9430372.770691607,31870863.39188803,33804.87804878049,10.197749582819442,9430078.897531414,31870438.14349322,33317.0731707317,9430420.995189484,31871378.04908401,33317.0731707317,9430666.643851798,31871288.64028284,34292.68292682927,9430324.54619373,31870348.73469205,34292.68292682927
9430714.868349677,31871803.29747882,33804.87804878049,11.667199803258676,9430420.995189484,31871378.04908401,33317.0731707317,9430763.092847552,31872317.954674803,33317.0731707317,9431008.741509868,31872228.545873635,34292.68292682927,9430666.643851798,31871288.64028284,34292.68292682927
9431056.966007743,31872743.203069616,33804.87804878049,10.840192147084025,9430763.092847552,31872317.954674803,33317.0731707317,9431105.190505622,31873257.860265594,33317.0731707317,9431350.839167938,31873168.451464426,34292.68292682927,9431008.741509868,31872228.545873635,34292.68292682927
9431399.063665815,31873683.108660407,33804.87804878049,9.68395503346217,9431105.190505622,31873257.860265594,33317.0731707317,9431447.288163692,31874197.765856393,33317.0731707317,9431692.936826006,31874108.35705522,34292.68292682927,9431350.839167938,31873168.451464426,34292.68292682927
9431741.161323885,31874623.014251202,33804.87804878049,8.902463424875876,9431447.288163692,31874197.765856393,33317.0731707317,9431789.38582176,31875137.671447184,33317.0731707317,9432035.034484075,31875048.262646016,34292.68292682927,9431692.936826006,31874108.35705522,34292.68292682927
9432083.258981952,31875562.919841994,33804.87804878049,9.528532541981434,9431789.38582176,31875137.671447184,33317.0731707317,9432131.48347983,31876077.577037975,33317.0731707317,9432377.132142145,31875988.168236807,34292.68292682927,9432035.034484075,31875048.262646016,34292.68292682927
9432425.356640022,31876502.82543279,33804.87804878049,10.641270795874009,9432131.48347983,31876077.577037975,33317.0731707317,9432473.5811379,31877017.482628774,33317.0731707317,9432719.229800213,31876928.073827602,34292.68292682927,9432377.132142145,31875988.168236807,34292.68292682927
9432767.454298092,31877442.731023584,33804.87804878049,10.506649099601415,9432473.5811379,31877017.482628774,33317.0731707317,9432815.678795967,31877957.38821956,33317.0731707317,9433061.327458283,31877867.979418393,34292.68292682927,9432719.229800213,31876928.073827602,34292.68292682927
9433109.55195616,31878382.636614375,33804.87804878049,10.504694030738314,9432815.678795967,31877957.38821956,33317.0731707317,9433157.776454037,31878897.293810356,33317.0731707317,9433403.425116353,31878807.88500919,34292.68292682927,9433061.327458283,31877867.979418393,34292.68292682927
9433451.64961423,31879322.54220517,33804.87804878049,8.864542871248217,9433157.776454037,31878897.293810356,33317.0731707317,9433499.874112107,31879837.19940115,33317.0731707317,9433745.52277442,31879747.79059998,34292.68292682927,9433403.425116353,31878807.88500919,34292.68292682927
9433793.7472723,31880262.44779596,33804.87804878049,8.166241213904891,9433499.874112107,31879837.19940115,33317.0731707317,9433841.971770177,31880777.104991946,33317.0731707317,9434087.62043249,31880687.69619078,34292.68292682927,9433745.52277442,31879747.79059998,34292.68292682927
9434135.844930368,31881202.353386756,33804.87804878049,8.404675033944795,9433841.971770177,31880777.104991946,33317.0731707317,9434184.069428245,31881717.010582738,33317.0731707317,9434429.71809056,31881627.60178157,34292.68292682927,9434087.62043249,31880687.69619078,34292.68292682927
9434477.942588437,31882142.258977547,33804.87804878049,8.367350708487143,9434184.069428245,31881717.010582738,33317.0731707317,9434526.167086314,31882656.916173533,33317.0731707317,9434771.815748628,31882567.50737236,34292.68292682927,9434429.71809056,31881627.60178157,34292.68292682927
9434820.040246507,31883082.164568342,33804.87804878049,7.533742444210633,9434526.167086314,31882656.916173533,33317.0731707317,9434868.264744384,31883596.821764324,33317.0731707317,9435113.913406698,31883507.412963156,34292.68292682927,9434771.815748628,31882567.50737236,34292.68292682927
9435162.137904575,31884022.070159137,33804.87804878049,7.062383229908387,9434868.264744384,31883596.821764324,33317.0731707317,9435210.362402452,31884536.727355115,33317.0731707317,9435456.011064768,31884447.318553947,34292.68292682927,9435113.913406698,31883507.412963156,34292.68292682927
9435504.235562645,31884961.97574993,33804.87804878049,6.48342027641226,9435210.362402452,31884536.727355115,33317.0731707317,9435552.460060522,31885476.632945914,33317.0731707317,9435798.108722836,31885387.224144742,34292.68292682927,9435456.011064768,31884447.318553947,34292.68292682927
9435846.333220715,31885901.881340723,33804.87804878049,6.387514563715986,9435552.460060522,31885476.632945914,33317.0731707317,9435894.557718592,31886416.538536705,33317.0731707317,9436140.206380906,31886327.129735533,34292.68292682927,9435798.108722836,31885387.224144742,34292.68292682927
9436188.430878783,31886841.786931515,33804.87804878049,6.110936481264203,9435894.557718592,31886416.538536705,33317.0731707317,9436236.65537666,31887356.444127496,33317.0731707317,9436482.304038975,31887267.035326328,34292.68292682927,9436140.206380906,31886327.129735533,34292.68292682927
9436530.528536852,31887781.69252231,33804.87804878049,4.99478561179625,9436236.65537666,31887356.444127496,33317.0731707317,9436578.75303473,31888296.349718295,33317.0731707317,9436824.401697043,31888206.940917123,34292.68292682927,9436482.304038975,31887267.035326328,34292.68292682927
9436872.626194922,31888721.5981131,33804.87804878049,4.315550711333275,9436578.75303473,31888296.349718295,33317.0731707317,9436920.8506928,31889236.255309086,33317.0731707317,9437166.499355113,31889146.846507914,34292.68292682927,9436824.401697043,31888206.940917123,34292.68292682927
9437214.72385299,31889661.503703896,33804.87804878049,3.7998539026565035,9436920.8506928,31889236.255309086,33317.0731707317,9437262.948350867,31890176.160899878,33317.0731707317,9437508.597013185,31890086.75209871,34292.68292682927,9437166.499355113,31889146.846507914,34292.68292682927
9437556.82151106,31890601.409294695,33804.87804878049,3.080963805245985,9437262.948350867,31890176.160899878,33317.0731707317,9437605.046008937,31891116.066490673,33317.0731707317,9437850.69467125,31891026.6576895,34292.68292682927,9437508.597013185,31890086.75209871,34292.68292682927
9437898.91916913,31891541.314885482,33804.87804878049,2.656096091335771,9437605.046008937,31891116.066490673,33317.0731707317,9437947.143667007,31892055.972081468,33317.0731707317,9438192.79232932,31891966.563280296,34292.68292682927,9437850.69467125,31891026.6576895,34292.68292682927
9438241.016827198,31892481.220476277,33804.87804878049,2.453996704118683,9437947.143667007,31892055.972081468,33317.0731707317,9438289.241325075,31892995.87767226,33317.0731707317,9438534.889987392,31892906.46887109,34292.68292682927,9438192.79232932,31891966.563280296,34292.68292682927
9438583.11448527,31893421.126067072,33804.87804878049,2.553167766622829,9438289.241325075,31892995.87767226,33317.0731707317,9438631.338983145,31893935.783263054,33317.0731707317,9438876.987645458,31893846.37446188,34292.68292682927,9438534.889987392,31892906.46887109,34292.68292682927
9438925.212143337,31894361.031657863,33804.87804878049,2.456798733724921,9438631.338983145,31893935.783263054,33317.0731707317,9438973.436641214,31894875.68885385,33317.0731707317,9439219.085303528,31894786.280052677,34292.68292682927,9438876.987645458,31893846.37446188,34292.68292682927
9439267.309801405,31895300.937248655,33804.87804878049,2.22310559591245,9438973.436641214,31894875.68885385,33317.0731707317,9439315.534299282,31895815.59444464,33317.0731707317,9439561.1829616,31895726.18564347,34292.68292682927,9439219.085303528,31894786.280052677,34292.68292682927
9439609.407459475,31896240.842839453,33804.87804878049,2.2750112494337,9439315.534299282,31895815.59444464,33317.0731707317,9439657.631957352,31896755.500035435,33317.0731707317,9439903.280619666,31896666.091234263,34292.68292682927,9439561.1829616,31895726.18564347,34292.68292682927
9439951.505117545,31897180.74843025,33804.87804878049,2.1267441831351133,9439657.631957352,31896755.500035435,33317.0731707317,9439999.729615422,31897695.405626226,33317.0731707317,9440245.378277738,31897605.996825054,34292.68292682927,9439903.280619666,31896666.091234263,34292.68292682927
9440293.602775613,31898120.654021036,33804.87804878049,1.9497050237954534,9439999.729615422,31897695.405626226,33317.0731707317,9440341.82727349,31898635.31121702,33317.0731707317,9440587.475935807,31898545.902415853,34292.68292682927,9440245.378277738,31897605.996825054,34292.68292682927
9440635.700433685,31899060.559611835,33804.87804878049,1.8881701105206805,9440341.82727349,31898635.31121702,33317.0731707317,9440683.92493156,31899575.216807812,33317.0731707317,9440929.573593875,31899485.808006644,34292.68292682927,9440587.475935807,31898545.902415853,34292.68292682927
9440977.798091752,31900000.465202626,33804.87804878049,1.8716072689685288,9440683.92493156,31899575.216807812,33317.0731707317,9441026.02258963,31900515.122398607,33317.0731707317,9441271.671251945,31900425.713597436,34292.68292682927,9440929.573593875,31899485.808006644,34292.68292682927
9441319.895749822,31900940.370793417,33804.87804878049,1.6180297855963086,9441026.02258963,31900515.122398607,33317.0731707317,9441368.120247697,31901455.027989402,33317.0731707317,9441613.768910015,31901365.619188234,34292.68292682927,9441271.671251945,31900425.713597436,34292.68292682927
9441661.99340789,31901880.276384212,33804.87804878049,1.3808184498116851,9441368.120247697,31901455.027989402,33317.0731707317,9441710.217905767,31902394.933580194,33317.0731707317,9441955.866568083,31902305.524779025,34292.68292682927,9441613.768910015,31901365.619188234,34292.68292682927
9442004.09106596,31902820.181975007,33804.87804878049,1.36468928531614,9441710.217905767,31902394.933580194,33317.0731707317,9442052.315563837,31903334.83917099,33317.0731707317,9442297.964226153,31903245.430369817,34292.68292682927,9441955.866568083,31902305.524779025,34292.68292682927
9442346.18872403,31903760.087565802,33804.87804878049,1.4034317139858286,9442052.315563837,31903334.83917099,33317.0731707317,9442394.413221905,31904274.74476178,33317.0731707317,9442640.061884223,31904185.33596061,34292.68292682927,9442297.964226153,31903245.430369817,34292.68292682927
9442688.2863821,31904699.993156593,33804.87804878049,1.8022409845860945,9442394.413221905,31904274.74476178,33317.0731707317,9442736.510879975,31905214.650352575,33317.0731707317,9442982.15954229,31905125.241551407,34292.68292682927,9442640.061884223,31904185.33596061,34292.68292682927
9443030.384040166,31905639.89874739,33804.87804878049,2.0414965134187804,9442736.510879975,31905214.650352575,33317.0731707317,9443078.608538045,31906154.55594337,33317.0731707317,9443324.25720036,31906065.147142198,34292.68292682927,9442982.15954229,31905125.241551407,34292.68292682927
9443372.481698237,31906579.80433818,33804.87804878049,2.2712168830965194,9443078.608538045,31906154.55594337,33317.0731707317,9443420.706196113,31907094.46153416,33317.0731707317,9443666.35485843,31907005.052732993,34292.68292682927,9443324.25720036,31906065.147142198,34292.68292682927
9443714.579356307,31907519.70992897,33804.87804878049,2.4794713965860553,9443420.706196113,31907094.46153416,33317.0731707317,9443762.803854182,31908034.367124952,33317.0731707317,9444008.452516498,31907944.958323784,34292.68292682927,9443666.35485843,31907005.052732993,34292.68292682927
9444056.677014375,31908459.615519766,33804.87804878049,2.8170600988085166,9443762.803854182,31908034.367124952,33317.0731707317,9444104.901512254,31908974.27271575,33317.0731707317,9444350.550174568,31908884.86391458,34292.68292682927,9444008.452516498,31907944.958323784,34292.68292682927
9444398.774672445,31909399.52111056,33804.87804878049,3.059388608134303,9444104.901512254,31908974.27271575,33317.0731707317,9444446.99917032,31909914.178306542,33317.0731707317,9444692.647832638,31909824.769505374,34292.68292682927,9444350.550174568,31908884.86391458,34292.68292682927
9444740.872330515,31910339.426701356,33804.87804878049,3.6764935458512094,9444446.99917032,31909914.178306542,33317.0731707317,9444789.09682839,31910854.083897334,33317.0731707317,9445034.745490706,31910764.675096165,34292.68292682927,9444692.647832638,31909824.769505374,34292.68292682927
9445082.969988583,31911279.332292147,33804.87804878049,3.782270485040124,9444789.09682839,31910854.083897334,33317.0731707317,9445131.194486462,31911793.989488132,33317.0731707317,9445376.843148775,31911704.58068696,34292.68292682927,9445034.745490706,31910764.675096165,34292.68292682927
9445425.067646652,31912219.237882942,33804.87804878049,3.6545454773233326,9445131.194486462,31911793.989488132,33317.0731707317,9445473.292144528,31912733.895078924,33317.0731707317,9445718.940806845,31912644.48627775,34292.68292682927,9445376.843148775,31911704.58068696,34292.68292682927
9445767.16530472,31913159.143473733,33804.87804878049,3.46501415344005,9445473.292144528,31912733.895078924,33317.0731707317,9445815.389802597,31913673.800669715,33317.0731707317,9446061.038464913,31913584.391868547,34292.68292682927,9445718.940806845,31912644.48627775,34292.68292682927
9446109.26296279,31914099.04906453,33804.87804878049,3.353715973123942,9445815.389802597,31913673.800669715,33317.0731707317,9446157.48746067,31914613.70626051,33317.0731707317,9446403.136122983,31914524.297459338,34292.68292682927,9446061.038464913,31913584.391868547,34292.68292682927
9446451.36062086,31915038.95465532,33804.87804878049,3.5540673260971767,9446157.48746067,31914613.70626051,33317.0731707317,9446499.585118737,31915553.611851305,33317.0731707317,9446745.233781053,31915464.203050133,34292.68292682927,9446403.136122983,31914524.297459338,34292.68292682927
9446793.45827893,31915978.860246114,33804.87804878049,3.622979162157957,9446499.585118737,31915553.611851305,33317.0731707317,9446841.682776807,31916493.517442096,33317.0731707317,9447087.33143912,31916404.108640928,34292.68292682927,9446745.233781053,31915464.203050133,34292.68292682927
9447135.555936998,31916918.765836913,33804.87804878049,3.4831729729757996,9446841.682776807,31916493.517442096,33317.0731707317,9447183.780434877,31917433.42303289,33317.0731707317,9447429.42909719,31917344.01423172,34292.68292682927,9447087.33143912,31916404.108640928,34292.68292682927
9447477.653595068,31917858.6714277,33804.87804878049,2.8008636398130493,9447183.780434877,31917433.42303289,33317.0731707317,9447525.878092945,31918373.328623686,33317.0731707317,9447771.52675526,31918283.919822514,34292.68292682927,9447429.42909719,31917344.01423172,34292.68292682927
9447819.751253137,31918798.577018496,33804.87804878049,2.388279008868954,9447525.878092945,31918373.328623686,33317.0731707317,9447867.975751014,31919313.234214477,33317.0731707317,9448113.624413328,31919223.82541331,34292.68292682927,9447771.52675526,31918283.919822514,34292.68292682927
9448161.848911205,31919738.48260929,33804.87804878049,2.393178656182869,9447867.975751014,31919313.234214477,33317.0731707317,9448210.073409084,31920253.139805272,33317.0731707317,9448455.722071398,31920163.7310041,34292.68292682927,9448113.624413328,31919223.82541331,34292.68292682927
9448503.946569275,31920678.388200082,33804.87804878049,2.4107963057600084,9448210.073409084,31920253.139805272,33317.0731707317,9448552.171067152,31921193.045396063,33317.0731707317,9448797.819729468,31921103.63659489,34292.68292682927,9448455.722071398,31920163.7310041,34292.68292682927
9448846.044227345,31921618.293790873,33804.87804878049,2.0560268980993923,9448552.171067152,31921193.045396063,33317.0731707317,9448894.268725222,31922132.950986855,33317.0731707317,9449139.917387536,31922043.542185687,34292.68292682927,9448797.819729468,31921103.63659489,34292.68292682927
9449188.141885413,31922558.19938167,33804.87804878049,2.248455734605764,9448894.268725222,31922132.950986855,33317.0731707317,9449236.366383292,31923072.856577653,33317.0731707317,9449482.015045606,31922983.44777648,34292.68292682927,9449139.917387536,31922043.542185687,34292.68292682927
9449530.239543483,31923498.104972467,33804.87804878049,2.3147741109214457,9449236.366383292,31923072.856577653,33317.0731707317,9449578.46404136,31924012.762168445,33317.0731707317,9449824.112703674,31923923.353367273,34292.68292682927,9449482.015045606,31922983.44777648,34292.68292682927
9408724.169237493,31810620.025276076,34780.48780487805,14.08995327474139,9408430.296077298,31810194.776881263,34292.68292682927,9408772.393735368,31811134.682472058,34292.68292682927,9409018.042397683,31811045.273670886,35268.292682926825,9408675.944739614,31810105.368080094,35268.292682926825
9409066.26689556,31811559.930866867,34780.48780487805,14.536808788199057,9408772.393735368,31811134.682472058,34292.68292682927,9409114.491393438,31812074.58806285,34292.68292682927,9409360.140055753,31811985.17926168,35268.292682926825,9409018.042397683,31811045.273670886,35268.292682926825
9409408.364553628,31812499.836457662,34780.48780487805,15.472145135783565,9409114.491393438,31812074.58806285,34292.68292682927,9409456.589051506,31813014.493653644,34292.68292682927,9409702.237713821,31812925.084852476,35268.292682926825,9409360.140055753,31811985.17926168,35268.292682926825
9409750.4622117,31813439.742048457,34780.48780487805,16.08044038594748,9409456.589051506,31813014.493653644,34292.68292682927,9409798.686709575,31813954.39924444,34292.68292682927,9410044.335371891,31813864.990443267,35268.292682926825,9409702.237713821,31812925.084852476,35268.292682926825
9410092.559869768,31814379.647639252,34780.48780487805,16.442603105075936,9409798.686709575,31813954.39924444,34292.68292682927,9410140.784367647,31814894.304835234,34292.68292682927,9410386.43302996,31814804.896034066,35268.292682926825,9410044.335371891,31813864.990443267,35268.292682926825
9410434.657527838,31815319.553230044,34780.48780487805,17.216019512852824,9410140.784367647,31814894.304835234,34292.68292682927,9410482.882025713,31815834.210426025,34292.68292682927,9410728.530688029,31815744.801624857,35268.292682926825,9410386.43302996,31814804.896034066,35268.292682926825
9410776.755185906,31816259.45882084,34780.48780487805,17.844828923055523,9410482.882025713,31815834.210426025,34292.68292682927,9410824.979683783,31816774.11601682,34292.68292682927,9411070.628346099,31816684.70721565,35268.292682926825,9410728.530688029,31815744.801624857,35268.292682926825
9411118.852843976,31817199.36441163,34780.48780487805,16.45698884614285,9410824.979683783,31816774.11601682,34292.68292682927,9411167.077341855,31817714.02160761,34292.68292682927,9411412.726004168,31817624.612806443,35268.292682926825,9411070.628346099,31816684.70721565,35268.292682926825
9411460.950502045,31818139.27000242,34780.48780487805,13.472090188809553,9411167.077341855,31817714.02160761,34292.68292682927,9411509.17499992,31818653.927198403,34292.68292682927,9411754.823662236,31818564.518397234,35268.292682926825,9411412.726004168,31817624.612806443,35268.292682926825
9411803.048160115,31819079.175593216,34780.48780487805,11.642922997814178,9411509.17499992,31818653.927198403,34292.68292682927,9411851.27265799,31819593.8327892,34292.68292682927,9412096.921320306,31819504.42398803,35268.292682926825,9411754.823662236,31818564.518397234,35268.292682926825
9412145.145818183,31820019.08118401,34780.48780487805,11.600681023187311,9411851.27265799,31819593.8327892,34292.68292682927,9412193.370316062,31820533.738379993,34292.68292682927,9412439.018978376,31820444.32957882,35268.292682926825,9412096.921320306,31819504.42398803,35268.292682926825
9412487.243476253,31820958.986774806,34780.48780487805,12.235149909957277,9412193.370316062,31820533.738379993,34292.68292682927,9412535.467974128,31821473.643970784,34292.68292682927,9412781.116636444,31821384.235169616,35268.292682926825,9412439.018978376,31820444.32957882,35268.292682926825
9412829.341134323,31821898.892365597,34780.48780487805,13.106094089614396,9412535.467974128,31821473.643970784,34292.68292682927,9412877.5656322,31822413.549561583,34292.68292682927,9413123.214294514,31822324.14076041,35268.292682926825,9412781.116636444,31821384.235169616,35268.292682926825
9413171.43879239,31822838.797956392,34780.48780487805,12.226816232562149,9412877.5656322,31822413.549561583,34292.68292682927,9413219.663290268,31823353.455152374,34292.68292682927,9413465.311952583,31823264.0463512,35268.292682926825,9413123.214294514,31822324.14076041,35268.292682926825
9413513.53645046,31823778.703547183,34780.48780487805,13.113724235693846,9413219.663290268,31823353.455152374,34292.68292682927,9413561.760948338,31824293.360743165,34292.68292682927,9413807.409610651,31824203.951941997,35268.292682926825,9413465.311952583,31823264.0463512,35268.292682926825
9413855.63410853,31824718.60913798,34780.48780487805,13.905015693259976,9413561.760948338,31824293.360743165,34292.68292682927,9413903.858606407,31825233.26633396,34292.68292682927,9414149.507268721,31825143.857532788,35268.292682926825,9413807.409610651,31824203.951941997,35268.292682926825
9414197.731766598,31825658.51472877,34780.48780487805,15.69927295605444,9413903.858606407,31825233.26633396,34292.68292682927,9414245.956264475,31826173.171924755,34292.68292682927,9414491.604926791,31826083.763123583,35268.292682926825,9414149.507268721,31825143.857532788,35268.292682926825
9414539.829424668,31826598.420319565,34780.48780487805,17.85733771148753,9414245.956264475,31826173.171924755,34292.68292682927,9414588.053922545,31827113.077515546,34292.68292682927,9414833.702584859,31827023.668714378,35268.292682926825,9414491.604926791,31826083.763123583,35268.292682926825
9414881.927082738,31827538.325910363,34780.48780487805,17.68394673941003,9414588.053922545,31827113.077515546,34292.68292682927,9414930.151580615,31828052.98310634,34292.68292682927,9415175.800242929,31827963.57430517,35268.292682926825,9414833.702584859,31827023.668714378,35268.292682926825
9415224.024740806,31828478.23150115,34780.48780487805,14.944658456122925,9414930.151580615,31828052.98310634,34292.68292682927,9415272.249238683,31828992.888697136,34292.68292682927,9415517.897900999,31828903.479895964,35268.292682926825,9415175.800242929,31827963.57430517,35268.292682926825
9415566.122398876,31829418.137091946,34780.48780487805,14.585799046923688,9415272.249238683,31828992.888697136,34292.68292682927,9415614.346896753,31829932.794287927,34292.68292682927,9415859.995559067,31829843.38548676,35268.292682926825,9415517.897900999,31828903.479895964,35268.292682926825
9415908.220056945,31830358.04268274,34780.48780487805,15.19918415916243,9415614.346896753,31829932.794287927,34292.68292682927,9415956.444554823,31830872.699878722,34292.68292682927,9416202.093217136,31830783.29107755,35268.292682926825,9415859.995559067,31829843.38548676,35268.292682926825
9416250.317715013,31831297.948273532,34780.48780487805,15.46349916854767,9415956.444554823,31830872.699878722,34292.68292682927,9416298.54221289,31831812.605469514,34292.68292682927,9416544.190875206,31831723.19666834,35268.292682926825,9416202.093217136,31830783.29107755,35268.292682926825
9416592.415373083,31832237.853864323,34780.48780487805,13.77973459847775,9416298.54221289,31831812.605469514,34292.68292682927,9416640.63987096,31832752.51106031,34292.68292682927,9416886.288533274,31832663.10225914,35268.292682926825,9416544.190875206,31831723.19666834,35268.292682926825
9416934.513031153,31833177.759455122,34780.48780487805,13.421071209956759,9416640.63987096,31832752.51106031,34292.68292682927,9416982.73752903,31833692.4166511,34292.68292682927,9417228.386191346,31833603.00784993,35268.292682926825,9416886.288533274,31832663.10225914,35268.292682926825
9417276.610689221,31834117.665045917,34780.48780487805,14.694914052411109,9416982.73752903,31833692.4166511,34292.68292682927,9417324.835187098,31834632.322241895,34292.68292682927,9417570.483849414,31834542.913440723,35268.292682926825,9417228.386191346,31833603.00784993,35268.292682926825
9417618.70834729,31835057.570636705,34780.48780487805,14.042742459819818,9417324.835187098,31834632.322241895,34292.68292682927,9417666.932845168,31835572.227832686,34292.68292682927,9417912.581507482,31835482.819031518,35268.292682926825,9417570.483849414,31834542.913440723,35268.292682926825
9417960.80600536,31835997.476227503,34780.48780487805,12.421980397210424,9417666.932845168,31835572.227832686,34292.68292682927,9418009.030503238,31836512.13342348,34292.68292682927,9418254.679165553,31836422.724622313,35268.292682926825,9417912.581507482,31835482.819031518,35268.292682926825
9418302.90366343,31836937.381818295,34780.48780487805,13.700694616445299,9418009.030503238,31836512.13342348,34292.68292682927,9418351.128161306,31837452.039014276,34292.68292682927,9418596.776823621,31837362.630213104,35268.292682926825,9418254.679165553,31836422.724622313,35268.292682926825
9418645.001321498,31837877.287409086,34780.48780487805,15.940148656533694,9418351.128161306,31837452.039014276,34292.68292682927,9418693.225819375,31838391.944605067,34292.68292682927,9418938.87448169,31838302.5358039,35268.292682926825,9418596.776823621,31837362.630213104,35268.292682926825
9418987.098979568,31838817.192999877,34780.48780487805,17.62938789686947,9418693.225819375,31838391.944605067,34292.68292682927,9419035.323477445,31839331.850195862,34292.68292682927,9419280.97213976,31839242.441394694,35268.292682926825,9418938.87448169,31838302.5358039,35268.292682926825
9419329.196637636,31839757.098590676,34780.48780487805,19.13819852003133,9419035.323477445,31839331.850195862,34292.68292682927,9419377.421135513,31840271.755786657,34292.68292682927,9419623.069797829,31840182.346985485,35268.292682926825,9419280.97213976,31839242.441394694,35268.292682926825
9419671.294295706,31840697.00418147,34780.48780487805,18.794920281462534,9419377.421135513,31840271.755786657,34292.68292682927,9419719.518793583,31841211.66137745,34292.68292682927,9419965.167455899,31841122.25257628,35268.292682926825,9419623.069797829,31840182.346985485,35268.292682926825
9420013.391953776,31841636.90977226,34780.48780487805,18.363352747797116,9419719.518793583,31841211.66137745,34292.68292682927,9420061.616451653,31842151.56696824,34292.68292682927,9420307.265113968,31842062.15816707,35268.292682926825,9419965.167455899,31841122.25257628,35268.292682926825
9420355.489611845,31842576.815363057,34780.48780487805,18.05810366842599,9420061.616451653,31842151.56696824,34292.68292682927,9420403.71410972,31843091.47255904,34292.68292682927,9420649.362772038,31843002.063757867,35268.292682926825,9420307.265113968,31842062.15816707,35268.292682926825
9420697.587269915,31843516.72095385,34780.48780487805,17.829470817699626,9420403.71410972,31843091.47255904,34292.68292682927,9420745.81176779,31844031.37814983,34292.68292682927,9420991.460430106,31843941.96934866,35268.292682926825,9420649.362772038,31843002.063757867,35268.292682926825
9421039.684927983,31844456.62654464,34780.48780487805,16.39928509760614,9420745.81176779,31844031.37814983,34292.68292682927,9421087.90942586,31844971.28374062,34292.68292682927,9421333.558088176,31844881.874939453,35268.292682926825,9420991.460430106,31843941.96934866,35268.292682926825
9421381.782586051,31845396.532135434,34780.48780487805,15.61422161410574,9421087.90942586,31844971.28374062,34292.68292682927,9421430.007083928,31845911.18933142,34292.68292682927,9421675.655746246,31845821.780530248,35268.292682926825,9421333.558088176,31844881.874939453,35268.292682926825
9421723.880244123,31846336.43772623,34780.48780487805,14.611449890289457,9421430.007083928,31845911.18933142,34292.68292682927,9421772.104741998,31846851.09492221,34292.68292682927,9422017.753404314,31846761.68612104,35268.292682926825,9421675.655746246,31845821.780530248,35268.292682926825
9422065.97790219,31847276.343317024,34780.48780487805,15.838555757474156,9421772.104741998,31846851.09492221,34292.68292682927,9422114.202400068,31847791.000513002,34292.68292682927,9422359.851062384,31847701.591711834,35268.292682926825,9422017.753404314,31846761.68612104,35268.292682926825
9422408.07556026,31848216.248907816,34780.48780487805,15.966341128369098,9422114.202400068,31847791.000513002,34292.68292682927,9422456.300058136,31848730.906103797,34292.68292682927,9422701.948720453,31848641.497302625,35268.292682926825,9422359.851062384,31847701.591711834,35268.292682926825
9422750.173218329,31849156.154498603,34780.48780487805,15.843922004879403,9422456.300058136,31848730.906103797,34292.68292682927,9422798.397716206,31849670.81169459,34292.68292682927,9423044.046378521,31849581.402893417,35268.292682926825,9422701.948720453,31848641.497302625,35268.292682926825
9423092.270876398,31850096.0600894,34780.48780487805,15.419475811479025,9422798.397716206,31849670.81169459,34292.68292682927,9423140.495374275,31850610.717285383,34292.68292682927,9423386.144036591,31850521.308484215,35268.292682926825,9423044.046378521,31849581.402893417,35268.292682926825
9423434.368534468,31851035.965680197,34780.48780487805,14.44707012331505,9423140.495374275,31850610.717285383,34292.68292682927,9423482.593032343,31851550.62287618,34292.68292682927,9423728.24169466,31851461.214075007,35268.292682926825,9423386.144036591,31850521.308484215,35268.292682926825
9423776.466192538,31851975.871270988,34780.48780487805,13.08310727896524,9423482.593032343,31851550.62287618,34292.68292682927,9423824.690690415,31852490.528466973,34292.68292682927,9424070.339352729,31852401.1196658,35268.292682926825,9423728.24169466,31851461.214075007,35268.292682926825
9424118.563850606,31852915.776861783,34780.48780487805,12.17927892255211,9423824.690690415,31852490.528466973,34292.68292682927,9424166.788348483,31853430.43405776,34292.68292682927,9424412.437010799,31853341.025256597,35268.292682926825,9424070.339352729,31852401.1196658,35268.292682926825
9424460.661508676,31853855.68245258,34780.48780487805,10.93883004499222,9424166.788348483,31853430.43405776,34292.68292682927,9424508.88600655,31854370.33964856,34292.68292682927,9424754.534668868,31854280.930847388,35268.292682926825,9424412.437010799,31853341.025256597,35268.292682926825
9424802.759166745,31854795.58804337,34780.48780487805,10.687838639209506,9424508.88600655,31854370.33964856,34292.68292682927,9424850.983664623,31855310.24523935,34292.68292682927,9425096.632326936,31855220.83643818,35268.292682926825,9424754.534668868,31854280.930847388,35268.292682926825
9425144.856824813,31855735.493634157,34780.48780487805,10.753681929982198,9424850.983664623,31855310.24523935,34292.68292682927,9425193.08132269,31856250.150830142,34292.68292682927,9425438.729985006,31856160.742028974,35268.292682926825,9425096.632326936,31855220.83643818,35268.292682926825
9425486.954482881,31856675.399224956,34780.48780487805,10.22469985994503,9425193.08132269,31856250.150830142,34292.68292682927,9425535.178980758,31857190.05642094,34292.68292682927,9425780.827643076,31857100.64761977,35268.292682926825,9425438.729985006,31856160.742028974,35268.292682926825
9425829.052140953,31857615.30481575,34780.48780487805,9.632604765232228,9425535.178980758,31857190.05642094,34292.68292682927,9425877.27663883,31858129.962011732,34292.68292682927,9426122.925301144,31858040.55321056,35268.292682926825,9425780.827643076,31857100.64761977,35268.292682926825
9426171.149799021,31858555.21040654,34780.48780487805,9.38589470073655,9425877.27663883,31858129.962011732,34292.68292682927,9426219.374296898,31859069.867602523,34292.68292682927,9426465.022959214,31858980.458801355,35268.292682926825,9426122.925301144,31858040.55321056,35268.292682926825
9426513.24745709,31859495.115997337,34780.48780487805,9.432183241575272,9426219.374296898,31859069.867602523,34292.68292682927,9426561.471954968,31860009.773193315,34292.68292682927,9426807.120617284,31859920.364392146,35268.292682926825,9426465.022959214,31858980.458801355,35268.292682926825
9426855.34511516,31860435.021588128,34780.48780487805,9.624297604283763,9426561.471954968,31860009.773193315,34292.68292682927,9426903.569613038,31860949.678784113,34292.68292682927,9427149.218275351,31860860.26998294,35268.292682926825,9426807.120617284,31859920.364392146,35268.292682926825
9427197.442773229,31861374.927178923,34780.48780487805,9.035166472959693,9426903.569613038,31860949.678784113,34292.68292682927,9427245.667271107,31861889.584374905,34292.68292682927,9427491.315933421,31861800.175573736,35268.292682926825,9427149.218275351,31860860.26998294,35268.292682926825
9427539.540431298,31862314.832769714,34780.48780487805,9.18006384324953,9427245.667271107,31861889.584374905,34292.68292682927,9427587.764929175,31862829.489965696,34292.68292682927,9427833.413591491,31862740.081164528,35268.292682926825,9427491.315933421,31861800.175573736,35268.292682926825
9427881.638089368,31863254.73836051,34780.48780487805,10.876109863139614,9427587.764929175,31862829.489965696,34292.68292682927,9427929.862587245,31863769.395556495,34292.68292682927,9428175.511249559,31863679.986755323,35268.292682926825,9427833.413591491,31862740.081164528,35268.292682926825
9428223.735747436,31864194.643951304,34780.48780487805,11.143731534195897,9427929.862587245,31863769.395556495,34292.68292682927,9428271.960245315,31864709.301147286,34292.68292682927,9428517.608907629,31864619.892346118,35268.292682926825,9428175.511249559,31863679.986755323,35268.292682926825
9428565.833405506,31865134.5495421,34780.48780487805,11.061015035795906,9428271.960245315,31864709.301147286,34292.68292682927,9428614.057903383,31865649.206738077,34292.68292682927,9428859.706565699,31865559.79793691,35268.292682926825,9428517.608907629,31864619.892346118,35268.292682926825
9428907.931063576,31866074.45513289,34780.48780487805,9.880811831985856,9428614.057903383,31865649.206738077,34292.68292682927,9428956.155561453,31866589.112328872,34292.68292682927,9429201.804223767,31866499.7035277,35268.292682926825,9428859.706565699,31865559.79793691,35268.292682926825
9429250.028721644,31867014.36072368,34780.48780487805,9.084385912641027,9428956.155561453,31866589.112328872,34292.68292682927,9429298.253219523,31867529.017919667,34292.68292682927,9429543.901881836,31867439.6091185,35268.292682926825,9429201.804223767,31866499.7035277,35268.292682926825
9429592.126379713,31867954.266314477,34780.48780487805,9.77723417384943,9429298.253219523,31867529.017919667,34292.68292682927,9429640.35087759,31868468.92351046,34292.68292682927,9429885.999539906,31868379.51470929,35268.292682926825,9429543.901881836,31867439.6091185,35268.292682926825
9429934.224037783,31868894.171905268,34780.48780487805,8.44595758215131,9429640.35087759,31868468.92351046,34292.68292682927,9429982.44853566,31869408.829101253,34292.68292682927,9430228.097197974,31869319.42030008,35268.292682926825,9429885.999539906,31868379.51470929,35268.292682926825
9430276.321695851,31869834.077496063,34780.48780487805,7.5900080909247025,9429982.44853566,31869408.829101253,34292.68292682927,9430324.54619373,31870348.73469205,34292.68292682927,9430570.194856044,31870259.32589088,35268.292682926825,9430228.097197974,31869319.42030008,35268.292682926825
9430618.419353921,31870773.983086858,34780.48780487805,7.592614208641954,9430324.54619373,31870348.73469205,34292.68292682927,9430666.643851798,31871288.64028284,34292.68292682927,9430912.292514114,31871199.23148167,35268.292682926825,9430570.194856044,31870259.32589088,35268.292682926825
9430960.51701199,31871713.888677653,34780.48780487805,7.602960347292148,9430666.643851798,31871288.64028284,34292.68292682927,9431008.741509868,31872228.545873635,34292.68292682927,9431254.390172182,31872139.137072463,35268.292682926825,9430912.292514114,31871199.23148167,35268.292682926825
9431302.614670059,31872653.794268444,34780.48780487805,7.773058353711943,9431008.741509868,31872228.545873635,34292.68292682927,9431350.839167938,31873168.451464426,34292.68292682927,9431596.487830251,31873079.042663254,35268.292682926825,9431254.390172182,31872139.137072463,35268.292682926825
9431644.712328129,31873593.699859235,34780.48780487805,8.321319930100499,9431350.839167938,31873168.451464426,34292.68292682927,9431692.936826006,31874108.35705522,34292.68292682927,9431938.585488321,31874018.948254053,35268.292682926825,9431596.487830251,31873079.042663254,35268.292682926825
9431986.809986198,31874533.605450034,34780.48780487805,9.169966435179695,9431692.936826006,31874108.35705522,34292.68292682927,9432035.034484075,31875048.262646016,34292.68292682927,9432280.68314639,31874958.853844844,35268.292682926825,9431938.585488321,31874018.948254053,35268.292682926825
9432328.907644266,31875473.51104082,34780.48780487805,9.996267337028193,9432035.034484075,31875048.262646016,34292.68292682927,9432377.132142145,31875988.168236807,34292.68292682927,9432622.780804459,31875898.759435635,35268.292682926825,9432280.68314639,31874958.853844844,35268.292682926825
9432671.005302336,31876413.416631617,34780.48780487805,10.121179007701109,9432377.132142145,31875988.168236807,34292.68292682927,9432719.229800213,31876928.073827602,34292.68292682927,9432964.878462529,31876838.665026434,35268.292682926825,9432622.780804459,31875898.759435635,35268.292682926825
9433013.102960408,31877353.322222415,34780.48780487805,9.0332074136382,9432719.229800213,31876928.073827602,34292.68292682927,9433061.327458283,31877867.979418393,34292.68292682927,9433306.976120597,31877778.570617225,35268.292682926825,9432964.878462529,31876838.665026434,35268.292682926825
9433355.200618474,31878293.227813203,34780.48780487805,8.212611882539182,9433061.327458283,31877867.979418393,34292.68292682927,9433403.425116353,31878807.88500919,34292.68292682927,9433649.073778667,31878718.476208016,35268.292682926825,9433306.976120597,31877778.570617225,35268.292682926825
9433697.298276544,31879233.133403998,34780.48780487805,8.220611334592846,9433403.425116353,31878807.88500919,34292.68292682927,9433745.52277442,31879747.79059998,34292.68292682927,9433991.171436736,31879658.38179881,35268.292682926825,9433649.073778667,31878718.476208016,35268.292682926825
9434039.395934615,31880173.038994793,34780.48780487805,8.387631387635906,9433745.52277442,31879747.79059998,34292.68292682927,9434087.62043249,31880687.69619078,34292.68292682927,9434333.269094806,31880598.287389606,35268.292682926825,9433991.171436736,31879658.38179881,35268.292682926825
9434381.493592683,31881112.944585588,34780.48780487805,7.925539606934474,9434087.62043249,31880687.69619078,34292.68292682927,9434429.71809056,31881627.60178157,34292.68292682927,9434675.366752876,31881538.192980397,35268.292682926825,9434333.269094806,31880598.287389606,35268.292682926825
9434723.591250751,31882052.850176375,34780.48780487805,7.096780629721715,9434429.71809056,31881627.60178157,34292.68292682927,9434771.815748628,31882567.50737236,34292.68292682927,9435017.464410944,31882478.098571192,35268.292682926825,9434675.366752876,31881538.192980397,35268.292682926825
9435065.688908823,31882992.755767174,34780.48780487805,6.575604896780358,9434771.815748628,31882567.50737236,34292.68292682927,9435113.913406698,31883507.412963156,34292.68292682927,9435359.562069014,31883418.004161987,35268.292682926825,9435017.464410944,31882478.098571192,35268.292682926825
9435407.78656689,31883932.66135797,34780.48780487805,6.008741390577477,9435113.913406698,31883507.412963156,34292.68292682927,9435456.011064768,31884447.318553947,34292.68292682927,9435701.659727084,31884357.909752775,35268.292682926825,9435359.562069014,31883418.004161987,35268.292682926825
9435749.88422496,31884872.566948757,34780.48780487805,6.1495129705277805,9435456.011064768,31884447.318553947,34292.68292682927,9435798.108722836,31885387.224144742,34292.68292682927,9436043.757385151,31885297.815343574,35268.292682926825,9435701.659727084,31884357.909752775,35268.292682926825
9436091.981883029,31885812.472539555,34780.48780487805,6.18438626811774,9435798.108722836,31885387.224144742,34292.68292682927,9436140.206380906,31886327.129735533,34292.68292682927,9436385.855043221,31886237.720934365,35268.292682926825,9436043.757385151,31885297.815343574,35268.292682926825
9436434.079541098,31886752.378130347,34780.48780487805,5.510448169176929,9436140.206380906,31886327.129735533,34292.68292682927,9436482.304038975,31887267.035326328,34292.68292682927,9436727.952701291,31887177.626525156,35268.292682926825,9436385.855043221,31886237.720934365,35268.292682926825
9436776.177199168,31887692.283721138,34780.48780487805,4.901916400364494,9436482.304038975,31887267.035326328,34292.68292682927,9436824.401697043,31888206.940917123,34292.68292682927,9437070.050359359,31888117.532115955,35268.292682926825,9436727.952701291,31887177.626525156,35268.292682926825
9437118.274857238,31888632.189311933,34780.48780487805,4.731028304563847,9436824.401697043,31888206.940917123,34292.68292682927,9437166.499355113,31889146.846507914,34292.68292682927,9437412.148017429,31889057.437706746,35268.292682926825,9437070.050359359,31888117.532115955,35268.292682926825
9437460.372515306,31889572.094902728,34780.48780487805,4.453391688703477,9437166.499355113,31889146.846507914,34292.68292682927,9437508.597013185,31890086.75209871,34292.68292682927,9437754.245675499,31889997.343297537,35268.292682926825,9437412.148017429,31889057.437706746,35268.292682926825
9437802.470173376,31890512.000493523,34780.48780487805,3.597818946228447,9437508.597013185,31890086.75209871,34292.68292682927,9437850.69467125,31891026.6576895,34292.68292682927,9438096.343333567,31890937.248888332,35268.292682926825,9437754.245675499,31889997.343297537,35268.292682926825
9438144.567831445,31891451.906084314,34780.48780487805,2.9013320699126117,9437850.69467125,31891026.6576895,34292.68292682927,9438192.79232932,31891966.563280296,34292.68292682927,9438438.440991636,31891877.154479127,35268.292682926825,9438096.343333567,31890937.248888332,35268.292682926825
9438486.665489513,31892391.81167511,34780.48780487805,2.340711990945891,9438192.79232932,31891966.563280296,34292.68292682927,9438534.889987392,31892906.46887109,34292.68292682927,9438780.538649706,31892817.06006992,35268.292682926825,9438438.440991636,31891877.154479127,35268.292682926825
9438828.763147583,31893331.7172659,34780.48780487805,1.8442069616057215,9438534.889987392,31892906.46887109,34292.68292682927,9438876.987645458,31893846.37446188,34292.68292682927,9439122.636307774,31893756.965660714,35268.292682926825,9438780.538649706,31892817.06006992,35268.292682926825
9439170.860805653,31894271.62285669,34780.48780487805,1.427586944550258,9438876.987645458,31893846.37446188,34292.68292682927,9439219.085303528,31894786.280052677,34292.68292682927,9439464.733965844,31894696.87125151,35268.292682926825,9439122.636307774,31893756.965660714,35268.292682926825
9439512.958463721,31895211.528447486,34780.48780487805,1.2104890361186664,9439219.085303528,31894786.280052677,34292.68292682927,9439561.1829616,31895726.18564347,34292.68292682927,9439806.831623914,31895636.7768423,35268.292682926825,9439464.733965844,31894696.87125151,35268.292682926825
9439855.05612179,31896151.43403828,34780.48780487805,1.3644078609284405,9439561.1829616,31895726.18564347,34292.68292682927,9439903.280619666,31896666.091234263,34292.68292682927,9440148.929281982,31896576.682433095,35268.292682926825,9439806.831623914,31895636.7768423,35268.292682926825
9440197.15377986,31897091.339629076,34780.48780487805,1.4291638170093968,9439903.280619666,31896666.091234263,34292.68292682927,9440245.378277738,31897605.996825054,34292.68292682927,9440491.026940051,31897516.588023886,35268.292682926825,9440148.929281982,31896576.682433095,35268.292682926825
9440539.251437929,31898031.245219868,34780.48780487805,1.2832825107211265,9440245.378277738,31897605.996825054,34292.68292682927,9440587.475935807,31898545.902415853,34292.68292682927,9440833.124598121,31898456.49361468,35268.292682926825,9440491.026940051,31897516.588023886,35268.292682926825
9440881.349095998,31898971.150810663,34780.48780487805,1.0476823117839646,9440587.475935807,31898545.902415853,34292.68292682927,9440929.573593875,31899485.808006644,34292.68292682927,9441175.22225619,31899396.399205472,35268.292682926825,9440833.124598121,31898456.49361468,35268.292682926825
9441223.446754068,31899911.056401454,34780.48780487805,0.9560363220356738,9440929.573593875,31899485.808006644,34292.68292682927,9441271.671251945,31900425.713597436,34292.68292682927,9441517.319914259,31900336.304796267,35268.292682926825,9441175.22225619,31899396.399205472,35268.292682926825
9441565.544412136,31900850.96199225,34780.48780487805,0.9477210636076382,9441271.671251945,31900425.713597436,34292.68292682927,9441613.768910015,31901365.619188234,34292.68292682927,9441859.417572329,31901276.210387062,35268.292682926825,9441517.319914259,31900336.304796267,35268.292682926825
9441907.642070206,31901790.86758304,34780.48780487805,0.8596657947666945,9441613.768910015,31901365.619188234,34292.68292682927,9441955.866568083,31902305.524779025,34292.68292682927,9442201.515230397,31902216.115977854,35268.292682926825,9441859.417572329,31901276.210387062,35268.292682926825
9442249.739728276,31902730.773173835,34780.48780487805,1.041536706427891,9441955.866568083,31902305.524779025,34292.68292682927,9442297.964226153,31903245.430369817,34292.68292682927,9442543.612888467,31903156.02156865,35268.292682926825,9442201.515230397,31902216.115977854,35268.292682926825
9442591.837386344,31903670.678764634,34780.48780487805,1.074542150714747,9442297.964226153,31903245.430369817,34292.68292682927,9442640.061884223,31904185.33596061,34292.68292682927,9442885.710546536,31904095.92715944,35268.292682926825,9442543.612888467,31903156.02156865,35268.292682926825
9442933.935044413,31904610.58435542,34780.48780487805,1.4594294122051092,9442640.061884223,31904185.33596061,34292.68292682927,9442982.15954229,31905125.241551407,34292.68292682927,9443227.808204604,31905035.832750235,35268.292682926825,9442885.710546536,31904095.92715944,35268.292682926825
9443276.032702483,31905550.489946216,34780.48780487805,2.033418839216355,9442982.15954229,31905125.241551407,34292.68292682927,9443324.25720036,31906065.147142198,34292.68292682927,9443569.905862674,31905975.73834103,35268.292682926825,9443227.808204604,31905035.832750235,35268.292682926825
9443618.130360551,31906490.39553701,34780.48780487805,2.341161013362875,9443324.25720036,31906065.147142198,34292.68292682927,9443666.35485843,31907005.052732993,34292.68292682927,9443912.003520744,31906915.64393182,35268.292682926825,9443569.905862674,31905975.73834103,35268.292682926825
9443960.228018621,31907430.301127803,34780.48780487805,2.340823635853316,9443666.35485843,31907005.052732993,34292.68292682927,9444008.452516498,31907944.958323784,34292.68292682927,9444254.101178812,31907855.549522616,35268.292682926825,9443912.003520744,31906915.64393182,35268.292682926825
9444302.32567669,31908370.206718594,34780.48780487805,2.607735476365549,9444008.452516498,31907944.958323784,34292.68292682927,9444350.550174568,31908884.86391458,34292.68292682927,9444596.198836882,31908795.45511341,35268.292682926825,9444254.101178812,31907855.549522616,35268.292682926825
9444644.423334759,31909310.112309393,34780.48780487805,2.331432340835758,9444350.550174568,31908884.86391458,34292.68292682927,9444692.647832638,31909824.769505374,34292.68292682927,9444938.296494951,31909735.360704202,35268.292682926825,9444596.198836882,31908795.45511341,35268.292682926825
9444986.520992829,31910250.017900188,34780.48780487805,2.173330744280353,9444692.647832638,31909824.769505374,34292.68292682927,9445034.745490706,31910764.675096165,34292.68292682927,9445280.39415302,31910675.266294993,35268.292682926825,9444938.296494951,31909735.360704202,35268.292682926825
9445328.618650898,31911189.923490975,34780.48780487805,2.3524691720951667,9445034.745490706,31910764.675096165,34292.68292682927,9445376.843148775,31911704.58068696,34292.68292682927,9445622.491811091,31911615.171885792,35268.292682926825,9445280.39415302,31910675.266294993,35268.292682926825
9445670.716308966,31912129.829081774,34780.48780487805,2.6125017851039343,9445376.843148775,31911704.58068696,34292.68292682927,9445718.940806845,31912644.48627775,34292.68292682927,9445964.589469159,31912555.077476583,35268.292682926825,9445622.491811091,31911615.171885792,35268.292682926825
9446012.813967036,31913069.734672565,34780.48780487805,3.03643571901032,9445718.940806845,31912644.48627775,34292.68292682927,9446061.038464913,31913584.391868547,34292.68292682927,9446306.687127227,31913494.983067375,35268.292682926825,9445964.589469159,31912555.077476583,35268.292682926825
9446354.911625106,31914009.640263356,34780.48780487805,3.308437352142051,9446061.038464913,31913584.391868547,34292.68292682927,9446403.136122983,31914524.297459338,34292.68292682927,9446648.784785299,31914434.88865817,35268.292682926825,9446306.687127227,31913494.983067375,35268.292682926825
9446697.009283174,31914949.54585415,34780.48780487805,3.849668465975643,9446403.136122983,31914524.297459338,34292.68292682927,9446745.233781053,31915464.203050133,34292.68292682927,9446990.882443368,31915374.794248965,35268.292682926825,9446648.784785299,31914434.88865817,35268.292682926825
9447039.106941244,31915889.451444946,34780.48780487805,4.381053858850151,9446745.233781053,31915464.203050133,34292.68292682927,9447087.33143912,31916404.108640928,34292.68292682927,9447332.980101435,31916314.699839756,35268.292682926825,9446990.882443368,31915374.794248965,35268.292682926825
9447381.204599313,31916829.35703574,34780.48780487805,4.442979071539824,9447087.33143912,31916404.108640928,34292.68292682927,9447429.42909719,31917344.01423172,34292.68292682927,9447675.077759506,31917254.60543055,35268.292682926825,9447332.980101435,31916314.699839756,35268.292682926825
9447723.302257383,31917769.262626532,34780.48780487805,3.5766418117249343,9447429.42909719,31917344.01423172,34292.68292682927,9447771.52675526,31918283.919822514,34292.68292682927,9448017.175417576,31918194.511021346,35268.292682926825,9447675.077759506,31917254.60543055,35268.292682926825
9448065.399915451,31918709.168217327,34780.48780487805,3.1525891188149266,9447771.52675526,31918283.919822514,34292.68292682927,9448113.624413328,31919223.82541331,34292.68292682927,9448359.273075644,31919134.416612137,35268.292682926825,9448017.175417576,31918194.511021346,35268.292682926825
9448407.497573523,31919649.07380812,34780.48780487805,2.697281038431841,9448113.624413328,31919223.82541331,34292.68292682927,9448455.722071398,31920163.7310041,34292.68292682927,9448701.370733714,31920074.322202932,35268.292682926825,9448359.273075644,31919134.416612137,35268.292682926825
9448749.59523159,31920588.97939891,34780.48780487805,2.403571791947505,9448455.722071398,31920163.7310041,34292.68292682927,9448797.819729468,31921103.63659489,34292.68292682927,9449043.468391784,31921014.227793723,35268.292682926825,9448701.370733714,31920074.322202932,35268.292682926825
9449091.69288966,31921528.884989705,34780.48780487805,2.241152129912852,9448797.819729468,31921103.63659489,34292.68292682927,9449139.917387536,31922043.542185687,34292.68292682927,9449385.566049851,31921954.133384515,35268.292682926825,9449043.468391784,31921014.227793723,35268.292682926825
9449433.790547729,31922468.7905805,34780.48780487805,2.4248127592732924,9449139.917387536,31922043.542185687,34292.68292682927,9449482.015045606,31922983.44777648,34292.68292682927,9449727.663707921,31922894.038975313,35268.292682926825,9449385.566049851,31921954.133384515,35268.292682926825
9449775.888205798,31923408.696171295,34780.48780487805,2.353438145801443,9449482.015045606,31922983.44777648,34292.68292682927,9449824.112703674,31923923.353367273,34292.68292682927,9450069.761365991,31923833.944566105,35268.292682926825,9449727.663707921,31922894.038975313,35268.292682926825
9408969.817899806,31810530.616474904,35756.097560975606,15.087280112804,9408675.944739614,31810105.368080094,35268.292682926825,9409018.042397683,31811045.273670886,35268.292682926825,9409263.691059997,31810955.86486972,36243.90243902439,9408921.59340193,31810015.959278923,36243.90243902439
9409311.915557874,31811470.522065703,35756.097560975606,12.483641033829109,9409018.042397683,31811045.273670886,35268.292682926825,9409360.140055753,31811985.17926168,35268.292682926825,9409605.788718067,31811895.77046051,36243.90243902439,9409263.691059997,31810955.86486972,36243.90243902439
9409654.013215944,31812410.42765649,35756.097560975606,13.322901265379478,9409360.140055753,31811985.17926168,35268.292682926825,9409702.237713821,31812925.084852476,35268.292682926825,9409947.886376137,31812835.676051304,36243.90243902439,9409605.788718067,31811895.77046051,36243.90243902439
9409996.110874014,31813350.333247285,35756.097560975606,15.42732178466682,9409702.237713821,31812925.084852476,35268.292682926825,9410044.335371891,31813864.990443267,35268.292682926825,9410289.984034205,31813775.5816421,36243.90243902439,9409947.886376137,31812835.676051304,36243.90243902439
9410338.208532082,31814290.238838084,35756.097560975606,15.478811031645048,9410044.335371891,31813864.990443267,35268.292682926825,9410386.43302996,31814804.896034066,35268.292682926825,9410632.081692277,31814715.487232894,36243.90243902439,9410289.984034205,31813775.5816421,36243.90243902439
9410680.306190152,31815230.144428875,35756.097560975606,14.898948761107146,9410386.43302996,31814804.896034066,35268.292682926825,9410728.530688029,31815744.801624857,35268.292682926825,9410974.179350344,31815655.392823685,36243.90243902439,9410632.081692277,31814715.487232894,36243.90243902439
9411022.403848222,31816170.050019667,35756.097560975606,13.8410832870509,9410728.530688029,31815744.801624857,35268.292682926825,9411070.628346099,31816684.70721565,35268.292682926825,9411316.277008412,31816595.29841448,36243.90243902439,9410974.179350344,31815655.392823685,36243.90243902439
9411364.50150629,31817109.95561046,35756.097560975606,13.735537406227046,9411070.628346099,31816684.70721565,35268.292682926825,9411412.726004168,31817624.612806443,35268.292682926825,9411658.374666484,31817535.20400527,36243.90243902439,9411316.277008412,31816595.29841448,36243.90243902439
9411706.59916436,31818049.861201253,35756.097560975606,12.909133601927753,9411412.726004168,31817624.612806443,35268.292682926825,9411754.823662236,31818564.518397234,35268.292682926825,9412000.47232455,31818475.109596062,36243.90243902439,9411658.374666484,31817535.20400527,36243.90243902439
9412048.69682243,31818989.766792044,35756.097560975606,12.33690596817954,9411754.823662236,31818564.518397234,35268.292682926825,9412096.921320306,31819504.42398803,35268.292682926825,9412342.56998262,31819415.01518686,36243.90243902439,9412000.47232455,31818475.109596062,36243.90243902439
9412390.794480497,31819929.672382843,35756.097560975606,11.65643314175385,9412096.921320306,31819504.42398803,35268.292682926825,9412439.018978376,31820444.32957882,35268.292682926825,9412684.667640692,31820354.920777652,36243.90243902439,9412342.56998262,31819415.01518686,36243.90243902439
9412732.892138569,31820869.577973638,35756.097560975606,12.186508875799856,9412439.018978376,31820444.32957882,35268.292682926825,9412781.116636444,31821384.235169616,35268.292682926825,9413026.765298758,31821294.826368444,36243.90243902439,9412684.667640692,31820354.920777652,36243.90243902439
9413074.989796637,31821809.483564425,35756.097560975606,12.647333737263752,9412781.116636444,31821384.235169616,35268.292682926825,9413123.214294514,31822324.14076041,35268.292682926825,9413368.86295683,31822234.731959242,36243.90243902439,9413026.765298758,31821294.826368444,36243.90243902439
9413417.087454706,31822749.389155224,35756.097560975606,12.52535930126023,9413123.214294514,31822324.14076041,35268.292682926825,9413465.311952583,31823264.0463512,35268.292682926825,9413710.9606149,31823174.637550034,36243.90243902439,9413368.86295683,31822234.731959242,36243.90243902439
9413759.185112776,31823689.294746015,35756.097560975606,11.788416522482548,9413465.311952583,31823264.0463512,35268.292682926825,9413807.409610651,31824203.951941997,35268.292682926825,9414053.058272967,31824114.543140825,36243.90243902439,9413710.9606149,31823174.637550034,36243.90243902439
9414101.282770846,31824629.200336806,35756.097560975606,13.072013378760902,9413807.409610651,31824203.951941997,35268.292682926825,9414149.507268721,31825143.857532788,35268.292682926825,9414395.155931037,31825054.44873162,36243.90243902439,9414053.058272967,31824114.543140825,36243.90243902439
9414443.380428912,31825569.1059276,35756.097560975606,15.093990910417972,9414149.507268721,31825143.857532788,35268.292682926825,9414491.604926791,31826083.763123583,35268.292682926825,9414737.253589107,31825994.354322415,36243.90243902439,9414395.155931037,31825054.44873162,36243.90243902439
9414785.478086984,31826509.011518396,35756.097560975606,15.116168456877716,9414491.604926791,31826083.763123583,35268.292682926825,9414833.702584859,31827023.668714378,35268.292682926825,9415079.351247175,31826934.259913206,36243.90243902439,9414737.253589107,31825994.354322415,36243.90243902439
9415127.575745054,31827448.91710919,35756.097560975606,15.025839331641308,9414833.702584859,31827023.668714378,35268.292682926825,9415175.800242929,31827963.57430517,35268.292682926825,9415421.448905244,31827874.165504,36243.90243902439,9415079.351247175,31826934.259913206,36243.90243902439
9415469.673403122,31828388.82269998,35756.097560975606,15.49324041042339,9415175.800242929,31827963.57430517,35268.292682926825,9415517.897900999,31828903.479895964,35268.292682926825,9415763.546563314,31828814.071094796,36243.90243902439,9415421.448905244,31827874.165504,36243.90243902439
9415811.77106119,31829328.728290778,35756.097560975606,16.44223362826453,9415517.897900999,31828903.479895964,35268.292682926825,9415859.995559067,31829843.38548676,35268.292682926825,9416105.644221382,31829753.976685587,36243.90243902439,9415763.546563314,31828814.071094796,36243.90243902439
9416153.868719261,31830268.63388157,35756.097560975606,17.912119124819007,9415859.995559067,31829843.38548676,35268.292682926825,9416202.093217136,31830783.29107755,35268.292682926825,9416447.741879452,31830693.882276382,36243.90243902439,9416105.644221382,31829753.976685587,36243.90243902439
9416495.96637733,31831208.53947236,35756.097560975606,18.572582913603966,9416202.093217136,31830783.29107755,35268.292682926825,9416544.190875206,31831723.19666834,35268.292682926825,9416789.839537522,31831633.787867174,36243.90243902439,9416447.741879452,31830693.882276382,36243.90243902439
9416838.064035399,31832148.445063155,35756.097560975606,18.43512633279175,9416544.190875206,31831723.19666834,35268.292682926825,9416886.288533274,31832663.10225914,35268.292682926825,9417131.93719559,31832573.69345797,36243.90243902439,9416789.839537522,31831633.787867174,36243.90243902439
9417180.161693469,31833088.35065395,35756.097560975606,17.98512789052817,9416886.288533274,31832663.10225914,35268.292682926825,9417228.386191346,31833603.00784993,35268.292682926825,9417474.03485366,31833513.59904876,36243.90243902439,9417131.93719559,31832573.69345797,36243.90243902439
9417522.259351537,31834028.256244745,35756.097560975606,17.414966650488388,9417228.386191346,31833603.00784993,35268.292682926825,9417570.483849414,31834542.913440723,35268.292682926825,9417816.13251173,31834453.504639555,36243.90243902439,9417474.03485366,31833513.59904876,36243.90243902439
9417864.357009606,31834968.161835536,35756.097560975606,15.309127307360033,9417570.483849414,31834542.913440723,35268.292682926825,9417912.581507482,31835482.819031518,35268.292682926825,9418158.230169797,31835393.41023035,36243.90243902439,9417816.13251173,31834453.504639555,36243.90243902439
9418206.454667676,31835908.06742633,35756.097560975606,14.37056963880228,9417912.581507482,31835482.819031518,35268.292682926825,9418254.679165553,31836422.724622313,35268.292682926825,9418500.327827867,31836333.31582114,36243.90243902439,9418158.230169797,31835393.41023035,36243.90243902439
9418548.552325744,31836847.973017123,35756.097560975606,15.399531297257816,9418254.679165553,31836422.724622313,35268.292682926825,9418596.776823621,31837362.630213104,35268.292682926825,9418842.425485937,31837273.221411936,36243.90243902439,9418500.327827867,31836333.31582114,36243.90243902439
9418890.649983814,31837787.878607918,35756.097560975606,15.810625466161081,9418596.776823621,31837362.630213104,35268.292682926825,9418938.87448169,31838302.5358039,35268.292682926825,9419184.523144005,31838213.127002727,36243.90243902439,9418842.425485937,31837273.221411936,36243.90243902439
9419232.747641884,31838727.78419871,35756.097560975606,17.203418798861136,9418938.87448169,31838302.5358039,35268.292682926825,9419280.97213976,31839242.441394694,35268.292682926825,9419526.620802075,31839153.032593522,36243.90243902439,9419184.523144005,31838213.127002727,36243.90243902439
9419574.845299952,31839667.689789504,35756.097560975606,17.412103315069775,9419280.97213976,31839242.441394694,35268.292682926825,9419623.069797829,31840182.346985485,35268.292682926825,9419868.718460144,31840092.938184317,36243.90243902439,9419526.620802075,31839153.032593522,36243.90243902439
9419916.942958022,31840607.595380303,35756.097560975606,17.684728076283882,9419623.069797829,31840182.346985485,35268.292682926825,9419965.167455899,31841122.25257628,35268.292682926825,9420210.816118212,31841032.84377511,36243.90243902439,9419868.718460144,31840092.938184317,36243.90243902439
9420259.040616091,31841547.50097109,35756.097560975606,19.32188871215219,9419965.167455899,31841122.25257628,35268.292682926825,9420307.265113968,31842062.15816707,35268.292682926825,9420552.913776282,31841972.7493659,36243.90243902439,9420210.816118212,31841032.84377511,36243.90243902439
9420601.13827416,31842487.406561885,35756.097560975606,19.629913017662275,9420307.265113968,31842062.15816707,35268.292682926825,9420649.362772038,31843002.063757867,35268.292682926825,9420895.011434352,31842912.6549567,36243.90243902439,9420552.913776282,31841972.7493659,36243.90243902439
9420943.23593223,31843427.31215268,35756.097560975606,18.19650257638131,9420649.362772038,31843002.063757867,35268.292682926825,9420991.460430106,31843941.96934866,35268.292682926825,9421237.10909242,31843852.56054749,36243.90243902439,9420895.011434352,31842912.6549567,36243.90243902439
9421285.333590299,31844367.21774347,35756.097560975606,17.39157339905785,9420991.460430106,31843941.96934866,35268.292682926825,9421333.558088176,31844881.874939453,35268.292682926825,9421579.20675049,31844792.46613828,36243.90243902439,9421237.10909242,31843852.56054749,36243.90243902439
9421627.431248367,31845307.123334263,35756.097560975606,16.73213544640463,9421333.558088176,31844881.874939453,35268.292682926825,9421675.655746246,31845821.780530248,35268.292682926825,9421921.30440856,31845732.37172908,36243.90243902439,9421579.20675049,31844792.46613828,36243.90243902439
9421969.528906437,31846247.02892506,35756.097560975606,15.901754958959586,9421675.655746246,31845821.780530248,35268.292682926825,9422017.753404314,31846761.68612104,35268.292682926825,9422263.402066628,31846672.27731987,36243.90243902439,9421921.30440856,31845732.37172908,36243.90243902439
9422311.626564506,31847186.934515856,35756.097560975606,16.7061901879859,9422017.753404314,31846761.68612104,35268.292682926825,9422359.851062384,31847701.591711834,35268.292682926825,9422605.499724697,31847612.182910662,36243.90243902439,9422263.402066628,31846672.27731987,36243.90243902439
9422653.724222574,31848126.840106644,35756.097560975606,16.78574416814681,9422359.851062384,31847701.591711834,35268.292682926825,9422701.948720453,31848641.497302625,35268.292682926825,9422947.597382767,31848552.088501457,36243.90243902439,9422605.499724697,31847612.182910662,36243.90243902439
9422995.821880644,31849066.745697435,35756.097560975606,16.398136858622745,9422701.948720453,31848641.497302625,35268.292682926825,9423044.046378521,31849581.402893417,35268.292682926825,9423289.695040835,31849491.99409225,36243.90243902439,9422947.597382767,31848552.088501457,36243.90243902439
9423337.919538714,31850006.65128823,35756.097560975606,15.781600284676871,9423044.046378521,31849581.402893417,35268.292682926825,9423386.144036591,31850521.308484215,35268.292682926825,9423631.792698905,31850431.899683043,36243.90243902439,9423289.695040835,31849491.99409225,36243.90243902439
9423680.017196782,31850946.556879025,35756.097560975606,14.608860436997109,9423386.144036591,31850521.308484215,35268.292682926825,9423728.24169466,31851461.214075007,35268.292682926825,9423973.890356975,31851371.80527384,36243.90243902439,9423631.792698905,31850431.899683043,36243.90243902439
9424022.114854852,31851886.462469816,35756.097560975606,12.321915840284813,9423728.24169466,31851461.214075007,35268.292682926825,9424070.339352729,31852401.1196658,35268.292682926825,9424315.988015044,31852311.710864633,36243.90243902439,9423973.890356975,31851371.80527384,36243.90243902439
9424364.212512922,31852826.368060615,35756.097560975606,10.309041912534088,9424070.339352729,31852401.1196658,35268.292682926825,9424412.437010799,31853341.025256597,35268.292682926825,9424658.085673112,31853251.616455425,36243.90243902439,9424315.988015044,31852311.710864633,36243.90243902439
9424706.31017099,31853766.27365141,35756.097560975606,9.092139017667943,9424412.437010799,31853341.025256597,35268.292682926825,9424754.534668868,31854280.930847388,35268.292682926825,9425000.183331182,31854191.52204622,36243.90243902439,9424658.085673112,31853251.616455425,36243.90243902439
9425048.40782906,31854706.179242197,35756.097560975606,8.642212036143183,9424754.534668868,31854280.930847388,35268.292682926825,9425096.632326936,31855220.83643818,35268.292682926825,9425342.280989252,31855131.42763701,36243.90243902439,9425000.183331182,31854191.52204622,36243.90243902439
9425390.50548713,31855646.08483299,35756.097560975606,10.050360650847157,9425096.632326936,31855220.83643818,35268.292682926825,9425438.729985006,31856160.742028974,35268.292682926825,9425684.37864732,31856071.333227802,36243.90243902439,9425342.280989252,31855131.42763701,36243.90243902439
9425732.603145197,31856585.990423784,35756.097560975606,11.40869441622718,9425438.729985006,31856160.742028974,35268.292682926825,9425780.827643076,31857100.64761977,35268.292682926825,9426026.47630539,31857011.2388186,36243.90243902439,9425684.37864732,31856071.333227802,36243.90243902439
9426074.700803267,31857525.89601458,35756.097560975606,10.782409376965191,9425780.827643076,31857100.64761977,35268.292682926825,9426122.925301144,31858040.55321056,35268.292682926825,9426368.57396346,31857951.144409392,36243.90243902439,9426026.47630539,31857011.2388186,36243.90243902439
9426416.798461337,31858465.801605374,35756.097560975606,10.31794608646841,9426122.925301144,31858040.55321056,35268.292682926825,9426465.022959214,31858980.458801355,35268.292682926825,9426710.671621528,31858891.050000183,36243.90243902439,9426368.57396346,31857951.144409392,36243.90243902439
9426758.896119405,31859405.707196165,35756.097560975606,10.180070669748979,9426465.022959214,31858980.458801355,35268.292682926825,9426807.120617284,31859920.364392146,35268.292682926825,9427052.769279597,31859830.955590975,36243.90243902439,9426710.671621528,31858891.050000183,36243.90243902439
9427100.993777474,31860345.612786956,35756.097560975606,9.498811698166271,9426807.120617284,31859920.364392146,35268.292682926825,9427149.218275351,31860860.26998294,35268.292682926825,9427394.866937667,31860770.861181773,36243.90243902439,9427052.769279597,31859830.955590975,36243.90243902439
9427443.091435546,31861285.518377755,35756.097560975606,9.574955582427677,9427149.218275351,31860860.26998294,35268.292682926825,9427491.315933421,31861800.175573736,35268.292682926825,9427736.964595737,31861710.766772565,36243.90243902439,9427394.866937667,31860770.861181773,36243.90243902439
9427785.189093612,31862225.423968542,35756.097560975606,8.30752132763116,9427491.315933421,31861800.175573736,35268.292682926825,9427833.413591491,31862740.081164528,35268.292682926825,9428079.062253807,31862650.672363356,36243.90243902439,9427736.964595737,31861710.766772565,36243.90243902439
9428127.286751684,31863165.329559337,35756.097560975606,7.639081359615912,9427833.413591491,31862740.081164528,35268.292682926825,9428175.511249559,31863679.986755323,35268.292682926825,9428421.159911875,31863590.577954154,36243.90243902439,9428079.062253807,31862650.672363356,36243.90243902439
9428469.384409754,31864105.235150136,35756.097560975606,7.536860878970924,9428175.511249559,31863679.986755323,35268.292682926825,9428517.608907629,31864619.892346118,35268.292682926825,9428763.257569944,31864530.483544946,36243.90243902439,9428421.159911875,31863590.577954154,36243.90243902439
9428811.482067822,31865045.140740927,35756.097560975606,7.543213016832822,9428517.608907629,31864619.892346118,35268.292682926825,9428859.706565699,31865559.79793691,35268.292682926825,9429105.355228014,31865470.389135737,36243.90243902439,9428763.257569944,31864530.483544946,36243.90243902439
9429153.57972589,31865985.04633172,35756.097560975606,6.981543503578926,9428859.706565699,31865559.79793691,35268.292682926825,9429201.804223767,31866499.7035277,35268.292682926825,9429447.452886082,31866410.294726532,36243.90243902439,9429105.355228014,31865470.389135737,36243.90243902439
9429495.677383961,31866924.951922514,35756.097560975606,6.714828646139537,9429201.804223767,31866499.7035277,35268.292682926825,9429543.901881836,31867439.6091185,35268.292682926825,9429789.550544152,31867350.200317327,36243.90243902439,9429447.452886082,31866410.294726532,36243.90243902439
9429837.77504203,31867864.85751331,35756.097560975606,6.9659175903318555,9429543.901881836,31867439.6091185,35268.292682926825,9429885.999539906,31868379.51470929,35268.292682926825,9430131.648202222,31868290.10590812,36243.90243902439,9429789.550544152,31867350.200317327,36243.90243902439
9430179.872700099,31868804.763104096,35756.097560975606,7.335503767486564,9429885.999539906,31868379.51470929,35268.292682926825,9430228.097197974,31869319.42030008,35268.292682926825,9430473.74586029,31869230.011498913,36243.90243902439,9430131.648202222,31868290.10590812,36243.90243902439
9430521.970358167,31869744.668694895,35756.097560975606,6.86378848210126,9430228.097197974,31869319.42030008,35268.292682926825,9430570.194856044,31870259.32589088,35268.292682926825,9430815.84351836,31870169.91708971,36243.90243902439,9430473.74586029,31869230.011498913,36243.90243902439
9430864.068016237,31870684.57428569,35756.097560975606,6.943944420192481,9430570.194856044,31870259.32589088,35268.292682926825,9430912.292514114,31871199.23148167,35268.292682926825,9431157.94117643,31871109.8226805,36243.90243902439,9430815.84351836,31870169.91708971,36243.90243902439
9431206.165674306,31871624.47987648,35756.097560975606,7.206154875620704,9430912.292514114,31871199.23148167,35268.292682926825,9431254.390172182,31872139.137072463,35268.292682926825,9431500.038834497,31872049.728271294,36243.90243902439,9431157.94117643,31871109.8226805,36243.90243902439
9431548.263332376,31872564.385467276,35756.097560975606,6.594181065138645,9431254.390172182,31872139.137072463,35268.292682926825,9431596.487830251,31873079.042663254,35268.292682926825,9431842.136492567,31872989.633862086,36243.90243902439,9431500.038834497,31872049.728271294,36243.90243902439
9431890.360990444,31873504.291058067,35756.097560975606,6.725959405881339,9431596.487830251,31873079.042663254,35268.292682926825,9431938.585488321,31874018.948254053,35268.292682926825,9432184.234150637,31873929.53945288,36243.90243902439,9431842.136492567,31872989.633862086,36243.90243902439
9432232.458648514,31874444.196648862,35756.097560975606,7.324853158163212,9431938.585488321,31874018.948254053,35268.292682926825,9432280.68314639,31874958.853844844,35268.292682926825,9432526.331808705,31874869.445043676,36243.90243902439,9432184.234150637,31873929.53945288,36243.90243902439
9432574.556306584,31875384.102239653,35756.097560975606,8.027050072469635,9432280.68314639,31874958.853844844,35268.292682926825,9432622.780804459,31875898.759435635,35268.292682926825,9432868.429466775,31875809.350634467,36243.90243902439,9432526.331808705,31874869.445043676,36243.90243902439
9432916.653964652,31876324.00783045,35756.097560975606,7.477603253381971,9432622.780804459,31875898.759435635,35268.292682926825,9432964.878462529,31876838.665026434,35268.292682926825,9433210.527124844,31876749.25622526,36243.90243902439,9432868.429466775,31875809.350634467,36243.90243902439
9433258.751622722,31877263.913421243,35756.097560975606,6.883797835742183,9432964.878462529,31876838.665026434,35268.292682926825,9433306.976120597,31877778.570617225,35268.292682926825,9433552.624782912,31877689.161816057,36243.90243902439,9433210.527124844,31876749.25622526,36243.90243902439
9433600.849280791,31878203.81901204,35756.097560975606,6.535086787672963,9433306.976120597,31877778.570617225,35268.292682926825,9433649.073778667,31878718.476208016,35268.292682926825,9433894.722440982,31878629.067406848,36243.90243902439,9433552.624782912,31877689.161816057,36243.90243902439
9433942.94693886,31879143.72460283,35756.097560975606,6.270821499890646,9433649.073778667,31878718.476208016,35268.292682926825,9433991.171436736,31879658.38179881,35268.292682926825,9434236.820099052,31879568.97299764,36243.90243902439,9433894.722440982,31878629.067406848,36243.90243902439
9434285.04459693,31880083.63019362,35756.097560975606,6.369002787209203,9433991.171436736,31879658.38179881,35268.292682926825,9434333.269094806,31880598.287389606,35268.292682926825,9434578.91775712,31880508.878588438,36243.90243902439,9434236.820099052,31879568.97299764,36243.90243902439
9434627.142254999,31881023.535784416,35756.097560975606,6.846551300515273,9434333.269094806,31880598.287389606,35268.292682926825,9434675.366752876,31881538.192980397,35268.292682926825,9434921.01541519,31881448.78417923,36243.90243902439,9434578.91775712,31880508.878588438,36243.90243902439
9434969.239913067,31881963.441375207,35756.097560975606,6.709828938782641,9434675.366752876,31881538.192980397,35268.292682926825,9435017.464410944,31882478.098571192,35268.292682926825,9435263.11307326,31882388.68977002,36243.90243902439,9434921.01541519,31881448.78417923,36243.90243902439
9435311.337571137,31882903.346966002,35756.097560975606,5.439168655625147,9435017.464410944,31882478.098571192,35268.292682926825,9435359.562069014,31883418.004161987,35268.292682926825,9435605.210731328,31883328.59536082,36243.90243902439,9435263.11307326,31882388.68977002,36243.90243902439
9435653.435229206,31883843.252556797,35756.097560975606,5.106659752075727,9435359.562069014,31883418.004161987,35268.292682926825,9435701.659727084,31884357.909752775,35268.292682926825,9435947.308389397,31884268.500951607,36243.90243902439,9435605.210731328,31883328.59536082,36243.90243902439
9435995.532887274,31884783.15814759,35756.097560975606,5.259405646080807,9435701.659727084,31884357.909752775,35268.292682926825,9436043.757385151,31885297.815343574,35268.292682926825,9436289.406047467,31885208.4065424,36243.90243902439,9435947.308389397,31884268.500951607,36243.90243902439
9436337.630545344,31885723.063738383,35756.097560975606,5.211770590367545,9436043.757385151,31885297.815343574,35268.292682926825,9436385.855043221,31886237.720934365,35268.292682926825,9436631.503705535,31886148.312133193,36243.90243902439,9436289.406047467,31885208.4065424,36243.90243902439
9436679.728203414,31886662.969329175,35756.097560975606,4.4830686758602925,9436385.855043221,31886237.720934365,35268.292682926825,9436727.952701291,31887177.626525156,35268.292682926825,9436973.601363605,31887088.217723988,36243.90243902439,9436631.503705535,31886148.312133193,36243.90243902439
9437021.825861482,31887602.87491997,35756.097560975606,4.091571402574769,9436727.952701291,31887177.626525156,35268.292682926825,9437070.050359359,31888117.532115955,35268.292682926825,9437315.699021675,31888028.123314783,36243.90243902439,9436973.601363605,31887088.217723988,36243.90243902439
9437363.923519552,31888542.78051076,35756.097560975606,4.234529696210618,9437070.050359359,31888117.532115955,35268.292682926825,9437412.148017429,31889057.437706746,35268.292682926825,9437657.796679743,31888968.028905574,36243.90243902439,9437315.699021675,31888028.123314783,36243.90243902439
9437706.021177622,31889482.686101556,35756.097560975606,4.016829907092596,9437412.148017429,31889057.437706746,35268.292682926825,9437754.245675499,31889997.343297537,35268.292682926825,9437999.894337812,31889907.93449637,36243.90243902439,9437657.796679743,31888968.028905574,36243.90243902439
9438048.11883569,31890422.591692355,35756.097560975606,3.2921358273764465,9437754.245675499,31889997.343297537,35268.292682926825,9438096.343333567,31890937.248888332,35268.292682926825,9438341.991995882,31890847.84008716,36243.90243902439,9437999.894337812,31889907.93449637,36243.90243902439
9438390.21649376,31891362.497283142,35756.097560975606,2.8516731985371586,9438096.343333567,31890937.248888332,35268.292682926825,9438438.440991636,31891877.154479127,35268.292682926825,9438684.08965395,31891787.745677955,36243.90243902439,9438341.991995882,31890847.84008716,36243.90243902439
9438732.314151827,31892302.402873937,35756.097560975606,2.5456553401241404,9438438.440991636,31891877.154479127,35268.292682926825,9438780.538649706,31892817.06006992,35268.292682926825,9439026.187312022,31892727.65126875,36243.90243902439,9438684.08965395,31891787.745677955,36243.90243902439
9439074.411809897,31893242.308464732,35756.097560975606,2.249568339679536,9438780.538649706,31892817.06006992,35268.292682926825,9439122.636307774,31893756.965660714,35268.292682926825,9439368.28497009,31893667.55685954,36243.90243902439,9439026.187312022,31892727.65126875,36243.90243902439
9439416.509467967,31894182.214055523,35756.097560975606,1.6755352153728644,9439122.636307774,31893756.965660714,35268.292682926825,9439464.733965844,31894696.87125151,35268.292682926825,9439710.382628158,31894607.462450337,36243.90243902439,9439368.28497009,31893667.55685954,36243.90243902439
9439758.607126035,31895122.119646315,35756.097560975606,1.4894938730903693,9439464.733965844,31894696.87125151,35268.292682926825,9439806.831623914,31895636.7768423,35268.292682926825,9440052.48028623,31895547.36804113,36243.90243902439,9439710.382628158,31894607.462450337,36243.90243902439
9440100.704784105,31896062.025237113,35756.097560975606,1.5020167631448653,9439806.831623914,31895636.7768423,35268.292682926825,9440148.929281982,31896576.682433095,35268.292682926825,9440394.577944297,31896487.273631923,36243.90243902439,9440052.48028623,31895547.36804113,36243.90243902439
9440442.802442174,31897001.93082791,35756.097560975606,1.6461434187949278,9440148.929281982,31896576.682433095,35268.292682926825,9440491.026940051,31897516.588023886,35268.292682926825,9440736.675602365,31897427.179222714,36243.90243902439,9440394.577944297,31896487.273631923,36243.90243902439
9440784.900100242,31897941.836418696,35756.097560975606,1.441861120573365,9440491.026940051,31897516.588023886,35268.292682926825,9440833.124598121,31898456.49361468,35268.292682926825,9441078.773260437,31898367.084813513,36243.90243902439,9440736.675602365,31897427.179222714,36243.90243902439
9441126.997758312,31898881.742009494,35756.097560975606,1.2686917184359128,9440833.124598121,31898456.49361468,35268.292682926825,9441175.22225619,31899396.399205472,35268.292682926825,9441420.870918507,31899306.990404304,36243.90243902439,9441078.773260437,31898367.084813513,36243.90243902439
9441469.095416384,31899821.647600286,35756.097560975606,0.975837700713112,9441175.22225619,31899396.399205472,35268.292682926825,9441517.319914259,31900336.304796267,35268.292682926825,9441762.968576575,31900246.895995095,36243.90243902439,9441420.870918507,31899306.990404304,36243.90243902439
9441811.193074452,31900761.553191077,35756.097560975606,0.6652050479748568,9441517.319914259,31900336.304796267,35268.292682926825,9441859.417572329,31901276.210387062,35268.292682926825,9442105.066234645,31901186.801585894,36243.90243902439,9441762.968576575,31900246.895995095,36243.90243902439
9442153.290732522,31901701.458781872,35756.097560975606,0.7917033207550638,9441859.417572329,31901276.210387062,35268.292682926825,9442201.515230397,31902216.115977854,35268.292682926825,9442447.163892714,31902126.707176685,36243.90243902439,9442105.066234645,31901186.801585894,36243.90243902439
9442495.38839059,31902641.364372667,35756.097560975606,1.3052858859687013,9442201.515230397,31902216.115977854,35268.292682926825,9442543.612888467,31903156.02156865,35268.292682926825,9442789.261550782,31903066.612767477,36243.90243902439,9442447.163892714,31902126.707176685,36243.90243902439
9442837.48604866,31903581.269963462,35756.097560975606,1.5311502789787363,9442543.612888467,31903156.02156865,35268.292682926825,9442885.710546536,31904095.92715944,35268.292682926825,9443131.359208852,31904006.51835827,36243.90243902439,9442789.261550782,31903066.612767477,36243.90243902439
9443179.58370673,31904521.175554253,35756.097560975606,1.7742598626257475,9442885.710546536,31904095.92715944,35268.292682926825,9443227.808204604,31905035.832750235,35268.292682926825,9443473.456866922,31904946.423949067,36243.90243902439,9443131.359208852,31904006.51835827,36243.90243902439
9443521.681364799,31905461.08114505,35756.097560975606,2.1459615382640247,9443227.808204604,31905035.832750235,35268.292682926825,9443569.905862674,31905975.73834103,35268.292682926825,9443815.55452499,31905886.329539858,36243.90243902439,9443473.456866922,31904946.423949067,36243.90243902439
9443863.779022865,31906400.98673584,35756.097560975606,2.243427215445353,9443569.905862674,31905975.73834103,35268.292682926825,9443912.003520744,31906915.64393182,35268.292682926825,9444157.65218306,31906826.235130653,36243.90243902439,9443815.55452499,31905886.329539858,36243.90243902439
9444205.876680937,31907340.89232663,35756.097560975606,2.3353781081369984,9443912.003520744,31906915.64393182,35268.292682926825,9444254.101178812,31907855.549522616,35268.292682926825,9444499.74984113,31907766.140721448,36243.90243902439,9444157.65218306,31906826.235130653,36243.90243902439
9444547.974339006,31908280.797917426,35756.097560975606,2.4053969370022172,9444254.101178812,31907855.549522616,35268.292682926825,9444596.198836882,31908795.45511341,35268.292682926825,9444841.847499197,31908706.04631224,36243.90243902439,9444499.74984113,31907766.140721448,36243.90243902439
9444890.071997074,31909220.70350822,35756.097560975606,2.358722887515502,9444596.198836882,31908795.45511341,35268.292682926825,9444938.296494951,31909735.360704202,35268.292682926825,9445183.945157267,31909645.951903034,36243.90243902439,9444841.847499197,31908706.04631224,36243.90243902439
9445232.169655142,31910160.609099016,35756.097560975606,2.1110796924279756,9444938.296494951,31909735.360704202,35268.292682926825,9445280.39415302,31910675.266294993,35268.292682926825,9445526.042815337,31910585.857493825,36243.90243902439,9445183.945157267,31909645.951903034,36243.90243902439
9445574.267313214,31911100.514689807,35756.097560975606,2.0451227395413087,9445280.39415302,31910675.266294993,35268.292682926825,9445622.491811091,31911615.171885792,35268.292682926825,9445868.140473405,31911525.76308462,36243.90243902439,9445526.042815337,31910585.857493825,36243.90243902439
9445916.364971282,31912040.4202806,35756.097560975606,2.216282935584356,9445622.491811091,31911615.171885792,35268.292682926825,9445964.589469159,31912555.077476583,35268.292682926825,9446210.238131475,31912465.66867541,36243.90243902439,9445868.140473405,31911525.76308462,36243.90243902439
9446258.462629352,31912980.325871393,35756.097560975606,2.12685322964613,9445964.589469159,31912555.077476583,35268.292682926825,9446306.687127227,31913494.983067375,35268.292682926825,9446552.335789543,31913405.574266206,36243.90243902439,9446210.238131475,31912465.66867541,36243.90243902439
9446600.560287422,31913920.231462188,35756.097560975606,2.204619240085773,9446306.687127227,31913494.983067375,35268.292682926825,9446648.784785299,31914434.88865817,35268.292682926825,9446894.433447612,31914345.479856998,36243.90243902439,9446552.335789543,31913405.574266206,36243.90243902439
9446942.65794549,31914860.13705298,35756.097560975606,2.5311487382892515,9446648.784785299,31914434.88865817,35268.292682926825,9446990.882443368,31915374.794248965,35268.292682926825,9447236.531105682,31915285.385447793,36243.90243902439,9446894.433447612,31914345.479856998,36243.90243902439
9447284.75560356,31915800.042643774,35756.097560975606,2.978837939271674,9446990.882443368,31915374.794248965,35268.292682926825,9447332.980101435,31916314.699839756,35268.292682926825,9447578.62876375,31916225.291038588,36243.90243902439,9447236.531105682,31915285.385447793,36243.90243902439
9447626.85326163,31916739.948234573,35756.097560975606,3.2439681668967872,9447332.980101435,31916314.699839756,35268.292682926825,9447675.077759506,31917254.60543055,35268.292682926825,9447920.72642182,31917165.19662938,36243.90243902439,9447578.62876375,31916225.291038588,36243.90243902439
9447968.950919697,31917679.85382536,35756.097560975606,2.818739788019357,9447675.077759506,31917254.60543055,35268.292682926825,9448017.175417576,31918194.511021346,35268.292682926825,9448262.82407989,31918105.102220174,36243.90243902439,9447920.72642182,31917165.19662938,36243.90243902439
9448311.048577767,31918619.759416156,35756.097560975606,2.5295646483014993,9448017.175417576,31918194.511021346,35268.292682926825,9448359.273075644,31919134.416612137,35268.292682926825,9448604.921737958,31919045.00781097,36243.90243902439,9448262.82407989,31918105.102220174,36243.90243902439
9448653.146235837,31919559.66500695,35756.097560975606,2.381921792926644,9448359.273075644,31919134.416612137,35268.292682926825,9448701.370733714,31920074.322202932,35268.292682926825,9448947.019396028,31919984.91340176,36243.90243902439,9448604.921737958,31919045.00781097,36243.90243902439
9448995.243893905,31920499.57059774,35756.097560975606,2.3207406470164416,9448701.370733714,31920074.322202932,35268.292682926825,9449043.468391784,31921014.227793723,35268.292682926825,9449289.117054097,31920924.81899255,36243.90243902439,9448947.019396028,31919984.91340176,36243.90243902439
9449337.341551974,31921439.476188533,35756.097560975606,2.296719830229449,9449043.468391784,31921014.227793723,35268.292682926825,9449385.566049851,31921954.133384515,35268.292682926825,9449631.214712165,31921864.724583346,36243.90243902439,9449289.117054097,31920924.81899255,36243.90243902439
9449679.439210044,31922379.38177933,35756.097560975606,2.2127848808933064,9449385.566049851,31921954.133384515,35268.292682926825,9449727.663707921,31922894.038975313,35268.292682926825,9449973.312370235,31922804.63017414,36243.90243902439,9449631.214712165,31921864.724583346,36243.90243902439
9450021.536868112,31923319.287370127,35756.097560975606,2.3156061734526623,9449727.663707921,31922894.038975313,35268.292682926825,9450069.761365991,31923833.944566105,35268.292682926825,9450315.410028305,31923744.535764933,36243.90243902439,9449973.312370235,31922804.63017414,36243.90243902439
9409215.466562124,31810441.207673736,36731.707317073175,11.687713144602851,9408921.59340193,31810015.959278923,36243.90243902439,9409263.691059997,31810955.86486972,36243.90243902439,9409509.339722317,31810866.456068546,37219.51219512195,9409167.242064249,31809926.550477754,37219.51219512195
9409557.564220192,31811381.11326453,36731.707317073175,13.521776278428414,9409263.691059997,31810955.86486972,36243.90243902439,9409605.788718067,31811895.77046051,36243.90243902439,9409851.437380387,31811806.36165934,37219.51219512195,9409509.339722317,31810866.456068546,37219.51219512195
9409899.661878262,31812321.01885532,36731.707317073175,13.092667335670534,9409605.788718067,31811895.77046051,36243.90243902439,9409947.886376137,31812835.676051304,36243.90243902439,9410193.535038456,31812746.267250136,37219.51219512195,9409851.437380387,31811806.36165934,37219.51219512195
9410241.75953633,31813260.924446117,36731.707317073175,12.320815107255028,9409947.886376137,31812835.676051304,36243.90243902439,9410289.984034205,31813775.5816421,36243.90243902439,9410535.632696524,31813686.172840927,37219.51219512195,9410193.535038456,31812746.267250136,37219.51219512195
9410583.857194401,31814200.830036912,36731.707317073175,10.929680249049015,9410289.984034205,31813775.5816421,36243.90243902439,9410632.081692277,31814715.487232894,36243.90243902439,9410877.730354594,31814626.07843172,37219.51219512195,9410535.632696524,31813686.172840927,37219.51219512195
9410925.95485247,31815140.7356277,36731.707317073175,11.988295590750067,9410632.081692277,31814715.487232894,36243.90243902439,9410974.179350344,31815655.392823685,36243.90243902439,9411219.828012664,31815565.984022513,37219.51219512195,9410877.730354594,31814626.07843172,37219.51219512195
9411268.05251054,31816080.6412185,36731.707317073175,12.463881893376929,9410974.179350344,31815655.392823685,36243.90243902439,9411316.277008412,31816595.29841448,36243.90243902439,9411561.925670732,31816505.889613308,37219.51219512195,9411219.828012664,31815565.984022513,37219.51219512195
9411610.150168607,31817020.54680929,36731.707317073175,11.322842662548643,9411316.277008412,31816595.29841448,36243.90243902439,9411658.374666484,31817535.20400527,36243.90243902439,9411904.023328802,31817445.795204103,37219.51219512195,9411561.925670732,31816505.889613308,37219.51219512195
9411952.247826677,31817960.45240008,36731.707317073175,11.561883876347846,9411658.374666484,31817535.20400527,36243.90243902439,9412000.47232455,31818475.109596062,36243.90243902439,9412246.120986871,31818385.700794894,37219.51219512195,9411904.023328802,31817445.795204103,37219.51219512195
9412294.345484745,31818900.357990876,36731.707317073175,11.976263491448222,9412000.47232455,31818475.109596062,36243.90243902439,9412342.56998262,31819415.01518686,36243.90243902439,9412588.21864494,31819325.60638569,37219.51219512195,9412246.120986871,31818385.700794894,37219.51219512195
9412636.443142816,31819840.26358167,36731.707317073175,11.751318693419428,9412342.56998262,31819415.01518686,36243.90243902439,9412684.667640692,31820354.920777652,36243.90243902439,9412930.31630301,31820265.51197648,37219.51219512195,9412588.21864494,31819325.60638569,37219.51219512195
9412978.540800883,31820780.169172466,36731.707317073175,11.393459105491084,9412684.667640692,31820354.920777652,36243.90243902439,9413026.765298758,31821294.826368444,36243.90243902439,9413272.413961079,31821205.417567275,37219.51219512195,9412930.31630301,31820265.51197648,37219.51219512195
9413320.638458954,31821720.074763257,36731.707317073175,11.217770548216203,9413026.765298758,31821294.826368444,36243.90243902439,9413368.86295683,31822234.731959242,36243.90243902439,9413614.511619147,31822145.323158067,37219.51219512195,9413272.413961079,31821205.417567275,37219.51219512195
9413662.736117024,31822659.980354052,36731.707317073175,10.702737683747472,9413368.86295683,31822234.731959242,36243.90243902439,9413710.9606149,31823174.637550034,36243.90243902439,9413956.609277217,31823085.22874886,37219.51219512195,9413614.511619147,31822145.323158067,37219.51219512195
9414004.833775092,31823599.885944843,36731.707317073175,10.873941500463292,9413710.9606149,31823174.637550034,36243.90243902439,9414053.058272967,31824114.543140825,36243.90243902439,9414298.706935287,31824025.134339657,37219.51219512195,9413956.609277217,31823085.22874886,37219.51219512195
9414346.931433164,31824539.79153564,36731.707317073175,12.423021605838711,9414053.058272967,31824114.543140825,36243.90243902439,9414395.155931037,31825054.44873162,36243.90243902439,9414640.804593354,31824965.039930448,37219.51219512195,9414298.706935287,31824025.134339657,37219.51219512195
9414689.029091232,31825479.69712643,36731.707317073175,15.14270261670312,9414395.155931037,31825054.44873162,36243.90243902439,9414737.253589107,31825994.354322415,36243.90243902439,9414982.902251424,31825904.94552124,37219.51219512195,9414640.804593354,31824965.039930448,37219.51219512195
9415031.1267493,31826419.602717225,36731.707317073175,14.891408087957617,9414737.253589107,31825994.354322415,36243.90243902439,9415079.351247175,31826934.259913206,36243.90243902439,9415324.999909494,31826844.851112038,37219.51219512195,9414982.902251424,31825904.94552124,37219.51219512195
9415373.22440737,31827359.508308023,36731.707317073175,16.40384708248106,9415079.351247175,31826934.259913206,36243.90243902439,9415421.448905244,31827874.165504,36243.90243902439,9415667.097567562,31827784.75670283,37219.51219512195,9415324.999909494,31826844.851112038,37219.51219512195
9415715.32206544,31828299.41389881,36731.707317073175,18.645807469956928,9415421.448905244,31827874.165504,36243.90243902439,9415763.546563314,31828814.071094796,36243.90243902439,9416009.195225632,31828724.66229362,37219.51219512195,9415667.097567562,31827784.75670283,37219.51219512195
9416057.419723507,31829239.319489606,36731.707317073175,18.971512947287557,9415763.546563314,31828814.071094796,36243.90243902439,9416105.644221382,31829753.976685587,36243.90243902439,9416351.292883702,31829664.56788442,37219.51219512195,9416009.195225632,31828724.66229362,37219.51219512195
9416399.517381577,31830179.2250804,36731.707317073175,18.4194314934918,9416105.644221382,31829753.976685587,36243.90243902439,9416447.741879452,31830693.882276382,36243.90243902439,9416693.39054177,31830604.47347521,37219.51219512195,9416351.292883702,31829664.56788442,37219.51219512195
9416741.615039647,31831119.130671192,36731.707317073175,19.5430492041841,9416447.741879452,31830693.882276382,36243.90243902439,9416789.839537522,31831633.787867174,36243.90243902439,9417035.48819984,31831544.379066,37219.51219512195,9416693.39054177,31830604.47347521,37219.51219512195
9417083.712697716,31832059.036261983,36731.707317073175,19.298327211120323,9416789.839537522,31831633.787867174,36243.90243902439,9417131.93719559,31832573.69345797,36243.90243902439,9417377.58585791,31832484.284656797,37219.51219512195,9417035.48819984,31831544.379066,37219.51219512195
9417425.810355784,31832998.941852782,36731.707317073175,18.033368295972714,9417131.93719559,31832573.69345797,36243.90243902439,9417474.03485366,31833513.59904876,36243.90243902439,9417719.683515977,31833424.19024759,37219.51219512195,9417377.58585791,31832484.284656797,37219.51219512195
9417767.908013852,31833938.847443577,36731.707317073175,17.489182839312218,9417474.03485366,31833513.59904876,36243.90243902439,9417816.13251173,31834453.504639555,36243.90243902439,9418061.781174047,31834364.095838383,37219.51219512195,9417719.683515977,31833424.19024759,37219.51219512195
9418110.005671922,31834878.753034364,36731.707317073175,13.96005059512316,9417816.13251173,31834453.504639555,36243.90243902439,9418158.230169797,31835393.41023035,36243.90243902439,9418403.878832117,31835304.001429178,37219.51219512195,9418061.781174047,31834364.095838383,37219.51219512195
9418452.103329994,31835818.658625163,36731.707317073175,13.131438925233342,9418158.230169797,31835393.41023035,36243.90243902439,9418500.327827867,31836333.31582114,36243.90243902439,9418745.976490185,31836243.907019973,37219.51219512195,9418403.878832117,31835304.001429178,37219.51219512195
9418794.20098806,31836758.564215954,36731.707317073175,14.384957311346989,9418500.327827867,31836333.31582114,36243.90243902439,9418842.425485937,31837273.221411936,36243.90243902439,9419088.074148254,31837183.812610764,37219.51219512195,9418745.976490185,31836243.907019973,37219.51219512195
9419136.29864613,31837698.469806746,36731.707317073175,16.463764596236192,9418842.425485937,31837273.221411936,36243.90243902439,9419184.523144005,31838213.127002727,36243.90243902439,9419430.171806324,31838123.71820156,37219.51219512195,9419088.074148254,31837183.812610764,37219.51219512195
9419478.3963042,31838638.37539754,36731.707317073175,18.16127290500201,9419184.523144005,31838213.127002727,36243.90243902439,9419526.620802075,31839153.032593522,36243.90243902439,9419772.269464392,31839063.62379235,37219.51219512195,9419430.171806324,31838123.71820156,37219.51219512195
9419820.49396227,31839578.280988336,36731.707317073175,17.12428206146423,9419526.620802075,31839153.032593522,36243.90243902439,9419868.718460144,31840092.938184317,36243.90243902439,9420114.367122462,31840003.52938314,37219.51219512195,9419772.269464392,31839063.62379235,37219.51219512195
9420162.591620337,31840518.18657913,36731.707317073175,17.650051832293478,9419868.718460144,31840092.938184317,36243.90243902439,9420210.816118212,31841032.84377511,36243.90243902439,9420456.464780532,31840943.43497394,37219.51219512195,9420114.367122462,31840003.52938314,37219.51219512195
9420504.689278409,31841458.092169918,36731.707317073175,17.234833537767877,9420210.816118212,31841032.84377511,36243.90243902439,9420552.913776282,31841972.7493659,36243.90243902439,9420798.562438602,31841883.34056473,37219.51219512195,9420456.464780532,31840943.43497394,37219.51219512195
9420846.786936475,31842397.997760717,36731.707317073175,17.135527647183654,9420552.913776282,31841972.7493659,36243.90243902439,9420895.011434352,31842912.6549567,36243.90243902439,9421140.660096671,31842823.246155526,37219.51219512195,9420798.562438602,31841883.34056473,37219.51219512195
9421188.884594547,31843337.903351508,36731.707317073175,15.801511233268721,9420895.011434352,31842912.6549567,36243.90243902439,9421237.10909242,31843852.56054749,36243.90243902439,9421482.75775474,31843763.151746318,37219.51219512195,9421140.660096671,31842823.246155526,37219.51219512195
9421530.982252615,31844277.8089423,36731.707317073175,13.274533880037927,9421237.10909242,31843852.56054749,36243.90243902439,9421579.20675049,31844792.46613828,36243.90243902439,9421824.85541281,31844703.057337113,37219.51219512195,9421482.75775474,31843763.151746318,37219.51219512195
9421873.079910684,31845217.714533094,36731.707317073175,13.247621939650088,9421579.20675049,31844792.46613828,36243.90243902439,9421921.30440856,31845732.37172908,36243.90243902439,9422166.953070879,31845642.962927904,37219.51219512195,9421824.85541281,31844703.057337113,37219.51219512195
9422215.177568752,31846157.62012389,36731.707317073175,14.218539351573058,9421921.30440856,31845732.37172908,36243.90243902439,9422263.402066628,31846672.27731987,36243.90243902439,9422509.050728947,31846582.868518695,37219.51219512195,9422166.953070879,31845642.962927904,37219.51219512195
9422557.275226824,31847097.525714684,36731.707317073175,12.677938308119677,9422263.402066628,31846672.27731987,36243.90243902439,9422605.499724697,31847612.182910662,36243.90243902439,9422851.148387017,31847522.774109494,37219.51219512195,9422509.050728947,31846582.868518695,37219.51219512195
9422899.37288489,31848037.431305476,36731.707317073175,9.299693225523807,9422605.499724697,31847612.182910662,36243.90243902439,9422947.597382767,31848552.088501457,36243.90243902439,9423193.246045087,31848462.679700285,37219.51219512195,9422851.148387017,31847522.774109494,37219.51219512195
9423241.47054296,31848977.336896263,36731.707317073175,9.364899072933698,9422947.597382767,31848552.088501457,36243.90243902439,9423289.695040835,31849491.99409225,36243.90243902439,9423535.343703154,31849402.585291076,37219.51219512195,9423193.246045087,31848462.679700285,37219.51219512195
9423583.56820103,31849917.242487058,36731.707317073175,9.963566962695946,9423289.695040835,31849491.99409225,36243.90243902439,9423631.792698905,31850431.899683043,36243.90243902439,9423877.441361224,31850342.49088187,37219.51219512195,9423535.343703154,31849402.585291076,37219.51219512195
9423925.6658591,31850857.148077857,36731.707317073175,8.353208891157411,9423631.792698905,31850431.899683043,36243.90243902439,9423973.890356975,31851371.80527384,36243.90243902439,9424219.539019294,31851282.396472666,37219.51219512195,9423877.441361224,31850342.49088187,37219.51219512195
9424267.76351717,31851797.053668648,36731.707317073175,7.39885672267174,9423973.890356975,31851371.80527384,36243.90243902439,9424315.988015044,31852311.710864633,36243.90243902439,9424561.636677362,31852222.302063458,37219.51219512195,9424219.539019294,31851282.396472666,37219.51219512195
9424609.86117524,31852736.959259443,36731.707317073175,6.935208710671488,9424315.988015044,31852311.710864633,36243.90243902439,9424658.085673112,31853251.616455425,36243.90243902439,9424903.734335432,31853162.207654253,37219.51219512195,9424561.636677362,31852222.302063458,37219.51219512195
9424951.958833305,31853676.86485024,36731.707317073175,8.204634642717682,9424658.085673112,31853251.616455425,36243.90243902439,9425000.183331182,31854191.52204622,36243.90243902439,9425245.831993502,31854102.113245048,37219.51219512195,9424903.734335432,31853162.207654253,37219.51219512195
9425294.056491377,31854616.77044103,36731.707317073175,8.683426811898167,9425000.183331182,31854191.52204622,36243.90243902439,9425342.280989252,31855131.42763701,36243.90243902439,9425587.92965157,31855042.01883584,37219.51219512195,9425245.831993502,31854102.113245048,37219.51219512195
9425636.154149447,31855556.676031817,36731.707317073175,8.243065774163203,9425342.280989252,31855131.42763701,36243.90243902439,9425684.37864732,31856071.333227802,36243.90243902439,9425930.02730964,31855981.924426634,37219.51219512195,9425587.92965157,31855042.01883584,37219.51219512195
9425978.251807515,31856496.581622615,36731.707317073175,7.683118410214778,9425684.37864732,31856071.333227802,36243.90243902439,9426026.47630539,31857011.2388186,36243.90243902439,9426272.12496771,31856921.830017425,37219.51219512195,9425930.02730964,31855981.924426634,37219.51219512195
9426320.349465583,31857436.48721341,36731.707317073175,7.789077889318436,9426026.47630539,31857011.2388186,36243.90243902439,9426368.57396346,31857951.144409392,36243.90243902439,9426614.222625777,31857861.73560822,37219.51219512195,9426272.12496771,31856921.830017425,37219.51219512195
9426662.447123654,31858376.3928042,36731.707317073175,8.820543663062482,9426368.57396346,31857951.144409392,36243.90243902439,9426710.671621528,31858891.050000183,36243.90243902439,9426956.320283847,31858801.641199015,37219.51219512195,9426614.222625777,31857861.73560822,37219.51219512195
9427004.54478172,31859316.298394997,36731.707317073175,7.6607093021785095,9426710.671621528,31858891.050000183,36243.90243902439,9427052.769279597,31859830.955590975,36243.90243902439,9427298.417941917,31859741.546789806,37219.51219512195,9426956.320283847,31858801.641199015,37219.51219512195
9427346.642439792,31860256.203985788,36731.707317073175,7.361706356349791,9427052.769279597,31859830.955590975,36243.90243902439,9427394.866937667,31860770.861181773,36243.90243902439,9427640.515599985,31860681.4523806,37219.51219512195,9427298.417941917,31859741.546789806,37219.51219512195
9427688.740097864,31861196.109576583,36731.707317073175,7.093845536736413,9427394.866937667,31860770.861181773,36243.90243902439,9427736.964595737,31861710.766772565,36243.90243902439,9427982.613258054,31861621.357971396,37219.51219512195,9427640.515599985,31860681.4523806,37219.51219512195
9428030.83775593,31862136.015167374,36731.707317073175,7.058064416246373,9427736.964595737,31861710.766772565,36243.90243902439,9428079.062253807,31862650.672363356,36243.90243902439,9428324.710916124,31862561.263562188,37219.51219512195,9427982.613258054,31861621.357971396,37219.51219512195
9428372.935414,31863075.92075817,36731.707317073175,7.2716591265328026,9428079.062253807,31862650.672363356,36243.90243902439,9428421.159911875,31863590.577954154,36243.90243902439,9428666.808574192,31863501.16915298,37219.51219512195,9428324.710916124,31862561.263562188,37219.51219512195
9428715.03307207,31864015.826348964,36731.707317073175,7.10577124515407,9428421.159911875,31863590.577954154,36243.90243902439,9428763.257569944,31864530.483544946,36243.90243902439,9429008.906232262,31864441.074743778,37219.51219512195,9428666.808574192,31863501.16915298,37219.51219512195
9429057.13073014,31864955.731939755,36731.707317073175,6.374525230743182,9428763.257569944,31864530.483544946,36243.90243902439,9429105.355228014,31865470.389135737,36243.90243902439,9429351.003890332,31865380.98033457,37219.51219512195,9429008.906232262,31864441.074743778,37219.51219512195
9429399.228388207,31865895.63753055,36731.707317073175,6.395746620247327,9429105.355228014,31865470.389135737,36243.90243902439,9429447.452886082,31866410.294726532,36243.90243902439,9429693.1015484,31866320.88592536,37219.51219512195,9429351.003890332,31865380.98033457,37219.51219512195
9429741.326046277,31866835.54312134,36731.707317073175,6.185765602730514,9429447.452886082,31866410.294726532,36243.90243902439,9429789.550544152,31867350.200317327,36243.90243902439,9430035.19920647,31867260.79151616,37219.51219512195,9429693.1015484,31866320.88592536,37219.51219512195
9430083.423704345,31867775.448712137,36731.707317073175,5.6608271785902735,9429789.550544152,31867350.200317327,36243.90243902439,9430131.648202222,31868290.10590812,36243.90243902439,9430377.29686454,31868200.697106946,37219.51219512195,9430035.19920647,31867260.79151616,37219.51219512195
9430425.521362416,31868715.354302928,36731.707317073175,5.288902527696477,9430131.648202222,31868290.10590812,36243.90243902439,9430473.74586029,31869230.011498913,36243.90243902439,9430719.394522607,31869140.60269774,37219.51219512195,9430377.29686454,31868200.697106946,37219.51219512195
9430767.619020484,31869655.259893723,36731.707317073175,5.4509537286630385,9430473.74586029,31869230.011498913,36243.90243902439,9430815.84351836,31870169.91708971,36243.90243902439,9431061.492180677,31870080.508288536,37219.51219512195,9430719.394522607,31869140.60269774,37219.51219512195
9431109.716678552,31870595.165484518,36731.707317073175,6.01101772150535,9430815.84351836,31870169.91708971,36243.90243902439,9431157.94117643,31871109.8226805,36243.90243902439,9431403.589838747,31871020.41387933,37219.51219512195,9431061.492180677,31870080.508288536,37219.51219512195
9431451.814336622,31871535.071075313,36731.707317073175,6.434258578450877,9431157.94117643,31871109.8226805,36243.90243902439,9431500.038834497,31872049.728271294,36243.90243902439,9431745.687496815,31871960.319470122,37219.51219512195,9431403.589838747,31871020.41387933,37219.51219512195
9431793.911994694,31872474.976666104,36731.707317073175,6.475062371069822,9431500.038834497,31872049.728271294,36243.90243902439,9431842.136492567,31872989.633862086,36243.90243902439,9432087.785154885,31872900.225060914,37219.51219512195,9431745.687496815,31871960.319470122,37219.51219512195
9432136.00965276,31873414.882256895,36731.707317073175,5.942820431743233,9431842.136492567,31872989.633862086,36243.90243902439,9432184.234150637,31873929.53945288,36243.90243902439,9432429.882812954,31873840.13065171,37219.51219512195,9432087.785154885,31872900.225060914,37219.51219512195
9432478.10731083,31874354.787847694,36731.707317073175,5.785287357003223,9432184.234150637,31873929.53945288,36243.90243902439,9432526.331808705,31874869.445043676,36243.90243902439,9432771.980471022,31874780.0362425,37219.51219512195,9432429.882812954,31873840.13065171,37219.51219512195
9432820.2049689,31875294.69343848,36731.707317073175,6.065213867470833,9432526.331808705,31874869.445043676,36243.90243902439,9432868.429466775,31875809.350634467,36243.90243902439,9433114.078129092,31875719.941833295,37219.51219512195,9432771.980471022,31874780.0362425,37219.51219512195
9433162.30262697,31876234.599029277,36731.707317073175,6.21056939621762,9432868.429466775,31875809.350634467,36243.90243902439,9433210.527124844,31876749.25622526,36243.90243902439,9433456.175787162,31876659.84742409,37219.51219512195,9433114.078129092,31875719.941833295,37219.51219512195
9433504.400285037,31877174.504620075,36731.707317073175,6.433887381291675,9433210.527124844,31876749.25622526,36243.90243902439,9433552.624782912,31877689.161816057,36243.90243902439,9433798.27344523,31877599.75301488,37219.51219512195,9433456.175787162,31876659.84742409,37219.51219512195
9433846.497943107,31878114.410210863,36731.707317073175,6.154559792854238,9433552.624782912,31877689.161816057,36243.90243902439,9433894.722440982,31878629.067406848,36243.90243902439,9434140.3711033,31878539.658605676,37219.51219512195,9433798.27344523,31877599.75301488,37219.51219512195
9434188.595601175,31879054.315801658,36731.707317073175,5.3946211852565185,9433894.722440982,31878629.067406848,36243.90243902439,9434236.820099052,31879568.97299764,36243.90243902439,9434482.46876137,31879479.56419647,37219.51219512195,9434140.3711033,31878539.658605676,37219.51219512195
9434530.693259247,31879994.221392453,36731.707317073175,4.6014892983208275,9434236.820099052,31879568.97299764,36243.90243902439,9434578.91775712,31880508.878588438,36243.90243902439,9434824.56641944,31880419.469787262,37219.51219512195,9434482.46876137,31879479.56419647,37219.51219512195
9434872.790917315,31880934.126983248,36731.707317073175,4.291919401062951,9434578.91775712,31880508.878588438,36243.90243902439,9434921.01541519,31881448.78417923,36243.90243902439,9435166.664077507,31881359.375378054,37219.51219512195,9434824.56641944,31880419.469787262,37219.51219512195
9435214.888575384,31881874.032574035,36731.707317073175,4.100017327135744,9434921.01541519,31881448.78417923,36243.90243902439,9435263.11307326,31882388.68977002,36243.90243902439,9435508.761735579,31882299.280968852,37219.51219512195,9435166.664077507,31881359.375378054,37219.51219512195
9435556.986233452,31882813.938164834,36731.707317073175,4.062493748955343,9435263.11307326,31882388.68977002,36243.90243902439,9435605.210731328,31883328.59536082,36243.90243902439,9435850.859393647,31883239.186559644,37219.51219512195,9435508.761735579,31882299.280968852,37219.51219512195
9435899.083891524,31883753.84375563,36731.707317073175,4.643573069368709,9435605.210731328,31883328.59536082,36243.90243902439,9435947.308389397,31884268.500951607,36243.90243902439,9436192.957051715,31884179.092150435,37219.51219512195,9435850.859393647,31883239.186559644,37219.51219512195
9436241.18154959,31884693.749346416,36731.707317073175,4.607180309145341,9435947.308389397,31884268.500951607,36243.90243902439,9436289.406047467,31885208.4065424,36243.90243902439,9436535.054709787,31885118.997741234,37219.51219512195,9436192.957051715,31884179.092150435,37219.51219512195
9436583.279207662,31885633.654937215,36731.707317073175,4.46190654745305,9436289.406047467,31885208.4065424,36243.90243902439,9436631.503705535,31886148.312133193,36243.90243902439,9436877.152367854,31886058.903332025,37219.51219512195,9436535.054709787,31885118.997741234,37219.51219512195
9436925.37686573,31886573.560528006,36731.707317073175,4.023049037016058,9436631.503705535,31886148.312133193,36243.90243902439,9436973.601363605,31887088.217723988,36243.90243902439,9437219.250025922,31886998.808922816,37219.51219512195,9436877.152367854,31886058.903332025,37219.51219512195
9437267.4745238,31887513.466118798,36731.707317073175,3.896642598643621,9436973.601363605,31887088.217723988,36243.90243902439,9437315.699021675,31888028.123314783,36243.90243902439,9437561.347683994,31887938.71451361,37219.51219512195,9437219.250025922,31886998.808922816,37219.51219512195
9437609.572181867,31888453.371709593,36731.707317073175,3.5632142517468712,9437315.699021675,31888028.123314783,36243.90243902439,9437657.796679743,31888968.028905574,36243.90243902439,9437903.445342062,31888878.620104406,37219.51219512195,9437561.347683994,31887938.71451361,37219.51219512195
9437951.66983994,31889393.277300388,36731.707317073175,2.908578229560391,9437657.796679743,31888968.028905574,36243.90243902439,9437999.894337812,31889907.93449637,36243.90243902439,9438245.543000132,31889818.525695197,37219.51219512195,9437903.445342062,31888878.620104406,37219.51219512195
9438293.767498005,31890333.182891183,36731.707317073175,2.3998858613524487,9437999.894337812,31889907.93449637,36243.90243902439,9438341.991995882,31890847.84008716,36243.90243902439,9438587.640658202,31890758.431285992,37219.51219512195,9438245.543000132,31889818.525695197,37219.51219512195
9438635.865156077,31891273.088481974,36731.707317073175,2.2135260947787496,9438341.991995882,31890847.84008716,36243.90243902439,9438684.08965395,31891787.745677955,36243.90243902439,9438929.73831627,31891698.336876787,37219.51219512195,9438587.640658202,31890758.431285992,37219.51219512195
9438977.962814147,31892212.99407277,36731.707317073175,1.8416891710428454,9438684.08965395,31891787.745677955,36243.90243902439,9439026.187312022,31892727.65126875,36243.90243902439,9439271.83597434,31892638.24246758,37219.51219512195,9438929.73831627,31891698.336876787,37219.51219512195
9439320.060472215,31893152.89966356,36731.707317073175,1.4719757480998057,9439026.187312022,31892727.65126875,36243.90243902439,9439368.28497009,31893667.55685954,36243.90243902439,9439613.93363241,31893578.148058373,37219.51219512195,9439271.83597434,31892638.24246758,37219.51219512195
9439662.158130283,31894092.80525435,36731.707317073175,1.1604068100054972,9439368.28497009,31893667.55685954,36243.90243902439,9439710.382628158,31894607.462450337,36243.90243902439,9439956.031290477,31894518.053649165,37219.51219512195,9439613.93363241,31893578.148058373,37219.51219512195
9440004.255788354,31895032.710845146,36731.707317073175,1.1013415878792125,9439710.382628158,31894607.462450337,36243.90243902439,9440052.48028623,31895547.36804113,36243.90243902439,9440298.128948547,31895457.95923996,37219.51219512195,9439956.031290477,31894518.053649165,37219.51219512195
9440346.353446422,31895972.61643594,36731.707317073175,1.2200304053595084,9440052.48028623,31895547.36804113,36243.90243902439,9440394.577944297,31896487.273631923,36243.90243902439,9440640.226606617,31896397.864830755,37219.51219512195,9440298.128948547,31895457.95923996,37219.51219512195
9440688.451104492,31896912.522026736,36731.707317073175,1.4070839411594251,9440394.577944297,31896487.273631923,36243.90243902439,9440736.675602365,31897427.179222714,36243.90243902439,9440982.324264685,31897337.770421546,37219.51219512195,9440640.226606617,31896397.864830755,37219.51219512195
9441030.54876256,31897852.427617528,36731.707317073175,1.4139321390165505,9440736.675602365,31897427.179222714,36243.90243902439,9441078.773260437,31898367.084813513,36243.90243902439,9441324.421922754,31898277.676012337,37219.51219512195,9440982.324264685,31897337.770421546,37219.51219512195
9441372.64642063,31898792.333208323,36731.707317073175,1.1837224498952679,9441078.773260437,31898367.084813513,36243.90243902439,9441420.870918507,31899306.990404304,36243.90243902439,9441666.519580824,31899217.581603132,37219.51219512195,9441324.421922754,31898277.676012337,37219.51219512195
9441714.7440787,31899732.238799114,36731.707317073175,1.1105608917397483,9441420.870918507,31899306.990404304,36243.90243902439,9441762.968576575,31900246.895995095,36243.90243902439,9442008.617238892,31900157.487193927,37219.51219512195,9441666.519580824,31899217.581603132,37219.51219512195
9442056.84173677,31900672.14438991,36731.707317073175,0.7946494049082949,9441762.968576575,31900246.895995095,36243.90243902439,9442105.066234645,31901186.801585894,36243.90243902439,9442350.714896962,31901097.39278472,37219.51219512195,9442008.617238892,31900157.487193927,37219.51219512195
9442398.93939484,31901612.0499807,36731.707317073175,0.8245497559918257,9442105.066234645,31901186.801585894,36243.90243902439,9442447.163892714,31902126.707176685,36243.90243902439,9442692.812555032,31902037.298375513,37219.51219512195,9442350.714896962,31901097.39278472,37219.51219512195
9442741.037052907,31902551.955571495,36731.707317073175,1.1301156851746168,9442447.163892714,31902126.707176685,36243.90243902439,9442789.261550782,31903066.612767477,36243.90243902439,9443034.9102131,31902977.20396631,37219.51219512195,9442692.812555032,31902037.298375513,37219.51219512195
9443083.134710977,31903491.861162294,36731.707317073175,1.413504901432043,9442789.261550782,31903066.612767477,36243.90243902439,9443131.359208852,31904006.51835827,36243.90243902439,9443377.00787117,31903917.1095571,37219.51219512195,9443034.9102131,31902977.20396631,37219.51219512195
9443425.232369045,31904431.76675308,36731.707317073175,1.4045277842451844,9443131.359208852,31904006.51835827,36243.90243902439,9443473.456866922,31904946.423949067,36243.90243902439,9443719.10552924,31904857.01514789,37219.51219512195,9443377.00787117,31903917.1095571,37219.51219512195
9443767.330027116,31905371.672343876,36731.707317073175,1.2968242777948824,9443473.456866922,31904946.423949067,36243.90243902439,9443815.55452499,31905886.329539858,36243.90243902439,9444061.203187307,31905796.92073869,37219.51219512195,9443719.10552924,31904857.01514789,37219.51219512195
9444109.427685184,31906311.57793467,36731.707317073175,1.4597220907815824,9443815.55452499,31905886.329539858,36243.90243902439,9444157.65218306,31906826.235130653,36243.90243902439,9444403.300845377,31906736.82632948,37219.51219512195,9444061.203187307,31905796.92073869,37219.51219512195
9444451.525343252,31907251.483525462,36731.707317073175,1.71439447377574,9444157.65218306,31906826.235130653,36243.90243902439,9444499.74984113,31907766.140721448,36243.90243902439,9444745.398503447,31907676.731920272,37219.51219512195,9444403.300845377,31906736.82632948,37219.51219512195
9444793.623001322,31908191.389116254,36731.707317073175,1.846908049344405,9444499.74984113,31907766.140721448,36243.90243902439,9444841.847499197,31908706.04631224,36243.90243902439,9445087.496161515,31908616.63751107,37219.51219512195,9444745.398503447,31907676.731920272,37219.51219512195
9445135.720659394,31909131.294707052,36731.707317073175,1.8418071679869634,9444841.847499197,31908706.04631224,36243.90243902439,9445183.945157267,31909645.951903034,36243.90243902439,9445429.593819585,31909556.543101862,37219.51219512195,9445087.496161515,31908616.63751107,37219.51219512195
9445477.81831746,31910071.200297847,36731.707317073175,1.4825829089641351,9445183.945157267,31909645.951903034,36243.90243902439,9445526.042815337,31910585.857493825,36243.90243902439,9445771.691477655,31910496.448692653,37219.51219512195,9445429.593819585,31909556.543101862,37219.51219512195
9445819.91597553,31911011.105888635,36731.707317073175,1.1930844143124868,9445526.042815337,31910585.857493825,36243.90243902439,9445868.140473405,31911525.76308462,36243.90243902439,9446113.789135722,31911436.35428345,37219.51219512195,9445771.691477655,31910496.448692653,37219.51219512195
9446162.0136336,31911951.011479434,36731.707317073175,1.0916115028296554,9445868.140473405,31911525.76308462,36243.90243902439,9446210.238131475,31912465.66867541,36243.90243902439,9446455.886793792,31912376.25987424,37219.51219512195,9446113.789135722,31911436.35428345,37219.51219512195
9446504.11129167,31912890.91707022,36731.707317073175,1.1813714772507722,9446210.238131475,31912465.66867541,36243.90243902439,9446552.335789543,31913405.574266206,36243.90243902439,9446797.984451862,31913316.165465035,37219.51219512195,9446455.886793792,31912376.25987424,37219.51219512195
9446846.208949737,31913830.822661016,36731.707317073175,1.4456949743259715,9446552.335789543,31913405.574266206,36243.90243902439,9446894.433447612,31914345.479856998,36243.90243902439,9447140.08210993,31914256.07105583,37219.51219512195,9446797.984451862,31913316.165465035,37219.51219512195
9447188.306607809,31914770.72825181,36731.707317073175,1.5752911665704816,9446894.433447612,31914345.479856998,36243.90243902439,9447236.531105682,31915285.385447793,36243.90243902439,9447482.179768002,31915195.976646625,37219.51219512195,9447140.08210993,31914256.07105583,37219.51219512195
9447530.404265875,31915710.633842606,36731.707317073175,1.7437350684978077,9447236.531105682,31915285.385447793,36243.90243902439,9447578.62876375,31916225.291038588,36243.90243902439,9447824.27742607,31916135.882237416,37219.51219512195,9447482.179768002,31915195.976646625,37219.51219512195
9447872.501923947,31916650.5394334,36731.707317073175,1.7695099238578211,9447578.62876375,31916225.291038588,36243.90243902439,9447920.72642182,31917165.19662938,36243.90243902439,9448166.375084138,31917075.78782821,37219.51219512195,9447824.27742607,31916135.882237416,37219.51219512195
9448214.599582015,31917590.445024192,36731.707317073175,1.707012661535309,9447920.72642182,31917165.19662938,36243.90243902439,9448262.82407989,31918105.102220174,36243.90243902439,9448508.47274221,31918015.693419002,37219.51219512195,9448166.375084138,31917075.78782821,37219.51219512195
9448556.697240083,31918530.350614987,36731.707317073175,1.539632804426342,9448262.82407989,31918105.102220174,36243.90243902439,9448604.921737958,31919045.00781097,36243.90243902439,9448850.570400277,31918955.599009793,37219.51219512195,9448508.47274221,31918015.693419002,37219.51219512195
9448898.794898152,31919470.256205775,36731.707317073175,1.7053575106446954,9448604.921737958,31919045.00781097,36243.90243902439,9448947.019396028,31919984.91340176,36243.90243902439,9449192.668058347,31919895.504600592,37219.51219512195,9448850.570400277,31918955.599009793,37219.51219512195
9449240.892556224,31920410.16179657,36731.707317073175,1.8319926146015593,9448947.019396028,31919984.91340176,36243.90243902439,9449289.117054097,31920924.81899255,36243.90243902439,9449534.765716417,31920835.410191383,37219.51219512195,9449192.668058347,31919895.504600592,37219.51219512195
9449582.99021429,31921350.067387365,36731.707317073175,2.037863865548958,9449289.117054097,31920924.81899255,36243.90243902439,9449631.214712165,31921864.724583346,36243.90243902439,9449876.863374485,31921775.315782174,37219.51219512195,9449534.765716417,31920835.410191383,37219.51219512195
9449925.087872362,31922289.97297816,36731.707317073175,1.939779673123668,9449631.214712165,31921864.724583346,36243.90243902439,9449973.312370235,31922804.63017414,36243.90243902439,9450218.961032555,31922715.22137297,37219.51219512195,9449876.863374485,31921775.315782174,37219.51219512195
9450267.18553043,31923229.878568955,36731.707317073175,1.961351372971275,9449973.312370235,31922804.63017414,36243.90243902439,9450315.410028305,31923744.535764933,36243.90243902439,9450561.058690624,31923655.126963764,37219.51219512195,9450218.961032555,31922715.22137297,37219.51219512195
9409461.11522444,31810351.798872564,37707.31707317073,7.629876928837978,9409167.242064249,31809926.550477754,37219.51219512195,9409509.339722317,31810866.456068546,37219.51219512195,9409754.98838463,31810777.047267377,38195.12195121951,9409412.890726563,31809837.141676582,38195.12195121951
9409803.21288251,31811291.70446336,37707.31707317073,8.386189198925301,9409509.339722317,31810866.456068546,37219.51219512195,9409851.437380387,31811806.36165934,37219.51219512195,9410097.0860427,31811716.95285817,38195.12195121951,9409754.98838463,31810777.047267377,38195.12195121951
9410145.310540577,31812231.61005415,37707.31707317073,8.857588459532405,9409851.437380387,31811806.36165934,37219.51219512195,9410193.535038456,31812746.267250136,37219.51219512195,9410439.18370077,31812656.858448964,38195.12195121951,9410097.0860427,31811716.95285817,38195.12195121951
9410487.408198647,31813171.515644945,37707.31707317073,9.028800010796859,9410193.535038456,31812746.267250136,37219.51219512195,9410535.632696524,31813686.172840927,37219.51219512195,9410781.281358838,31813596.76403976,38195.12195121951,9410439.18370077,31812656.858448964,38195.12195121951
9410829.505856717,31814111.421235744,37707.31707317073,9.41448159266884,9410535.632696524,31813686.172840927,37219.51219512195,9410877.730354594,31814626.07843172,37219.51219512195,9411123.379016908,31814536.66963055,38195.12195121951,9410781.281358838,31813596.76403976,38195.12195121951
9411171.603514785,31815051.32682653,37707.31707317073,10.906637793844995,9410877.730354594,31814626.07843172,37219.51219512195,9411219.828012664,31815565.984022513,37219.51219512195,9411465.476674978,31815476.57522134,38195.12195121951,9411123.379016908,31814536.66963055,38195.12195121951
9411513.701172855,31815991.232417326,37707.31707317073,10.90603245615927,9411219.828012664,31815565.984022513,37219.51219512195,9411561.925670732,31816505.889613308,37219.51219512195,9411807.574333046,31816416.48081214,38195.12195121951,9411465.476674978,31815476.57522134,38195.12195121951
9411855.798830925,31816931.13800812,37707.31707317073,8.976863956537832,9411561.925670732,31816505.889613308,37219.51219512195,9411904.023328802,31817445.795204103,37219.51219512195,9412149.671991115,31817356.38640293,38195.12195121951,9411807.574333046,31816416.48081214,38195.12195121951
9412197.896488992,31817871.043598913,37707.31707317073,8.671679961557814,9411904.023328802,31817445.795204103,37219.51219512195,9412246.120986871,31818385.700794894,37219.51219512195,9412491.769649185,31818296.291993722,38195.12195121951,9412149.671991115,31817356.38640293,38195.12195121951
9412539.994147062,31818810.949189704,37707.31707317073,9.699385367822435,9412246.120986871,31818385.700794894,37219.51219512195,9412588.21864494,31819325.60638569,37219.51219512195,9412833.867307253,31819236.19758452,38195.12195121951,9412491.769649185,31818296.291993722,38195.12195121951
9412882.091805132,31819750.854780503,37707.31707317073,9.715898388881017,9412588.21864494,31819325.60638569,37219.51219512195,9412930.31630301,31820265.51197648,37219.51219512195,9413175.964965323,31820176.103175312,38195.12195121951,9412833.867307253,31819236.19758452,38195.12195121951
9413224.1894632,31820690.760371298,37707.31707317073,10.285184282335072,9412930.31630301,31820265.51197648,37219.51219512195,9413272.413961079,31821205.417567275,37219.51219512195,9413518.062623393,31821116.008766104,38195.12195121951,9413175.964965323,31820176.103175312,38195.12195121951
9413566.28712127,31821630.665962085,37707.31707317073,11.711375366346864,9413272.413961079,31821205.417567275,37219.51219512195,9413614.511619147,31822145.323158067,37219.51219512195,9413860.16028146,31822055.9143569,38195.12195121951,9413518.062623393,31821116.008766104,38195.12195121951
9413908.38477934,31822570.571552884,37707.31707317073,11.847667566234415,9413614.511619147,31822145.323158067,37219.51219512195,9413956.609277217,31823085.22874886,37219.51219512195,9414202.25793953,31822995.819947693,38195.12195121951,9413860.16028146,31822055.9143569,38195.12195121951
9414250.482437408,31823510.477143675,37707.31707317073,11.866307106613343,9413956.609277217,31823085.22874886,37219.51219512195,9414298.706935287,31824025.134339657,37219.51219512195,9414544.355597602,31823935.725538485,38195.12195121951,9414202.25793953,31822995.819947693,38195.12195121951
9414592.580095477,31824450.382734466,37707.31707317073,12.063319843112298,9414298.706935287,31824025.134339657,37219.51219512195,9414640.804593354,31824965.039930448,37219.51219512195,9414886.453255668,31824875.63112928,38195.12195121951,9414544.355597602,31823935.725538485,38195.12195121951
9414934.677753547,31825390.288325258,37707.31707317073,11.848054357389536,9414640.804593354,31824965.039930448,37219.51219512195,9414982.902251424,31825904.94552124,37219.51219512195,9415228.55091374,31825815.53672007,38195.12195121951,9414886.453255668,31824875.63112928,38195.12195121951
9415276.775411617,31826330.193916056,37707.31707317073,13.199189553224947,9414982.902251424,31825904.94552124,37219.51219512195,9415324.999909494,31826844.851112038,37219.51219512195,9415570.64857181,31826755.442310866,38195.12195121951,9415228.55091374,31825815.53672007,38195.12195121951
9415618.873069687,31827270.09950685,37707.31707317073,14.288578853608994,9415324.999909494,31826844.851112038,37219.51219512195,9415667.097567562,31827784.75670283,37219.51219512195,9415912.746229876,31827695.34790166,38195.12195121951,9415570.64857181,31826755.442310866,38195.12195121951
9415960.970727755,31828210.00509764,37707.31707317073,16.93225821813988,9415667.097567562,31827784.75670283,37219.51219512195,9416009.195225632,31828724.66229362,37219.51219512195,9416254.843887947,31828635.253492452,38195.12195121951,9415912.746229876,31827695.34790166,38195.12195121951
9416303.068385825,31829149.910688438,37707.31707317073,18.44172882232318,9416009.195225632,31828724.66229362,37219.51219512195,9416351.292883702,31829664.56788442,37219.51219512195,9416596.941546017,31829575.159083247,38195.12195121951,9416254.843887947,31828635.253492452,38195.12195121951
9416645.166043893,31830089.81627923,37707.31707317073,18.57939231063645,9416351.292883702,31829664.56788442,37219.51219512195,9416693.39054177,31830604.47347521,37219.51219512195,9416939.039204083,31830515.064674042,38195.12195121951,9416596.941546017,31829575.159083247,38195.12195121951
9416987.263701962,31831029.72187002,37707.31707317073,19.270554358984864,9416693.39054177,31830604.47347521,37219.51219512195,9417035.48819984,31831544.379066,37219.51219512195,9417281.136862155,31831454.970264833,38195.12195121951,9416939.039204083,31830515.064674042,38195.12195121951
9417329.36136003,31831969.627460815,37707.31707317073,18.810680432238648,9417035.48819984,31831544.379066,37219.51219512195,9417377.58585791,31832484.284656797,37219.51219512195,9417623.234520225,31832394.875855625,38195.12195121951,9417281.136862155,31831454.970264833,38195.12195121951
9417671.459018102,31832909.53305161,37707.31707317073,18.282114263223438,9417377.58585791,31832484.284656797,37219.51219512195,9417719.683515977,31833424.19024759,37219.51219512195,9417965.332178293,31833334.78144642,38195.12195121951,9417623.234520225,31832394.875855625,38195.12195121951
9418013.556676172,31833849.438642405,37707.31707317073,16.111663791146356,9417719.683515977,31833424.19024759,37219.51219512195,9418061.781174047,31834364.095838383,37219.51219512195,9418307.429836363,31834274.687037215,38195.12195121951,9417965.332178293,31833334.78144642,38195.12195121951
9418355.65433424,31834789.344233196,37707.31707317073,13.042320970566607,9418061.781174047,31834364.095838383,37219.51219512195,9418403.878832117,31835304.001429178,37219.51219512195,9418649.527494432,31835214.592628006,38195.12195121951,9418307.429836363,31834274.687037215,38195.12195121951
9418697.751992308,31835729.24982399,37707.31707317073,11.745314824877514,9418403.878832117,31835304.001429178,37219.51219512195,9418745.976490185,31836243.907019973,37219.51219512195,9418991.6251525,31836154.4982188,38195.12195121951,9418649.527494432,31835214.592628006,38195.12195121951
9419039.84965038,31836669.155414782,37707.31707317073,12.521016112553317,9418745.976490185,31836243.907019973,37219.51219512195,9419088.074148254,31837183.812610764,37219.51219512195,9419333.72281057,31837094.403809596,38195.12195121951,9418991.6251525,31836154.4982188,38195.12195121951
9419381.947308447,31837609.061005577,37707.31707317073,13.801989129473894,9419088.074148254,31837183.812610764,37219.51219512195,9419430.171806324,31838123.71820156,37219.51219512195,9419675.82046864,31838034.309400387,38195.12195121951,9419333.72281057,31837094.403809596,38195.12195121951
9419724.044966517,31838548.96659637,37707.31707317073,14.2391045439862,9419430.171806324,31838123.71820156,37219.51219512195,9419772.269464392,31839063.62379235,37219.51219512195,9420017.918126708,31838974.21499118,38195.12195121951,9419675.82046864,31838034.309400387,38195.12195121951
9420066.142624585,31839488.87218716,37707.31707317073,13.262527463698346,9419772.269464392,31839063.62379235,37219.51219512195,9420114.367122462,31840003.52938314,37219.51219512195,9420360.015784778,31839914.120581973,38195.12195121951,9420017.918126708,31838974.21499118,38195.12195121951
9420408.240282655,31840428.777777955,37707.31707317073,12.199270124383434,9420114.367122462,31840003.52938314,37219.51219512195,9420456.464780532,31840943.43497394,37219.51219512195,9420702.113442848,31840854.02617277,38195.12195121951,9420360.015784778,31839914.120581973,38195.12195121951
9420750.337940725,31841368.68336875,37707.31707317073,11.390718507890183,9420456.464780532,31840943.43497394,37219.51219512195,9420798.562438602,31841883.34056473,37219.51219512195,9421044.211100915,31841793.93176356,38195.12195121951,9420702.113442848,31840854.02617277,38195.12195121951
9421092.435598794,31842308.588959545,37707.31707317073,11.556638554121946,9420798.562438602,31841883.34056473,37219.51219512195,9421140.660096671,31842823.246155526,37219.51219512195,9421386.308758985,31842733.83735436,38195.12195121951,9421044.211100915,31841793.93176356,38195.12195121951
9421434.533256862,31843248.494550336,37707.31707317073,11.540588574823374,9421140.660096671,31842823.246155526,37219.51219512195,9421482.75775474,31843763.151746318,37219.51219512195,9421728.406417055,31843673.74294515,38195.12195121951,9421386.308758985,31842733.83735436,38195.12195121951
9421776.630914932,31844188.40014113,37707.31707317073,10.908521330645172,9421482.75775474,31843763.151746318,37219.51219512195,9421824.85541281,31844703.057337113,37219.51219512195,9422070.504075123,31844613.64853594,38195.12195121951,9421728.406417055,31843673.74294515,38195.12195121951
9422118.728573002,31845128.305731922,37707.31707317073,10.791652769852949,9421824.85541281,31844703.057337113,37219.51219512195,9422166.953070879,31845642.962927904,37219.51219512195,9422412.601733193,31845553.554126736,38195.12195121951,9422070.504075123,31844613.64853594,38195.12195121951
9422460.82623107,31846068.211322717,37707.31707317073,9.755537444137547,9422166.953070879,31845642.962927904,37219.51219512195,9422509.050728947,31846582.868518695,37219.51219512195,9422754.699391263,31846493.459717527,38195.12195121951,9422412.601733193,31845553.554126736,38195.12195121951
9422802.92388914,31847008.11691351,37707.31707317073,8.971886734226002,9422509.050728947,31846582.868518695,37219.51219512195,9422851.148387017,31847522.774109494,37219.51219512195,9423096.79704933,31847433.365308322,38195.12195121951,9422754.699391263,31846493.459717527,38195.12195121951
9423145.02154721,31847948.022504304,37707.31707317073,7.947592819107154,9422851.148387017,31847522.774109494,37219.51219512195,9423193.246045087,31848462.679700285,37219.51219512195,9423438.8947074,31848373.270899117,38195.12195121951,9423096.79704933,31847433.365308322,38195.12195121951
9423487.119205277,31848887.928095095,37707.31707317073,7.154758738199626,9423193.246045087,31848462.679700285,37219.51219512195,9423535.343703154,31849402.585291076,37219.51219512195,9423780.99236547,31849313.17648991,38195.12195121951,9423438.8947074,31848373.270899117,38195.12195121951
9423829.216863347,31849827.83368589,37707.31707317073,6.623603181980902,9423535.343703154,31849402.585291076,37219.51219512195,9423877.441361224,31850342.49088187,37219.51219512195,9424123.090023538,31850253.0820807,38195.12195121951,9423780.99236547,31849313.17648991,38195.12195121951
9424171.314521417,31850767.739276685,37707.31707317073,6.964876708870978,9423877.441361224,31850342.49088187,37219.51219512195,9424219.539019294,31851282.396472666,37219.51219512195,9424465.187681608,31851192.9876715,38195.12195121951,9424123.090023538,31850253.0820807,38195.12195121951
9424513.412179485,31851707.64486748,37707.31707317073,7.697339168755909,9424219.539019294,31851282.396472666,37219.51219512195,9424561.636677362,31852222.302063458,37219.51219512195,9424807.285339678,31852132.89326229,38195.12195121951,9424465.187681608,31851192.9876715,38195.12195121951
9424855.509837555,31852647.55045827,37707.31707317073,7.81982002614436,9424561.636677362,31852222.302063458,37219.51219512195,9424903.734335432,31853162.207654253,37219.51219512195,9425149.382997746,31853072.79885308,38195.12195121951,9424807.285339678,31852132.89326229,38195.12195121951
9425197.607495625,31853587.456049062,37707.31707317073,8.600580966464815,9424903.734335432,31853162.207654253,37219.51219512195,9425245.831993502,31854102.113245048,37219.51219512195,9425491.480655815,31854012.70444388,38195.12195121951,9425149.382997746,31853072.79885308,38195.12195121951
9425539.705153693,31854527.361639857,37707.31707317073,8.575841631285094,9425245.831993502,31854102.113245048,37219.51219512195,9425587.92965157,31855042.01883584,37219.51219512195,9425833.578313885,31854952.61003467,38195.12195121951,9425491.480655815,31854012.70444388,38195.12195121951
9425881.802811762,31855467.26723065,37707.31707317073,8.745987508395421,9425587.92965157,31855042.01883584,37219.51219512195,9425930.02730964,31855981.924426634,37219.51219512195,9426175.675971953,31855892.515625462,38195.12195121951,9425833.578313885,31854952.61003467,38195.12195121951
9426223.900469832,31856407.172821444,37707.31707317073,7.950057412922835,9425930.02730964,31855981.924426634,37219.51219512195,9426272.12496771,31856921.830017425,37219.51219512195,9426517.773630023,31856832.421216257,38195.12195121951,9426175.675971953,31855892.515625462,38195.12195121951
9426565.9981279,31857347.07841224,37707.31707317073,7.842258677069711,9426272.12496771,31856921.830017425,37219.51219512195,9426614.222625777,31857861.73560822,37219.51219512195,9426859.871288093,31857772.326807052,38195.12195121951,9426517.773630023,31856832.421216257,38195.12195121951
9426908.09578597,31858286.984003033,37707.31707317073,8.145593920944155,9426614.222625777,31857861.73560822,37219.51219512195,9426956.320283847,31858801.641199015,37219.51219512195,9427201.96894616,31858712.232397843,38195.12195121951,9426859.871288093,31857772.326807052,38195.12195121951
9427250.19344404,31859226.889593825,37707.31707317073,7.427226298463408,9426956.320283847,31858801.641199015,37219.51219512195,9427298.417941917,31859741.546789806,37219.51219512195,9427544.06660423,31859652.137988634,38195.12195121951,9427201.96894616,31858712.232397843,38195.12195121951
9427592.291102108,31860166.795184616,37707.31707317073,7.552070414393373,9427298.417941917,31859741.546789806,37219.51219512195,9427640.515599985,31860681.4523806,37219.51219512195,9427886.1642623,31860592.043579433,38195.12195121951,9427544.06660423,31859652.137988634,38195.12195121951
9427934.388760177,31861106.700775415,37707.31707317073,8.23744680735071,9427640.515599985,31860681.4523806,37219.51219512195,9427982.613258054,31861621.357971396,37219.51219512195,9428228.26192037,31861531.949170224,38195.12195121951,9427886.1642623,31860592.043579433,38195.12195121951
9428276.486418247,31862046.606366202,37707.31707317073,8.373937196838813,9427982.613258054,31861621.357971396,37219.51219512195,9428324.710916124,31862561.263562188,37219.51219512195,9428570.359578438,31862471.854761016,38195.12195121951,9428228.26192037,31861531.949170224,38195.12195121951
9428618.584076315,31862986.511956997,37707.31707317073,8.03121160975037,9428324.710916124,31862561.263562188,37219.51219512195,9428666.808574192,31863501.16915298,37219.51219512195,9428912.45723651,31863411.76035181,38195.12195121951,9428570.359578438,31862471.854761016,38195.12195121951
9428960.681734387,31863926.417547796,37707.31707317073,6.556110778273396,9428666.808574192,31863501.16915298,37219.51219512195,9429008.906232262,31864441.074743778,37219.51219512195,9429254.554894578,31864351.665942606,38195.12195121951,9428912.45723651,31863411.76035181,38195.12195121951
9429302.779392455,31864866.323138587,37707.31707317073,6.295382876569682,9429008.906232262,31864441.074743778,37219.51219512195,9429351.003890332,31865380.98033457,37219.51219512195,9429596.652552646,31865291.571533397,38195.12195121951,9429254.554894578,31864351.665942606,38195.12195121951
9429644.877050523,31865806.22872938,37707.31707317073,6.626433313288405,9429351.003890332,31865380.98033457,37219.51219512195,9429693.1015484,31866320.88592536,37219.51219512195,9429938.750210717,31866231.47712419,38195.12195121951,9429596.652552646,31865291.571533397,38195.12195121951
9429986.974708594,31866746.134320173,37707.31707317073,6.932884089971738,9429693.1015484,31866320.88592536,37219.51219512195,9430035.19920647,31867260.79151616,37219.51219512195,9430280.847868785,31867171.382714987,38195.12195121951,9429938.750210717,31866231.47712419,38195.12195121951
9430329.072366662,31867686.03991097,37707.31707317073,6.543263741566266,9430035.19920647,31867260.79151616,37219.51219512195,9430377.29686454,31868200.697106946,37219.51219512195,9430622.945526853,31868111.288305778,38195.12195121951,9430280.847868785,31867171.382714987,38195.12195121951
9430671.17002473,31868625.945501756,37707.31707317073,6.668413780000254,9430377.29686454,31868200.697106946,37219.51219512195,9430719.394522607,31869140.60269774,37219.51219512195,9430965.043184925,31869051.193896573,38195.12195121951,9430622.945526853,31868111.288305778,38195.12195121951
9431013.267682802,31869565.851092555,37707.31707317073,6.5367803130958295,9430719.394522607,31869140.60269774,37219.51219512195,9431061.492180677,31870080.508288536,37219.51219512195,9431307.140842993,31869991.099487364,38195.12195121951,9430965.043184925,31869051.193896573,38195.12195121951
9431355.36534087,31870505.75668335,37707.31707317073,6.54645424919796,9431061.492180677,31870080.508288536,37219.51219512195,9431403.589838747,31871020.41387933,37219.51219512195,9431649.238501063,31870931.00507816,38195.12195121951,9431307.140842993,31869991.099487364,38195.12195121951
9431697.46299894,31871445.66227414,37707.31707317073,6.72899898906435,9431403.589838747,31871020.41387933,37219.51219512195,9431745.687496815,31871960.319470122,37219.51219512195,9431991.336159132,31871870.910668954,38195.12195121951,9431649.238501063,31870931.00507816,38195.12195121951
9432039.560657008,31872385.567864936,37707.31707317073,7.485500302280988,9431745.687496815,31871960.319470122,37219.51219512195,9432087.785154885,31872900.225060914,37219.51219512195,9432333.4338172,31872810.816259746,38195.12195121951,9431991.336159132,31871870.910668954,38195.12195121951
9432381.658315077,31873325.473455727,37707.31707317073,7.394739834279114,9432087.785154885,31872900.225060914,37219.51219512195,9432429.882812954,31873840.13065171,37219.51219512195,9432675.53147527,31873750.72185054,38195.12195121951,9432333.4338172,31872810.816259746,38195.12195121951
9432723.755973147,31874265.379046522,37707.31707317073,6.419568710693322,9432429.882812954,31873840.13065171,37219.51219512195,9432771.980471022,31874780.0362425,37219.51219512195,9433017.62913334,31874690.62744133,38195.12195121951,9432675.53147527,31873750.72185054,38195.12195121951
9433065.853631217,31875205.284637313,37707.31707317073,6.485750878493332,9432771.980471022,31874780.0362425,37219.51219512195,9433114.078129092,31875719.941833295,37219.51219512195,9433359.726791408,31875630.533032127,38195.12195121951,9433017.62913334,31874690.62744133,38195.12195121951
9433407.951289283,31876145.19022811,37707.31707317073,6.6303800589533575,9433114.078129092,31875719.941833295,37219.51219512195,9433456.175787162,31876659.84742409,37219.51219512195,9433701.824449478,31876570.438622918,38195.12195121951,9433359.726791408,31875630.533032127,38195.12195121951
9433750.048947355,31877085.095818903,37707.31707317073,5.626899064952653,9433456.175787162,31876659.84742409,37219.51219512195,9433798.27344523,31877599.75301488,37219.51219512195,9434043.922107548,31877510.344213713,38195.12195121951,9433701.824449478,31876570.438622918,38195.12195121951
9434092.146605425,31878025.001409695,37707.31707317073,4.930307546757566,9433798.27344523,31877599.75301488,37219.51219512195,9434140.3711033,31878539.658605676,37219.51219512195,9434386.019765615,31878450.249804508,38195.12195121951,9434043.922107548,31877510.344213713,38195.12195121951
9434434.244263493,31878964.90700049,37707.31707317073,4.325008938948532,9434140.3711033,31878539.658605676,37219.51219512195,9434482.46876137,31879479.56419647,37219.51219512195,9434728.117423685,31879390.1553953,38195.12195121951,9434386.019765615,31878450.249804508,38195.12195121951
9434776.341921562,31879904.81259128,37707.31707317073,3.5096281184293883,9434482.46876137,31879479.56419647,37219.51219512195,9434824.56641944,31880419.469787262,37219.51219512195,9435070.215081755,31880330.060986094,38195.12195121951,9434728.117423685,31879390.1553953,38195.12195121951
9435118.439579632,31880844.718182072,37707.31707317073,3.3518631493077544,9434824.56641944,31880419.469787262,37219.51219512195,9435166.664077507,31881359.375378054,37219.51219512195,9435412.312739823,31881269.966576885,38195.12195121951,9435070.215081755,31880330.060986094,38195.12195121951
9435460.5372377,31881784.623772867,37707.31707317073,3.575380085049418,9435166.664077507,31881359.375378054,37219.51219512195,9435508.761735579,31882299.280968852,37219.51219512195,9435754.410397893,31882209.87216768,38195.12195121951,9435412.312739823,31881269.966576885,38195.12195121951
9435802.63489577,31882724.529363662,37707.31707317073,3.3425321958462795,9435508.761735579,31882299.280968852,37219.51219512195,9435850.859393647,31883239.186559644,37219.51219512195,9436096.508055963,31883149.777758475,38195.12195121951,9435754.410397893,31882209.87216768,38195.12195121951
9436144.73255384,31883664.434954457,37707.31707317073,3.3151190201831695,9435850.859393647,31883239.186559644,37219.51219512195,9436192.957051715,31884179.092150435,37219.51219512195,9436438.60571403,31884089.683349267,38195.12195121951,9436096.508055963,31883149.777758475,38195.12195121951
9436486.830211908,31884604.34054525,37707.31707317073,3.6139482705505617,9436192.957051715,31884179.092150435,37219.51219512195,9436535.054709787,31885118.997741234,37219.51219512195,9436780.7033721,31885029.58894006,38195.12195121951,9436438.60571403,31884089.683349267,38195.12195121951
9436828.927869977,31885544.246136043,37707.31707317073,3.620874067776432,9436535.054709787,31885118.997741234,37219.51219512195,9436877.152367854,31886058.903332025,37219.51219512195,9437122.80103017,31885969.494530853,38195.12195121951,9436780.7033721,31885029.58894006,38195.12195121951
9437171.025528047,31886484.151726834,37707.31707317073,3.3923594337500425,9436877.152367854,31886058.903332025,37219.51219512195,9437219.250025922,31886998.808922816,37219.51219512195,9437464.898688238,31886909.400121648,38195.12195121951,9437122.80103017,31885969.494530853,38195.12195121951
9437513.123186115,31887424.05731763,37707.31707317073,3.276429882441876,9437219.250025922,31886998.808922816,37219.51219512195,9437561.347683994,31887938.71451361,37219.51219512195,9437806.996346308,31887849.30571244,38195.12195121951,9437464.898688238,31886909.400121648,38195.12195121951
9437855.220844185,31888363.96290842,37707.31707317073,2.850735063785147,9437561.347683994,31887938.71451361,37219.51219512195,9437903.445342062,31888878.620104406,37219.51219512195,9438149.094004378,31888789.211303234,38195.12195121951,9437806.996346308,31887849.30571244,38195.12195121951
9438197.318502255,31889303.868499216,37707.31707317073,2.3239545746375665,9437903.445342062,31888878.620104406,37219.51219512195,9438245.543000132,31889818.525695197,37219.51219512195,9438491.191662446,31889729.11689403,38195.12195121951,9438149.094004378,31888789.211303234,38195.12195121951
9438539.416160323,31890243.774090014,37707.31707317073,1.9046229111312336,9438245.543000132,31889818.525695197,37219.51219512195,9438587.640658202,31890758.431285992,37219.51219512195,9438833.289320515,31890669.02248482,38195.12195121951,9438491.191662446,31889729.11689403,38195.12195121951
9438881.513818393,31891183.679680802,37707.31707317073,1.7290138096962655,9438587.640658202,31890758.431285992,37219.51219512195,9438929.73831627,31891698.336876787,37219.51219512195,9439175.386978585,31891608.928075615,38195.12195121951,9438833.289320515,31890669.02248482,38195.12195121951
9439223.611476462,31892123.585271597,37707.31707317073,1.5218333646946138,9438929.73831627,31891698.336876787,37219.51219512195,9439271.83597434,31892638.24246758,37219.51219512195,9439517.484636653,31892548.83366641,38195.12195121951,9439175.386978585,31891608.928075615,38195.12195121951
9439565.70913453,31893063.490862392,37707.31707317073,1.2578602376688106,9439271.83597434,31892638.24246758,37219.51219512195,9439613.93363241,31893578.148058373,37219.51219512195,9439859.582294723,31893488.7392572,38195.12195121951,9439517.484636653,31892548.83366641,38195.12195121951
9439907.8067926,31894003.396453183,37707.31707317073,0.9579446088600049,9439613.93363241,31893578.148058373,37219.51219512195,9439956.031290477,31894518.053649165,37219.51219512195,9440201.679952793,31894428.644847993,38195.12195121951,9439859.582294723,31893488.7392572,38195.12195121951
9440249.90445067,31894943.302043974,37707.31707317073,0.8252220134005118,9439956.031290477,31894518.053649165,37219.51219512195,9440298.128948547,31895457.95923996,37219.51219512195,9440543.77761086,31895368.55043879,38195.12195121951,9440201.679952793,31894428.644847993,38195.12195121951
9440592.002108738,31895883.207634773,37707.31707317073,0.6187709631341992,9440298.128948547,31895457.95923996,37219.51219512195,9440640.226606617,31896397.864830755,37219.51219512195,9440885.87526893,31896308.456029583,38195.12195121951,9440543.77761086,31895368.55043879,38195.12195121951
9440934.099766808,31896823.113225568,37707.31707317073,1.011013470311367,9440640.226606617,31896397.864830755,37219.51219512195,9440982.324264685,31897337.770421546,37219.51219512195,9441227.972926999,31897248.361620374,38195.12195121951,9440885.87526893,31896308.456029583,38195.12195121951
9441276.197424877,31897763.018816356,37707.31707317073,1.0155862473734563,9440982.324264685,31897337.770421546,37219.51219512195,9441324.421922754,31898277.676012337,37219.51219512195,9441570.070585068,31898188.267211173,38195.12195121951,9441227.972926999,31897248.361620374,38195.12195121951
9441618.295082945,31898702.924407154,37707.31707317073,1.102399439951214,9441324.421922754,31898277.676012337,37219.51219512195,9441666.519580824,31899217.581603132,37219.51219512195,9441912.16824314,31899128.172801964,38195.12195121951,9441570.070585068,31898188.267211173,38195.12195121951
9441960.392741015,31899642.829997946,37707.31707317073,1.2156391365340093,9441666.519580824,31899217.581603132,37219.51219512195,9442008.617238892,31900157.487193927,37219.51219512195,9442254.265901206,31900068.078392755,38195.12195121951,9441912.16824314,31899128.172801964,38195.12195121951
9442302.490399085,31900582.735588737,37707.31707317073,1.320422370724,9442008.617238892,31900157.487193927,37219.51219512195,9442350.714896962,31901097.39278472,37219.51219512195,9442596.363559278,31901007.98398355,38195.12195121951,9442254.265901206,31900068.078392755,38195.12195121951
9442644.588057153,31901522.64117953,37707.31707317073,1.1187124773126138,9442350.714896962,31901097.39278472,37219.51219512195,9442692.812555032,31902037.298375513,37219.51219512195,9442938.461217348,31901947.889574345,38195.12195121951,9442596.363559278,31901007.98398355,38195.12195121951
9442986.685715223,31902462.546770327,37707.31707317073,0.7150509044574584,9442692.812555032,31902037.298375513,37219.51219512195,9443034.9102131,31902977.20396631,37219.51219512195,9443280.558875414,31902887.795165136,38195.12195121951,9442938.461217348,31901947.889574345,38195.12195121951
9443328.783373293,31903402.45236112,37707.31707317073,0.5029864469840996,9443034.9102131,31902977.20396631,37219.51219512195,9443377.00787117,31903917.1095571,37219.51219512195,9443622.656533485,31903827.70075593,38195.12195121951,9443280.558875414,31902887.795165136,38195.12195121951
9443670.881031362,31904342.357951913,37707.31707317073,0.5382692130471427,9443377.00787117,31903917.1095571,37219.51219512195,9443719.10552924,31904857.01514789,37219.51219512195,9443964.754191555,31904767.606346723,38195.12195121951,9443622.656533485,31903827.70075593,38195.12195121951
9444012.97868943,31905282.263542708,37707.31707317073,0.6520136939622457,9443719.10552924,31904857.01514789,37219.51219512195,9444061.203187307,31905796.92073869,37219.51219512195,9444306.851849623,31905707.511937518,38195.12195121951,9443964.754191555,31904767.606346723,38195.12195121951
9444355.076347502,31906222.1691335,37707.31707317073,1.09535638073514,9444061.203187307,31905796.92073869,37219.51219512195,9444403.300845377,31906736.82632948,37219.51219512195,9444648.949507693,31906647.417528313,38195.12195121951,9444306.851849623,31905707.511937518,38195.12195121951
9444697.17400557,31907162.07472429,37707.31707317073,1.3600668879510536,9444403.300845377,31906736.82632948,37219.51219512195,9444745.398503447,31907676.731920272,37219.51219512195,9444991.047165763,31907587.323119104,38195.12195121951,9444648.949507693,31906647.417528313,38195.12195121951
9445039.27166364,31908101.980315086,37707.31707317073,1.620430202649455,9444745.398503447,31907676.731920272,37219.51219512195,9445087.496161515,31908616.63751107,37219.51219512195,9445333.14482383,31908527.2287099,38195.12195121951,9444991.047165763,31907587.323119104,38195.12195121951
9445381.369321708,31909041.88590588,37707.31707317073,1.4797914342619864,9445087.496161515,31908616.63751107,37219.51219512195,9445429.593819585,31909556.543101862,37219.51219512195,9445675.2424819,31909467.134300694,38195.12195121951,9445333.14482383,31908527.2287099,38195.12195121951
9445723.466979777,31909981.791496675,37707.31707317073,1.147741560828875,9445429.593819585,31909556.543101862,37219.51219512195,9445771.691477655,31910496.448692653,37219.51219512195,9446017.34013997,31910407.039891485,38195.12195121951,9445675.2424819,31909467.134300694,38195.12195121951
9446065.564637847,31910921.697087467,37707.31707317073,0.8234979700467966,9445771.691477655,31910496.448692653,37219.51219512195,9446113.789135722,31911436.35428345,37219.51219512195,9446359.437798038,31911346.945482276,38195.12195121951,9446017.34013997,31910407.039891485,38195.12195121951
9446407.662295917,31911861.602678254,37707.31707317073,0.9113287715443452,9446113.789135722,31911436.35428345,37219.51219512195,9446455.886793792,31912376.25987424,37219.51219512195,9446701.535456108,31912286.85107307,38195.12195121951,9446359.437798038,31911346.945482276,38195.12195121951
9446749.759953983,31912801.50826905,37707.31707317073,0.7785836502763427,9446455.886793792,31912376.25987424,37219.51219512195,9446797.984451862,31913316.165465035,37219.51219512195,9447043.633114178,31913226.756663866,38195.12195121951,9446701.535456108,31912286.85107307,38195.12195121951
9447091.857612055,31913741.413859848,37707.31707317073,0.7699298075040455,9446797.984451862,31913316.165465035,37219.51219512195,9447140.08210993,31914256.07105583,37219.51219512195,9447385.730772246,31914166.662254658,38195.12195121951,9447043.633114178,31913226.756663866,38195.12195121951
9447433.955270125,31914681.31945064,37707.31707317073,0.7993180402546566,9447140.08210993,31914256.07105583,37219.51219512195,9447482.179768002,31915195.976646625,37219.51219512195,9447727.828430315,31915106.567845453,38195.12195121951,9447385.730772246,31914166.662254658,38195.12195121951
9447776.052928193,31915621.225041434,37707.31707317073,0.6891131688834966,9447482.179768002,31915195.976646625,37219.51219512195,9447824.27742607,31916135.882237416,37219.51219512195,9448069.926088385,31916046.473436248,38195.12195121951,9447727.828430315,31915106.567845453,38195.12195121951
9448118.15058626,31916561.130632233,37707.31707317073,0.5235145462671074,9447824.27742607,31916135.882237416,37219.51219512195,9448166.375084138,31917075.78782821,37219.51219512195,9448412.023746453,31916986.37902704,38195.12195121951,9448069.926088385,31916046.473436248,38195.12195121951
9448460.248244332,31917501.03622302,37707.31707317073,0.6802935199982958,9448166.375084138,31917075.78782821,37219.51219512195,9448508.47274221,31918015.693419002,37219.51219512195,9448754.121404523,31917926.28461783,38195.12195121951,9448412.023746453,31916986.37902704,38195.12195121951
9448802.3459024,31918440.941813808,37707.31707317073,0.9111243664584773,9448508.47274221,31918015.693419002,37219.51219512195,9448850.570400277,31918955.599009793,37219.51219512195,9449096.219062593,31918866.190208625,38195.12195121951,9448754.121404523,31917926.28461783,38195.12195121951
9449144.44356047,31919380.847404607,37707.31707317073,0.8780995422412579,9448850.570400277,31918955.599009793,37219.51219512195,9449192.668058347,31919895.504600592,37219.51219512195,9449438.31672066,31919806.09579942,38195.12195121951,9449096.219062593,31918866.190208625,38195.12195121951
9449486.54121854,31920320.7529954,37707.31707317073,0.9998215819813211,9449192.668058347,31919895.504600592,37219.51219512195,9449534.765716417,31920835.410191383,37219.51219512195,9449780.41437873,31920746.00139021,38195.12195121951,9449438.31672066,31919806.09579942,38195.12195121951
9449828.638876608,31921260.658586193,37707.31707317073,1.1177787504785577,9449534.765716417,31920835.410191383,37219.51219512195,9449876.863374485,31921775.315782174,37219.51219512195,9450122.5120368,31921685.906981006,38195.12195121951,9449780.41437873,31920746.00139021,38195.12195121951
9450170.736534677,31922200.564176988,37707.31707317073,1.4304165677091787,9449876.863374485,31921775.315782174,37219.51219512195,9450218.961032555,31922715.22137297,37219.51219512195,9450464.609694868,31922625.812571798,38195.12195121951,9450122.5120368,31921685.906981006,38195.12195121951
9450512.834192747,31923140.46976778,37707.31707317073,1.5445641395189433,9450218.961032555,31922715.22137297,37219.51219512195,9450561.058690624,31923655.126963764,37219.51219512195,9450806.707352938,31923565.718162593,38195.12195121951,9450464.609694868,31922625.812571798,38195.12195121951
9409706.763886755,31810262.390071396,38682.9268292683,5.595975932769939,9409412.890726563,31809837.141676582,38195.12195121951,9409754.98838463,31810777.047267377,38195.12195121951,9410000.637046948,31810687.638466205,39170.73170731707,9409658.539388878,31809747.732875414,39170.73170731707
9410048.861544825,31811202.295662187,38682.9268292683,5.320343823803141,9409754.98838463,31810777.047267377,38195.12195121951,9410097.0860427,31811716.95285817,38195.12195121951,9410342.734705014,31811627.544057,39170.73170731707,9410000.637046948,31810687.638466205,39170.73170731707
9410390.959202893,31812142.201252982,38682.9268292683,5.721439421664364,9410097.0860427,31811716.95285817,38195.12195121951,9410439.18370077,31812656.858448964,38195.12195121951,9410684.832363086,31812567.449647795,39170.73170731707,9410342.734705014,31811627.544057,39170.73170731707
9410733.056860963,31813082.106843777,38682.9268292683,6.566652206086544,9410439.18370077,31812656.858448964,38195.12195121951,9410781.281358838,31813596.76403976,38195.12195121951,9411026.930021156,31813507.355238587,39170.73170731707,9410684.832363086,31812567.449647795,39170.73170731707
9411075.154519033,31814022.012434572,38682.9268292683,7.165683943014541,9410781.281358838,31813596.76403976,38195.12195121951,9411123.379016908,31814536.66963055,38195.12195121951,9411369.027679224,31814447.26082938,39170.73170731707,9411026.930021156,31813507.355238587,39170.73170731707
9411417.2521771,31814961.91802536,38682.9268292683,8.937429071609499,9411123.379016908,31814536.66963055,38195.12195121951,9411465.476674978,31815476.57522134,38195.12195121951,9411711.125337293,31815387.166420173,39170.73170731707,9411369.027679224,31814447.26082938,39170.73170731707
9411759.349835169,31815901.82361616,38682.9268292683,10.60222890118578,9411465.476674978,31815476.57522134,38195.12195121951,9411807.574333046,31816416.48081214,38195.12195121951,9412053.222995363,31816327.072010968,39170.73170731707,9411711.125337293,31815387.166420173,39170.73170731707
9412101.44749324,31816841.72920695,38682.9268292683,10.76946720001957,9411807.574333046,31816416.48081214,38195.12195121951,9412149.671991115,31817356.38640293,38195.12195121951,9412395.320653431,31817266.977601763,39170.73170731707,9412053.222995363,31816327.072010968,39170.73170731707
9412443.545151308,31817781.63479774,38682.9268292683,9.131447354747852,9412149.671991115,31817356.38640293,38195.12195121951,9412491.769649185,31818296.291993722,38195.12195121951,9412737.4183115,31818206.883192554,39170.73170731707,9412395.320653431,31817266.977601763,39170.73170731707
9412785.642809378,31818721.540388536,38682.9268292683,9.075184681094065,9412491.769649185,31818296.291993722,38195.12195121951,9412833.867307253,31819236.19758452,38195.12195121951,9413079.51596957,31819146.78878335,39170.73170731707,9412737.4183115,31818206.883192554,39170.73170731707
9413127.740467446,31819661.44597933,38682.9268292683,9.638690496407527,9412833.867307253,31819236.19758452,38195.12195121951,9413175.964965323,31820176.103175312,38195.12195121951,9413421.613627639,31820086.69437414,39170.73170731707,9413079.51596957,31819146.78878335,39170.73170731707
9413469.838125516,31820601.351570126,38682.9268292683,11.060642610789165,9413175.964965323,31820176.103175312,38195.12195121951,9413518.062623393,31821116.008766104,38195.12195121951,9413763.711285708,31821026.599964935,39170.73170731707,9413421.613627639,31820086.69437414,39170.73170731707
9413811.935783586,31821541.257160917,38682.9268292683,10.605940675613441,9413518.062623393,31821116.008766104,38195.12195121951,9413860.16028146,31822055.9143569,38195.12195121951,9414105.808943778,31821966.505555727,39170.73170731707,9413763.711285708,31821026.599964935,39170.73170731707
9414154.033441655,31822481.162751712,38682.9268292683,9.476176995300438,9413860.16028146,31822055.9143569,38195.12195121951,9414202.25793953,31822995.819947693,38195.12195121951,9414447.906601846,31822906.41114652,39170.73170731707,9414105.808943778,31821966.505555727,39170.73170731707
9414496.131099723,31823421.068342503,38682.9268292683,9.353677612206832,9414202.25793953,31822995.819947693,38195.12195121951,9414544.355597602,31823935.725538485,38195.12195121951,9414790.004259916,31823846.316737317,39170.73170731707,9414447.906601846,31822906.41114652,39170.73170731707
9414838.228757793,31824360.9739333,38682.9268292683,11.013628471720045,9414544.355597602,31823935.725538485,38195.12195121951,9414886.453255668,31824875.63112928,38195.12195121951,9415132.101917986,31824786.222328108,39170.73170731707,9414790.004259916,31823846.316737317,39170.73170731707
9415180.326415863,31825300.87952409,38682.9268292683,11.97744747891781,9414886.453255668,31824875.63112928,38195.12195121951,9415228.55091374,31825815.53672007,38195.12195121951,9415474.199576054,31825726.127918903,39170.73170731707,9415132.101917986,31824786.222328108,39170.73170731707
9415522.42407393,31826240.785114884,38682.9268292683,13.728771800987083,9415228.55091374,31825815.53672007,38195.12195121951,9415570.64857181,31826755.442310866,38195.12195121951,9415816.297234124,31826666.033509698,39170.73170731707,9415474.199576054,31825726.127918903,39170.73170731707
9415864.521732,31827180.690705683,38682.9268292683,13.208247956847867,9415570.64857181,31826755.442310866,38195.12195121951,9415912.746229876,31827695.34790166,38195.12195121951,9416158.394892193,31827605.93910049,39170.73170731707,9415816.297234124,31826666.033509698,39170.73170731707
9416206.61939007,31828120.59629647,38682.9268292683,13.07411528405835,9415912.746229876,31827695.34790166,38195.12195121951,9416254.843887947,31828635.253492452,38195.12195121951,9416500.492550261,31828545.84469128,39170.73170731707,9416158.394892193,31827605.93910049,39170.73170731707
9416548.717048138,31829060.501887266,38682.9268292683,13.356177232349552,9416254.843887947,31828635.253492452,38195.12195121951,9416596.941546017,31829575.159083247,38195.12195121951,9416842.590208331,31829485.75028208,39170.73170731707,9416500.492550261,31828545.84469128,39170.73170731707
9416890.814706208,31830000.40747806,38682.9268292683,13.318064652459144,9416596.941546017,31829575.159083247,38195.12195121951,9416939.039204083,31830515.064674042,38195.12195121951,9417184.6878664,31830425.65587287,39170.73170731707,9416842.590208331,31829485.75028208,39170.73170731707
9417232.912364278,31830940.31306885,38682.9268292683,14.11203497037879,9416939.039204083,31830515.064674042,38195.12195121951,9417281.136862155,31831454.970264833,38195.12195121951,9417526.785524469,31831365.56146366,39170.73170731707,9417184.6878664,31830425.65587287,39170.73170731707
9417575.010022346,31831880.218659643,38682.9268292683,14.52595682483628,9417281.136862155,31831454.970264833,38195.12195121951,9417623.234520225,31832394.875855625,38195.12195121951,9417868.883182539,31832305.467054456,39170.73170731707,9417526.785524469,31831365.56146366,39170.73170731707
9417917.107680416,31832820.12425044,38682.9268292683,15.55640096710888,9417623.234520225,31832394.875855625,38195.12195121951,9417965.332178293,31833334.78144642,38195.12195121951,9418210.980840608,31833245.37264525,39170.73170731707,9417868.883182539,31832305.467054456,39170.73170731707
9418259.205338486,31833760.029841237,38682.9268292683,16.804612466190214,9417965.332178293,31833334.78144642,38195.12195121951,9418307.429836363,31834274.687037215,38195.12195121951,9418553.078498676,31834185.278236043,39170.73170731707,9418210.980840608,31833245.37264525,39170.73170731707
9418601.302996553,31834699.935432024,38682.9268292683,15.56518550020647,9418307.429836363,31834274.687037215,38195.12195121951,9418649.527494432,31835214.592628006,38195.12195121951,9418895.176156746,31835125.183826838,39170.73170731707,9418553.078498676,31834185.278236043,39170.73170731707
9418943.400654623,31835639.841022823,38682.9268292683,14.098431497412612,9418649.527494432,31835214.592628006,38195.12195121951,9418991.6251525,31836154.4982188,38195.12195121951,9419237.273814816,31836065.089417633,39170.73170731707,9418895.176156746,31835125.183826838,39170.73170731707
9419285.498312693,31836579.746613614,38682.9268292683,13.052465688995254,9418991.6251525,31836154.4982188,38195.12195121951,9419333.72281057,31837094.403809596,38195.12195121951,9419579.371472884,31837004.995008424,39170.73170731707,9419237.273814816,31836065.089417633,39170.73170731707
9419627.595970761,31837519.652204406,38682.9268292683,11.434423034921402,9419333.72281057,31837094.403809596,38195.12195121951,9419675.82046864,31838034.309400387,38195.12195121951,9419921.469130954,31837944.90059922,39170.73170731707,9419579.371472884,31837004.995008424,39170.73170731707
9419969.69362883,31838459.557795197,38682.9268292683,10.757702465681982,9419675.82046864,31838034.309400387,38195.12195121951,9420017.918126708,31838974.21499118,38195.12195121951,9420263.566789024,31838884.80619001,39170.73170731707,9419921.469130954,31837944.90059922,39170.73170731707
9420311.7912869,31839399.46338599,38682.9268292683,8.845257553664322,9420017.918126708,31838974.21499118,38195.12195121951,9420360.015784778,31839914.120581973,38195.12195121951,9420605.664447092,31839824.7117808,39170.73170731707,9420263.566789024,31838884.80619001,39170.73170731707
9420653.888944969,31840339.368976783,38682.9268292683,8.361550917265506,9420360.015784778,31839914.120581973,38195.12195121951,9420702.113442848,31840854.02617277,38195.12195121951,9420947.762105161,31840764.6173716,39170.73170731707,9420605.664447092,31839824.7117808,39170.73170731707
9420995.986603038,31841279.274567578,38682.9268292683,8.050049757664548,9420702.113442848,31840854.02617277,38195.12195121951,9421044.211100915,31841793.93176356,38195.12195121951,9421289.859763231,31841704.52296239,39170.73170731707,9420947.762105161,31840764.6173716,39170.73170731707
9421338.084261108,31842219.180158377,38682.9268292683,8.213648701593716,9421044.211100915,31841793.93176356,38195.12195121951,9421386.308758985,31842733.83735436,38195.12195121951,9421631.957421301,31842644.428553186,39170.73170731707,9421289.859763231,31841704.52296239,39170.73170731707
9421680.181919176,31843159.085749168,38682.9268292683,8.01847202558036,9421386.308758985,31842733.83735436,38195.12195121951,9421728.406417055,31843673.74294515,38195.12195121951,9421974.055079369,31843584.33414398,39170.73170731707,9421631.957421301,31842644.428553186,39170.73170731707
9422022.279577246,31844098.99133996,38682.9268292683,7.918596853696732,9421728.406417055,31843673.74294515,38195.12195121951,9422070.504075123,31844613.64853594,38195.12195121951,9422316.152737439,31844524.239734773,39170.73170731707,9421974.055079369,31843584.33414398,39170.73170731707
9422364.377235316,31845038.896930754,38682.9268292683,8.532887549659904,9422070.504075123,31844613.64853594,38195.12195121951,9422412.601733193,31845553.554126736,38195.12195121951,9422658.250395508,31845464.145325564,39170.73170731707,9422316.152737439,31844524.239734773,39170.73170731707
9422706.474893384,31845978.802521545,38682.9268292683,8.499647112405516,9422412.601733193,31845553.554126736,38195.12195121951,9422754.699391263,31846493.459717527,38195.12195121951,9423000.348053576,31846404.050916355,39170.73170731707,9422658.250395508,31845464.145325564,39170.73170731707
9423048.572551453,31846918.708112337,38682.9268292683,7.970608559360067,9422754.699391263,31846493.459717527,38195.12195121951,9423096.79704933,31847433.365308322,38195.12195121951,9423342.445711646,31847343.956507154,39170.73170731707,9423000.348053576,31846404.050916355,39170.73170731707
9423390.670209525,31847858.613703135,38682.9268292683,8.408505669102784,9423096.79704933,31847433.365308322,38195.12195121951,9423438.8947074,31848373.270899117,38195.12195121951,9423684.543369716,31848283.862097945,39170.73170731707,9423342.445711646,31847343.956507154,39170.73170731707
9423732.767867591,31848798.519293923,38682.9268292683,8.95146566651039,9423438.8947074,31848373.270899117,38195.12195121951,9423780.99236547,31849313.17648991,38195.12195121951,9424026.641027784,31849223.767688736,39170.73170731707,9423684.543369716,31848283.862097945,39170.73170731707
9424074.865525661,31849738.424884718,38682.9268292683,8.900344843078319,9423780.99236547,31849313.17648991,38195.12195121951,9424123.090023538,31850253.0820807,38195.12195121951,9424368.738685854,31850163.67327953,39170.73170731707,9424026.641027784,31849223.767688736,39170.73170731707
9424416.963183733,31850678.330475517,38682.9268292683,8.598910359550949,9424123.090023538,31850253.0820807,38195.12195121951,9424465.187681608,31851192.9876715,38195.12195121951,9424710.836343924,31851103.578870326,39170.73170731707,9424368.738685854,31850163.67327953,39170.73170731707
9424759.0608418,31851618.236066308,38682.9268292683,7.761214502493298,9424465.187681608,31851192.9876715,38195.12195121951,9424807.285339678,31852132.89326229,38195.12195121951,9425052.934001993,31852043.484461118,39170.73170731707,9424710.836343924,31851103.578870326,39170.73170731707
9425101.158499869,31852558.1416571,38682.9268292683,6.692978945264094,9424807.285339678,31852132.89326229,38195.12195121951,9425149.382997746,31853072.79885308,38195.12195121951,9425395.031660061,31852983.390051913,39170.73170731707,9425052.934001993,31852043.484461118,39170.73170731707
9425443.25615794,31853498.047247894,38682.9268292683,6.4943857326168315,9425149.382997746,31853072.79885308,38195.12195121951,9425491.480655815,31854012.70444388,38195.12195121951,9425737.129318131,31853923.295642707,39170.73170731707,9425395.031660061,31852983.390051913,39170.73170731707
9425785.353816008,31854437.95283869,38682.9268292683,6.344126199890702,9425491.480655815,31854012.70444388,38195.12195121951,9425833.578313885,31854952.61003467,38195.12195121951,9426079.226976201,31854863.2012335,39170.73170731707,9425737.129318131,31853923.295642707,39170.73170731707
9426127.451474078,31855377.858429477,38682.9268292683,5.848841040947387,9425833.578313885,31854952.61003467,38195.12195121951,9426175.675971953,31855892.515625462,38195.12195121951,9426421.324634269,31855803.106824294,39170.73170731707,9426079.226976201,31854863.2012335,39170.73170731707
9426469.549132146,31856317.764020275,38682.9268292683,5.832068005694527,9426175.675971953,31855892.515625462,38195.12195121951,9426517.773630023,31856832.421216257,38195.12195121951,9426763.422292339,31856743.012415085,39170.73170731707,9426421.324634269,31855803.106824294,39170.73170731707
9426811.646790216,31857257.66961107,38682.9268292683,6.104249604132512,9426517.773630023,31856832.421216257,38195.12195121951,9426859.871288093,31857772.326807052,38195.12195121951,9427105.519950408,31857682.91800588,39170.73170731707,9426763.422292339,31856743.012415085,39170.73170731707
9427153.744448286,31858197.57520186,38682.9268292683,6.855647001611994,9426859.871288093,31857772.326807052,38195.12195121951,9427201.96894616,31858712.232397843,38195.12195121951,9427447.617608476,31858622.823596675,39170.73170731707,9427105.519950408,31857682.91800588,39170.73170731707
9427495.842106355,31859137.480792657,38682.9268292683,7.741058414631932,9427201.96894616,31858712.232397843,38195.12195121951,9427544.06660423,31859652.137988634,38195.12195121951,9427789.715266546,31859562.729187466,39170.73170731707,9427447.617608476,31858622.823596675,39170.73170731707
9427837.939764421,31860077.386383448,38682.9268292683,8.3969748660023,9427544.06660423,31859652.137988634,38195.12195121951,9427886.1642623,31860592.043579433,38195.12195121951,9428131.812924616,31860502.63477826,39170.73170731707,9427789.715266546,31859562.729187466,39170.73170731707
9428180.037422493,31861017.291974243,38682.9268292683,8.21552590343505,9427886.1642623,31860592.043579433,38195.12195121951,9428228.26192037,31861531.949170224,38195.12195121951,9428473.910582684,31861442.540369056,39170.73170731707,9428131.812924616,31860502.63477826,39170.73170731707
9428522.135080563,31861957.197565034,38682.9268292683,7.976963226656488,9428228.26192037,31861531.949170224,38195.12195121951,9428570.359578438,31862471.854761016,38195.12195121951,9428816.008240754,31862382.445959847,39170.73170731707,9428473.910582684,31861442.540369056,39170.73170731707
9428864.23273863,31862897.10315583,38682.9268292683,7.161511057955493,9428570.359578438,31862471.854761016,38195.12195121951,9428912.45723651,31863411.76035181,38195.12195121951,9429158.105898824,31863322.35155064,39170.73170731707,9428816.008240754,31862382.445959847,39170.73170731707
9429206.3303967,31863837.008746624,38682.9268292683,6.23364288086357,9428912.45723651,31863411.76035181,38195.12195121951,9429254.554894578,31864351.665942606,38195.12195121951,9429500.203556892,31864262.257141437,39170.73170731707,9429158.105898824,31863322.35155064,39170.73170731707
9429548.42805477,31864776.91433742,38682.9268292683,5.4778947581450375,9429254.554894578,31864351.665942606,38195.12195121951,9429596.652552646,31865291.571533397,38195.12195121951,9429842.301214961,31865202.16273223,39170.73170731707,9429500.203556892,31864262.257141437,39170.73170731707
9429890.525712838,31865716.81992821,38682.9268292683,5.179431870303118,9429596.652552646,31865291.571533397,38195.12195121951,9429938.750210717,31866231.47712419,38195.12195121951,9430184.398873031,31866142.06832302,39170.73170731707,9429842.301214961,31865202.16273223,39170.73170731707
9430232.623370908,31866656.725519,38682.9268292683,5.184430222580442,9429938.750210717,31866231.47712419,38195.12195121951,9430280.847868785,31867171.382714987,38195.12195121951,9430526.4965311,31867081.97391382,39170.73170731707,9430184.398873031,31866142.06832302,39170.73170731707
9430574.721028978,31867596.631109796,38682.9268292683,5.59028019560909,9430280.847868785,31867171.382714987,38195.12195121951,9430622.945526853,31868111.288305778,38195.12195121951,9430868.594189169,31868021.87950461,39170.73170731707,9430526.4965311,31867081.97391382,39170.73170731707
9430916.818687046,31868536.536700588,38682.9268292683,6.553088391329288,9430622.945526853,31868111.288305778,38195.12195121951,9430965.043184925,31869051.193896573,38195.12195121951,9431210.691847239,31868961.7850954,39170.73170731707,9430868.594189169,31868021.87950461,39170.73170731707
9431258.916345116,31869476.442291383,38682.9268292683,7.1782323797784,9430965.043184925,31869051.193896573,38195.12195121951,9431307.140842993,31869991.099487364,38195.12195121951,9431552.789505307,31869901.690686196,39170.73170731707,9431210.691847239,31868961.7850954,39170.73170731707
9431601.014003186,31870416.347882178,38682.9268292683,7.519748737179658,9431307.140842993,31869991.099487364,38195.12195121951,9431649.238501063,31870931.00507816,38195.12195121951,9431894.887163376,31870841.59627699,39170.73170731707,9431552.789505307,31869901.690686196,39170.73170731707
9431943.111661253,31871356.253472973,38682.9268292683,7.791601094741899,9431649.238501063,31870931.00507816,38195.12195121951,9431991.336159132,31871870.910668954,38195.12195121951,9432236.984821446,31871781.501867782,39170.73170731707,9431894.887163376,31870841.59627699,39170.73170731707
9432285.209319323,31872296.159063764,38682.9268292683,8.219862050398769,9431991.336159132,31871870.910668954,38195.12195121951,9432333.4338172,31872810.816259746,38195.12195121951,9432579.082479514,31872721.407458574,39170.73170731707,9432236.984821446,31871781.501867782,39170.73170731707
9432627.306977393,31873236.064654555,38682.9268292683,8.003049717356873,9432333.4338172,31872810.816259746,38195.12195121951,9432675.53147527,31873750.72185054,38195.12195121951,9432921.180137584,31873661.313049372,39170.73170731707,9432579.082479514,31872721.407458574,39170.73170731707
9432969.404635461,31874175.970245354,38682.9268292683,7.4696938172484195,9432675.53147527,31873750.72185054,38195.12195121951,9433017.62913334,31874690.62744133,38195.12195121951,9433263.277795654,31874601.21864016,39170.73170731707,9432921.180137584,31873661.313049372,39170.73170731707
9433311.50229353,31875115.87583614,38682.9268292683,6.749495159623624,9433017.62913334,31874690.62744133,38195.12195121951,9433359.726791408,31875630.533032127,38195.12195121951,9433605.375453722,31875541.124230955,39170.73170731707,9433263.277795654,31874601.21864016,39170.73170731707
9433653.5999516,31876055.781426936,38682.9268292683,6.22193903583203,9433359.726791408,31875630.533032127,38195.12195121951,9433701.824449478,31876570.438622918,38195.12195121951,9433947.473111792,31876481.02982175,39170.73170731707,9433605.375453722,31875541.124230955,39170.73170731707
9433995.697609669,31876995.687017735,38682.9268292683,6.063968130325439,9433701.824449478,31876570.438622918,38195.12195121951,9434043.922107548,31877510.344213713,38195.12195121951,9434289.570769861,31877420.93541254,39170.73170731707,9433947.473111792,31876481.02982175,39170.73170731707
9434337.795267738,31877935.592608523,38682.9268292683,5.447443795897733,9434043.922107548,31877510.344213713,38195.12195121951,9434386.019765615,31878450.249804508,38195.12195121951,9434631.66842793,31878360.841003336,39170.73170731707,9434289.570769861,31877420.93541254,39170.73170731707
9434679.892925808,31878875.498199318,38682.9268292683,5.11052068452659,9434386.019765615,31878450.249804508,38195.12195121951,9434728.117423685,31879390.1553953,38195.12195121951,9434973.766086,31879300.74659413,39170.73170731707,9434631.66842793,31878360.841003336,39170.73170731707
9435021.990583876,31879815.403790113,38682.9268292683,4.529215241964149,9434728.117423685,31879390.1553953,38195.12195121951,9435070.215081755,31880330.060986094,38195.12195121951,9435315.86374407,31880240.652184922,39170.73170731707,9434973.766086,31879300.74659413,39170.73170731707
9435364.088241948,31880755.309380904,38682.9268292683,4.314708427602549,9435070.215081755,31880330.060986094,38195.12195121951,9435412.312739823,31881269.966576885,38195.12195121951,9435657.961402137,31881180.557775714,39170.73170731707,9435315.86374407,31880240.652184922,39170.73170731707
9435706.185900016,31881695.214971695,38682.9268292683,3.949009674799862,9435412.312739823,31881269.966576885,38195.12195121951,9435754.410397893,31882209.87216768,38195.12195121951,9436000.059060208,31882120.463366512,39170.73170731707,9435657.961402137,31881180.557775714,39170.73170731707
9436048.283558086,31882635.120562494,38682.9268292683,3.2661865178324274,9435754.410397893,31882209.87216768,38195.12195121951,9436096.508055963,31883149.777758475,38195.12195121951,9436342.156718278,31883060.368957303,39170.73170731707,9436000.059060208,31882120.463366512,39170.73170731707
9436390.381216154,31883575.02615329,38682.9268292683,3.429618115827638,9436096.508055963,31883149.777758475,38195.12195121951,9436438.60571403,31884089.683349267,38195.12195121951,9436684.254376344,31884000.274548095,39170.73170731707,9436342.156718278,31883060.368957303,39170.73170731707
9436732.478874223,31884514.931744076,38682.9268292683,3.5086740532780283,9436438.60571403,31884089.683349267,38195.12195121951,9436780.7033721,31885029.58894006,38195.12195121951,9437026.352034416,31884940.180138893,39170.73170731707,9436684.254376344,31884000.274548095,39170.73170731707
9437074.576532291,31885454.837334875,38682.9268292683,3.966362169692609,9436780.7033721,31885029.58894006,38195.12195121951,9437122.80103017,31885969.494530853,38195.12195121951,9437368.449692486,31885880.085729685,39170.73170731707,9437026.352034416,31884940.180138893,39170.73170731707
9437416.674190361,31886394.742925666,38682.9268292683,3.728836114145352,9437122.80103017,31885969.494530853,38195.12195121951,9437464.898688238,31886909.400121648,38195.12195121951,9437710.547350552,31886819.991320476,39170.73170731707,9437368.449692486,31885880.085729685,39170.73170731707
9437758.77184843,31887334.648516458,38682.9268292683,2.983160900603039,9437464.898688238,31886909.400121648,38195.12195121951,9437806.996346308,31887849.30571244,38195.12195121951,9438052.645008624,31887759.89691127,39170.73170731707,9437710.547350552,31886819.991320476,39170.73170731707
9438100.8695065,31888274.554107253,38682.9268292683,2.389951729150907,9437806.996346308,31887849.30571244,38195.12195121951,9438149.094004378,31888789.211303234,38195.12195121951,9438394.742666693,31888699.802502066,39170.73170731707,9438052.645008624,31887759.89691127,39170.73170731707
9438442.967164569,31889214.459698047,38682.9268292683,1.9950733034762582,9438149.094004378,31888789.211303234,38195.12195121951,9438491.191662446,31889729.11689403,38195.12195121951,9438736.840324761,31889639.708092857,39170.73170731707,9438394.742666693,31888699.802502066,39170.73170731707
9438785.06482264,31890154.365288842,38682.9268292683,1.7364201893505293,9438491.191662446,31889729.11689403,38195.12195121951,9438833.289320515,31890669.02248482,38195.12195121951,9439078.937982831,31890579.613683652,39170.73170731707,9438736.840324761,31889639.708092857,39170.73170731707
9439127.162480708,31891094.270879634,38682.9268292683,1.3970688836254526,9438833.289320515,31890669.02248482,38195.12195121951,9439175.386978585,31891608.928075615,38195.12195121951,9439421.035640901,31891519.519274447,39170.73170731707,9439078.937982831,31890579.613683652,39170.73170731707
9439469.260138778,31892034.17647043,38682.9268292683,1.0501071083697346,9439175.386978585,31891608.928075615,38195.12195121951,9439517.484636653,31892548.83366641,38195.12195121951,9439763.133298969,31892459.42486524,39170.73170731707,9439421.035640901,31891519.519274447,39170.73170731707
9439811.357796846,31892974.08206122,38682.9268292683,0.8227402069518603,9439517.484636653,31892548.83366641,38195.12195121951,9439859.582294723,31893488.7392572,38195.12195121951,9440105.230957039,31893399.330456033,39170.73170731707,9439763.133298969,31892459.42486524,39170.73170731707
9440153.455454916,31893913.98765201,38682.9268292683,0.8762548344948234,9439859.582294723,31893488.7392572,38195.12195121951,9440201.679952793,31894428.644847993,38195.12195121951,9440447.328615109,31894339.236046825,39170.73170731707,9440105.230957039,31893399.330456033,39170.73170731707
9440495.553112986,31894853.893242806,38682.9268292683,0.8239324383483599,9440201.679952793,31894428.644847993,38195.12195121951,9440543.77761086,31895368.55043879,38195.12195121951,9440789.426273176,31895279.14163762,39170.73170731707,9440447.328615109,31894339.236046825,39170.73170731707
9440837.650771055,31895793.7988336,38682.9268292683,0.8068728394604765,9440543.77761086,31895368.55043879,38195.12195121951,9440885.87526893,31896308.456029583,38195.12195121951,9441131.523931246,31896219.047228415,39170.73170731707,9440789.426273176,31895279.14163762,39170.73170731707
9441179.748429121,31896733.704424396,38682.9268292683,0.8271105641346407,9440885.87526893,31896308.456029583,38195.12195121951,9441227.972926999,31897248.361620374,38195.12195121951,9441473.621589316,31897158.952819206,39170.73170731707,9441131.523931246,31896219.047228415,39170.73170731707
9441521.846087193,31897673.610015187,38682.9268292683,0.9024540894662967,9441227.972926999,31897248.361620374,38195.12195121951,9441570.070585068,31898188.267211173,38195.12195121951,9441815.719247384,31898098.85841,39170.73170731707,9441473.621589316,31897158.952819206,39170.73170731707
9441863.943745263,31898613.515605982,38682.9268292683,0.7915189156287165,9441570.070585068,31898188.267211173,38195.12195121951,9441912.16824314,31899128.172801964,38195.12195121951,9442157.816905454,31899038.764000792,39170.73170731707,9441815.719247384,31898098.85841,39170.73170731707
9442206.04140333,31899553.421196774,38682.9268292683,0.8034609260499984,9441912.16824314,31899128.172801964,38195.12195121951,9442254.265901206,31900068.078392755,38195.12195121951,9442499.914563524,31899978.669591587,39170.73170731707,9442157.816905454,31899038.764000792,39170.73170731707
9442548.1390614,31900493.32678757,38682.9268292683,0.9679537659830215,9442254.265901206,31900068.078392755,38195.12195121951,9442596.363559278,31901007.98398355,38195.12195121951,9442842.012221592,31900918.57518238,39170.73170731707,9442499.914563524,31899978.669591587,39170.73170731707
9442890.23671947,31901433.23237836,38682.9268292683,0.8897492979306398,9442596.363559278,31901007.98398355,38195.12195121951,9442938.461217348,31901947.889574345,38195.12195121951,9443184.109879661,31901858.480773173,39170.73170731707,9442842.012221592,31900918.57518238,39170.73170731707
9443232.334377538,31902373.137969155,38682.9268292683,0.5936849685840453,9442938.461217348,31901947.889574345,38195.12195121951,9443280.558875414,31902887.795165136,38195.12195121951,9443526.207537731,31902798.38636397,39170.73170731707,9443184.109879661,31901858.480773173,39170.73170731707
9443574.432035608,31903313.043559954,38682.9268292683,0.575511654780087,9443280.558875414,31902887.795165136,38195.12195121951,9443622.656533485,31903827.70075593,38195.12195121951,9443868.3051958,31903738.29195476,39170.73170731707,9443526.207537731,31902798.38636397,39170.73170731707
9443916.529693678,31904252.94915074,38682.9268292683,0.5735305849705441,9443622.656533485,31903827.70075593,38195.12195121951,9443964.754191555,31904767.606346723,38195.12195121951,9444210.402853869,31904678.19754555,39170.73170731707,9443868.3051958,31903738.29195476,39170.73170731707
9444258.627351746,31905192.854741536,38682.9268292683,0.6892982947472005,9443964.754191555,31904767.606346723,38195.12195121951,9444306.851849623,31905707.511937518,38195.12195121951,9444552.500511939,31905618.10313635,39170.73170731707,9444210.402853869,31904678.19754555,39170.73170731707
9444600.725009816,31906132.76033233,38682.9268292683,0.7648723332479025,9444306.851849623,31905707.511937518,38195.12195121951,9444648.949507693,31906647.417528313,38195.12195121951,9444894.598170007,31906558.00872714,39170.73170731707,9444552.500511939,31905618.10313635,39170.73170731707
9444942.822667886,31907072.665923122,38682.9268292683,0.7823859316973751,9444648.949507693,31906647.417528313,38195.12195121951,9444991.047165763,31907587.323119104,38195.12195121951,9445236.695828076,31907497.914317932,39170.73170731707,9444894.598170007,31906558.00872714,39170.73170731707
9445284.920325954,31908012.571513914,38682.9268292683,1.2074220303026806,9444991.047165763,31907587.323119104,38195.12195121951,9445333.14482383,31908527.2287099,38195.12195121951,9445578.793486146,31908437.81990873,39170.73170731707,9445236.695828076,31907497.914317932,39170.73170731707
9445627.017984023,31908952.477104712,38682.9268292683,1.4874302753721693,9445333.14482383,31908527.2287099,38195.12195121951,9445675.2424819,31909467.134300694,38195.12195121951,9445920.891144214,31909377.725499522,39170.73170731707,9445578.793486146,31908437.81990873,39170.73170731707
9445969.115642093,31909892.382695507,38682.9268292683,1.49377030885526,9445675.2424819,31909467.134300694,38195.12195121951,9446017.34013997,31910407.039891485,38195.12195121951,9446262.988802284,31910317.631090313,39170.73170731707,9445920.891144214,31909377.725499522,39170.73170731707
9446311.213300161,31910832.288286295,38682.9268292683,1.2596988772581226,9446017.34013997,31910407.039891485,38195.12195121951,9446359.437798038,31911346.945482276,38195.12195121951,9446605.086460354,31911257.53668111,39170.73170731707,9446262.988802284,31910317.631090313,39170.73170731707
9446653.31095823,31911772.193877086,38682.9268292683,0.8526303928920985,9446359.437798038,31911346.945482276,38195.12195121951,9446701.535456108,31912286.85107307,38195.12195121951,9446947.184118422,31912197.4422719,39170.73170731707,9446605.086460354,31911257.53668111,39170.73170731707
9446995.4086163,31912712.09946788,38682.9268292683,0.5808960008662474,9446701.535456108,31912286.85107307,38195.12195121951,9447043.633114178,31913226.756663866,38195.12195121951,9447289.281776492,31913137.347862694,39170.73170731707,9446947.184118422,31912197.4422719,39170.73170731707
9447337.506274369,31913652.005058676,38682.9268292683,0.6663072053739797,9447043.633114178,31913226.756663866,38195.12195121951,9447385.730772246,31914166.662254658,38195.12195121951,9447631.379434561,31914077.25345349,39170.73170731707,9447289.281776492,31913137.347862694,39170.73170731707
9447679.603932438,31914591.91064947,38682.9268292683,0.6811587934266932,9447385.730772246,31914166.662254658,38195.12195121951,9447727.828430315,31915106.567845453,38195.12195121951,9447973.477092631,31915017.159044284,39170.73170731707,9447631.379434561,31914077.25345349,39170.73170731707
9448021.701590508,31915531.816240266,38682.9268292683,0.5857556628821523,9447727.828430315,31915106.567845453,38195.12195121951,9448069.926088385,31916046.473436248,38195.12195121951,9448315.5747507,31915957.064635076,39170.73170731707,9447973.477092631,31915017.159044284,39170.73170731707
9448363.799248576,31916471.72183106,38682.9268292683,0.5547387407348615,9448069.926088385,31916046.473436248,38195.12195121951,9448412.023746453,31916986.37902704,38195.12195121951,9448657.672408769,31916896.97022587,39170.73170731707,9448315.5747507,31915957.064635076,39170.73170731707
9448705.896906646,31917411.627421852,38682.9268292683,0.714092687946803,9448412.023746453,31916986.37902704,38195.12195121951,9448754.121404523,31917926.28461783,38195.12195121951,9448999.770066839,31917836.875816662,39170.73170731707,9448657.672408769,31916896.97022587,39170.73170731707
9449047.994564714,31918351.53301264,38682.9268292683,0.8216652805114342,9448754.121404523,31917926.28461783,38195.12195121951,9449096.219062593,31918866.190208625,38195.12195121951,9449341.867724907,31918776.781407453,39170.73170731707,9448999.770066839,31917836.875816662,39170.73170731707
9449390.092222784,31919291.438603435,38682.9268292683,1.0216424381536966,9449096.219062593,31918866.190208625,38195.12195121951,9449438.31672066,31919806.09579942,38195.12195121951,9449683.965382976,31919716.68699825,39170.73170731707,9449341.867724907,31918776.781407453,39170.73170731707
9449732.189880854,31920231.34419423,38682.9268292683,0.8362328528301771,9449438.31672066,31919806.09579942,38195.12195121951,9449780.41437873,31920746.00139021,38195.12195121951,9450026.063041046,31920656.592589043,39170.73170731707,9449683.965382976,31919716.68699825,39170.73170731707
9450074.287538923,31921171.249785025,38682.9268292683,0.6508449646590179,9449780.41437873,31920746.00139021,38195.12195121951,9450122.5120368,31921685.906981006,38195.12195121951,9450368.160699114,31921596.498179834,39170.73170731707,9450026.063041046,31920656.592589043,39170.73170731707
9450416.385196991,31922111.155375816,38682.9268292683,0.7597809309523998,9450122.5120368,31921685.906981006,38195.12195121951,9450464.609694868,31922625.812571798,38195.12195121951,9450710.258357186,31922536.403770633,39170.73170731707,9450368.160699114,31921596.498179834,39170.73170731707
9450758.482855063,31923051.060966615,38682.9268292683,1.112772097154547,9450464.609694868,31922625.812571798,38195.12195121951,9450806.707352938,31923565.718162593,38195.12195121951,9451052.356015254,31923476.309361424,39170.73170731707,9450710.258357186,31922536.403770633,39170.73170731707
9409952.41254907,31810172.981270224,39658.53658536585,5.861918986802296,9409658.539388878,31809747.732875414,39170.73170731707,9410000.637046948,31810687.638466205,39170.73170731707,9410246.285709262,31810598.229665037,40146.34146341464,9409904.188051192,31809658.324074242,40146.34146341464
9410294.510207139,31811112.88686102,39658.53658536585,5.4891312895550275,9410000.637046948,31810687.638466205,39170.73170731707,9410342.734705014,31811627.544057,39170.73170731707,9410588.38336733,31811538.13525583,40146.34146341464,9410246.285709262,31810598.229665037,40146.34146341464
9410636.607865209,31812052.79245181,39658.53658536585,4.567222840752209,9410342.734705014,31811627.544057,39170.73170731707,9410684.832363086,31812567.449647795,39170.73170731707,9410930.4810254,31812478.040846623,40146.34146341464,9410588.38336733,31811538.13525583,40146.34146341464
9410978.705523277,31812992.698042605,39658.53658536585,4.3480533459849795,9410684.832363086,31812567.449647795,39170.73170731707,9411026.930021156,31813507.355238587,39170.73170731707,9411272.57868347,31813417.94643742,40146.34146341464,9410930.4810254,31812478.040846623,40146.34146341464
9411320.803181347,31813932.603633404,39658.53658536585,5.024462513739512,9411026.930021156,31813507.355238587,39170.73170731707,9411369.027679224,31814447.26082938,39170.73170731707,9411614.676341537,31814357.85202821,40146.34146341464,9411272.57868347,31813417.94643742,40146.34146341464
9411662.900839416,31814872.50922419,39658.53658536585,6.2259345996269,9411369.027679224,31814447.26082938,39170.73170731707,9411711.125337293,31815387.166420173,39170.73170731707,9411956.773999607,31815297.757619,40146.34146341464,9411614.676341537,31814357.85202821,40146.34146341464
9412004.998497484,31815812.414814986,39658.53658536585,8.646842675336952,9411711.125337293,31815387.166420173,39170.73170731707,9412053.222995363,31816327.072010968,39170.73170731707,9412298.871657677,31816237.6632098,40146.34146341464,9411956.773999607,31815297.757619,40146.34146341464
9412347.096155554,31816752.32040578,39658.53658536585,11.914326502727022,9412053.222995363,31816327.072010968,39170.73170731707,9412395.320653431,31817266.977601763,39170.73170731707,9412640.969315745,31817177.56880059,40146.34146341464,9412298.871657677,31816237.6632098,40146.34146341464
9412689.193813624,31817692.225996573,39658.53658536585,10.533533005472815,9412395.320653431,31817266.977601763,39170.73170731707,9412737.4183115,31818206.883192554,39170.73170731707,9412983.066973815,31818117.474391382,40146.34146341464,9412640.969315745,31817177.56880059,40146.34146341464
9413031.291471692,31818632.131587364,39658.53658536585,8.720267193206245,9412737.4183115,31818206.883192554,39170.73170731707,9413079.51596957,31819146.78878335,39170.73170731707,9413325.164631885,31819057.37998218,40146.34146341464,9412983.066973815,31818117.474391382,40146.34146341464
9413373.389129762,31819572.037178162,39658.53658536585,8.90599180509483,9413079.51596957,31819146.78878335,39170.73170731707,9413421.613627639,31820086.69437414,39170.73170731707,9413667.262289952,31819997.285572972,40146.34146341464,9413325.164631885,31819057.37998218,40146.34146341464
9413715.486787831,31820511.942768957,39658.53658536585,8.156362453248327,9413421.613627639,31820086.69437414,39170.73170731707,9413763.711285708,31821026.599964935,39170.73170731707,9414009.359948022,31820937.191163763,40146.34146341464,9413667.262289952,31819997.285572972,40146.34146341464
9414057.5844459,31821451.848359745,39658.53658536585,7.307117577059251,9413763.711285708,31821026.599964935,39170.73170731707,9414105.808943778,31821966.505555727,39170.73170731707,9414351.457606092,31821877.09675456,40146.34146341464,9414009.359948022,31820937.191163763,40146.34146341464
9414399.68210397,31822391.753950544,39658.53658536585,7.0007647663325905,9414105.808943778,31821966.505555727,39170.73170731707,9414447.906601846,31822906.41114652,39170.73170731707,9414693.55526416,31822817.002345353,40146.34146341464,9414351.457606092,31821877.09675456,40146.34146341464
9414741.779762039,31823331.659541335,39658.53658536585,6.849469941139591,9414447.906601846,31822906.41114652,39170.73170731707,9414790.004259916,31823846.316737317,39170.73170731707,9415035.652922232,31823756.907936145,40146.34146341464,9414693.55526416,31822817.002345353,40146.34146341464
9415083.877420109,31824271.565132126,39658.53658536585,6.918439050213772,9414790.004259916,31823846.316737317,39170.73170731707,9415132.101917986,31824786.222328108,39170.73170731707,9415377.7505803,31824696.81352694,40146.34146341464,9415035.652922232,31823756.907936145,40146.34146341464
9415425.975078177,31825211.47072292,39658.53658536585,7.511532682776847,9415132.101917986,31824786.222328108,39170.73170731707,9415474.199576054,31825726.127918903,39170.73170731707,9415719.84823837,31825636.719117735,40146.34146341464,9415377.7505803,31824696.81352694,40146.34146341464
9415768.072736248,31826151.376313716,39658.53658536585,10.788623218568024,9415474.199576054,31825726.127918903,39170.73170731707,9415816.297234124,31826666.033509698,39170.73170731707,9416061.94589644,31826576.624708526,40146.34146341464,9415719.84823837,31825636.719117735,40146.34146341464
9416110.170394314,31827091.28190451,39658.53658536585,11.196916199971703,9415816.297234124,31826666.033509698,39170.73170731707,9416158.394892193,31827605.93910049,39170.73170731707,9416404.043554507,31827516.53029932,40146.34146341464,9416061.94589644,31826576.624708526,40146.34146341464
9416452.268052384,31828031.1874953,39658.53658536585,10.702177939754323,9416158.394892193,31827605.93910049,39170.73170731707,9416500.492550261,31828545.84469128,39170.73170731707,9416746.141212577,31828456.435890112,40146.34146341464,9416404.043554507,31827516.53029932,40146.34146341464
9416794.365710454,31828971.093086097,39658.53658536585,9.758006674428644,9416500.492550261,31828545.84469128,39170.73170731707,9416842.590208331,31829485.75028208,39170.73170731707,9417088.238870647,31829396.341480907,40146.34146341464,9416746.141212577,31828456.435890112,40146.34146341464
9417136.463368522,31829910.99867689,39658.53658536585,9.316371849070581,9416842.590208331,31829485.75028208,39170.73170731707,9417184.6878664,31830425.65587287,39170.73170731707,9417430.336528715,31830336.247071702,40146.34146341464,9417088.238870647,31829396.341480907,40146.34146341464
9417478.561026592,31830850.90426768,39658.53658536585,10.048060963873304,9417184.6878664,31830425.65587287,39170.73170731707,9417526.785524469,31831365.56146366,39170.73170731707,9417772.434186785,31831276.152662493,40146.34146341464,9417430.336528715,31830336.247071702,40146.34146341464
9417820.658684663,31831790.809858475,39658.53658536585,9.964765691127907,9417526.785524469,31831365.56146366,39170.73170731707,9417868.883182539,31832305.467054456,39170.73170731707,9418114.531844854,31832216.058253285,40146.34146341464,9417772.434186785,31831276.152662493,40146.34146341464
9418162.75634273,31832730.71544927,39658.53658536585,9.710541689629364,9417868.883182539,31832305.467054456,39170.73170731707,9418210.980840608,31833245.37264525,39170.73170731707,9418456.629502924,31833155.96384408,40146.34146341464,9418114.531844854,31832216.058253285,40146.34146341464
9418504.854000801,31833670.621040065,39658.53658536585,10.415602080645941,9418210.980840608,31833245.37264525,39170.73170731707,9418553.078498676,31834185.278236043,39170.73170731707,9418798.727160992,31834095.869434875,40146.34146341464,9418456.629502924,31833155.96384408,40146.34146341464
9418846.951658871,31834610.526630856,39658.53658536585,9.914870750319416,9418553.078498676,31834185.278236043,39170.73170731707,9418895.176156746,31835125.183826838,39170.73170731707,9419140.824819062,31835035.775025666,40146.34146341464,9418798.727160992,31834095.869434875,40146.34146341464
9419189.049316939,31835550.43222165,39658.53658536585,8.711346265710848,9418895.176156746,31835125.183826838,39170.73170731707,9419237.273814816,31836065.089417633,39170.73170731707,9419482.922477132,31835975.68061646,40146.34146341464,9419140.824819062,31835035.775025666,40146.34146341464
9419531.146975007,31836490.337812442,39658.53658536585,7.638785057939659,9419237.273814816,31836065.089417633,39170.73170731707,9419579.371472884,31837004.995008424,39170.73170731707,9419825.0201352,31836915.586207256,40146.34146341464,9419482.922477132,31835975.68061646,40146.34146341464
9419873.244633079,31837430.243403237,39658.53658536585,7.139489841579283,9419579.371472884,31837004.995008424,39170.73170731707,9419921.469130954,31837944.90059922,39170.73170731707,9420167.11779327,31837855.491798047,40146.34146341464,9419825.0201352,31836915.586207256,40146.34146341464
9420215.342291147,31838370.14899403,39658.53658536585,7.354683005174517,9419921.469130954,31837944.90059922,39170.73170731707,9420263.566789024,31838884.80619001,39170.73170731707,9420509.21545134,31838795.39738884,40146.34146341464,9420167.11779327,31837855.491798047,40146.34146341464
9420557.439949216,31839310.05458482,39658.53658536585,6.823496167751114,9420263.566789024,31838884.80619001,39170.73170731707,9420605.664447092,31839824.7117808,39170.73170731707,9420851.313109407,31839735.302979633,40146.34146341464,9420509.21545134,31838795.39738884,40146.34146341464
9420899.537607284,31840249.960175615,39658.53658536585,6.624489079953912,9420605.664447092,31839824.7117808,39170.73170731707,9420947.762105161,31840764.6173716,39170.73170731707,9421193.410767477,31840675.20857043,40146.34146341464,9420851.313109407,31839735.302979633,40146.34146341464
9421241.635265354,31841189.86576641,39658.53658536585,6.46991664830785,9420947.762105161,31840764.6173716,39170.73170731707,9421289.859763231,31841704.52296239,39170.73170731707,9421535.508425547,31841615.11416122,40146.34146341464,9421193.410767477,31840675.20857043,40146.34146341464
9421583.732923424,31842129.771357205,39658.53658536585,6.383504363787904,9421289.859763231,31841704.52296239,39170.73170731707,9421631.957421301,31842644.428553186,39170.73170731707,9421877.606083615,31842555.01975202,40146.34146341464,9421535.508425547,31841615.11416122,40146.34146341464
9421925.830581494,31843069.676948,39658.53658536585,5.946106726945975,9421631.957421301,31842644.428553186,39170.73170731707,9421974.055079369,31843584.33414398,39170.73170731707,9422219.703741685,31843494.92534281,40146.34146341464,9421877.606083615,31842555.01975202,40146.34146341464
9422267.928239562,31844009.58253879,39658.53658536585,5.93690274320611,9421974.055079369,31843584.33414398,39170.73170731707,9422316.152737439,31844524.239734773,39170.73170731707,9422561.801399754,31844434.8309336,40146.34146341464,9422219.703741685,31843494.92534281,40146.34146341464
9422610.025897631,31844949.488129582,39658.53658536585,6.94338343458948,9422316.152737439,31844524.239734773,39170.73170731707,9422658.250395508,31845464.145325564,39170.73170731707,9422903.899057822,31845374.736524396,40146.34146341464,9422561.801399754,31844434.8309336,40146.34146341464
9422952.123555701,31845889.393720377,39658.53658536585,7.124436899390735,9422658.250395508,31845464.145325564,39170.73170731707,9423000.348053576,31846404.050916355,39170.73170731707,9423245.996715892,31846314.642115187,40146.34146341464,9422903.899057822,31845374.736524396,40146.34146341464
9423294.22121377,31846829.29931117,39658.53658536585,7.402087886317495,9423000.348053576,31846404.050916355,39170.73170731707,9423342.445711646,31847343.956507154,39170.73170731707,9423588.094373962,31847254.547705982,40146.34146341464,9423245.996715892,31846314.642115187,40146.34146341464
9423636.318871839,31847769.204901963,39658.53658536585,7.037067278066963,9423342.445711646,31847343.956507154,39170.73170731707,9423684.543369716,31848283.862097945,39170.73170731707,9423930.19203203,31848194.453296777,40146.34146341464,9423588.094373962,31847254.547705982,40146.34146341464
9423978.416529909,31848709.110492755,39658.53658536585,6.901806763466689,9423684.543369716,31848283.862097945,39170.73170731707,9424026.641027784,31849223.767688736,39170.73170731707,9424272.2896901,31849134.358887568,40146.34146341464,9423930.19203203,31848194.453296777,40146.34146341464
9424320.514187977,31849649.01608355,39658.53658536585,7.5248392727941,9424026.641027784,31849223.767688736,39170.73170731707,9424368.738685854,31850163.67327953,39170.73170731707,9424614.38734817,31850074.264478363,40146.34146341464,9424272.2896901,31849134.358887568,40146.34146341464
9424662.611846047,31850588.921674345,39658.53658536585,7.036714194087987,9424368.738685854,31850163.67327953,39170.73170731707,9424710.836343924,31851103.578870326,39170.73170731707,9424956.485006237,31851014.170069158,40146.34146341464,9424614.38734817,31850074.264478363,40146.34146341464
9425004.709504116,31851528.827265136,39658.53658536585,6.196443383931983,9424710.836343924,31851103.578870326,39170.73170731707,9425052.934001993,31852043.484461118,39170.73170731707,9425298.582664307,31851954.07565995,40146.34146341464,9424956.485006237,31851014.170069158,40146.34146341464
9425346.807162184,31852468.73285593,39658.53658536585,5.487317868029574,9425052.934001993,31852043.484461118,39170.73170731707,9425395.031660061,31852983.390051913,39170.73170731707,9425640.680322377,31852893.98125074,40146.34146341464,9425298.582664307,31851954.07565995,40146.34146341464
9425688.904820254,31853408.638446722,39658.53658536585,4.78687426685519,9425395.031660061,31852983.390051913,39170.73170731707,9425737.129318131,31853923.295642707,39170.73170731707,9425982.777980445,31853833.88684154,40146.34146341464,9425640.680322377,31852893.98125074,40146.34146341464
9426031.002478324,31854348.544037517,39658.53658536585,4.071162668711316,9425737.129318131,31853923.295642707,39170.73170731707,9426079.226976201,31854863.2012335,39170.73170731707,9426324.875638515,31854773.79243233,40146.34146341464,9425982.777980445,31853833.88684154,40146.34146341464
9426373.100136392,31855288.44962831,39658.53658536585,3.9079391349171186,9426079.226976201,31854863.2012335,39170.73170731707,9426421.324634269,31855803.106824294,39170.73170731707,9426666.973296585,31855713.69802312,40146.34146341464,9426324.875638515,31854773.79243233,40146.34146341464
9426715.197794462,31856228.355219103,39658.53658536585,5.060380591959915,9426421.324634269,31855803.106824294,39170.73170731707,9426763.422292339,31856743.012415085,39170.73170731707,9427009.070954653,31856653.603613917,40146.34146341464,9426666.973296585,31855713.69802312,40146.34146341464
9427057.295452531,31857168.2608099,39658.53658536585,5.981385638615126,9426763.422292339,31856743.012415085,39170.73170731707,9427105.519950408,31857682.91800588,39170.73170731707,9427351.168612722,31857593.50920471,40146.34146341464,9427009.070954653,31856653.603613917,40146.34146341464
9427399.3931106,31858108.166400693,39658.53658536585,5.791210713945522,9427105.519950408,31857682.91800588,39170.73170731707,9427447.617608476,31858622.823596675,39170.73170731707,9427693.266270792,31858533.414795503,40146.34146341464,9427351.168612722,31857593.50920471,40146.34146341464
9427741.49076867,31859048.071991485,39658.53658536585,6.334752973935473,9427447.617608476,31858622.823596675,39170.73170731707,9427789.715266546,31859562.729187466,39170.73170731707,9428035.36392886,31859473.320386294,40146.34146341464,9427693.266270792,31858533.414795503,40146.34146341464
9428083.588426739,31859987.977582276,39658.53658536585,6.478233263955112,9427789.715266546,31859562.729187466,39170.73170731707,9428131.812924616,31860502.63477826,39170.73170731707,9428377.46158693,31860413.225977093,40146.34146341464,9428035.36392886,31859473.320386294,40146.34146341464
9428425.686084807,31860927.883173075,39658.53658536585,5.686499014178143,9428131.812924616,31860502.63477826,39170.73170731707,9428473.910582684,31861442.540369056,39170.73170731707,9428719.559245002,31861353.131567884,40146.34146341464,9428377.46158693,31860413.225977093,40146.34146341464
9428767.783742877,31861867.788763862,39658.53658536585,5.754354759457166,9428473.910582684,31861442.540369056,39170.73170731707,9428816.008240754,31862382.445959847,39170.73170731707,9429061.656903068,31862293.037158675,40146.34146341464,9428719.559245002,31861353.131567884,40146.34146341464
9429109.881400947,31862807.694354657,39658.53658536585,5.408306463172634,9428816.008240754,31862382.445959847,39170.73170731707,9429158.105898824,31863322.35155064,39170.73170731707,9429403.75456114,31863232.94274947,40146.34146341464,9429061.656903068,31862293.037158675,40146.34146341464
9429451.979059016,31863747.599945456,39658.53658536585,4.112985001299963,9429158.105898824,31863322.35155064,39170.73170731707,9429500.203556892,31864262.257141437,39170.73170731707,9429745.85221921,31864172.848340265,40146.34146341464,9429403.75456114,31863232.94274947,40146.34146341464
9429794.076717086,31864687.505536247,39658.53658536585,3.7633702157799855,9429500.203556892,31864262.257141437,39170.73170731707,9429842.301214961,31865202.16273223,39170.73170731707,9430087.949877275,31865112.753931057,40146.34146341464,9429745.85221921,31864172.848340265,40146.34146341464
9430136.174375152,31865627.41112704,39658.53658536585,4.181156548087367,9429842.301214961,31865202.16273223,39170.73170731707,9430184.398873031,31866142.06832302,39170.73170731707,9430430.047535347,31866052.65952185,40146.34146341464,9430087.949877275,31865112.753931057,40146.34146341464
9430478.272033224,31866567.316717833,39658.53658536585,4.601251922093248,9430184.398873031,31866142.06832302,39170.73170731707,9430526.4965311,31867081.97391382,39170.73170731707,9430772.145193417,31866992.565112647,40146.34146341464,9430430.047535347,31866052.65952185,40146.34146341464
9430820.369691292,31867507.22230863,39658.53658536585,5.359792205542455,9430526.4965311,31867081.97391382,39170.73170731707,9430868.594189169,31868021.87950461,39170.73170731707,9431114.242851483,31867932.470703438,40146.34146341464,9430772.145193417,31866992.565112647,40146.34146341464
9431162.46734936,31868447.127899416,39658.53658536585,5.790616060986566,9430868.594189169,31868021.87950461,39170.73170731707,9431210.691847239,31868961.7850954,39170.73170731707,9431456.340509554,31868872.376294233,40146.34146341464,9431114.242851483,31867932.470703438,40146.34146341464
9431504.56500743,31869387.033490214,39658.53658536585,5.768742757267127,9431210.691847239,31868961.7850954,39170.73170731707,9431552.789505307,31869901.690686196,39170.73170731707,9431798.438167624,31869812.281885024,40146.34146341464,9431456.340509554,31868872.376294233,40146.34146341464
9431846.662665501,31870326.93908101,39658.53658536585,6.0062285928502,9431552.789505307,31869901.690686196,39170.73170731707,9431894.887163376,31870841.59627699,39170.73170731707,9432140.535825692,31870752.18747582,40146.34146341464,9431798.438167624,31869812.281885024,40146.34146341464
9432188.76032357,31871266.8446718,39658.53658536585,6.3893105994874295,9431894.887163376,31870841.59627699,39170.73170731707,9432236.984821446,31871781.501867782,39170.73170731707,9432482.633483762,31871692.093066614,40146.34146341464,9432140.535825692,31870752.18747582,40146.34146341464
9432530.857981639,31872206.750262596,39658.53658536585,5.827484120806905,9432236.984821446,31871781.501867782,39170.73170731707,9432579.082479514,31872721.407458574,39170.73170731707,9432824.731141832,31872631.998657405,40146.34146341464,9432482.633483762,31871692.093066614,40146.34146341464
9432872.955639707,31873146.655853387,39658.53658536585,5.772407529353239,9432579.082479514,31872721.407458574,39170.73170731707,9432921.180137584,31873661.313049372,39170.73170731707,9433166.8287999,31873571.9042482,40146.34146341464,9432824.731141832,31872631.998657405,40146.34146341464
9433215.053297777,31874086.561444182,39658.53658536585,5.298999338351931,9432921.180137584,31873661.313049372,39170.73170731707,9433263.277795654,31874601.21864016,39170.73170731707,9433508.92645797,31874511.809838995,40146.34146341464,9433166.8287999,31873571.9042482,40146.34146341464
9433557.150955847,31875026.467034973,39658.53658536585,4.679854513427763,9433263.277795654,31874601.21864016,39170.73170731707,9433605.375453722,31875541.124230955,39170.73170731707,9433851.02411604,31875451.715429787,40146.34146341464,9433508.92645797,31874511.809838995,40146.34146341464
9433899.248613916,31875966.37262577,39658.53658536585,4.8199994971232645,9433605.375453722,31875541.124230955,39170.73170731707,9433947.473111792,31876481.02982175,39170.73170731707,9434193.121774107,31876391.621020578,40146.34146341464,9433851.02411604,31875451.715429787,40146.34146341464
9434241.346271982,31876906.278216563,39658.53658536585,4.943824572560954,9433947.473111792,31876481.02982175,39170.73170731707,9434289.570769861,31877420.93541254,39170.73170731707,9434535.219432177,31877331.526611373,40146.34146341464,9434193.121774107,31876391.621020578,40146.34146341464
9434583.443930054,31877846.183807354,39658.53658536585,4.738471052564036,9434289.570769861,31877420.93541254,39170.73170731707,9434631.66842793,31878360.841003336,39170.73170731707,9434877.317090247,31878271.432202168,40146.34146341464,9434535.219432177,31877331.526611373,40146.34146341464
9434925.541588124,31878786.08939815,39658.53658536585,4.38052002560819,9434631.66842793,31878360.841003336,39170.73170731707,9434973.766086,31879300.74659413,39170.73170731707,9435219.414748315,31879211.33779296,40146.34146341464,9434877.317090247,31878271.432202168,40146.34146341464
9435267.639246192,31879725.99498894,39658.53658536585,4.325514307498478,9434973.766086,31879300.74659413,39170.73170731707,9435315.86374407,31880240.652184922,39170.73170731707,9435561.512406385,31880151.243383758,40146.34146341464,9435219.414748315,31879211.33779296,40146.34146341464
9435609.736904262,31880665.900579736,39658.53658536585,4.64207478367366,9435315.86374407,31880240.652184922,39170.73170731707,9435657.961402137,31881180.557775714,39170.73170731707,9435903.610064454,31881091.148974545,40146.34146341464,9435561.512406385,31880151.243383758,40146.34146341464
9435951.834562331,31881605.806170527,39658.53658536585,4.462068288696803,9435657.961402137,31881180.557775714,39170.73170731707,9436000.059060208,31882120.463366512,39170.73170731707,9436245.707722522,31882031.05456534,40146.34146341464,9435903.610064454,31881091.148974545,40146.34146341464
9436293.9322204,31882545.711761322,39658.53658536585,4.031885478305226,9436000.059060208,31882120.463366512,39170.73170731707,9436342.156718278,31883060.368957303,39170.73170731707,9436587.805380592,31882970.960156135,40146.34146341464,9436245.707722522,31882031.05456534,40146.34146341464
9436636.02987847,31883485.617352117,39658.53658536585,3.8274371916052186,9436342.156718278,31883060.368957303,39170.73170731707,9436684.254376344,31884000.274548095,39170.73170731707,9436929.903038662,31883910.865746927,40146.34146341464,9436587.805380592,31882970.960156135,40146.34146341464
9436978.127536539,31884425.522942908,39658.53658536585,3.771919096921203,9436684.254376344,31884000.274548095,39170.73170731707,9437026.352034416,31884940.180138893,39170.73170731707,9437272.00069673,31884850.77133772,40146.34146341464,9436929.903038662,31883910.865746927,40146.34146341464
9437320.225194607,31885365.428533703,39658.53658536585,3.623810847825149,9437026.352034416,31884940.180138893,39170.73170731707,9437368.449692486,31885880.085729685,39170.73170731707,9437614.0983548,31885790.676928513,40146.34146341464,9437272.00069673,31884850.77133772,40146.34146341464
9437662.322852677,31886305.334124494,39658.53658536585,3.2729013982216797,9437368.449692486,31885880.085729685,39170.73170731707,9437710.547350552,31886819.991320476,39170.73170731707,9437956.196012868,31886730.582519308,40146.34146341464,9437614.0983548,31885790.676928513,40146.34146341464
9438004.420510747,31887245.23971529,39658.53658536585,3.056063197408175,9437710.547350552,31886819.991320476,39170.73170731707,9438052.645008624,31887759.89691127,39170.73170731707,9438298.293670937,31887670.4881101,40146.34146341464,9437956.196012868,31886730.582519308,40146.34146341464
9438346.518168814,31888185.14530608,39658.53658536585,2.3947220098895188,9438052.645008624,31887759.89691127,39170.73170731707,9438394.742666693,31888699.802502066,39170.73170731707,9438640.391329007,31888610.393700894,40146.34146341464,9438298.293670937,31887670.4881101,40146.34146341464
9438688.615826884,31889125.050896876,39658.53658536585,2.1721035513810505,9438394.742666693,31888699.802502066,39170.73170731707,9438736.840324761,31889639.708092857,39170.73170731707,9438982.488987075,31889550.29929169,40146.34146341464,9438640.391329007,31888610.393700894,40146.34146341464
9439030.713484954,31890064.956487674,39658.53658536585,2.0668192448230225,9438736.840324761,31889639.708092857,39170.73170731707,9439078.937982831,31890579.613683652,39170.73170731707,9439324.586645145,31890490.20488248,40146.34146341464,9438982.488987075,31889550.29929169,40146.34146341464
9439372.811143022,31891004.86207846,39658.53658536585,1.6832788572896733,9439078.937982831,31890579.613683652,39170.73170731707,9439421.035640901,31891519.519274447,39170.73170731707,9439666.684303215,31891430.110473275,40146.34146341464,9439324.586645145,31890490.20488248,40146.34146341464
9439714.908801092,31891944.767669257,39658.53658536585,1.2392039306082785,9439421.035640901,31891519.519274447,39170.73170731707,9439763.133298969,31892459.42486524,39170.73170731707,9440008.781961283,31892370.01606407,40146.34146341464,9439666.684303215,31891430.110473275,40146.34146341464
9440057.006459162,31892884.67326005,39658.53658536585,1.0370222415026384,9439763.133298969,31892459.42486524,39170.73170731707,9440105.230957039,31893399.330456033,39170.73170731707,9440350.879619353,31893309.92165486,40146.34146341464,9440008.781961283,31892370.01606407,40146.34146341464
9440399.10411723,31893824.578850843,39658.53658536585,0.9724523848668214,9440105.230957039,31893399.330456033,39170.73170731707,9440447.328615109,31894339.236046825,39170.73170731707,9440692.977277422,31894249.827245653,40146.34146341464,9440350.879619353,31893309.92165486,40146.34146341464
9440741.2017753,31894764.484441634,39658.53658536585,0.7215083510135939,9440447.328615109,31894339.236046825,39170.73170731707,9440789.426273176,31895279.14163762,39170.73170731707,9441035.07493549,31895189.73283645,40146.34146341464,9440692.977277422,31894249.827245653,40146.34146341464
9441083.29943337,31895704.390032433,39658.53658536585,0.5734437176457677,9440789.426273176,31895279.14163762,39170.73170731707,9441131.523931246,31896219.047228415,39170.73170731707,9441377.17259356,31896129.638427243,40146.34146341464,9441035.07493549,31895189.73283645,40146.34146341464
9441425.397091437,31896644.295623228,39658.53658536585,0.518728075368413,9441131.523931246,31896219.047228415,39170.73170731707,9441473.621589316,31897158.952819206,39170.73170731707,9441719.27025163,31897069.544018034,40146.34146341464,9441377.17259356,31896129.638427243,40146.34146341464
9441767.494749507,31897584.201214015,39658.53658536585,0.5073085117670687,9441473.621589316,31897158.952819206,39170.73170731707,9441815.719247384,31898098.85841,39170.73170731707,9442061.367909698,31898009.449608833,40146.34146341464,9441719.27025163,31897069.544018034,40146.34146341464
9442109.592407577,31898524.106804814,39658.53658536585,0.6280637510176713,9441815.719247384,31898098.85841,39170.73170731707,9442157.816905454,31899038.764000792,39170.73170731707,9442403.46556777,31898949.355199624,40146.34146341464,9442061.367909698,31898009.449608833,40146.34146341464
9442451.690065645,31899464.012395605,39658.53658536585,0.5408615985101595,9442157.816905454,31899038.764000792,39170.73170731707,9442499.914563524,31899978.669591587,39170.73170731707,9442745.563225837,31899889.260790415,40146.34146341464,9442403.46556777,31898949.355199624,40146.34146341464
9442793.787723714,31900403.917986397,39658.53658536585,0.3828635852639127,9442499.914563524,31899978.669591587,39170.73170731707,9442842.012221592,31900918.57518238,39170.73170731707,9443087.660883905,31900829.16638121,40146.34146341464,9442745.563225837,31899889.260790415,40146.34146341464
9443135.885381784,31901343.82357719,39658.53658536585,0.31609774719030737,9442842.012221592,31900918.57518238,39170.73170731707,9443184.109879661,31901858.480773173,39170.73170731707,9443429.758541977,31901769.071972005,40146.34146341464,9443087.660883905,31900829.16638121,40146.34146341464
9443477.983039852,31902283.729167987,39658.53658536585,0.36756609117976996,9443184.109879661,31901858.480773173,39170.73170731707,9443526.207537731,31902798.38636397,39170.73170731707,9443771.856200045,31902708.977562796,40146.34146341464,9443429.758541977,31901769.071972005,40146.34146341464
9443820.080697922,31903223.63475878,39658.53658536585,0.4038875987120597,9443526.207537731,31902798.38636397,39170.73170731707,9443868.3051958,31903738.29195476,39170.73170731707,9444113.953858115,31903648.88315359,40146.34146341464,9443771.856200045,31902708.977562796,40146.34146341464
9444162.178355994,31904163.540349573,39658.53658536585,0.4851754808454226,9443868.3051958,31903738.29195476,39170.73170731707,9444210.402853869,31904678.19754555,39170.73170731707,9444456.051516185,31904588.788744386,40146.34146341464,9444113.953858115,31903648.88315359,40146.34146341464
9444504.276014062,31905103.445940368,39658.53658536585,0.5192565599241341,9444210.402853869,31904678.19754555,39170.73170731707,9444552.500511939,31905618.10313635,39170.73170731707,9444798.149174254,31905528.694335178,40146.34146341464,9444456.051516185,31904588.788744386,40146.34146341464
9444846.37367213,31906043.35153116,39658.53658536585,0.44274620157469236,9444552.500511939,31905618.10313635,39170.73170731707,9444894.598170007,31906558.00872714,39170.73170731707,9445140.246832322,31906468.599925973,40146.34146341464,9444798.149174254,31905528.694335178,40146.34146341464
9445188.471330201,31906983.25712195,39658.53658536585,0.5121451423922276,9444894.598170007,31906558.00872714,39170.73170731707,9445236.695828076,31907497.914317932,39170.73170731707,9445482.344490392,31907408.505516764,40146.34146341464,9445140.246832322,31906468.599925973,40146.34146341464
9445530.56898827,31907923.162712745,39658.53658536585,1.0014098047791147,9445236.695828076,31907497.914317932,39170.73170731707,9445578.793486146,31908437.81990873,39170.73170731707,9445824.442148462,31908348.41110756,40146.34146341464,9445482.344490392,31907408.505516764,40146.34146341464
9445872.666646339,31908863.06830354,39658.53658536585,1.4217175754038769,9445578.793486146,31908437.81990873,39170.73170731707,9445920.891144214,31909377.725499522,39170.73170731707,9446166.53980653,31909288.316698354,40146.34146341464,9445824.442148462,31908348.41110756,40146.34146341464
9446214.764304407,31909802.973894335,39658.53658536585,1.1884599826173605,9445920.891144214,31909377.725499522,39170.73170731707,9446262.988802284,31910317.631090313,39170.73170731707,9446508.6374646,31910228.222289145,40146.34146341464,9446166.53980653,31909288.316698354,40146.34146341464
9446556.861962477,31910742.879485127,39658.53658536585,1.0827818720508011,9446262.988802284,31910317.631090313,39170.73170731707,9446605.086460354,31911257.53668111,39170.73170731707,9446850.73512267,31911168.127879936,40146.34146341464,9446508.6374646,31910228.222289145,40146.34146341464
9446898.959620547,31911682.785075914,39658.53658536585,1.0077826040691311,9446605.086460354,31911257.53668111,39170.73170731707,9446947.184118422,31912197.4422719,39170.73170731707,9447192.832780737,31912108.03347073,40146.34146341464,9446850.73512267,31911168.127879936,40146.34146341464
9447241.057278616,31912622.69066671,39658.53658536585,0.9992076391255675,9446947.184118422,31912197.4422719,39170.73170731707,9447289.281776492,31913137.347862694,39170.73170731707,9447534.930438807,31913047.939061526,40146.34146341464,9447192.832780737,31912108.03347073,40146.34146341464
9447583.154936682,31913562.596257508,39658.53658536585,0.9939100666148817,9447289.281776492,31913137.347862694,39170.73170731707,9447631.379434561,31914077.25345349,39170.73170731707,9447877.028096877,31913987.844652317,40146.34146341464,9447534.930438807,31913047.939061526,40146.34146341464
9447925.252594754,31914502.5018483,39658.53658536585,0.8794660356776826,9447631.379434561,31914077.25345349,39170.73170731707,9447973.477092631,31915017.159044284,39170.73170731707,9448219.125754945,31914927.750243112,40146.34146341464,9447877.028096877,31913987.844652317,40146.34146341464
9448267.350252824,31915442.407439094,39658.53658536585,0.515208652093143,9447973.477092631,31915017.159044284,39170.73170731707,9448315.5747507,31915957.064635076,39170.73170731707,9448561.223413015,31915867.655833907,40146.34146341464,9448219.125754945,31914927.750243112,40146.34146341464
9448609.447910892,31916382.313029893,39658.53658536585,0.4800065472570695,9448315.5747507,31915957.064635076,39170.73170731707,9448657.672408769,31916896.97022587,39170.73170731707,9448903.321071085,31916807.5614247,40146.34146341464,9448561.223413015,31915867.655833907,40146.34146341464
9448951.545568962,31917322.21862068,39658.53658536585,0.5058765220885248,9448657.672408769,31916896.97022587,39170.73170731707,9448999.770066839,31917836.875816662,39170.73170731707,9449245.418729153,31917747.46701549,40146.34146341464,9448903.321071085,31916807.5614247,40146.34146341464
9449293.643227031,31918262.124211468,39658.53658536585,0.4519241374072145,9448999.770066839,31917836.875816662,39170.73170731707,9449341.867724907,31918776.781407453,39170.73170731707,9449587.516387222,31918687.372606285,40146.34146341464,9449245.418729153,31917747.46701549,40146.34146341464
9449635.7408851,31919202.029802267,39658.53658536585,0.4271935401697783,9449341.867724907,31918776.781407453,39170.73170731707,9449683.965382976,31919716.68699825,39170.73170731707,9449929.614045292,31919627.27819708,40146.34146341464,9449587.516387222,31918687.372606285,40146.34146341464
9449977.83854317,31920141.93539306,39658.53658536585,0.4827881338015433,9449683.965382976,31919716.68699825,39170.73170731707,9450026.063041046,31920656.592589043,39170.73170731707,9450271.71170336,31920567.18378787,40146.34146341464,9449929.614045292,31919627.27819708,40146.34146341464
9450319.936201239,31921081.840983853,39658.53658536585,0.3803850386554869,9450026.063041046,31920656.592589043,39170.73170731707,9450368.160699114,31921596.498179834,39170.73170731707,9450613.80936143,31921507.089378666,40146.34146341464,9450271.71170336,31920567.18378787,40146.34146341464
9450662.033859307,31922021.74657465,39658.53658536585,0.3123086900394612,9450368.160699114,31921596.498179834,39170.73170731707,9450710.258357186,31922536.403770633,39170.73170731707,9450955.9070195,31922446.99496946,40146.34146341464,9450613.80936143,31921507.089378666,40146.34146341464
9451004.131517377,31922961.652165446,39658.53658536585,0.3345504058400314,9450710.258357186,31922536.403770633,39170.73170731707,9451052.356015254,31923476.309361424,39170.73170731707,9451298.004677568,31923386.900560252,40146.34146341464,9450955.9070195,31922446.99496946,40146.34146341464
9410198.061211385,31810083.572469056,40634.14634146342,5.174605214444115,9409904.188051192,31809658.324074242,40146.34146341464,9410246.285709262,31810598.229665037,40146.34146341464,9410491.934371578,31810508.820863865,41121.9512195122,9410149.836713508,31809568.915273074,41121.9512195122
9410540.158869453,31811023.478059847,40634.14634146342,5.1054298537083405,9410246.285709262,31810598.229665037,40146.34146341464,9410588.38336733,31811538.13525583,40146.34146341464,9410834.032029646,31811448.72645466,41121.9512195122,9410491.934371578,31810508.820863865,41121.9512195122
9410882.256527523,31811963.38365064,40634.14634146342,4.329798133415181,9410588.38336733,31811538.13525583,40146.34146341464,9410930.4810254,31812478.040846623,40146.34146341464,9411176.129687715,31812388.632045455,41121.9512195122,9410834.032029646,31811448.72645466,41121.9512195122
9411224.35418559,31812903.289241437,40634.14634146342,3.698875158250426,9410930.4810254,31812478.040846623,40146.34146341464,9411272.57868347,31813417.94643742,40146.34146341464,9411518.227345785,31813328.537636247,41121.9512195122,9411176.129687715,31812388.632045455,41121.9512195122
9411566.451843662,31813843.19483223,40634.14634146342,4.087301898854042,9411272.57868347,31813417.94643742,40146.34146341464,9411614.676341537,31814357.85202821,40146.34146341464,9411860.325003855,31814268.44322704,41121.9512195122,9411518.227345785,31813328.537636247,41121.9512195122
9411908.549501732,31814783.10042302,40634.14634146342,4.610241442829873,9411614.676341537,31814357.85202821,40146.34146341464,9411956.773999607,31815297.757619,40146.34146341464,9412202.422661923,31815208.348817833,41121.9512195122,9411860.325003855,31814268.44322704,41121.9512195122
9412250.6471598,31815723.006013818,40634.14634146342,5.092728535622963,9411956.773999607,31815297.757619,40146.34146341464,9412298.871657677,31816237.6632098,40146.34146341464,9412544.520319993,31816148.254408628,41121.9512195122,9412202.422661923,31815208.348817833,41121.9512195122
9412592.744817868,31816662.91160461,40634.14634146342,6.090788838642225,9412298.871657677,31816237.6632098,40146.34146341464,9412640.969315745,31817177.56880059,40146.34146341464,9412886.617978062,31817088.159999423,41121.9512195122,9412544.520319993,31816148.254408628,41121.9512195122
9412934.84247594,31817602.8171954,40634.14634146342,7.016096227580625,9412640.969315745,31817177.56880059,40146.34146341464,9412983.066973815,31818117.474391382,40146.34146341464,9413228.71563613,31818028.065590214,41121.9512195122,9412886.617978062,31817088.159999423,41121.9512195122
9413276.940134007,31818542.722786196,40634.14634146342,7.53162580611856,9412983.066973815,31818117.474391382,40146.34146341464,9413325.164631885,31819057.37998218,40146.34146341464,9413570.8132942,31818967.97118101,41121.9512195122,9413228.71563613,31818028.065590214,41121.9512195122
9413619.037792077,31819482.62837699,40634.14634146342,8.351688471815997,9413325.164631885,31819057.37998218,40146.34146341464,9413667.262289952,31819997.285572972,40146.34146341464,9413912.91095227,31819907.8767718,41121.9512195122,9413570.8132942,31818967.97118101,41121.9512195122
9413961.135450145,31820422.533967786,40634.14634146342,7.996897705495747,9413667.262289952,31819997.285572972,40146.34146341464,9414009.359948022,31820937.191163763,40146.34146341464,9414255.008610338,31820847.782362595,41121.9512195122,9413912.91095227,31819907.8767718,41121.9512195122
9414303.233108215,31821362.439558577,40634.14634146342,7.502385659635281,9414009.359948022,31820937.191163763,40146.34146341464,9414351.457606092,31821877.09675456,40146.34146341464,9414597.106268408,31821787.687953386,41121.9512195122,9414255.008610338,31820847.782362595,41121.9512195122
9414645.330766285,31822302.34514937,40634.14634146342,6.906490237252574,9414351.457606092,31821877.09675456,40146.34146341464,9414693.55526416,31822817.002345353,40146.34146341464,9414939.203926478,31822727.59354418,41121.9512195122,9414597.106268408,31821787.687953386,41121.9512195122
9414987.428424355,31823242.250740163,40634.14634146342,6.855021757818589,9414693.55526416,31822817.002345353,40146.34146341464,9415035.652922232,31823756.907936145,40146.34146341464,9415281.301584546,31823667.499134976,41121.9512195122,9414939.203926478,31822727.59354418,41121.9512195122
9415329.526082423,31824182.156330958,40634.14634146342,6.733247613438472,9415035.652922232,31823756.907936145,40146.34146341464,9415377.7505803,31824696.81352694,40146.34146341464,9415623.399242615,31824607.404725768,41121.9512195122,9415281.301584546,31823667.499134976,41121.9512195122
9415671.623740492,31825122.06192175,40634.14634146342,6.6195992198942655,9415377.7505803,31824696.81352694,40146.34146341464,9415719.84823837,31825636.719117735,40146.34146341464,9415965.496900685,31825547.310316563,41121.9512195122,9415623.399242615,31824607.404725768,41121.9512195122
9416013.721398562,31826061.967512544,40634.14634146342,6.8648882657892,9415719.84823837,31825636.719117735,40146.34146341464,9416061.94589644,31826576.624708526,40146.34146341464,9416307.594558753,31826487.215907358,41121.9512195122,9415965.496900685,31825547.310316563,41121.9512195122
9416355.81905663,31827001.873103343,40634.14634146342,7.782182749699678,9416061.94589644,31826576.624708526,40146.34146341464,9416404.043554507,31827516.53029932,40146.34146341464,9416649.692216823,31827427.12149815,41121.9512195122,9416307.594558753,31826487.215907358,41121.9512195122
9416697.9167147,31827941.77869413,40634.14634146342,7.533634151913629,9416404.043554507,31827516.53029932,40146.34146341464,9416746.141212577,31828456.435890112,40146.34146341464,9416991.789874893,31828367.02708894,41121.9512195122,9416649.692216823,31827427.12149815,41121.9512195122
9417040.01437277,31828881.684284925,40634.14634146342,7.0880809841769405,9416746.141212577,31828456.435890112,40146.34146341464,9417088.238870647,31829396.341480907,40146.34146341464,9417333.88753296,31829306.93267974,41121.9512195122,9416991.789874893,31828367.02708894,41121.9512195122
9417382.112030838,31829821.58987572,40634.14634146342,6.566647272769728,9417088.238870647,31829396.341480907,40146.34146341464,9417430.336528715,31830336.247071702,40146.34146341464,9417675.98519103,31830246.83827053,41121.9512195122,9417333.88753296,31829306.93267974,41121.9512195122
9417724.209688907,31830761.49546651,40634.14634146342,6.513928070352553,9417430.336528715,31830336.247071702,40146.34146341464,9417772.434186785,31831276.152662493,40146.34146341464,9418018.0828491,31831186.74386132,41121.9512195122,9417675.98519103,31830246.83827053,41121.9512195122
9418066.307346977,31831701.401057303,40634.14634146342,6.278369727743092,9417772.434186785,31831276.152662493,40146.34146341464,9418114.531844854,31832216.058253285,40146.34146341464,9418360.180507168,31832126.64945212,41121.9512195122,9418018.0828491,31831186.74386132,41121.9512195122
9418408.405005045,31832641.3066481,40634.14634146342,6.979396350438484,9418114.531844854,31832216.058253285,40146.34146341464,9418456.629502924,31833155.96384408,40146.34146341464,9418702.278165238,31833066.55504291,41121.9512195122,9418360.180507168,31832126.64945212,41121.9512195122
9418750.502663115,31833581.212238897,40634.14634146342,7.166549021392097,9418456.629502924,31833155.96384408,40146.34146341464,9418798.727160992,31834095.869434875,40146.34146341464,9419044.375823306,31834006.460633703,41121.9512195122,9418702.278165238,31833066.55504291,41121.9512195122
9419092.600321185,31834521.117829684,40634.14634146342,7.0120499639144445,9418798.727160992,31834095.869434875,40146.34146341464,9419140.824819062,31835035.775025666,40146.34146341464,9419386.473481376,31834946.366224498,41121.9512195122,9419044.375823306,31834006.460633703,41121.9512195122
9419434.697979253,31835461.023420483,40634.14634146342,6.749634230497176,9419140.824819062,31835035.775025666,40146.34146341464,9419482.922477132,31835975.68061646,40146.34146341464,9419728.571139446,31835886.271815293,41121.9512195122,9419386.473481376,31834946.366224498,41121.9512195122
9419776.795637323,31836400.929011274,40634.14634146342,6.3019589494956785,9419482.922477132,31835975.68061646,40146.34146341464,9419825.0201352,31836915.586207256,40146.34146341464,9420070.668797513,31836826.177406084,41121.9512195122,9419728.571139446,31835886.271815293,41121.9512195122
9420118.893295392,31837340.834602065,40634.14634146342,6.166873243310607,9419825.0201352,31836915.586207256,40146.34146341464,9420167.11779327,31837855.491798047,40146.34146341464,9420412.766455583,31837766.08299688,41121.9512195122,9420070.668797513,31836826.177406084,41121.9512195122
9420460.99095346,31838280.74019286,40634.14634146342,5.847469262281846,9420167.11779327,31837855.491798047,40146.34146341464,9420509.21545134,31838795.39738884,40146.34146341464,9420754.864113653,31838705.98858767,41121.9512195122,9420412.766455583,31837766.08299688,41121.9512195122
9420803.08861153,31839220.64578365,40634.14634146342,5.771639069568778,9420509.21545134,31838795.39738884,40146.34146341464,9420851.313109407,31839735.302979633,40146.34146341464,9421096.961771721,31839645.89417846,41121.9512195122,9420754.864113653,31838705.98858767,41121.9512195122
9421145.1862696,31840160.551374443,40634.14634146342,6.113451933499836,9420851.313109407,31839735.302979633,40146.34146341464,9421193.410767477,31840675.20857043,40146.34146341464,9421439.05942979,31840585.79976926,41121.9512195122,9421096.961771721,31839645.89417846,41121.9512195122
9421487.283927668,31841100.456965238,40634.14634146342,6.155379179263017,9421193.410767477,31840675.20857043,40146.34146341464,9421535.508425547,31841615.11416122,40146.34146341464,9421781.15708786,31841525.70536005,41121.9512195122,9421439.05942979,31840585.79976926,41121.9512195122
9421829.381585738,31842040.362556037,40634.14634146342,5.955183946578238,9421535.508425547,31841615.11416122,40146.34146341464,9421877.606083615,31842555.01975202,40146.34146341464,9422123.25474593,31842465.610950846,41121.9512195122,9421781.15708786,31841525.70536005,41121.9512195122
9422171.479243807,31842980.268146828,40634.14634146342,5.6315046661787616,9421877.606083615,31842555.01975202,40146.34146341464,9422219.703741685,31843494.92534281,40146.34146341464,9422465.352403998,31843405.51654164,41121.9512195122,9422123.25474593,31842465.610950846,41121.9512195122
9422513.576901875,31843920.17373762,40634.14634146342,5.4133252232248905,9422219.703741685,31843494.92534281,40146.34146341464,9422561.801399754,31844434.8309336,40146.34146341464,9422807.450062068,31844345.422132432,41121.9512195122,9422465.352403998,31843405.51654164,41121.9512195122
9422855.674559945,31844860.079328414,40634.14634146342,5.705161439730222,9422561.801399754,31844434.8309336,40146.34146341464,9422903.899057822,31845374.736524396,40146.34146341464,9423149.547720138,31845285.327723224,41121.9512195122,9422807.450062068,31844345.422132432,41121.9512195122
9423197.772218015,31845799.984919205,40634.14634146342,6.133985814105942,9422903.899057822,31845374.736524396,40146.34146341464,9423245.996715892,31846314.642115187,40146.34146341464,9423491.645378206,31846225.233314015,41121.9512195122,9423149.547720138,31845285.327723224,41121.9512195122
9423539.869876083,31846739.890509997,40634.14634146342,6.994297219439512,9423245.996715892,31846314.642115187,40146.34146341464,9423588.094373962,31847254.547705982,40146.34146341464,9423833.743036278,31847165.138904814,41121.9512195122,9423491.645378206,31846225.233314015,41121.9512195122
9423881.967534155,31847679.796100795,40634.14634146342,7.568737068680399,9423588.094373962,31847254.547705982,40146.34146341464,9423930.19203203,31848194.453296777,40146.34146341464,9424175.840694346,31848105.044495605,41121.9512195122,9423833.743036278,31847165.138904814,41121.9512195122
9424224.065192224,31848619.701691583,40634.14634146342,6.405761370758999,9423930.19203203,31848194.453296777,40146.34146341464,9424272.2896901,31849134.358887568,40146.34146341464,9424517.938352413,31849044.950086396,41121.9512195122,9424175.840694346,31848105.044495605,41121.9512195122
9424566.16285029,31849559.607282378,40634.14634146342,5.516499137432943,9424272.2896901,31849134.358887568,40146.34146341464,9424614.38734817,31850074.264478363,40146.34146341464,9424860.036010485,31849984.855677195,41121.9512195122,9424517.938352413,31849044.950086396,41121.9512195122
9424908.260508362,31850499.512873176,40634.14634146342,5.5242474050108745,9424614.38734817,31850074.264478363,40146.34146341464,9424956.485006237,31851014.170069158,40146.34146341464,9425202.133668553,31850924.761267986,41121.9512195122,9424860.036010485,31849984.855677195,41121.9512195122
9425250.358166432,31851439.418463968,40634.14634146342,5.212361519694213,9424956.485006237,31851014.170069158,40146.34146341464,9425298.582664307,31851954.07565995,40146.34146341464,9425544.231326623,31851864.666858777,41121.9512195122,9425202.133668553,31850924.761267986,41121.9512195122
9425592.4558245,31852379.32405476,40634.14634146342,4.248764580264464,9425298.582664307,31851954.07565995,40146.34146341464,9425640.680322377,31852893.98125074,40146.34146341464,9425886.328984693,31852804.572449572,41121.9512195122,9425544.231326623,31851864.666858777,41121.9512195122
9425934.553482568,31853319.229645554,40634.14634146342,3.3121831019999033,9425640.680322377,31852893.98125074,40146.34146341464,9425982.777980445,31853833.88684154,40146.34146341464,9426228.42664276,31853744.478040367,41121.9512195122,9425886.328984693,31852804.572449572,41121.9512195122
9426276.65114064,31854259.13523635,40634.14634146342,3.321692845099599,9425982.777980445,31853833.88684154,40146.34146341464,9426324.875638515,31854773.79243233,40146.34146341464,9426570.52430083,31854684.38363116,41121.9512195122,9426228.42664276,31853744.478040367,41121.9512195122
9426618.748798708,31855199.040827136,40634.14634146342,3.5041533384981185,9426324.875638515,31854773.79243233,40146.34146341464,9426666.973296585,31855713.69802312,40146.34146341464,9426912.6219589,31855624.289221954,41121.9512195122,9426570.52430083,31854684.38363116,41121.9512195122
9426960.846456777,31856138.946417935,40634.14634146342,3.731905116509176,9426666.973296585,31855713.69802312,40146.34146341464,9427009.070954653,31856653.603613917,40146.34146341464,9427254.719616968,31856564.194812745,41121.9512195122,9426912.6219589,31855624.289221954,41121.9512195122
9427302.944114845,31857078.85200873,40634.14634146342,3.6824073858918926,9427009.070954653,31856653.603613917,40146.34146341464,9427351.168612722,31857593.50920471,40146.34146341464,9427596.817275038,31857504.10040354,41121.9512195122,9427254.719616968,31856564.194812745,41121.9512195122
9427645.041772915,31858018.75759952,40634.14634146342,4.199345537028317,9427351.168612722,31857593.50920471,40146.34146341464,9427693.266270792,31858533.414795503,40146.34146341464,9427938.914933108,31858444.005994335,41121.9512195122,9427596.817275038,31857504.10040354,41121.9512195122
9427987.139430985,31858958.663190316,40634.14634146342,4.835529498694702,9427693.266270792,31858533.414795503,40146.34146341464,9428035.36392886,31859473.320386294,40146.34146341464,9428281.012591176,31859383.911585126,41121.9512195122,9427938.914933108,31858444.005994335,41121.9512195122
9428329.237089055,31859898.568781108,40634.14634146342,4.9052509816338565,9428035.36392886,31859473.320386294,40146.34146341464,9428377.46158693,31860413.225977093,40146.34146341464,9428623.110249246,31860323.81717592,41121.9512195122,9428281.012591176,31859383.911585126,41121.9512195122
9428671.334747123,31860838.474371903,40634.14634146342,4.632227252066333,9428377.46158693,31860413.225977093,40146.34146341464,9428719.559245002,31861353.131567884,40146.34146341464,9428965.207907315,31861263.722766716,41121.9512195122,9428623.110249246,31860323.81717592,41121.9512195122
9429013.432405192,31861778.379962694,40634.14634146342,4.237514098103664,9428719.559245002,31861353.131567884,40146.34146341464,9429061.656903068,31862293.037158675,40146.34146341464,9429307.305565383,31862203.628357507,41121.9512195122,9428965.207907315,31861263.722766716,41121.9512195122
9429355.530063262,31862718.28555349,40634.14634146342,4.078908282789969,9429061.656903068,31862293.037158675,40146.34146341464,9429403.75456114,31863232.94274947,40146.34146341464,9429649.403223453,31863143.5339483,41121.9512195122,9429307.305565383,31862203.628357507,41121.9512195122
9429697.62772133,31863658.191144284,40634.14634146342,3.7729221610183106,9429403.75456114,31863232.94274947,40146.34146341464,9429745.85221921,31864172.848340265,40146.34146341464,9429991.500881523,31864083.439539097,41121.9512195122,9429649.403223453,31863143.5339483,41121.9512195122
9430039.7253794,31864598.096735075,40634.14634146342,3.6278596253158732,9429745.85221921,31864172.848340265,40146.34146341464,9430087.949877275,31865112.753931057,40146.34146341464,9430333.59853959,31865023.34512989,41121.9512195122,9429991.500881523,31864083.439539097,41121.9512195122
9430381.82303747,31865538.00232587,40634.14634146342,4.137352407538219,9430087.949877275,31865112.753931057,40146.34146341464,9430430.047535347,31866052.65952185,40146.34146341464,9430675.69619766,31865963.25072068,41121.9512195122,9430333.59853959,31865023.34512989,41121.9512195122
9430723.920695538,31866477.90791666,40634.14634146342,4.116288421221554,9430430.047535347,31866052.65952185,40146.34146341464,9430772.145193417,31866992.565112647,40146.34146341464,9431017.79385573,31866903.15631148,41121.9512195122,9430675.69619766,31865963.25072068,41121.9512195122
9431066.018353608,31867417.813507456,40634.14634146342,5.132649379554842,9430772.145193417,31866992.565112647,40146.34146341464,9431114.242851483,31867932.470703438,40146.34146341464,9431359.891513798,31867843.06190227,41121.9512195122,9431017.79385573,31866903.15631148,41121.9512195122
9431408.116011677,31868357.719098248,40634.14634146342,5.664235247292481,9431114.242851483,31867932.470703438,40146.34146341464,9431456.340509554,31868872.376294233,40146.34146341464,9431701.989171868,31868782.96749306,41121.9512195122,9431359.891513798,31867843.06190227,41121.9512195122
9431750.213669745,31869297.624689043,40634.14634146342,5.805809365997004,9431456.340509554,31868872.376294233,40146.34146341464,9431798.438167624,31869812.281885024,40146.34146341464,9432044.086829938,31869722.873083856,41121.9512195122,9431701.989171868,31868782.96749306,41121.9512195122
9432092.311327815,31870237.530279838,40634.14634146342,5.573691236555119,9431798.438167624,31869812.281885024,40146.34146341464,9432140.535825692,31870752.18747582,40146.34146341464,9432386.184488006,31870662.77867465,41121.9512195122,9432044.086829938,31869722.873083856,41121.9512195122
9432434.408985885,31871177.435870633,40634.14634146342,5.017797442170136,9432140.535825692,31870752.18747582,40146.34146341464,9432482.633483762,31871692.093066614,40146.34146341464,9432728.282146076,31871602.684265442,41121.9512195122,9432386.184488006,31870662.77867465,41121.9512195122
9432776.506643953,31872117.341461424,40634.14634146342,4.348815069326468,9432482.633483762,31871692.093066614,40146.34146341464,9432824.731141832,31872631.998657405,40146.34146341464,9433070.379804146,31872542.589856233,41121.9512195122,9432728.282146076,31871602.684265442,41121.9512195122
9433118.604302023,31873057.247052215,40634.14634146342,4.627231617568796,9432824.731141832,31872631.998657405,40146.34146341464,9433166.8287999,31873571.9042482,40146.34146341464,9433412.477462213,31873482.495447032,41121.9512195122,9433070.379804146,31872542.589856233,41121.9512195122
9433460.701960092,31873997.152643014,40634.14634146342,5.140339065382662,9433166.8287999,31873571.9042482,40146.34146341464,9433508.92645797,31874511.809838995,40146.34146341464,9433754.575120283,31874422.401037823,41121.9512195122,9433412.477462213,31873482.495447032,41121.9512195122
9433802.79961816,31874937.0582338,40634.14634146342,4.701953790385402,9433508.92645797,31874511.809838995,40146.34146341464,9433851.02411604,31875451.715429787,40146.34146341464,9434096.672778353,31875362.306628615,41121.9512195122,9433754.575120283,31874422.401037823,41121.9512195122
9434144.89727623,31875876.963824596,40634.14634146342,4.694018174869358,9433851.02411604,31875451.715429787,40146.34146341464,9434193.121774107,31876391.621020578,40146.34146341464,9434438.770436421,31876302.21221941,41121.9512195122,9434096.672778353,31875362.306628615,41121.9512195122
9434486.9949343,31876816.869415395,40634.14634146342,4.532980621147668,9434193.121774107,31876391.621020578,40146.34146341464,9434535.219432177,31877331.526611373,40146.34146341464,9434780.86809449,31877242.1178102,41121.9512195122,9434438.770436421,31876302.21221941,41121.9512195122
9434829.092592368,31877756.775006182,40634.14634146342,4.234055941275667,9434535.219432177,31877331.526611373,40146.34146341464,9434877.317090247,31878271.432202168,40146.34146341464,9435122.96575256,31878182.023400996,41121.9512195122,9434780.86809449,31877242.1178102,41121.9512195122
9435171.190250438,31878696.680596977,40634.14634146342,3.7097884914322616,9434877.317090247,31878271.432202168,40146.34146341464,9435219.414748315,31879211.33779296,40146.34146341464,9435465.063410629,31879121.92899179,41121.9512195122,9435122.96575256,31878182.023400996,41121.9512195122
9435513.287908508,31879636.586187772,40634.14634146342,3.4099641504119695,9435219.414748315,31879211.33779296,40146.34146341464,9435561.512406385,31880151.243383758,40146.34146341464,9435807.1610687,31880061.834582586,41121.9512195122,9435465.063410629,31879121.92899179,41121.9512195122
9435855.385566575,31880576.491778567,40634.14634146342,2.8746522881043766,9435561.512406385,31880151.243383758,40146.34146341464,9435903.610064454,31881091.148974545,40146.34146341464,9436149.258726768,31881001.740173373,41121.9512195122,9435807.1610687,31880061.834582586,41121.9512195122
9436197.483224645,31881516.397369355,40634.14634146342,2.706560045915262,9435903.610064454,31881091.148974545,40146.34146341464,9436245.707722522,31882031.05456534,40146.34146341464,9436491.356384836,31881941.645764172,41121.9512195122,9436149.258726768,31881001.740173373,41121.9512195122
9436539.580882715,31882456.302960154,40634.14634146342,3.337382887033147,9436245.707722522,31882031.05456534,40146.34146341464,9436587.805380592,31882970.960156135,40146.34146341464,9436833.454042908,31882881.551354963,41121.9512195122,9436491.356384836,31881941.645764172,41121.9512195122
9436881.678540783,31883396.20855095,40634.14634146342,3.826057559470695,9436587.805380592,31882970.960156135,40146.34146341464,9436929.903038662,31883910.865746927,40146.34146341464,9437175.551700976,31883821.456945755,41121.9512195122,9436833.454042908,31882881.551354963,41121.9512195122
9437223.776198853,31884336.114141736,40634.14634146342,3.9306379157724085,9436929.903038662,31883910.865746927,40146.34146341464,9437272.00069673,31884850.77133772,40146.34146341464,9437517.649359046,31884761.362536553,41121.9512195122,9437175.551700976,31883821.456945755,41121.9512195122
9437565.873856924,31885276.019732535,40634.14634146342,3.6014530035950454,9437272.00069673,31884850.77133772,40146.34146341464,9437614.0983548,31885790.676928513,40146.34146341464,9437859.747017115,31885701.268127345,41121.9512195122,9437517.649359046,31884761.362536553,41121.9512195122
9437907.97151499,31886215.925323326,40634.14634146342,3.226186510996898,9437614.0983548,31885790.676928513,40146.34146341464,9437956.196012868,31886730.582519308,40146.34146341464,9438201.844675183,31886641.173718136,41121.9512195122,9437859.747017115,31885701.268127345,41121.9512195122
9438250.06917306,31887155.830914117,40634.14634146342,2.7763478130587247,9437956.196012868,31886730.582519308,40146.34146341464,9438298.293670937,31887670.4881101,40146.34146341464,9438543.942333253,31887581.07930893,41121.9512195122,9438201.844675183,31886641.173718136,41121.9512195122
9438592.166831132,31888095.736504912,40634.14634146342,2.4316954102184845,9438298.293670937,31887670.4881101,40146.34146341464,9438640.391329007,31888610.393700894,40146.34146341464,9438886.039991323,31888520.984899726,41121.9512195122,9438543.942333253,31887581.07930893,41121.9512195122
9438934.2644892,31889035.642095707,40634.14634146342,2.1816409850606022,9438640.391329007,31888610.393700894,40146.34146341464,9438982.488987075,31889550.29929169,40146.34146341464,9439228.137649393,31889460.890490517,41121.9512195122,9438886.039991323,31888520.984899726,41121.9512195122
9439276.362147268,31889975.547686502,40634.14634146342,1.9969266611577348,9438982.488987075,31889550.29929169,40146.34146341464,9439324.586645145,31890490.20488248,40146.34146341464,9439570.23530746,31890400.796081312,41121.9512195122,9439228.137649393,31889460.890490517,41121.9512195122
9439618.45980534,31890915.453277294,40634.14634146342,1.5569853846748576,9439324.586645145,31890490.20488248,40146.34146341464,9439666.684303215,31891430.110473275,40146.34146341464,9439912.33296553,31891340.701672107,41121.9512195122,9439570.23530746,31890400.796081312,41121.9512195122
9439960.557463408,31891855.35886809,40634.14634146342,1.139159804248103,9439666.684303215,31891430.110473275,40146.34146341464,9440008.781961283,31892370.01606407,40146.34146341464,9440254.4306236,31892280.6072629,41121.9512195122,9439912.33296553,31891340.701672107,41121.9512195122
9440302.655121477,31892795.26445888,40634.14634146342,1.1596586114431033,9440008.781961283,31892370.01606407,40146.34146341464,9440350.879619353,31893309.92165486,40146.34146341464,9440596.528281668,31893220.512853693,41121.9512195122,9440254.4306236,31892280.6072629,41121.9512195122
9440644.752779545,31893735.17004967,40634.14634146342,0.8532062851845306,9440350.879619353,31893309.92165486,40146.34146341464,9440692.977277422,31894249.827245653,40146.34146341464,9440938.625939738,31894160.418444484,41121.9512195122,9440596.528281668,31893220.512853693,41121.9512195122
9440986.850437615,31894675.075640466,40634.14634146342,0.9643022484702384,9440692.977277422,31894249.827245653,40146.34146341464,9441035.07493549,31895189.73283645,40146.34146341464,9441280.723597808,31895100.32403528,41121.9512195122,9440938.625939738,31894160.418444484,41121.9512195122
9441328.948095685,31895614.98123126,40634.14634146342,0.9969148394715084,9441035.07493549,31895189.73283645,40146.34146341464,9441377.17259356,31896129.638427243,40146.34146341464,9441622.821255876,31896040.229626074,41121.9512195122,9441280.723597808,31895100.32403528,41121.9512195122
9441671.045753755,31896554.886822056,40634.14634146342,1.096575372920622,9441377.17259356,31896129.638427243,40146.34146341464,9441719.27025163,31897069.544018034,40146.34146341464,9441964.918913946,31896980.135216866,41121.9512195122,9441622.821255876,31896040.229626074,41121.9512195122
9442013.14341182,31897494.792412847,40634.14634146342,1.220324937149152,9441719.27025163,31897069.544018034,40146.34146341464,9442061.367909698,31898009.449608833,40146.34146341464,9442307.016572015,31897920.04080766,41121.9512195122,9441964.918913946,31896980.135216866,41121.9512195122
9442355.241069892,31898434.698003642,40634.14634146342,1.0957917918723852,9442061.367909698,31898009.449608833,40146.34146341464,9442403.46556777,31898949.355199624,40146.34146341464,9442649.114230083,31898859.946398452,41121.9512195122,9442307.016572015,31897920.04080766,41121.9512195122
9442697.338727962,31899374.603594434,40634.14634146342,0.9437901135563723,9442403.46556777,31898949.355199624,40146.34146341464,9442745.563225837,31899889.260790415,40146.34146341464,9442991.211888153,31899799.851989247,41121.9512195122,9442649.114230083,31898859.946398452,41121.9512195122
9443039.43638603,31900314.50918523,40634.14634146342,0.6649593453176977,9442745.563225837,31899889.260790415,40146.34146341464,9443087.660883905,31900829.16638121,40146.34146341464,9443333.309546223,31900739.75758004,41121.9512195122,9442991.211888153,31899799.851989247,41121.9512195122
9443381.5340441,31901254.41477602,40634.14634146342,0.4702381471322178,9443087.660883905,31900829.16638121,40146.34146341464,9443429.758541977,31901769.071972005,40146.34146341464,9443675.40720429,31901679.663170833,41121.9512195122,9443333.309546223,31900739.75758004,41121.9512195122
9443723.63170217,31902194.320366815,40634.14634146342,0.3637573147993671,9443429.758541977,31901769.071972005,40146.34146341464,9443771.856200045,31902708.977562796,40146.34146341464,9444017.50486236,31902619.568761628,41121.9512195122,9443675.40720429,31901679.663170833,41121.9512195122
9444065.729360238,31903134.225957613,40634.14634146342,0.49528115050894017,9443771.856200045,31902708.977562796,40146.34146341464,9444113.953858115,31903648.88315359,40146.34146341464,9444359.60252043,31903559.47435242,41121.9512195122,9444017.50486236,31902619.568761628,41121.9512195122
9444407.827018308,31904074.1315484,40634.14634146342,0.5664618116338629,9444113.953858115,31903648.88315359,40146.34146341464,9444456.051516185,31904588.788744386,40146.34146341464,9444701.700178498,31904499.379943214,41121.9512195122,9444359.60252043,31903559.47435242,41121.9512195122
9444749.924676377,31905014.037139196,40634.14634146342,0.5115114204729646,9444456.051516185,31904588.788744386,40146.34146341464,9444798.149174254,31905528.694335178,40146.34146341464,9445043.797836568,31905439.28553401,41121.9512195122,9444701.700178498,31904499.379943214,41121.9512195122
9445092.022334445,31905953.94272999,40634.14634146342,0.712723260780786,9444798.149174254,31905528.694335178,40146.34146341464,9445140.246832322,31906468.599925973,40146.34146341464,9445385.895494638,31906379.1911248,41121.9512195122,9445043.797836568,31905439.28553401,41121.9512195122
9445434.119992515,31906893.848320782,40634.14634146342,0.9822038090434909,9445140.246832322,31906468.599925973,40146.34146341464,9445482.344490392,31907408.505516764,40146.34146341464,9445727.993152706,31907319.09671559,41121.9512195122,9445385.895494638,31906379.1911248,41121.9512195122
9445776.217650583,31907833.753911573,40634.14634146342,0.8640673841477655,9445482.344490392,31907408.505516764,40146.34146341464,9445824.442148462,31908348.41110756,40146.34146341464,9446070.090810776,31908259.00230639,41121.9512195122,9445727.993152706,31907319.09671559,41121.9512195122
9446118.315308653,31908773.659502372,40634.14634146342,0.7995161768185294,9445824.442148462,31908348.41110756,40146.34146341464,9446166.53980653,31909288.316698354,40146.34146341464,9446412.188468846,31909198.90789718,41121.9512195122,9446070.090810776,31908259.00230639,41121.9512195122
9446460.412966723,31909713.565093167,40634.14634146342,0.8179426896045825,9446166.53980653,31909288.316698354,40146.34146341464,9446508.6374646,31910228.222289145,40146.34146341464,9446754.286126914,31910138.813487973,41121.9512195122,9446412.188468846,31909198.90789718,41121.9512195122
9446802.51062479,31910653.470683955,40634.14634146342,0.8961212809739921,9446508.6374646,31910228.222289145,40146.34146341464,9446850.73512267,31911168.127879936,40146.34146341464,9447096.383784983,31911078.719078768,41121.9512195122,9446754.286126914,31910138.813487973,41121.9512195122
9447144.60828286,31911593.376274746,40634.14634146342,0.8905897365089286,9446850.73512267,31911168.127879936,40146.34146341464,9447192.832780737,31912108.03347073,40146.34146341464,9447438.481443053,31912018.62466956,41121.9512195122,9447096.383784983,31911078.719078768,41121.9512195122
9447486.70594093,31912533.28186554,40634.14634146342,0.5828403570250966,9447192.832780737,31912108.03347073,40146.34146341464,9447534.930438807,31913047.939061526,40146.34146341464,9447780.579101121,31912958.530260354,41121.9512195122,9447438.481443053,31912018.62466956,41121.9512195122
9447828.803598998,31913473.187456336,40634.14634146342,0.5076961260427884,9447534.930438807,31913047.939061526,40146.34146341464,9447877.028096877,31913987.844652317,40146.34146341464,9448122.67675919,31913898.43585115,41121.9512195122,9447780.579101121,31912958.530260354,41121.9512195122
9448170.901257068,31914413.09304713,40634.14634146342,0.5623905750132719,9447877.028096877,31913987.844652317,40146.34146341464,9448219.125754945,31914927.750243112,40146.34146341464,9448464.774417263,31914838.341441944,41121.9512195122,9448122.67675919,31913898.43585115,41121.9512195122
9448512.998915138,31915352.998637926,40634.14634146342,0.49510182727392615,9448219.125754945,31914927.750243112,40146.34146341464,9448561.223413015,31915867.655833907,40146.34146341464,9448806.872075329,31915778.247032735,41121.9512195122,9448464.774417263,31914838.341441944,41121.9512195122
9448855.096573206,31916292.90422872,40634.14634146342,0.3999825005303661,9448561.223413015,31915867.655833907,40146.34146341464,9448903.321071085,31916807.5614247,40146.34146341464,9449148.969733398,31916718.15262353,41121.9512195122,9448806.872075329,31915778.247032735,41121.9512195122
9449197.194231275,31917232.809819512,40634.14634146342,0.2597808739690554,9448903.321071085,31916807.5614247,40146.34146341464,9449245.418729153,31917747.46701549,40146.34146341464,9449491.06739147,31917658.05821432,41121.9512195122,9449148.969733398,31916718.15262353,41121.9512195122
9449539.291889347,31918172.7154103,40634.14634146342,0.23094426748459912,9449245.418729153,31917747.46701549,40146.34146341464,9449587.516387222,31918687.372606285,40146.34146341464,9449833.165049536,31918597.963805113,41121.9512195122,9449491.06739147,31917658.05821432,41121.9512195122
9449881.389547413,31919112.621001095,40634.14634146342,0.23264534782761978,9449587.516387222,31918687.372606285,40146.34146341464,9449929.614045292,31919627.27819708,40146.34146341464,9450175.262707606,31919537.86939591,41121.9512195122,9449833.165049536,31918597.963805113,41121.9512195122
9450223.487205483,31920052.52659189,40634.14634146342,0.22956304100505207,9449929.614045292,31919627.27819708,40146.34146341464,9450271.71170336,31920567.18378787,40146.34146341464,9450517.360365678,31920477.774986703,41121.9512195122,9450175.262707606,31919537.86939591,41121.9512195122
9450565.584863553,31920992.432182685,40634.14634146342,0.2710812993339455,9450271.71170336,31920567.18378787,40146.34146341464,9450613.80936143,31921507.089378666,40146.34146341464,9450859.458023744,31921417.680577494,41121.9512195122,9450517.360365678,31920477.774986703,41121.9512195122
9450907.68252162,31921932.33777348,40634.14634146342,0.2627855614158349,9450613.80936143,31921507.089378666,40146.34146341464,9450955.9070195,31922446.99496946,40146.34146341464,9451201.555681815,31922357.586168293,41121.9512195122,9450859.458023744,31921417.680577494,41121.9512195122
9451249.78017969,31922872.243364275,40634.14634146342,0.28301311889554037,9450955.9070195,31922446.99496946,40146.34146341464,9451298.004677568,31923386.900560252,40146.34146341464,9451543.653339885,31923297.491759084,41121.9512195122,9451201.555681815,31922357.586168293,41121.9512195122
9410443.7098737,31809994.163667884,41609.756097560974,3.6593763094363005,9410149.836713508,31809568.915273074,41121.9512195122,9410491.934371578,31810508.820863865,41121.9512195122,9410737.583033891,31810419.412062697,42097.560975609755,9410395.485375822,31809479.506471902,42097.560975609755
9410785.807531768,31810934.06925868,41609.756097560974,4.00193337340135,9410491.934371578,31810508.820863865,41121.9512195122,9410834.032029646,31811448.72645466,41121.9512195122,9411079.680691961,31811359.31765349,42097.560975609755,9410737.583033891,31810419.412062697,42097.560975609755
9411127.905189838,31811873.97484947,41609.756097560974,3.826020412826752,9410834.032029646,31811448.72645466,41121.9512195122,9411176.129687715,31812388.632045455,41121.9512195122,9411421.77835003,31812299.223244283,42097.560975609755,9411079.680691961,31811359.31765349,42097.560975609755
9411470.002847908,31812813.880440265,41609.756097560974,3.4871656537524416,9411176.129687715,31812388.632045455,41121.9512195122,9411518.227345785,31813328.537636247,41121.9512195122,9411763.876008099,31813239.12883508,42097.560975609755,9411421.77835003,31812299.223244283,42097.560975609755
9411812.100505976,31813753.786031064,41609.756097560974,3.002719306227543,9411518.227345785,31813328.537636247,41121.9512195122,9411860.325003855,31814268.44322704,41121.9512195122,9412105.973666169,31814179.034425873,42097.560975609755,9411763.876008099,31813239.12883508,42097.560975609755
9412154.198164046,31814693.69162185,41609.756097560974,2.975034869413697,9411860.325003855,31814268.44322704,41121.9512195122,9412202.422661923,31815208.348817833,41121.9512195122,9412448.071324237,31815118.94001666,42097.560975609755,9412105.973666169,31814179.034425873,42097.560975609755
9412496.295822116,31815633.597212646,41609.756097560974,3.523846580378166,9412202.422661923,31815208.348817833,41121.9512195122,9412544.520319993,31816148.254408628,41121.9512195122,9412790.168982306,31816058.84560746,42097.560975609755,9412448.071324237,31815118.94001666,42097.560975609755
9412838.393480184,31816573.50280344,41609.756097560974,4.5001178233043735,9412544.520319993,31816148.254408628,41121.9512195122,9412886.617978062,31817088.159999423,41121.9512195122,9413132.266640376,31816998.75119825,42097.560975609755,9412790.168982306,31816058.84560746,42097.560975609755
9413180.491138253,31817513.408394232,41609.756097560974,4.983213149491218,9412886.617978062,31817088.159999423,41121.9512195122,9413228.71563613,31818028.065590214,41121.9512195122,9413474.364298444,31817938.656789042,42097.560975609755,9413132.266640376,31816998.75119825,42097.560975609755
9413522.588796323,31818453.313985024,41609.756097560974,5.9633017124876275,9413228.71563613,31818028.065590214,41121.9512195122,9413570.8132942,31818967.97118101,41121.9512195122,9413816.461956514,31818878.56237984,42097.560975609755,9413474.364298444,31817938.656789042,42097.560975609755
9413864.686454391,31819393.219575822,41609.756097560974,5.739309559097767,9413570.8132942,31818967.97118101,41121.9512195122,9413912.91095227,31819907.8767718,41121.9512195122,9414158.559614584,31819818.467970632,42097.560975609755,9413816.461956514,31818878.56237984,42097.560975609755
9414206.78411246,31820333.125166617,41609.756097560974,5.927146922448764,9413912.91095227,31819907.8767718,41121.9512195122,9414255.008610338,31820847.782362595,41121.9512195122,9414500.657272652,31820758.373561423,42097.560975609755,9414158.559614584,31819818.467970632,42097.560975609755
9414548.88177053,31821273.030757405,41609.756097560974,6.12633141379515,9414255.008610338,31820847.782362595,41121.9512195122,9414597.106268408,31821787.687953386,41121.9512195122,9414842.754930722,31821698.27915222,42097.560975609755,9414500.657272652,31820758.373561423,42097.560975609755
9414890.979428599,31822212.936348204,41609.756097560974,6.303594403689237,9414597.106268408,31821787.687953386,41121.9512195122,9414939.203926478,31822727.59354418,41121.9512195122,9415184.852588791,31822638.184743013,42097.560975609755,9414842.754930722,31821698.27915222,42097.560975609755
9415233.077086668,31823152.841938995,41609.756097560974,5.930765414377871,9414939.203926478,31822727.59354418,41121.9512195122,9415281.301584546,31823667.499134976,41121.9512195122,9415526.950246861,31823578.090333804,42097.560975609755,9415184.852588791,31822638.184743013,42097.560975609755
9415575.174744738,31824092.747529786,41609.756097560974,5.836263177109331,9415281.301584546,31823667.499134976,41121.9512195122,9415623.399242615,31824607.404725768,41121.9512195122,9415869.04790493,31824517.9959246,42097.560975609755,9415526.950246861,31823578.090333804,42097.560975609755
9415917.272402806,31825032.653120577,41609.756097560974,5.954018486334399,9415623.399242615,31824607.404725768,41121.9512195122,9415965.496900685,31825547.310316563,41121.9512195122,9416211.145562999,31825457.901515394,42097.560975609755,9415869.04790493,31824517.9959246,42097.560975609755
9416259.370060876,31825972.558711376,41609.756097560974,5.639917512816055,9415965.496900685,31825547.310316563,41121.9512195122,9416307.594558753,31826487.215907358,41121.9512195122,9416553.243221069,31826397.807106186,42097.560975609755,9416211.145562999,31825457.901515394,42097.560975609755
9416601.467718946,31826912.46430217,41609.756097560974,5.777914626455508,9416307.594558753,31826487.215907358,41121.9512195122,9416649.692216823,31827427.12149815,41121.9512195122,9416895.340879137,31827337.71269698,42097.560975609755,9416553.243221069,31826397.807106186,42097.560975609755
9416943.565377014,31827852.36989296,41609.756097560974,5.978767745585271,9416649.692216823,31827427.12149815,41121.9512195122,9416991.789874893,31828367.02708894,41121.9512195122,9417237.438537208,31828277.618287772,42097.560975609755,9416895.340879137,31827337.71269698,42097.560975609755
9417285.663035085,31828792.275483757,41609.756097560974,6.115334805959707,9416991.789874893,31828367.02708894,41121.9512195122,9417333.88753296,31829306.93267974,41121.9512195122,9417579.536195276,31829217.523878567,42097.560975609755,9417237.438537208,31828277.618287772,42097.560975609755
9417627.760693153,31829732.18107455,41609.756097560974,5.465595059750367,9417333.88753296,31829306.93267974,41121.9512195122,9417675.98519103,31830246.83827053,41121.9512195122,9417921.633853344,31830157.429469362,42097.560975609755,9417579.536195276,31829217.523878567,42097.560975609755
9417969.858351221,31830672.08666534,41609.756097560974,4.818418161477226,9417675.98519103,31830246.83827053,41121.9512195122,9418018.0828491,31831186.74386132,41121.9512195122,9418263.731511416,31831097.335060153,42097.560975609755,9417921.633853344,31830157.429469362,42097.560975609755
9418311.956009293,31831611.992256135,41609.756097560974,4.876116228421567,9418018.0828491,31831186.74386132,41121.9512195122,9418360.180507168,31832126.64945212,41121.9512195122,9418605.829169484,31832037.240650948,42097.560975609755,9418263.731511416,31831097.335060153,42097.560975609755
9418654.053667363,31832551.89784693,41609.756097560974,5.176764031187384,9418360.180507168,31832126.64945212,41121.9512195122,9418702.278165238,31833066.55504291,41121.9512195122,9418947.926827554,31832977.14624174,42097.560975609755,9418605.829169484,31832037.240650948,42097.560975609755
9418996.151325429,31833491.803437725,41609.756097560974,5.1289900626115275,9418702.278165238,31833066.55504291,41121.9512195122,9419044.375823306,31834006.460633703,41121.9512195122,9419290.024485623,31833917.051832534,42097.560975609755,9418947.926827554,31832977.14624174,42097.560975609755
9419338.2489835,31834431.709028516,41609.756097560974,5.193526242964072,9419044.375823306,31834006.460633703,41121.9512195122,9419386.473481376,31834946.366224498,41121.9512195122,9419632.122143691,31834856.957423326,42097.560975609755,9419290.024485623,31833917.051832534,42097.560975609755
9419680.34664157,31835371.61461931,41609.756097560974,4.576953537679831,9419386.473481376,31834946.366224498,41121.9512195122,9419728.571139446,31835886.271815293,41121.9512195122,9419974.219801761,31835796.86301412,42097.560975609755,9419632.122143691,31834856.957423326,42097.560975609755
9420022.444299638,31836311.520210102,41609.756097560974,3.7166682374371067,9419728.571139446,31835886.271815293,41121.9512195122,9420070.668797513,31836826.177406084,41121.9512195122,9420316.317459831,31836736.768604916,42097.560975609755,9419974.219801761,31835796.86301412,42097.560975609755
9420364.541957706,31837251.425800897,41609.756097560974,4.053953118124127,9420070.668797513,31836826.177406084,41121.9512195122,9420412.766455583,31837766.08299688,41121.9512195122,9420658.415117899,31837676.674195707,42097.560975609755,9420316.317459831,31836736.768604916,42097.560975609755
9420706.639615778,31838191.33139169,41609.756097560974,4.703435073782867,9420412.766455583,31837766.08299688,41121.9512195122,9420754.864113653,31838705.98858767,41121.9512195122,9421000.512775969,31838616.579786498,42097.560975609755,9420658.415117899,31837676.674195707,42097.560975609755
9421048.737273846,31839131.23698248,41609.756097560974,5.154078107568336,9420754.864113653,31838705.98858767,41121.9512195122,9421096.961771721,31839645.89417846,41121.9512195122,9421342.610434039,31839556.485377293,42097.560975609755,9421000.512775969,31838616.579786498,42097.560975609755
9421390.834931916,31840071.142573275,41609.756097560974,4.881371364595797,9421096.961771721,31839645.89417846,41121.9512195122,9421439.05942979,31840585.79976926,41121.9512195122,9421684.708092107,31840496.390968088,42097.560975609755,9421342.610434039,31839556.485377293,42097.560975609755
9421732.932589984,31841011.04816407,41609.756097560974,4.701239300291097,9421439.05942979,31840585.79976926,41121.9512195122,9421781.15708786,31841525.70536005,41121.9512195122,9422026.805750176,31841436.29655888,42097.560975609755,9421684.708092107,31840496.390968088,42097.560975609755
9422075.030248053,31841950.953754865,41609.756097560974,4.477916104685069,9421781.15708786,31841525.70536005,41121.9512195122,9422123.25474593,31842465.610950846,41121.9512195122,9422368.903408246,31842376.202149678,42097.560975609755,9422026.805750176,31841436.29655888,42097.560975609755
9422417.127906123,31842890.85934566,41609.756097560974,4.5687631892718,9422123.25474593,31842465.610950846,41121.9512195122,9422465.352403998,31843405.51654164,41121.9512195122,9422711.001066314,31843316.10774047,42097.560975609755,9422368.903408246,31842376.202149678,42097.560975609755
9422759.225564193,31843830.76493645,41609.756097560974,4.9636009962874335,9422465.352403998,31843405.51654164,41121.9512195122,9422807.450062068,31844345.422132432,41121.9512195122,9423053.098724384,31844256.01333126,42097.560975609755,9422711.001066314,31843316.10774047,42097.560975609755
9423101.32322226,31844770.670527242,41609.756097560974,4.931206141533158,9422807.450062068,31844345.422132432,41121.9512195122,9423149.547720138,31845285.327723224,41121.9512195122,9423395.196382454,31845195.918922056,42097.560975609755,9423053.098724384,31844256.01333126,42097.560975609755
9423443.42088033,31845710.576118037,41609.756097560974,5.502818932764551,9423149.547720138,31845285.327723224,41121.9512195122,9423491.645378206,31846225.233314015,41121.9512195122,9423737.294040522,31846135.824512847,42097.560975609755,9423395.196382454,31845195.918922056,42097.560975609755
9423785.5185384,31846650.48170883,41609.756097560974,5.609381390729478,9423491.645378206,31846225.233314015,41121.9512195122,9423833.743036278,31847165.138904814,41121.9512195122,9424079.391698591,31847075.73010364,42097.560975609755,9423737.294040522,31846135.824512847,42097.560975609755
9424127.616196468,31847590.387299623,41609.756097560974,5.498370104641608,9423833.743036278,31847165.138904814,41121.9512195122,9424175.840694346,31848105.044495605,41121.9512195122,9424421.489356661,31848015.635694437,42097.560975609755,9424079.391698591,31847075.73010364,42097.560975609755
9424469.713854538,31848530.292890415,41609.756097560974,5.317587374956321,9424175.840694346,31848105.044495605,41121.9512195122,9424517.938352413,31849044.950086396,41121.9512195122,9424763.58701473,31848955.541285228,42097.560975609755,9424421.489356661,31848015.635694437,42097.560975609755
9424811.811512608,31849470.19848121,41609.756097560974,5.292086868242795,9424517.938352413,31849044.950086396,41121.9512195122,9424860.036010485,31849984.855677195,41121.9512195122,9425105.684672799,31849895.446876023,42097.560975609755,9424763.58701473,31848955.541285228,42097.560975609755
9425153.909170676,31850410.104072005,41609.756097560974,4.8199608602685995,9424860.036010485,31849984.855677195,41121.9512195122,9425202.133668553,31850924.761267986,41121.9512195122,9425447.782330869,31850835.352466818,42097.560975609755,9425105.684672799,31849895.446876023,42097.560975609755
9425496.006828746,31851350.0096628,41609.756097560974,3.867303718243762,9425202.133668553,31850924.761267986,41121.9512195122,9425544.231326623,31851864.666858777,41121.9512195122,9425789.879988937,31851775.25805761,42097.560975609755,9425447.782330869,31850835.352466818,42097.560975609755
9425838.104486816,31852289.91525359,41609.756097560974,3.513927604430572,9425544.231326623,31851864.666858777,41121.9512195122,9425886.328984693,31852804.572449572,41121.9512195122,9426131.977647007,31852715.1636484,42097.560975609755,9425789.879988937,31851775.25805761,42097.560975609755
9426180.202144884,31853229.820844382,41609.756097560974,3.1914680191932914,9425886.328984693,31852804.572449572,41121.9512195122,9426228.42664276,31853744.478040367,41121.9512195122,9426474.075305076,31853655.0692392,42097.560975609755,9426131.977647007,31852715.1636484,42097.560975609755
9426522.299802953,31854169.726435177,41609.756097560974,2.9676490928690424,9426228.42664276,31853744.478040367,41121.9512195122,9426570.52430083,31854684.38363116,41121.9512195122,9426816.172963144,31854594.97482999,42097.560975609755,9426474.075305076,31853655.0692392,42097.560975609755
9426864.397461021,31855109.63202597,41609.756097560974,2.8894845755472893,9426570.52430083,31854684.38363116,41121.9512195122,9426912.6219589,31855624.289221954,41121.9512195122,9427158.270621214,31855534.88042078,42097.560975609755,9426816.172963144,31854594.97482999,42097.560975609755
9427206.495119091,31856049.537616763,41609.756097560974,3.2388137621332347,9426912.6219589,31855624.289221954,41121.9512195122,9427254.719616968,31856564.194812745,41121.9512195122,9427500.368279284,31856474.78601158,42097.560975609755,9427158.270621214,31855534.88042078,42097.560975609755
9427548.59277716,31856989.44320756,41609.756097560974,3.483306977853435,9427254.719616968,31856564.194812745,41121.9512195122,9427596.817275038,31857504.10040354,41121.9512195122,9427842.465937352,31857414.69160237,42097.560975609755,9427500.368279284,31856474.78601158,42097.560975609755
9427890.690435229,31857929.348798353,41609.756097560974,4.012400054700551,9427596.817275038,31857504.10040354,41121.9512195122,9427938.914933108,31858444.005994335,41121.9512195122,9428184.563595422,31858354.597193163,42097.560975609755,9427842.465937352,31857414.69160237,42097.560975609755
9428232.788093299,31858869.254389144,41609.756097560974,3.9196194951002274,9427938.914933108,31858444.005994335,41121.9512195122,9428281.012591176,31859383.911585126,41121.9512195122,9428526.661253491,31859294.502783954,42097.560975609755,9428184.563595422,31858354.597193163,42097.560975609755
9428574.885751368,31859809.159979936,41609.756097560974,3.549323097934281,9428281.012591176,31859383.911585126,41121.9512195122,9428623.110249246,31860323.81717592,41121.9512195122,9428868.75891156,31860234.408374753,42097.560975609755,9428526.661253491,31859294.502783954,42097.560975609755
9428916.983409436,31860749.065570734,41609.756097560974,3.6765899991775606,9428623.110249246,31860323.81717592,41121.9512195122,9428965.207907315,31861263.722766716,41121.9512195122,9429210.856569631,31861174.313965544,42097.560975609755,9428868.75891156,31860234.408374753,42097.560975609755
9429259.081067508,31861688.971161522,41609.756097560974,4.261419779339543,9428965.207907315,31861263.722766716,41121.9512195122,9429307.305565383,31862203.628357507,41121.9512195122,9429552.954227699,31862114.219556335,42097.560975609755,9429210.856569631,31861174.313965544,42097.560975609755
9429601.178725576,31862628.876752317,41609.756097560974,4.0068438679672695,9429307.305565383,31862203.628357507,41121.9512195122,9429649.403223453,31863143.5339483,41121.9512195122,9429895.051885767,31863054.12514713,42097.560975609755,9429552.954227699,31862114.219556335,42097.560975609755
9429943.276383644,31863568.782343116,41609.756097560974,3.431761472762801,9429649.403223453,31863143.5339483,41121.9512195122,9429991.500881523,31864083.439539097,41121.9512195122,9430237.149543839,31863994.030737925,42097.560975609755,9429895.051885767,31863054.12514713,42097.560975609755
9430285.374041714,31864508.687933907,41609.756097560974,2.945367452774006,9429991.500881523,31864083.439539097,41121.9512195122,9430333.59853959,31865023.34512989,41121.9512195122,9430579.247201907,31864933.936328717,42097.560975609755,9430237.149543839,31863994.030737925,42097.560975609755
9430627.471699784,31865448.5935247,41609.756097560974,3.2319691016616363,9430333.59853959,31865023.34512989,41121.9512195122,9430675.69619766,31865963.25072068,41121.9512195122,9430921.344859976,31865873.84191951,42097.560975609755,9430579.247201907,31864933.936328717,42097.560975609755
9430969.569357852,31866388.499115493,41609.756097560974,3.8062616232853634,9430675.69619766,31865963.25072068,41121.9512195122,9431017.79385573,31866903.15631148,41121.9512195122,9431263.442518046,31866813.747510307,42097.560975609755,9430921.344859976,31865873.84191951,42097.560975609755
9431311.667015921,31867328.404706288,41609.756097560974,3.7992134789129444,9431017.79385573,31866903.15631148,41121.9512195122,9431359.891513798,31867843.06190227,41121.9512195122,9431605.540176114,31867753.653101098,42097.560975609755,9431263.442518046,31866813.747510307,42097.560975609755
9431653.764673991,31868268.310297076,41609.756097560974,4.328443368276255,9431359.891513798,31867843.06190227,41121.9512195122,9431701.989171868,31868782.96749306,41121.9512195122,9431947.637834184,31868693.558691893,42097.560975609755,9431605.540176114,31867753.653101098,42097.560975609755
9431995.862332061,31869208.215887874,41609.756097560974,4.7673711022551135,9431701.989171868,31868782.96749306,41121.9512195122,9432044.086829938,31869722.873083856,41121.9512195122,9432289.735492254,31869633.464282684,42097.560975609755,9431947.637834184,31868693.558691893,42097.560975609755
9432337.959990129,31870148.12147867,41609.756097560974,4.814978082805142,9432044.086829938,31869722.873083856,41121.9512195122,9432386.184488006,31870662.77867465,41121.9512195122,9432631.833150323,31870573.36987348,42097.560975609755,9432289.735492254,31869633.464282684,42097.560975609755
9432680.0576482,31871088.02706946,41609.756097560974,5.386898189877017,9432386.184488006,31870662.77867465,41121.9512195122,9432728.282146076,31871602.684265442,41121.9512195122,9432973.930808391,31871513.275464274,42097.560975609755,9432631.833150323,31870573.36987348,42097.560975609755
9433022.155306268,31872027.932660256,41609.756097560974,5.034307865128159,9432728.282146076,31871602.684265442,41121.9512195122,9433070.379804146,31872542.589856233,41121.9512195122,9433316.028466461,31872453.181055065,42097.560975609755,9432973.930808391,31871513.275464274,42097.560975609755
9433364.252964338,31872967.838251047,41609.756097560974,4.714770703197875,9433070.379804146,31872542.589856233,41121.9512195122,9433412.477462213,31873482.495447032,41121.9512195122,9433658.126124531,31873393.08664586,42097.560975609755,9433316.028466461,31872453.181055065,42097.560975609755
9433706.350622406,31873907.74384184,41609.756097560974,5.029353341266028,9433412.477462213,31873482.495447032,41121.9512195122,9433754.575120283,31874422.401037823,41121.9512195122,9434000.223782599,31874332.992236655,42097.560975609755,9433658.126124531,31873393.08664586,42097.560975609755
9434048.448280476,31874847.649432633,41609.756097560974,5.407160356358807,9433754.575120283,31874422.401037823,41121.9512195122,9434096.672778353,31875362.306628615,41121.9512195122,9434342.321440669,31875272.897827446,42097.560975609755,9434000.223782599,31874332.992236655,42097.560975609755
9434390.545938546,31875787.555023428,41609.756097560974,4.978917483214167,9434096.672778353,31875362.306628615,41121.9512195122,9434438.770436421,31876302.21221941,41121.9512195122,9434684.419098737,31876212.803418238,42097.560975609755,9434342.321440669,31875272.897827446,42097.560975609755
9434732.643596616,31876727.460614223,41609.756097560974,4.516739008262806,9434438.770436421,31876302.21221941,41121.9512195122,9434780.86809449,31877242.1178102,41121.9512195122,9435026.516756807,31877152.709009033,42097.560975609755,9434684.419098737,31876212.803418238,42097.560975609755
9435074.741254682,31877667.366205014,41609.756097560974,4.727750272932808,9434780.86809449,31877242.1178102,41121.9512195122,9435122.96575256,31878182.023400996,41121.9512195122,9435368.614414876,31878092.614599828,42097.560975609755,9435026.516756807,31877152.709009033,42097.560975609755
9435416.838912753,31878607.27179581,41609.756097560974,4.326870823109455,9435122.96575256,31878182.023400996,41121.9512195122,9435465.063410629,31879121.92899179,41121.9512195122,9435710.712072944,31879032.52019062,42097.560975609755,9435368.614414876,31878092.614599828,42097.560975609755
9435758.936570823,31879547.1773866,41609.756097560974,4.0284387156621255,9435465.063410629,31879121.92899179,41121.9512195122,9435807.1610687,31880061.834582586,41121.9512195122,9436052.809731014,31879972.425781418,42097.560975609755,9435710.712072944,31879032.52019062,42097.560975609755
9436101.034228891,31880487.082977396,41609.756097560974,4.083958787384817,9435807.1610687,31880061.834582586,41121.9512195122,9436149.258726768,31881001.740173373,41121.9512195122,9436394.907389084,31880912.33137221,42097.560975609755,9436052.809731014,31879972.425781418,42097.560975609755
9436443.13188696,31881426.988568187,41609.756097560974,3.900755082544099,9436149.258726768,31881001.740173373,41121.9512195122,9436491.356384836,31881941.645764172,41121.9512195122,9436737.005047152,31881852.236963,42097.560975609755,9436394.907389084,31880912.33137221,42097.560975609755
9436785.22954503,31882366.89415898,41609.756097560974,3.9153028024857983,9436491.356384836,31881941.645764172,41121.9512195122,9436833.454042908,31882881.551354963,41121.9512195122,9437079.102705222,31882792.142553795,42097.560975609755,9436737.005047152,31881852.236963,42097.560975609755
9437127.327203099,31883306.799749777,41609.756097560974,4.428072652248187,9436833.454042908,31882881.551354963,41121.9512195122,9437175.551700976,31883821.456945755,41121.9512195122,9437421.200363291,31883732.048144586,42097.560975609755,9437079.102705222,31882792.142553795,42097.560975609755
9437469.424861168,31884246.705340568,41609.756097560974,4.4999467294235975,9437175.551700976,31883821.456945755,41121.9512195122,9437517.649359046,31884761.362536553,41121.9512195122,9437763.29802136,31884671.95373538,42097.560975609755,9437421.200363291,31883732.048144586,42097.560975609755
9437811.522519238,31885186.610931363,41609.756097560974,3.878267860535325,9437517.649359046,31884761.362536553,41121.9512195122,9437859.747017115,31885701.268127345,41121.9512195122,9438105.39567943,31885611.859326173,42097.560975609755,9437763.29802136,31884671.95373538,42097.560975609755
9438153.620177306,31886126.516522154,41609.756097560974,3.256495277521996,9437859.747017115,31885701.268127345,41121.9512195122,9438201.844675183,31886641.173718136,41121.9512195122,9438447.493337499,31886551.764916968,42097.560975609755,9438105.39567943,31885611.859326173,42097.560975609755
9438495.717835376,31887066.42211295,41609.756097560974,2.7559721053978024,9438201.844675183,31886641.173718136,41121.9512195122,9438543.942333253,31887581.07930893,41121.9512195122,9438789.590995567,31887491.67050776,42097.560975609755,9438447.493337499,31886551.764916968,42097.560975609755
9438837.815493446,31888006.32770374,41609.756097560974,2.587121254242698,9438543.942333253,31887581.07930893,41121.9512195122,9438886.039991323,31888520.984899726,41121.9512195122,9439131.688653637,31888431.576098554,42097.560975609755,9438789.590995567,31887491.67050776,42097.560975609755
9439179.913151514,31888946.233294535,41609.756097560974,3.1401544542213444,9438886.039991323,31888520.984899726,41121.9512195122,9439228.137649393,31889460.890490517,41121.9512195122,9439473.786311707,31889371.48168935,42097.560975609755,9439131.688653637,31888431.576098554,42097.560975609755
9439522.010809584,31889886.138885334,41609.756097560974,3.0355103974584705,9439228.137649393,31889460.890490517,41121.9512195122,9439570.23530746,31890400.796081312,41121.9512195122,9439815.883969774,31890311.38728014,42097.560975609755,9439473.786311707,31889371.48168935,42097.560975609755
9439864.108467653,31890826.04447612,41609.756097560974,2.5714718584153187,9439570.23530746,31890400.796081312,41121.9512195122,9439912.33296553,31891340.701672107,41121.9512195122,9440157.981627844,31891251.292870935,42097.560975609755,9439815.883969774,31890311.38728014,42097.560975609755
9440206.206125721,31891765.950066917,41609.756097560974,2.1294683534981282,9439912.33296553,31891340.701672107,41121.9512195122,9440254.4306236,31892280.6072629,41121.9512195122,9440500.079285914,31892191.19846173,42097.560975609755,9440157.981627844,31891251.292870935,42097.560975609755
9440548.303783791,31892705.85565771,41609.756097560974,1.8035302585970108,9440254.4306236,31892280.6072629,41121.9512195122,9440596.528281668,31893220.512853693,41121.9512195122,9440842.176943982,31893131.10405252,42097.560975609755,9440500.079285914,31892191.19846173,42097.560975609755
9440890.401441861,31893645.761248503,41609.756097560974,1.6828266236301543,9440596.528281668,31893220.512853693,41121.9512195122,9440938.625939738,31894160.418444484,41121.9512195122,9441184.274602052,31894071.009643313,42097.560975609755,9440842.176943982,31893131.10405252,42097.560975609755
9441232.499099929,31894585.666839294,41609.756097560974,1.3988495224397404,9440938.625939738,31894160.418444484,41121.9512195122,9441280.723597808,31895100.32403528,41121.9512195122,9441526.372260122,31895010.91523411,42097.560975609755,9441184.274602052,31894071.009643313,42097.560975609755
9441574.596757999,31895525.572430093,41609.756097560974,1.2205578436343747,9441280.723597808,31895100.32403528,41121.9512195122,9441622.821255876,31896040.229626074,41121.9512195122,9441868.46991819,31895950.820824903,42097.560975609755,9441526.372260122,31895010.91523411,42097.560975609755
9441916.694416068,31896465.478020888,41609.756097560974,1.2547331208596781,9441622.821255876,31896040.229626074,41121.9512195122,9441964.918913946,31896980.135216866,41121.9512195122,9442210.56757626,31896890.726415694,42097.560975609755,9441868.46991819,31895950.820824903,42097.560975609755
9442258.792074136,31897405.383611675,41609.756097560974,1.6294047358364367,9441964.918913946,31896980.135216866,41121.9512195122,9442307.016572015,31897920.04080766,41121.9512195122,9442552.66523433,31897830.632006492,42097.560975609755,9442210.56757626,31896890.726415694,42097.560975609755
9442600.889732206,31898345.289202474,41609.756097560974,1.3743697302359763,9442307.016572015,31897920.04080766,41121.9512195122,9442649.114230083,31898859.946398452,41121.9512195122,9442894.762892399,31898770.537597284,42097.560975609755,9442552.66523433,31897830.632006492,42097.560975609755
9442942.987390276,31899285.194793265,41609.756097560974,1.0617621946202969,9442649.114230083,31898859.946398452,41121.9512195122,9442991.211888153,31899799.851989247,41121.9512195122,9443236.860550467,31899710.443188075,42097.560975609755,9442894.762892399,31898770.537597284,42097.560975609755
9443285.085048344,31900225.100384057,41609.756097560974,0.9848638568905942,9442991.211888153,31899799.851989247,41121.9512195122,9443333.309546223,31900739.75758004,41121.9512195122,9443578.958208537,31900650.34877887,42097.560975609755,9443236.860550467,31899710.443188075,42097.560975609755
9443627.182706414,31901165.00597485,41609.756097560974,1.183680606407106,9443333.309546223,31900739.75758004,41121.9512195122,9443675.40720429,31901679.663170833,41121.9512195122,9443921.055866607,31901590.254369665,42097.560975609755,9443578.958208537,31900650.34877887,42097.560975609755
9443969.280364485,31902104.911565647,41609.756097560974,1.3663791258678966,9443675.40720429,31901679.663170833,41121.9512195122,9444017.50486236,31902619.568761628,41121.9512195122,9444263.153524674,31902530.159960456,42097.560975609755,9443921.055866607,31901590.254369665,42097.560975609755
9444311.378022552,31903044.81715644,41609.756097560974,1.3559666172397085,9444017.50486236,31902619.568761628,41121.9512195122,9444359.60252043,31903559.47435242,41121.9512195122,9444605.251182746,31903470.06555125,42097.560975609755,9444263.153524674,31902530.159960456,42097.560975609755
9444653.475680623,31903984.722747233,41609.756097560974,1.3561636987312848,9444359.60252043,31903559.47435242,41121.9512195122,9444701.700178498,31904499.379943214,41121.9512195122,9444947.348840814,31904409.971142046,42097.560975609755,9444605.251182746,31903470.06555125,42097.560975609755
9444995.573338693,31904924.628338028,41609.756097560974,1.4649307758805825,9444701.700178498,31904499.379943214,41121.9512195122,9445043.797836568,31905439.28553401,41121.9512195122,9445289.446498884,31905349.876732837,42097.560975609755,9444947.348840814,31904409.971142046,42097.560975609755
9445337.670996761,31905864.53392882,41609.756097560974,1.4108789403898832,9445043.797836568,31905439.28553401,41121.9512195122,9445385.895494638,31906379.1911248,41121.9512195122,9445631.544156954,31906289.782323632,42097.560975609755,9445289.446498884,31905349.876732837,42097.560975609755
9445679.768654829,31906804.43951961,41609.756097560974,1.3068529568651883,9445385.895494638,31906379.1911248,41121.9512195122,9445727.993152706,31907319.09671559,41121.9512195122,9445973.641815022,31907229.687914424,42097.560975609755,9445631.544156954,31906289.782323632,42097.560975609755
9446021.8663129,31907744.345110405,41609.756097560974,0.9375398527731271,9445727.993152706,31907319.09671559,41121.9512195122,9446070.090810776,31908259.00230639,41121.9512195122,9446315.739473091,31908169.59350522,42097.560975609755,9445973.641815022,31907229.687914424,42097.560975609755
9446363.963970968,31908684.2507012,41609.756097560974,0.7617273198641824,9446070.090810776,31908259.00230639,41121.9512195122,9446412.188468846,31909198.90789718,41121.9512195122,9446657.837131161,31909109.499096014,42097.560975609755,9446315.739473091,31908169.59350522,42097.560975609755
9446706.061629038,31909624.156291995,41609.756097560974,0.5845263113535891,9446412.188468846,31909198.90789718,41121.9512195122,9446754.286126914,31910138.813487973,41121.9512195122,9446999.93478923,31910049.404686805,42097.560975609755,9446657.837131161,31909109.499096014,42097.560975609755
9447048.159287106,31910564.061882786,41609.756097560974,0.6279340626029922,9446754.286126914,31910138.813487973,41121.9512195122,9447096.383784983,31911078.719078768,41121.9512195122,9447342.032447299,31910989.3102776,42097.560975609755,9446999.93478923,31910049.404686805,42097.560975609755
9447390.256945176,31911503.967473574,41609.756097560974,0.6829169420894746,9447096.383784983,31911078.719078768,41121.9512195122,9447438.481443053,31912018.62466956,41121.9512195122,9447684.130105369,31911929.21586839,42097.560975609755,9447342.032447299,31910989.3102776,42097.560975609755
9447732.354603246,31912443.87306437,41609.756097560974,0.7445420243097479,9447438.481443053,31912018.62466956,41121.9512195122,9447780.579101121,31912958.530260354,41121.9512195122,9448026.227763437,31912869.121459186,42097.560975609755,9447684.130105369,31911929.21586839,42097.560975609755
9448074.452261316,31913383.778655168,41609.756097560974,0.48241983552399764,9447780.579101121,31912958.530260354,41121.9512195122,9448122.67675919,31913898.43585115,41121.9512195122,9448368.325421507,31913809.027049977,42097.560975609755,9448026.227763437,31912869.121459186,42097.560975609755
9448416.549919384,31914323.68424596,41609.756097560974,0.3148335259981785,9448122.67675919,31913898.43585115,41121.9512195122,9448464.774417263,31914838.341441944,41121.9512195122,9448710.423079576,31914748.932640772,42097.560975609755,9448368.325421507,31913809.027049977,42097.560975609755
9448758.647577453,31915263.589836754,41609.756097560974,0.29562049165847154,9448464.774417263,31914838.341441944,41121.9512195122,9448806.872075329,31915778.247032735,41121.9512195122,9449052.520737644,31915688.838231567,42097.560975609755,9448710.423079576,31914748.932640772,42097.560975609755
9449100.745235523,31916203.495427553,41609.756097560974,0.24565240531265728,9448806.872075329,31915778.247032735,41121.9512195122,9449148.969733398,31916718.15262353,41121.9512195122,9449394.618395714,31916628.74382236,42097.560975609755,9449052.520737644,31915688.838231567,42097.560975609755
9449442.842893591,31917143.40101834,41609.756097560974,0.25582597927016176,9449148.969733398,31916718.15262353,41121.9512195122,9449491.06739147,31917658.05821432,41121.9512195122,9449736.716053784,31917568.64941315,42097.560975609755,9449394.618395714,31916628.74382236,42097.560975609755
9449784.940551661,31918083.306609128,41609.756097560974,0.21515789859340329,9449491.06739147,31917658.05821432,41121.9512195122,9449833.165049536,31918597.963805113,41121.9512195122,9450078.813711852,31918508.555003945,42097.560975609755,9449736.716053784,31917568.64941315,42097.560975609755
9450127.03820973,31919023.212199926,41609.756097560974,0.24018610517823882,9449833.165049536,31918597.963805113,41121.9512195122,9450175.262707606,31919537.86939591,41121.9512195122,9450420.911369922,31919448.46059474,42097.560975609755,9450078.813711852,31918508.555003945,42097.560975609755
9450469.135867799,31919963.11779072,41609.756097560974,0.34691985103148576,9450175.262707606,31919537.86939591,41121.9512195122,9450517.360365678,31920477.774986703,41121.9512195122,9450763.009027991,31920388.36618553,42097.560975609755,9450420.911369922,31919448.46059474,42097.560975609755
9450811.233525869,31920903.023381513,41609.756097560974,0.41770907083842157,9450517.360365678,31920477.774986703,41121.9512195122,9450859.458023744,31921417.680577494,41121.9512195122,9451105.10668606,31921328.271776326,42097.560975609755,9450763.009027991,31920388.36618553,42097.560975609755
9451153.331183938,31921842.92897231,41609.756097560974,0.5777108675168254,9450859.458023744,31921417.680577494,41121.9512195122,9451201.555681815,31922357.586168293,41121.9512195122,9451447.20434413,31922268.17736712,42097.560975609755,9451105.10668606,31921328.271776326,42097.560975609755
9451495.428842006,31922782.834563106,41609.756097560974,0.6030732217709223,9451201.555681815,31922357.586168293,41121.9512195122,9451543.653339885,31923297.491759084,41121.9512195122,9451789.302002199,31923208.082957912,42097.560975609755,9451447.20434413,31922268.17736712,42097.560975609755
9410689.358536014,31809904.754866716,42585.36585365853,2.8401078001456224,9410395.485375822,31809479.506471902,42097.560975609755,9410737.583033891,31810419.412062697,42097.560975609755,9410983.231696207,31810330.003261525,43073.170731707316,9410641.13403814,31809390.097670734,43073.170731707316
9411031.456194082,31810844.660457507,42585.36585365853,2.6274847731986104,9410737.583033891,31810419.412062697,42097.560975609755,9411079.680691961,31811359.31765349,42097.560975609755,9411325.329354275,31811269.90885232,43073.170731707316,9410983.231696207,31810330.003261525,43073.170731707316
9411373.553852152,31811784.5660483,42585.36585365853,2.5013557454309097,9411079.680691961,31811359.31765349,42097.560975609755,9411421.77835003,31812299.223244283,42097.560975609755,9411667.427012347,31812209.814443115,43073.170731707316,9411325.329354275,31811269.90885232,43073.170731707316
9411715.651510224,31812724.471639097,42585.36585365853,2.192057991392408,9411421.77835003,31812299.223244283,42097.560975609755,9411763.876008099,31813239.12883508,42097.560975609755,9412009.524670415,31813149.720033906,43073.170731707316,9411667.427012347,31812209.814443115,43073.170731707316
9412057.74916829,31813664.37722989,42585.36585365853,2.184182718993236,9411763.876008099,31813239.12883508,42097.560975609755,9412105.973666169,31814179.034425873,42097.560975609755,9412351.622328484,31814089.625624705,43073.170731707316,9412009.524670415,31813149.720033906,43073.170731707316
9412399.846826361,31814604.282820683,42585.36585365853,2.3832571808709884,9412105.973666169,31814179.034425873,42097.560975609755,9412448.071324237,31815118.94001666,42097.560975609755,9412693.719986554,31815029.531215493,43073.170731707316,9412351.622328484,31814089.625624705,43073.170731707316
9412741.944484431,31815544.188411478,42585.36585365853,2.468578097515145,9412448.071324237,31815118.94001666,42097.560975609755,9412790.168982306,31816058.84560746,42097.560975609755,9413035.817644622,31815969.436806288,43073.170731707316,9412693.719986554,31815029.531215493,43073.170731707316
9413084.0421425,31816484.09400227,42585.36585365853,2.750319386951789,9412790.168982306,31816058.84560746,42097.560975609755,9413132.266640376,31816998.75119825,42097.560975609755,9413377.915302692,31816909.342397083,43073.170731707316,9413035.817644622,31815969.436806288,43073.170731707316
9413426.139800567,31817423.99959306,42585.36585365853,3.231683138930207,9413132.266640376,31816998.75119825,42097.560975609755,9413474.364298444,31817938.656789042,42097.560975609755,9413720.012960762,31817849.247987874,43073.170731707316,9413377.915302692,31816909.342397083,43073.170731707316
9413768.237458639,31818363.905183855,42585.36585365853,3.905378426776619,9413474.364298444,31817938.656789042,42097.560975609755,9413816.461956514,31818878.56237984,42097.560975609755,9414062.11061883,31818789.15357867,43073.170731707316,9413720.012960762,31817849.247987874,43073.170731707316
9414110.335116707,31819303.81077465,42585.36585365853,3.866121199564635,9413816.461956514,31818878.56237984,42097.560975609755,9414158.559614584,31819818.467970632,42097.560975609755,9414404.2082769,31819729.05916946,43073.170731707316,9414062.11061883,31818789.15357867,43073.170731707316
9414452.432774777,31820243.716365445,42585.36585365853,3.9854106608533733,9414158.559614584,31819818.467970632,42097.560975609755,9414500.657272652,31820758.373561423,42097.560975609755,9414746.30593497,31820668.964760255,43073.170731707316,9414404.2082769,31819729.05916946,43073.170731707316
9414794.530432845,31821183.621956237,42585.36585365853,3.8562690120408294,9414500.657272652,31820758.373561423,42097.560975609755,9414842.754930722,31821698.27915222,42097.560975609755,9415088.403593037,31821608.870351046,43073.170731707316,9414746.30593497,31820668.964760255,43073.170731707316
9415136.628090914,31822123.52754703,42585.36585365853,3.3352927282690477,9414842.754930722,31821698.27915222,42097.560975609755,9415184.852588791,31822638.184743013,42097.560975609755,9415430.501251107,31822548.77594184,43073.170731707316,9415088.403593037,31821608.870351046,43073.170731707316
9415478.725748984,31823063.433137823,42585.36585365853,3.445750256883939,9415184.852588791,31822638.184743013,42097.560975609755,9415526.950246861,31823578.090333804,42097.560975609755,9415772.598909175,31823488.681532636,43073.170731707316,9415430.501251107,31822548.77594184,43073.170731707316
9415820.823407054,31824003.338728618,42585.36585365853,4.044703470982646,9415526.950246861,31823578.090333804,42097.560975609755,9415869.04790493,31824517.9959246,42097.560975609755,9416114.696567245,31824428.587123428,43073.170731707316,9415772.598909175,31823488.681532636,43073.170731707316
9416162.92106512,31824943.24431941,42585.36585365853,3.7327661572121373,9415869.04790493,31824517.9959246,42097.560975609755,9416211.145562999,31825457.901515394,42097.560975609755,9416456.794225315,31825368.492714223,43073.170731707316,9416114.696567245,31824428.587123428,43073.170731707316
9416505.018723192,31825883.149910204,42585.36585365853,4.384472767327016,9416211.145562999,31825457.901515394,42097.560975609755,9416553.243221069,31826397.807106186,42097.560975609755,9416798.891883383,31826308.398305018,43073.170731707316,9416456.794225315,31825368.492714223,43073.170731707316
9416847.116381261,31826823.055501003,42585.36585365853,4.7405525367949926,9416553.243221069,31826397.807106186,42097.560975609755,9416895.340879137,31827337.71269698,42097.560975609755,9417140.989541452,31827248.30389581,43073.170731707316,9416798.891883383,31826308.398305018,43073.170731707316
9417189.21403933,31827762.96109179,42585.36585365853,4.4049094955708945,9416895.340879137,31827337.71269698,42097.560975609755,9417237.438537208,31828277.618287772,42097.560975609755,9417483.087199522,31828188.2094866,43073.170731707316,9417140.989541452,31827248.30389581,43073.170731707316
9417531.3116974,31828702.866682585,42585.36585365853,3.937212045223014,9417237.438537208,31828277.618287772,42097.560975609755,9417579.536195276,31829217.523878567,42097.560975609755,9417825.18485759,31829128.1150774,43073.170731707316,9417483.087199522,31828188.2094866,43073.170731707316
9417873.409355469,31829642.77227338,42585.36585365853,3.9233521551436086,9417579.536195276,31829217.523878567,42097.560975609755,9417921.633853344,31830157.429469362,42097.560975609755,9418167.28251566,31830068.02066819,43073.170731707316,9417825.18485759,31829128.1150774,43073.170731707316
9418215.507013537,31830582.67786417,42585.36585365853,3.8954652375992103,9417921.633853344,31830157.429469362,42097.560975609755,9418263.731511416,31831097.335060153,42097.560975609755,9418509.38017373,31831007.92625898,43073.170731707316,9418167.28251566,31830068.02066819,43073.170731707316
9418557.604671607,31831522.583454963,42585.36585365853,3.251756047014972,9418263.731511416,31831097.335060153,42097.560975609755,9418605.829169484,31832037.240650948,42097.560975609755,9418851.477831798,31831947.83184978,43073.170731707316,9418509.38017373,31831007.92625898,43073.170731707316
9418899.702329677,31832462.48904576,42585.36585365853,2.38242853799234,9418605.829169484,31832037.240650948,42097.560975609755,9418947.926827554,31832977.14624174,42097.560975609755,9419193.575489867,31832887.73744057,43073.170731707316,9418851.477831798,31831947.83184978,43073.170731707316
9419241.799987745,31833402.394636557,42585.36585365853,2.4187954322889573,9418947.926827554,31832977.14624174,42097.560975609755,9419290.024485623,31833917.051832534,42097.560975609755,9419535.673147937,31833827.643031362,43073.170731707316,9419193.575489867,31832887.73744057,43073.170731707316
9419583.897645814,31834342.300227344,42585.36585365853,2.702485671204038,9419290.024485623,31833917.051832534,42097.560975609755,9419632.122143691,31834856.957423326,42097.560975609755,9419877.770806005,31834767.548622157,43073.170731707316,9419535.673147937,31833827.643031362,43073.170731707316
9419925.995303884,31835282.205818143,42585.36585365853,2.614668833038884,9419632.122143691,31834856.957423326,42097.560975609755,9419974.219801761,31835796.86301412,42097.560975609755,9420219.868464075,31835707.454212952,43073.170731707316,9419877.770806005,31834767.548622157,43073.170731707316
9420268.092961952,31836222.111408934,42585.36585365853,2.5927713916598494,9419974.219801761,31835796.86301412,42097.560975609755,9420316.317459831,31836736.768604916,42097.560975609755,9420561.966122145,31836647.359803744,43073.170731707316,9420219.868464075,31835707.454212952,43073.170731707316
9420610.190620022,31837162.016999725,42585.36585365853,2.9166141921684683,9420316.317459831,31836736.768604916,42097.560975609755,9420658.415117899,31837676.674195707,42097.560975609755,9420904.063780213,31837587.26539454,43073.170731707316,9420561.966122145,31836647.359803744,43073.170731707316
9420952.288278092,31838101.922590517,42585.36585365853,3.3976498379482423,9420658.415117899,31837676.674195707,42097.560975609755,9421000.512775969,31838616.579786498,42097.560975609755,9421246.161438283,31838527.170985334,43073.170731707316,9420904.063780213,31837587.26539454,43073.170731707316
9421294.38593616,31839041.828181315,42585.36585365853,3.272549494443319,9421000.512775969,31838616.579786498,42097.560975609755,9421342.610434039,31839556.485377293,42097.560975609755,9421588.259096352,31839467.07657612,43073.170731707316,9421246.161438283,31838527.170985334,43073.170731707316
9421636.48359423,31839981.733772103,42585.36585365853,3.1539204964206706,9421342.610434039,31839556.485377293,42097.560975609755,9421684.708092107,31840496.390968088,42097.560975609755,9421930.35675442,31840406.98216692,43073.170731707316,9421588.259096352,31839467.07657612,43073.170731707316
9421978.5812523,31840921.639362898,42585.36585365853,2.997474938219631,9421684.708092107,31840496.390968088,42097.560975609755,9422026.805750176,31841436.29655888,42097.560975609755,9422272.45441249,31841346.88775771,43073.170731707316,9421930.35675442,31840406.98216692,43073.170731707316
9422320.678910367,31841861.544953696,42585.36585365853,3.0477303527169166,9422026.805750176,31841436.29655888,42097.560975609755,9422368.903408246,31842376.202149678,42097.560975609755,9422614.552070562,31842286.793348506,43073.170731707316,9422272.45441249,31841346.88775771,43073.170731707316
9422662.776568437,31842801.450544488,42585.36585365853,3.4810425563243195,9422368.903408246,31842376.202149678,42097.560975609755,9422711.001066314,31843316.10774047,42097.560975609755,9422956.649728628,31843226.6989393,43073.170731707316,9422614.552070562,31842286.793348506,43073.170731707316
9423004.874226507,31843741.35613528,42585.36585365853,3.3282816989360917,9422711.001066314,31843316.10774047,42097.560975609755,9423053.098724384,31844256.01333126,42097.560975609755,9423298.747386698,31844166.604530092,43073.170731707316,9422956.649728628,31843226.6989393,43073.170731707316
9423346.971884575,31844681.261726074,42585.36585365853,3.4735081160939734,9423053.098724384,31844256.01333126,42097.560975609755,9423395.196382454,31845195.918922056,42097.560975609755,9423640.84504477,31845106.510120884,43073.170731707316,9423298.747386698,31844166.604530092,43073.170731707316
9423689.069542646,31845621.167316865,42585.36585365853,3.5892255889586853,9423395.196382454,31845195.918922056,42097.560975609755,9423737.294040522,31846135.824512847,42097.560975609755,9423982.942702835,31846046.415711675,43073.170731707316,9423640.84504477,31845106.510120884,43073.170731707316
9424031.167200714,31846561.072907656,42585.36585365853,4.347338332288761,9423737.294040522,31846135.824512847,42097.560975609755,9424079.391698591,31847075.73010364,42097.560975609755,9424325.040360907,31846986.321302474,43073.170731707316,9423982.942702835,31846046.415711675,43073.170731707316
9424373.264858784,31847500.978498455,42585.36585365853,4.475772873141068,9424079.391698591,31847075.73010364,42097.560975609755,9424421.489356661,31848015.635694437,42097.560975609755,9424667.138018977,31847926.226893265,43073.170731707316,9424325.040360907,31846986.321302474,43073.170731707316
9424715.362516852,31848440.884089243,42585.36585365853,3.9671508841395973,9424421.489356661,31848015.635694437,42097.560975609755,9424763.58701473,31848955.541285228,42097.560975609755,9425009.235677043,31848866.132484056,43073.170731707316,9424667.138018977,31847926.226893265,43073.170731707316
9425057.460174922,31849380.789680038,42585.36585365853,3.925698389077044,9424763.58701473,31848955.541285228,42097.560975609755,9425105.684672799,31849895.446876023,42097.560975609755,9425351.333335115,31849806.038074855,43073.170731707316,9425009.235677043,31848866.132484056,43073.170731707316
9425399.55783299,31850320.695270836,42585.36585365853,4.566042359143864,9425105.684672799,31849895.446876023,42097.560975609755,9425447.782330869,31850835.352466818,42097.560975609755,9425693.430993184,31850745.943665646,43073.170731707316,9425351.333335115,31849806.038074855,43073.170731707316
9425741.655491062,31851260.600861628,42585.36585365853,4.342346253187935,9425447.782330869,31850835.352466818,42097.560975609755,9425789.879988937,31851775.25805761,42097.560975609755,9426035.528651252,31851685.849256437,43073.170731707316,9425693.430993184,31850745.943665646,43073.170731707316
9426083.753149131,31852200.50645242,42585.36585365853,3.900108396989118,9425789.879988937,31851775.25805761,42097.560975609755,9426131.977647007,31852715.1636484,42097.560975609755,9426377.626309322,31852625.754847232,43073.170731707316,9426035.528651252,31851685.849256437,43073.170731707316
9426425.8508072,31853140.412043214,42585.36585365853,3.7514419406732293,9426131.977647007,31852715.1636484,42097.560975609755,9426474.075305076,31853655.0692392,42097.560975609755,9426719.723967392,31853565.660438027,43073.170731707316,9426377.626309322,31852625.754847232,43073.170731707316
9426767.948465267,31854080.31763401,42585.36585365853,3.455509731900307,9426474.075305076,31853655.0692392,42097.560975609755,9426816.172963144,31854594.97482999,42097.560975609755,9427061.82162546,31854505.56602882,43073.170731707316,9426719.723967392,31853565.660438027,43073.170731707316
9427110.046123339,31855020.223224796,42585.36585365853,3.278619714287029,9426816.172963144,31854594.97482999,42097.560975609755,9427158.270621214,31855534.88042078,42097.560975609755,9427403.91928353,31855445.471619613,43073.170731707316,9427061.82162546,31854505.56602882,43073.170731707316
9427452.143781407,31855960.128815595,42585.36585365853,3.3752106803194786,9427158.270621214,31855534.88042078,42097.560975609755,9427500.368279284,31856474.78601158,42097.560975609755,9427746.0169416,31856385.37721041,43073.170731707316,9427403.91928353,31855445.471619613,43073.170731707316
9427794.241439477,31856900.03440639,42585.36585365853,3.112879662818999,9427500.368279284,31856474.78601158,42097.560975609755,9427842.465937352,31857414.69160237,42097.560975609755,9428088.114599667,31857325.2828012,43073.170731707316,9427746.0169416,31856385.37721041,43073.170731707316
9428136.339097545,31857839.93999718,42585.36585365853,3.3613376070038803,9427842.465937352,31857414.69160237,42097.560975609755,9428184.563595422,31858354.597193163,42097.560975609755,9428430.212257737,31858265.188391995,43073.170731707316,9428088.114599667,31857325.2828012,43073.170731707316
9428478.436755614,31858779.845587976,42585.36585365853,3.1241378304280922,9428184.563595422,31858354.597193163,42097.560975609755,9428526.661253491,31859294.502783954,42097.560975609755,9428772.309915807,31859205.093982786,43073.170731707316,9428430.212257737,31858265.188391995,43073.170731707316
9428820.534413684,31859719.751178768,42585.36585365853,3.3886101630411543,9428526.661253491,31859294.502783954,42097.560975609755,9428868.75891156,31860234.408374753,42097.560975609755,9429114.407573875,31860144.99957358,43073.170731707316,9428772.309915807,31859205.093982786,43073.170731707316
9429162.632071754,31860659.656769563,42585.36585365853,3.235888642023456,9428868.75891156,31860234.408374753,42097.560975609755,9429210.856569631,31861174.313965544,42097.560975609755,9429456.505231945,31861084.905164376,43073.170731707316,9429114.407573875,31860144.99957358,43073.170731707316
9429504.729729822,31861599.562360354,42585.36585365853,2.975625044384068,9429210.856569631,31861174.313965544,42097.560975609755,9429552.954227699,31862114.219556335,42097.560975609755,9429798.602890015,31862024.810755167,43073.170731707316,9429456.505231945,31861084.905164376,43073.170731707316
9429846.827387892,31862539.46795115,42585.36585365853,3.061504302634029,9429552.954227699,31862114.219556335,42097.560975609755,9429895.051885767,31863054.12514713,42097.560975609755,9430140.700548083,31862964.716345962,43073.170731707316,9429798.602890015,31862024.810755167,43073.170731707316
9430188.925045962,31863479.373541944,42585.36585365853,2.9196685208635333,9429895.051885767,31863054.12514713,42097.560975609755,9430237.149543839,31863994.030737925,42097.560975609755,9430482.798206152,31863904.621936757,43073.170731707316,9430140.700548083,31862964.716345962,43073.170731707316
9430531.02270403,31864419.27913274,42585.36585365853,2.9781925775049265,9430237.149543839,31863994.030737925,42097.560975609755,9430579.247201907,31864933.936328717,42097.560975609755,9430824.895864222,31864844.52752755,43073.170731707316,9430482.798206152,31863904.621936757,43073.170731707316
9430873.1203621,31865359.18472353,42585.36585365853,3.327065202141205,9430579.247201907,31864933.936328717,42097.560975609755,9430921.344859976,31865873.84191951,42097.560975609755,9431166.99352229,31865784.43311834,43073.170731707316,9430824.895864222,31864844.52752755,43073.170731707316
9431215.218020169,31866299.09031432,42585.36585365853,3.1020482213315654,9430921.344859976,31865873.84191951,42097.560975609755,9431263.442518046,31866813.747510307,42097.560975609755,9431509.09118036,31866724.33870914,43073.170731707316,9431166.99352229,31865784.43311834,43073.170731707316
9431557.315678237,31867238.995905116,42585.36585365853,3.3221086856450106,9431263.442518046,31866813.747510307,42097.560975609755,9431605.540176114,31867753.653101098,42097.560975609755,9431851.18883843,31867664.24429993,43073.170731707316,9431509.09118036,31866724.33870914,43073.170731707316
9431899.413336307,31868178.901495907,42585.36585365853,3.4395662540286027,9431605.540176114,31867753.653101098,42097.560975609755,9431947.637834184,31868693.558691893,42097.560975609755,9432193.286496498,31868604.14989072,43073.170731707316,9431851.18883843,31867664.24429993,43073.170731707316
9432241.510994377,31869118.807086702,42585.36585365853,3.755626576605116,9431947.637834184,31868693.558691893,42097.560975609755,9432289.735492254,31869633.464282684,42097.560975609755,9432535.384154567,31869544.055481516,43073.170731707316,9432193.286496498,31868604.14989072,43073.170731707316
9432583.608652445,31870058.712677497,42585.36585365853,4.486220063669408,9432289.735492254,31869633.464282684,42097.560975609755,9432631.833150323,31870573.36987348,42097.560975609755,9432877.481812637,31870483.96107231,43073.170731707316,9432535.384154567,31869544.055481516,43073.170731707316
9432925.706310514,31870998.618268292,42585.36585365853,4.799332243282424,9432631.833150323,31870573.36987348,42097.560975609755,9432973.930808391,31871513.275464274,42097.560975609755,9433219.579470705,31871423.866663102,43073.170731707316,9432877.481812637,31870483.96107231,43073.170731707316
9433267.803968584,31871938.523859084,42585.36585365853,4.652185693751234,9432973.930808391,31871513.275464274,42097.560975609755,9433316.028466461,31872453.181055065,42097.560975609755,9433561.677128775,31872363.772253893,43073.170731707316,9433219.579470705,31871423.866663102,43073.170731707316
9433609.901626652,31872878.429449875,42585.36585365853,4.337760843469611,9433316.028466461,31872453.181055065,42097.560975609755,9433658.126124531,31873393.08664586,42097.560975609755,9433903.774786845,31873303.677844692,43073.170731707316,9433561.677128775,31872363.772253893,43073.170731707316
9433951.999284722,31873818.335040674,42585.36585365853,4.314195710369293,9433658.126124531,31873393.08664586,42097.560975609755,9434000.223782599,31874332.992236655,42097.560975609755,9434245.872444913,31874243.583435483,43073.170731707316,9433903.774786845,31873303.677844692,43073.170731707316
9434294.096942792,31874758.24063146,42585.36585365853,4.897083784259196,9434000.223782599,31874332.992236655,42097.560975609755,9434342.321440669,31875272.897827446,42097.560975609755,9434587.970102983,31875183.489026275,43073.170731707316,9434245.872444913,31874243.583435483,43073.170731707316
9434636.19460086,31875698.146222256,42585.36585365853,4.977254432280493,9434342.321440669,31875272.897827446,42097.560975609755,9434684.419098737,31876212.803418238,42097.560975609755,9434930.067761052,31876123.39461707,43073.170731707316,9434587.970102983,31875183.489026275,43073.170731707316
9434978.29225893,31876638.051813055,42585.36585365853,4.8255057257150655,9434684.419098737,31876212.803418238,42097.560975609755,9435026.516756807,31877152.709009033,42097.560975609755,9435272.16541912,31877063.30020786,43073.170731707316,9434930.067761052,31876123.39461707,43073.170731707316
9435320.389917,31877577.957403842,42585.36585365853,5.177720562603058,9435026.516756807,31877152.709009033,42097.560975609755,9435368.614414876,31878092.614599828,42097.560975609755,9435614.26307719,31878003.205798656,43073.170731707316,9435272.16541912,31877063.30020786,43073.170731707316
9435662.487575067,31878517.862994637,42585.36585365853,4.907740734962857,9435368.614414876,31878092.614599828,42097.560975609755,9435710.712072944,31879032.52019062,42097.560975609755,9435956.36073526,31878943.11138945,43073.170731707316,9435614.26307719,31878003.205798656,43073.170731707316
9436004.585233137,31879457.768585432,42585.36585365853,4.280694476709583,9435710.712072944,31879032.52019062,42097.560975609755,9436052.809731014,31879972.425781418,42097.560975609755,9436298.45839333,31879883.016980246,43073.170731707316,9435956.36073526,31878943.11138945,43073.170731707316
9436346.682891207,31880397.674176227,42585.36585365853,3.892840894330556,9436052.809731014,31879972.425781418,42097.560975609755,9436394.907389084,31880912.33137221,42097.560975609755,9436640.556051398,31880822.922571037,43073.170731707316,9436298.45839333,31879883.016980246,43073.170731707316
9436688.780549275,31881337.579767015,42585.36585365853,3.8255971181088695,9436394.907389084,31880912.33137221,42097.560975609755,9436737.005047152,31881852.236963,42097.560975609755,9436982.653709468,31881762.828161832,43073.170731707316,9436640.556051398,31880822.922571037,43073.170731707316
9437030.878207345,31882277.485357814,42585.36585365853,3.988970321931026,9436737.005047152,31881852.236963,42097.560975609755,9437079.102705222,31882792.142553795,42097.560975609755,9437324.751367537,31882702.733752623,43073.170731707316,9436982.653709468,31881762.828161832,43073.170731707316
9437372.975865414,31883217.39094861,42585.36585365853,4.590430464521671,9437079.102705222,31882792.142553795,42097.560975609755,9437421.200363291,31883732.048144586,42097.560975609755,9437666.849025605,31883642.639343414,43073.170731707316,9437324.751367537,31882702.733752623,43073.170731707316
9437715.073523482,31884157.296539396,42585.36585365853,5.1326454097283,9437421.200363291,31883732.048144586,42097.560975609755,9437763.29802136,31884671.95373538,42097.560975609755,9438008.946683677,31884582.544934213,43073.170731707316,9437666.849025605,31883642.639343414,43073.170731707316
9438057.171181554,31885097.202130195,42585.36585365853,5.12268460207875,9437763.29802136,31884671.95373538,42097.560975609755,9438105.39567943,31885611.859326173,42097.560975609755,9438351.044341745,31885522.450525004,43073.170731707316,9438008.946683677,31884582.544934213,43073.170731707316
9438399.268839624,31886037.107720986,42585.36585365853,4.1865603321518225,9438105.39567943,31885611.859326173,42097.560975609755,9438447.493337499,31886551.764916968,42097.560975609755,9438693.141999813,31886462.356115796,43073.170731707316,9438351.044341745,31885522.450525004,43073.170731707316
9438741.36649769,31886977.013311777,42585.36585365853,3.6954014847182464,9438447.493337499,31886551.764916968,42097.560975609755,9438789.590995567,31887491.67050776,42097.560975609755,9439035.239657884,31887402.26170659,43073.170731707316,9438693.141999813,31886462.356115796,43073.170731707316
9439083.464155762,31887916.918902572,42585.36585365853,3.1473695638148307,9438789.590995567,31887491.67050776,42097.560975609755,9439131.688653637,31888431.576098554,42097.560975609755,9439377.337315952,31888342.167297386,43073.170731707316,9439035.239657884,31887402.26170659,43073.170731707316
9439425.561813831,31888856.824493367,42585.36585365853,3.2520812851319345,9439131.688653637,31888431.576098554,42097.560975609755,9439473.786311707,31889371.48168935,42097.560975609755,9439719.434974022,31889282.072888177,43073.170731707316,9439377.337315952,31888342.167297386,43073.170731707316
9439767.6594719,31889796.730084162,42585.36585365853,3.3512299726756765,9439473.786311707,31889371.48168935,42097.560975609755,9439815.883969774,31890311.38728014,42097.560975609755,9440061.532632092,31890221.978478972,43073.170731707316,9439719.434974022,31889282.072888177,43073.170731707316
9440109.757129967,31890736.635674953,42585.36585365853,2.8833788221710197,9439815.883969774,31890311.38728014,42097.560975609755,9440157.981627844,31891251.292870935,42097.560975609755,9440403.63029016,31891161.884069767,43073.170731707316,9440061.532632092,31890221.978478972,43073.170731707316
9440451.854788039,31891676.54126575,42585.36585365853,2.846702573322605,9440157.981627844,31891251.292870935,42097.560975609755,9440500.079285914,31892191.19846173,42097.560975609755,9440745.72794823,31892101.789660558,43073.170731707316,9440403.63029016,31891161.884069767,43073.170731707316
9440793.952446107,31892616.44685654,42585.36585365853,2.806037868598436,9440500.079285914,31892191.19846173,42097.560975609755,9440842.176943982,31893131.10405252,42097.560975609755,9441087.8256063,31893041.695251353,43073.170731707316,9440745.72794823,31892101.789660558,43073.170731707316
9441136.050104177,31893556.35244733,42585.36585365853,2.7644206860396716,9440842.176943982,31893131.10405252,42097.560975609755,9441184.274602052,31894071.009643313,42097.560975609755,9441429.923264368,31893981.600842144,43073.170731707316,9441087.8256063,31893041.695251353,43073.170731707316
9441478.147762245,31894496.258038126,42585.36585365853,2.4992528037622717,9441184.274602052,31894071.009643313,42097.560975609755,9441526.372260122,31895010.91523411,42097.560975609755,9441772.020922437,31894921.50643294,43073.170731707316,9441429.923264368,31893981.600842144,43073.170731707316
9441820.245420314,31895436.16362892,42585.36585365853,1.9783869665029319,9441526.372260122,31895010.91523411,42097.560975609755,9441868.46991819,31895950.820824903,42097.560975609755,9442114.118580507,31895861.412023734,43073.170731707316,9441772.020922437,31894921.50643294,43073.170731707316
9442162.343078384,31896376.069219716,42585.36585365853,1.9018603636558316,9441868.46991819,31895950.820824903,42097.560975609755,9442210.56757626,31896890.726415694,42097.560975609755,9442456.216238575,31896801.317614526,43073.170731707316,9442114.118580507,31895861.412023734,43073.170731707316
9442504.440736452,31897315.974810507,42585.36585365853,2.1062368348333638,9442210.56757626,31896890.726415694,42097.560975609755,9442552.66523433,31897830.632006492,42097.560975609755,9442798.313896645,31897741.22320532,43073.170731707316,9442456.216238575,31896801.317614526,43073.170731707316
9442846.538394522,31898255.880401302,42585.36585365853,2.2543518222434673,9442552.66523433,31897830.632006492,42097.560975609755,9442894.762892399,31898770.537597284,42097.560975609755,9443140.411554715,31898681.12879611,43073.170731707316,9442798.313896645,31897741.22320532,43073.170731707316
9443188.636052592,31899195.785992093,42585.36585365853,2.172615492476988,9442894.762892399,31898770.537597284,42097.560975609755,9443236.860550467,31899710.443188075,42097.560975609755,9443482.509212783,31899621.034386907,43073.170731707316,9443140.411554715,31898681.12879611,43073.170731707316
9443530.73371066,31900135.69158289,42585.36585365853,1.9291834181921932,9443236.860550467,31899710.443188075,42097.560975609755,9443578.958208537,31900650.34877887,42097.560975609755,9443824.606870852,31900560.939977698,43073.170731707316,9443482.509212783,31899621.034386907,43073.170731707316
9443872.83136873,31901075.59717368,42585.36585365853,1.8193450306445975,9443578.958208537,31900650.34877887,42097.560975609755,9443921.055866607,31901590.254369665,42097.560975609755,9444166.704528922,31901500.845568493,43073.170731707316,9443824.606870852,31900560.939977698,43073.170731707316
9444214.9290268,31902015.502764475,42585.36585365853,1.8220117046046709,9443921.055866607,31901590.254369665,42097.560975609755,9444263.153524674,31902530.159960456,42097.560975609755,9444508.80218699,31902440.751159288,43073.170731707316,9444166.704528922,31901500.845568493,43073.170731707316
9444557.026684867,31902955.408355273,42585.36585365853,1.9919968831863637,9444263.153524674,31902530.159960456,42097.560975609755,9444605.251182746,31903470.06555125,42097.560975609755,9444850.89984506,31903380.65675008,43073.170731707316,9444508.80218699,31902440.751159288,43073.170731707316
9444899.124342937,31903895.31394606,42585.36585365853,2.6092883931437654,9444605.251182746,31903470.06555125,42097.560975609755,9444947.348840814,31904409.971142046,42097.560975609755,9445192.99750313,31904320.562340874,43073.170731707316,9444850.89984506,31903380.65675008,43073.170731707316
9445241.222001007,31904835.219536856,42585.36585365853,2.3794563273894935,9444947.348840814,31904409.971142046,42097.560975609755,9445289.446498884,31905349.876732837,42097.560975609755,9445535.095161198,31905260.46793167,43073.170731707316,9445192.99750313,31904320.562340874,43073.170731707316
9445583.319659075,31905775.12512765,42585.36585365853,1.6654564329741819,9445289.446498884,31905349.876732837,42097.560975609755,9445631.544156954,31906289.782323632,42097.560975609755,9445877.192819268,31906200.37352246,43073.170731707316,9445535.095161198,31905260.46793167,43073.170731707316
9445925.417317145,31906715.030718442,42585.36585365853,1.094727827974298,9445631.544156954,31906289.782323632,42097.560975609755,9445973.641815022,31907229.687914424,42097.560975609755,9446219.290477337,31907140.27911325,43073.170731707316,9445877.192819268,31906200.37352246,43073.170731707316
9446267.514975214,31907654.936309233,42585.36585365853,0.8222085598790521,9445973.641815022,31907229.687914424,42097.560975609755,9446315.739473091,31908169.59350522,42097.560975609755,9446561.388135405,31908080.18470405,43073.170731707316,9446219.290477337,31907140.27911325,43073.170731707316
9446609.612633282,31908594.841900032,42585.36585365853,0.6142589977228506,9446315.739473091,31908169.59350522,42097.560975609755,9446657.837131161,31909109.499096014,42097.560975609755,9446903.485793475,31909020.09029484,43073.170731707316,9446561.388135405,31908080.18470405,43073.170731707316
9446951.710291352,31909534.747490827,42585.36585365853,0.4976693877877114,9446657.837131161,31909109.499096014,42097.560975609755,9446999.93478923,31910049.404686805,42097.560975609755,9447245.583451545,31909959.995885633,43073.170731707316,9446903.485793475,31909020.09029484,43073.170731707316
9447293.807949422,31910474.653081615,42585.36585365853,0.6576725620943479,9446999.93478923,31910049.404686805,42097.560975609755,9447342.032447299,31910989.3102776,42097.560975609755,9447587.681109613,31910899.90147643,43073.170731707316,9447245.583451545,31909959.995885633,43073.170731707316
9447635.90560749,31911414.558672413,42585.36585365853,0.9085507659969041,9447342.032447299,31910989.3102776,42097.560975609755,9447684.130105369,31911929.21586839,42097.560975609755,9447929.778767683,31911839.80706722,43073.170731707316,9447587.681109613,31910899.90147643,43073.170731707316
9447978.00326556,31912354.4642632,42585.36585365853,1.115377446104616,9447684.130105369,31911929.21586839,42097.560975609755,9448026.227763437,31912869.121459186,42097.560975609755,9448271.876425752,31912779.712658014,43073.170731707316,9447929.778767683,31911839.80706722,43073.170731707316
9448320.10092363,31913294.369853996,42585.36585365853,1.2221969174911345,9448026.227763437,31912869.121459186,42097.560975609755,9448368.325421507,31913809.027049977,42097.560975609755,9448613.97408382,31913719.61824881,43073.170731707316,9448271.876425752,31912779.712658014,43073.170731707316
9448662.198581697,31914234.27544479,42585.36585365853,1.2997121446960138,9448368.325421507,31913809.027049977,42097.560975609755,9448710.423079576,31914748.932640772,42097.560975609755,9448956.07174189,31914659.523839604,43073.170731707316,9448613.97408382,31913719.61824881,43073.170731707316
9449004.296239767,31915174.181035586,42585.36585365853,0.9514560163839461,9448710.423079576,31914748.932640772,42097.560975609755,9449052.520737644,31915688.838231567,42097.560975609755,9449298.16939996,31915599.429430395,43073.170731707316,9448956.07174189,31914659.523839604,43073.170731707316
9449346.393897837,31916114.08662638,42585.36585365853,0.5885560917376694,9449052.520737644,31915688.838231567,42097.560975609755,9449394.618395714,31916628.74382236,42097.560975609755,9449640.267058028,31916539.33502119,43073.170731707316,9449298.16939996,31915599.429430395,43073.170731707316
9449688.491555905,31917053.992217172,42585.36585365853,0.376991578084018,9449394.618395714,31916628.74382236,42097.560975609755,9449736.716053784,31917568.64941315,42097.560975609755,9449982.3647161,31917479.24061198,43073.170731707316,9449640.267058028,31916539.33502119,43073.170731707316
9450030.589213975,31917993.89780796,42585.36585365853,0.300478340210445,9449736.716053784,31917568.64941315,42097.560975609755,9450078.813711852,31918508.555003945,42097.560975609755,9450324.462374168,31918419.146202773,43073.170731707316,9449982.3647161,31917479.24061198,43073.170731707316
9450372.686872045,31918933.803398754,42585.36585365853,0.3828674731313954,9450078.813711852,31918508.555003945,42097.560975609755,9450420.911369922,31919448.46059474,42097.560975609755,9450666.560032235,31919359.05179357,43073.170731707316,9450324.462374168,31918419.146202773,43073.170731707316
9450714.784530113,31919873.70898955,42585.36585365853,0.41742142188612363,9450420.911369922,31919448.46059474,42097.560975609755,9450763.009027991,31920388.36618553,42097.560975609755,9451008.657690307,31920298.957384363,43073.170731707316,9450666.560032235,31919359.05179357,43073.170731707316
9451056.882188182,31920813.614580344,42585.36585365853,0.5308997279082852,9450763.009027991,31920388.36618553,42097.560975609755,9451105.10668606,31921328.271776326,42097.560975609755,9451350.755348375,31921238.862975154,43073.170731707316,9451008.657690307,31920298.957384363,43073.170731707316
9451398.979846252,31921753.52017114,42585.36585365853,0.7616824130934066,9451105.10668606,31921328.271776326,42097.560975609755,9451447.20434413,31922268.17736712,42097.560975609755,9451692.853006443,31922178.768565953,43073.170731707316,9451350.755348375,31921238.862975154,43073.170731707316
9451741.07750432,31922693.425761934,42585.36585365853,1.1209928171761678,9451447.20434413,31922268.17736712,42097.560975609755,9451789.302002199,31923208.082957912,42097.560975609755,9452034.950664515,31923118.674156744,43073.170731707316,9451692.853006443,31922178.768565953,43073.170731707316
9410935.00719833,31809815.346065544,43560.9756097561,1.90568537443405,9410641.13403814,31809390.097670734,43073.170731707316,9410983.231696207,31810330.003261525,43073.170731707316,9411228.88035852,31810240.594460357,44048.78048780488,9410886.782700453,31809300.688869562,44048.78048780488
9411277.1048564,31810755.25165634,43560.9756097561,1.5001035076912466,9410983.231696207,31810330.003261525,43073.170731707316,9411325.329354275,31811269.90885232,43073.170731707316,9411570.97801659,31811180.50005115,44048.78048780488,9411228.88035852,31810240.594460357,44048.78048780488
9411619.202514468,31811695.15724713,43560.9756097561,1.5581815181090888,9411325.329354275,31811269.90885232,43073.170731707316,9411667.427012347,31812209.814443115,43073.170731707316,9411913.07567466,31812120.405641943,44048.78048780488,9411570.97801659,31811180.50005115,44048.78048780488
9411961.300172538,31812635.062837925,43560.9756097561,1.3551399723749262,9411667.427012347,31812209.814443115,43073.170731707316,9412009.524670415,31813149.720033906,43073.170731707316,9412255.173332728,31813060.31123274,44048.78048780488,9411913.07567466,31812120.405641943,44048.78048780488
9412303.397830607,31813574.968428724,43560.9756097561,1.319409780900044,9412009.524670415,31813149.720033906,43073.170731707316,9412351.622328484,31814089.625624705,43073.170731707316,9412597.270990798,31814000.216823533,44048.78048780488,9412255.173332728,31813060.31123274,44048.78048780488
9412645.495488675,31814514.874019515,43560.9756097561,1.2808245793691726,9412351.622328484,31814089.625624705,43073.170731707316,9412693.719986554,31815029.531215493,43073.170731707316,9412939.368648868,31814940.12241432,44048.78048780488,9412597.270990798,31814000.216823533,44048.78048780488
9412987.593146745,31815454.779610306,43560.9756097561,1.2021448612263945,9412693.719986554,31815029.531215493,43073.170731707316,9413035.817644622,31815969.436806288,43073.170731707316,9413281.466306936,31815880.02800512,44048.78048780488,9412939.368648868,31814940.12241432,44048.78048780488
9413329.690804815,31816394.6852011,43560.9756097561,1.2637416889144204,9413035.817644622,31815969.436806288,43073.170731707316,9413377.915302692,31816909.342397083,43073.170731707316,9413623.563965006,31816819.93359591,44048.78048780488,9413281.466306936,31815880.02800512,44048.78048780488
9413671.788462883,31817334.590791892,43560.9756097561,1.6292550452430152,9413377.915302692,31816909.342397083,43073.170731707316,9413720.012960762,31817849.247987874,43073.170731707316,9413965.661623076,31817759.839186702,44048.78048780488,9413623.563965006,31816819.93359591,44048.78048780488
9414013.886120953,31818274.496382684,43560.9756097561,1.9925837378073186,9413720.012960762,31817849.247987874,43073.170731707316,9414062.11061883,31818789.15357867,43073.170731707316,9414307.759281144,31818699.7447775,44048.78048780488,9413965.661623076,31817759.839186702,44048.78048780488
9414355.983779022,31819214.401973482,43560.9756097561,1.9871270528153087,9414062.11061883,31818789.15357867,43073.170731707316,9414404.2082769,31819729.05916946,43073.170731707316,9414649.856939213,31819639.650368292,44048.78048780488,9414307.759281144,31818699.7447775,44048.78048780488
9414698.08143709,31820154.307564277,43560.9756097561,2.306376918506986,9414404.2082769,31819729.05916946,43073.170731707316,9414746.30593497,31820668.964760255,43073.170731707316,9414991.954597283,31820579.555959083,44048.78048780488,9414649.856939213,31819639.650368292,44048.78048780488
9415040.17909516,31821094.213155065,43560.9756097561,2.0163647612280737,9414746.30593497,31820668.964760255,43073.170731707316,9415088.403593037,31821608.870351046,43073.170731707316,9415334.052255351,31821519.461549878,44048.78048780488,9414991.954597283,31820579.555959083,44048.78048780488
9415382.27675323,31822034.118745863,43560.9756097561,1.7993213555472312,9415088.403593037,31821608.870351046,43073.170731707316,9415430.501251107,31822548.77594184,43073.170731707316,9415676.14991342,31822459.367140673,44048.78048780488,9415334.052255351,31821519.461549878,44048.78048780488
9415724.374411298,31822974.024336655,43560.9756097561,1.967161209504466,9415430.501251107,31822548.77594184,43073.170731707316,9415772.598909175,31823488.681532636,43073.170731707316,9416018.247571493,31823399.272731464,44048.78048780488,9415676.14991342,31822459.367140673,44048.78048780488
9416066.472069368,31823913.929927446,43560.9756097561,1.9280181274034536,9415772.598909175,31823488.681532636,43073.170731707316,9416114.696567245,31824428.587123428,43073.170731707316,9416360.345229559,31824339.17832226,44048.78048780488,9416018.247571493,31823399.272731464,44048.78048780488
9416408.569727438,31824853.83551824,43560.9756097561,1.8610535547348,9416114.696567245,31824428.587123428,43073.170731707316,9416456.794225315,31825368.492714223,43073.170731707316,9416702.442887628,31825279.083913054,44048.78048780488,9416360.345229559,31824339.17832226,44048.78048780488
9416750.667385506,31825793.741109036,43560.9756097561,1.9641283487058172,9416456.794225315,31825368.492714223,43073.170731707316,9416798.891883383,31826308.398305018,43073.170731707316,9417044.5405457,31826218.989503846,44048.78048780488,9416702.442887628,31825279.083913054,44048.78048780488
9417092.765043575,31826733.64669983,43560.9756097561,2.3577490374363417,9416798.891883383,31826308.398305018,43073.170731707316,9417140.989541452,31827248.30389581,43073.170731707316,9417386.638203766,31827158.89509464,44048.78048780488,9417044.5405457,31826218.989503846,44048.78048780488
9417434.862701645,31827673.55229062,43560.9756097561,2.2186841767492007,9417140.989541452,31827248.30389581,43073.170731707316,9417483.087199522,31828188.2094866,43073.170731707316,9417728.735861838,31828098.80068543,44048.78048780488,9417386.638203766,31827158.89509464,44048.78048780488
9417776.960359715,31828613.457881417,43560.9756097561,2.1606611226293175,9417483.087199522,31828188.2094866,43073.170731707316,9417825.18485759,31829128.1150774,43073.170731707316,9418070.833519908,31829038.706276227,44048.78048780488,9417728.735861838,31828098.80068543,44048.78048780488
9418119.058017785,31829553.36347221,43560.9756097561,2.40325670764258,9417825.18485759,31829128.1150774,43073.170731707316,9418167.28251566,31830068.02066819,43073.170731707316,9418412.931177974,31829978.61186702,44048.78048780488,9418070.833519908,31829038.706276227,44048.78048780488
9418461.155675853,31830493.269063,43560.9756097561,2.3989005931117506,9418167.28251566,31830068.02066819,43073.170731707316,9418509.38017373,31831007.92625898,43073.170731707316,9418755.028836045,31830918.517457813,44048.78048780488,9418412.931177974,31829978.61186702,44048.78048780488
9418803.253333922,31831433.174653795,43560.9756097561,2.301821939036887,9418509.38017373,31831007.92625898,43073.170731707316,9418851.477831798,31831947.83184978,43073.170731707316,9419097.126494115,31831858.423048608,44048.78048780488,9418755.028836045,31830918.517457813,44048.78048780488
9419145.350991992,31832373.08024459,43560.9756097561,2.046187148282648,9418851.477831798,31831947.83184978,43073.170731707316,9419193.575489867,31832887.73744057,43073.170731707316,9419439.224152183,31832798.3286394,44048.78048780488,9419097.126494115,31831858.423048608,44048.78048780488
9419487.448650062,31833312.985835385,43560.9756097561,2.1890307245994025,9419193.575489867,31832887.73744057,43073.170731707316,9419535.673147937,31833827.643031362,43073.170731707316,9419781.321810253,31833738.234230194,44048.78048780488,9419439.224152183,31832798.3286394,44048.78048780488
9419829.546308128,31834252.891426176,43560.9756097561,2.4704825226856246,9419535.673147937,31833827.643031362,43073.170731707316,9419877.770806005,31834767.548622157,43073.170731707316,9420123.419468323,31834678.139820985,44048.78048780488,9419781.321810253,31833738.234230194,44048.78048780488
9420171.6439662,31835192.79701697,43560.9756097561,2.5827092333893975,9419877.770806005,31834767.548622157,43073.170731707316,9420219.868464075,31835707.454212952,43073.170731707316,9420465.51712639,31835618.04541178,44048.78048780488,9420123.419468323,31834678.139820985,44048.78048780488
9420513.74162427,31836132.702607762,43560.9756097561,2.9400127311296833,9420219.868464075,31835707.454212952,43073.170731707316,9420561.966122145,31836647.359803744,43073.170731707316,9420807.61478446,31836557.951002575,44048.78048780488,9420465.51712639,31835618.04541178,44048.78048780488
9420855.839282338,31837072.608198557,43560.9756097561,3.523467391156583,9420561.966122145,31836647.359803744,43073.170731707316,9420904.063780213,31837587.26539454,43073.170731707316,9421149.71244253,31837497.856593367,44048.78048780488,9420807.61478446,31836557.951002575,44048.78048780488
9421197.936940406,31838012.51378935,43560.9756097561,3.248901968669672,9420904.063780213,31837587.26539454,43073.170731707316,9421246.161438283,31838527.170985334,43073.170731707316,9421491.810100598,31838437.76218416,44048.78048780488,9421149.71244253,31837497.856593367,44048.78048780488
9421540.034598477,31838952.419380143,43560.9756097561,2.6596033063106486,9421246.161438283,31838527.170985334,43073.170731707316,9421588.259096352,31839467.07657612,43073.170731707316,9421833.907758668,31839377.667774953,44048.78048780488,9421491.810100598,31838437.76218416,44048.78048780488
9421882.132256545,31839892.324970935,43560.9756097561,2.136438333860204,9421588.259096352,31839467.07657612,43073.170731707316,9421930.35675442,31840406.98216692,43073.170731707316,9422176.005416738,31840317.573365748,44048.78048780488,9421833.907758668,31839377.667774953,44048.78048780488
9422224.229914615,31840832.23056173,43560.9756097561,1.8486472356206374,9421930.35675442,31840406.98216692,43073.170731707316,9422272.45441249,31841346.88775771,43073.170731707316,9422518.103074806,31841257.47895654,44048.78048780488,9422176.005416738,31840317.573365748,44048.78048780488
9422566.327572685,31841772.136152525,43560.9756097561,1.9503833266519246,9422272.45441249,31841346.88775771,43073.170731707316,9422614.552070562,31842286.793348506,43073.170731707316,9422860.200732876,31842197.384547338,44048.78048780488,9422518.103074806,31841257.47895654,44048.78048780488
9422908.425230753,31842712.04174332,43560.9756097561,2.4918722345956423,9422614.552070562,31842286.793348506,43073.170731707316,9422956.649728628,31843226.6989393,43073.170731707316,9423202.298390945,31843137.29013813,44048.78048780488,9422860.200732876,31842197.384547338,44048.78048780488
9423250.522888822,31843651.94733411,43560.9756097561,2.5807326064014244,9422956.649728628,31843226.6989393,43073.170731707316,9423298.747386698,31844166.604530092,43073.170731707316,9423544.396049013,31844077.19572892,44048.78048780488,9423202.298390945,31843137.29013813,44048.78048780488
9423592.62054689,31844591.852924902,43560.9756097561,2.725867346270052,9423298.747386698,31844166.604530092,43073.170731707316,9423640.84504477,31845106.510120884,43073.170731707316,9423886.493707083,31845017.101319715,44048.78048780488,9423544.396049013,31844077.19572892,44048.78048780488
9423934.71820496,31845531.758515697,43560.9756097561,2.7284694645581204,9423640.84504477,31845106.510120884,43073.170731707316,9423982.942702835,31846046.415711675,43073.170731707316,9424228.591365153,31845957.006910507,44048.78048780488,9423886.493707083,31845017.101319715,44048.78048780488
9424276.81586303,31846471.66410649,43560.9756097561,2.8110777928838258,9423982.942702835,31846046.415711675,43073.170731707316,9424325.040360907,31846986.321302474,43073.170731707316,9424570.68902322,31846896.9125013,44048.78048780488,9424228.591365153,31845957.006910507,44048.78048780488
9424618.913521098,31847411.569697283,43560.9756097561,3.2041366061847367,9424325.040360907,31846986.321302474,43073.170731707316,9424667.138018977,31847926.226893265,43073.170731707316,9424912.78668129,31847836.818092097,44048.78048780488,9424570.68902322,31846896.9125013,44048.78048780488
9424961.011179168,31848351.475288074,43560.9756097561,3.6681972723961476,9424667.138018977,31847926.226893265,43073.170731707316,9425009.235677043,31848866.132484056,43073.170731707316,9425254.88433936,31848776.723682888,44048.78048780488,9424912.78668129,31847836.818092097,44048.78048780488
9425303.108837238,31849291.38087887,43560.9756097561,3.6018948872268477,9425009.235677043,31848866.132484056,43073.170731707316,9425351.333335115,31849806.038074855,43073.170731707316,9425596.981997428,31849716.629273683,44048.78048780488,9425254.88433936,31848776.723682888,44048.78048780488
9425645.206495306,31850231.286469664,43560.9756097561,3.1518032109751335,9425351.333335115,31849806.038074855,43073.170731707316,9425693.430993184,31850745.943665646,43073.170731707316,9425939.079655498,31850656.534864478,44048.78048780488,9425596.981997428,31849716.629273683,44048.78048780488
9425987.304153375,31851171.192060456,43560.9756097561,3.455610327616481,9425693.430993184,31850745.943665646,43073.170731707316,9426035.528651252,31851685.849256437,43073.170731707316,9426281.177313568,31851596.44045527,44048.78048780488,9425939.079655498,31850656.534864478,44048.78048780488
9426329.401811445,31852111.09765125,43560.9756097561,3.4147139555098556,9426035.528651252,31851685.849256437,43073.170731707316,9426377.626309322,31852625.754847232,43073.170731707316,9426623.274971636,31852536.34604606,44048.78048780488,9426281.177313568,31851596.44045527,44048.78048780488
9426671.499469513,31853051.003242042,43560.9756097561,3.3508337096016514,9426377.626309322,31852625.754847232,43073.170731707316,9426719.723967392,31853565.660438027,43073.170731707316,9426965.372629706,31853476.25163686,44048.78048780488,9426623.274971636,31852536.34604606,44048.78048780488
9427013.597127583,31853990.908832837,43560.9756097561,3.46147517009686,9426719.723967392,31853565.660438027,43073.170731707316,9427061.82162546,31854505.56602882,43073.170731707316,9427307.470287776,31854416.15722765,44048.78048780488,9426965.372629706,31853476.25163686,44048.78048780488
9427355.694785653,31854930.81442363,43560.9756097561,3.6528734854084224,9427061.82162546,31854505.56602882,43073.170731707316,9427403.91928353,31855445.471619613,43073.170731707316,9427649.567945844,31855356.06281844,44048.78048780488,9427307.470287776,31854416.15722765,44048.78048780488
9427697.79244372,31855870.720014423,43560.9756097561,3.363966520251144,9427403.91928353,31855445.471619613,43073.170731707316,9427746.0169416,31856385.37721041,43073.170731707316,9427991.665603913,31856295.96840924,44048.78048780488,9427649.567945844,31855356.06281844,44048.78048780488
9428039.89010179,31856810.625605218,43560.9756097561,3.4428141876325906,9427746.0169416,31856385.37721041,43073.170731707316,9428088.114599667,31857325.2828012,43073.170731707316,9428333.763261983,31857235.87400003,44048.78048780488,9427991.665603913,31856295.96840924,44048.78048780488
9428381.98775986,31857750.531196013,43560.9756097561,3.4807543351604813,9428088.114599667,31857325.2828012,43073.170731707316,9428430.212257737,31858265.188391995,43073.170731707316,9428675.860920051,31858175.779590823,44048.78048780488,9428333.763261983,31857235.87400003,44048.78048780488
9428724.085417928,31858690.436786804,43560.9756097561,3.320235277949585,9428430.212257737,31858265.188391995,43073.170731707316,9428772.309915807,31859205.093982786,43073.170731707316,9429017.95857812,31859115.685181614,44048.78048780488,9428675.860920051,31858175.779590823,44048.78048780488
9429066.183075998,31859630.342377596,43560.9756097561,3.354784592763108,9428772.309915807,31859205.093982786,43073.170731707316,9429114.407573875,31860144.99957358,43073.170731707316,9429360.05623619,31860055.590772413,44048.78048780488,9429017.95857812,31859115.685181614,44048.78048780488
9429408.280734068,31860570.247968394,43560.9756097561,3.380269515456481,9429114.407573875,31860144.99957358,43073.170731707316,9429456.505231945,31861084.905164376,43073.170731707316,9429702.15389426,31860995.496363204,44048.78048780488,9429360.05623619,31860055.590772413,44048.78048780488
9429750.378392136,31861510.15355918,43560.9756097561,3.7106903880373143,9429456.505231945,31861084.905164376,43073.170731707316,9429798.602890015,31862024.810755167,43073.170731707316,9430044.251552328,31861935.401953995,44048.78048780488,9429702.15389426,31860995.496363204,44048.78048780488
9430092.476050206,31862450.059149977,43560.9756097561,4.010529076207606,9429798.602890015,31862024.810755167,43073.170731707316,9430140.700548083,31862964.716345962,43073.170731707316,9430386.349210398,31862875.307544794,44048.78048780488,9430044.251552328,31861935.401953995,44048.78048780488
9430434.573708275,31863389.964740776,43560.9756097561,3.6407128923245913,9430140.700548083,31862964.716345962,43073.170731707316,9430482.798206152,31863904.621936757,43073.170731707316,9430728.446868468,31863815.213135585,44048.78048780488,9430386.349210398,31862875.307544794,44048.78048780488
9430776.671366343,31864329.870331567,43560.9756097561,3.6656247230676673,9430482.798206152,31863904.621936757,43073.170731707316,9430824.895864222,31864844.52752755,43073.170731707316,9431070.544526536,31864755.118726376,44048.78048780488,9430728.446868468,31863815.213135585,44048.78048780488
9431118.769024413,31865269.775922358,43560.9756097561,4.0113172893130296,9430824.895864222,31864844.52752755,43073.170731707316,9431166.99352229,31865784.43311834,43073.170731707316,9431412.642184606,31865695.02431717,44048.78048780488,9431070.544526536,31864755.118726376,44048.78048780488
9431460.866682483,31866209.681513153,43560.9756097561,3.8081801072854318,9431166.99352229,31865784.43311834,43073.170731707316,9431509.09118036,31866724.33870914,43073.170731707316,9431754.739842676,31866634.929907966,44048.78048780488,9431412.642184606,31865695.02431717,44048.78048780488
9431802.96434055,31867149.587103948,43560.9756097561,3.3293707578822294,9431509.09118036,31866724.33870914,43073.170731707316,9431851.18883843,31867664.24429993,43073.170731707316,9432096.837500744,31867574.835498758,44048.78048780488,9431754.739842676,31866634.929907966,44048.78048780488
9432145.06199862,31868089.492694736,43560.9756097561,3.431899580539057,9431851.18883843,31867664.24429993,43073.170731707316,9432193.286496498,31868604.14989072,43073.170731707316,9432438.935158813,31868514.741089553,44048.78048780488,9432096.837500744,31867574.835498758,44048.78048780488
9432487.159656692,31869029.398285534,43560.9756097561,3.695350612033522,9432193.286496498,31868604.14989072,43073.170731707316,9432535.384154567,31869544.055481516,43073.170731707316,9432781.032816883,31869454.646680344,44048.78048780488,9432438.935158813,31868514.741089553,44048.78048780488
9432829.25731476,31869969.30387633,43560.9756097561,4.3785892464291605,9432535.384154567,31869544.055481516,43073.170731707316,9432877.481812637,31870483.96107231,43073.170731707316,9433123.130474953,31870394.55227114,44048.78048780488,9432781.032816883,31869454.646680344,44048.78048780488
9433171.354972828,31870909.20946712,43560.9756097561,4.6044987620305795,9432877.481812637,31870483.96107231,43073.170731707316,9433219.579470705,31871423.866663102,43073.170731707316,9433465.22813302,31871334.457861934,44048.78048780488,9433123.130474953,31870394.55227114,44048.78048780488
9433513.4526309,31871849.115057915,43560.9756097561,4.25956623881819,9433219.579470705,31871423.866663102,43073.170731707316,9433561.677128775,31872363.772253893,43073.170731707316,9433807.32579109,31872274.363452725,44048.78048780488,9433465.22813302,31871334.457861934,44048.78048780488
9433855.550288968,31872789.020648707,43560.9756097561,3.580892711322642,9433561.677128775,31872363.772253893,43073.170731707316,9433903.774786845,31873303.677844692,43073.170731707316,9434149.42344916,31873214.26904352,44048.78048780488,9433807.32579109,31872274.363452725,44048.78048780488
9434197.647947038,31873728.9262395,43560.9756097561,3.8349343893786494,9433903.774786845,31873303.677844692,43073.170731707316,9434245.872444913,31874243.583435483,43073.170731707316,9434491.521107228,31874154.174634315,44048.78048780488,9434149.42344916,31873214.26904352,44048.78048780488
9434539.745605106,31874668.831830293,43560.9756097561,4.643359740875968,9434245.872444913,31874243.583435483,43073.170731707316,9434587.970102983,31875183.489026275,43073.170731707316,9434833.618765298,31875094.080225106,44048.78048780488,9434491.521107228,31874154.174634315,44048.78048780488
9434881.843263175,31875608.737421088,43560.9756097561,4.68032769099746,9434587.970102983,31875183.489026275,43073.170731707316,9434930.067761052,31876123.39461707,43073.170731707316,9435175.716423368,31876033.985815898,44048.78048780488,9434833.618765298,31875094.080225106,44048.78048780488
9435223.940921245,31876548.643011883,43560.9756097561,4.469057338668074,9434930.067761052,31876123.39461707,43073.170731707316,9435272.16541912,31877063.30020786,43073.170731707316,9435517.814081436,31876973.891406693,44048.78048780488,9435175.716423368,31876033.985815898,44048.78048780488
9435566.038579315,31877488.548602674,43560.9756097561,4.015231751232388,9435272.16541912,31877063.30020786,43073.170731707316,9435614.26307719,31878003.205798656,43073.170731707316,9435859.911739506,31877913.796997488,44048.78048780488,9435517.814081436,31876973.891406693,44048.78048780488
9435908.136237381,31878428.45419347,43560.9756097561,3.7311517601757593,9435614.26307719,31878003.205798656,43073.170731707316,9435956.36073526,31878943.11138945,43073.170731707316,9436202.009397576,31878853.70258828,44048.78048780488,9435859.911739506,31877913.796997488,44048.78048780488
9436250.233895453,31879368.35978426,43560.9756097561,3.833515253793257,9435956.36073526,31878943.11138945,43073.170731707316,9436298.45839333,31879883.016980246,43073.170731707316,9436544.107055644,31879793.608179078,44048.78048780488,9436202.009397576,31878853.70258828,44048.78048780488
9436592.331553522,31880308.265375055,43560.9756097561,3.727660359886337,9436298.45839333,31879883.016980246,43073.170731707316,9436640.556051398,31880822.922571037,43073.170731707316,9436886.204713713,31880733.51376987,44048.78048780488,9436544.107055644,31879793.608179078,44048.78048780488
9436934.42921159,31881248.170965847,43560.9756097561,4.1255391508279535,9436640.556051398,31880822.922571037,43073.170731707316,9436982.653709468,31881762.828161832,43073.170731707316,9437228.302371783,31881673.41936066,44048.78048780488,9436886.204713713,31880733.51376987,44048.78048780488
9437276.52686966,31882188.07655664,43560.9756097561,4.653510211943259,9436982.653709468,31881762.828161832,43073.170731707316,9437324.751367537,31882702.733752623,43073.170731707316,9437570.400029851,31882613.324951455,44048.78048780488,9437228.302371783,31881673.41936066,44048.78048780488
9437618.62452773,31883127.982147437,43560.9756097561,4.672763453102038,9437324.751367537,31882702.733752623,43073.170731707316,9437666.849025605,31883642.639343414,43073.170731707316,9437912.49768792,31883553.230542246,44048.78048780488,9437570.400029851,31882613.324951455,44048.78048780488
9437960.722185798,31884067.887738228,43560.9756097561,5.20370838173554,9437666.849025605,31883642.639343414,43073.170731707316,9438008.946683677,31884582.544934213,43073.170731707316,9438254.59534599,31884493.13613304,44048.78048780488,9437912.49768792,31883553.230542246,44048.78048780488
9438302.819843868,31885007.793329023,43560.9756097561,4.7438985818636805,9438008.946683677,31884582.544934213,43073.170731707316,9438351.044341745,31885522.450525004,43073.170731707316,9438596.693004059,31885433.041723832,44048.78048780488,9438254.59534599,31884493.13613304,44048.78048780488
9438644.917501938,31885947.698919814,43560.9756097561,4.183964641404381,9438351.044341745,31885522.450525004,43073.170731707316,9438693.141999813,31886462.356115796,43073.170731707316,9438938.790662128,31886372.947314627,44048.78048780488,9438596.693004059,31885433.041723832,44048.78048780488
9438987.015160006,31886887.60451061,43560.9756097561,3.7537135260840127,9438693.141999813,31886462.356115796,43073.170731707316,9439035.239657884,31887402.26170659,43073.170731707316,9439280.888320198,31887312.852905422,44048.78048780488,9438938.790662128,31886372.947314627,44048.78048780488
9439329.112818075,31887827.5101014,43560.9756097561,3.701077336537987,9439035.239657884,31887402.26170659,43073.170731707316,9439377.337315952,31888342.167297386,43073.170731707316,9439622.985978266,31888252.758496214,44048.78048780488,9439280.888320198,31887312.852905422,44048.78048780488
9439671.210476145,31888767.415692195,43560.9756097561,3.8402151535458415,9439377.337315952,31888342.167297386,43073.170731707316,9439719.434974022,31889282.072888177,43073.170731707316,9439965.083636336,31889192.66408701,44048.78048780488,9439622.985978266,31888252.758496214,44048.78048780488
9440013.308134213,31889707.321282994,43560.9756097561,3.808142193268973,9439719.434974022,31889282.072888177,43073.170731707316,9440061.532632092,31890221.978478972,43073.170731707316,9440307.181294406,31890132.5696778,44048.78048780488,9439965.083636336,31889192.66408701,44048.78048780488
9440355.405792283,31890647.22687378,43560.9756097561,3.2776479416417086,9440061.532632092,31890221.978478972,43073.170731707316,9440403.63029016,31891161.884069767,43073.170731707316,9440649.278952474,31891072.475268595,44048.78048780488,9440307.181294406,31890132.5696778,44048.78048780488
9440697.503450353,31891587.132464577,43560.9756097561,3.0474112862090754,9440403.63029016,31891161.884069767,43073.170731707316,9440745.72794823,31892101.789660558,43073.170731707316,9440991.376610544,31892012.38085939,44048.78048780488,9440649.278952474,31891072.475268595,44048.78048780488
9441039.60110842,31892527.03805537,43560.9756097561,3.156184883901213,9440745.72794823,31892101.789660558,43073.170731707316,9441087.8256063,31893041.695251353,43073.170731707316,9441333.474268613,31892952.28645018,44048.78048780488,9440991.376610544,31892012.38085939,44048.78048780488
9441381.69876649,31893466.943646163,43560.9756097561,3.5191634524095567,9441087.8256063,31893041.695251353,43073.170731707316,9441429.923264368,31893981.600842144,43073.170731707316,9441675.571926681,31893892.192040972,44048.78048780488,9441333.474268613,31892952.28645018,44048.78048780488
9441723.79642456,31894406.849236954,43560.9756097561,3.231514889941951,9441429.923264368,31893981.600842144,43073.170731707316,9441772.020922437,31894921.50643294,43073.170731707316,9442017.669584751,31894832.09763177,44048.78048780488,9441675.571926681,31893892.192040972,44048.78048780488
9442065.894082628,31895346.754827753,43560.9756097561,3.37318537231273,9441772.020922437,31894921.50643294,43073.170731707316,9442114.118580507,31895861.412023734,43073.170731707316,9442359.767242821,31895772.003222562,44048.78048780488,9442017.669584751,31894832.09763177,44048.78048780488
9442407.991740698,31896286.660418548,43560.9756097561,2.8064435811007797,9442114.118580507,31895861.412023734,43073.170731707316,9442456.216238575,31896801.317614526,43073.170731707316,9442701.864900889,31896711.908813354,44048.78048780488,9442359.767242821,31895772.003222562,44048.78048780488
9442750.089398768,31897226.566009335,43560.9756097561,2.525370155671085,9442456.216238575,31896801.317614526,43073.170731707316,9442798.313896645,31897741.22320532,43073.170731707316,9443043.962558959,31897651.814404152,44048.78048780488,9442701.864900889,31896711.908813354,44048.78048780488
9443092.187056836,31898166.471600134,43560.9756097561,2.9500041055337345,9442798.313896645,31897741.22320532,43073.170731707316,9443140.411554715,31898681.12879611,43073.170731707316,9443386.06021703,31898591.719994944,44048.78048780488,9443043.962558959,31897651.814404152,44048.78048780488
9443434.284714907,31899106.377190925,43560.9756097561,3.1197383040533664,9443140.411554715,31898681.12879611,43073.170731707316,9443482.509212783,31899621.034386907,43073.170731707316,9443728.157875096,31899531.625585735,44048.78048780488,9443386.06021703,31898591.719994944,44048.78048780488
9443776.382372975,31900046.282781716,43560.9756097561,2.7153485294751243,9443482.509212783,31899621.034386907,43073.170731707316,9443824.606870852,31900560.939977698,43073.170731707316,9444070.255533166,31900471.53117653,44048.78048780488,9443728.157875096,31899531.625585735,44048.78048780488
9444118.480031043,31900986.18837251,43560.9756097561,2.2478234262300996,9443824.606870852,31900560.939977698,43073.170731707316,9444166.704528922,31901500.845568493,43073.170731707316,9444412.353191238,31901411.436767325,44048.78048780488,9444070.255533166,31900471.53117653,44048.78048780488
9444460.577689113,31901926.093963306,43560.9756097561,1.9142669276389428,9444166.704528922,31901500.845568493,43073.170731707316,9444508.80218699,31902440.751159288,43073.170731707316,9444754.450849304,31902351.342358116,44048.78048780488,9444412.353191238,31901411.436767325,44048.78048780488
9444802.675347183,31902865.9995541,43560.9756097561,1.9040852556594878,9444508.80218699,31902440.751159288,43073.170731707316,9444850.89984506,31903380.65675008,43073.170731707316,9445096.548507374,31903291.24794891,44048.78048780488,9444754.450849304,31902351.342358116,44048.78048780488
9445144.77300525,31903805.905144893,43560.9756097561,1.6563316500031366,9444850.89984506,31903380.65675008,43073.170731707316,9445192.99750313,31904320.562340874,43073.170731707316,9445438.646165445,31904231.153539706,44048.78048780488,9445096.548507374,31903291.24794891,44048.78048780488
9445486.870663323,31904745.810735688,43560.9756097561,1.5816962766770897,9445192.99750313,31904320.562340874,43073.170731707316,9445535.095161198,31905260.46793167,43073.170731707316,9445780.743823513,31905171.059130497,44048.78048780488,9445438.646165445,31904231.153539706,44048.78048780488
9445828.968321392,31905685.71632648,43560.9756097561,1.3773747524802773,9445535.095161198,31905260.46793167,43073.170731707316,9445877.192819268,31906200.37352246,43073.170731707316,9446122.841481583,31906110.964721292,44048.78048780488,9445780.743823513,31905171.059130497,44048.78048780488
9446171.06597946,31906625.62191727,43560.9756097561,0.9405104089055547,9445877.192819268,31906200.37352246,43073.170731707316,9446219.290477337,31907140.27911325,43073.170731707316,9446464.939139653,31907050.870312084,44048.78048780488,9446122.841481583,31906110.964721292,44048.78048780488
9446513.163637528,31907565.527508065,43560.9756097561,0.7343197782760755,9446219.290477337,31907140.27911325,43073.170731707316,9446561.388135405,31908080.18470405,43073.170731707316,9446807.036797721,31907990.77590288,44048.78048780488,9446464.939139653,31907050.870312084,44048.78048780488
9446855.2612956,31908505.43309886,43560.9756097561,0.5330298303439955,9446561.388135405,31908080.18470405,43073.170731707316,9446903.485793475,31909020.09029484,43073.170731707316,9447149.13445579,31908930.681493673,44048.78048780488,9446807.036797721,31907990.77590288,44048.78048780488
9447197.358953668,31909445.338689655,43560.9756097561,0.5994975231562834,9446903.485793475,31909020.09029484,43073.170731707316,9447245.583451545,31909959.995885633,43073.170731707316,9447491.23211386,31909870.587084465,44048.78048780488,9447149.13445579,31908930.681493673,44048.78048780488
9447539.456611738,31910385.244280446,43560.9756097561,0.7980913112649903,9447245.583451545,31909959.995885633,43073.170731707316,9447587.681109613,31910899.90147643,43073.170731707316,9447833.329771928,31910810.49267526,44048.78048780488,9447491.23211386,31909870.587084465,44048.78048780488
9447881.554269806,31911325.14987124,43560.9756097561,0.9925870305407559,9447587.681109613,31910899.90147643,43073.170731707316,9447929.778767683,31911839.80706722,43073.170731707316,9448175.427429998,31911750.39826605,44048.78048780488,9447833.329771928,31910810.49267526,44048.78048780488
9448223.651927875,31912265.05546203,43560.9756097561,1.12418714782193,9447929.778767683,31911839.80706722,43073.170731707316,9448271.876425752,31912779.712658014,43073.170731707316,9448517.525088068,31912690.303856846,44048.78048780488,9448175.427429998,31911750.39826605,44048.78048780488
9448565.749585945,31913204.961052828,43560.9756097561,0.9744159392596062,9448271.876425752,31912779.712658014,43073.170731707316,9448613.97408382,31913719.61824881,43073.170731707316,9448859.622746136,31913630.209447637,44048.78048780488,9448517.525088068,31912690.303856846,44048.78048780488
9448907.847244015,31914144.86664362,43560.9756097561,0.9012294486860738,9448613.97408382,31913719.61824881,43073.170731707316,9448956.07174189,31914659.523839604,43073.170731707316,9449201.720404206,31914570.115038432,44048.78048780488,9448859.622746136,31913630.209447637,44048.78048780488
9449249.944902081,31915084.772234414,43560.9756097561,0.9609785815015334,9448956.07174189,31914659.523839604,43073.170731707316,9449298.16939996,31915599.429430395,43073.170731707316,9449543.818062276,31915510.020629227,44048.78048780488,9449201.720404206,31914570.115038432,44048.78048780488
9449592.042560153,31916024.677825212,43560.9756097561,0.73092927428832,9449298.16939996,31915599.429430395,43073.170731707316,9449640.267058028,31916539.33502119,43073.170731707316,9449885.915720344,31916449.92622002,44048.78048780488,9449543.818062276,31915510.020629227,44048.78048780488
9449934.140218223,31916964.583416,43560.9756097561,0.4988846089818647,9449640.267058028,31916539.33502119,43073.170731707316,9449982.3647161,31917479.24061198,43073.170731707316,9450228.013378413,31917389.831810813,44048.78048780488,9449885.915720344,31916449.92622002,44048.78048780488
9450276.23787629,31917904.489006788,43560.9756097561,0.39976259774772144,9449982.3647161,31917479.24061198,43073.170731707316,9450324.462374168,31918419.146202773,43073.170731707316,9450570.111036483,31918329.737401605,44048.78048780488,9450228.013378413,31917389.831810813,44048.78048780488
9450618.335534358,31918844.394597586,43560.9756097561,0.41702353537912157,9450324.462374168,31918419.146202773,43073.170731707316,9450666.560032235,31919359.05179357,43073.170731707316,9450912.208694551,31919269.6429924,44048.78048780488,9450570.111036483,31918329.737401605,44048.78048780488
9450960.43319243,31919784.30018838,43560.9756097561,0.435256692813026,9450666.560032235,31919359.05179357,43073.170731707316,9451008.657690307,31920298.957384363,43073.170731707316,9451254.306352621,31920209.54858319,44048.78048780488,9450912.208694551,31919269.6429924,44048.78048780488
9451302.530850498,31920724.205779172,43560.9756097561,0.39319730517619433,9451008.657690307,31920298.957384363,43073.170731707316,9451350.755348375,31921238.862975154,43073.170731707316,9451596.40401069,31921149.454173986,44048.78048780488,9451254.306352621,31920209.54858319,44048.78048780488
9451644.628508568,31921664.11136997,43560.9756097561,0.44172521751714044,9451350.755348375,31921238.862975154,43073.170731707316,9451692.853006443,31922178.768565953,43073.170731707316,9451938.501668759,31922089.35976478,44048.78048780488,9451596.40401069,31921149.454173986,44048.78048780488
9451986.726166638,31922604.016960766,43560.9756097561,0.6242899730519734,9451692.853006443,31922178.768565953,43073.170731707316,9452034.950664515,31923118.674156744,43073.170731707316,9452280.599326828,31923029.265355572,44048.78048780488,9451938.501668759,31922089.35976478,44048.78048780488
9411180.655860646,31809725.937264375,44536.58536585366,1.835690034753672,9410886.782700453,31809300.688869562,44048.78048780488,9411228.88035852,31810240.594460357,44048.78048780488,9411474.529020838,31810151.185659185,45024.39024390244,9411132.431362769,31809211.280068394,45024.39024390244
9411522.753518714,31810665.842855167,44536.58536585366,1.4127868662244236,9411228.88035852,31810240.594460357,44048.78048780488,9411570.97801659,31811180.50005115,44048.78048780488,9411816.626678905,31811091.09124998,45024.39024390244,9411474.529020838,31810151.185659185,45024.39024390244
9411864.851176782,31811605.748445958,44536.58536585366,1.4047985928388291,9411570.97801659,31811180.50005115,44048.78048780488,9411913.07567466,31812120.405641943,44048.78048780488,9412158.724336976,31812030.996840775,45024.39024390244,9411816.626678905,31811091.09124998,45024.39024390244
9412206.948834853,31812545.654036757,44536.58536585366,1.6727599377943043,9411913.07567466,31812120.405641943,44048.78048780488,9412255.173332728,31813060.31123274,44048.78048780488,9412500.821995044,31812970.902431566,45024.39024390244,9412158.724336976,31812030.996840775,45024.39024390244
9412549.046492923,31813485.55962755,44536.58536585366,1.5125333944682402,9412255.173332728,31813060.31123274,44048.78048780488,9412597.270990798,31814000.216823533,44048.78048780488,9412842.919653114,31813910.808022365,45024.39024390244,9412500.821995044,31812970.902431566,45024.39024390244
9412891.14415099,31814425.465218343,44536.58536585366,1.3147693548581836,9412597.270990798,31814000.216823533,44048.78048780488,9412939.368648868,31814940.12241432,44048.78048780488,9413185.017311184,31814850.713613156,45024.39024390244,9412842.919653114,31813910.808022365,45024.39024390244
9413233.24180906,31815365.370809138,44536.58536585366,1.0815140846642581,9412939.368648868,31814940.12241432,44048.78048780488,9413281.466306936,31815880.02800512,44048.78048780488,9413527.114969252,31815790.619203947,45024.39024390244,9413185.017311184,31814850.713613156,45024.39024390244
9413575.33946713,31816305.27639993,44536.58536585366,0.7908292147326277,9413281.466306936,31815880.02800512,44048.78048780488,9413623.563965006,31816819.93359591,44048.78048780488,9413869.212627321,31816730.524794742,45024.39024390244,9413527.114969252,31815790.619203947,45024.39024390244
9413917.437125199,31817245.18199072,44536.58536585366,0.7830232339246085,9413623.563965006,31816819.93359591,44048.78048780488,9413965.661623076,31817759.839186702,44048.78048780488,9414211.310285391,31817670.430385534,45024.39024390244,9413869.212627321,31816730.524794742,45024.39024390244
9414259.534783266,31818185.087581515,44536.58536585366,0.8102901399010922,9413965.661623076,31817759.839186702,44048.78048780488,9414307.759281144,31818699.7447775,44048.78048780488,9414553.40794346,31818610.33597633,45024.39024390244,9414211.310285391,31817670.430385534,45024.39024390244
9414601.632441338,31819124.99317231,44536.58536585366,0.9625508560464274,9414307.759281144,31818699.7447775,44048.78048780488,9414649.856939213,31819639.650368292,44048.78048780488,9414895.505601529,31819550.24156712,45024.39024390244,9414553.40794346,31818610.33597633,45024.39024390244
9414943.730099406,31820064.898763105,44536.58536585366,1.1288689156207619,9414649.856939213,31819639.650368292,44048.78048780488,9414991.954597283,31820579.555959083,44048.78048780488,9415237.603259599,31820490.147157915,45024.39024390244,9414895.505601529,31819550.24156712,45024.39024390244
9415285.827757476,31821004.804353897,44536.58536585366,1.4597690043762492,9414991.954597283,31820579.555959083,44048.78048780488,9415334.052255351,31821519.461549878,44048.78048780488,9415579.700917667,31821430.052748706,45024.39024390244,9415237.603259599,31820490.147157915,45024.39024390244
9415627.925415544,31821944.70994469,44536.58536585366,1.619081148005417,9415334.052255351,31821519.461549878,44048.78048780488,9415676.14991342,31822459.367140673,44048.78048780488,9415921.798575737,31822369.9583395,45024.39024390244,9415579.700917667,31821430.052748706,45024.39024390244
9415970.023073614,31822884.615535483,44536.58536585366,1.2460145888436727,9415676.14991342,31822459.367140673,44048.78048780488,9416018.247571493,31823399.272731464,44048.78048780488,9416263.896233806,31823309.863930296,45024.39024390244,9415921.798575737,31822369.9583395,45024.39024390244
9416312.120731683,31823824.521126278,44536.58536585366,1.1113351919300123,9416018.247571493,31823399.272731464,44048.78048780488,9416360.345229559,31824339.17832226,44048.78048780488,9416605.993891874,31824249.769521087,45024.39024390244,9416263.896233806,31823309.863930296,45024.39024390244
9416654.218389753,31824764.42671707,44536.58536585366,1.1866105430516949,9416360.345229559,31824339.17832226,44048.78048780488,9416702.442887628,31825279.083913054,44048.78048780488,9416948.091549944,31825189.675111882,45024.39024390244,9416605.993891874,31824249.769521087,45024.39024390244
9416996.316047821,31825704.332307864,44536.58536585366,1.3389736774646328,9416702.442887628,31825279.083913054,44048.78048780488,9417044.5405457,31826218.989503846,44048.78048780488,9417290.189208014,31826129.580702677,45024.39024390244,9416948.091549944,31825189.675111882,45024.39024390244
9417338.413705891,31826644.237898663,44536.58536585366,1.3265369358682668,9417044.5405457,31826218.989503846,44048.78048780488,9417386.638203766,31827158.89509464,44048.78048780488,9417632.286866082,31827069.48629347,45024.39024390244,9417290.189208014,31826129.580702677,45024.39024390244
9417680.51136396,31827584.14348945,44536.58536585366,1.1850338146028299,9417386.638203766,31827158.89509464,44048.78048780488,9417728.735861838,31828098.80068543,44048.78048780488,9417974.384524152,31828009.39188426,45024.39024390244,9417632.286866082,31827069.48629347,45024.39024390244
9418022.609022029,31828524.049080245,44536.58536585366,1.5130663903346704,9417728.735861838,31828098.80068543,44048.78048780488,9418070.833519908,31829038.706276227,44048.78048780488,9418316.482182221,31828949.29747506,45024.39024390244,9417974.384524152,31828009.39188426,45024.39024390244
9418364.706680099,31829463.95467104,44536.58536585366,1.7790826238121327,9418070.833519908,31829038.706276227,44048.78048780488,9418412.931177974,31829978.61186702,44048.78048780488,9418658.57984029,31829889.20306585,45024.39024390244,9418316.482182221,31828949.29747506,45024.39024390244
9418706.804338168,31830403.86026183,44536.58536585366,1.7747764808728579,9418412.931177974,31829978.61186702,44048.78048780488,9418755.028836045,31830918.517457813,44048.78048780488,9419000.67749836,31830829.10865664,45024.39024390244,9418658.57984029,31829889.20306585,45024.39024390244
9419048.901996236,31831343.765852623,44536.58536585366,1.8503671844963754,9418755.028836045,31830918.517457813,44048.78048780488,9419097.126494115,31831858.423048608,44048.78048780488,9419342.775156429,31831769.01424744,45024.39024390244,9419000.67749836,31830829.10865664,45024.39024390244
9419390.999654306,31832283.67144342,44536.58536585366,1.9787793077539704,9419097.126494115,31831858.423048608,44048.78048780488,9419439.224152183,31832798.3286394,44048.78048780488,9419684.872814497,31832708.91983823,45024.39024390244,9419342.775156429,31831769.01424744,45024.39024390244
9419733.097312376,31833223.577034216,44536.58536585366,2.3517128119084063,9419439.224152183,31832798.3286394,44048.78048780488,9419781.321810253,31833738.234230194,44048.78048780488,9420026.970472567,31833648.825429022,45024.39024390244,9419684.872814497,31832708.91983823,45024.39024390244
9420075.194970444,31834163.482625004,44536.58536585366,2.836878392085573,9419781.321810253,31833738.234230194,44048.78048780488,9420123.419468323,31834678.139820985,44048.78048780488,9420369.068130637,31834588.731019817,45024.39024390244,9420026.970472567,31833648.825429022,45024.39024390244
9420417.292628514,31835103.388215803,44536.58536585366,2.7948317918892633,9420123.419468323,31834678.139820985,44048.78048780488,9420465.51712639,31835618.04541178,44048.78048780488,9420711.165788705,31835528.636610612,45024.39024390244,9420369.068130637,31834588.731019817,45024.39024390244
9420759.390286583,31836043.293806594,44536.58536585366,2.889377411606586,9420465.51712639,31835618.04541178,44048.78048780488,9420807.61478446,31836557.951002575,44048.78048780488,9421053.263446774,31836468.542201404,45024.39024390244,9420711.165788705,31835528.636610612,45024.39024390244
9421101.487944651,31836983.199397385,44536.58536585366,2.8807960529508807,9420807.61478446,31836557.951002575,44048.78048780488,9421149.71244253,31837497.856593367,44048.78048780488,9421395.361104844,31837408.4477922,45024.39024390244,9421053.263446774,31836468.542201404,45024.39024390244
9421443.585602721,31837923.10498818,44536.58536585366,2.935899949578378,9421149.71244253,31837497.856593367,44048.78048780488,9421491.810100598,31838437.76218416,44048.78048780488,9421737.458762912,31838348.353382993,45024.39024390244,9421395.361104844,31837408.4477922,45024.39024390244
9421785.683260791,31838863.010578975,44536.58536585366,2.833318753171619,9421491.810100598,31838437.76218416,44048.78048780488,9421833.907758668,31839377.667774953,44048.78048780488,9422079.556420982,31839288.258973785,45024.39024390244,9421737.458762912,31838348.353382993,45024.39024390244
9422127.780918859,31839802.91616977,44536.58536585366,3.0922354060476467,9421833.907758668,31839377.667774953,44048.78048780488,9422176.005416738,31840317.573365748,44048.78048780488,9422421.654079052,31840228.16456458,45024.39024390244,9422079.556420982,31839288.258973785,45024.39024390244
9422469.878576929,31840742.821760558,44536.58536585366,2.516839969423245,9422176.005416738,31840317.573365748,44048.78048780488,9422518.103074806,31841257.47895654,44048.78048780488,9422763.75173712,31841168.07015537,45024.39024390244,9422421.654079052,31840228.16456458,45024.39024390244
9422811.976234999,31841682.727351356,44536.58536585366,2.36649427935653,9422518.103074806,31841257.47895654,44048.78048780488,9422860.200732876,31842197.384547338,44048.78048780488,9423105.849395191,31842107.975746166,45024.39024390244,9422763.75173712,31841168.07015537,45024.39024390244
9423154.073893068,31842622.632942148,44536.58536585366,2.723772017141208,9422860.200732876,31842197.384547338,44048.78048780488,9423202.298390945,31843137.29013813,44048.78048780488,9423447.94705326,31843047.88133696,45024.39024390244,9423105.849395191,31842107.975746166,45024.39024390244
9423496.171551136,31843562.53853294,44536.58536585366,2.9624107409919245,9423202.298390945,31843137.29013813,44048.78048780488,9423544.396049013,31844077.19572892,44048.78048780488,9423790.044711327,31843987.786927752,45024.39024390244,9423447.94705326,31843047.88133696,45024.39024390244
9423838.269209206,31844502.444123734,44536.58536585366,3.2074501720815576,9423544.396049013,31844077.19572892,44048.78048780488,9423886.493707083,31845017.101319715,44048.78048780488,9424132.142369399,31844927.692518547,45024.39024390244,9423790.044711327,31843987.786927752,45024.39024390244
9424180.366867274,31845442.34971453,44536.58536585366,2.8077993318012577,9423886.493707083,31845017.101319715,44048.78048780488,9424228.591365153,31845957.006910507,44048.78048780488,9424474.240027467,31845867.598109335,45024.39024390244,9424132.142369399,31844927.692518547,45024.39024390244
9424522.464525344,31846382.255305316,44536.58536585366,2.4287466845209957,9424228.591365153,31845957.006910507,44048.78048780488,9424570.68902322,31846896.9125013,44048.78048780488,9424816.337685535,31846807.503700133,45024.39024390244,9424474.240027467,31845867.598109335,45024.39024390244
9424864.562183414,31847322.160896115,44536.58536585366,2.440799370994364,9424570.68902322,31846896.9125013,44048.78048780488,9424912.78668129,31847836.818092097,44048.78048780488,9425158.435343606,31847747.409290925,45024.39024390244,9424816.337685535,31846807.503700133,45024.39024390244
9425206.659841482,31848262.066486903,44536.58536585366,2.780069335802748,9424912.78668129,31847836.818092097,44048.78048780488,9425254.88433936,31848776.723682888,44048.78048780488,9425500.533001674,31848687.314881716,45024.39024390244,9425158.435343606,31847747.409290925,45024.39024390244
9425548.757499551,31849201.972077698,44536.58536585366,2.99305207685673,9425254.88433936,31848776.723682888,44048.78048780488,9425596.981997428,31849716.629273683,44048.78048780488,9425842.630659744,31849627.220472515,45024.39024390244,9425500.533001674,31848687.314881716,45024.39024390244
9425890.855157623,31850141.877668496,44536.58536585366,2.997406476999219,9425596.981997428,31849716.629273683,44048.78048780488,9425939.079655498,31850656.534864478,44048.78048780488,9426184.728317814,31850567.126063306,45024.39024390244,9425842.630659744,31849627.220472515,45024.39024390244
9426232.95281569,31851081.783259287,44536.58536585366,3.442717507661003,9425939.079655498,31850656.534864478,44048.78048780488,9426281.177313568,31851596.44045527,44048.78048780488,9426526.825975884,31851507.031654097,45024.39024390244,9426184.728317814,31850567.126063306,45024.39024390244
9426575.05047376,31852021.68885008,44536.58536585366,3.7264891482121323,9426281.177313568,31851596.44045527,44048.78048780488,9426623.274971636,31852536.34604606,44048.78048780488,9426868.923633952,31852446.937244892,45024.39024390244,9426526.825975884,31851507.031654097,45024.39024390244
9426917.14813183,31852961.594440874,44536.58536585366,3.8542421883343745,9426623.274971636,31852536.34604606,44048.78048780488,9426965.372629706,31853476.25163686,44048.78048780488,9427211.021292021,31853386.842835687,45024.39024390244,9426868.923633952,31852446.937244892,45024.39024390244
9427259.245789899,31853901.50003167,44536.58536585366,4.165413720054775,9426965.372629706,31853476.25163686,44048.78048780488,9427307.470287776,31854416.15722765,44048.78048780488,9427553.118950091,31854326.74842648,45024.39024390244,9427211.021292021,31853386.842835687,45024.39024390244
9427601.343447967,31854841.405622456,44536.58536585366,3.639078105849781,9427307.470287776,31854416.15722765,44048.78048780488,9427649.567945844,31855356.06281844,44048.78048780488,9427895.21660816,31855266.654017273,45024.39024390244,9427553.118950091,31854326.74842648,45024.39024390244
9427943.441106038,31855781.311213255,44536.58536585366,3.367844292296729,9427649.567945844,31855356.06281844,44048.78048780488,9427991.665603913,31856295.96840924,44048.78048780488,9428237.314266229,31856206.55960807,45024.39024390244,9427895.21660816,31855266.654017273,45024.39024390244
9428285.538764106,31856721.21680405,44536.58536585366,3.501864700266225,9427991.665603913,31856295.96840924,44048.78048780488,9428333.763261983,31857235.87400003,44048.78048780488,9428579.411924299,31857146.46519886,45024.39024390244,9428237.314266229,31856206.55960807,45024.39024390244
9428627.636422176,31857661.12239484,44536.58536585366,3.646845983886782,9428333.763261983,31857235.87400003,44048.78048780488,9428675.860920051,31858175.779590823,44048.78048780488,9428921.509582367,31858086.370789655,45024.39024390244,9428579.411924299,31857146.46519886,45024.39024390244
9428969.734080244,31858601.027985636,44536.58536585366,4.155045057481416,9428675.860920051,31858175.779590823,44048.78048780488,9429017.95857812,31859115.685181614,44048.78048780488,9429263.607240437,31859026.276380446,45024.39024390244,9428921.509582367,31858086.370789655,45024.39024390244
9429311.831738314,31859540.933576427,44536.58536585366,4.6987154068202,9429017.95857812,31859115.685181614,44048.78048780488,9429360.05623619,31860055.590772413,44048.78048780488,9429605.704898506,31859966.18197124,45024.39024390244,9429263.607240437,31859026.276380446,45024.39024390244
9429653.929396383,31860480.839167222,44536.58536585366,4.838250637258069,9429360.05623619,31860055.590772413,44048.78048780488,9429702.15389426,31860995.496363204,44048.78048780488,9429947.802556574,31860906.087562036,45024.39024390244,9429605.704898506,31859966.18197124,45024.39024390244
9429996.027054453,31861420.744758014,44536.58536585366,4.468887516816431,9429702.15389426,31860995.496363204,44048.78048780488,9430044.251552328,31861935.401953995,44048.78048780488,9430289.900214644,31861845.993152827,45024.39024390244,9429947.802556574,31860906.087562036,45024.39024390244
9430338.12471252,31862360.65034881,44536.58536585366,3.854977301941897,9430044.251552328,31861935.401953995,44048.78048780488,9430386.349210398,31862875.307544794,44048.78048780488,9430631.997872714,31862785.898743622,45024.39024390244,9430289.900214644,31861845.993152827,45024.39024390244
9430680.222370591,31863300.555939604,44536.58536585366,3.820328515885135,9430386.349210398,31862875.307544794,44048.78048780488,9430728.446868468,31863815.213135585,44048.78048780488,9430974.095530782,31863725.804334417,45024.39024390244,9430631.997872714,31862785.898743622,45024.39024390244
9431022.32002866,31864240.461530395,44536.58536585366,3.92063375276395,9430728.446868468,31863815.213135585,44048.78048780488,9431070.544526536,31864755.118726376,44048.78048780488,9431316.193188852,31864665.70992521,45024.39024390244,9430974.095530782,31863725.804334417,45024.39024390244
9431364.417686729,31865180.36712119,44536.58536585366,4.63819146940081,9431070.544526536,31864755.118726376,44048.78048780488,9431412.642184606,31865695.02431717,44048.78048780488,9431658.290846922,31865605.615516,45024.39024390244,9431316.193188852,31864665.70992521,45024.39024390244
9431706.515344799,31866120.27271198,44536.58536585366,5.027340969682821,9431412.642184606,31865695.02431717,44048.78048780488,9431754.739842676,31866634.929907966,44048.78048780488,9432000.38850499,31866545.5211068,45024.39024390244,9431658.290846922,31865605.615516,45024.39024390244
9432048.613002868,31867060.178302776,44536.58536585366,5.061696922921243,9431754.739842676,31866634.929907966,44048.78048780488,9432096.837500744,31867574.835498758,44048.78048780488,9432342.48616306,31867485.42669759,45024.39024390244,9432000.38850499,31866545.5211068,45024.39024390244
9432390.710660936,31868000.083893567,44536.58536585366,5.369300614735551,9432096.837500744,31867574.835498758,44048.78048780488,9432438.935158813,31868514.741089553,44048.78048780488,9432684.583821129,31868425.33228838,45024.39024390244,9432342.48616306,31867485.42669759,45024.39024390244
9432732.808319006,31868939.989484362,44536.58536585366,5.328262840308053,9432438.935158813,31868514.741089553,44048.78048780488,9432781.032816883,31869454.646680344,44048.78048780488,9433026.681479197,31869365.23787918,45024.39024390244,9432684.583821129,31868425.33228838,45024.39024390244
9433074.905977076,31869879.895075157,44536.58536585366,5.164038470039042,9432781.032816883,31869454.646680344,44048.78048780488,9433123.130474953,31870394.55227114,44048.78048780488,9433368.779137267,31870305.14346997,45024.39024390244,9433026.681479197,31869365.23787918,45024.39024390244
9433417.003635144,31870819.800665952,44536.58536585366,5.08844702893152,9433123.130474953,31870394.55227114,44048.78048780488,9433465.22813302,31871334.457861934,44048.78048780488,9433710.876795337,31871245.049060762,45024.39024390244,9433368.779137267,31870305.14346997,45024.39024390244
9433759.101293214,31871759.706256744,44536.58536585366,4.208629335236829,9433465.22813302,31871334.457861934,44048.78048780488,9433807.32579109,31872274.363452725,44048.78048780488,9434052.974453405,31872184.954651553,45024.39024390244,9433710.876795337,31871245.049060762,45024.39024390244
9434101.198951283,31872699.611847535,44536.58536585366,3.940926710992119,9433807.32579109,31872274.363452725,44048.78048780488,9434149.42344916,31873214.26904352,44048.78048780488,9434395.072111474,31873124.860242352,45024.39024390244,9434052.974453405,31872184.954651553,45024.39024390244
9434443.296609351,31873639.517438333,44536.58536585366,3.9688365105757284,9434149.42344916,31873214.26904352,44048.78048780488,9434491.521107228,31874154.174634315,44048.78048780488,9434737.169769544,31874064.765833143,45024.39024390244,9434395.072111474,31873124.860242352,45024.39024390244
9434785.394267421,31874579.42302912,44536.58536585366,4.078828141907397,9434491.521107228,31874154.174634315,44048.78048780488,9434833.618765298,31875094.080225106,44048.78048780488,9435079.267427612,31875004.671423934,45024.39024390244,9434737.169769544,31874064.765833143,45024.39024390244
9435127.491925491,31875519.328619916,44536.58536585366,3.8240274440989093,9434833.618765298,31875094.080225106,44048.78048780488,9435175.716423368,31876033.985815898,44048.78048780488,9435421.365085682,31875944.57701473,45024.39024390244,9435079.267427612,31875004.671423934,45024.39024390244
9435469.589583559,31876459.234210715,44536.58536585366,4.035139240089109,9435175.716423368,31876033.985815898,44048.78048780488,9435517.814081436,31876973.891406693,44048.78048780488,9435763.462743752,31876884.48260552,45024.39024390244,9435421.365085682,31875944.57701473,45024.39024390244
9435811.687241629,31877399.139801502,44536.58536585366,4.283480407733926,9435517.814081436,31876973.891406693,44048.78048780488,9435859.911739506,31877913.796997488,44048.78048780488,9436105.56040182,31877824.388196316,45024.39024390244,9435763.462743752,31876884.48260552,45024.39024390244
9436153.784899699,31878339.045392297,44536.58536585366,4.227628824120932,9435859.911739506,31877913.796997488,44048.78048780488,9436202.009397576,31878853.70258828,44048.78048780488,9436447.65805989,31878764.29378711,45024.39024390244,9436105.56040182,31877824.388196316,45024.39024390244
9436495.882557767,31879278.950983092,44536.58536585366,4.564628135615821,9436202.009397576,31878853.70258828,44048.78048780488,9436544.107055644,31879793.608179078,44048.78048780488,9436789.755717961,31879704.199377906,45024.39024390244,9436447.65805989,31878764.29378711,45024.39024390244
9436837.980215836,31880218.856573887,44536.58536585366,4.331242861957033,9436544.107055644,31879793.608179078,44048.78048780488,9436886.204713713,31880733.51376987,44048.78048780488,9437131.853376027,31880644.104968697,45024.39024390244,9436789.755717961,31879704.199377906,45024.39024390244
9437180.077873906,31881158.762164675,44536.58536585366,4.159572776439523,9436886.204713713,31880733.51376987,44048.78048780488,9437228.302371783,31881673.41936066,44048.78048780488,9437473.951034097,31881584.01055949,45024.39024390244,9437131.853376027,31880644.104968697,45024.39024390244
9437522.175531974,31882098.667755473,44536.58536585366,4.737973618491814,9437228.302371783,31881673.41936066,44048.78048780488,9437570.400029851,31882613.324951455,44048.78048780488,9437816.048692169,31882523.916150283,45024.39024390244,9437473.951034097,31881584.01055949,45024.39024390244
9437864.273190046,31883038.57334627,44536.58536585366,5.395046701487982,9437570.400029851,31882613.324951455,44048.78048780488,9437912.49768792,31883553.230542246,44048.78048780488,9438158.146350235,31883463.821741074,45024.39024390244,9437816.048692169,31882523.916150283,45024.39024390244
9438206.370848114,31883978.478937056,44536.58536585366,5.325800101557692,9437912.49768792,31883553.230542246,44048.78048780488,9438254.59534599,31884493.13613304,44048.78048780488,9438500.244008305,31884403.727331873,45024.39024390244,9438158.146350235,31883463.821741074,45024.39024390244
9438548.468506182,31884918.384527855,44536.58536585366,5.156380388541562,9438254.59534599,31884493.13613304,44048.78048780488,9438596.693004059,31885433.041723832,44048.78048780488,9438842.341666376,31885343.632922664,45024.39024390244,9438500.244008305,31884403.727331873,45024.39024390244
9438890.566164251,31885858.290118646,44536.58536585366,5.150608936465919,9438596.693004059,31885433.041723832,44048.78048780488,9438938.790662128,31886372.947314627,44048.78048780488,9439184.439324442,31886283.538513456,45024.39024390244,9438842.341666376,31885343.632922664,45024.39024390244
9439232.663822321,31886798.195709437,44536.58536585366,5.220359272939334,9438938.790662128,31886372.947314627,44048.78048780488,9439280.888320198,31887312.852905422,44048.78048780488,9439526.536982514,31887223.444104254,45024.39024390244,9439184.439324442,31886283.538513456,45024.39024390244
9439574.76148039,31887738.101300232,44536.58536585366,5.286688483010704,9439280.888320198,31887312.852905422,44048.78048780488,9439622.985978266,31888252.758496214,44048.78048780488,9439868.634640584,31888163.349695046,45024.39024390244,9439526.536982514,31887223.444104254,45024.39024390244
9439916.85913846,31888678.006891027,44536.58536585366,5.190940008368111,9439622.985978266,31888252.758496214,44048.78048780488,9439965.083636336,31889192.66408701,44048.78048780488,9440210.732298652,31889103.255285837,45024.39024390244,9439868.634640584,31888163.349695046,45024.39024390244
9440258.956796529,31889617.912481822,44536.58536585366,5.318670264468306,9439965.083636336,31889192.66408701,44048.78048780488,9440307.181294406,31890132.5696778,44048.78048780488,9440552.829956722,31890043.16087663,45024.39024390244,9440210.732298652,31889103.255285837,45024.39024390244
9440601.054454599,31890557.818072613,44536.58536585366,4.742607581656688,9440307.181294406,31890132.5696778,44048.78048780488,9440649.278952474,31891072.475268595,44048.78048780488,9440894.927614791,31890983.066467427,45024.39024390244,9440552.829956722,31890043.16087663,45024.39024390244
9440943.152112667,31891497.72366341,44536.58536585366,4.538293102088923,9440649.278952474,31891072.475268595,44048.78048780488,9440991.376610544,31892012.38085939,44048.78048780488,9441237.02527286,31891922.972058218,45024.39024390244,9440894.927614791,31890983.066467427,45024.39024390244
9441285.249770736,31892437.6292542,44536.58536585366,3.8749320149127495,9440991.376610544,31892012.38085939,44048.78048780488,9441333.474268613,31892952.28645018,44048.78048780488,9441579.122930929,31892862.877649013,45024.39024390244,9441237.02527286,31891922.972058218,45024.39024390244
9441627.347428806,31893377.53484499,44536.58536585366,4.077529659904877,9441333.474268613,31892952.28645018,44048.78048780488,9441675.571926681,31893892.192040972,44048.78048780488,9441921.220588999,31893802.783239804,45024.39024390244,9441579.122930929,31892862.877649013,45024.39024390244
9441969.445086876,31894317.440435786,44536.58536585366,5.079852598300372,9441675.571926681,31893892.192040972,44048.78048780488,9442017.669584751,31894832.09763177,44048.78048780488,9442263.318247067,31894742.6888306,45024.39024390244,9441921.220588999,31893802.783239804,45024.39024390244
9442311.542744942,31895257.34602658,44536.58536585366,5.100999997207452,9442017.669584751,31894832.09763177,44048.78048780488,9442359.767242821,31895772.003222562,44048.78048780488,9442605.415905137,31895682.594421394,45024.39024390244,9442263.318247067,31894742.6888306,45024.39024390244
9442653.640403014,31896197.251617376,44536.58536585366,5.128037401509289,9442359.767242821,31895772.003222562,44048.78048780488,9442701.864900889,31896711.908813354,44048.78048780488,9442947.513563206,31896622.500012185,45024.39024390244,9442605.415905137,31895682.594421394,45024.39024390244
9442995.738061083,31897137.157208167,44536.58536585366,4.980718622352103,9442701.864900889,31896711.908813354,44048.78048780488,9443043.962558959,31897651.814404152,44048.78048780488,9443289.611221274,31897562.40560298,45024.39024390244,9442947.513563206,31896622.500012185,45024.39024390244
9443337.835719151,31898077.062798962,44536.58536585366,4.1574761778071645,9443043.962558959,31897651.814404152,44048.78048780488,9443386.06021703,31898591.719994944,44048.78048780488,9443631.708879344,31898502.31119377,45024.39024390244,9443289.611221274,31897562.40560298,45024.39024390244
9443679.933377221,31899016.968389753,44536.58536585366,3.8040426421002094,9443386.06021703,31898591.719994944,44048.78048780488,9443728.157875096,31899531.625585735,44048.78048780488,9443973.806537414,31899442.216784567,45024.39024390244,9443631.708879344,31898502.31119377,45024.39024390244
9444022.031035291,31899956.87398055,44536.58536585366,3.2517875790709048,9443728.157875096,31899531.625585735,44048.78048780488,9444070.255533166,31900471.53117653,44048.78048780488,9444315.904195482,31900382.122375358,45024.39024390244,9443973.806537414,31899442.216784567,45024.39024390244
9444364.128693359,31900896.77957134,44536.58536585366,3.1265929981277867,9444070.255533166,31900471.53117653,44048.78048780488,9444412.353191238,31901411.436767325,44048.78048780488,9444658.001853552,31901322.027966153,45024.39024390244,9444315.904195482,31900382.122375358,45024.39024390244
9444706.226351429,31901836.685162134,44536.58536585366,2.876635972621,9444412.353191238,31901411.436767325,44048.78048780488,9444754.450849304,31902351.342358116,44048.78048780488,9445000.099511622,31902261.933556948,45024.39024390244,9444658.001853552,31901322.027966153,45024.39024390244
9445048.324009497,31902776.590752933,44536.58536585366,2.652329861870636,9444754.450849304,31902351.342358116,44048.78048780488,9445096.548507374,31903291.24794891,44048.78048780488,9445342.19716969,31903201.83914774,45024.39024390244,9445000.099511622,31902261.933556948,45024.39024390244
9445390.421667567,31903716.49634372,44536.58536585366,2.3026852197379366,9445096.548507374,31903291.24794891,44048.78048780488,9445438.646165445,31904231.153539706,44048.78048780488,9445684.29482776,31904141.744738534,45024.39024390244,9445342.19716969,31903201.83914774,45024.39024390244
9445732.519325636,31904656.401934516,44536.58536585366,1.698252157699513,9445438.646165445,31904231.153539706,44048.78048780488,9445780.743823513,31905171.059130497,44048.78048780488,9446026.39248583,31905081.65032933,45024.39024390244,9445684.29482776,31904141.744738534,45024.39024390244
9446074.616983706,31905596.30752531,44536.58536585366,1.3675863671816832,9445780.743823513,31905171.059130497,44048.78048780488,9446122.841481583,31906110.964721292,44048.78048780488,9446368.490143897,31906021.55592012,45024.39024390244,9446026.39248583,31905081.65032933,45024.39024390244
9446416.714641774,31906536.213116102,44536.58536585366,0.9087675328368039,9446122.841481583,31906110.964721292,44048.78048780488,9446464.939139653,31907050.870312084,44048.78048780488,9446710.587801967,31906961.46151091,45024.39024390244,9446368.490143897,31906021.55592012,45024.39024390244
9446758.812299844,31907476.118706893,44536.58536585366,0.6558192140222737,9446464.939139653,31907050.870312084,44048.78048780488,9446807.036797721,31907990.77590288,44048.78048780488,9447052.685460037,31907901.36710171,45024.39024390244,9446710.587801967,31906961.46151091,45024.39024390244
9447100.909957914,31908416.024297692,44536.58536585366,0.5395569156143374,9446807.036797721,31907990.77590288,44048.78048780488,9447149.13445579,31908930.681493673,44048.78048780488,9447394.783118105,31908841.2726925,45024.39024390244,9447052.685460037,31907901.36710171,45024.39024390244
9447443.007615982,31909355.929888487,44536.58536585366,0.42065027791878784,9447149.13445579,31908930.681493673,44048.78048780488,9447491.23211386,31909870.587084465,44048.78048780488,9447736.880776174,31909781.178283293,45024.39024390244,9447394.783118105,31908841.2726925,45024.39024390244
9447785.105274051,31910295.835479274,44536.58536585366,0.3854806991619866,9447491.23211386,31909870.587084465,44048.78048780488,9447833.329771928,31910810.49267526,44048.78048780488,9448078.978434244,31910721.08387409,45024.39024390244,9447736.880776174,31909781.178283293,45024.39024390244
9448127.202932121,31911235.741070073,44536.58536585366,0.3286549224307701,9447833.329771928,31910810.49267526,44048.78048780488,9448175.427429998,31911750.39826605,44048.78048780488,9448421.076092312,31911660.989464883,45024.39024390244,9448078.978434244,31910721.08387409,45024.39024390244
9448469.30059019,31912175.646660864,44536.58536585366,0.35506977914772336,9448175.427429998,31911750.39826605,44048.78048780488,9448517.525088068,31912690.303856846,44048.78048780488,9448763.173750382,31912600.895055674,45024.39024390244,9448421.076092312,31911660.989464883,45024.39024390244
9448811.398248259,31913115.552251656,44536.58536585366,0.41120295073471996,9448517.525088068,31912690.303856846,44048.78048780488,9448859.622746136,31913630.209447637,44048.78048780488,9449105.27140845,31913540.80064647,45024.39024390244,9448763.173750382,31912600.895055674,45024.39024390244
9449153.495906329,31914055.45784245,44536.58536585366,0.619317080219022,9448859.622746136,31913630.209447637,44048.78048780488,9449201.720404206,31914570.115038432,44048.78048780488,9449447.36906652,31914480.706237264,45024.39024390244,9449105.27140845,31913540.80064647,45024.39024390244
9449495.593564397,31914995.363433246,44536.58536585366,0.7447948331268236,9449201.720404206,31914570.115038432,44048.78048780488,9449543.818062276,31915510.020629227,44048.78048780488,9449789.46672459,31915420.611828055,45024.39024390244,9449447.36906652,31914480.706237264,45024.39024390244
9449837.691222467,31915935.26902404,44536.58536585366,0.4360963134846187,9449543.818062276,31915510.020629227,44048.78048780488,9449885.915720344,31916449.92622002,44048.78048780488,9450131.564382657,31916360.51741885,45024.39024390244,9449789.46672459,31915420.611828055,45024.39024390244
9450179.788880536,31916875.17461483,44536.58536585366,0.30094138536859866,9449885.915720344,31916449.92622002,44048.78048780488,9450228.013378413,31917389.831810813,44048.78048780488,9450473.66204073,31917300.423009645,45024.39024390244,9450131.564382657,31916360.51741885,45024.39024390244
9450521.886538604,31917815.080205627,44536.58536585366,0.28458344902498883,9450228.013378413,31917389.831810813,44048.78048780488,9450570.111036483,31918329.737401605,44048.78048780488,9450815.759698797,31918240.328600433,45024.39024390244,9450473.66204073,31917300.423009645,45024.39024390244
9450863.984196674,31918754.985796414,44536.58536585366,0.2900957023402415,9450570.111036483,31918329.737401605,44048.78048780488,9450912.208694551,31919269.6429924,44048.78048780488,9451157.857356865,31919180.23419123,45024.39024390244,9450815.759698797,31918240.328600433,45024.39024390244
9451206.081854744,31919694.89138721,44536.58536585366,0.361916616840111,9450912.208694551,31919269.6429924,44048.78048780488,9451254.306352621,31920209.54858319,44048.78048780488,9451499.955014937,31920120.139782023,45024.39024390244,9451157.857356865,31919180.23419123,45024.39024390244
9451548.179512812,31920634.796978004,44536.58536585366,0.31452168183906354,9451254.306352621,31920209.54858319,44048.78048780488,9451596.40401069,31921149.454173986,44048.78048780488,9451842.052673005,31921060.045372814,45024.39024390244,9451499.955014937,31920120.139782023,45024.39024390244
9451890.277170882,31921574.7025688,44536.58536585366,0.2333014402060273,9451596.40401069,31921149.454173986,44048.78048780488,9451938.501668759,31922089.35976478,44048.78048780488,9452184.150331073,31921999.950963613,45024.39024390244,9451842.052673005,31921060.045372814,45024.39024390244
9452232.374828951,31922514.608159594,44536.58536585366,0.24378541026812842,9451938.501668759,31922089.35976478,44048.78048780488,9452280.599326828,31923029.265355572,44048.78048780488,9452526.247989144,31922939.856554404,45024.39024390244,9452184.150331073,31921999.950963613,45024.39024390244
9411426.30452296,31809636.528463203,45512.19512195122,1.806934578052975,9411132.431362769,31809211.280068394,45024.39024390244,9411474.529020838,31810151.185659185,45024.39024390244,9411720.177683152,31810061.776858017,46000.0,9411378.080025082,31809121.871267222,46000.0
9411768.40218103,31810576.434054,45512.19512195122,1.9909795954967087,9411474.529020838,31810151.185659185,45024.39024390244,9411816.626678905,31811091.09124998,45024.39024390244,9412062.27534122,31811001.682448808,46000.0,9411720.177683152,31810061.776858017,46000.0
9412110.4998391,31811516.33964479,45512.19512195122,1.8411090210476755,9411816.626678905,31811091.09124998,45024.39024390244,9412158.724336976,31812030.996840775,45024.39024390244,9412404.37299929,31811941.588039603,46000.0,9412062.27534122,31811001.682448808,46000.0
9412452.597497167,31812456.245235585,45512.19512195122,1.7467236420850425,9412158.724336976,31812030.996840775,45024.39024390244,9412500.821995044,31812970.902431566,45024.39024390244,9412746.47065736,31812881.493630398,46000.0,9412404.37299929,31811941.588039603,46000.0
9412794.695155237,31813396.150826383,45512.19512195122,1.7857508361157473,9412500.821995044,31812970.902431566,45024.39024390244,9412842.919653114,31813910.808022365,45024.39024390244,9413088.568315428,31813821.399221193,46000.0,9412746.47065736,31812881.493630398,46000.0
9413136.792813307,31814336.056417175,45512.19512195122,1.574502863287682,9412842.919653114,31813910.808022365,45024.39024390244,9413185.017311184,31814850.713613156,45024.39024390244,9413430.665973498,31814761.304811984,46000.0,9413088.568315428,31813821.399221193,46000.0
9413478.890471375,31815275.962007966,45512.19512195122,1.1521337537174605,9413185.017311184,31814850.713613156,45024.39024390244,9413527.114969252,31815790.619203947,45024.39024390244,9413772.763631567,31815701.21040278,46000.0,9413430.665973498,31814761.304811984,46000.0
9413820.988129444,31816215.86759876,45512.19512195122,0.8349409777896251,9413527.114969252,31815790.619203947,45024.39024390244,9413869.212627321,31816730.524794742,45024.39024390244,9414114.861289635,31816641.11599357,46000.0,9413772.763631567,31815701.21040278,46000.0
9414163.085787514,31817155.773189552,45512.19512195122,0.6348438119873868,9413869.212627321,31816730.524794742,45024.39024390244,9414211.310285391,31817670.430385534,45024.39024390244,9414456.958947705,31817581.02158436,46000.0,9414114.861289635,31816641.11599357,46000.0
9414505.183445582,31818095.678780343,45512.19512195122,0.5389406821260642,9414211.310285391,31817670.430385534,45024.39024390244,9414553.40794346,31818610.33597633,45024.39024390244,9414799.056605775,31818520.92717516,46000.0,9414456.958947705,31817581.02158436,46000.0
9414847.281103652,31819035.584371142,45512.19512195122,0.6040357017859899,9414553.40794346,31818610.33597633,45024.39024390244,9414895.505601529,31819550.24156712,45024.39024390244,9415141.154263843,31819460.83276595,46000.0,9414799.056605775,31818520.92717516,46000.0
9415189.378761722,31819975.489961937,45512.19512195122,0.8604760436863399,9414895.505601529,31819550.24156712,45024.39024390244,9415237.603259599,31820490.147157915,45024.39024390244,9415483.251921913,31820400.738356743,46000.0,9415141.154263843,31819460.83276595,46000.0
9415531.47641979,31820915.395552725,45512.19512195122,1.030638868063437,9415237.603259599,31820490.147157915,45024.39024390244,9415579.700917667,31821430.052748706,45024.39024390244,9415825.349579982,31821340.643947538,46000.0,9415483.251921913,31820400.738356743,46000.0
9415873.57407786,31821855.301143523,45512.19512195122,1.041809037141978,9415579.700917667,31821430.052748706,45024.39024390244,9415921.798575737,31822369.9583395,45024.39024390244,9416167.44723805,31822280.549538333,46000.0,9415825.349579982,31821340.643947538,46000.0
9416215.67173593,31822795.206734315,45512.19512195122,1.190587382458508,9415921.798575737,31822369.9583395,45024.39024390244,9416263.896233806,31823309.863930296,45024.39024390244,9416509.544896122,31823220.455129124,46000.0,9416167.44723805,31822280.549538333,46000.0
9416557.769393997,31823735.112325106,45512.19512195122,1.2194171442796575,9416263.896233806,31823309.863930296,45024.39024390244,9416605.993891874,31824249.769521087,45024.39024390244,9416851.64255419,31824160.36071992,46000.0,9416509.544896122,31823220.455129124,46000.0
9416899.867052067,31824675.017915897,45512.19512195122,1.3419430057701773,9416605.993891874,31824249.769521087,45024.39024390244,9416948.091549944,31825189.675111882,45024.39024390244,9417193.740212258,31825100.266310714,46000.0,9416851.64255419,31824160.36071992,46000.0
9417241.964710137,31825614.923506696,45512.19512195122,1.297550164591887,9416948.091549944,31825189.675111882,45024.39024390244,9417290.189208014,31826129.580702677,45024.39024390244,9417535.83787033,31826040.171901505,46000.0,9417193.740212258,31825100.266310714,46000.0
9417584.062368207,31826554.82909749,45512.19512195122,1.2291555772483889,9417290.189208014,31826129.580702677,45024.39024390244,9417632.286866082,31827069.48629347,45024.39024390244,9417877.935528398,31826980.0774923,46000.0,9417535.83787033,31826040.171901505,46000.0
9417926.160026275,31827494.73468828,45512.19512195122,1.4268706927654287,9417632.286866082,31827069.48629347,45024.39024390244,9417974.384524152,31828009.39188426,45024.39024390244,9418220.033186466,31827919.98308309,46000.0,9417877.935528398,31826980.0774923,46000.0
9418268.257684344,31828434.640279077,45512.19512195122,1.4261895336050152,9417974.384524152,31828009.39188426,45024.39024390244,9418316.482182221,31828949.29747506,45024.39024390244,9418562.130844537,31828859.888673887,46000.0,9418220.033186466,31827919.98308309,46000.0
9418610.355342412,31829374.54586987,45512.19512195122,1.7271309318259853,9418316.482182221,31828949.29747506,45024.39024390244,9418658.57984029,31829889.20306585,45024.39024390244,9418904.228502605,31829799.79426468,46000.0,9418562.130844537,31828859.888673887,46000.0
9418952.453000482,31830314.45146066,45512.19512195122,2.1106235224244934,9418658.57984029,31829889.20306585,45024.39024390244,9419000.67749836,31830829.10865664,45024.39024390244,9419246.326160675,31830739.699855473,46000.0,9418904.228502605,31829799.79426468,46000.0
9419294.550658552,31831254.357051454,45512.19512195122,2.2550222600939405,9419000.67749836,31830829.10865664,45024.39024390244,9419342.775156429,31831769.01424744,45024.39024390244,9419588.423818745,31831679.605446268,46000.0,9419246.326160675,31830739.699855473,46000.0
9419636.648316622,31832194.26264225,45512.19512195122,2.4886221664065586,9419342.775156429,31831769.01424744,45024.39024390244,9419684.872814497,31832708.91983823,45024.39024390244,9419930.521476815,31832619.51103706,46000.0,9419588.423818745,31831679.605446268,46000.0
9419978.745974692,31833134.168233044,45512.19512195122,2.8909199368628493,9419684.872814497,31832708.91983823,45024.39024390244,9420026.970472567,31833648.825429022,45024.39024390244,9420272.619134882,31833559.416627854,46000.0,9419930.521476815,31832619.51103706,46000.0
9420320.84363276,31834074.073823836,45512.19512195122,2.939069426147969,9420026.970472567,31833648.825429022,45024.39024390244,9420369.068130637,31834588.731019817,45024.39024390244,9420614.716792952,31834499.322218645,46000.0,9420272.619134882,31833559.416627854,46000.0
9420662.941290827,31835013.97941463,45512.19512195122,2.856520945060005,9420369.068130637,31834588.731019817,45024.39024390244,9420711.165788705,31835528.636610612,45024.39024390244,9420956.814451022,31835439.22780944,46000.0,9420614.716792952,31834499.322218645,46000.0
9421005.0389489,31835953.885005422,45512.19512195122,2.705734747664303,9420711.165788705,31835528.636610612,45024.39024390244,9421053.263446774,31836468.542201404,45024.39024390244,9421298.91210909,31836379.133400235,46000.0,9420956.814451022,31835439.22780944,46000.0
9421347.136606967,31836893.790596217,45512.19512195122,2.6074759566695223,9421053.263446774,31836468.542201404,45024.39024390244,9421395.361104844,31837408.4477922,45024.39024390244,9421641.00976716,31837319.038991027,46000.0,9421298.91210909,31836379.133400235,46000.0
9421689.234265037,31837833.69618701,45512.19512195122,2.9144996754852723,9421395.361104844,31837408.4477922,45024.39024390244,9421737.458762912,31838348.353382993,45024.39024390244,9421983.10742523,31838258.94458182,46000.0,9421641.00976716,31837319.038991027,46000.0
9422031.331923105,31838773.601777803,45512.19512195122,3.2566743344815188,9421737.458762912,31838348.353382993,45024.39024390244,9422079.556420982,31839288.258973785,45024.39024390244,9422325.205083298,31839198.850172617,46000.0,9421983.10742523,31838258.94458182,46000.0
9422373.429581175,31839713.5073686,45512.19512195122,3.3405436379147013,9422079.556420982,31839288.258973785,45024.39024390244,9422421.654079052,31840228.16456458,45024.39024390244,9422667.302741367,31840138.755763408,46000.0,9422325.205083298,31839198.850172617,46000.0
9422715.527239244,31840653.41295939,45512.19512195122,2.533579765564454,9422421.654079052,31840228.16456458,45024.39024390244,9422763.75173712,31841168.07015537,45024.39024390244,9423009.400399437,31841078.6613542,46000.0,9422667.302741367,31840138.755763408,46000.0
9423057.624897314,31841593.318550184,45512.19512195122,2.6935591433700385,9422763.75173712,31841168.07015537,45024.39024390244,9423105.849395191,31842107.975746166,45024.39024390244,9423351.498057505,31842018.566944998,46000.0,9423009.400399437,31841078.6613542,46000.0
9423399.722555382,31842533.22414098,45512.19512195122,2.893063488464707,9423105.849395191,31842107.975746166,45024.39024390244,9423447.94705326,31843047.88133696,45024.39024390244,9423693.595715575,31842958.47253579,46000.0,9423351.498057505,31842018.566944998,46000.0
9423741.820213452,31843473.12973177,45512.19512195122,2.9962794024482604,9423447.94705326,31843047.88133696,45024.39024390244,9423790.044711327,31843987.786927752,45024.39024390244,9424035.693373645,31843898.37812658,46000.0,9423693.595715575,31842958.47253579,46000.0
9424083.917871522,31844413.03532256,45512.19512195122,2.9959503418583733,9423790.044711327,31843987.786927752,45024.39024390244,9424132.142369399,31844927.692518547,45024.39024390244,9424377.791031713,31844838.28371738,46000.0,9424035.693373645,31843898.37812658,46000.0
9424426.01552959,31845352.94091336,45512.19512195122,2.767821088382489,9424132.142369399,31844927.692518547,45024.39024390244,9424474.240027467,31845867.598109335,45024.39024390244,9424719.888689782,31845778.189308167,46000.0,9424377.791031713,31844838.28371738,46000.0
9424768.113187658,31846292.846504148,45512.19512195122,2.6249064013136483,9424474.240027467,31845867.598109335,45024.39024390244,9424816.337685535,31846807.503700133,45024.39024390244,9425061.986347852,31846718.09489896,46000.0,9424719.888689782,31845778.189308167,46000.0
9425110.21084573,31847232.752094943,45512.19512195122,2.4776163702167984,9424816.337685535,31846807.503700133,45024.39024390244,9425158.435343606,31847747.409290925,45024.39024390244,9425404.08400592,31847658.000489756,46000.0,9425061.986347852,31846718.09489896,46000.0
9425452.308503797,31848172.657685734,45512.19512195122,2.522892062462627,9425158.435343606,31847747.409290925,45024.39024390244,9425500.533001674,31848687.314881716,45024.39024390244,9425746.18166399,31848597.906080548,46000.0,9425404.08400592,31847658.000489756,46000.0
9425794.406161867,31849112.56327653,45512.19512195122,2.619893962763392,9425500.533001674,31848687.314881716,45024.39024390244,9425842.630659744,31849627.220472515,45024.39024390244,9426088.27932206,31849537.811671343,46000.0,9425746.18166399,31848597.906080548,46000.0
9426136.503819937,31850052.468867324,45512.19512195122,2.924478395237044,9425842.630659744,31849627.220472515,45024.39024390244,9426184.728317814,31850567.126063306,45024.39024390244,9426430.376980128,31850477.717262138,46000.0,9426088.27932206,31849537.811671343,46000.0
9426478.601478005,31850992.37445812,45512.19512195122,3.199033541708538,9426184.728317814,31850567.126063306,45024.39024390244,9426526.825975884,31851507.031654097,45024.39024390244,9426772.474638198,31851417.62285293,46000.0,9426430.376980128,31850477.717262138,46000.0
9426820.699136075,31851932.28004891,45512.19512195122,2.8912019255900523,9426526.825975884,31851507.031654097,45024.39024390244,9426868.923633952,31852446.937244892,45024.39024390244,9427114.572296267,31852357.52844372,46000.0,9426772.474638198,31851417.62285293,46000.0
9427162.796794144,31852872.1856397,45512.19512195122,3.096291349449339,9426868.923633952,31852446.937244892,45024.39024390244,9427211.021292021,31853386.842835687,45024.39024390244,9427456.669954335,31853297.43403452,46000.0,9427114.572296267,31852357.52844372,46000.0
9427504.894452212,31853812.091230497,45512.19512195122,3.553372591806008,9427211.021292021,31853386.842835687,45024.39024390244,9427553.118950091,31854326.74842648,45024.39024390244,9427798.767612405,31854237.33962531,46000.0,9427456.669954335,31853297.43403452,46000.0
9427846.992110282,31854751.996821288,45512.19512195122,4.144580499189263,9427553.118950091,31854326.74842648,45024.39024390244,9427895.21660816,31855266.654017273,45024.39024390244,9428140.865270475,31855177.2452161,46000.0,9427798.767612405,31854237.33962531,46000.0
9428189.089768352,31855691.902412083,45512.19512195122,4.375368199711087,9427895.21660816,31855266.654017273,45024.39024390244,9428237.314266229,31856206.55960807,45024.39024390244,9428482.962928543,31856117.1508069,46000.0,9428140.865270475,31855177.2452161,46000.0
9428531.18742642,31856631.808002878,45512.19512195122,4.409192617700411,9428237.314266229,31856206.55960807,45024.39024390244,9428579.411924299,31857146.46519886,45024.39024390244,9428825.060586613,31857057.05639769,46000.0,9428482.962928543,31856117.1508069,46000.0
9428873.28508449,31857571.713593673,45512.19512195122,4.480941527343725,9428579.411924299,31857146.46519886,45024.39024390244,9428921.509582367,31858086.370789655,45024.39024390244,9429167.158244682,31857996.961988483,46000.0,9428825.060586613,31857057.05639769,46000.0
9429215.38274256,31858511.619184464,45512.19512195122,5.388806312067084,9428921.509582367,31858086.370789655,45024.39024390244,9429263.607240437,31859026.276380446,45024.39024390244,9429509.25590275,31858936.867579274,46000.0,9429167.158244682,31857996.961988483,46000.0
9429557.480400627,31859451.524775255,45512.19512195122,5.1118815106460165,9429263.607240437,31859026.276380446,45024.39024390244,9429605.704898506,31859966.18197124,45024.39024390244,9429851.35356082,31859876.773170073,46000.0,9429509.25590275,31858936.867579274,46000.0
9429899.578058697,31860391.430366054,45512.19512195122,4.360747035466638,9429605.704898506,31859966.18197124,45024.39024390244,9429947.802556574,31860906.087562036,45024.39024390244,9430193.45121889,31860816.678760864,46000.0,9429851.35356082,31859876.773170073,46000.0
9430241.675716767,31861331.33595684,45512.19512195122,4.196804683528028,9429947.802556574,31860906.087562036,45024.39024390244,9430289.900214644,31861845.993152827,45024.39024390244,9430535.548876958,31861756.584351655,46000.0,9430193.45121889,31860816.678760864,46000.0
9430583.773374835,31862271.241547637,45512.19512195122,4.451402764356956,9430289.900214644,31861845.993152827,45024.39024390244,9430631.997872714,31862785.898743622,45024.39024390244,9430877.646535028,31862696.489942454,46000.0,9430535.548876958,31861756.584351655,46000.0
9430925.871032905,31863211.147138435,45512.19512195122,4.152051311991358,9430631.997872714,31862785.898743622,45024.39024390244,9430974.095530782,31863725.804334417,45024.39024390244,9431219.744193098,31863636.395533245,46000.0,9430877.646535028,31862696.489942454,46000.0
9431267.968690975,31864151.052729227,45512.19512195122,4.234719179995502,9430974.095530782,31863725.804334417,45024.39024390244,9431316.193188852,31864665.70992521,45024.39024390244,9431561.841851166,31864576.301124036,46000.0,9431219.744193098,31863636.395533245,46000.0
9431610.066349043,31865090.958320018,45512.19512195122,4.422675724342812,9431316.193188852,31864665.70992521,45024.39024390244,9431658.290846922,31865605.615516,45024.39024390244,9431903.939509235,31865516.20671483,46000.0,9431561.841851166,31864576.301124036,46000.0
9431952.164007112,31866030.863910813,45512.19512195122,5.021393190105151,9431658.290846922,31865605.615516,45024.39024390244,9432000.38850499,31866545.5211068,45024.39024390244,9432246.037167305,31866456.112305626,46000.0,9431903.939509235,31865516.20671483,46000.0
9432294.261665184,31866970.769501608,45512.19512195122,5.339986964899151,9432000.38850499,31866545.5211068,45024.39024390244,9432342.48616306,31867485.42669759,45024.39024390244,9432588.134825373,31867396.017896418,46000.0,9432246.037167305,31866456.112305626,46000.0
9432636.35932325,31867910.675092395,45512.19512195122,5.92762354550933,9432342.48616306,31867485.42669759,45024.39024390244,9432684.583821129,31868425.33228838,45024.39024390244,9432930.232483445,31868335.923487213,46000.0,9432588.134825373,31867396.017896418,46000.0
9432978.456981322,31868850.580683194,45512.19512195122,5.466671949136793,9432684.583821129,31868425.33228838,45024.39024390244,9433026.681479197,31869365.23787918,45024.39024390244,9433272.330141513,31869275.829078007,46000.0,9432930.232483445,31868335.923487213,46000.0
9433320.554639392,31869790.48627399,45512.19512195122,5.091085812030948,9433026.681479197,31869365.23787918,45024.39024390244,9433368.779137267,31870305.14346997,45024.39024390244,9433614.427799582,31870215.7346688,46000.0,9433272.330141513,31869275.829078007,46000.0
9433662.65229746,31870730.39186478,45512.19512195122,4.579063975416286,9433368.779137267,31870305.14346997,45024.39024390244,9433710.876795337,31871245.049060762,45024.39024390244,9433956.525457652,31871155.640259594,46000.0,9433614.427799582,31870215.7346688,46000.0
9434004.749955527,31871670.297455575,45512.19512195122,4.246475849882325,9433710.876795337,31871245.049060762,45024.39024390244,9434052.974453405,31872184.954651553,45024.39024390244,9434298.62311572,31872095.545850385,46000.0,9433956.525457652,31871155.640259594,46000.0
9434346.8476136,31872610.203046367,45512.19512195122,4.510534399508097,9434052.974453405,31872184.954651553,45024.39024390244,9434395.072111474,31873124.860242352,45024.39024390244,9434640.72077379,31873035.45144118,46000.0,9434298.62311572,31872095.545850385,46000.0
9434688.945271667,31873550.10863716,45512.19512195122,3.911823584732468,9434395.072111474,31873124.860242352,45024.39024390244,9434737.169769544,31874064.765833143,45024.39024390244,9434982.81843186,31873975.357031975,46000.0,9434640.72077379,31873035.45144118,46000.0
9435031.042929737,31874490.014227953,45512.19512195122,3.623953604121867,9434737.169769544,31874064.765833143,45024.39024390244,9435079.267427612,31875004.671423934,45024.39024390244,9435324.916089928,31874915.262622766,46000.0,9434982.81843186,31873975.357031975,46000.0
9435373.140587805,31875429.919818748,45512.19512195122,3.4752337787721337,9435079.267427612,31875004.671423934,45024.39024390244,9435421.365085682,31875944.57701473,45024.39024390244,9435667.013747998,31875855.168213557,46000.0,9435324.916089928,31874915.262622766,46000.0
9435715.238245875,31876369.825409543,45512.19512195122,3.8301593461500434,9435421.365085682,31875944.57701473,45024.39024390244,9435763.462743752,31876884.48260552,45024.39024390244,9436009.111406067,31876795.073804352,46000.0,9435667.013747998,31875855.168213557,46000.0
9436057.335903944,31877309.731000334,45512.19512195122,3.6885303646730914,9435763.462743752,31876884.48260552,45024.39024390244,9436105.56040182,31877824.388196316,45024.39024390244,9436351.209064135,31877734.979395147,46000.0,9436009.111406067,31876795.073804352,46000.0
9436399.433562014,31878249.63659113,45512.19512195122,4.118008085145553,9436105.56040182,31877824.388196316,45024.39024390244,9436447.65805989,31878764.29378711,45024.39024390244,9436693.306722205,31878674.88498594,46000.0,9436351.209064135,31877734.979395147,46000.0
9436741.531220082,31879189.54218192,45512.19512195122,5.437339401209266,9436447.65805989,31878764.29378711,45024.39024390244,9436789.755717961,31879704.199377906,45024.39024390244,9437035.404380275,31879614.790576737,46000.0,9436693.306722205,31878674.88498594,46000.0
9437083.628878152,31880129.447772715,45512.19512195122,5.7195834863298165,9436789.755717961,31879704.199377906,45024.39024390244,9437131.853376027,31880644.104968697,45024.39024390244,9437377.502038343,31880554.69616753,46000.0,9437035.404380275,31879614.790576737,46000.0
9437425.726536222,31881069.353363506,45512.19512195122,5.29331572174968,9437131.853376027,31880644.104968697,45024.39024390244,9437473.951034097,31881584.01055949,45024.39024390244,9437719.599696413,31881494.60175832,46000.0,9437377.502038343,31880554.69616753,46000.0
9437767.82419429,31882009.2589543,45512.19512195122,5.42979046644342,9437473.951034097,31881584.01055949,45024.39024390244,9437816.048692169,31882523.916150283,45024.39024390244,9438061.697354482,31882434.507349115,46000.0,9437719.599696413,31881494.60175832,46000.0
9438109.92185236,31882949.164545096,45512.19512195122,5.515089718225589,9437816.048692169,31882523.916150283,45024.39024390244,9438158.146350235,31883463.821741074,45024.39024390244,9438403.79501255,31883374.412939906,46000.0,9438061.697354482,31882434.507349115,46000.0
9438452.01951043,31883889.070135888,45512.19512195122,5.365099755154917,9438158.146350235,31883463.821741074,45024.39024390244,9438500.244008305,31884403.727331873,45024.39024390244,9438745.89267062,31884314.3185307,46000.0,9438403.79501255,31883374.412939906,46000.0
9438794.117168497,31884828.975726683,45512.19512195122,5.3668926354782345,9438500.244008305,31884403.727331873,45024.39024390244,9438842.341666376,31885343.632922664,45024.39024390244,9439087.99032869,31885254.224121492,46000.0,9438745.89267062,31884314.3185307,46000.0
9439136.214826567,31885768.881317474,45512.19512195122,5.193020957212583,9438842.341666376,31885343.632922664,45024.39024390244,9439184.439324442,31886283.538513456,45024.39024390244,9439430.087986758,31886194.129712287,46000.0,9439087.99032869,31885254.224121492,46000.0
9439478.312484637,31886708.78690827,45512.19512195122,4.78980099598006,9439184.439324442,31886283.538513456,45024.39024390244,9439526.536982514,31887223.444104254,45024.39024390244,9439772.185644828,31887134.035303082,46000.0,9439430.087986758,31886194.129712287,46000.0
9439820.410142705,31887648.69249906,45512.19512195122,4.473576045401313,9439526.536982514,31887223.444104254,45024.39024390244,9439868.634640584,31888163.349695046,45024.39024390244,9440114.283302898,31888073.940893874,46000.0,9439772.185644828,31887134.035303082,46000.0
9440162.507800775,31888588.598089855,45512.19512195122,4.569773838060932,9439868.634640584,31888163.349695046,45024.39024390244,9440210.732298652,31889103.255285837,45024.39024390244,9440456.380960966,31889013.84648467,46000.0,9440114.283302898,31888073.940893874,46000.0
9440504.605458844,31889528.503680654,45512.19512195122,4.2582942377692765,9440210.732298652,31889103.255285837,45024.39024390244,9440552.829956722,31890043.16087663,45024.39024390244,9440798.478619035,31889953.75207546,46000.0,9440456.380960966,31889013.84648467,46000.0
9440846.703116912,31890468.40927144,45512.19512195122,3.805261383659763,9440552.829956722,31890043.16087663,45024.39024390244,9440894.927614791,31890983.066467427,45024.39024390244,9441140.576277105,31890893.657666255,46000.0,9440798.478619035,31889953.75207546,46000.0
9441188.800774982,31891408.314862236,45512.19512195122,3.8533623019628562,9440894.927614791,31890983.066467427,45024.39024390244,9441237.02527286,31891922.972058218,45024.39024390244,9441482.673935173,31891833.56325705,46000.0,9441140.576277105,31890893.657666255,46000.0
9441530.898433052,31892348.22045303,45512.19512195122,4.220802502237723,9441237.02527286,31891922.972058218,45024.39024390244,9441579.122930929,31892862.877649013,45024.39024390244,9441824.771593243,31892773.46884784,46000.0,9441482.673935173,31891833.56325705,46000.0
9441872.99609112,31893288.126043823,45512.19512195122,3.916744500577096,9441579.122930929,31892862.877649013,45024.39024390244,9441921.220588999,31893802.783239804,45024.39024390244,9442166.869251313,31893713.374438636,46000.0,9441824.771593243,31892773.46884784,46000.0
9442215.09374919,31894228.031634614,45512.19512195122,3.773916749945811,9441921.220588999,31893802.783239804,45024.39024390244,9442263.318247067,31894742.6888306,45024.39024390244,9442508.96690938,31894653.28002943,46000.0,9442166.869251313,31893713.374438636,46000.0
9442557.19140726,31895167.937225413,45512.19512195122,4.29285995029615,9442263.318247067,31894742.6888306,45024.39024390244,9442605.415905137,31895682.594421394,45024.39024390244,9442851.06456745,31895593.185620222,46000.0,9442508.96690938,31894653.28002943,46000.0
9442899.289065327,31896107.842816208,45512.19512195122,4.907561201949421,9442605.415905137,31895682.594421394,45024.39024390244,9442947.513563206,31896622.500012185,45024.39024390244,9443193.16222552,31896533.091211013,46000.0,9442851.06456745,31895593.185620222,46000.0
9443241.386723397,31897047.748406995,45512.19512195122,4.825254904511647,9442947.513563206,31896622.500012185,45024.39024390244,9443289.611221274,31897562.40560298,45024.39024390244,9443535.259883588,31897472.996801812,46000.0,9443193.16222552,31896533.091211013,46000.0
9443583.484381467,31897987.653997794,45512.19512195122,4.519763867651218,9443289.611221274,31897562.40560298,45024.39024390244,9443631.708879344,31898502.31119377,45024.39024390244,9443877.35754166,31898412.902392603,46000.0,9443535.259883588,31897472.996801812,46000.0
9443925.582039535,31898927.559588585,45512.19512195122,4.260909319292115,9443631.708879344,31898502.31119377,45024.39024390244,9443973.806537414,31899442.216784567,45024.39024390244,9444219.455199728,31899352.807983395,46000.0,9443877.35754166,31898412.902392603,46000.0
9444267.679697605,31899867.465179376,45512.19512195122,3.6522665050586327,9443973.806537414,31899442.216784567,45024.39024390244,9444315.904195482,31900382.122375358,45024.39024390244,9444561.552857796,31900292.71357419,46000.0,9444219.455199728,31899352.807983395,46000.0
9444609.777355675,31900807.37077017,45512.19512195122,3.804422955212798,9444315.904195482,31900382.122375358,45024.39024390244,9444658.001853552,31901322.027966153,45024.39024390244,9444903.650515867,31901232.619164985,46000.0,9444561.552857796,31900292.71357419,46000.0
9444951.875013743,31901747.276360966,45512.19512195122,3.7788734453161337,9444658.001853552,31901322.027966153,45024.39024390244,9445000.099511622,31902261.933556948,45024.39024390244,9445245.748173935,31902172.524755776,46000.0,9444903.650515867,31901232.619164985,46000.0
9445293.972671812,31902687.18195176,45512.19512195122,3.377876391357212,9445000.099511622,31902261.933556948,45024.39024390244,9445342.19716969,31903201.83914774,45024.39024390244,9445587.845832003,31903112.43034657,46000.0,9445245.748173935,31902172.524755776,46000.0
9445636.070329882,31903627.087542553,45512.19512195122,2.6660863101918637,9445342.19716969,31903201.83914774,45024.39024390244,9445684.29482776,31904141.744738534,45024.39024390244,9445929.943490075,31904052.335937366,46000.0,9445587.845832003,31903112.43034657,46000.0
9445978.16798795,31904566.993133347,45512.19512195122,2.0302199688607505,9445684.29482776,31904141.744738534,45024.39024390244,9446026.39248583,31905081.65032933,45024.39024390244,9446272.041148145,31904992.241528157,46000.0,9445929.943490075,31904052.335937366,46000.0
9446320.265646022,31905506.89872414,45512.19512195122,1.2677640902360365,9446026.39248583,31905081.65032933,45024.39024390244,9446368.490143897,31906021.55592012,45024.39024390244,9446614.138806213,31905932.147118952,46000.0,9446272.041148145,31904992.241528157,46000.0
9446662.363304092,31906446.80431493,45512.19512195122,1.047419852799873,9446368.490143897,31906021.55592012,45024.39024390244,9446710.587801967,31906961.46151091,45024.39024390244,9446956.236464282,31906872.052709743,46000.0,9446614.138806213,31905932.147118952,46000.0
9447004.46096216,31907386.709905725,45512.19512195122,0.9595803893226859,9446710.587801967,31906961.46151091,45024.39024390244,9447052.685460037,31907901.36710171,45024.39024390244,9447298.334122352,31907811.95830054,46000.0,9446956.236464282,31906872.052709743,46000.0
9447346.558620228,31908326.61549652,45512.19512195122,0.7819362038719433,9447052.685460037,31907901.36710171,45024.39024390244,9447394.783118105,31908841.2726925,45024.39024390244,9447640.43178042,31908751.863891333,46000.0,9447298.334122352,31907811.95830054,46000.0
9447688.6562783,31909266.521087315,45512.19512195122,0.6874650075305921,9447394.783118105,31908841.2726925,45024.39024390244,9447736.880776174,31909781.178283293,45024.39024390244,9447982.52943849,31909691.769482125,46000.0,9447640.43178042,31908751.863891333,46000.0
9448030.753936367,31910206.426678106,45512.19512195122,0.6468093506224795,9447736.880776174,31909781.178283293,45024.39024390244,9448078.978434244,31910721.08387409,45024.39024390244,9448324.62709656,31910631.67507292,46000.0,9447982.52943849,31909691.769482125,46000.0
9448372.851594437,31911146.3322689,45512.19512195122,0.5338573290105556,9448078.978434244,31910721.08387409,45024.39024390244,9448421.076092312,31911660.989464883,45024.39024390244,9448666.724754628,31911571.58066371,46000.0,9448324.62709656,31910631.67507292,46000.0
9448714.949252505,31912086.237859692,45512.19512195122,0.40187149373185577,9448421.076092312,31911660.989464883,45024.39024390244,9448763.173750382,31912600.895055674,45024.39024390244,9449008.822412698,31912511.486254506,46000.0,9448666.724754628,31911571.58066371,46000.0
9449057.046910575,31913026.143450487,45512.19512195122,0.2632099102277412,9448763.173750382,31912600.895055674,45024.39024390244,9449105.27140845,31913540.80064647,45024.39024390244,9449350.920070767,31913451.391845297,46000.0,9449008.822412698,31912511.486254506,46000.0
9449399.144568644,31913966.04904128,45512.19512195122,0.3437517277651884,9449105.27140845,31913540.80064647,45024.39024390244,9449447.36906652,31914480.706237264,45024.39024390244,9449693.017728835,31914391.297436092,46000.0,9449350.920070767,31913451.391845297,46000.0
9449741.242226714,31914905.954632074,45512.19512195122,0.36087334386322467,9449447.36906652,31914480.706237264,45024.39024390244,9449789.46672459,31915420.611828055,45024.39024390244,9450035.115386905,31915331.203026887,46000.0,9449693.017728835,31914391.297436092,46000.0
9450083.33988478,31915845.860222872,45512.19512195122,0.2562361359480254,9449789.46672459,31915420.611828055,45024.39024390244,9450131.564382657,31916360.51741885,45024.39024390244,9450377.213044975,31916271.10861768,46000.0,9450035.115386905,31915331.203026887,46000.0
9450425.437542852,31916785.76581366,45512.19512195122,0.24737463472154425,9450131.564382657,31916360.51741885,45024.39024390244,9450473.66204073,31917300.423009645,45024.39024390244,9450719.310703043,31917211.014208473,46000.0,9450377.213044975,31916271.10861768,46000.0
9450767.535200922,31917725.671404455,45512.19512195122,0.22548268133405852,9450473.66204073,31917300.423009645,45024.39024390244,9450815.759698797,31918240.328600433,45024.39024390244,9451061.408361113,31918150.91979927,46000.0,9450719.310703043,31917211.014208473,46000.0
9451109.63285899,31918665.576995246,45512.19512195122,0.16197141545076596,9450815.759698797,31918240.328600433,45024.39024390244,9451157.857356865,31919180.23419123,45024.39024390244,9451403.506019183,31919090.82539006,46000.0,9451061.408361113,31918150.91979927,46000.0
9451451.73051706,31919605.48258604,45512.19512195122,0.13028563452893394,9451157.857356865,31919180.23419123,45024.39024390244,9451499.955014937,31920120.139782023,45024.39024390244,9451745.60367725,31920030.73098085,46000.0,9451403.506019183,31919090.82539006,46000.0
9451793.82817513,31920545.388176832,45512.19512195122,0.12019368075551119,9451499.955014937,31920120.139782023,45024.39024390244,9451842.052673005,31921060.045372814,45024.39024390244,9452087.70133532,31920970.636571646,46000.0,9451745.60367725,31920030.73098085,46000.0
9452135.925833197,31921485.29376763,45512.19512195122,0.13942422334604324,9451842.052673005,31921060.045372814,45024.39024390244,9452184.150331073,31921999.950963613,45024.39024390244,9452429.79899339,31921910.54216244,46000.0,9452087.70133532,31920970.636571646,46000.0
9452478.023491267,31922425.199358426,45512.19512195122,0.085872185552339,9452184.150331073,31921999.950963613,45024.39024390244,9452526.247989144,31922939.856554404,45024.39024390244,9452771.896651458,31922850.447753232,46000.0,9452429.79899339,31921910.54216244,46000.0
