clon,clat,cdep,slip,lon1,lat1,dep1,lon2,lat2,dep2,lon3,lat3,dep3,lon4,lat4,dep4
9413681.930163568,31840943.475903813,488.7804878048781,4.71543756919502,9413386.13655783,31840513.21717011,1.0,9413731.904098568,31841463.205680665,1.0,9413977.723769305,31841373.73463752,976.5609756097562,9413631.956228567,31840423.746126965,976.5609756097562
9414027.697704306,31841893.46441437,488.7804878048781,3.8393949549414836,9413731.904098568,31841463.205680665,1.0,9414077.671639305,31842413.194191225,1.0,9414323.491310043,31842323.723148078,976.5609756097562,9413977.723769305,31841373.73463752,976.5609756097562
9414373.465245044,31842843.45292493,488.7804878048781,4.178503517232587,9414077.671639305,31842413.194191225,1.0,9414423.439180043,31843363.18270178,1.0,9414669.258850781,31843273.71165863,976.5609756097562,9414323.491310043,31842323.723148078,976.5609756097562
9414719.232785782,31843793.441435482,488.7804878048781,4.0966413220668585,9414423.439180043,31843363.18270178,1.0,9414769.20672078,31844313.171212334,1.0,9415015.02639152,31844223.70016919,976.5609756097562,9414669.258850781,31843273.71165863,976.5609756097562
9415065.000326518,31844743.42994604,488.7804878048781,3.9365465282189374,9414769.20672078,31844313.171212334,1.0,9415114.974261519,31845263.159722894,1.0,9415360.793932255,31845173.688679747,976.5609756097562,9415015.02639152,31844223.70016919,976.5609756097562
9415410.767867256,31845693.4184566,488.7804878048781,4.4192808659420715,9415114.974261519,31845263.159722894,1.0,9415460.741802255,31846213.14823345,1.0,9415706.561472995,31846123.677190308,976.5609756097562,9415360.793932255,31845173.688679747,976.5609756097562
9415756.535407992,31846643.406967152,488.7804878048781,5.238144953468013,9415460.741802255,31846213.14823345,1.0,9415806.509342993,31847163.136744007,1.0,9416052.329013731,31847073.66570086,976.5609756097562,9415706.561472995,31846123.677190308,976.5609756097562
9416102.30294873,31847593.39547771,488.7804878048781,5.671554642229278,9415806.509342993,31847163.136744007,1.0,9416152.276883729,31848113.125254564,1.0,9416398.09655447,31848023.654211417,976.5609756097562,9416052.329013731,31847073.66570086,976.5609756097562
9416448.070489466,31848543.38398827,488.7804878048781,5.194313519423769,9416152.276883729,31848113.125254564,1.0,9416498.044424467,31849063.113765117,1.0,9416743.864095205,31848973.642721973,976.5609756097562,9416398.09655447,31848023.654211417,976.5609756097562
9416793.838030204,31849493.37249882,488.7804878048781,4.8649273511568065,9416498.044424467,31849063.113765117,1.0,9416843.811965205,31850013.102275677,1.0,9417089.631635943,31849923.63123253,976.5609756097562,9416743.864095205,31848973.642721973,976.5609756097562
9417139.605570942,31850443.36100938,488.7804878048781,3.6806736919008634,9416843.811965205,31850013.102275677,1.0,9417189.579505943,31850963.090786234,1.0,9417435.39917668,31850873.619743086,976.5609756097562,9417089.631635943,31849923.63123253,976.5609756097562
9417485.373111682,31851393.34951994,488.7804878048781,3.828221154626926,9417189.579505943,31850963.090786234,1.0,9417535.34704668,31851913.079296786,1.0,9417781.16671742,31851823.608253643,976.5609756097562,9417435.39917668,31850873.619743086,976.5609756097562
9417831.140652416,31852343.33803049,488.7804878048781,3.893450708174134,9417535.34704668,31851913.079296786,1.0,9417881.114587417,31852863.067807347,1.0,9418126.934258156,31852773.5967642,976.5609756097562,9417781.16671742,31851823.608253643,976.5609756097562
9418176.908193156,31853293.32654105,488.7804878048781,4.2891884781336165,9417881.114587417,31852863.067807347,1.0,9418226.882128155,31853813.056317903,1.0,9418472.701798894,31853723.58527476,976.5609756097562,9418126.934258156,31852773.5967642,976.5609756097562
9418522.675733892,31854243.315051608,488.7804878048781,4.43399254580842,9418226.882128155,31853813.056317903,1.0,9418572.649668891,31854763.04482846,1.0,9418818.469339631,31854673.573785312,976.5609756097562,9418472.701798894,31853723.58527476,976.5609756097562
9418868.44327463,31855193.30356216,488.7804878048781,4.304703988465182,9418572.649668891,31854763.04482846,1.0,9418918.41720963,31855713.033339016,1.0,9419164.236880368,31855623.56229587,976.5609756097562,9418818.469339631,31854673.573785312,976.5609756097562
9419214.210815368,31856143.29207272,488.7804878048781,5.405210297345317,9418918.41720963,31855713.033339016,1.0,9419264.184750367,31856663.02184957,1.0,9419510.004421106,31856573.550806426,976.5609756097562,9419164.236880368,31855623.56229587,976.5609756097562
9419559.978356104,31857093.280583277,488.7804878048781,7.285162386478355,9419264.184750367,31856663.02184957,1.0,9419609.952291105,31857613.01036013,1.0,9419855.771961844,31857523.539316982,976.5609756097562,9419510.004421106,31856573.550806426,976.5609756097562
9419905.745896842,31858043.269093834,488.7804878048781,5.4207662735007744,9419609.952291105,31857613.01036013,1.0,9419955.719831841,31858562.998870686,1.0,9420201.539502582,31858473.52782754,976.5609756097562,9419855.771961844,31857523.539316982,976.5609756097562
9420251.513437578,31858993.25760439,488.7804878048781,4.590046445779605,9419955.719831841,31858562.998870686,1.0,9420301.487372579,31859512.987381242,1.0,9420547.307043318,31859423.5163381,976.5609756097562,9420201.539502582,31858473.52782754,976.5609756097562
9420597.280978316,31859943.246114947,488.7804878048781,6.028818162805753,9420301.487372579,31859512.987381242,1.0,9420647.254913315,31860462.9758918,1.0,9420893.074584056,31860373.50484865,976.5609756097562,9420547.307043318,31859423.5163381,976.5609756097562
9420943.048519053,31860893.234625503,488.7804878048781,7.200590629832138,9420647.254913315,31860462.9758918,1.0,9420993.022454053,31861412.96440235,1.0,9421238.842124792,31861323.493359208,976.5609756097562,9420893.074584056,31860373.50484865,976.5609756097562
9421288.81605979,31861843.22313606,488.7804878048781,7.525312851832228,9420993.022454053,31861412.96440235,1.0,9421338.789994791,31862362.95291291,1.0,9421584.60966553,31862273.481869765,976.5609756097562,9421238.842124792,31861323.493359208,976.5609756097562
9421634.583600529,31862793.211646616,488.7804878048781,6.14171712101857,9421338.789994791,31862362.95291291,1.0,9421684.55753553,31863312.94142347,1.0,9421930.377206266,31863223.47038032,976.5609756097562,9421584.60966553,31862273.481869765,976.5609756097562
9421980.351141268,31863743.200157173,488.7804878048781,8.205205529638558,9421684.55753553,31863312.94142347,1.0,9422030.325076267,31864262.929934025,1.0,9422276.144747006,31864173.458890878,976.5609756097562,9421930.377206266,31863223.47038032,976.5609756097562
9422326.118682005,31864693.18866773,488.7804878048781,8.132100426260862,9422030.325076267,31864262.929934025,1.0,9422376.092617003,31865212.91844458,1.0,9422621.912287742,31865123.447401434,976.5609756097562,9422276.144747006,31864173.458890878,976.5609756097562
9422671.886222742,31865643.17717829,488.7804878048781,9.118877422780088,9422376.092617003,31865212.91844458,1.0,9422721.860157741,31866162.906955138,1.0,9422967.67982848,31866073.43591199,976.5609756097562,9422621.912287742,31865123.447401434,976.5609756097562
9423017.653763479,31866593.165688843,488.7804878048781,9.690020970652466,9422721.860157741,31866162.906955138,1.0,9423067.627698477,31867112.89546569,1.0,9423313.447369218,31867023.424422547,976.5609756097562,9422967.67982848,31866073.43591199,976.5609756097562
9423363.421304217,31867543.1541994,488.7804878048781,7.5503326651696385,9423067.627698477,31867112.89546569,1.0,9423413.395239217,31868062.88397625,1.0,9423659.214909954,31867973.412933104,976.5609756097562,9423313.447369218,31867023.424422547,976.5609756097562
9423709.188844955,31868493.14270996,488.7804878048781,5.8559225120063285,9423413.395239217,31868062.88397625,1.0,9423759.162779953,31869012.872486804,1.0,9424004.982450692,31868923.40144366,976.5609756097562,9423659.214909954,31867973.412933104,976.5609756097562
9424054.95638569,31869443.13122051,488.7804878048781,4.6266805100579464,9423759.162779953,31869012.872486804,1.0,9424104.930320691,31869962.860997364,1.0,9424350.74999143,31869873.389954217,976.5609756097562,9424004.982450692,31868923.40144366,976.5609756097562
9424400.723926429,31870393.11973107,488.7804878048781,4.901496796421463,9424104.930320691,31869962.860997364,1.0,9424450.697861427,31870912.84950792,1.0,9424696.517532168,31870823.378464773,976.5609756097562,9424350.74999143,31869873.389954217,976.5609756097562
9424746.491467165,31871343.10824163,488.7804878048781,5.451655409068001,9424450.697861427,31870912.84950792,1.0,9424796.465402165,31871862.838018477,1.0,9425042.285072904,31871773.366975334,976.5609756097562,9424696.517532168,31870823.378464773,976.5609756097562
9425092.259007903,31872293.09675218,488.7804878048781,5.924262623936915,9424796.465402165,31871862.838018477,1.0,9425142.232942902,31872812.826529033,1.0,9425388.052613642,31872723.355485886,976.5609756097562,9425042.285072904,31871773.366975334,976.5609756097562
9425438.026548639,31873243.085262742,488.7804878048781,5.760666282231968,9425142.232942902,31872812.826529033,1.0,9425488.000483641,31873762.81503959,1.0,9425733.820154378,31873673.343996443,976.5609756097562,9425388.052613642,31872723.355485886,976.5609756097562
9425783.794089379,31874193.0737733,488.7804878048781,5.495690931496792,9425488.000483641,31873762.81503959,1.0,9425833.76802438,31874712.803550143,1.0,9426079.587695116,31874623.332507,976.5609756097562,9425733.820154378,31873673.343996443,976.5609756097562
9426129.561630117,31875143.062283847,488.7804878048781,4.841861416099005,9425833.76802438,31874712.803550143,1.0,9426179.535565116,31875662.792060703,1.0,9426425.355235854,31875573.321017556,976.5609756097562,9426079.587695116,31874623.332507,976.5609756097562
9426475.329170855,31876093.05079441,488.7804878048781,5.631024032207439,9426179.535565116,31875662.792060703,1.0,9426525.303105853,31876612.78057126,1.0,9426771.122776592,31876523.309528116,976.5609756097562,9426425.355235854,31875573.321017556,976.5609756097562
9426821.09671159,31877043.039304968,488.7804878048781,5.639394544975805,9426525.303105853,31876612.78057126,1.0,9426871.07064659,31877562.769081816,1.0,9427116.89031733,31877473.29803867,976.5609756097562,9426771.122776592,31876523.309528116,976.5609756097562
9427166.864252329,31877993.027815517,488.7804878048781,6.211093926912834,9426871.07064659,31877562.769081816,1.0,9427216.838187328,31878512.757592373,1.0,9427462.657858066,31878423.286549225,976.5609756097562,9427116.89031733,31877473.29803867,976.5609756097562
9427512.631793067,31878943.01632608,488.7804878048781,5.416173703314138,9427216.838187328,31878512.757592373,1.0,9427562.605728066,31879462.74610293,1.0,9427808.425398804,31879373.275059786,976.5609756097562,9427462.657858066,31878423.286549225,976.5609756097562
9427858.399333803,31879893.004836638,488.7804878048781,4.803333253455469,9427562.605728066,31879462.74610293,1.0,9427908.373268804,31880412.734613486,1.0,9428154.19293954,31880323.26357034,976.5609756097562,9427808.425398804,31879373.275059786,976.5609756097562
9428204.166874541,31880842.99334719,488.7804878048781,5.21326408006325,9427908.373268804,31880412.734613486,1.0,9428254.14080954,31881362.723124042,1.0,9428499.960480278,31881273.252080895,976.5609756097562,9428154.19293954,31880323.26357034,976.5609756097562
9428549.934415277,31881792.981857747,488.7804878048781,6.718257574082863,9428254.14080954,31881362.723124042,1.0,9428599.908350278,31882312.711634595,1.0,9428845.728021016,31882223.24059145,976.5609756097562,9428499.960480278,31881273.252080895,976.5609756097562
9428895.701956015,31882742.9703683,488.7804878048781,7.7480482011367755,9428599.908350278,31882312.711634595,1.0,9428945.675891014,31883262.700145155,1.0,9429191.495561754,31883173.229102008,976.5609756097562,9428845.728021016,31882223.24059145,976.5609756097562
9429241.469496751,31883692.95887886,488.7804878048781,9.203171247029271,9428945.675891014,31883262.700145155,1.0,9429291.443431752,31884212.68865571,1.0,9429537.26310249,31884123.21761257,976.5609756097562,9429191.495561754,31883173.229102008,976.5609756097562
9429587.23703749,31884642.947389416,488.7804878048781,8.670743825710373,9429291.443431752,31884212.68865571,1.0,9429637.21097249,31885162.67716627,1.0,9429883.030643228,31885073.20612312,976.5609756097562,9429537.26310249,31884123.21761257,976.5609756097562
9429933.004578225,31885592.935899973,488.7804878048781,7.067912590213936,9429637.21097249,31885162.67716627,1.0,9429982.978513228,31886112.665676825,1.0,9430228.798183965,31886023.194633678,976.5609756097562,9429883.030643228,31885073.20612312,976.5609756097562
9430278.772118965,31886542.92441053,488.7804878048781,5.361450693663635,9429982.978513228,31886112.665676825,1.0,9430328.746053966,31887062.654187378,1.0,9430574.565724703,31886973.183144234,976.5609756097562,9430228.798183965,31886023.194633678,976.5609756097562
9430624.539659703,31887492.912921086,488.7804878048781,4.331667167717171,9430328.746053966,31887062.654187378,1.0,9430674.513594702,31888012.642697938,1.0,9430920.333265442,31887923.17165479,976.5609756097562,9430574.565724703,31886973.183144234,976.5609756097562
9430970.307200441,31888442.901431642,488.7804878048781,4.5463232929444715,9430674.513594702,31888012.642697938,1.0,9431020.28113544,31888962.631208494,1.0,9431266.100806179,31888873.160165347,976.5609756097562,9430920.333265442,31887923.17165479,976.5609756097562
9431316.074741177,31889392.8899422,488.7804878048781,5.265229402583812,9431020.28113544,31888962.631208494,1.0,9431366.048676176,31889912.61971905,1.0,9431611.868346917,31889823.148675904,976.5609756097562,9431266.100806179,31888873.160165347,976.5609756097562
9431661.842281915,31890342.878452756,488.7804878048781,6.582854247381957,9431366.048676176,31889912.61971905,1.0,9431711.816216914,31890862.608229607,1.0,9431957.635887653,31890773.13718646,976.5609756097562,9431611.868346917,31889823.148675904,976.5609756097562
9432007.609822653,31891292.866963312,488.7804878048781,8.008927143057031,9431711.816216914,31890862.608229607,1.0,9432057.583757652,31891812.596740164,1.0,9432303.40342839,31891723.12569702,976.5609756097562,9431957.635887653,31890773.13718646,976.5609756097562
9432353.37736339,31892242.85547387,488.7804878048781,6.640286275756057,9432057.583757652,31891812.596740164,1.0,9432403.35129839,31892762.58525072,1.0,9432649.170969127,31892673.114207573,976.5609756097562,9432303.40342839,31891723.12569702,976.5609756097562
9432699.144904127,31893192.843984425,488.7804878048781,6.403779440477567,9432403.35129839,31892762.58525072,1.0,9432749.118839126,31893712.573761277,1.0,9432994.938509867,31893623.10271813,976.5609756097562,9432649.170969127,31892673.114207573,976.5609756097562
9433044.912444863,31894142.83249498,488.7804878048781,5.587742325391612,9432749.118839126,31893712.573761277,1.0,9433094.886379864,31894662.56227183,1.0,9433340.706050603,31894573.091228686,976.5609756097562,9432994.938509867,31893623.10271813,976.5609756097562
9433390.679985601,31895092.821005534,488.7804878048781,5.7428825588247525,9433094.886379864,31894662.56227183,1.0,9433440.6539206,31895612.55078239,1.0,9433686.47359134,31895523.079739243,976.5609756097562,9433340.706050603,31894573.091228686,976.5609756097562
9433736.447526338,31896042.8095161,488.7804878048781,5.386145226722288,9433440.6539206,31895612.55078239,1.0,9433786.421461338,31896562.539292946,1.0,9434032.241132077,31896473.0682498,976.5609756097562,9433686.47359134,31895523.079739243,976.5609756097562
9434082.215067076,31896992.79802665,488.7804878048781,5.609726288689591,9433786.421461338,31896562.539292946,1.0,9434132.189002078,31897512.527803503,1.0,9434378.008672815,31897423.05676036,976.5609756097562,9434032.241132077,31896473.0682498,976.5609756097562
9413927.749834307,31840854.004860666,1464.3414634146343,3.581989583572002,9413631.956228567,31840423.746126965,976.5609756097562,9413977.723769305,31841373.73463752,976.5609756097562,9414223.543440044,31841284.263594374,1952.1219512195123,9413877.775899308,31840334.27508382,1952.1219512195123
9414273.517375045,31841803.993371226,1464.3414634146343,3.279420625242818,9413977.723769305,31841373.73463752,976.5609756097562,9414323.491310043,31842323.723148078,976.5609756097562,9414569.310980782,31842234.25210493,1952.1219512195123,9414223.543440044,31841284.263594374,1952.1219512195123
9414619.28491578,31842753.981881782,1464.3414634146343,3.9746094104414906,9414323.491310043,31842323.723148078,976.5609756097562,9414669.258850781,31843273.71165863,976.5609756097562,9414915.078521518,31843184.240615487,1952.1219512195123,9414569.310980782,31842234.25210493,1952.1219512195123
9414965.052456519,31843703.970392335,1464.3414634146343,3.4851404901430714,9414669.258850781,31843273.71165863,976.5609756097562,9415015.02639152,31844223.70016919,976.5609756097562,9415260.846062258,31844134.229126044,1952.1219512195123,9414915.078521518,31843184.240615487,1952.1219512195123
9415310.819997257,31844653.958902895,1464.3414634146343,3.971882754220726,9415015.02639152,31844223.70016919,976.5609756097562,9415360.793932255,31845173.688679747,976.5609756097562,9415606.613602994,31845084.217636604,1952.1219512195123,9415260.846062258,31844134.229126044,1952.1219512195123
9415656.587537993,31845603.947413452,1464.3414634146343,5.080353731113568,9415360.793932255,31845173.688679747,976.5609756097562,9415706.561472995,31846123.677190308,976.5609756097562,9415952.381143732,31846034.20614716,1952.1219512195123,9415606.613602994,31845084.217636604,1952.1219512195123
9416002.355078733,31846553.935924005,1464.3414634146343,5.168417669593747,9415706.561472995,31846123.677190308,976.5609756097562,9416052.329013731,31847073.66570086,976.5609756097562,9416298.14868447,31846984.194657713,1952.1219512195123,9415952.381143732,31846034.20614716,1952.1219512195123
9416348.122619469,31847503.924434565,1464.3414634146343,4.831543786908482,9416052.329013731,31847073.66570086,976.5609756097562,9416398.09655447,31848023.654211417,976.5609756097562,9416643.916225206,31847934.183168273,1952.1219512195123,9416298.14868447,31846984.194657713,1952.1219512195123
9416693.890160207,31848453.91294512,1464.3414634146343,4.30585309424774,9416398.09655447,31848023.654211417,976.5609756097562,9416743.864095205,31848973.642721973,976.5609756097562,9416989.683765944,31848884.171678826,1952.1219512195123,9416643.916225206,31847934.183168273,1952.1219512195123
9417039.657700945,31849403.901455678,1464.3414634146343,3.5613684994025006,9416743.864095205,31848973.642721973,976.5609756097562,9417089.631635943,31849923.63123253,976.5609756097562,9417335.451306682,31849834.160189383,1952.1219512195123,9416989.683765944,31848884.171678826,1952.1219512195123
9417385.42524168,31850353.889966235,1464.3414634146343,3.6042076541172934,9417089.631635943,31849923.63123253,976.5609756097562,9417435.39917668,31850873.619743086,976.5609756097562,9417681.21884742,31850784.14869994,1952.1219512195123,9417335.451306682,31849834.160189383,1952.1219512195123
9417731.192782419,31851303.87847679,1464.3414634146343,4.138976818701324,9417435.39917668,31850873.619743086,976.5609756097562,9417781.16671742,31851823.608253643,976.5609756097562,9418026.986388156,31851734.137210496,1952.1219512195123,9417681.21884742,31850784.14869994,1952.1219512195123
9418076.960323157,31852253.866987348,1464.3414634146343,4.290707098301093,9417781.16671742,31851823.608253643,976.5609756097562,9418126.934258156,31852773.5967642,976.5609756097562,9418372.753928894,31852684.125721056,1952.1219512195123,9418026.986388156,31851734.137210496,1952.1219512195123
9418422.727863893,31853203.855497904,1464.3414634146343,3.616472511721042,9418126.934258156,31852773.5967642,976.5609756097562,9418472.701798894,31853723.58527476,976.5609756097562,9418718.52146963,31853634.114231613,1952.1219512195123,9418372.753928894,31852684.125721056,1952.1219512195123
9418768.49540463,31854153.84400846,1464.3414634146343,3.577549655122616,9418472.701798894,31853723.58527476,976.5609756097562,9418818.469339631,31854673.573785312,976.5609756097562,9419064.289010368,31854584.102742165,1952.1219512195123,9418718.52146963,31853634.114231613,1952.1219512195123
9419114.262945369,31855103.832519017,1464.3414634146343,4.217655472632378,9418818.469339631,31854673.573785312,976.5609756097562,9419164.236880368,31855623.56229587,976.5609756097562,9419410.056551106,31855534.091252726,1952.1219512195123,9419064.289010368,31854584.102742165,1952.1219512195123
9419460.030486105,31856053.821029574,1464.3414634146343,4.5756048511387215,9419164.236880368,31855623.56229587,976.5609756097562,9419510.004421106,31856573.550806426,976.5609756097562,9419755.824091844,31856484.07976328,1952.1219512195123,9419410.056551106,31855534.091252726,1952.1219512195123
9419805.798026843,31857003.809540134,1464.3414634146343,5.35437601536769,9419510.004421106,31856573.550806426,976.5609756097562,9419855.771961844,31857523.539316982,976.5609756097562,9420101.591632582,31857434.068273835,1952.1219512195123,9419755.824091844,31856484.07976328,1952.1219512195123
9420151.565567581,31857953.798050687,1464.3414634146343,5.341883963807735,9419855.771961844,31857523.539316982,976.5609756097562,9420201.539502582,31858473.52782754,976.5609756097562,9420447.359173318,31858384.056784395,1952.1219512195123,9420101.591632582,31857434.068273835,1952.1219512195123
9420497.333108319,31858903.786561243,1464.3414634146343,4.370169970431096,9420201.539502582,31858473.52782754,976.5609756097562,9420547.307043318,31859423.5163381,976.5609756097562,9420793.126714056,31859334.045294948,1952.1219512195123,9420447.359173318,31858384.056784395,1952.1219512195123
9420843.100649055,31859853.775071803,1464.3414634146343,4.3685174563180516,9420547.307043318,31859423.5163381,976.5609756097562,9420893.074584056,31860373.50484865,976.5609756097562,9421138.894254792,31860284.03380551,1952.1219512195123,9420793.126714056,31859334.045294948,1952.1219512195123
9421188.868189793,31860803.763582356,1464.3414634146343,5.443952620602385,9420893.074584056,31860373.50484865,976.5609756097562,9421238.842124792,31861323.493359208,976.5609756097562,9421484.66179553,31861234.02231606,1952.1219512195123,9421138.894254792,31860284.03380551,1952.1219512195123
9421534.635730531,31861753.752092913,1464.3414634146343,5.794373999275565,9421238.842124792,31861323.493359208,976.5609756097562,9421584.60966553,31862273.481869765,976.5609756097562,9421830.429336268,31862184.010826617,1952.1219512195123,9421484.66179553,31861234.02231606,1952.1219512195123
9421880.403271267,31862703.740603473,1464.3414634146343,6.62802846299185,9421584.60966553,31862273.481869765,976.5609756097562,9421930.377206266,31863223.47038032,976.5609756097562,9422176.196877006,31863133.999337178,1952.1219512195123,9421830.429336268,31862184.010826617,1952.1219512195123
9422226.170812005,31863653.729114026,1464.3414634146343,6.670603173913779,9421930.377206266,31863223.47038032,976.5609756097562,9422276.144747006,31864173.458890878,976.5609756097562,9422521.964417743,31864083.98784773,1952.1219512195123,9422176.196877006,31863133.999337178,1952.1219512195123
9422571.938352743,31864603.717624586,1464.3414634146343,7.706788924860032,9422276.144747006,31864173.458890878,976.5609756097562,9422621.912287742,31865123.447401434,976.5609756097562,9422867.73195848,31865033.976358287,1952.1219512195123,9422521.964417743,31864083.98784773,1952.1219512195123
9422917.70589348,31865553.706135143,1464.3414634146343,9.560874729006892,9422621.912287742,31865123.447401434,976.5609756097562,9422967.67982848,31866073.43591199,976.5609756097562,9423213.499499217,31865983.964868847,1952.1219512195123,9422867.73195848,31865033.976358287,1952.1219512195123
9423263.473434217,31866503.694645695,1464.3414634146343,8.317173948380622,9422967.67982848,31866073.43591199,976.5609756097562,9423313.447369218,31867023.424422547,976.5609756097562,9423559.267039955,31866933.9533794,1952.1219512195123,9423213.499499217,31865983.964868847,1952.1219512195123
9423609.240974955,31867453.683156256,1464.3414634146343,8.805005499973706,9423313.447369218,31867023.424422547,976.5609756097562,9423659.214909954,31867973.412933104,976.5609756097562,9423905.034580695,31867883.94188996,1952.1219512195123,9423559.267039955,31866933.9533794,1952.1219512195123
9423955.008515691,31868403.671666812,1464.3414634146343,8.164922420742082,9423659.214909954,31867973.412933104,976.5609756097562,9424004.982450692,31868923.40144366,976.5609756097562,9424250.80212143,31868833.930400513,1952.1219512195123,9423905.034580695,31867883.94188996,1952.1219512195123
9424300.77605643,31869353.66017736,1464.3414634146343,6.658305378191803,9424004.982450692,31868923.40144366,976.5609756097562,9424350.74999143,31869873.389954217,976.5609756097562,9424596.569662169,31869783.91891107,1952.1219512195123,9424250.80212143,31868833.930400513,1952.1219512195123
9424646.543597167,31870303.648687925,1464.3414634146343,6.788765497091041,9424350.74999143,31869873.389954217,976.5609756097562,9424696.517532168,31870823.378464773,976.5609756097562,9424942.337202905,31870733.90742163,1952.1219512195123,9424596.569662169,31869783.91891107,1952.1219512195123
9424992.311137905,31871253.63719848,1464.3414634146343,7.865138934552345,9424696.517532168,31870823.378464773,976.5609756097562,9425042.285072904,31871773.366975334,976.5609756097562,9425288.104743645,31871683.895932183,1952.1219512195123,9424942.337202905,31870733.90742163,1952.1219512195123
9425338.078678641,31872203.625709035,1464.3414634146343,5.946355136654511,9425042.285072904,31871773.366975334,976.5609756097562,9425388.052613642,31872723.355485886,976.5609756097562,9425633.872284379,31872633.88444274,1952.1219512195123,9425288.104743645,31871683.895932183,1952.1219512195123
9425683.84621938,31873153.614219595,1464.3414634146343,6.14908494832353,9425388.052613642,31872723.355485886,976.5609756097562,9425733.820154378,31873673.343996443,976.5609756097562,9425979.639825119,31873583.8729533,1952.1219512195123,9425633.872284379,31872633.88444274,1952.1219512195123
9426029.613760117,31874103.60273015,1464.3414634146343,5.090283935693245,9425733.820154378,31873673.343996443,976.5609756097562,9426079.587695116,31874623.332507,976.5609756097562,9426325.407365855,31874533.861463852,1952.1219512195123,9425979.639825119,31873583.8729533,1952.1219512195123
9426375.381300855,31875053.591240704,1464.3414634146343,4.343502059951508,9426079.587695116,31874623.332507,976.5609756097562,9426425.355235854,31875573.321017556,976.5609756097562,9426671.174906593,31875483.849974412,1952.1219512195123,9426325.407365855,31874533.861463852,1952.1219512195123
9426721.148841592,31876003.579751264,1464.3414634146343,4.230331065417801,9426425.355235854,31875573.321017556,976.5609756097562,9426771.122776592,31876523.309528116,976.5609756097562,9427016.942447329,31876433.838484965,1952.1219512195123,9426671.174906593,31875483.849974412,1952.1219512195123
9427066.91638233,31876953.56826182,1464.3414634146343,4.821724806788169,9426771.122776592,31876523.309528116,976.5609756097562,9427116.89031733,31877473.29803867,976.5609756097562,9427362.709988069,31877383.82699552,1952.1219512195123,9427016.942447329,31876433.838484965,1952.1219512195123
9427412.683923068,31877903.556772374,1464.3414634146343,6.709788722353108,9427116.89031733,31877473.29803867,976.5609756097562,9427462.657858066,31878423.286549225,976.5609756097562,9427708.477528805,31878333.815506082,1952.1219512195123,9427362.709988069,31877383.82699552,1952.1219512195123
9427758.451463804,31878853.545282934,1464.3414634146343,7.157634558154198,9427462.657858066,31878423.286549225,976.5609756097562,9427808.425398804,31879373.275059786,976.5609756097562,9428054.245069543,31879283.80401664,1952.1219512195123,9427708.477528805,31878333.815506082,1952.1219512195123
9428104.219004542,31879803.533793494,1464.3414634146343,6.903834936221391,9427808.425398804,31879373.275059786,976.5609756097562,9428154.19293954,31880323.26357034,976.5609756097562,9428400.01261028,31880233.79252719,1952.1219512195123,9428054.245069543,31879283.80401664,1952.1219512195123
9428449.986545278,31880753.522304043,1464.3414634146343,5.701135790511022,9428154.19293954,31880323.26357034,976.5609756097562,9428499.960480278,31881273.252080895,976.5609756097562,9428745.780151017,31881183.781037748,1952.1219512195123,9428400.01261028,31880233.79252719,1952.1219512195123
9428795.754086016,31881703.5108146,1464.3414634146343,5.830844759428918,9428499.960480278,31881273.252080895,976.5609756097562,9428845.728021016,31882223.24059145,976.5609756097562,9429091.547691755,31882133.769548304,1952.1219512195123,9428745.780151017,31881183.781037748,1952.1219512195123
9429141.521626754,31882653.499325156,1464.3414634146343,6.478391077190568,9428845.728021016,31882223.24059145,976.5609756097562,9429191.495561754,31883173.229102008,976.5609756097562,9429437.315232491,31883083.758058865,1952.1219512195123,9429091.547691755,31882133.769548304,1952.1219512195123
9429487.289167492,31883603.487835713,1464.3414634146343,6.620189387019322,9429191.495561754,31883173.229102008,976.5609756097562,9429537.26310249,31884123.21761257,976.5609756097562,9429783.082773231,31884033.74656942,1952.1219512195123,9429437.315232491,31883083.758058865,1952.1219512195123
9429833.05670823,31884553.47634627,1464.3414634146343,7.576606873821547,9429537.26310249,31884123.21761257,976.5609756097562,9429883.030643228,31885073.20612312,976.5609756097562,9430128.850313967,31884983.735079974,1952.1219512195123,9429783.082773231,31884033.74656942,1952.1219512195123
9430178.824248966,31885503.464856826,1464.3414634146343,8.38361622913093,9429883.030643228,31885073.20612312,976.5609756097562,9430228.798183965,31886023.194633678,976.5609756097562,9430474.617854705,31885933.723590534,1952.1219512195123,9430128.850313967,31884983.735079974,1952.1219512195123
9430524.591789704,31886453.453367382,1464.3414634146343,7.147705229360913,9430228.798183965,31886023.194633678,976.5609756097562,9430574.565724703,31886973.183144234,976.5609756097562,9430820.385395441,31886883.712101087,1952.1219512195123,9430474.617854705,31885933.723590534,1952.1219512195123
9430870.359330442,31887403.441877943,1464.3414634146343,4.8754247658466054,9430574.565724703,31886973.183144234,976.5609756097562,9430920.333265442,31887923.17165479,976.5609756097562,9431166.15293618,31887833.700611643,1952.1219512195123,9430820.385395441,31886883.712101087,1952.1219512195123
9431216.12687118,31888353.430388495,1464.3414634146343,4.803062694218396,9430920.333265442,31887923.17165479,976.5609756097562,9431266.100806179,31888873.160165347,976.5609756097562,9431511.920476915,31888783.6891222,1952.1219512195123,9431166.15293618,31887833.700611643,1952.1219512195123
9431561.894411916,31889303.41889905,1464.3414634146343,6.0957746683980325,9431266.100806179,31888873.160165347,976.5609756097562,9431611.868346917,31889823.148675904,976.5609756097562,9431857.688017655,31889733.677632757,1952.1219512195123,9431511.920476915,31888783.6891222,1952.1219512195123
9431907.661952654,31890253.407409612,1464.3414634146343,8.867885950988038,9431611.868346917,31889823.148675904,976.5609756097562,9431957.635887653,31890773.13718646,976.5609756097562,9432203.455558393,31890683.666143317,1952.1219512195123,9431857.688017655,31889733.677632757,1952.1219512195123
9432253.42949339,31891203.395920165,1464.3414634146343,7.03155450931154,9431957.635887653,31890773.13718646,976.5609756097562,9432303.40342839,31891723.12569702,976.5609756097562,9432549.22309913,31891633.654653873,1952.1219512195123,9432203.455558393,31890683.666143317,1952.1219512195123
9432599.197034128,31892153.38443072,1464.3414634146343,5.966634640322484,9432303.40342839,31891723.12569702,976.5609756097562,9432649.170969127,31892673.114207573,976.5609756097562,9432894.990639867,31892583.643164426,1952.1219512195123,9432549.22309913,31891633.654653873,1952.1219512195123
9432944.964574864,31893103.37294128,1464.3414634146343,5.413385452477411,9432649.170969127,31892673.114207573,976.5609756097562,9432994.938509867,31893623.10271813,976.5609756097562,9433240.758180603,31893533.631674986,1952.1219512195123,9432894.990639867,31892583.643164426,1952.1219512195123
9433290.732115604,31894053.361451834,1464.3414634146343,4.618167752745774,9432994.938509867,31893623.10271813,976.5609756097562,9433340.706050603,31894573.091228686,976.5609756097562,9433586.525721341,31894483.62018554,1952.1219512195123,9433240.758180603,31893533.631674986,1952.1219512195123
9433636.499656342,31895003.34996239,1464.3414634146343,4.439248962165885,9433340.706050603,31894573.091228686,976.5609756097562,9433686.47359134,31895523.079739243,976.5609756097562,9433932.29326208,31895433.608696096,1952.1219512195123,9433586.525721341,31894483.62018554,1952.1219512195123
9433982.267197078,31895953.33847295,1464.3414634146343,3.866434496646058,9433686.47359134,31895523.079739243,976.5609756097562,9434032.241132077,31896473.0682498,976.5609756097562,9434278.060802817,31896383.597206656,1952.1219512195123,9433932.29326208,31895433.608696096,1952.1219512195123
9434328.034737816,31896903.326983504,1464.3414634146343,4.864494737093724,9434032.241132077,31896473.0682498,976.5609756097562,9434378.008672815,31897423.05676036,976.5609756097562,9434623.828343553,31897333.58571721,1952.1219512195123,9434278.060802817,31896383.597206656,1952.1219512195123
9414173.569505049,31840764.533817522,2439.9024390243903,3.0670796580050577,9413877.775899308,31840334.27508382,1952.1219512195123,9414223.543440044,31841284.263594374,1952.1219512195123,9414469.363110788,31841194.792551227,2927.682926829268,9414123.59557005,31840244.80404067,2927.682926829268
9414519.337045785,31841714.52232808,2439.9024390243903,2.360489095283514,9414223.543440044,31841284.263594374,1952.1219512195123,9414569.310980782,31842234.25210493,1952.1219512195123,9414815.130651524,31842144.781061787,2927.682926829268,9414469.363110788,31841194.792551227,2927.682926829268
9414865.104586523,31842664.510838635,2439.9024390243903,2.372765243175743,9414569.310980782,31842234.25210493,1952.1219512195123,9414915.078521518,31843184.240615487,1952.1219512195123,9415160.898192262,31843094.76957234,2927.682926829268,9414815.130651524,31842144.781061787,2927.682926829268
9415210.87212726,31843614.49934919,2439.9024390243903,2.8668998094355547,9414915.078521518,31843184.240615487,1952.1219512195123,9415260.846062258,31844134.229126044,1952.1219512195123,9415506.665732998,31844044.7580829,2927.682926829268,9415160.898192262,31843094.76957234,2927.682926829268
9415556.639667997,31844564.48785975,2439.9024390243903,3.6264332866362112,9415260.846062258,31844134.229126044,1952.1219512195123,9415606.613602994,31845084.217636604,1952.1219512195123,9415852.433273736,31844994.746593453,2927.682926829268,9415506.665732998,31844044.7580829,2927.682926829268
9415902.407208733,31845514.476370305,2439.9024390243903,4.524795443146708,9415606.613602994,31845084.217636604,1952.1219512195123,9415952.381143732,31846034.20614716,1952.1219512195123,9416198.200814474,31845944.73510401,2927.682926829268,9415852.433273736,31844994.746593453,2927.682926829268
9416248.174749473,31846464.46488086,2439.9024390243903,5.1783329660965745,9415952.381143732,31846034.20614716,1952.1219512195123,9416298.14868447,31846984.194657713,1952.1219512195123,9416543.968355212,31846894.72361457,2927.682926829268,9416198.200814474,31845944.73510401,2927.682926829268
9416593.94229021,31847414.453391418,2439.9024390243903,5.137966424640562,9416298.14868447,31846984.194657713,1952.1219512195123,9416643.916225206,31847934.183168273,1952.1219512195123,9416889.735895948,31847844.712125123,2927.682926829268,9416543.968355212,31846894.72361457,2927.682926829268
9416939.709830947,31848364.441901978,2439.9024390243903,3.889895231738428,9416643.916225206,31847934.183168273,1952.1219512195123,9416989.683765944,31848884.171678826,1952.1219512195123,9417235.503436686,31848794.70063568,2927.682926829268,9416889.735895948,31847844.712125123,2927.682926829268
9417285.477371685,31849314.43041253,2439.9024390243903,3.066431415402678,9416989.683765944,31848884.171678826,1952.1219512195123,9417335.451306682,31849834.160189383,1952.1219512195123,9417581.270977424,31849744.68914624,2927.682926829268,9417235.503436686,31848794.70063568,2927.682926829268
9417631.244912421,31850264.418923087,2439.9024390243903,3.0111709590678886,9417335.451306682,31849834.160189383,1952.1219512195123,9417681.21884742,31850784.14869994,1952.1219512195123,9417927.03851816,31850694.677656792,2927.682926829268,9417581.270977424,31849744.68914624,2927.682926829268
9417977.01245316,31851214.407433648,2439.9024390243903,3.122097452541948,9417681.21884742,31850784.14869994,1952.1219512195123,9418026.986388156,31851734.137210496,1952.1219512195123,9418272.8060589,31851644.666167352,2927.682926829268,9417927.03851816,31850694.677656792,2927.682926829268
9418322.779993897,31852164.3959442,2439.9024390243903,3.06135191082546,9418026.986388156,31851734.137210496,1952.1219512195123,9418372.753928894,31852684.125721056,1952.1219512195123,9418618.573599637,31852594.654677905,2927.682926829268,9418272.8060589,31851644.666167352,2927.682926829268
9418668.547534635,31853114.384454757,2439.9024390243903,3.107824707687779,9418372.753928894,31852684.125721056,1952.1219512195123,9418718.52146963,31853634.114231613,1952.1219512195123,9418964.341140375,31853544.64318846,2927.682926829268,9418618.573599637,31852594.654677905,2927.682926829268
9419014.315075371,31854064.372965317,2439.9024390243903,3.657640863591139,9418718.52146963,31853634.114231613,1952.1219512195123,9419064.289010368,31854584.102742165,1952.1219512195123,9419310.10868111,31854494.631699022,2927.682926829268,9418964.341140375,31853544.64318846,2927.682926829268
9419360.08261611,31855014.36147587,2439.9024390243903,4.17497674287734,9419064.289010368,31854584.102742165,1952.1219512195123,9419410.056551106,31855534.091252726,1952.1219512195123,9419655.876221849,31855444.62020958,2927.682926829268,9419310.10868111,31854494.631699022,2927.682926829268
9419705.850156846,31855964.34998643,2439.9024390243903,4.379202037763619,9419410.056551106,31855534.091252726,1952.1219512195123,9419755.824091844,31856484.07976328,1952.1219512195123,9420001.643762585,31856394.60872013,2927.682926829268,9419655.876221849,31855444.62020958,2927.682926829268
9420051.617697584,31856914.338496987,2439.9024390243903,4.495533974836117,9419755.824091844,31856484.07976328,1952.1219512195123,9420101.591632582,31857434.068273835,1952.1219512195123,9420347.411303325,31857344.59723069,2927.682926829268,9420001.643762585,31856394.60872013,2927.682926829268
9420397.38523832,31857864.32700754,2439.9024390243903,4.990594670504473,9420101.591632582,31857434.068273835,1952.1219512195123,9420447.359173318,31858384.056784395,1952.1219512195123,9420693.17884406,31858294.585741244,2927.682926829268,9420347.411303325,31857344.59723069,2927.682926829268
9420743.15277906,31858814.3155181,2439.9024390243903,4.538349914446061,9420447.359173318,31858384.056784395,1952.1219512195123,9420793.126714056,31859334.045294948,1952.1219512195123,9421038.946384799,31859244.574251805,2927.682926829268,9420693.17884406,31858294.585741244,2927.682926829268
9421088.920319796,31859764.304028656,2439.9024390243903,4.817568942814662,9420793.126714056,31859334.045294948,1952.1219512195123,9421138.894254792,31860284.03380551,1952.1219512195123,9421384.713925537,31860194.562762357,2927.682926829268,9421038.946384799,31859244.574251805,2927.682926829268
9421434.687860534,31860714.292539205,2439.9024390243903,6.021501775820425,9421138.894254792,31860284.03380551,1952.1219512195123,9421484.66179553,31861234.02231606,1952.1219512195123,9421730.481466273,31861144.551272914,2927.682926829268,9421384.713925537,31860194.562762357,2927.682926829268
9421780.455401272,31861664.28104977,2439.9024390243903,6.552022911186354,9421484.66179553,31861234.02231606,1952.1219512195123,9421830.429336268,31862184.010826617,1952.1219512195123,9422076.24900701,31862094.539783474,2927.682926829268,9421730.481466273,31861144.551272914,2927.682926829268
9422126.222942008,31862614.269560326,2439.9024390243903,7.791406214304533,9421830.429336268,31862184.010826617,1952.1219512195123,9422176.196877006,31863133.999337178,1952.1219512195123,9422422.016547747,31863044.528294027,2927.682926829268,9422076.24900701,31862094.539783474,2927.682926829268
9422471.990482746,31863564.25807088,2439.9024390243903,7.449414164874379,9422176.196877006,31863133.999337178,1952.1219512195123,9422521.964417743,31864083.98784773,1952.1219512195123,9422767.784088487,31863994.516804583,2927.682926829268,9422422.016547747,31863044.528294027,2927.682926829268
9422817.758023484,31864514.24658144,2439.9024390243903,8.377282722576927,9422521.964417743,31864083.98784773,1952.1219512195123,9422867.73195848,31865033.976358287,1952.1219512195123,9423113.551629223,31864944.50531514,2927.682926829268,9422767.784088487,31863994.516804583,2927.682926829268
9423163.525564222,31865464.235091995,2439.9024390243903,7.268611479607195,9422867.73195848,31865033.976358287,1952.1219512195123,9423213.499499217,31865983.964868847,1952.1219512195123,9423459.31916996,31865894.493825696,2927.682926829268,9423113.551629223,31864944.50531514,2927.682926829268
9423509.293104958,31866414.22360255,2439.9024390243903,6.748269819075748,9423213.499499217,31865983.964868847,1952.1219512195123,9423559.267039955,31866933.9533794,1952.1219512195123,9423805.086710697,31866844.482336257,2927.682926829268,9423459.31916996,31865894.493825696,2927.682926829268
9423855.060645696,31867364.21211311,2439.9024390243903,6.5271736890632965,9423559.267039955,31866933.9533794,1952.1219512195123,9423905.034580695,31867883.94188996,1952.1219512195123,9424150.854251435,31867794.470846813,2927.682926829268,9423805.086710697,31866844.482336257,2927.682926829268
9424200.828186432,31868314.200623665,2439.9024390243903,6.8905324475750644,9423905.034580695,31867883.94188996,1952.1219512195123,9424250.80212143,31868833.930400513,1952.1219512195123,9424496.621792171,31868744.459357366,2927.682926829268,9424150.854251435,31867794.470846813,2927.682926829268
9424546.59572717,31869264.189134218,2439.9024390243903,7.712183956674249,9424250.80212143,31868833.930400513,1952.1219512195123,9424596.569662169,31869783.91891107,1952.1219512195123,9424842.389332911,31869694.447867926,2927.682926829268,9424496.621792171,31868744.459357366,2927.682926829268
9424892.363267908,31870214.177644778,2439.9024390243903,8.184141072372293,9424596.569662169,31869783.91891107,1952.1219512195123,9424942.337202905,31870733.90742163,1952.1219512195123,9425188.156873647,31870644.43637848,2927.682926829268,9424842.389332911,31869694.447867926,2927.682926829268
9425238.130808646,31871164.16615534,2439.9024390243903,9.98630346277852,9424942.337202905,31870733.90742163,1952.1219512195123,9425288.104743645,31871683.895932183,1952.1219512195123,9425533.924414385,31871594.424889036,2927.682926829268,9425188.156873647,31870644.43637848,2927.682926829268
9425583.898349384,31872114.154665887,2439.9024390243903,6.918046700062485,9425288.104743645,31871683.895932183,1952.1219512195123,9425633.872284379,31872633.88444274,1952.1219512195123,9425879.691955123,31872544.413399592,2927.682926829268,9425533.924414385,31871594.424889036,2927.682926829268
9425929.66589012,31873064.143176444,2439.9024390243903,5.258150958715921,9425633.872284379,31872633.88444274,1952.1219512195123,9425979.639825119,31873583.8729533,1952.1219512195123,9426225.45949586,31873494.40191015,2927.682926829268,9425879.691955123,31872544.413399592,2927.682926829268
9426275.433430858,31874014.131687008,2439.9024390243903,4.618515139311175,9425979.639825119,31873583.8729533,1952.1219512195123,9426325.407365855,31874533.861463852,1952.1219512195123,9426571.227036597,31874444.39042071,2927.682926829268,9426225.45949586,31873494.40191015,2927.682926829268
9426621.200971594,31874964.120197557,2439.9024390243903,3.7316380418642376,9426325.407365855,31874533.861463852,1952.1219512195123,9426671.174906593,31875483.849974412,1952.1219512195123,9426916.994577335,31875394.378931265,2927.682926829268,9426571.227036597,31874444.39042071,2927.682926829268
9426966.968512334,31875914.108708113,2439.9024390243903,3.5517862162256173,9426671.174906593,31875483.849974412,1952.1219512195123,9427016.942447329,31876433.838484965,1952.1219512195123,9427262.762118073,31876344.367441818,2927.682926829268,9426916.994577335,31875394.378931265,2927.682926829268
9427312.73605307,31876864.09721867,2439.9024390243903,4.0089618715265045,9427016.942447329,31876433.838484965,1952.1219512195123,9427362.709988069,31877383.82699552,1952.1219512195123,9427608.52965881,31877294.35595238,2927.682926829268,9427262.762118073,31876344.367441818,2927.682926829268
9427658.503593808,31877814.085729226,2439.9024390243903,5.042871703594038,9427362.709988069,31877383.82699552,1952.1219512195123,9427708.477528805,31878333.815506082,1952.1219512195123,9427954.297199547,31878244.34446293,2927.682926829268,9427608.52965881,31877294.35595238,2927.682926829268
9428004.271134544,31878764.074239787,2439.9024390243903,5.782851216467597,9427708.477528805,31878333.815506082,1952.1219512195123,9428054.245069543,31879283.80401664,1952.1219512195123,9428300.064740283,31879194.332973488,2927.682926829268,9427954.297199547,31878244.34446293,2927.682926829268
9428350.038675282,31879714.062750347,2439.9024390243903,8.226211135251665,9428054.245069543,31879283.80401664,1952.1219512195123,9428400.01261028,31880233.79252719,1952.1219512195123,9428645.832281021,31880144.321484048,2927.682926829268,9428300.064740283,31879194.332973488,2927.682926829268
9428695.80621602,31880664.051260896,2439.9024390243903,7.82106451385599,9428400.01261028,31880233.79252719,1952.1219512195123,9428745.780151017,31881183.781037748,1952.1219512195123,9428991.599821758,31881094.3099946,2927.682926829268,9428645.832281021,31880144.321484048,2927.682926829268
9429041.573756756,31881614.039771456,2439.9024390243903,6.297428214798448,9428745.780151017,31881183.781037748,1952.1219512195123,9429091.547691755,31882133.769548304,1952.1219512195123,9429337.367362497,31882044.29850516,2927.682926829268,9428991.599821758,31881094.3099946,2927.682926829268
9429387.341297494,31882564.02828201,2439.9024390243903,5.844973926660205,9429091.547691755,31882133.769548304,1952.1219512195123,9429437.315232491,31883083.758058865,1952.1219512195123,9429683.134903235,31882994.287015714,2927.682926829268,9429337.367362497,31882044.29850516,2927.682926829268
9429733.108838232,31883514.016792566,2439.9024390243903,6.145468568228316,9429437.315232491,31883083.758058865,1952.1219512195123,9429783.082773231,31884033.74656942,1952.1219512195123,9430028.902443971,31883944.27552627,2927.682926829268,9429683.134903235,31882994.287015714,2927.682926829268
9430078.87637897,31884464.005303126,2439.9024390243903,6.7082827180988,9429783.082773231,31884033.74656942,1952.1219512195123,9430128.850313967,31884983.735079974,1952.1219512195123,9430374.66998471,31884894.26403683,2927.682926829268,9430028.902443971,31883944.27552627,2927.682926829268
9430424.643919706,31885413.99381368,2439.9024390243903,7.871575606526097,9430128.850313967,31884983.735079974,1952.1219512195123,9430474.617854705,31885933.723590534,1952.1219512195123,9430720.437525446,31885844.252547383,2927.682926829268,9430374.66998471,31884894.26403683,2927.682926829268
9430770.411460444,31886363.98232424,2439.9024390243903,7.068514698468497,9430474.617854705,31885933.723590534,1952.1219512195123,9430820.385395441,31886883.712101087,1952.1219512195123,9431066.205066184,31886794.24105794,2927.682926829268,9430720.437525446,31885844.252547383,2927.682926829268
9431116.17900118,31887313.970834795,2439.9024390243903,4.930380575958834,9430820.385395441,31886883.712101087,1952.1219512195123,9431166.15293618,31887833.700611643,1952.1219512195123,9431411.972606922,31887744.2295685,2927.682926829268,9431066.205066184,31886794.24105794,2927.682926829268
9431461.94654192,31888263.95934535,2439.9024390243903,4.935491973150625,9431166.15293618,31887833.700611643,1952.1219512195123,9431511.920476915,31888783.6891222,1952.1219512195123,9431757.74014766,31888694.218079053,2927.682926829268,9431411.972606922,31887744.2295685,2927.682926829268
9431807.714082656,31889213.947855905,2439.9024390243903,6.1576141308929255,9431511.920476915,31888783.6891222,1952.1219512195123,9431857.688017655,31889733.677632757,1952.1219512195123,9432103.507688396,31889644.206589613,2927.682926829268,9431757.74014766,31888694.218079053,2927.682926829268
9432153.481623394,31890163.936366465,2439.9024390243903,8.898129343345708,9431857.688017655,31889733.677632757,1952.1219512195123,9432203.455558393,31890683.666143317,1952.1219512195123,9432449.275229134,31890594.195100166,2927.682926829268,9432103.507688396,31889644.206589613,2927.682926829268
9432499.24916413,31891113.924877018,2439.9024390243903,8.329892695413486,9432203.455558393,31890683.666143317,1952.1219512195123,9432549.22309913,31891633.654653873,1952.1219512195123,9432795.04276987,31891544.183610722,2927.682926829268,9432449.275229134,31890594.195100166,2927.682926829268
9432845.016704869,31892063.913387578,2439.9024390243903,6.793782054448792,9432549.22309913,31891633.654653873,1952.1219512195123,9432894.990639867,31892583.643164426,1952.1219512195123,9433140.810310608,31892494.172121283,2927.682926829268,9432795.04276987,31891544.183610722,2927.682926829268
9433190.784245607,31893013.901898134,2439.9024390243903,5.6125348851918,9432894.990639867,31892583.643164426,1952.1219512195123,9433240.758180603,31893533.631674986,1952.1219512195123,9433486.577851348,31893444.16063184,2927.682926829268,9433140.810310608,31892494.172121283,2927.682926829268
9433536.551786344,31893963.89040869,2439.9024390243903,4.761048066197009,9433240.758180603,31893533.631674986,1952.1219512195123,9433586.525721341,31894483.62018554,1952.1219512195123,9433832.345392084,31894394.149142396,2927.682926829268,9433486.577851348,31893444.16063184,2927.682926829268
9433882.319327082,31894913.878919244,2439.9024390243903,4.282337233842177,9433586.525721341,31894483.62018554,1952.1219512195123,9433932.29326208,31895433.608696096,1952.1219512195123,9434178.112932822,31895344.137652952,2927.682926829268,9433832.345392084,31894394.149142396,2927.682926829268
9434228.086867819,31895863.867429804,2439.9024390243903,4.2863666037849875,9433932.29326208,31895433.608696096,1952.1219512195123,9434278.060802817,31896383.597206656,1952.1219512195123,9434523.880473558,31896294.126163505,2927.682926829268,9434178.112932822,31895344.137652952,2927.682926829268
9434573.854408557,31896813.855940357,2439.9024390243903,5.739615413884069,9434278.060802817,31896383.597206656,1952.1219512195123,9434623.828343553,31897333.58571721,1952.1219512195123,9434869.648014296,31897244.114674065,2927.682926829268,9434523.880473558,31896294.126163505,2927.682926829268
9414419.389175788,31840675.062774375,3415.4634146341464,2.244639957399751,9414123.59557005,31840244.80404067,2927.682926829268,9414469.363110788,31841194.792551227,2927.682926829268,9414715.182781525,31841105.321508083,3903.2439024390246,9414369.415240789,31840155.332997523,3903.2439024390246
9414765.156716526,31841625.05128493,3415.4634146341464,1.79630248275816,9414469.363110788,31841194.792551227,2927.682926829268,9414815.130651524,31842144.781061787,2927.682926829268,9415060.950322263,31842055.31001864,3903.2439024390246,9414715.182781525,31841105.321508083,3903.2439024390246
9415110.924257262,31842575.03979549,3415.4634146341464,1.8551484026648277,9414815.130651524,31842144.781061787,2927.682926829268,9415160.898192262,31843094.76957234,2927.682926829268,9415406.717862999,31843005.298529197,3903.2439024390246,9415060.950322263,31842055.31001864,3903.2439024390246
9415456.691798,31843525.028306045,3415.4634146341464,2.137798081914547,9415160.898192262,31843094.76957234,2927.682926829268,9415506.665732998,31844044.7580829,2927.682926829268,9415752.485403739,31843955.287039753,3903.2439024390246,9415406.717862999,31843005.298529197,3903.2439024390246
9415802.459338738,31844475.0168166,3415.4634146341464,2.7954350896842666,9415506.665732998,31844044.7580829,2927.682926829268,9415852.433273736,31844994.746593453,2927.682926829268,9416098.252944475,31844905.275550306,3903.2439024390246,9415752.485403739,31843955.287039753,3903.2439024390246
9416148.226879476,31845425.00532716,3415.4634146341464,4.167212547790243,9415852.433273736,31844994.746593453,2927.682926829268,9416198.200814474,31845944.73510401,2927.682926829268,9416444.020485213,31845855.264060866,3903.2439024390246,9416098.252944475,31844905.275550306,3903.2439024390246
9416493.994420212,31846374.993837714,3415.4634146341464,4.774812176905408,9416198.200814474,31845944.73510401,2927.682926829268,9416543.968355212,31846894.72361457,2927.682926829268,9416789.78802595,31846805.25257142,3903.2439024390246,9416444.020485213,31845855.264060866,3903.2439024390246
9416839.76196095,31847324.982348274,3415.4634146341464,4.384568414033804,9416543.968355212,31846894.72361457,2927.682926829268,9416889.735895948,31847844.712125123,2927.682926829268,9417135.555566687,31847755.241081975,3903.2439024390246,9416789.78802595,31846805.25257142,3903.2439024390246
9417185.529501686,31848274.97085883,3415.4634146341464,3.7127542763732015,9416889.735895948,31847844.712125123,2927.682926829268,9417235.503436686,31848794.70063568,2927.682926829268,9417481.323107423,31848705.229592536,3903.2439024390246,9417135.555566687,31847755.241081975,3903.2439024390246
9417531.297042424,31849224.959369384,3415.4634146341464,3.0788328222313277,9417235.503436686,31848794.70063568,2927.682926829268,9417581.270977424,31849744.68914624,2927.682926829268,9417827.090648163,31849655.218103092,3903.2439024390246,9417481.323107423,31848705.229592536,3903.2439024390246
9417877.064583162,31850174.947879944,3415.4634146341464,2.9584380159496124,9417581.270977424,31849744.68914624,2927.682926829268,9417927.03851816,31850694.677656792,2927.682926829268,9418172.8581889,31850605.20661365,3903.2439024390246,9417827.090648163,31849655.218103092,3903.2439024390246
9418222.832123898,31851124.9363905,3415.4634146341464,2.94492009137546,9417927.03851816,31850694.677656792,2927.682926829268,9418272.8060589,31851644.666167352,2927.682926829268,9418518.625729637,31851555.195124205,3903.2439024390246,9418172.8581889,31850605.20661365,3903.2439024390246
9418568.599664638,31852074.924901053,3415.4634146341464,2.1288057765050734,9418272.8060589,31851644.666167352,2927.682926829268,9418618.573599637,31852594.654677905,2927.682926829268,9418864.393270375,31852505.183634758,3903.2439024390246,9418518.625729637,31851555.195124205,3903.2439024390246
9418914.367205376,31853024.913411614,3415.4634146341464,2.5106909243802797,9418618.573599637,31852594.654677905,2927.682926829268,9418964.341140375,31853544.64318846,2927.682926829268,9419210.160811113,31853455.17214532,3903.2439024390246,9418864.393270375,31852505.183634758,3903.2439024390246
9419260.134746112,31853974.90192217,3415.4634146341464,2.9781698619348345,9418964.341140375,31853544.64318846,2927.682926829268,9419310.10868111,31854494.631699022,2927.682926829268,9419555.92835185,31854405.160655875,3903.2439024390246,9419210.160811113,31853455.17214532,3903.2439024390246
9419605.90228685,31854924.890432727,3415.4634146341464,3.524187502198448,9419310.10868111,31854494.631699022,2927.682926829268,9419655.876221849,31855444.62020958,2927.682926829268,9419901.695892587,31855355.149166428,3903.2439024390246,9419555.92835185,31854405.160655875,3903.2439024390246
9419951.669827586,31855874.878943283,3415.4634146341464,4.492179218060228,9419655.876221849,31855444.62020958,2927.682926829268,9420001.643762585,31856394.60872013,2927.682926829268,9420247.463433325,31856305.137676988,3903.2439024390246,9419901.695892587,31855355.149166428,3903.2439024390246
9420297.437368324,31856824.86745384,3415.4634146341464,4.378010566357659,9420001.643762585,31856394.60872013,2927.682926829268,9420347.411303325,31857344.59723069,2927.682926829268,9420593.230974061,31857255.126187544,3903.2439024390246,9420247.463433325,31856305.137676988,3903.2439024390246
9420643.204909062,31857774.855964396,3415.4634146341464,4.281289479116181,9420347.411303325,31857344.59723069,2927.682926829268,9420693.17884406,31858294.585741244,2927.682926829268,9420938.9985148,31858205.1146981,3903.2439024390246,9420593.230974061,31857255.126187544,3903.2439024390246
9420988.972449798,31858724.844474953,3415.4634146341464,5.220626119887327,9420693.17884406,31858294.585741244,2927.682926829268,9421038.946384799,31859244.574251805,2927.682926829268,9421284.766055537,31859155.103208657,3903.2439024390246,9420938.9985148,31858205.1146981,3903.2439024390246
9421334.739990536,31859674.83298551,3415.4634146341464,5.832843979100646,9421038.946384799,31859244.574251805,2927.682926829268,9421384.713925537,31860194.562762357,2927.682926829268,9421630.533596275,31860105.09171921,3903.2439024390246,9421284.766055537,31859155.103208657,3903.2439024390246
9421680.507531274,31860624.821496062,3415.4634146341464,5.675202304805395,9421384.713925537,31860194.562762357,2927.682926829268,9421730.481466273,31861144.551272914,2927.682926829268,9421976.301137011,31861055.08022977,3903.2439024390246,9421630.533596275,31860105.09171921,3903.2439024390246
9422026.27507201,31861574.810006622,3415.4634146341464,6.2064152755581805,9421730.481466273,31861144.551272914,2927.682926829268,9422076.24900701,31862094.539783474,2927.682926829268,9422322.06867775,31862005.068740327,3903.2439024390246,9421976.301137011,31861055.08022977,3903.2439024390246
9422372.042612748,31862524.798517182,3415.4634146341464,8.544326176924205,9422076.24900701,31862094.539783474,2927.682926829268,9422422.016547747,31863044.528294027,2927.682926829268,9422667.836218487,31862955.05725088,3903.2439024390246,9422322.06867775,31862005.068740327,3903.2439024390246
9422717.810153484,31863474.78702773,3415.4634146341464,8.567058486555998,9422422.016547747,31863044.528294027,2927.682926829268,9422767.784088487,31863994.516804583,2927.682926829268,9423013.603759224,31863905.04576144,3903.2439024390246,9422667.836218487,31862955.05725088,3903.2439024390246
9423063.577694224,31864424.775538288,3415.4634146341464,7.488256869307605,9422767.784088487,31863994.516804583,2927.682926829268,9423113.551629223,31864944.50531514,2927.682926829268,9423359.371299962,31864855.034271993,3903.2439024390246,9423013.603759224,31863905.04576144,3903.2439024390246
9423409.345234962,31865374.764048845,3415.4634146341464,6.257144787715573,9423113.551629223,31864944.50531514,2927.682926829268,9423459.31916996,31865894.493825696,2927.682926829268,9423705.1388407,31865805.022782553,3903.2439024390246,9423359.371299962,31864855.034271993,3903.2439024390246
9423755.112775698,31866324.7525594,3415.4634146341464,6.555449254445368,9423459.31916996,31865894.493825696,2927.682926829268,9423805.086710697,31866844.482336257,2927.682926829268,9424050.906381438,31866755.01129311,3903.2439024390246,9423705.1388407,31865805.022782553,3903.2439024390246
9424100.880316436,31867274.74106996,3415.4634146341464,7.237514884896069,9423805.086710697,31866844.482336257,2927.682926829268,9424150.854251435,31867794.470846813,2927.682926829268,9424396.673922174,31867704.999803662,3903.2439024390246,9424050.906381438,31866755.01129311,3903.2439024390246
9424446.647857172,31868224.72958052,3415.4634146341464,6.431504547078347,9424150.854251435,31867794.470846813,2927.682926829268,9424496.621792171,31868744.459357366,2927.682926829268,9424742.441462912,31868654.988314223,3903.2439024390246,9424396.673922174,31867704.999803662,3903.2439024390246
9424792.41539791,31869174.71809107,3415.4634146341464,7.727629591140803,9424496.621792171,31868744.459357366,2927.682926829268,9424842.389332911,31869694.447867926,2927.682926829268,9425088.209003648,31869604.97682478,3903.2439024390246,9424742.441462912,31868654.988314223,3903.2439024390246
9425138.182938648,31870124.70660163,3415.4634146341464,9.267290263774251,9424842.389332911,31869694.447867926,2927.682926829268,9425188.156873647,31870644.43637848,2927.682926829268,9425433.976544386,31870554.96533533,3903.2439024390246,9425088.209003648,31869604.97682478,3903.2439024390246
9425483.950479385,31871074.695112184,3415.4634146341464,10.244782850909974,9425188.156873647,31870644.43637848,2927.682926829268,9425533.924414385,31871594.424889036,2927.682926829268,9425779.744085124,31871504.953845892,3903.2439024390246,9425433.976544386,31870554.96533533,3903.2439024390246
9425829.718020122,31872024.68362274,3415.4634146341464,10.44082296863482,9425533.924414385,31871594.424889036,2927.682926829268,9425879.691955123,31872544.413399592,2927.682926829268,9426125.511625862,31872454.942356445,3903.2439024390246,9425779.744085124,31871504.953845892,3903.2439024390246
9426175.48556086,31872974.6721333,3415.4634146341464,7.212013400616827,9425879.691955123,31872544.413399592,2927.682926829268,9426225.45949586,31873494.40191015,2927.682926829268,9426471.2791666,31873404.930867005,3903.2439024390246,9426125.511625862,31872454.942356445,3903.2439024390246
9426521.253101597,31873924.660643853,3415.4634146341464,4.957117797021816,9426225.45949586,31873494.40191015,2927.682926829268,9426571.227036597,31874444.39042071,2927.682926829268,9426817.046707336,31874354.91937756,3903.2439024390246,9426471.2791666,31873404.930867005,3903.2439024390246
9426867.020642335,31874874.64915441,3415.4634146341464,4.193388773983226,9426571.227036597,31874444.39042071,2927.682926829268,9426916.994577335,31875394.378931265,2927.682926829268,9427162.814248074,31875304.90788812,3903.2439024390246,9426817.046707336,31874354.91937756,3903.2439024390246
9427212.788183073,31875824.63766497,3415.4634146341464,4.462161570444996,9426916.994577335,31875394.378931265,2927.682926829268,9427262.762118073,31876344.367441818,2927.682926829268,9427508.58178881,31876254.896398675,3903.2439024390246,9427162.814248074,31875304.90788812,3903.2439024390246
9427558.55572381,31876774.626175523,3415.4634146341464,4.088856816143194,9427262.762118073,31876344.367441818,2927.682926829268,9427608.52965881,31877294.35595238,2927.682926829268,9427854.34932955,31877204.88490923,3903.2439024390246,9427508.58178881,31876254.896398675,3903.2439024390246
9427904.323264549,31877724.614686083,3415.4634146341464,3.7233773977443456,9427608.52965881,31877294.35595238,2927.682926829268,9427954.297199547,31878244.34446293,2927.682926829268,9428200.116870286,31878154.873419784,3903.2439024390246,9427854.34932955,31877204.88490923,3903.2439024390246
9428250.090805285,31878674.60319664,3415.4634146341464,5.0547544607508135,9427954.297199547,31878244.34446293,2927.682926829268,9428300.064740283,31879194.332973488,2927.682926829268,9428545.884411024,31879104.861930344,3903.2439024390246,9428200.116870286,31878154.873419784,3903.2439024390246
9428595.858346023,31879624.591707192,3415.4634146341464,5.988379502138448,9428300.064740283,31879194.332973488,2927.682926829268,9428645.832281021,31880144.321484048,2927.682926829268,9428891.65195176,31880054.8504409,3903.2439024390246,9428545.884411024,31879104.861930344,3903.2439024390246
9428941.625886759,31880574.580217753,3415.4634146341464,7.101028625601288,9428645.832281021,31880144.321484048,2927.682926829268,9428991.599821758,31881094.3099946,2927.682926829268,9429237.419492498,31881004.838951457,3903.2439024390246,9428891.65195176,31880054.8504409,3903.2439024390246
9429287.393427497,31881524.56872831,3415.4634146341464,5.9035557700372445,9428991.599821758,31881094.3099946,2927.682926829268,9429337.367362497,31882044.29850516,2927.682926829268,9429583.187033234,31881954.827462014,3903.2439024390246,9429237.419492498,31881004.838951457,3903.2439024390246
9429633.160968235,31882474.557238862,3415.4634146341464,6.434678691310315,9429337.367362497,31882044.29850516,2927.682926829268,9429683.134903235,31882994.287015714,2927.682926829268,9429928.954573972,31882904.815972567,3903.2439024390246,9429583.187033234,31881954.827462014,3903.2439024390246
9429978.928508973,31883424.54574942,3415.4634146341464,6.282202962046008,9429683.134903235,31882994.287015714,2927.682926829268,9430028.902443971,31883944.27552627,2927.682926829268,9430274.72211471,31883854.804483127,3903.2439024390246,9429928.954573972,31882904.815972567,3903.2439024390246
9430324.696049709,31884374.53425998,3415.4634146341464,7.016426644936871,9430028.902443971,31883944.27552627,2927.682926829268,9430374.66998471,31884894.26403683,2927.682926829268,9430620.489655448,31884804.79299368,3903.2439024390246,9430274.72211471,31883854.804483127,3903.2439024390246
9430670.463590447,31885324.52277053,3415.4634146341464,7.481129583036085,9430374.66998471,31884894.26403683,2927.682926829268,9430720.437525446,31885844.252547383,2927.682926829268,9430966.257196186,31885754.78150424,3903.2439024390246,9430620.489655448,31884804.79299368,3903.2439024390246
9431016.231131183,31886274.511281088,3415.4634146341464,6.303713283237406,9430720.437525446,31885844.252547383,2927.682926829268,9431066.205066184,31886794.24105794,2927.682926829268,9431312.024736922,31886704.770014796,3903.2439024390246,9430966.257196186,31885754.78150424,3903.2439024390246
9431361.998671921,31887224.49979165,3415.4634146341464,4.73711115017488,9431066.205066184,31886794.24105794,2927.682926829268,9431411.972606922,31887744.2295685,2927.682926829268,9431657.79227766,31887654.758525353,3903.2439024390246,9431312.024736922,31886704.770014796,3903.2439024390246
9431707.766212659,31888174.488302205,3415.4634146341464,3.828335221481412,9431411.972606922,31887744.2295685,2927.682926829268,9431757.74014766,31888694.218079053,2927.682926829268,9432003.559818396,31888604.74703591,3903.2439024390246,9431657.79227766,31887654.758525353,3903.2439024390246
9432053.533753397,31889124.476812758,3415.4634146341464,3.771509434655765,9431757.74014766,31888694.218079053,2927.682926829268,9432103.507688396,31889644.206589613,2927.682926829268,9432349.327359136,31889554.735546466,3903.2439024390246,9432003.559818396,31888604.74703591,3903.2439024390246
9432399.301294135,31890074.465323314,3415.4634146341464,4.864088961294191,9432103.507688396,31889644.206589613,2927.682926829268,9432449.275229134,31890594.195100166,2927.682926829268,9432695.094899872,31890504.72405702,3903.2439024390246,9432349.327359136,31889554.735546466,3903.2439024390246
9432745.068834871,31891024.45383387,3415.4634146341464,5.719445622895772,9432449.275229134,31890594.195100166,2927.682926829268,9432795.04276987,31891544.183610722,2927.682926829268,9433040.86244061,31891454.71256758,3903.2439024390246,9432695.094899872,31890504.72405702,3903.2439024390246
9433090.836375609,31891974.442344427,3415.4634146341464,5.449528877356339,9432795.04276987,31891544.183610722,2927.682926829268,9433140.810310608,31892494.172121283,2927.682926829268,9433386.629981346,31892404.701078136,3903.2439024390246,9433040.86244061,31891454.71256758,3903.2439024390246
9433436.603916347,31892924.43085499,3415.4634146341464,4.795899302911308,9433140.810310608,31892494.172121283,2927.682926829268,9433486.577851348,31893444.16063184,2927.682926829268,9433732.397522084,31893354.689588692,3903.2439024390246,9433386.629981346,31892404.701078136,3903.2439024390246
9433782.371457085,31893874.41936554,3415.4634146341464,4.400586706750352,9433486.577851348,31893444.16063184,2927.682926829268,9433832.345392084,31894394.149142396,2927.682926829268,9434078.16506282,31894304.67809925,3903.2439024390246,9433732.397522084,31893354.689588692,3903.2439024390246
9434128.138997821,31894824.407876097,3415.4634146341464,4.7638546409687725,9433832.345392084,31894394.149142396,2927.682926829268,9434178.112932822,31895344.137652952,2927.682926829268,9434423.93260356,31895254.666609805,3903.2439024390246,9434078.16506282,31894304.67809925,3903.2439024390246
9434473.90653856,31895774.396386653,3415.4634146341464,5.495954751589434,9434178.112932822,31895344.137652952,2927.682926829268,9434523.880473558,31896294.126163505,2927.682926829268,9434769.700144298,31896204.65512036,3903.2439024390246,9434423.93260356,31895254.666609805,3903.2439024390246
9434819.674079295,31896724.38489721,3415.4634146341464,5.912185544105555,9434523.880473558,31896294.126163505,2927.682926829268,9434869.648014296,31897244.114674065,2927.682926829268,9435115.467685034,31897154.643630918,3903.2439024390246,9434769.700144298,31896204.65512036,3903.2439024390246
9414665.208846526,31840585.591731228,4391.024390243902,1.8760488633788617,9414369.415240789,31840155.332997523,3903.2439024390246,9414715.182781525,31841105.321508083,3903.2439024390246,9414961.002452264,31841015.850464936,4878.804878048781,9414615.234911527,31840065.86195438,4878.804878048781
9415010.976387262,31841535.58024179,4391.024390243902,1.877112443132354,9414715.182781525,31841105.321508083,3903.2439024390246,9415060.950322263,31842055.31001864,3903.2439024390246,9415306.769993002,31841965.838975493,4878.804878048781,9414961.002452264,31841015.850464936,4878.804878048781
9415356.743928002,31842485.568752345,4391.024390243902,2.0729520166121413,9415060.950322263,31842055.31001864,3903.2439024390246,9415406.717862999,31843005.298529197,3903.2439024390246,9415652.53753374,31842915.82748605,4878.804878048781,9415306.769993002,31841965.838975493,4878.804878048781
9415702.511468738,31843435.557262897,4391.024390243902,2.378572211579816,9415406.717862999,31843005.298529197,3903.2439024390246,9415752.485403739,31843955.287039753,3903.2439024390246,9415998.305074476,31843865.815996606,4878.804878048781,9415652.53753374,31842915.82748605,4878.804878048781
9416048.279009476,31844385.545773458,4391.024390243902,3.1712468232759257,9415752.485403739,31843955.287039753,3903.2439024390246,9416098.252944475,31844905.275550306,3903.2439024390246,9416344.072615214,31844815.804507162,4878.804878048781,9415998.305074476,31843865.815996606,4878.804878048781
9416394.046550212,31845335.534284014,4391.024390243902,4.094100543169987,9416098.252944475,31844905.275550306,3903.2439024390246,9416444.020485213,31845855.264060866,3903.2439024390246,9416689.840155952,31845765.79301772,4878.804878048781,9416344.072615214,31844815.804507162,4878.804878048781
9416739.81409095,31846285.52279457,4391.024390243902,4.210947726134993,9416444.020485213,31845855.264060866,3903.2439024390246,9416789.78802595,31846805.25257142,3903.2439024390246,9417035.60769669,31846715.78152827,4878.804878048781,9416689.840155952,31845765.79301772,4878.804878048781
9417085.581631687,31847235.511305127,4391.024390243902,3.8361146175502383,9416789.78802595,31846805.25257142,3903.2439024390246,9417135.555566687,31847755.241081975,3903.2439024390246,9417381.375237426,31847665.770038832,4878.804878048781,9417035.60769669,31846715.78152827,4878.804878048781
9417431.349172425,31848185.499815684,4391.024390243902,3.701654086359976,9417135.555566687,31847755.241081975,3903.2439024390246,9417481.323107423,31848705.229592536,3903.2439024390246,9417727.142778164,31848615.75854939,4878.804878048781,9417381.375237426,31847665.770038832,4878.804878048781
9417777.11671316,31849135.48832624,4391.024390243902,3.1432806748353594,9417481.323107423,31848705.229592536,3903.2439024390246,9417827.090648163,31849655.218103092,3903.2439024390246,9418072.9103189,31849565.74705995,4878.804878048781,9417727.142778164,31848615.75854939,4878.804878048781
9418122.8842539,31850085.476836797,4391.024390243902,2.7150461514762294,9417827.090648163,31849655.218103092,3903.2439024390246,9418172.8581889,31850605.20661365,3903.2439024390246,9418418.677859638,31850515.7355705,4878.804878048781,9418072.9103189,31849565.74705995,4878.804878048781
9418468.651794638,31851035.465347353,4391.024390243902,2.412254342821559,9418172.8581889,31850605.20661365,3903.2439024390246,9418518.625729637,31851555.195124205,3903.2439024390246,9418764.445400376,31851465.724081058,4878.804878048781,9418418.677859638,31850515.7355705,4878.804878048781
9418814.419335375,31851985.45385791,4391.024390243902,2.05784818533895,9418518.625729637,31851555.195124205,3903.2439024390246,9418864.393270375,31852505.183634758,3903.2439024390246,9419110.212941114,31852415.712591615,4878.804878048781,9418764.445400376,31851465.724081058,4878.804878048781
9419160.186876114,31852935.442368466,4391.024390243902,2.2780411341740803,9418864.393270375,31852505.183634758,3903.2439024390246,9419210.160811113,31853455.17214532,3903.2439024390246,9419455.980481852,31853365.70110217,4878.804878048781,9419110.212941114,31852415.712591615,4878.804878048781
9419505.95441685,31853885.430879027,4391.024390243902,2.5100041454458664,9419210.160811113,31853455.17214532,3903.2439024390246,9419555.92835185,31854405.160655875,3903.2439024390246,9419801.748022588,31854315.689612728,4878.804878048781,9419455.980481852,31853365.70110217,4878.804878048781
9419851.721957589,31854835.41938958,4391.024390243902,3.1283450777184725,9419555.92835185,31854405.160655875,3903.2439024390246,9419901.695892587,31855355.149166428,3903.2439024390246,9420147.515563326,31855265.678123284,4878.804878048781,9419801.748022588,31854315.689612728,4878.804878048781
9420197.489498325,31855785.407900136,4391.024390243902,3.189746961264198,9419901.695892587,31855355.149166428,3903.2439024390246,9420247.463433325,31856305.137676988,3903.2439024390246,9420493.283104062,31856215.66663384,4878.804878048781,9420147.515563326,31855265.678123284,4878.804878048781
9420543.257039063,31856735.396410696,4391.024390243902,3.2579884664197034,9420247.463433325,31856305.137676988,3903.2439024390246,9420593.230974061,31857255.126187544,3903.2439024390246,9420839.050644802,31857165.6551444,4878.804878048781,9420493.283104062,31856215.66663384,4878.804878048781
9420889.024579799,31857685.38492125,4391.024390243902,3.933685092964769,9420593.230974061,31857255.126187544,3903.2439024390246,9420938.9985148,31858205.1146981,3903.2439024390246,9421184.818185538,31858115.643654954,4878.804878048781,9420839.050644802,31857165.6551444,4878.804878048781
9421234.792120537,31858635.373431806,4391.024390243902,4.343510117125848,9420938.9985148,31858205.1146981,3903.2439024390246,9421284.766055537,31859155.103208657,3903.2439024390246,9421530.585726276,31859065.63216551,4878.804878048781,9421184.818185538,31858115.643654954,4878.804878048781
9421580.559661275,31859585.361942366,4391.024390243902,4.666022266983379,9421284.766055537,31859155.103208657,3903.2439024390246,9421630.533596275,31860105.09171921,3903.2439024390246,9421876.353267012,31860015.620676067,4878.804878048781,9421530.585726276,31859065.63216551,4878.804878048781
9421926.327202013,31860535.350452915,4391.024390243902,4.61536030039997,9421630.533596275,31860105.09171921,3903.2439024390246,9421976.301137011,31861055.08022977,3903.2439024390246,9422222.12080775,31860965.609186623,4878.804878048781,9421876.353267012,31860015.620676067,4878.804878048781
9422272.094742749,31861485.33896348,4391.024390243902,5.338190691811417,9421976.301137011,31861055.08022977,3903.2439024390246,9422322.06867775,31862005.068740327,3903.2439024390246,9422567.888348486,31861915.59769718,4878.804878048781,9422222.12080775,31860965.609186623,4878.804878048781
9422617.862283487,31862435.327474035,4391.024390243902,5.652573623437785,9422322.06867775,31862005.068740327,3903.2439024390246,9422667.836218487,31862955.05725088,3903.2439024390246,9422913.655889224,31862865.586207736,4878.804878048781,9422567.888348486,31861915.59769718,4878.804878048781
9422963.629824225,31863385.315984584,4391.024390243902,6.329174176467002,9422667.836218487,31862955.05725088,3903.2439024390246,9423013.603759224,31863905.04576144,3903.2439024390246,9423259.423429962,31863815.574718293,4878.804878048781,9422913.655889224,31862865.586207736,4878.804878048781
9423309.397364961,31864335.304495145,4391.024390243902,6.268216762465074,9423013.603759224,31863905.04576144,3903.2439024390246,9423359.371299962,31864855.034271993,3903.2439024390246,9423605.1909707,31864765.56322885,4878.804878048781,9423259.423429962,31863815.574718293,4878.804878048781
9423655.1649057,31865285.293005697,4391.024390243902,5.8334203680195085,9423359.371299962,31864855.034271993,3903.2439024390246,9423705.1388407,31865805.022782553,3903.2439024390246,9423950.958511438,31865715.551739406,4878.804878048781,9423605.1909707,31864765.56322885,4878.804878048781
9424000.932446437,31866235.281516254,4391.024390243902,7.799761094378551,9423705.1388407,31865805.022782553,3903.2439024390246,9424050.906381438,31866755.01129311,3903.2439024390246,9424296.726052174,31866665.540249962,4878.804878048781,9423950.958511438,31865715.551739406,4878.804878048781
9424346.699987175,31867185.270026814,4391.024390243902,7.2589208121720175,9424050.906381438,31866755.01129311,3903.2439024390246,9424396.673922174,31867704.999803662,3903.2439024390246,9424642.493592912,31867615.52876052,4878.804878048781,9424296.726052174,31866665.540249962,4878.804878048781
9424692.467527911,31868135.258537367,4391.024390243902,5.008041838860604,9424396.673922174,31867704.999803662,3903.2439024390246,9424742.441462912,31868654.988314223,3903.2439024390246,9424988.261133648,31868565.517271075,4878.804878048781,9424642.493592912,31867615.52876052,4878.804878048781
9425038.235068649,31869085.247047927,4391.024390243902,5.504959948186901,9424742.441462912,31868654.988314223,3903.2439024390246,9425088.209003648,31869604.97682478,3903.2439024390246,9425334.028674388,31869515.505781632,4878.804878048781,9424988.261133648,31868565.517271075,4878.804878048781
9425384.002609385,31870035.235558484,4391.024390243902,8.50787424327525,9425088.209003648,31869604.97682478,3903.2439024390246,9425433.976544386,31870554.96533533,3903.2439024390246,9425679.796215124,31870465.49429219,4878.804878048781,9425334.028674388,31869515.505781632,4878.804878048781
9425729.770150123,31870985.224069037,4391.024390243902,8.864593061990117,9425433.976544386,31870554.96533533,3903.2439024390246,9425779.744085124,31871504.953845892,3903.2439024390246,9426025.563755862,31871415.482802745,4878.804878048781,9425679.796215124,31870465.49429219,4878.804878048781
9426075.537690861,31871935.212579597,4391.024390243902,11.22925539660984,9425779.744085124,31871504.953845892,3903.2439024390246,9426125.511625862,31872454.942356445,3903.2439024390246,9426371.331296599,31872365.4713133,4878.804878048781,9426025.563755862,31871415.482802745,4878.804878048781
9426421.3052316,31872885.201090153,4391.024390243902,8.727790158168235,9426125.511625862,31872454.942356445,3903.2439024390246,9426471.2791666,31873404.930867005,3903.2439024390246,9426717.098837337,31873315.459823858,4878.804878048781,9426371.331296599,31872365.4713133,4878.804878048781
9426767.072772335,31873835.189600706,4391.024390243902,7.060405432237614,9426471.2791666,31873404.930867005,3903.2439024390246,9426817.046707336,31874354.91937756,3903.2439024390246,9427062.866378073,31874265.448334415,4878.804878048781,9426717.098837337,31873315.459823858,4878.804878048781
9427112.840313073,31874785.178111266,4391.024390243902,6.500666569889454,9426817.046707336,31874354.91937756,3903.2439024390246,9427162.814248074,31875304.90788812,3903.2439024390246,9427408.633918812,31875215.436844975,4878.804878048781,9427062.866378073,31874265.448334415,4878.804878048781
9427458.607853813,31875735.166621823,4391.024390243902,7.11438203307272,9427162.814248074,31875304.90788812,3903.2439024390246,9427508.58178881,31876254.896398675,3903.2439024390246,9427754.40145955,31876165.425355528,4878.804878048781,9427408.633918812,31875215.436844975,4878.804878048781
9427804.37539455,31876685.15513238,4391.024390243902,6.3045144434243605,9427508.58178881,31876254.896398675,3903.2439024390246,9427854.34932955,31877204.88490923,3903.2439024390246,9428100.169000287,31877115.413866084,4878.804878048781,9427754.40145955,31876165.425355528,4878.804878048781
9428150.142935287,31877635.143642936,4391.024390243902,5.753187128205835,9427854.34932955,31877204.88490923,3903.2439024390246,9428200.116870286,31878154.873419784,3903.2439024390246,9428445.936541025,31878065.40237664,4878.804878048781,9428100.169000287,31877115.413866084,4878.804878048781
9428495.910476023,31878585.132153492,4391.024390243902,5.773928463945533,9428200.116870286,31878154.873419784,3903.2439024390246,9428545.884411024,31879104.861930344,3903.2439024390246,9428791.70408176,31879015.390887197,4878.804878048781,9428445.936541025,31878065.40237664,4878.804878048781
9428841.678016761,31879535.12066405,4391.024390243902,6.611216618709901,9428545.884411024,31879104.861930344,3903.2439024390246,9428891.65195176,31880054.8504409,3903.2439024390246,9429137.471622499,31879965.379397754,4878.804878048781,9428791.70408176,31879015.390887197,4878.804878048781
9429187.445557497,31880485.109174605,4391.024390243902,7.723142319269236,9428891.65195176,31880054.8504409,3903.2439024390246,9429237.419492498,31881004.838951457,3903.2439024390246,9429483.239163235,31880915.36790831,4878.804878048781,9429137.471622499,31879965.379397754,4878.804878048781
9429533.213098235,31881435.097685162,4391.024390243902,6.467006625609941,9429237.419492498,31881004.838951457,3903.2439024390246,9429583.187033234,31881954.827462014,3903.2439024390246,9429829.006703975,31881865.356418867,4878.804878048781,9429483.239163235,31880915.36790831,4878.804878048781
9429878.980638972,31882385.08619572,4391.024390243902,8.548349001939428,9429583.187033234,31881954.827462014,3903.2439024390246,9429928.954573972,31882904.815972567,3903.2439024390246,9430174.77424471,31882815.344929423,4878.804878048781,9429829.006703975,31881865.356418867,4878.804878048781
9430224.74817971,31883335.07470627,4391.024390243902,9.734995520185075,9429928.954573972,31882904.815972567,3903.2439024390246,9430274.72211471,31883854.804483127,3903.2439024390246,9430520.541785449,31883765.33343998,4878.804878048781,9430174.77424471,31882815.344929423,4878.804878048781
9430570.515720448,31884285.063216828,4391.024390243902,9.438185360802345,9430274.72211471,31883854.804483127,3903.2439024390246,9430620.489655448,31884804.79299368,3903.2439024390246,9430866.309326185,31884715.321950536,4878.804878048781,9430520.541785449,31883765.33343998,4878.804878048781
9430916.283261186,31885235.051727384,4391.024390243902,8.93081539690008,9430620.489655448,31884804.79299368,3903.2439024390246,9430966.257196186,31885754.78150424,3903.2439024390246,9431212.076866923,31885665.310461093,4878.804878048781,9430866.309326185,31884715.321950536,4878.804878048781
9431262.050801923,31886185.04023794,4391.024390243902,8.17821155366704,9430966.257196186,31885754.78150424,3903.2439024390246,9431312.024736922,31886704.770014796,3903.2439024390246,9431557.84440766,31886615.29897165,4878.804878048781,9431212.076866923,31885665.310461093,4878.804878048781
9431607.81834266,31887135.028748505,4391.024390243902,5.890056106562476,9431312.024736922,31886704.770014796,3903.2439024390246,9431657.79227766,31887654.758525353,3903.2439024390246,9431903.611948399,31887565.28748221,4878.804878048781,9431557.84440766,31886615.29897165,4878.804878048781
9431953.5858834,31888085.017259058,4391.024390243902,5.081362414435123,9431657.79227766,31887654.758525353,3903.2439024390246,9432003.559818396,31888604.74703591,3903.2439024390246,9432249.379489137,31888515.275992762,4878.804878048781,9431903.611948399,31887565.28748221,4878.804878048781
9432299.353424136,31889035.005769614,4391.024390243902,4.605374498588557,9432003.559818396,31888604.74703591,3903.2439024390246,9432349.327359136,31889554.735546466,3903.2439024390246,9432595.147029873,31889465.26450332,4878.804878048781,9432249.379489137,31888515.275992762,4878.804878048781
9432645.120964874,31889984.994280167,4391.024390243902,5.490904308442964,9432349.327359136,31889554.735546466,3903.2439024390246,9432695.094899872,31890504.72405702,3903.2439024390246,9432940.914570611,31890415.253013875,4878.804878048781,9432595.147029873,31889465.26450332,4878.804878048781
9432990.88850561,31890934.982790723,4391.024390243902,6.031459853613122,9432695.094899872,31890504.72405702,3903.2439024390246,9433040.86244061,31891454.71256758,3903.2439024390246,9433286.682111349,31891365.24152443,4878.804878048781,9432940.914570611,31890415.253013875,4878.804878048781
9433336.656046348,31891884.971301284,4391.024390243902,5.536600184678899,9433040.86244061,31891454.71256758,3903.2439024390246,9433386.629981346,31892404.701078136,3903.2439024390246,9433632.449652087,31892315.230034992,4878.804878048781,9433286.682111349,31891365.24152443,4878.804878048781
9433682.423587084,31892834.959811836,4391.024390243902,7.1298579219592,9433386.629981346,31892404.701078136,3903.2439024390246,9433732.397522084,31893354.689588692,3903.2439024390246,9433978.217192823,31893265.218545545,4878.804878048781,9433632.449652087,31892315.230034992,4878.804878048781
9434028.191127822,31893784.948322393,4391.024390243902,7.505467975168276,9433732.397522084,31893354.689588692,3903.2439024390246,9434078.16506282,31894304.67809925,3903.2439024390246,9434323.984733561,31894215.2070561,4878.804878048781,9433978.217192823,31893265.218545545,4878.804878048781
9434373.958668558,31894734.936832953,4391.024390243902,7.0779556013551845,9434078.16506282,31894304.67809925,3903.2439024390246,9434423.93260356,31895254.666609805,3903.2439024390246,9434669.752274297,31895165.19556666,4878.804878048781,9434323.984733561,31894215.2070561,4878.804878048781
9434719.726209298,31895684.925343506,4391.024390243902,7.193695796951102,9434423.93260356,31895254.666609805,3903.2439024390246,9434769.700144298,31896204.65512036,3903.2439024390246,9435015.519815035,31896115.184077214,4878.804878048781,9434669.752274297,31895165.19556666,4878.804878048781
9435065.493750036,31896634.913854066,4391.024390243902,7.059225093921988,9434769.700144298,31896204.65512036,3903.2439024390246,9435115.467685034,31897154.643630918,3903.2439024390246,9435361.287355773,31897065.17258777,4878.804878048781,9435015.519815035,31896115.184077214,4878.804878048781
9414911.028517265,31840496.120688085,5366.585365853659,0.9605138525957391,9414615.234911527,31840065.86195438,4878.804878048781,9414961.002452264,31841015.850464936,4878.804878048781,9415206.822123002,31840926.379421793,5854.365853658537,9414861.054582264,31839976.390911233,5854.365853658537
9415256.796058001,31841446.10919864,5366.585365853659,1.2161998798753528,9414961.002452264,31841015.850464936,4878.804878048781,9415306.769993002,31841965.838975493,4878.804878048781,9415552.58966374,31841876.367932346,5854.365853658537,9415206.822123002,31840926.379421793,5854.365853658537
9415602.563598739,31842396.097709198,5366.585365853659,2.0312762613398303,9415306.769993002,31841965.838975493,4878.804878048781,9415652.53753374,31842915.82748605,4878.804878048781,9415898.357204478,31842826.356442902,5854.365853658537,9415552.58966374,31841876.367932346,5854.365853658537
9415948.331139477,31843346.086219754,5366.585365853659,2.8488456450330166,9415652.53753374,31842915.82748605,4878.804878048781,9415998.305074476,31843865.815996606,4878.804878048781,9416244.124745214,31843776.344953462,5854.365853658537,9415898.357204478,31842826.356442902,5854.365853658537
9416294.098680213,31844296.07473031,5366.585365853659,3.481733995226543,9415998.305074476,31843865.815996606,4878.804878048781,9416344.072615214,31844815.804507162,4878.804878048781,9416589.892285952,31844726.333464015,5854.365853658537,9416244.124745214,31843776.344953462,5854.365853658537
9416639.866220951,31845246.06324087,5366.585365853659,4.233656571665269,9416344.072615214,31844815.804507162,4878.804878048781,9416689.840155952,31845765.79301772,4878.804878048781,9416935.65982669,31845676.32197457,5854.365853658537,9416589.892285952,31844726.333464015,5854.365853658537
9416985.633761689,31846196.051751424,5366.585365853659,4.075420179791703,9416689.840155952,31845765.79301772,4878.804878048781,9417035.60769669,31846715.78152827,4878.804878048781,9417281.427367426,31846626.31048513,5854.365853658537,9416935.65982669,31845676.32197457,5854.365853658537
9417331.401302429,31847146.04026198,5366.585365853659,3.6138618743371507,9417035.60769669,31846715.78152827,4878.804878048781,9417381.375237426,31847665.770038832,4878.804878048781,9417627.194908166,31847576.298995685,5854.365853658537,9417281.427367426,31846626.31048513,5854.365853658537
9417677.168843163,31848096.02877254,5366.585365853659,3.4559535036651883,9417381.375237426,31847665.770038832,4878.804878048781,9417727.142778164,31848615.75854939,4878.804878048781,9417972.962448902,31848526.287506245,5854.365853658537,9417627.194908166,31847576.298995685,5854.365853658537
9418022.936383903,31849046.017283093,5366.585365853659,3.189283877085115,9417727.142778164,31848615.75854939,4878.804878048781,9418072.9103189,31849565.74705995,4878.804878048781,9418318.72998964,31849476.2760168,5854.365853658537,9417972.962448902,31848526.287506245,5854.365853658537
9418368.703924637,31849996.00579365,5366.585365853659,2.9044825352450645,9418072.9103189,31849565.74705995,4878.804878048781,9418418.677859638,31850515.7355705,4878.804878048781,9418664.497530377,31850426.264527354,5854.365853658537,9418318.72998964,31849476.2760168,5854.365853658537
9418714.471465377,31850945.99430421,5366.585365853659,2.431302452559685,9418418.677859638,31850515.7355705,4878.804878048781,9418764.445400376,31851465.724081058,4878.804878048781,9419010.265071115,31851376.253037915,5854.365853658537,9418664.497530377,31850426.264527354,5854.365853658537
9419060.239006113,31851895.982814763,5366.585365853659,2.4927322722368594,9418764.445400376,31851465.724081058,4878.804878048781,9419110.212941114,31852415.712591615,4878.804878048781,9419356.03261185,31852326.241548467,5854.365853658537,9419010.265071115,31851376.253037915,5854.365853658537
9419406.006546851,31852845.971325323,5366.585365853659,2.4538919219060684,9419110.212941114,31852415.712591615,4878.804878048781,9419455.980481852,31853365.70110217,4878.804878048781,9419701.80015259,31853276.230059024,5854.365853658537,9419356.03261185,31852326.241548467,5854.365853658537
9419751.774087587,31853795.95983588,5366.585365853659,2.867237634889983,9419455.980481852,31853365.70110217,4878.804878048781,9419801.748022588,31854315.689612728,4878.804878048781,9420047.567693327,31854226.21856958,5854.365853658537,9419701.80015259,31853276.230059024,5854.365853658537
9420097.541628325,31854745.94834643,5366.585365853659,2.9196221531663213,9419801.748022588,31854315.689612728,4878.804878048781,9420147.515563326,31855265.678123284,4878.804878048781,9420393.335234065,31855176.207080137,5854.365853658537,9420047.567693327,31854226.21856958,5854.365853658537
9420443.309169063,31855695.936856993,5366.585365853659,2.9768706107334095,9420147.515563326,31855265.678123284,4878.804878048781,9420493.283104062,31856215.66663384,4878.804878048781,9420739.102774803,31856126.195590697,5854.365853658537,9420393.335234065,31855176.207080137,5854.365853658537
9420789.0767098,31856645.92536755,5366.585365853659,2.8810460240858085,9420493.283104062,31856215.66663384,4878.804878048781,9420839.050644802,31857165.6551444,4878.804878048781,9421084.870315539,31857076.184101254,5854.365853658537,9420739.102774803,31856126.195590697,5854.365853658537
9421134.84425054,31857595.9138781,5366.585365853659,2.848492991584191,9420839.050644802,31857165.6551444,4878.804878048781,9421184.818185538,31858115.643654954,4878.804878048781,9421430.637856277,31858026.172611807,5854.365853658537,9421084.870315539,31857076.184101254,5854.365853658537
9421480.611791275,31858545.902388662,5366.585365853659,3.0068578189843063,9421184.818185538,31858115.643654954,4878.804878048781,9421530.585726276,31859065.63216551,4878.804878048781,9421776.405397015,31858976.161122367,5854.365853658537,9421430.637856277,31858026.172611807,5854.365853658537
9421826.379332015,31859495.89089922,5366.585365853659,2.977372694567721,9421530.585726276,31859065.63216551,4878.804878048781,9421876.353267012,31860015.620676067,4878.804878048781,9422122.172937753,31859926.14963292,5854.365853658537,9421776.405397015,31858976.161122367,5854.365853658537
9422172.14687275,31860445.87940977,5366.585365853659,3.3811398256187712,9421876.353267012,31860015.620676067,4878.804878048781,9422222.12080775,31860965.609186623,4878.804878048781,9422467.940478489,31860876.138143476,5854.365853658537,9422122.172937753,31859926.14963292,5854.365853658537
9422517.91441349,31861395.86792033,5366.585365853659,4.1657839780686015,9422222.12080775,31860965.609186623,4878.804878048781,9422567.888348486,31861915.59769718,4878.804878048781,9422813.708019227,31861826.126654036,5854.365853658537,9422467.940478489,31860876.138143476,5854.365853658537
9422863.681954224,31862345.85643089,5366.585365853659,4.6517717137392225,9422567.888348486,31861915.59769718,4878.804878048781,9422913.655889224,31862865.586207736,4878.804878048781,9423159.475559963,31862776.11516459,5854.365853658537,9422813.708019227,31861826.126654036,5854.365853658537
9423209.449494964,31863295.84494144,5366.585365853659,4.781521696786779,9422913.655889224,31862865.586207736,4878.804878048781,9423259.423429962,31863815.574718293,4878.804878048781,9423505.2431007,31863726.10367515,5854.365853658537,9423159.475559963,31862776.11516459,5854.365853658537
9423555.2170357,31864245.833451997,5366.585365853659,4.9700588529122705,9423259.423429962,31863815.574718293,4878.804878048781,9423605.1909707,31864765.56322885,4878.804878048781,9423851.010641437,31864676.092185702,5854.365853658537,9423505.2431007,31863726.10367515,5854.365853658537
9423900.984576438,31865195.82196255,5366.585365853659,5.80934718493351,9423605.1909707,31864765.56322885,4878.804878048781,9423950.958511438,31865715.551739406,4878.804878048781,9424196.778182177,31865626.08069626,5854.365853658537,9423851.010641437,31864676.092185702,5854.365853658537
9424246.752117176,31866145.81047311,5366.585365853659,5.594663099026179,9423950.958511438,31865715.551739406,4878.804878048781,9424296.726052174,31866665.540249962,4878.804878048781,9424542.545722913,31866576.069206815,5854.365853658537,9424196.778182177,31865626.08069626,5854.365853658537
9424592.519657912,31867095.798983667,5366.585365853659,5.415971199714432,9424296.726052174,31866665.540249962,4878.804878048781,9424642.493592912,31867615.52876052,4878.804878048781,9424888.313263651,31867526.05771737,5854.365853658537,9424542.545722913,31866576.069206815,5854.365853658537
9424938.28719865,31868045.787494224,5366.585365853659,5.31745540198825,9424642.493592912,31867615.52876052,4878.804878048781,9424988.261133648,31868565.517271075,4878.804878048781,9425234.080804389,31868476.04622793,5854.365853658537,9424888.313263651,31867526.05771737,5854.365853658537
9425284.054739386,31868995.77600478,5366.585365853659,6.467155560050175,9424988.261133648,31868565.517271075,4878.804878048781,9425334.028674388,31869515.505781632,4878.804878048781,9425579.848345125,31869426.03473849,5854.365853658537,9425234.080804389,31868476.04622793,5854.365853658537
9425629.822280126,31869945.764515337,5366.585365853659,8.347385326862133,9425334.028674388,31869515.505781632,4878.804878048781,9425679.796215124,31870465.49429219,4878.804878048781,9425925.615885863,31870376.02324904,5854.365853658537,9425579.848345125,31869426.03473849,5854.365853658537
9425975.589820862,31870895.753025893,5366.585365853659,9.37469279058292,9425679.796215124,31870465.49429219,4878.804878048781,9426025.563755862,31871415.482802745,4878.804878048781,9426271.383426601,31871326.0117596,5854.365853658537,9425925.615885863,31870376.02324904,5854.365853658537
9426321.357361602,31871845.74153645,5366.585365853659,11.18013868704892,9426025.563755862,31871415.482802745,4878.804878048781,9426371.331296599,31872365.4713133,4878.804878048781,9426617.150967339,31872276.000270154,5854.365853658537,9426271.383426601,31871326.0117596,5854.365853658537
9426667.124902336,31872795.730047006,5366.585365853659,9.953322093979516,9426371.331296599,31872365.4713133,4878.804878048781,9426717.098837337,31873315.459823858,4878.804878048781,9426962.918508075,31873225.98878071,5854.365853658537,9426617.150967339,31872276.000270154,5854.365853658537
9427012.892443076,31873745.718557563,5366.585365853659,7.127263590555977,9426717.098837337,31873315.459823858,4878.804878048781,9427062.866378073,31874265.448334415,4878.804878048781,9427308.686048813,31874175.97729127,5854.365853658537,9426962.918508075,31873225.98878071,5854.365853658537
9427358.659983812,31874695.70706812,5366.585365853659,9.312017822700295,9427062.866378073,31874265.448334415,4878.804878048781,9427408.633918812,31875215.436844975,4878.804878048781,9427654.45358955,31875125.965801824,5854.365853658537,9427308.686048813,31874175.97729127,5854.365853658537
9427704.42752455,31875645.69557868,5366.585365853659,9.175643135030898,9427408.633918812,31875215.436844975,4878.804878048781,9427754.40145955,31876165.425355528,4878.804878048781,9428000.221130287,31876075.95431238,5854.365853658537,9427654.45358955,31875125.965801824,5854.365853658537
9428050.195065288,31876595.684089232,5366.585365853659,6.8458799791143,9427754.40145955,31876165.425355528,4878.804878048781,9428100.169000287,31877115.413866084,4878.804878048781,9428345.988671025,31877025.94282294,5854.365853658537,9428000.221130287,31876075.95431238,5854.365853658537
9428395.962606024,31877545.67259979,5366.585365853659,7.138848435884638,9428100.169000287,31877115.413866084,4878.804878048781,9428445.936541025,31878065.40237664,4878.804878048781,9428691.756211763,31877975.931333493,5854.365853658537,9428345.988671025,31877025.94282294,5854.365853658537
9428741.730146762,31878495.66111035,5366.585365853659,7.993131919196489,9428445.936541025,31878065.40237664,4878.804878048781,9428791.70408176,31879015.390887197,4878.804878048781,9429037.523752501,31878925.919844054,5854.365853658537,9428691.756211763,31877975.931333493,5854.365853658537
9429087.497687498,31879445.6496209,5366.585365853659,8.999459202421127,9428791.70408176,31879015.390887197,4878.804878048781,9429137.471622499,31879965.379397754,4878.804878048781,9429383.291293237,31879875.908354606,5854.365853658537,9429037.523752501,31878925.919844054,5854.365853658537
9429433.265228236,31880395.63813146,5366.585365853659,9.44495994400105,9429137.471622499,31879965.379397754,4878.804878048781,9429483.239163235,31880915.36790831,4878.804878048781,9429729.058833975,31880825.896865163,5854.365853658537,9429383.291293237,31879875.908354606,5854.365853658537
9429779.032768972,31881345.62664202,5366.585365853659,8.990099335136115,9429483.239163235,31880915.36790831,4878.804878048781,9429829.006703975,31881865.356418867,4878.804878048781,9430074.826374711,31881775.885375723,5854.365853658537,9429729.058833975,31880825.896865163,5854.365853658537
9430124.800309712,31882295.61515257,5366.585365853659,11.566334483013193,9429829.006703975,31881865.356418867,4878.804878048781,9430174.77424471,31882815.344929423,4878.804878048781,9430420.59391545,31882725.873886276,5854.365853658537,9430074.826374711,31881775.885375723,5854.365853658537
9430470.567850448,31883245.603663128,5366.585365853659,11.893307635847655,9430174.77424471,31882815.344929423,4878.804878048781,9430520.541785449,31883765.33343998,4878.804878048781,9430766.361456187,31883675.862396836,5854.365853658537,9430420.59391545,31882725.873886276,5854.365853658537
9430816.335391188,31884195.59217368,5366.585365853659,10.590043543371904,9430520.541785449,31883765.33343998,4878.804878048781,9430866.309326185,31884715.321950536,4878.804878048781,9431112.128996925,31884625.85090739,5854.365853658537,9430766.361456187,31883675.862396836,5854.365853658537
9431162.102931922,31885145.580684237,5366.585365853659,11.096666122580961,9430866.309326185,31884715.321950536,4878.804878048781,9431212.076866923,31885665.310461093,4878.804878048781,9431457.896537662,31885575.839417946,5854.365853658537,9431112.128996925,31884625.85090739,5854.365853658537
9431507.870472662,31886095.569194797,5366.585365853659,10.558637827728615,9431212.076866923,31885665.310461093,4878.804878048781,9431557.84440766,31886615.29897165,4878.804878048781,9431803.6640784,31886525.827928506,5854.365853658537,9431457.896537662,31885575.839417946,5854.365853658537
9431853.638013398,31887045.557705358,5366.585365853659,10.723527201965883,9431557.84440766,31886615.29897165,4878.804878048781,9431903.611948399,31887565.28748221,4878.804878048781,9432149.431619136,31887475.816439062,5854.365853658537,9431803.6640784,31886525.827928506,5854.365853658537
9432199.405554136,31887995.546215914,5366.585365853659,9.586279466103434,9431903.611948399,31887565.28748221,4878.804878048781,9432249.379489137,31888515.275992762,4878.804878048781,9432495.199159874,31888425.804949615,5854.365853658537,9432149.431619136,31887475.816439062,5854.365853658537
9432545.173094874,31888945.534726467,5366.585365853659,7.169992998032496,9432249.379489137,31888515.275992762,4878.804878048781,9432595.147029873,31889465.26450332,4878.804878048781,9432840.966700613,31889375.793460175,5854.365853658537,9432495.199159874,31888425.804949615,5854.365853658537
9432890.94063561,31889895.52323702,5366.585365853659,7.414716807665341,9432595.147029873,31889465.26450332,4878.804878048781,9432940.914570611,31890415.253013875,4878.804878048781,9433186.73424135,31890325.78197073,5854.365853658537,9432840.966700613,31889375.793460175,5854.365853658537
9433236.708176348,31890845.51174758,5366.585365853659,8.899965463429744,9432940.914570611,31890415.253013875,4878.804878048781,9433286.682111349,31891365.24152443,4878.804878048781,9433532.501782088,31891275.77048129,5854.365853658537,9433186.73424135,31890325.78197073,5854.365853658537
9433582.475717086,31891795.500258137,5366.585365853659,9.565563466284818,9433286.682111349,31891365.24152443,4878.804878048781,9433632.449652087,31892315.230034992,4878.804878048781,9433878.269322824,31892225.75899184,5854.365853658537,9433532.501782088,31891275.77048129,5854.365853658537
9433928.243257824,31892745.48876869,5366.585365853659,9.552280324834225,9433632.449652087,31892315.230034992,4878.804878048781,9433978.217192823,31893265.218545545,4878.804878048781,9434224.036863562,31893175.747502398,5854.365853658537,9433878.269322824,31892225.75899184,5854.365853658537
9434274.01079856,31893695.47727925,5366.585365853659,8.529887461331366,9433978.217192823,31893265.218545545,4878.804878048781,9434323.984733561,31894215.2070561,4878.804878048781,9434569.804404298,31894125.736012958,5854.365853658537,9434224.036863562,31893175.747502398,5854.365853658537
9434619.7783393,31894645.465789806,5366.585365853659,8.019628787430724,9434323.984733561,31894215.2070561,4878.804878048781,9434669.752274297,31895165.19556666,4878.804878048781,9434915.571945038,31895075.724523515,5854.365853658537,9434569.804404298,31894125.736012958,5854.365853658537
9434965.545880035,31895595.454300363,5366.585365853659,7.402559494651684,9434669.752274297,31895165.19556666,4878.804878048781,9435015.519815035,31896115.184077214,4878.804878048781,9435261.339485774,31896025.713034067,5854.365853658537,9434915.571945038,31895075.724523515,5854.365853658537
9435311.313420774,31896545.44281092,5366.585365853659,5.658105884398753,9435015.519815035,31896115.184077214,4878.804878048781,9435361.287355773,31897065.17258777,4878.804878048781,9435607.107026512,31896975.701544628,5854.365853658537,9435261.339485774,31896025.713034067,5854.365853658537
9415156.848188002,31840406.649644937,6342.146341463415,1.3381901195009935,9414861.054582264,31839976.390911233,5854.365853658537,9415206.822123002,31840926.379421793,5854.365853658537,9415452.64179374,31840836.908378642,6829.926829268294,9415106.874253005,31839886.91986809,6829.926829268294
9415502.61572874,31841356.638155494,6342.146341463415,1.8382944713742333,9415206.822123002,31840926.379421793,5854.365853658537,9415552.58966374,31841876.367932346,5854.365853658537,9415798.409334479,31841786.8968892,6829.926829268294,9415452.64179374,31840836.908378642,6829.926829268294
9415848.383269478,31842306.626666054,6342.146341463415,2.223363348717061,9415552.58966374,31841876.367932346,5854.365853658537,9415898.357204478,31842826.356442902,5854.365853658537,9416144.176875215,31842736.88539976,6829.926829268294,9415798.409334479,31841786.8968892,6829.926829268294
9416194.150810217,31843256.615176607,6342.146341463415,3.094296286099747,9415898.357204478,31842826.356442902,5854.365853658537,9416244.124745214,31843776.344953462,5854.365853658537,9416489.944415955,31843686.873910315,6829.926829268294,9416144.176875215,31842736.88539976,6829.926829268294
9416539.918350952,31844206.603687167,6342.146341463415,3.324035152516966,9416244.124745214,31843776.344953462,5854.365853658537,9416589.892285952,31844726.333464015,5854.365853658537,9416835.711956691,31844636.862420868,6829.926829268294,9416489.944415955,31843686.873910315,6829.926829268294
9416885.685891692,31845156.592197724,6342.146341463415,4.486506586140387,9416589.892285952,31844726.333464015,5854.365853658537,9416935.65982669,31845676.32197457,5854.365853658537,9417181.479497429,31845586.85093143,6829.926829268294,9416835.711956691,31844636.862420868,6829.926829268294
9417231.453432428,31846106.580708276,6342.146341463415,4.377887962750462,9416935.65982669,31845676.32197457,5854.365853658537,9417281.427367426,31846626.31048513,5854.365853658537,9417527.247038165,31846536.83944198,6829.926829268294,9417181.479497429,31845586.85093143,6829.926829268294
9417577.220973166,31847056.569218837,6342.146341463415,3.612289962503209,9417281.427367426,31846626.31048513,5854.365853658537,9417627.194908166,31847576.298995685,5854.365853658537,9417873.014578903,31847486.82795254,6829.926829268294,9417527.247038165,31846536.83944198,6829.926829268294
9417922.988513904,31848006.557729393,6342.146341463415,3.2035982261022804,9417627.194908166,31847576.298995685,5854.365853658537,9417972.962448902,31848526.287506245,5854.365853658537,9418218.782119641,31848436.816463098,6829.926829268294,9417873.014578903,31847486.82795254,6829.926829268294
9418268.75605464,31848956.546239946,6342.146341463415,2.656402753164161,9417972.962448902,31848526.287506245,5854.365853658537,9418318.72998964,31849476.2760168,5854.365853658537,9418564.549660379,31849386.80497365,6829.926829268294,9418218.782119641,31848436.816463098,6829.926829268294
9418614.523595378,31849906.534750506,6342.146341463415,2.448239024126817,9418318.72998964,31849476.2760168,5854.365853658537,9418664.497530377,31850426.264527354,5854.365853658537,9418910.317201117,31850336.79348421,6829.926829268294,9418564.549660379,31849386.80497365,6829.926829268294
9418960.291136114,31850856.523261063,6342.146341463415,2.6880206286553627,9418664.497530377,31850426.264527354,5854.365853658537,9419010.265071115,31851376.253037915,5854.365853658537,9419256.084741853,31851286.781994767,6829.926829268294,9418910.317201117,31850336.79348421,6829.926829268294
9419306.058676852,31851806.51177162,6342.146341463415,2.5977306215570324,9419010.265071115,31851376.253037915,5854.365853658537,9419356.03261185,31852326.241548467,5854.365853658537,9419601.852282591,31852236.77050532,6829.926829268294,9419256.084741853,31851286.781994767,6829.926829268294
9419651.826217588,31852756.500282176,6342.146341463415,2.1946882100510594,9419356.03261185,31852326.241548467,5854.365853658537,9419701.80015259,31853276.230059024,5854.365853658537,9419947.619823327,31853186.75901588,6829.926829268294,9419601.852282591,31852236.77050532,6829.926829268294
9419997.593758328,31853706.488792732,6342.146341463415,2.4993911943968357,9419701.80015259,31853276.230059024,5854.365853658537,9420047.567693327,31854226.21856958,5854.365853658537,9420293.387364065,31854136.747526433,6829.926829268294,9419947.619823327,31853186.75901588,6829.926829268294
9420343.361299064,31854656.477303285,6342.146341463415,2.8598581142925275,9420047.567693327,31854226.21856958,5854.365853658537,9420393.335234065,31855176.207080137,5854.365853658537,9420639.154904803,31855086.736036994,6829.926829268294,9420293.387364065,31854136.747526433,6829.926829268294
9420689.128839804,31855606.465813845,6342.146341463415,3.3444550383047553,9420393.335234065,31855176.207080137,5854.365853658537,9420739.102774803,31856126.195590697,5854.365853658537,9420984.922445541,31856036.72454755,6829.926829268294,9420639.154904803,31855086.736036994,6829.926829268294
9421034.89638054,31856556.454324402,6342.146341463415,3.1162763842321555,9420739.102774803,31856126.195590697,5854.365853658537,9421084.870315539,31857076.184101254,5854.365853658537,9421330.689986277,31856986.713058107,6829.926829268294,9420984.922445541,31856036.72454755,6829.926829268294
9421380.663921278,31857506.44283496,6342.146341463415,3.0836308164420054,9421084.870315539,31857076.184101254,5854.365853658537,9421430.637856277,31858026.172611807,5854.365853658537,9421676.457527015,31857936.701568663,6829.926829268294,9421330.689986277,31856986.713058107,6829.926829268294
9421726.431462016,31858456.431345515,6342.146341463415,2.908679008625607,9421430.637856277,31858026.172611807,5854.365853658537,9421776.405397015,31858976.161122367,5854.365853658537,9422022.225067753,31858886.69007922,6829.926829268294,9421676.457527015,31857936.701568663,6829.926829268294
9422072.199002752,31859406.419856075,6342.146341463415,2.2152420386332725,9421776.405397015,31858976.161122367,5854.365853658537,9422122.172937753,31859926.14963292,5854.365853658537,9422367.99260849,31859836.678589772,6829.926829268294,9422022.225067753,31858886.69007922,6829.926829268294
9422417.96654349,31860356.408366624,6342.146341463415,2.8848279040142084,9422122.172937753,31859926.14963292,5854.365853658537,9422467.940478489,31860876.138143476,5854.365853658537,9422713.760149227,31860786.667100333,6829.926829268294,9422367.99260849,31859836.678589772,6829.926829268294
9422763.734084226,31861306.396877185,6342.146341463415,3.7317416167078923,9422467.940478489,31860876.138143476,5854.365853658537,9422813.708019227,31861826.126654036,5854.365853658537,9423059.527689965,31861736.655610885,6829.926829268294,9422713.760149227,31860786.667100333,6829.926829268294
9423109.501624964,31862256.385387745,6342.146341463415,4.467512044266349,9422813.708019227,31861826.126654036,5854.365853658537,9423159.475559963,31862776.11516459,5854.365853658537,9423405.295230703,31862686.644121446,6829.926829268294,9423059.527689965,31861736.655610885,6829.926829268294
9423455.2691657,31863206.373898294,6342.146341463415,4.591050246837374,9423159.475559963,31862776.11516459,5854.365853658537,9423505.2431007,31863726.10367515,5854.365853658537,9423751.06277144,31863636.632632002,6829.926829268294,9423405.295230703,31862686.644121446,6829.926829268294
9423801.036706438,31864156.36240885,6342.146341463415,5.926031747909232,9423505.2431007,31863726.10367515,5854.365853658537,9423851.010641437,31864676.092185702,5854.365853658537,9424096.830312178,31864586.621142555,6829.926829268294,9423751.06277144,31863636.632632002,6829.926829268294
9424146.804247174,31865106.350919407,6342.146341463415,6.7184108476455515,9423851.010641437,31864676.092185702,5854.365853658537,9424196.778182177,31865626.08069626,5854.365853658537,9424442.597852914,31865536.609653115,6829.926829268294,9424096.830312178,31864586.621142555,6829.926829268294
9424492.571787914,31866056.339429963,6342.146341463415,5.5143977339074635,9424196.778182177,31865626.08069626,5854.365853658537,9424542.545722913,31866576.069206815,5854.365853658537,9424788.365393652,31866486.598163668,6829.926829268294,9424442.597852914,31865536.609653115,6829.926829268294
9424838.33932865,31867006.327940524,6342.146341463415,5.122980156799797,9424542.545722913,31866576.069206815,5854.365853658537,9424888.313263651,31867526.05771737,5854.365853658537,9425134.13293439,31867436.586674225,6829.926829268294,9424788.365393652,31866486.598163668,6829.926829268294
9425184.10686939,31867956.316451076,6342.146341463415,6.635258500547093,9424888.313263651,31867526.05771737,5854.365853658537,9425234.080804389,31868476.04622793,5854.365853658537,9425479.900475128,31868386.575184785,6829.926829268294,9425134.13293439,31867436.586674225,6829.926829268294
9425529.874410126,31868906.304961633,6342.146341463415,8.898302089060024,9425234.080804389,31868476.04622793,5854.365853658537,9425579.848345125,31869426.03473849,5854.365853658537,9425825.668015866,31869336.56369534,6829.926829268294,9425479.900475128,31868386.575184785,6829.926829268294
9425875.641950864,31869856.293472193,6342.146341463415,10.05731175509821,9425579.848345125,31869426.03473849,5854.365853658537,9425925.615885863,31870376.02324904,5854.365853658537,9426171.435556602,31870286.552205898,6829.926829268294,9425825.668015866,31869336.56369534,6829.926829268294
9426221.409491602,31870806.281982746,6342.146341463415,10.598952527271617,9425925.615885863,31870376.02324904,5854.365853658537,9426271.383426601,31871326.0117596,5854.365853658537,9426517.20309734,31871236.540716454,6829.926829268294,9426171.435556602,31870286.552205898,6829.926829268294
9426567.177032338,31871756.270493302,6342.146341463415,10.38941036873046,9426271.383426601,31871326.0117596,5854.365853658537,9426617.150967339,31872276.000270154,5854.365853658537,9426862.970638076,31872186.529227007,6829.926829268294,9426517.20309734,31871236.540716454,6829.926829268294
9426912.944573076,31872706.259003863,6342.146341463415,10.349782648084192,9426617.150967339,31872276.000270154,5854.365853658537,9426962.918508075,31873225.98878071,5854.365853658537,9427208.738178816,31873136.517737567,6829.926829268294,9426862.970638076,31872186.529227007,6829.926829268294
9427258.712113813,31873656.247514416,6342.146341463415,6.961765335878147,9426962.918508075,31873225.98878071,5854.365853658537,9427308.686048813,31874175.97729127,5854.365853658537,9427554.505719552,31874086.506248124,6829.926829268294,9427208.738178816,31873136.517737567,6829.926829268294
9427604.47965455,31874606.236024976,6342.146341463415,5.765834997635149,9427308.686048813,31874175.97729127,5854.365853658537,9427654.45358955,31875125.965801824,5854.365853658537,9427900.27326029,31875036.49475868,6829.926829268294,9427554.505719552,31874086.506248124,6829.926829268294
9427950.247195287,31875556.224535532,6342.146341463415,7.188057428976354,9427654.45358955,31875125.965801824,5854.365853658537,9428000.221130287,31876075.95431238,5854.365853658537,9428246.040801026,31875986.483269237,6829.926829268294,9427900.27326029,31875036.49475868,6829.926829268294
9428296.014736025,31876506.213046085,6342.146341463415,8.416403157336415,9428000.221130287,31876075.95431238,5854.365853658537,9428345.988671025,31877025.94282294,5854.365853658537,9428591.808341764,31876936.471779794,6829.926829268294,9428246.040801026,31875986.483269237,6829.926829268294
9428641.782276763,31877456.201556645,6342.146341463415,9.040114559501278,9428345.988671025,31877025.94282294,5854.365853658537,9428691.756211763,31877975.931333493,5854.365853658537,9428937.5758825,31877886.46029035,6829.926829268294,9428591.808341764,31876936.471779794,6829.926829268294
9428987.549817502,31878406.1900672,6342.146341463415,9.785657109784767,9428691.756211763,31877975.931333493,5854.365853658537,9429037.523752501,31878925.919844054,5854.365853658537,9429283.34342324,31878836.448800907,6829.926829268294,9428937.5758825,31877886.46029035,6829.926829268294
9429333.317358239,31879356.17857776,6342.146341463415,9.438762356675833,9429037.523752501,31878925.919844054,5854.365853658537,9429383.291293237,31879875.908354606,5854.365853658537,9429629.110963976,31879786.43731146,6829.926829268294,9429283.34342324,31878836.448800907,6829.926829268294
9429679.084898977,31880306.16708831,6342.146341463415,9.801526986158617,9429383.291293237,31879875.908354606,5854.365853658537,9429729.058833975,31880825.896865163,5854.365853658537,9429974.878504714,31880736.42582202,6829.926829268294,9429629.110963976,31879786.43731146,6829.926829268294
9430024.852439713,31881256.15559887,6342.146341463415,10.970274468623597,9429729.058833975,31880825.896865163,5854.365853658537,9430074.826374711,31881775.885375723,5854.365853658537,9430320.646045452,31881686.414332576,6829.926829268294,9429974.878504714,31880736.42582202,6829.926829268294
9430370.61998045,31882206.144109428,6342.146341463415,12.116065605828602,9430074.826374711,31881775.885375723,5854.365853658537,9430420.59391545,31882725.873886276,5854.365853658537,9430666.413586188,31882636.402843133,6829.926829268294,9430320.646045452,31881686.414332576,6829.926829268294
9430716.387521189,31883156.13261998,6342.146341463415,12.863311830982465,9430420.59391545,31882725.873886276,5854.365853658537,9430766.361456187,31883675.862396836,5854.365853658537,9431012.181126926,31883586.39135369,6829.926829268294,9430666.413586188,31882636.402843133,6829.926829268294
9431062.155061925,31884106.121130534,6342.146341463415,13.544696285541827,9430766.361456187,31883675.862396836,5854.365853658537,9431112.128996925,31884625.85090739,5854.365853658537,9431357.948667662,31884536.379864242,6829.926829268294,9431012.181126926,31883586.39135369,6829.926829268294
9431407.922602663,31885056.109641094,6342.146341463415,13.130157255257247,9431112.128996925,31884625.85090739,5854.365853658537,9431457.896537662,31885575.839417946,5854.365853658537,9431703.716208402,31885486.368374802,6829.926829268294,9431357.948667662,31884536.379864242,6829.926829268294
9431753.690143399,31886006.09815165,6342.146341463415,12.620260171984569,9431457.896537662,31885575.839417946,5854.365853658537,9431803.6640784,31886525.827928506,5854.365853658537,9432049.483749138,31886436.35688536,6829.926829268294,9431703.716208402,31885486.368374802,6829.926829268294
9432099.457684137,31886956.08666221,6342.146341463415,12.32138285994088,9431803.6640784,31886525.827928506,5854.365853658537,9432149.431619136,31887475.816439062,5854.365853658537,9432395.251289876,31887386.34539591,6829.926829268294,9432049.483749138,31886436.35688536,6829.926829268294
9432445.225224873,31887906.075172763,6342.146341463415,11.29824446919805,9432149.431619136,31887475.816439062,5854.365853658537,9432495.199159874,31888425.804949615,5854.365853658537,9432741.018830612,31888336.33390647,6829.926829268294,9432395.251289876,31887386.34539591,6829.926829268294
9432790.992765611,31888856.06368332,6342.146341463415,10.27484086389997,9432495.199159874,31888425.804949615,5854.365853658537,9432840.966700613,31889375.793460175,5854.365853658537,9433086.78637135,31889286.32241703,6829.926829268294,9432741.018830612,31888336.33390647,6829.926829268294
9433136.76030635,31889806.052193876,6342.146341463415,10.763584813669677,9432840.966700613,31889375.793460175,5854.365853658537,9433186.73424135,31890325.78197073,5854.365853658537,9433432.553912086,31890236.310927585,6829.926829268294,9433086.78637135,31889286.32241703,6829.926829268294
9433482.527847089,31890756.040704433,6342.146341463415,11.730736697570435,9433186.73424135,31890325.78197073,5854.365853658537,9433532.501782088,31891275.77048129,5854.365853658537,9433778.321452826,31891186.29943814,6829.926829268294,9433432.553912086,31890236.310927585,6829.926829268294
9433828.295387825,31891706.02921499,6342.146341463415,11.918036890570615,9433532.501782088,31891275.77048129,5854.365853658537,9433878.269322824,31892225.75899184,5854.365853658537,9434124.088993564,31892136.287948694,6829.926829268294,9433778.321452826,31891186.29943814,6829.926829268294
9434174.062928563,31892656.017725546,6342.146341463415,11.1062041812303,9433878.269322824,31892225.75899184,5854.365853658537,9434224.036863562,31893175.747502398,5854.365853658537,9434469.8565343,31893086.276459254,6829.926829268294,9434124.088993564,31892136.287948694,6829.926829268294
9434519.8304693,31893606.006236102,6342.146341463415,10.435825764301303,9434224.036863562,31893175.747502398,5854.365853658537,9434569.804404298,31894125.736012958,5854.365853658537,9434815.624075038,31894036.26496981,6829.926829268294,9434469.8565343,31893086.276459254,6829.926829268294
9434865.598010037,31894555.994746663,6342.146341463415,9.178522631775275,9434569.804404298,31894125.736012958,5854.365853658537,9434915.571945038,31895075.724523515,5854.365853658537,9435161.391615774,31894986.253480367,6829.926829268294,9434815.624075038,31894036.26496981,6829.926829268294
9435211.365550775,31895505.983257215,6342.146341463415,8.672155427320932,9434915.571945038,31895075.724523515,5854.365853658537,9435261.339485774,31896025.713034067,5854.365853658537,9435507.159156512,31895936.241990924,6829.926829268294,9435161.391615774,31894986.253480367,6829.926829268294
9435557.133091511,31896455.971767772,6342.146341463415,8.138325581621825,9435261.339485774,31896025.713034067,5854.365853658537,9435607.107026512,31896975.701544628,5854.365853658537,9435852.92669725,31896886.23050148,6829.926829268294,9435507.159156512,31895936.241990924,6829.926829268294
9415402.667858742,31840317.17860179,7317.707317073172,2.2927023390184793,9415106.874253005,31839886.91986809,6829.926829268294,9415452.64179374,31840836.908378642,6829.926829268294,9415698.46146448,31840747.437335495,7805.48780487805,9415352.693923742,31839797.448824942,7805.48780487805
9415748.43539948,31841267.16711235,7317.707317073172,2.4632444438671004,9415452.64179374,31840836.908378642,6829.926829268294,9415798.409334479,31841786.8968892,6829.926829268294,9416044.229005218,31841697.425846055,7805.48780487805,9415698.46146448,31840747.437335495,7805.48780487805
9416094.202940216,31842217.155622907,7317.707317073172,3.009285211137381,9415798.409334479,31841786.8968892,6829.926829268294,9416144.176875215,31842736.88539976,6829.926829268294,9416389.996545956,31842647.41435661,7805.48780487805,9416044.229005218,31841697.425846055,7805.48780487805
9416439.970480954,31843167.144133464,7317.707317073172,3.3017813756055547,9416144.176875215,31842736.88539976,6829.926829268294,9416489.944415955,31843686.873910315,6829.926829268294,9416735.764086692,31843597.40286717,7805.48780487805,9416389.996545956,31842647.41435661,7805.48780487805
9416785.738021692,31844117.13264402,7317.707317073172,3.94680288275542,9416489.944415955,31843686.873910315,6829.926829268294,9416835.711956691,31844636.862420868,6829.926829268294,9417081.53162743,31844547.391377725,7805.48780487805,9416735.764086692,31843597.40286717,7805.48780487805
9417131.505562428,31845067.121154577,7317.707317073172,3.9536654578462342,9416835.711956691,31844636.862420868,6829.926829268294,9417181.479497429,31845586.85093143,6829.926829268294,9417427.299168166,31845497.37988828,7805.48780487805,9417081.53162743,31844547.391377725,7805.48780487805
9417477.273103166,31846017.109665133,7317.707317073172,3.7604126657513897,9417181.479497429,31845586.85093143,6829.926829268294,9417527.247038165,31846536.83944198,6829.926829268294,9417773.066708904,31846447.368398838,7805.48780487805,9417427.299168166,31845497.37988828,7805.48780487805
9417823.040643902,31846967.09817569,7317.707317073172,3.654467162786952,9417527.247038165,31846536.83944198,6829.926829268294,9417873.014578903,31847486.82795254,6829.926829268294,9418118.834249642,31847397.356909394,7805.48780487805,9417773.066708904,31846447.368398838,7805.48780487805
9418168.80818464,31847917.086686246,7317.707317073172,3.3080322901912065,9417873.014578903,31847486.82795254,6829.926829268294,9418218.782119641,31848436.816463098,6829.926829268294,9418464.60179038,31848347.34541995,7805.48780487805,9418118.834249642,31847397.356909394,7805.48780487805
9418514.575725378,31848867.075196803,7317.707317073172,3.412077968002127,9418218.782119641,31848436.816463098,6829.926829268294,9418564.549660379,31849386.80497365,6829.926829268294,9418810.369331118,31849297.333930507,7805.48780487805,9418464.60179038,31848347.34541995,7805.48780487805
9418860.343266116,31849817.06370736,7317.707317073172,3.6139962225503752,9418564.549660379,31849386.80497365,6829.926829268294,9418910.317201117,31850336.79348421,6829.926829268294,9419156.136871854,31850247.322441064,7805.48780487805,9418810.369331118,31849297.333930507,7805.48780487805
9419206.110806854,31850767.05221792,7317.707317073172,3.363174271627801,9418910.317201117,31850336.79348421,6829.926829268294,9419256.084741853,31851286.781994767,6829.926829268294,9419501.904412592,31851197.31095162,7805.48780487805,9419156.136871854,31850247.322441064,7805.48780487805
9419551.87834759,31851717.040728472,7317.707317073172,3.145386058535342,9419256.084741853,31851286.781994767,6829.926829268294,9419601.852282591,31852236.77050532,6829.926829268294,9419847.671953328,31852147.299462177,7805.48780487805,9419501.904412592,31851197.31095162,7805.48780487805
9419897.645888329,31852667.02923903,7317.707317073172,3.208873053004195,9419601.852282591,31852236.77050532,6829.926829268294,9419947.619823327,31853186.75901588,6829.926829268294,9420193.439494068,31853097.287972733,7805.48780487805,9419847.671953328,31852147.299462177,7805.48780487805
9420243.413429067,31853617.01774959,7317.707317073172,3.1939867919100364,9419947.619823327,31853186.75901588,6829.926829268294,9420293.387364065,31854136.747526433,6829.926829268294,9420539.207034804,31854047.27648329,7805.48780487805,9420193.439494068,31853097.287972733,7805.48780487805
9420589.180969805,31854567.006260138,7317.707317073172,2.725393837521908,9420293.387364065,31854136.747526433,6829.926829268294,9420639.154904803,31855086.736036994,6829.926829268294,9420884.974575542,31854997.264993846,7805.48780487805,9420539.207034804,31854047.27648329,7805.48780487805
9420934.94851054,31855516.9947707,7317.707317073172,3.024840819521581,9420639.154904803,31855086.736036994,6829.926829268294,9420984.922445541,31856036.72454755,6829.926829268294,9421230.742116278,31855947.253504403,7805.48780487805,9420884.974575542,31854997.264993846,7805.48780487805
9421280.716051279,31856466.98328126,7317.707317073172,3.20859267676155,9420984.922445541,31856036.72454755,6829.926829268294,9421330.689986277,31856986.713058107,6829.926829268294,9421576.509657018,31856897.24201496,7805.48780487805,9421230.742116278,31855947.253504403,7805.48780487805
9421626.483592015,31857416.971791808,7317.707317073172,3.137316111475277,9421330.689986277,31856986.713058107,6829.926829268294,9421676.457527015,31857936.701568663,6829.926829268294,9421922.277197754,31857847.230525516,7805.48780487805,9421576.509657018,31856897.24201496,7805.48780487805
9421972.251132753,31858366.96030237,7317.707317073172,3.4906344215256113,9421676.457527015,31857936.701568663,6829.926829268294,9422022.225067753,31858886.69007922,6829.926829268294,9422268.044738492,31858797.219036072,7805.48780487805,9421922.277197754,31857847.230525516,7805.48780487805
9422318.01867349,31859316.948812928,7317.707317073172,3.3375545987558835,9422022.225067753,31858886.69007922,6829.926829268294,9422367.99260849,31859836.678589772,6829.926829268294,9422613.812279228,31859747.20754663,7805.48780487805,9422268.044738492,31858797.219036072,7805.48780487805
9422663.786214227,31860266.937323477,7317.707317073172,4.5328816704016734,9422367.99260849,31859836.678589772,6829.926829268294,9422713.760149227,31860786.667100333,6829.926829268294,9422959.579819966,31860697.196057186,7805.48780487805,9422613.812279228,31859747.20754663,7805.48780487805
9423009.553754965,31861216.925834037,7317.707317073172,4.994979168584402,9422713.760149227,31860786.667100333,6829.926829268294,9423059.527689965,31861736.655610885,6829.926829268294,9423305.347360704,31861647.184567742,7805.48780487805,9422959.579819966,31860697.196057186,7805.48780487805
9423355.321295703,31862166.91434459,7317.707317073172,4.519675813262119,9423059.527689965,31861736.655610885,6829.926829268294,9423405.295230703,31862686.644121446,6829.926829268294,9423651.11490144,31862597.1730783,7805.48780487805,9423305.347360704,31861647.184567742,7805.48780487805
9423701.08883644,31863116.902855147,7317.707317073172,6.040412666199491,9423405.295230703,31862686.644121446,6829.926829268294,9423751.06277144,31863636.632632002,6829.926829268294,9423996.88244218,31863547.161588855,7805.48780487805,9423651.11490144,31862597.1730783,7805.48780487805
9424046.856377179,31864066.891365707,7317.707317073172,6.304565544249914,9423751.06277144,31863636.632632002,6829.926829268294,9424096.830312178,31864586.621142555,6829.926829268294,9424342.649982916,31864497.15009941,7805.48780487805,9423996.88244218,31863547.161588855,7805.48780487805
9424392.623917915,31865016.87987626,7317.707317073172,7.943338323760804,9424096.830312178,31864586.621142555,6829.926829268294,9424442.597852914,31865536.609653115,6829.926829268294,9424688.417523654,31865447.138609968,7805.48780487805,9424342.649982916,31864497.15009941,7805.48780487805
9424738.391458653,31865966.86838682,7317.707317073172,8.563575972202385,9424442.597852914,31865536.609653115,6829.926829268294,9424788.365393652,31866486.598163668,6829.926829268294,9425034.18506439,31866397.127120525,7805.48780487805,9424688.417523654,31865447.138609968,7805.48780487805
9425084.15899939,31866916.856897376,7317.707317073172,7.124601920879912,9424788.365393652,31866486.598163668,6829.926829268294,9425134.13293439,31867436.586674225,6829.926829268294,9425379.952605128,31867347.11563108,7805.48780487805,9425034.18506439,31866397.127120525,7805.48780487805
9425429.926540127,31867866.84540793,7317.707317073172,8.17198835563162,9425134.13293439,31867436.586674225,6829.926829268294,9425479.900475128,31868386.575184785,6829.926829268294,9425725.720145864,31868297.104141638,7805.48780487805,9425379.952605128,31867347.11563108,7805.48780487805
9425775.694080865,31868816.83391849,7317.707317073172,10.546707186668682,9425479.900475128,31868386.575184785,6829.926829268294,9425825.668015866,31869336.56369534,6829.926829268294,9426071.487686604,31869247.092652198,7805.48780487805,9425725.720145864,31868297.104141638,7805.48780487805
9426121.461621601,31869766.822429046,7317.707317073172,11.329963785057544,9425825.668015866,31869336.56369534,6829.926829268294,9426171.435556602,31870286.552205898,6829.926829268294,9426417.25522734,31870197.08116275,7805.48780487805,9426071.487686604,31869247.092652198,7805.48780487805
9426467.22916234,31870716.810939603,7317.707317073172,11.377667597041993,9426171.435556602,31870286.552205898,6829.926829268294,9426517.20309734,31871236.540716454,6829.926829268294,9426763.022768078,31871147.069673307,7805.48780487805,9426417.25522734,31870197.08116275,7805.48780487805
9426812.996703077,31871666.79945016,7317.707317073172,12.686110626779573,9426517.20309734,31871236.540716454,6829.926829268294,9426862.970638076,31872186.529227007,6829.926829268294,9427108.790308816,31872097.058183864,7805.48780487805,9426763.022768078,31871147.069673307,7805.48780487805
9427158.764243813,31872616.787960716,7317.707317073172,12.316937328885473,9426862.970638076,31872186.529227007,6829.926829268294,9427208.738178816,31873136.517737567,6829.926829268294,9427454.557849552,31873047.04669442,7805.48780487805,9427108.790308816,31872097.058183864,7805.48780487805
9427504.531784553,31873566.776471272,7317.707317073172,9.956067813642452,9427208.738178816,31873136.517737567,6829.926829268294,9427554.505719552,31874086.506248124,6829.926829268294,9427800.32539029,31873997.035204977,7805.48780487805,9427454.557849552,31873047.04669442,7805.48780487805
9427850.299325291,31874516.76498183,7317.707317073172,7.3836665976878875,9427554.505719552,31874086.506248124,6829.926829268294,9427900.27326029,31875036.49475868,6829.926829268294,9428146.092931028,31874947.023715533,7805.48780487805,9427800.32539029,31873997.035204977,7805.48780487805
9428196.066866027,31875466.753492385,7317.707317073172,7.943162387957902,9427900.27326029,31875036.49475868,6829.926829268294,9428246.040801026,31875986.483269237,6829.926829268294,9428491.860471766,31875897.01222609,7805.48780487805,9428146.092931028,31874947.023715533,7805.48780487805
9428541.834406765,31876416.74200294,7317.707317073172,8.327212083182525,9428246.040801026,31875986.483269237,6829.926829268294,9428591.808341764,31876936.471779794,6829.926829268294,9428837.628012503,31876847.00073665,7805.48780487805,9428491.860471766,31875897.01222609,7805.48780487805
9428887.601947501,31877366.7305135,7317.707317073172,8.600834519047174,9428591.808341764,31876936.471779794,6829.926829268294,9428937.5758825,31877886.46029035,6829.926829268294,9429183.39555324,31877796.989247203,7805.48780487805,9428837.628012503,31876847.00073665,7805.48780487805
9429233.36948824,31878316.719024055,7317.707317073172,9.667319831159071,9428937.5758825,31877886.46029035,6829.926829268294,9429283.34342324,31878836.448800907,6829.926829268294,9429529.163093977,31878746.97775776,7805.48780487805,9429183.39555324,31877796.989247203,7805.48780487805
9429579.137028977,31879266.70753461,7317.707317073172,10.373413028292836,9429283.34342324,31878836.448800907,6829.926829268294,9429629.110963976,31879786.43731146,6829.926829268294,9429874.930634715,31879696.966268316,7805.48780487805,9429529.163093977,31878746.97775776,7805.48780487805
9429924.904569713,31880216.696045164,7317.707317073172,10.319032599334077,9429629.110963976,31879786.43731146,6829.926829268294,9429974.878504714,31880736.42582202,6829.926829268294,9430220.69817545,31880646.954778872,7805.48780487805,9429874.930634715,31879696.966268316,7805.48780487805
9430270.672110451,31881166.684555728,7317.707317073172,10.138162166754576,9429974.878504714,31880736.42582202,6829.926829268294,9430320.646045452,31881686.414332576,6829.926829268294,9430566.46571619,31881596.94328943,7805.48780487805,9430220.69817545,31880646.954778872,7805.48780487805
9430616.43965119,31882116.67306628,7317.707317073172,11.681856311579326,9430320.646045452,31881686.414332576,6829.926829268294,9430666.413586188,31882636.402843133,6829.926829268294,9430912.233256929,31882546.931799985,7805.48780487805,9430566.46571619,31881596.94328943,7805.48780487805
9430962.207191925,31883066.661576834,7317.707317073172,14.050043978109501,9430666.413586188,31882636.402843133,6829.926829268294,9431012.181126926,31883586.39135369,6829.926829268294,9431258.000797665,31883496.920310542,7805.48780487805,9430912.233256929,31882546.931799985,7805.48780487805
9431307.974732663,31884016.65008739,7317.707317073172,14.913862783544008,9431012.181126926,31883586.39135369,6829.926829268294,9431357.948667662,31884536.379864242,6829.926829268294,9431603.768338403,31884446.9088211,7805.48780487805,9431258.000797665,31883496.920310542,7805.48780487805
9431653.7422734,31884966.638597947,7317.707317073172,14.214252021019666,9431357.948667662,31884536.379864242,6829.926829268294,9431703.716208402,31885486.368374802,6829.926829268294,9431949.535879139,31885396.897331655,7805.48780487805,9431603.768338403,31884446.9088211,7805.48780487805
9431999.50981414,31885916.627108507,7317.707317073172,13.084043939626444,9431703.716208402,31885486.368374802,6829.926829268294,9432049.483749138,31886436.35688536,6829.926829268294,9432295.303419877,31886346.88584221,7805.48780487805,9431949.535879139,31885396.897331655,7805.48780487805
9432345.277354877,31886866.61561906,7317.707317073172,14.483102068783616,9432049.483749138,31886436.35688536,6829.926829268294,9432395.251289876,31887386.34539591,6829.926829268294,9432641.070960615,31887296.874352768,7805.48780487805,9432295.303419877,31886346.88584221,7805.48780487805
9432691.044895614,31887816.604129616,7317.707317073172,14.153539200937463,9432395.251289876,31887386.34539591,6829.926829268294,9432741.018830612,31888336.33390647,6829.926829268294,9432986.838501353,31888246.862863325,7805.48780487805,9432641.070960615,31887296.874352768,7805.48780487805
9433036.812436352,31888766.592640176,7317.707317073172,10.258525752039063,9432741.018830612,31888336.33390647,6829.926829268294,9433086.78637135,31889286.32241703,6829.926829268294,9433332.606042089,31889196.85137388,7805.48780487805,9432986.838501353,31888246.862863325,7805.48780487805
9433382.579977088,31889716.58115073,7317.707317073172,11.104528373815143,9433086.78637135,31889286.32241703,6829.926829268294,9433432.553912086,31890236.310927585,6829.926829268294,9433678.373582827,31890146.839884438,7805.48780487805,9433332.606042089,31889196.85137388,7805.48780487805
9433728.347517826,31890666.569661286,7317.707317073172,11.579743868760774,9433432.553912086,31890236.310927585,6829.926829268294,9433778.321452826,31891186.29943814,6829.926829268294,9434024.141123563,31891096.828394994,7805.48780487805,9433678.373582827,31890146.839884438,7805.48780487805
9434074.115058564,31891616.558171846,7317.707317073172,12.591028227201786,9433778.321452826,31891186.29943814,6829.926829268294,9434124.088993564,31892136.287948694,6829.926829268294,9434369.908664301,31892046.81690555,7805.48780487805,9434024.141123563,31891096.828394994,7805.48780487805
9434419.882599302,31892566.5466824,7317.707317073172,12.614604633950373,9434124.088993564,31892136.287948694,6829.926829268294,9434469.8565343,31893086.276459254,6829.926829268294,9434715.676205039,31892996.805416107,7805.48780487805,9434369.908664301,31892046.81690555,7805.48780487805
9434765.650140038,31893516.53519296,7317.707317073172,10.326200954078935,9434469.8565343,31893086.276459254,6829.926829268294,9434815.624075038,31894036.26496981,6829.926829268294,9435061.443745777,31893946.793926664,7805.48780487805,9434715.676205039,31892996.805416107,7805.48780487805
9435111.417680776,31894466.523703516,7317.707317073172,9.569718126883412,9434815.624075038,31894036.26496981,6829.926829268294,9435161.391615774,31894986.253480367,6829.926829268294,9435407.211286515,31894896.78243722,7805.48780487805,9435061.443745777,31893946.793926664,7805.48780487805
9435457.185221512,31895416.51221407,7317.707317073172,7.1373713727972845,9435161.391615774,31894986.253480367,6829.926829268294,9435507.159156512,31895936.241990924,6829.926829268294,9435752.978827251,31895846.770947777,7805.48780487805,9435407.211286515,31894896.78243722,7805.48780487805
9435802.95276225,31896366.50072463,7317.707317073172,8.556048600808527,9435507.159156512,31895936.241990924,6829.926829268294,9435852.92669725,31896886.23050148,6829.926829268294,9436098.74636799,31896796.759458337,7805.48780487805,9435752.978827251,31895846.770947777,7805.48780487805
9415648.487529483,31840227.707558647,8293.268292682927,2.3645457033151063,9415352.693923742,31839797.448824942,7805.48780487805,9415698.46146448,31840747.437335495,7805.48780487805,9415944.281135222,31840657.96629235,8781.048780487805,9415598.513594484,31839707.977781795,8781.048780487805
9415994.25507022,31841177.696069203,8293.268292682927,2.872157234889599,9415698.46146448,31840747.437335495,7805.48780487805,9416044.229005218,31841697.425846055,7805.48780487805,9416290.04867596,31841607.954802908,8781.048780487805,9415944.281135222,31840657.96629235,8781.048780487805
9416340.022610957,31842127.684579764,8293.268292682927,3.297424585386974,9416044.229005218,31841697.425846055,7805.48780487805,9416389.996545956,31842647.41435661,7805.48780487805,9416635.816216696,31842557.94331346,8781.048780487805,9416290.04867596,31841607.954802908,8781.048780487805
9416685.790151695,31843077.673090316,8293.268292682927,3.538739173600206,9416389.996545956,31842647.41435661,7805.48780487805,9416735.764086692,31843597.40286717,7805.48780487805,9416981.583757436,31843507.93182402,8781.048780487805,9416635.816216696,31842557.94331346,8781.048780487805
9417031.557692433,31844027.661600873,8293.268292682927,3.984345271355084,9416735.764086692,31843597.40286717,7805.48780487805,9417081.53162743,31844547.391377725,7805.48780487805,9417327.351298172,31844457.920334578,8781.048780487805,9416981.583757436,31843507.93182402,8781.048780487805
9417377.32523317,31844977.650111433,8293.268292682927,4.263884558882785,9417081.53162743,31844547.391377725,7805.48780487805,9417427.299168166,31845497.37988828,7805.48780487805,9417673.11883891,31845407.908845134,8781.048780487805,9417327.351298172,31844457.920334578,8781.048780487805
9417723.092773907,31845927.638621982,8293.268292682927,4.151665946228843,9417427.299168166,31845497.37988828,7805.48780487805,9417773.066708904,31846447.368398838,7805.48780487805,9418018.886379646,31846357.89735569,8781.048780487805,9417673.11883891,31845407.908845134,8781.048780487805
9418068.860314645,31846877.627132542,8293.268292682927,4.176180761486546,9417773.066708904,31846447.368398838,7805.48780487805,9418118.834249642,31847397.356909394,7805.48780487805,9418364.653920384,31847307.885866247,8781.048780487805,9418018.886379646,31846357.89735569,8781.048780487805
9418414.627855381,31847827.615643103,8293.268292682927,4.3374778945572015,9418118.834249642,31847397.356909394,7805.48780487805,9418464.60179038,31848347.34541995,7805.48780487805,9418710.42146112,31848257.874376804,8781.048780487805,9418364.653920384,31847307.885866247,8781.048780487805
9418760.395396119,31848777.60415365,8293.268292682927,4.125799788537153,9418464.60179038,31848347.34541995,7805.48780487805,9418810.369331118,31849297.333930507,7805.48780487805,9419056.18900186,31849207.86288736,8781.048780487805,9418710.42146112,31848257.874376804,8781.048780487805
9419106.162936855,31849727.592664216,8293.268292682927,3.536433098009585,9418810.369331118,31849297.333930507,7805.48780487805,9419156.136871854,31850247.322441064,7805.48780487805,9419401.956542596,31850157.851397913,8781.048780487805,9419056.18900186,31849207.86288736,8781.048780487805
9419451.930477595,31850677.581174772,8293.268292682927,3.2691916135736623,9419156.136871854,31850247.322441064,7805.48780487805,9419501.904412592,31851197.31095162,7805.48780487805,9419747.724083334,31851107.839908473,8781.048780487805,9419401.956542596,31850157.851397913,8781.048780487805
9419797.698018331,31851627.56968532,8293.268292682927,3.46429622582187,9419501.904412592,31851197.31095162,7805.48780487805,9419847.671953328,31852147.299462177,7805.48780487805,9420093.49162407,31852057.82841903,8781.048780487805,9419747.724083334,31851107.839908473,8781.048780487805
9420143.465559069,31852577.558195885,8293.268292682927,3.5826800454478143,9419847.671953328,31852147.299462177,7805.48780487805,9420193.439494068,31853097.287972733,7805.48780487805,9420439.259164808,31853007.81692959,8781.048780487805,9420093.49162407,31852057.82841903,8781.048780487805
9420489.233099807,31853527.54670644,8293.268292682927,3.2057747783370316,9420193.439494068,31853097.287972733,7805.48780487805,9420539.207034804,31854047.27648329,7805.48780487805,9420785.026705546,31853957.805440143,8781.048780487805,9420439.259164808,31853007.81692959,8781.048780487805
9420835.000640543,31854477.53521699,8293.268292682927,3.396888784395561,9420539.207034804,31854047.27648329,7805.48780487805,9420884.974575542,31854997.264993846,7805.48780487805,9421130.794246284,31854907.7939507,8781.048780487805,9420785.026705546,31853957.805440143,8781.048780487805
9421180.768181283,31855427.523727555,8293.268292682927,3.9466305384592277,9420884.974575542,31854997.264993846,7805.48780487805,9421230.742116278,31855947.253504403,7805.48780487805,9421476.561787022,31855857.782461256,8781.048780487805,9421130.794246284,31854907.7939507,8781.048780487805
9421526.53572202,31856377.51223811,8293.268292682927,4.457525878620445,9421230.742116278,31855947.253504403,7805.48780487805,9421576.509657018,31856897.24201496,7805.48780487805,9421822.329327758,31856807.770971812,8781.048780487805,9421476.561787022,31855857.782461256,8781.048780487805
9421872.303262757,31857327.500748664,8293.268292682927,4.410559202788824,9421576.509657018,31856897.24201496,7805.48780487805,9421922.277197754,31857847.230525516,7805.48780487805,9422168.096868496,31857757.75948237,8781.048780487805,9421822.329327758,31856807.770971812,8781.048780487805
9422218.070803493,31858277.48925922,8293.268292682927,4.9872552627156175,9421922.277197754,31857847.230525516,7805.48780487805,9422268.044738492,31858797.219036072,7805.48780487805,9422513.864409233,31858707.747992925,8781.048780487805,9422168.096868496,31857757.75948237,8781.048780487805
9422563.838344231,31859227.47776978,8293.268292682927,5.730960575783023,9422268.044738492,31858797.219036072,7805.48780487805,9422613.812279228,31859747.20754663,7805.48780487805,9422859.63194997,31859657.736503482,8781.048780487805,9422513.864409233,31858707.747992925,8781.048780487805
9422909.605884967,31860177.466280334,8293.268292682927,6.62628333855714,9422613.812279228,31859747.20754663,7805.48780487805,9422959.579819966,31860697.196057186,7805.48780487805,9423205.399490707,31860607.72501404,8781.048780487805,9422859.63194997,31859657.736503482,8781.048780487805
9423255.373425705,31861127.45479089,8293.268292682927,5.897430155377974,9422959.579819966,31860697.196057186,7805.48780487805,9423305.347360704,31861647.184567742,7805.48780487805,9423551.167031446,31861557.713524595,8781.048780487805,9423205.399490707,31860607.72501404,8781.048780487805
9423601.140966443,31862077.443301447,8293.268292682927,6.504888787566591,9423305.347360704,31861647.184567742,7805.48780487805,9423651.11490144,31862597.1730783,7805.48780487805,9423896.934572183,31862507.702035148,8781.048780487805,9423551.167031446,31861557.713524595,8781.048780487805
9423946.908507181,31863027.431812003,8293.268292682927,8.960145859299262,9423651.11490144,31862597.1730783,7805.48780487805,9423996.88244218,31863547.161588855,7805.48780487805,9424242.70211292,31863457.690545708,8781.048780487805,9423896.934572183,31862507.702035148,8781.048780487805
9424292.67604792,31863977.42032256,8293.268292682927,8.800625133430808,9423996.88244218,31863547.161588855,7805.48780487805,9424342.649982916,31864497.15009941,7805.48780487805,9424588.469653659,31864407.679056264,8781.048780487805,9424242.70211292,31863457.690545708,8781.048780487805
9424638.443588655,31864927.408833116,8293.268292682927,10.568628919087537,9424342.649982916,31864497.15009941,7805.48780487805,9424688.417523654,31865447.138609968,7805.48780487805,9424934.237194395,31865357.66756682,8781.048780487805,9424588.469653659,31864407.679056264,8781.048780487805
9424984.211129393,31865877.397343673,8293.268292682927,8.492994069832308,9424688.417523654,31865447.138609968,7805.48780487805,9425034.18506439,31866397.127120525,7805.48780487805,9425280.004735133,31866307.656077377,8781.048780487805,9424934.237194395,31865357.66756682,8781.048780487805
9425329.97867013,31866827.38585423,8293.268292682927,9.017954548014945,9425034.18506439,31866397.127120525,7805.48780487805,9425379.952605128,31867347.11563108,7805.48780487805,9425625.77227587,31867257.644587934,8781.048780487805,9425280.004735133,31866307.656077377,8781.048780487805
9425675.74621087,31867777.374364786,8293.268292682927,11.110709201084962,9425379.952605128,31867347.11563108,7805.48780487805,9425725.720145864,31868297.104141638,7805.48780487805,9425971.539816609,31868207.63309849,8781.048780487805,9425625.77227587,31867257.644587934,8781.048780487805
9426021.513751606,31868727.362875342,8293.268292682927,11.655935547452334,9425725.720145864,31868297.104141638,7805.48780487805,9426071.487686604,31869247.092652198,7805.48780487805,9426317.307357345,31869157.621609047,8781.048780487805,9425971.539816609,31868207.63309849,8781.048780487805
9426367.281292344,31869677.3513859,8293.268292682927,12.627392483782979,9426071.487686604,31869247.092652198,7805.48780487805,9426417.25522734,31870197.08116275,7805.48780487805,9426663.074898083,31870107.610119604,8781.048780487805,9426317.307357345,31869157.621609047,8781.048780487805
9426713.04883308,31870627.339896455,8293.268292682927,11.94952783487572,9426417.25522734,31870197.08116275,7805.48780487805,9426763.022768078,31871147.069673307,7805.48780487805,9427008.842438819,31871057.59863016,8781.048780487805,9426663.074898083,31870107.610119604,8781.048780487805
9427058.816373818,31871577.328407012,8293.268292682927,12.70173751528432,9426763.022768078,31871147.069673307,7805.48780487805,9427108.790308816,31872097.058183864,7805.48780487805,9427354.609979557,31872007.587140717,8781.048780487805,9427008.842438819,31871057.59863016,8781.048780487805
9427404.583914556,31872527.316917572,8293.268292682927,11.08927883294614,9427108.790308816,31872097.058183864,7805.48780487805,9427454.557849552,31873047.04669442,7805.48780487805,9427700.377520295,31872957.575651273,8781.048780487805,9427354.609979557,31872007.587140717,8781.048780487805
9427750.351455294,31873477.305428125,8293.268292682927,9.994457536913357,9427454.557849552,31873047.04669442,7805.48780487805,9427800.32539029,31873997.035204977,7805.48780487805,9428046.145061033,31873907.56416183,8781.048780487805,9427700.377520295,31872957.575651273,8781.048780487805
9428096.118996032,31874427.293938678,8293.268292682927,8.76081778404646,9427800.32539029,31873997.035204977,7805.48780487805,9428146.092931028,31874947.023715533,7805.48780487805,9428391.91260177,31874857.552672386,8781.048780487805,9428046.145061033,31873907.56416183,8781.048780487805
9428441.886536768,31875377.28244924,8293.268292682927,9.442785298402345,9428146.092931028,31874947.023715533,7805.48780487805,9428491.860471766,31875897.01222609,7805.48780487805,9428737.680142507,31875807.541182943,8781.048780487805,9428391.91260177,31874857.552672386,8781.048780487805
9428787.654077506,31876327.27095979,8293.268292682927,7.3731573938486665,9428491.860471766,31875897.01222609,7805.48780487805,9428837.628012503,31876847.00073665,7805.48780487805,9429083.447683245,31876757.5296935,8781.048780487805,9428737.680142507,31875807.541182943,8781.048780487805
9429133.421618242,31877277.25947035,8293.268292682927,9.32581501240242,9428837.628012503,31876847.00073665,7805.48780487805,9429183.39555324,31877796.989247203,7805.48780487805,9429429.215223981,31877707.518204056,8781.048780487805,9429083.447683245,31876757.5296935,8781.048780487805
9429479.18915898,31878227.24798091,8293.268292682927,11.55213579390987,9429183.39555324,31877796.989247203,7805.48780487805,9429529.163093977,31878746.97775776,7805.48780487805,9429774.98276472,31878657.506714612,8781.048780487805,9429429.215223981,31877707.518204056,8781.048780487805
9429824.956699718,31879177.23649146,8293.268292682927,11.153623696643475,9429529.163093977,31878746.97775776,7805.48780487805,9429874.930634715,31879696.966268316,7805.48780487805,9430120.750305457,31879607.49522517,8781.048780487805,9429774.98276472,31878657.506714612,8781.048780487805
9430170.724240456,31880127.22500202,8293.268292682927,12.613041916386225,9429874.930634715,31879696.966268316,7805.48780487805,9430220.69817545,31880646.954778872,7805.48780487805,9430466.517846195,31880557.483735725,8781.048780487805,9430120.750305457,31879607.49522517,8781.048780487805
9430516.491781192,31881077.21351258,8293.268292682927,13.071279537375938,9430220.69817545,31880646.954778872,7805.48780487805,9430566.46571619,31881596.94328943,7805.48780487805,9430812.285386931,31881507.47224628,8781.048780487805,9430466.517846195,31880557.483735725,8781.048780487805
9430862.25932193,31882027.20202313,8293.268292682927,14.360516129715416,9430566.46571619,31881596.94328943,7805.48780487805,9430912.233256929,31882546.931799985,7805.48780487805,9431158.05292767,31882457.46075684,8781.048780487805,9430812.285386931,31881507.47224628,8781.048780487805
9431208.026862666,31882977.19053369,8293.268292682927,15.391663209832958,9430912.233256929,31882546.931799985,7805.48780487805,9431258.000797665,31883496.920310542,7805.48780487805,9431503.820468405,31883407.449267395,8781.048780487805,9431158.05292767,31882457.46075684,8781.048780487805
9431553.794403404,31883927.179044243,8293.268292682927,15.372510508293386,9431258.000797665,31883496.920310542,7805.48780487805,9431603.768338403,31884446.9088211,7805.48780487805,9431849.588009143,31884357.43777795,8781.048780487805,9431503.820468405,31883407.449267395,8781.048780487805
9431899.561944142,31884877.167554803,8293.268292682927,14.346409178414081,9431603.768338403,31884446.9088211,7805.48780487805,9431949.535879139,31885396.897331655,7805.48780487805,9432195.355549881,31885307.426288508,8781.048780487805,9431849.588009143,31884357.43777795,8781.048780487805
9432245.32948488,31885827.15606536,8293.268292682927,13.998965930518608,9431949.535879139,31885396.897331655,7805.48780487805,9432295.303419877,31886346.88584221,7805.48780487805,9432541.12309062,31886257.414799064,8781.048780487805,9432195.355549881,31885307.426288508,8781.048780487805
9432591.097025618,31886777.144575913,8293.268292682927,12.909881747131836,9432295.303419877,31886346.88584221,7805.48780487805,9432641.070960615,31887296.874352768,7805.48780487805,9432886.890631357,31887207.40330962,8781.048780487805,9432541.12309062,31886257.414799064,8781.048780487805
9432936.864566354,31887727.133086473,8293.268292682927,11.475035718973832,9432641.070960615,31887296.874352768,7805.48780487805,9432986.838501353,31888246.862863325,7805.48780487805,9433232.658172093,31888157.391820177,8781.048780487805,9432886.890631357,31887207.40330962,8781.048780487805
9433282.632107092,31888677.12159703,8293.268292682927,9.963325009690099,9432986.838501353,31888246.862863325,7805.48780487805,9433332.606042089,31889196.85137388,7805.48780487805,9433578.425712831,31889107.380330734,8781.048780487805,9433232.658172093,31888157.391820177,8781.048780487805
9433628.399647828,31889627.110107582,8293.268292682927,10.1825135642282,9433332.606042089,31889196.85137388,7805.48780487805,9433678.373582827,31890146.839884438,7805.48780487805,9433924.193253567,31890057.36884129,8781.048780487805,9433578.425712831,31889107.380330734,8781.048780487805
9433974.167188566,31890577.098618142,8293.268292682927,10.703315526844401,9433678.373582827,31890146.839884438,7805.48780487805,9434024.141123563,31891096.828394994,7805.48780487805,9434269.960794307,31891007.35735185,8781.048780487805,9433924.193253567,31890057.36884129,8781.048780487805
9434319.934729304,31891527.0871287,8293.268292682927,10.041960716542597,9434024.141123563,31891096.828394994,7805.48780487805,9434369.908664301,31892046.81690555,7805.48780487805,9434615.728335043,31891957.345862404,8781.048780487805,9434269.960794307,31891007.35735185,8781.048780487805
9434665.702270042,31892477.075639255,8293.268292682927,10.100701548777499,9434369.908664301,31892046.81690555,7805.48780487805,9434715.676205039,31892996.805416107,7805.48780487805,9434961.495875781,31892907.33437296,8781.048780487805,9434615.728335043,31891957.345862404,8781.048780487805
9435011.469810778,31893427.064149812,8293.268292682927,9.752325811862498,9434715.676205039,31892996.805416107,7805.48780487805,9435061.443745777,31893946.793926664,7805.48780487805,9435307.263416518,31893857.322883517,8781.048780487805,9434961.495875781,31892907.33437296,8781.048780487805
9435357.237351516,31894377.05266037,8293.268292682927,9.171091502867442,9435061.443745777,31893946.793926664,7805.48780487805,9435407.211286515,31894896.78243722,7805.48780487805,9435653.030957256,31894807.311394073,8781.048780487805,9435307.263416518,31893857.322883517,8781.048780487805
9435703.004892254,31895327.041170925,8293.268292682927,8.177164973703777,9435407.211286515,31894896.78243722,7805.48780487805,9435752.978827251,31895846.770947777,7805.48780487805,9435998.798497992,31895757.29990463,8781.048780487805,9435653.030957256,31894807.311394073,8781.048780487805
9436048.77243299,31896277.02968148,8293.268292682927,8.254349105252265,9435752.978827251,31895846.770947777,7805.48780487805,9436098.74636799,31896796.759458337,7805.48780487805,9436344.566038731,31896707.288415186,8781.048780487805,9435998.798497992,31895757.29990463,8781.048780487805
9415894.307200221,31840138.2365155,9268.829268292682,3.1926646858622973,9415598.513594484,31839707.977781795,8781.048780487805,9415944.281135222,31840657.96629235,8781.048780487805,9416190.10080596,31840568.495249204,9756.609756097561,9415844.333265224,31839618.50673865,9756.609756097561
9416240.07474096,31841088.22502606,9268.829268292682,3.451168955235097,9415944.281135222,31840657.96629235,8781.048780487805,9416290.04867596,31841607.954802908,8781.048780487805,9416535.868346699,31841518.48375976,9756.609756097561,9416190.10080596,31840568.495249204,9756.609756097561
9416585.842281695,31842038.213536616,9268.829268292682,4.420325762671547,9416290.04867596,31841607.954802908,8781.048780487805,9416635.816216696,31842557.94331346,8781.048780487805,9416881.635887435,31842468.472270317,9756.609756097561,9416535.868346699,31841518.48375976,9756.609756097561
9416931.609822433,31842988.202047165,9268.829268292682,4.22186587350375,9416635.816216696,31842557.94331346,8781.048780487805,9416981.583757436,31843507.93182402,8781.048780487805,9417227.403428173,31843418.460780874,9756.609756097561,9416881.635887435,31842468.472270317,9756.609756097561
9417277.377363173,31843938.19055773,9268.829268292682,3.9991072567990815,9416981.583757436,31843507.93182402,8781.048780487805,9417327.351298172,31844457.920334578,8781.048780487805,9417573.17096891,31844368.449291434,9756.609756097561,9417227.403428173,31843418.460780874,9756.609756097561
9417623.144903911,31844888.179068286,9268.829268292682,4.610716613691532,9417327.351298172,31844457.920334578,8781.048780487805,9417673.11883891,31845407.908845134,8781.048780487805,9417918.938509649,31845318.437801987,9756.609756097561,9417573.17096891,31844368.449291434,9756.609756097561
9417968.912444647,31845838.167578835,9268.829268292682,5.885580891284345,9417673.11883891,31845407.908845134,8781.048780487805,9418018.886379646,31846357.89735569,8781.048780487805,9418264.706050387,31846268.426312543,9756.609756097561,9417918.938509649,31845318.437801987,9756.609756097561
9418314.679985385,31846788.1560894,9268.829268292682,6.412176981483866,9418018.886379646,31846357.89735569,8781.048780487805,9418364.653920384,31847307.885866247,8781.048780487805,9418610.473591123,31847218.414823104,9756.609756097561,9418264.706050387,31846268.426312543,9756.609756097561
9418660.447526122,31847738.144599956,9268.829268292682,6.066837291372024,9418364.653920384,31847307.885866247,8781.048780487805,9418710.42146112,31848257.874376804,8781.048780487805,9418956.24113186,31848168.403333656,9756.609756097561,9418610.473591123,31847218.414823104,9756.609756097561
9419006.21506686,31848688.13311051,9268.829268292682,4.6459961406963854,9418710.42146112,31848257.874376804,8781.048780487805,9419056.18900186,31849207.86288736,8781.048780487805,9419302.008672597,31849118.391844213,9756.609756097561,9418956.24113186,31848168.403333656,9756.609756097561
9419351.982607597,31849638.121621065,9268.829268292682,3.6593694570453015,9419056.18900186,31849207.86288736,8781.048780487805,9419401.956542596,31850157.851397913,8781.048780487805,9419647.776213335,31850068.38035477,9756.609756097561,9419302.008672597,31849118.391844213,9756.609756097561
9419697.750148334,31850588.110131618,9268.829268292682,3.1491615970648006,9419401.956542596,31850157.851397913,8781.048780487805,9419747.724083334,31851107.839908473,8781.048780487805,9419993.543754073,31851018.368865326,9756.609756097561,9419647.776213335,31850068.38035477,9756.609756097561
9420043.517689072,31851538.098642178,9268.829268292682,3.135276839505921,9419747.724083334,31851107.839908473,8781.048780487805,9420093.49162407,31852057.82841903,8781.048780487805,9420339.31129481,31851968.357375886,9756.609756097561,9419993.543754073,31851018.368865326,9756.609756097561
9420389.285229808,31852488.087152738,9268.829268292682,3.219184314155677,9420093.49162407,31852057.82841903,8781.048780487805,9420439.259164808,31853007.81692959,8781.048780487805,9420685.078835547,31852918.34588644,9756.609756097561,9420339.31129481,31851968.357375886,9756.609756097561
9420735.052770546,31853438.075663295,9268.829268292682,3.4866312827119623,9420439.259164808,31853007.81692959,8781.048780487805,9420785.026705546,31853957.805440143,8781.048780487805,9421030.846376285,31853868.334396996,9756.609756097561,9420685.078835547,31852918.34588644,9756.609756097561
9421080.820311284,31854388.064173847,9268.829268292682,4.984095565290936,9420785.026705546,31853957.805440143,8781.048780487805,9421130.794246284,31854907.7939507,8781.048780487805,9421376.613917023,31854818.322907556,9756.609756097561,9421030.846376285,31853868.334396996,9756.609756097561
9421426.587852022,31855338.052684404,9268.829268292682,5.078563262741879,9421130.794246284,31854907.7939507,8781.048780487805,9421476.561787022,31855857.782461256,8781.048780487805,9421722.381457759,31855768.31141811,9756.609756097561,9421376.613917023,31854818.322907556,9756.609756097561
9421772.35539276,31856288.04119496,9268.829268292682,4.5496923872377435,9421476.561787022,31855857.782461256,8781.048780487805,9421822.329327758,31856807.770971812,8781.048780487805,9422068.148998499,31856718.299928665,9756.609756097561,9421722.381457759,31855768.31141811,9756.609756097561
9422118.122933498,31857238.029705517,9268.829268292682,4.470097906187394,9421822.329327758,31856807.770971812,8781.048780487805,9422168.096868496,31857757.75948237,8781.048780487805,9422413.916539235,31857668.28843922,9756.609756097561,9422068.148998499,31856718.299928665,9756.609756097561
9422463.890474234,31858188.018216074,9268.829268292682,4.83979468993403,9422168.096868496,31857757.75948237,8781.048780487805,9422513.864409233,31858707.747992925,8781.048780487805,9422759.684079973,31858618.27694978,9756.609756097561,9422413.916539235,31857668.28843922,9756.609756097561
9422809.658014972,31859138.00672663,9268.829268292682,6.0835784823149766,9422513.864409233,31858707.747992925,8781.048780487805,9422859.63194997,31859657.736503482,8781.048780487805,9423105.45162071,31859568.26546034,9756.609756097561,9422759.684079973,31858618.27694978,9756.609756097561
9423155.425555708,31860087.995237187,9268.829268292682,6.806449904775971,9422859.63194997,31859657.736503482,8781.048780487805,9423205.399490707,31860607.72501404,8781.048780487805,9423451.219161447,31860518.25397089,9756.609756097561,9423105.45162071,31859568.26546034,9756.609756097561
9423501.193096446,31861037.983747743,9268.829268292682,6.243767588770458,9423205.399490707,31860607.72501404,8781.048780487805,9423551.167031446,31861557.713524595,8781.048780487805,9423796.986702183,31861468.242481448,9756.609756097561,9423451.219161447,31860518.25397089,9756.609756097561
9423846.960637184,31861987.9722583,9268.829268292682,6.5977594412177,9423551.167031446,31861557.713524595,8781.048780487805,9423896.934572183,31862507.702035148,8781.048780487805,9424142.754242921,31862418.230992004,9756.609756097561,9423796.986702183,31861468.242481448,9756.609756097561
9424192.72817792,31862937.960768852,9268.829268292682,8.47592808366037,9423896.934572183,31862507.702035148,8781.048780487805,9424242.70211292,31863457.690545708,8781.048780487805,9424488.52178366,31863368.21950256,9756.609756097561,9424142.754242921,31862418.230992004,9756.609756097561
9424538.495718658,31863887.949279416,9268.829268292682,9.225194735204713,9424242.70211292,31863457.690545708,8781.048780487805,9424588.469653659,31864407.679056264,8781.048780487805,9424834.289324397,31864318.208013117,9756.609756097561,9424488.52178366,31863368.21950256,9756.609756097561
9424884.263259396,31864837.93778997,9268.829268292682,8.533834302580633,9424588.469653659,31864407.679056264,8781.048780487805,9424934.237194395,31865357.66756682,8781.048780487805,9425180.056865133,31865268.196523678,9756.609756097561,9424834.289324397,31864318.208013117,9756.609756097561
9425230.030800132,31865787.926300526,9268.829268292682,6.791103483524739,9424934.237194395,31865357.66756682,8781.048780487805,9425280.004735133,31866307.656077377,8781.048780487805,9425525.824405871,31866218.18503423,9756.609756097561,9425180.056865133,31865268.196523678,9756.609756097561
9425575.79834087,31866737.914811086,9268.829268292682,10.402908157250675,9425280.004735133,31866307.656077377,8781.048780487805,9425625.77227587,31867257.644587934,8781.048780487805,9425871.59194661,31867168.17354479,9756.609756097561,9425525.824405871,31866218.18503423,9756.609756097561
9425921.565881608,31867687.90332164,9268.829268292682,12.227027688029747,9425625.77227587,31867257.644587934,8781.048780487805,9425971.539816609,31868207.63309849,8781.048780487805,9426217.359487345,31868118.162055343,9756.609756097561,9425871.59194661,31867168.17354479,9756.609756097561
9426267.333422346,31868637.891832195,9268.829268292682,11.698829373327936,9425971.539816609,31868207.63309849,8781.048780487805,9426317.307357345,31869157.621609047,8781.048780487805,9426563.127028085,31869068.1505659,9756.609756097561,9426217.359487345,31868118.162055343,9756.609756097561
9426613.100963084,31869587.880342755,9268.829268292682,13.491130270476141,9426317.307357345,31869157.621609047,8781.048780487805,9426663.074898083,31870107.610119604,8781.048780487805,9426908.894568821,31870018.139076456,9756.609756097561,9426563.127028085,31869068.1505659,9756.609756097561
9426958.86850382,31870537.868853305,9268.829268292682,12.098537711668714,9426663.074898083,31870107.610119604,8781.048780487805,9427008.842438819,31871057.59863016,8781.048780487805,9427254.66210956,31870968.127587013,9756.609756097561,9426908.894568821,31870018.139076456,9756.609756097561
9427304.636044558,31871487.857363865,9268.829268292682,11.669935531825066,9427008.842438819,31871057.59863016,8781.048780487805,9427354.609979557,31872007.587140717,8781.048780487805,9427600.429650296,31871918.11609757,9756.609756097561,9427254.66210956,31870968.127587013,9756.609756097561
9427650.403585296,31872437.845874425,9268.829268292682,10.426697081998377,9427354.609979557,31872007.587140717,8781.048780487805,9427700.377520295,31872957.575651273,8781.048780487805,9427946.197191034,31872868.10460813,9756.609756097561,9427600.429650296,31871918.11609757,9756.609756097561
9427996.171126032,31873387.834384978,9268.829268292682,10.539533035038476,9427700.377520295,31872957.575651273,8781.048780487805,9428046.145061033,31873907.56416183,8781.048780487805,9428291.96473177,31873818.093118683,9756.609756097561,9427946.197191034,31872868.10460813,9756.609756097561
9428341.93866677,31874337.822895534,9268.829268292682,9.073771023901342,9428046.145061033,31873907.56416183,8781.048780487805,9428391.91260177,31874857.552672386,8781.048780487805,9428637.73227251,31874768.081629243,9756.609756097561,9428291.96473177,31873818.093118683,9756.609756097561
9428687.706207506,31875287.811406087,9268.829268292682,8.465672681368629,9428391.91260177,31874857.552672386,8781.048780487805,9428737.680142507,31875807.541182943,8781.048780487805,9428983.499813246,31875718.070139796,9756.609756097561,9428637.73227251,31874768.081629243,9756.609756097561
9429033.473748244,31876237.799916647,9268.829268292682,8.955561647754749,9428737.680142507,31875807.541182943,8781.048780487805,9429083.447683245,31876757.5296935,8781.048780487805,9429329.267353984,31876668.058650352,9756.609756097561,9428983.499813246,31875718.070139796,9756.609756097561
9429379.241288982,31877187.788427204,9268.829268292682,9.49443188823367,9429083.447683245,31876757.5296935,8781.048780487805,9429429.215223981,31877707.518204056,8781.048780487805,9429675.034894722,31877618.047160912,9756.609756097561,9429329.267353984,31876668.058650352,9756.609756097561
9429725.008829718,31878137.776937757,9268.829268292682,12.42911195031867,9429429.215223981,31877707.518204056,8781.048780487805,9429774.98276472,31878657.506714612,8781.048780487805,9430020.802435458,31878568.035671465,9756.609756097561,9429675.034894722,31877618.047160912,9756.609756097561
9430070.776370458,31879087.765448317,9268.829268292682,13.482037951355121,9429774.98276472,31878657.506714612,8781.048780487805,9430120.750305457,31879607.49522517,8781.048780487805,9430366.569976196,31879518.024182025,9756.609756097561,9430020.802435458,31878568.035671465,9756.609756097561
9430416.543911194,31880037.753958873,9268.829268292682,15.04581703856476,9430120.750305457,31879607.49522517,8781.048780487805,9430466.517846195,31880557.483735725,8781.048780487805,9430712.337516932,31880468.012692578,9756.609756097561,9430366.569976196,31879518.024182025,9756.609756097561
9430762.311451932,31880987.742469426,9268.829268292682,15.34174059594216,9430466.517846195,31880557.483735725,8781.048780487805,9430812.285386931,31881507.47224628,8781.048780487805,9431058.105057672,31881418.001203135,9756.609756097561,9430712.337516932,31880468.012692578,9756.609756097561
9431108.07899267,31881937.730979986,9268.829268292682,15.176250802796002,9430812.285386931,31881507.47224628,8781.048780487805,9431158.05292767,31882457.46075684,8781.048780487805,9431403.872598408,31882367.989713695,9756.609756097561,9431058.105057672,31881418.001203135,9756.609756097561
9431453.846533407,31882887.719490543,9268.829268292682,15.683313076275684,9431158.05292767,31882457.46075684,8781.048780487805,9431503.820468405,31883407.449267395,8781.048780487805,9431749.640139146,31883317.978224248,9756.609756097561,9431403.872598408,31882367.989713695,9756.609756097561
9431799.614074145,31883837.7080011,9268.829268292682,15.504009321763311,9431503.820468405,31883407.449267395,8781.048780487805,9431849.588009143,31884357.43777795,8781.048780487805,9432095.407679882,31884267.966734804,9756.609756097561,9431749.640139146,31883317.978224248,9756.609756097561
9432145.381614882,31884787.696511656,9268.829268292682,12.70069025176354,9431849.588009143,31884357.43777795,8781.048780487805,9432195.355549881,31885307.426288508,8781.048780487805,9432441.17522062,31885217.955245364,9756.609756097561,9432095.407679882,31884267.966734804,9756.609756097561
9432491.149155619,31885737.685022213,9268.829268292682,11.556808562518368,9432195.355549881,31885307.426288508,8781.048780487805,9432541.12309062,31886257.414799064,8781.048780487805,9432786.942761356,31886167.943755917,9756.609756097561,9432441.17522062,31885217.955245364,9756.609756097561
9432836.916696357,31886687.67353277,9268.829268292682,12.462849651781106,9432541.12309062,31886257.414799064,8781.048780487805,9432886.890631357,31887207.40330962,8781.048780487805,9433132.710302096,31887117.932266477,9756.609756097561,9432786.942761356,31886167.943755917,9756.609756097561
9433182.684237095,31887637.662043326,9268.829268292682,12.176516487842747,9432886.890631357,31887207.40330962,8781.048780487805,9433232.658172093,31888157.391820177,8781.048780487805,9433478.477842834,31888067.92077703,9756.609756097561,9433132.710302096,31887117.932266477,9756.609756097561
9433528.45177783,31888587.650553882,9268.829268292682,10.690958528906224,9433232.658172093,31888157.391820177,8781.048780487805,9433578.425712831,31889107.380330734,8781.048780487805,9433824.24538357,31889017.909287587,9756.609756097561,9433478.477842834,31888067.92077703,9756.609756097561
9433874.219318569,31889537.63906444,9268.829268292682,9.267557475924223,9433578.425712831,31889107.380330734,8781.048780487805,9433924.193253567,31890057.36884129,8781.048780487805,9434170.012924308,31889967.897798147,9756.609756097561,9433824.24538357,31889017.909287587,9756.609756097561
9434219.986859305,31890487.627574995,9268.829268292682,9.083258805327409,9433924.193253567,31890057.36884129,8781.048780487805,9434269.960794307,31891007.35735185,8781.048780487805,9434515.780465044,31890917.8863087,9756.609756097561,9434170.012924308,31889967.897798147,9756.609756097561
9434565.754400045,31891437.616085555,9268.829268292682,7.4104557823179364,9434269.960794307,31891007.35735185,8781.048780487805,9434615.728335043,31891957.345862404,8781.048780487805,9434861.548005782,31891867.874819256,9756.609756097561,9434515.780465044,31890917.8863087,9756.609756097561
9434911.521940783,31892387.60459611,9268.829268292682,7.659495523494675,9434615.728335043,31891957.345862404,8781.048780487805,9434961.495875781,31892907.33437296,8781.048780487805,9435207.31554652,31892817.863329817,9756.609756097561,9434861.548005782,31891867.874819256,9756.609756097561
9435257.289481519,31893337.593106665,9268.829268292682,6.763987183883911,9434961.495875781,31892907.33437296,8781.048780487805,9435307.263416518,31893857.322883517,8781.048780487805,9435553.083087258,31893767.85184037,9756.609756097561,9435207.31554652,31892817.863329817,9756.609756097561
9435603.057022257,31894287.581617225,9268.829268292682,6.495406059942751,9435307.263416518,31893857.322883517,8781.048780487805,9435653.030957256,31894807.311394073,8781.048780487805,9435898.850627994,31894717.84035093,9756.609756097561,9435553.083087258,31893767.85184037,9756.609756097561
9435948.824562993,31895237.570127778,9268.829268292682,7.062629475845754,9435653.030957256,31894807.311394073,8781.048780487805,9435998.798497992,31895757.29990463,8781.048780487805,9436244.618168732,31895667.828861482,9756.609756097561,9435898.850627994,31894717.84035093,9756.609756097561
9436294.59210373,31896187.558638334,9268.829268292682,6.448883371702406,9435998.798497992,31895757.29990463,8781.048780487805,9436344.566038731,31896707.288415186,8781.048780487805,9436590.385709468,31896617.81737204,9756.609756097561,9436244.618168732,31895667.828861482,9756.609756097561
9416140.126870962,31840048.765472353,10244.390243902439,3.7307482972265165,9415844.333265224,31839618.50673865,9756.609756097561,9416190.10080596,31840568.495249204,9756.609756097561,9416435.9204767,31840479.024206057,10732.170731707318,9416090.152935961,31839529.0356955,10732.170731707318
9416485.894411698,31840998.753982913,10244.390243902439,3.7613004210654375,9416190.10080596,31840568.495249204,9756.609756097561,9416535.868346699,31841518.48375976,9756.609756097561,9416781.688017435,31841429.012716617,10732.170731707318,9416435.9204767,31840479.024206057,10732.170731707318
9416831.661952436,31841948.74249347,10244.390243902439,4.492462311739764,9416535.868346699,31841518.48375976,9756.609756097561,9416881.635887435,31842468.472270317,9756.609756097561,9417127.455558173,31842379.00122717,10732.170731707318,9416781.688017435,31841429.012716617,10732.170731707318
9417177.429493174,31842898.731004022,10244.390243902439,4.459444323747845,9416881.635887435,31842468.472270317,9756.609756097561,9417227.403428173,31843418.460780874,9756.609756097561,9417473.223098911,31843328.98973773,10732.170731707318,9417127.455558173,31842379.00122717,10732.170731707318
9417523.19703391,31843848.719514582,10244.390243902439,5.47852042025883,9417227.403428173,31843418.460780874,9756.609756097561,9417573.17096891,31844368.449291434,9756.609756097561,9417818.99063965,31844278.978248283,10732.170731707318,9417473.223098911,31843328.98973773,10732.170731707318
9417868.96457465,31844798.70802514,10244.390243902439,6.898865682245157,9417573.17096891,31844368.449291434,9756.609756097561,9417918.938509649,31845318.437801987,9756.609756097561,9418164.758180385,31845228.96675884,10732.170731707318,9417818.99063965,31844278.978248283,10732.170731707318
9418214.732115386,31845748.69653569,10244.390243902439,6.704062352391252,9417918.938509649,31845318.437801987,9756.609756097561,9418264.706050387,31846268.426312543,9756.609756097561,9418510.525721123,31846178.9552694,10732.170731707318,9418164.758180385,31845228.96675884,10732.170731707318
9418560.499656124,31846698.685046252,10244.390243902439,7.280845470160976,9418264.706050387,31846268.426312543,9756.609756097561,9418610.473591123,31847218.414823104,9756.609756097561,9418856.293261861,31847128.943779957,10732.170731707318,9418510.525721123,31846178.9552694,10732.170731707318
9418906.26719686,31847648.673556812,10244.390243902439,8.28184854163161,9418610.473591123,31847218.414823104,9756.609756097561,9418956.24113186,31848168.403333656,9756.609756097561,9419202.060802598,31848078.93229051,10732.170731707318,9418856.293261861,31847128.943779957,10732.170731707318
9419252.034737598,31848598.66206736,10244.390243902439,5.601060402298068,9418956.24113186,31848168.403333656,9756.609756097561,9419302.008672597,31849118.391844213,9756.609756097561,9419547.828343337,31849028.92080107,10732.170731707318,9419202.060802598,31848078.93229051,10732.170731707318
9419597.802278334,31849548.650577918,10244.390243902439,4.415455280942742,9419302.008672597,31849118.391844213,9756.609756097561,9419647.776213335,31850068.38035477,9756.609756097561,9419893.595884074,31849978.909311622,10732.170731707318,9419547.828343337,31849028.92080107,10732.170731707318
9419943.569819072,31850498.639088474,10244.390243902439,3.490244320234157,9419647.776213335,31850068.38035477,9756.609756097561,9419993.543754073,31851018.368865326,9756.609756097561,9420239.363424812,31850928.897822183,10732.170731707318,9419893.595884074,31849978.909311622,10732.170731707318
9420289.33735981,31851448.62759903,10244.390243902439,3.2049986164539277,9419993.543754073,31851018.368865326,9756.609756097561,9420339.31129481,31851968.357375886,9756.609756097561,9420585.130965548,31851878.88633274,10732.170731707318,9420239.363424812,31850928.897822183,10732.170731707318
9420635.104900548,31852398.616109587,10244.390243902439,3.3944241966033,9420339.31129481,31851968.357375886,9756.609756097561,9420685.078835547,31852918.34588644,9756.609756097561,9420930.898506286,31852828.874843292,10732.170731707318,9420585.130965548,31851878.88633274,10732.170731707318
9420980.872441284,31853348.604620144,10244.390243902439,3.864491527061829,9420685.078835547,31852918.34588644,9756.609756097561,9421030.846376285,31853868.334396996,9756.609756097561,9421276.666047022,31853778.863353852,10732.170731707318,9420930.898506286,31852828.874843292,10732.170731707318
9421326.639982022,31854298.5931307,10244.390243902439,5.07820664466126,9421030.846376285,31853868.334396996,9756.609756097561,9421376.613917023,31854818.322907556,9756.609756097561,9421622.433587762,31854728.85186441,10732.170731707318,9421276.666047022,31853778.863353852,10732.170731707318
9421672.40752276,31855248.58164126,10244.390243902439,5.36724357592774,9421376.613917023,31854818.322907556,9756.609756097561,9421722.381457759,31855768.31141811,9756.609756097561,9421968.201128498,31855678.84037496,10732.170731707318,9421622.433587762,31854728.85186441,10732.170731707318
9422018.175063498,31856198.570151813,10244.390243902439,4.76738901589659,9421722.381457759,31855768.31141811,9756.609756097561,9422068.148998499,31856718.299928665,9756.609756097561,9422313.968669236,31856628.82888552,10732.170731707318,9421968.201128498,31855678.84037496,10732.170731707318
9422363.942604236,31857148.55866237,10244.390243902439,4.266436923817219,9422068.148998499,31856718.299928665,9756.609756097561,9422413.916539235,31857668.28843922,9756.609756097561,9422659.736209974,31857578.817396075,10732.170731707318,9422313.968669236,31856628.82888552,10732.170731707318
9422709.710144972,31858098.54717293,10244.390243902439,4.243920513903892,9422413.916539235,31857668.28843922,9756.609756097561,9422759.684079973,31858618.27694978,9756.609756097561,9423005.50375071,31858528.805906635,10732.170731707318,9422659.736209974,31857578.817396075,10732.170731707318
9423055.47768571,31859048.535683483,10244.390243902439,5.488508166513438,9422759.684079973,31858618.27694978,9756.609756097561,9423105.45162071,31859568.26546034,9756.609756097561,9423351.271291448,31859478.79441719,10732.170731707318,9423005.50375071,31858528.805906635,10732.170731707318
9423401.245226447,31859998.52419404,10244.390243902439,6.5030775165683945,9423105.45162071,31859568.26546034,9756.609756097561,9423451.219161447,31860518.25397089,9756.609756097561,9423697.038832184,31860428.782927744,10732.170731707318,9423351.271291448,31859478.79441719,10732.170731707318
9423747.012767185,31860948.5127046,10244.390243902439,6.22237764380949,9423451.219161447,31860518.25397089,9756.609756097561,9423796.986702183,31861468.242481448,9756.609756097561,9424042.806372924,31861378.771438304,10732.170731707318,9423697.038832184,31860428.782927744,10732.170731707318
9424092.78030792,31861898.501215152,10244.390243902439,6.206315758207958,9423796.986702183,31861468.242481448,9756.609756097561,9424142.754242921,31862418.230992004,9756.609756097561,9424388.57391366,31862328.759948857,10732.170731707318,9424042.806372924,31861378.771438304,10732.170731707318
9424438.547848659,31862848.48972571,10244.390243902439,7.03583838242401,9424142.754242921,31862418.230992004,9756.609756097561,9424488.52178366,31863368.21950256,9756.609756097561,9424734.341454398,31863278.748459414,10732.170731707318,9424388.57391366,31862328.759948857,10732.170731707318
9424784.315389397,31863798.47823627,10244.390243902439,7.408901667447681,9424488.52178366,31863368.21950256,9756.609756097561,9424834.289324397,31864318.208013117,9756.609756097561,9425080.108995134,31864228.736969974,10732.170731707318,9424734.341454398,31863278.748459414,10732.170731707318
9425130.082930135,31864748.466746822,10244.390243902439,6.737610516615186,9424834.289324397,31864318.208013117,9756.609756097561,9425180.056865133,31865268.196523678,9756.609756097561,9425425.876535872,31865178.725480527,10732.170731707318,9425080.108995134,31864228.736969974,10732.170731707318
9425475.85047087,31865698.455257382,10244.390243902439,7.843827951687236,9425180.056865133,31865268.196523678,9756.609756097561,9425525.824405871,31866218.18503423,9756.609756097561,9425771.644076608,31866128.713991087,10732.170731707318,9425425.876535872,31865178.725480527,10732.170731707318
9425821.618011609,31866648.44376794,10244.390243902439,10.06169062148852,9425525.824405871,31866218.18503423,9756.609756097561,9425871.59194661,31867168.17354479,9756.609756097561,9426117.411617348,31867078.702501643,10732.170731707318,9425771.644076608,31866128.713991087,10732.170731707318
9426167.385552349,31867598.43227849,10244.390243902439,11.252056605551042,9425871.59194661,31867168.17354479,9756.609756097561,9426217.359487345,31868118.162055343,9756.609756097561,9426463.179158086,31868028.691012196,10732.170731707318,9426117.411617348,31867078.702501643,10732.170731707318
9426513.153093085,31868548.420789048,10244.390243902439,12.513975122327269,9426217.359487345,31868118.162055343,9756.609756097561,9426563.127028085,31869068.1505659,9756.609756097561,9426808.946698822,31868978.679522756,10732.170731707318,9426463.179158086,31868028.691012196,10732.170731707318
9426858.920633823,31869498.4092996,10244.390243902439,13.907590210530719,9426563.127028085,31869068.1505659,9756.609756097561,9426908.894568821,31870018.139076456,9756.609756097561,9427154.71423956,31869928.66803331,10732.170731707318,9426808.946698822,31868978.679522756,10732.170731707318
9427204.688174559,31870448.39781016,10244.390243902439,12.675988281129058,9426908.894568821,31870018.139076456,9756.609756097561,9427254.66210956,31870968.127587013,9756.609756097561,9427500.481780298,31870878.65654387,10732.170731707318,9427154.71423956,31869928.66803331,10732.170731707318
9427550.455715297,31871398.386320718,10244.390243902439,12.874974889199951,9427254.66210956,31870968.127587013,9756.609756097561,9427600.429650296,31871918.11609757,9756.609756097561,9427846.249321036,31871828.645054426,10732.170731707318,9427500.481780298,31870878.65654387,10732.170731707318
9427896.223256033,31872348.374831278,10244.390243902439,12.201502030906639,9427600.429650296,31871918.11609757,9756.609756097561,9427946.197191034,31872868.10460813,9756.609756097561,9428192.016861772,31872778.633564983,10732.170731707318,9427846.249321036,31871828.645054426,10732.170731707318
9428241.99079677,31873298.363341834,10244.390243902439,11.123018592127389,9427946.197191034,31872868.10460813,9756.609756097561,9428291.96473177,31873818.093118683,9756.609756097561,9428537.78440251,31873728.62207554,10732.170731707318,9428192.016861772,31872778.633564983,10732.170731707318
9428587.758337507,31874248.351852387,10244.390243902439,9.749807943363543,9428291.96473177,31873818.093118683,9756.609756097561,9428637.73227251,31874768.081629243,9756.609756097561,9428883.551943246,31874678.610586096,10732.170731707318,9428537.78440251,31873728.62207554,10732.170731707318
9428933.525878247,31875198.340362944,10244.390243902439,6.009217812112517,9428637.73227251,31874768.081629243,9756.609756097561,9428983.499813246,31875718.070139796,9756.609756097561,9429229.319483984,31875628.59909665,10732.170731707318,9428883.551943246,31874678.610586096,10732.170731707318
9429279.293418985,31876148.3288735,10244.390243902439,6.961644773352808,9428983.499813246,31875718.070139796,9756.609756097561,9429329.267353984,31876668.058650352,9756.609756097561,9429575.087024722,31876578.58760721,10732.170731707318,9429229.319483984,31875628.59909665,10732.170731707318
9429625.060959721,31877098.317384057,10244.390243902439,8.838952081678222,9429329.267353984,31876668.058650352,9756.609756097561,9429675.034894722,31877618.047160912,9756.609756097561,9429920.85456546,31877528.576117765,10732.170731707318,9429575.087024722,31876578.58760721,10732.170731707318
9429970.82850046,31878048.305894613,10244.390243902439,10.417073363838202,9429675.034894722,31877618.047160912,9756.609756097561,9430020.802435458,31878568.035671465,9756.609756097561,9430266.622106196,31878478.56462832,10732.170731707318,9429920.85456546,31877528.576117765,10732.170731707318
9430316.596041195,31878998.29440517,10244.390243902439,12.829887020967949,9430020.802435458,31878568.035671465,9756.609756097561,9430366.569976196,31879518.024182025,9756.609756097561,9430612.389646934,31879428.55313888,10732.170731707318,9430266.622106196,31878478.56462832,10732.170731707318
9430662.363581935,31879948.282915726,10244.390243902439,15.334945376423828,9430366.569976196,31879518.024182025,9756.609756097561,9430712.337516932,31880468.012692578,9756.609756097561,9430958.157187672,31880378.54164943,10732.170731707318,9430612.389646934,31879428.55313888,10732.170731707318
9431008.131122671,31880898.271426283,10244.390243902439,15.631193103725733,9430712.337516932,31880468.012692578,9756.609756097561,9431058.105057672,31881418.001203135,9756.609756097561,9431303.924728408,31881328.53015999,10732.170731707318,9430958.157187672,31880378.54164943,10732.170731707318
9431353.898663409,31881848.25993684,10244.390243902439,15.378580552186513,9431058.105057672,31881418.001203135,9756.609756097561,9431403.872598408,31882367.989713695,9756.609756097561,9431649.692269146,31882278.518670544,10732.170731707318,9431303.924728408,31881328.53015999,10732.170731707318
9431699.666204145,31882798.2484474,10244.390243902439,15.778549563148445,9431403.872598408,31882367.989713695,9756.609756097561,9431749.640139146,31883317.978224248,9756.609756097561,9431995.459809884,31883228.5071811,10732.170731707318,9431649.692269146,31882278.518670544,10732.170731707318
9432045.433744883,31883748.236957952,10244.390243902439,15.726784684501592,9431749.640139146,31883317.978224248,9756.609756097561,9432095.407679882,31884267.966734804,9756.609756097561,9432341.227350622,31884178.49569166,10732.170731707318,9431995.459809884,31883228.5071811,10732.170731707318
9432391.20128562,31884698.22546851,10244.390243902439,13.168308314987454,9432095.407679882,31884267.966734804,9756.609756097561,9432441.17522062,31885217.955245364,9756.609756097561,9432686.994891359,31885128.484202217,10732.170731707318,9432341.227350622,31884178.49569166,10732.170731707318
9432736.968826357,31885648.21397907,10244.390243902439,12.923754968038006,9432441.17522062,31885217.955245364,9756.609756097561,9432786.942761356,31886167.943755917,9756.609756097561,9433032.762432097,31886078.472712774,10732.170731707318,9432686.994891359,31885128.484202217,10732.170731707318
9433082.736367093,31886598.202489622,10244.390243902439,13.099793857987148,9432786.942761356,31886167.943755917,9756.609756097561,9433132.710302096,31887117.932266477,9756.609756097561,9433378.529972833,31887028.46122333,10732.170731707318,9433032.762432097,31886078.472712774,10732.170731707318
9433428.503907833,31887548.19100018,10244.390243902439,12.448615867383076,9433132.710302096,31887117.932266477,9756.609756097561,9433478.477842834,31888067.92077703,9756.609756097561,9433724.29751357,31887978.449733883,10732.170731707318,9433378.529972833,31887028.46122333,10732.170731707318
9433774.271448571,31888498.17951074,10244.390243902439,11.280903516013806,9433478.477842834,31888067.92077703,9756.609756097561,9433824.24538357,31889017.909287587,9756.609756097561,9434070.065054309,31888928.438244443,10732.170731707318,9433724.29751357,31887978.449733883,10732.170731707318
9434120.038989307,31889448.16802129,10244.390243902439,9.902910372146849,9433824.24538357,31889017.909287587,9756.609756097561,9434170.012924308,31889967.897798147,9756.609756097561,9434415.832595047,31889878.426755,10732.170731707318,9434070.065054309,31888928.438244443,10732.170731707318
9434465.806530047,31890398.15653185,10244.390243902439,8.644071136985964,9434170.012924308,31889967.897798147,9756.609756097561,9434515.780465044,31890917.8863087,9756.609756097561,9434761.600135785,31890828.415265553,10732.170731707318,9434415.832595047,31889878.426755,10732.170731707318
9434811.574070781,31891348.14504241,10244.390243902439,6.274134644461951,9434515.780465044,31890917.8863087,9756.609756097561,9434861.548005782,31891867.874819256,9756.609756097561,9435107.36767652,31891778.403776113,10732.170731707318,9434761.600135785,31890828.415265553,10732.170731707318
9435157.341611521,31892298.13355296,10244.390243902439,5.2391628856051,9434861.548005782,31891867.874819256,9756.609756097561,9435207.31554652,31892817.863329817,9756.609756097561,9435453.135217259,31892728.39228667,10732.170731707318,9435107.36767652,31891778.403776113,10732.170731707318
9435503.109152257,31893248.12206352,10244.390243902439,5.354180154755107,9435207.31554652,31892817.863329817,9756.609756097561,9435553.083087258,31893767.85184037,9756.609756097561,9435798.902757995,31893678.380797226,10732.170731707318,9435453.135217259,31892728.39228667,10732.170731707318
9435848.876692995,31894198.110574078,10244.390243902439,4.763505465467503,9435553.083087258,31893767.85184037,9756.609756097561,9435898.850627994,31894717.84035093,9756.609756097561,9436144.670298735,31894628.369307783,10732.170731707318,9435798.902757995,31893678.380797226,10732.170731707318
9436194.644233732,31895148.09908463,10244.390243902439,5.245085851872388,9435898.850627994,31894717.84035093,9756.609756097561,9436244.618168732,31895667.828861482,9756.609756097561,9436490.43783947,31895578.357818335,10732.170731707318,9436144.670298735,31894628.369307783,10732.170731707318
9436540.41177447,31896098.08759519,10244.390243902439,6.9098796273075225,9436244.618168732,31895667.828861482,9756.609756097561,9436590.385709468,31896617.81737204,9756.609756097561,9436836.205380209,31896528.346328896,10732.170731707318,9436490.43783947,31895578.357818335,10732.170731707318
9416385.946541699,31839959.294429205,11219.951219512195,4.204653790907684,9416090.152935961,31839529.0356955,10732.170731707318,9416435.9204767,31840479.024206057,10732.170731707318,9416681.740147438,31840389.553162914,11707.731707317073,9416335.972606702,31839439.564652354,11707.731707317073
9416731.714082438,31840909.282939766,11219.951219512195,4.343547745601764,9416435.9204767,31840479.024206057,10732.170731707318,9416781.688017435,31841429.012716617,10732.170731707318,9417027.507688176,31841339.54167347,11707.731707317073,9416681.740147438,31840389.553162914,11707.731707317073
9417077.481623173,31841859.271450326,11219.951219512195,4.582144441348212,9416781.688017435,31841429.012716617,10732.170731707318,9417127.455558173,31842379.00122717,10732.170731707318,9417373.275228912,31842289.530184027,11707.731707317073,9417027.507688176,31841339.54167347,11707.731707317073
9417423.249163913,31842809.259960875,11219.951219512195,6.5514883897660265,9417127.455558173,31842379.00122717,10732.170731707318,9417473.223098911,31843328.98973773,10732.170731707318,9417719.04276965,31843239.518694583,11707.731707317073,9417373.275228912,31842289.530184027,11707.731707317073
9417769.016704649,31843759.24847143,11219.951219512195,9.201980900667115,9417473.223098911,31843328.98973773,10732.170731707318,9417818.99063965,31844278.978248283,10732.170731707318,9418064.810310386,31844189.507205136,11707.731707317073,9417719.04276965,31843239.518694583,11707.731707317073
9418114.784245387,31844709.236981988,11219.951219512195,7.583131407487231,9417818.99063965,31844278.978248283,10732.170731707318,9418164.758180385,31845228.96675884,10732.170731707318,9418410.577851126,31845139.495715696,11707.731707317073,9418064.810310386,31844189.507205136,11707.731707317073
9418460.551786123,31845659.225492544,11219.951219512195,7.578655352011514,9418164.758180385,31845228.96675884,10732.170731707318,9418510.525721123,31846178.9552694,10732.170731707318,9418756.345391862,31846089.484226253,11707.731707317073,9418410.577851126,31845139.495715696,11707.731707317073
9418806.31932686,31846609.21400311,11219.951219512195,8.919462702058683,9418510.525721123,31846178.9552694,10732.170731707318,9418856.293261861,31847128.943779957,10732.170731707318,9419102.1129326,31847039.47273681,11707.731707317073,9418756.345391862,31846089.484226253,11707.731707317073
9419152.086867599,31847559.202513665,11219.951219512195,8.052647623832307,9418856.293261861,31847128.943779957,10732.170731707318,9419202.060802598,31848078.93229051,10732.170731707318,9419447.880473338,31847989.461247366,11707.731707317073,9419102.1129326,31847039.47273681,11707.731707317073
9419497.854408335,31848509.191024214,11219.951219512195,6.687591701080236,9419202.060802598,31848078.93229051,10732.170731707318,9419547.828343337,31849028.92080107,10732.170731707318,9419793.648014074,31848939.449757922,11707.731707317073,9419447.880473338,31847989.461247366,11707.731707317073
9419843.621949075,31849459.179534774,11219.951219512195,5.226759227617488,9419547.828343337,31849028.92080107,10732.170731707318,9419893.595884074,31849978.909311622,10732.170731707318,9420139.415554812,31849889.43826848,11707.731707317073,9419793.648014074,31848939.449757922,11707.731707317073
9420189.38948981,31850409.168045327,11219.951219512195,3.9695653628787078,9419893.595884074,31849978.909311622,10732.170731707318,9420239.363424812,31850928.897822183,10732.170731707318,9420485.18309555,31850839.426779035,11707.731707317073,9420139.415554812,31849889.43826848,11707.731707317073
9420535.15703055,31851359.156555884,11219.951219512195,3.7400432995459583,9420239.363424812,31850928.897822183,10732.170731707318,9420585.130965548,31851878.88633274,10732.170731707318,9420830.950636288,31851789.41528959,11707.731707317073,9420485.18309555,31850839.426779035,11707.731707317073
9420880.924571285,31852309.145066444,11219.951219512195,3.5409734745911634,9420585.130965548,31851878.88633274,10732.170731707318,9420930.898506286,31852828.874843292,10732.170731707318,9421176.718177024,31852739.40380015,11707.731707317073,9420830.950636288,31851789.41528959,11707.731707317073
9421226.692112025,31853259.133576997,11219.951219512195,3.829568681272964,9420930.898506286,31852828.874843292,10732.170731707318,9421276.666047022,31853778.863353852,10732.170731707318,9421522.485717762,31853689.392310705,11707.731707317073,9421176.718177024,31852739.40380015,11707.731707317073
9421572.459652761,31854209.122087557,11219.951219512195,4.852470050691319,9421276.666047022,31853778.863353852,10732.170731707318,9421622.433587762,31854728.85186441,10732.170731707318,9421868.253258498,31854639.38082126,11707.731707317073,9421522.485717762,31853689.392310705,11707.731707317073
9421918.227193499,31855159.110598113,11219.951219512195,5.364029704291222,9421622.433587762,31854728.85186441,10732.170731707318,9421968.201128498,31855678.84037496,10732.170731707318,9422214.020799236,31855589.369331818,11707.731707317073,9421868.253258498,31854639.38082126,11707.731707317073
9422263.994734235,31856109.099108666,11219.951219512195,5.296585579084606,9421968.201128498,31855678.84037496,10732.170731707318,9422313.968669236,31856628.82888552,10732.170731707318,9422559.788339974,31856539.357842375,11707.731707317073,9422214.020799236,31855589.369331818,11707.731707317073
9422609.762274973,31857059.087619226,11219.951219512195,4.380198489035878,9422313.968669236,31856628.82888552,10732.170731707318,9422659.736209974,31857578.817396075,10732.170731707318,9422905.555880712,31857489.34635293,11707.731707317073,9422559.788339974,31856539.357842375,11707.731707317073
9422955.529815711,31858009.076129783,11219.951219512195,4.042597815556452,9422659.736209974,31857578.817396075,10732.170731707318,9423005.50375071,31858528.805906635,10732.170731707318,9423251.323421448,31858439.334863488,11707.731707317073,9422905.555880712,31857489.34635293,11707.731707317073
9423301.297356447,31858959.064640336,11219.951219512195,4.043624242910594,9423005.50375071,31858528.805906635,10732.170731707318,9423351.271291448,31859478.79441719,10732.170731707318,9423597.090962186,31859389.323374044,11707.731707317073,9423251.323421448,31858439.334863488,11707.731707317073
9423647.064897185,31859909.053150896,11219.951219512195,5.127801419982808,9423351.271291448,31859478.79441719,10732.170731707318,9423697.038832184,31860428.782927744,10732.170731707318,9423942.858502924,31860339.3118846,11707.731707317073,9423597.090962186,31859389.323374044,11707.731707317073
9423992.832437921,31860859.041661453,11219.951219512195,5.600557382359389,9423697.038832184,31860428.782927744,10732.170731707318,9424042.806372924,31861378.771438304,10732.170731707318,9424288.62604366,31861289.300395157,11707.731707317073,9423942.858502924,31860339.3118846,11707.731707317073
9424338.599978661,31861809.03017201,11219.951219512195,6.234967779734684,9424042.806372924,31861378.771438304,10732.170731707318,9424388.57391366,31862328.759948857,10732.170731707318,9424634.393584399,31862239.288905714,11707.731707317073,9424288.62604366,31861289.300395157,11707.731707317073
9424684.367519397,31862759.01868256,11219.951219512195,6.644617890159304,9424388.57391366,31862328.759948857,10732.170731707318,9424734.341454398,31863278.748459414,10732.170731707318,9424980.161125137,31863189.27741627,11707.731707317073,9424634.393584399,31862239.288905714,11707.731707317073
9425030.135060137,31863709.007193122,11219.951219512195,6.539899662575846,9424734.341454398,31863278.748459414,10732.170731707318,9425080.108995134,31864228.736969974,10732.170731707318,9425325.928665875,31864139.265926827,11707.731707317073,9424980.161125137,31863189.27741627,11707.731707317073
9425375.902600871,31864658.99570368,11219.951219512195,7.076032677227793,9425080.108995134,31864228.736969974,10732.170731707318,9425425.876535872,31865178.725480527,10732.170731707318,9425671.69620661,31865089.254437383,11707.731707317073,9425325.928665875,31864139.265926827,11707.731707317073
9425721.670141611,31865608.98421423,11219.951219512195,8.267018708744693,9425425.876535872,31865178.725480527,10732.170731707318,9425771.644076608,31866128.713991087,10732.170731707318,9426017.463747349,31866039.24294794,11707.731707317073,9425671.69620661,31865089.254437383,11707.731707317073
9426067.437682347,31866558.97272479,11219.951219512195,9.890027135263777,9425771.644076608,31866128.713991087,10732.170731707318,9426117.411617348,31867078.702501643,10732.170731707318,9426363.231288085,31866989.231458496,11707.731707317073,9426017.463747349,31866039.24294794,11707.731707317073
9426413.205223085,31867508.961235348,11219.951219512195,10.175743102755439,9426117.411617348,31867078.702501643,10732.170731707318,9426463.179158086,31868028.691012196,10732.170731707318,9426708.998828823,31867939.219969053,11707.731707317073,9426363.231288085,31866989.231458496,11707.731707317073
9426758.972763821,31868458.9497459,11219.951219512195,12.313484411416798,9426463.179158086,31868028.691012196,10732.170731707318,9426808.946698822,31868978.679522756,10732.170731707318,9427054.76636956,31868889.20847961,11707.731707317073,9426708.998828823,31867939.219969053,11707.731707317073
9427104.74030456,31869408.938256457,11219.951219512195,13.653544602778263,9426808.946698822,31868978.679522756,10732.170731707318,9427154.71423956,31869928.66803331,10732.170731707318,9427400.533910299,31869839.196990166,11707.731707317073,9427054.76636956,31868889.20847961,11707.731707317073
9427450.507845297,31870358.926767014,11219.951219512195,13.873015985784962,9427154.71423956,31869928.66803331,10732.170731707318,9427500.481780298,31870878.65654387,10732.170731707318,9427746.301451037,31870789.185500722,11707.731707317073,9427400.533910299,31869839.196990166,11707.731707317073
9427796.275386035,31871308.91527757,11219.951219512195,14.981953210025585,9427500.481780298,31870878.65654387,10732.170731707318,9427846.249321036,31871828.645054426,10732.170731707318,9428092.068991773,31871739.17401128,11707.731707317073,9427746.301451037,31870789.185500722,11707.731707317073
9428142.042926773,31872258.903788134,11219.951219512195,12.981832303635692,9427846.249321036,31871828.645054426,10732.170731707318,9428192.016861772,31872778.633564983,10732.170731707318,9428437.83653251,31872689.162521835,11707.731707317073,9428092.068991773,31871739.17401128,11707.731707317073
9428487.81046751,31873208.892298684,11219.951219512195,11.383828245326152,9428192.016861772,31872778.633564983,10732.170731707318,9428537.78440251,31873728.62207554,10732.170731707318,9428783.604073247,31873639.151032392,11707.731707317073,9428437.83653251,31872689.162521835,11707.731707317073
9428833.57800825,31874158.880809244,11219.951219512195,8.36762817215484,9428537.78440251,31873728.62207554,10732.170731707318,9428883.551943246,31874678.610586096,10732.170731707318,9429129.371613987,31874589.13954295,11707.731707317073,9428783.604073247,31873639.151032392,11707.731707317073
9429179.345548984,31875108.869319797,11219.951219512195,6.548246183448777,9428883.551943246,31874678.610586096,10732.170731707318,9429229.319483984,31875628.59909665,10732.170731707318,9429475.139154723,31875539.128053505,11707.731707317073,9429129.371613987,31874589.13954295,11707.731707317073
9429525.113089724,31876058.857830353,11219.951219512195,8.021994936132138,9429229.319483984,31875628.59909665,10732.170731707318,9429575.087024722,31876578.58760721,10732.170731707318,9429820.90669546,31876489.11656406,11707.731707317073,9429475.139154723,31875539.128053505,11707.731707317073
9429870.88063046,31877008.846340913,11219.951219512195,7.895689892572208,9429575.087024722,31876578.58760721,10732.170731707318,9429920.85456546,31877528.576117765,10732.170731707318,9430166.674236197,31877439.105074618,11707.731707317073,9429820.90669546,31876489.11656406,11707.731707317073
9430216.648171198,31877958.834851466,11219.951219512195,7.209411255776227,9429920.85456546,31877528.576117765,10732.170731707318,9430266.622106196,31878478.56462832,10732.170731707318,9430512.441776935,31878389.093585175,11707.731707317073,9430166.674236197,31877439.105074618,11707.731707317073
9430562.415711934,31878908.823362023,11219.951219512195,11.38042604646963,9430266.622106196,31878478.56462832,10732.170731707318,9430612.389646934,31879428.55313888,10732.170731707318,9430858.209317671,31879339.08209573,11707.731707317073,9430512.441776935,31878389.093585175,11707.731707317073
9430908.183252672,31879858.811872583,11219.951219512195,14.644875785889631,9430612.389646934,31879428.55313888,10732.170731707318,9430958.157187672,31880378.54164943,10732.170731707318,9431203.97685841,31880289.070606288,11707.731707317073,9430858.209317671,31879339.08209573,11707.731707317073
9431253.95079341,31880808.800383136,11219.951219512195,15.221833079308867,9430958.157187672,31880378.54164943,10732.170731707318,9431303.924728408,31881328.53015999,10732.170731707318,9431549.744399149,31881239.059116844,11707.731707317073,9431203.97685841,31880289.070606288,11707.731707317073
9431599.718334146,31881758.788893696,11219.951219512195,14.510649347060788,9431303.924728408,31881328.53015999,10732.170731707318,9431649.692269146,31882278.518670544,10732.170731707318,9431895.511939885,31882189.047627397,11707.731707317073,9431549.744399149,31881239.059116844,11707.731707317073
9431945.485874884,31882708.777404252,11219.951219512195,15.348986978670798,9431649.692269146,31882278.518670544,10732.170731707318,9431995.459809884,31883228.5071811,10732.170731707318,9432241.279480623,31883139.036137957,11707.731707317073,9431895.511939885,31882189.047627397,11707.731707317073
9432291.253415622,31883658.765914805,11219.951219512195,15.17086120143957,9431995.459809884,31883228.5071811,10732.170731707318,9432341.227350622,31884178.49569166,10732.170731707318,9432587.04702136,31884089.024648514,11707.731707317073,9432241.279480623,31883139.036137957,11707.731707317073
9432637.02095636,31884608.754425365,11219.951219512195,12.343774048162073,9432341.227350622,31884178.49569166,10732.170731707318,9432686.994891359,31885128.484202217,10732.170731707318,9432932.814562097,31885039.013159074,11707.731707317073,9432587.04702136,31884089.024648514,11707.731707317073
9432982.788497096,31885558.742935922,11219.951219512195,10.424756602048708,9432686.994891359,31885128.484202217,10732.170731707318,9433032.762432097,31886078.472712774,10732.170731707318,9433278.582102833,31885989.001669627,11707.731707317073,9432932.814562097,31885039.013159074,11707.731707317073
9433328.556037836,31886508.731446475,11219.951219512195,10.627962638525268,9433032.762432097,31886078.472712774,10732.170731707318,9433378.529972833,31887028.46122333,10732.170731707318,9433624.349643573,31886938.990180183,11707.731707317073,9433278.582102833,31885989.001669627,11707.731707317073
9433674.32357857,31887458.719957035,11219.951219512195,11.057232571869218,9433378.529972833,31887028.46122333,10732.170731707318,9433724.29751357,31887978.449733883,10732.170731707318,9433970.11718431,31887888.97869074,11707.731707317073,9433624.349643573,31886938.990180183,11707.731707317073
9434020.09111931,31888408.70846759,11219.951219512195,10.381328476209728,9433724.29751357,31887978.449733883,10732.170731707318,9434070.065054309,31888928.438244443,10732.170731707318,9434315.884725047,31888838.967201296,11707.731707317073,9433970.11718431,31887888.97869074,11707.731707317073
9434365.858660046,31889358.696978148,11219.951219512195,9.517137119958912,9434070.065054309,31888928.438244443,10732.170731707318,9434415.832595047,31889878.426755,10732.170731707318,9434661.652265783,31889788.95571185,11707.731707317073,9434315.884725047,31888838.967201296,11707.731707317073
9434711.626200784,31890308.685488705,11219.951219512195,8.535856056845438,9434415.832595047,31889878.426755,10732.170731707318,9434761.600135785,31890828.415265553,10732.170731707318,9435007.419806521,31890738.94422241,11707.731707317073,9434661.652265783,31889788.95571185,11707.731707317073
9435057.393741522,31891258.67399926,11219.951219512195,6.490614500422433,9434761.600135785,31890828.415265553,10732.170731707318,9435107.36767652,31891778.403776113,10732.170731707318,9435353.187347258,31891688.932732966,11707.731707317073,9435007.419806521,31890738.94422241,11707.731707317073
9435403.161282258,31892208.662509818,11219.951219512195,5.749233708990821,9435107.36767652,31891778.403776113,10732.170731707318,9435453.135217259,31892728.39228667,10732.170731707318,9435698.954887997,31892638.921243526,11707.731707317073,9435353.187347258,31891688.932732966,11707.731707317073
9435748.928822996,31893158.651020374,11219.951219512195,5.731608540181068,9435453.135217259,31892728.39228667,10732.170731707318,9435798.902757995,31893678.380797226,10732.170731707318,9436044.722428735,31893588.90975408,11707.731707317073,9435698.954887997,31892638.921243526,11707.731707317073
9436094.696363732,31894108.63953093,11219.951219512195,4.686797155367297,9435798.902757995,31893678.380797226,10732.170731707318,9436144.670298735,31894628.369307783,10732.170731707318,9436390.489969471,31894538.898264635,11707.731707317073,9436044.722428735,31893588.90975408,11707.731707317073
9436440.463904472,31895058.628041487,11219.951219512195,3.7890785885038794,9436144.670298735,31894628.369307783,10732.170731707318,9436490.43783947,31895578.357818335,10732.170731707318,9436736.25751021,31895488.886775192,11707.731707317073,9436390.489969471,31894538.898264635,11707.731707317073
9436786.231445208,31896008.616552044,11219.951219512195,3.843005095980631,9436490.43783947,31895578.357818335,10732.170731707318,9436836.205380209,31896528.346328896,10732.170731707318,9437082.025050946,31896438.87528575,11707.731707317073,9436736.25751021,31895488.886775192,11707.731707317073
9416631.76621244,31839869.82338606,12195.512195121953,4.666767048050367,9416335.972606702,31839439.564652354,11707.731707317073,9416681.740147438,31840389.553162914,11707.731707317073,9416927.559818177,31840300.082119767,12683.292682926829,9416581.792277439,31839350.09360921,12683.292682926829
9416977.533753175,31840819.811896622,12195.512195121953,4.665722919995317,9416681.740147438,31840389.553162914,11707.731707317073,9417027.507688176,31841339.54167347,11707.731707317073,9417273.327358915,31841250.070630327,12683.292682926829,9416927.559818177,31840300.082119767,12683.292682926829
9417323.301293913,31841769.80040718,12195.512195121953,6.004506637188723,9417027.507688176,31841339.54167347,11707.731707317073,9417373.275228912,31842289.530184027,11707.731707317073,9417619.094899653,31842200.05914088,12683.292682926829,9417273.327358915,31841250.070630327,12683.292682926829
9417669.06883465,31842719.788917728,12195.512195121953,8.51158533285574,9417373.275228912,31842289.530184027,11707.731707317073,9417719.04276965,31843239.518694583,11707.731707317073,9417964.862440389,31843150.047651436,12683.292682926829,9417619.094899653,31842200.05914088,12683.292682926829
9418014.836375387,31843669.777428288,12195.512195121953,7.1760930532412015,9417719.04276965,31843239.518694583,11707.731707317073,9418064.810310386,31844189.507205136,11707.731707317073,9418310.629981127,31844100.036161993,12683.292682926829,9417964.862440389,31843150.047651436,12683.292682926829
9418360.603916124,31844619.76593884,12195.512195121953,6.399911879066522,9418064.810310386,31844189.507205136,11707.731707317073,9418410.577851126,31845139.495715696,11707.731707317073,9418656.397521863,31845050.02467255,12683.292682926829,9418310.629981127,31844100.036161993,12683.292682926829
9418706.371456863,31845569.7544494,12195.512195121953,6.497740594863092,9418410.577851126,31845139.495715696,11707.731707317073,9418756.345391862,31846089.484226253,11707.731707317073,9419002.1650626,31846000.013183106,12683.292682926829,9418656.397521863,31845050.02467255,12683.292682926829
9419052.1389976,31846519.74295996,12195.512195121953,8.16917385623539,9418756.345391862,31846089.484226253,11707.731707317073,9419102.1129326,31847039.47273681,11707.731707317073,9419347.932603339,31846950.001693662,12683.292682926829,9419002.1650626,31846000.013183106,12683.292682926829
9419397.90653834,31847469.731470518,12195.512195121953,7.536801678210384,9419102.1129326,31847039.47273681,11707.731707317073,9419447.880473338,31847989.461247366,11707.731707317073,9419693.700144077,31847899.99020422,12683.292682926829,9419347.932603339,31846950.001693662,12683.292682926829
9419743.674079074,31848419.71998107,12195.512195121953,7.3261111359132425,9419447.880473338,31847989.461247366,11707.731707317073,9419793.648014074,31848939.449757922,11707.731707317073,9420039.467684813,31848849.97871478,12683.292682926829,9419693.700144077,31847899.99020422,12683.292682926829
9420089.441619813,31849369.708491627,12195.512195121953,6.301291337633096,9419793.648014074,31848939.449757922,11707.731707317073,9420139.415554812,31849889.43826848,11707.731707317073,9420385.23522555,31849799.96722533,12683.292682926829,9420039.467684813,31848849.97871478,12683.292682926829
9420435.209160551,31850319.69700218,12195.512195121953,5.635010865799952,9420139.415554812,31849889.43826848,11707.731707317073,9420485.18309555,31850839.426779035,11707.731707317073,9420731.002766289,31850749.95573589,12683.292682926829,9420385.23522555,31849799.96722533,12683.292682926829
9420780.976701288,31851269.68551274,12195.512195121953,4.313018419126363,9420485.18309555,31850839.426779035,11707.731707317073,9420830.950636288,31851789.41528959,11707.731707317073,9421076.770307025,31851699.944246445,12683.292682926829,9420731.002766289,31850749.95573589,12683.292682926829
9421126.744242026,31852219.674023297,12195.512195121953,3.673504508993494,9420830.950636288,31851789.41528959,11707.731707317073,9421176.718177024,31852739.40380015,11707.731707317073,9421422.537847765,31852649.932757,12683.292682926829,9421076.770307025,31851699.944246445,12683.292682926829
9421472.511782762,31853169.662533853,12195.512195121953,4.025256569792535,9421176.718177024,31852739.40380015,11707.731707317073,9421522.485717762,31853689.392310705,11707.731707317073,9421768.3053885,31853599.921267558,12683.292682926829,9421422.537847765,31852649.932757,12683.292682926829
9421818.2793235,31854119.65104441,12195.512195121953,4.6231619968231055,9421522.485717762,31853689.392310705,11707.731707317073,9421868.253258498,31854639.38082126,11707.731707317073,9422114.072929239,31854549.909778118,12683.292682926829,9421768.3053885,31853599.921267558,12683.292682926829
9422164.046864236,31855069.639554966,12195.512195121953,5.317491519545066,9421868.253258498,31854639.38082126,11707.731707317073,9422214.020799236,31855589.369331818,11707.731707317073,9422459.840469975,31855499.89828867,12683.292682926829,9422114.072929239,31854549.909778118,12683.292682926829
9422509.814404974,31856019.628065523,12195.512195121953,5.55001008160846,9422214.020799236,31855589.369331818,11707.731707317073,9422559.788339974,31856539.357842375,11707.731707317073,9422805.608010713,31856449.88679923,12683.292682926829,9422459.840469975,31855499.89828867,12683.292682926829
9422855.581945712,31856969.61657608,12195.512195121953,4.702267187475839,9422559.788339974,31856539.357842375,11707.731707317073,9422905.555880712,31857489.34635293,11707.731707317073,9423151.37555145,31857399.875309784,12683.292682926829,9422805.608010713,31856449.88679923,12683.292682926829
9423201.349486452,31857919.605086636,12195.512195121953,3.9542823164970264,9422905.555880712,31857489.34635293,11707.731707317073,9423251.323421448,31858439.334863488,11707.731707317073,9423497.143092189,31858349.86382034,12683.292682926829,9423151.37555145,31857399.875309784,12683.292682926829
9423547.117027186,31858869.593597192,12195.512195121953,3.8726572666696906,9423251.323421448,31858439.334863488,11707.731707317073,9423597.090962186,31859389.323374044,11707.731707317073,9423842.910632925,31859299.8523309,12683.292682926829,9423497.143092189,31858349.86382034,12683.292682926829
9423892.884567926,31859819.58210775,12195.512195121953,3.9167371659994124,9423597.090962186,31859389.323374044,11707.731707317073,9423942.858502924,31860339.3118846,11707.731707317073,9424188.678173663,31860249.840841454,12683.292682926829,9423842.910632925,31859299.8523309,12683.292682926829
9424238.652108662,31860769.57061831,12195.512195121953,3.636002645558097,9423942.858502924,31860339.3118846,11707.731707317073,9424288.62604366,31861289.300395157,11707.731707317073,9424534.4457144,31861199.82935201,12683.292682926829,9424188.678173663,31860249.840841454,12683.292682926829
9424584.4196494,31861719.559128862,12195.512195121953,4.961913817081346,9424288.62604366,31861289.300395157,11707.731707317073,9424634.393584399,31862239.288905714,11707.731707317073,9424880.213255137,31862149.817862567,12683.292682926829,9424534.4457144,31861199.82935201,12683.292682926829
9424930.187190138,31862669.547639415,12195.512195121953,5.95631136219034,9424634.393584399,31862239.288905714,11707.731707317073,9424980.161125137,31863189.27741627,11707.731707317073,9425225.980795875,31863099.806373123,12683.292682926829,9424880.213255137,31862149.817862567,12683.292682926829
9425275.954730874,31863619.53614998,12195.512195121953,6.020056482452474,9424980.161125137,31863189.27741627,11707.731707317073,9425325.928665875,31864139.265926827,11707.731707317073,9425571.748336611,31864049.79488368,12683.292682926829,9425225.980795875,31863099.806373123,12683.292682926829
9425621.722271612,31864569.524660528,12195.512195121953,7.165724054611807,9425325.928665875,31864139.265926827,11707.731707317073,9425671.69620661,31865089.254437383,11707.731707317073,9425917.515877351,31864999.783394236,12683.292682926829,9425571.748336611,31864049.79488368,12683.292682926829
9425967.489812348,31865519.513171088,12195.512195121953,9.711087098502539,9425671.69620661,31865089.254437383,11707.731707317073,9426017.463747349,31866039.24294794,11707.731707317073,9426263.283418087,31865949.771904793,12683.292682926829,9425917.515877351,31864999.783394236,12683.292682926829
9426313.257353086,31866469.50168165,12195.512195121953,11.265382285073972,9426017.463747349,31866039.24294794,11707.731707317073,9426363.231288085,31866989.231458496,11707.731707317073,9426609.050958825,31866899.760415353,12683.292682926829,9426263.283418087,31865949.771904793,12683.292682926829
9426659.024893822,31867419.4901922,12195.512195121953,11.764529885955678,9426363.231288085,31866989.231458496,11707.731707317073,9426708.998828823,31867939.219969053,11707.731707317073,9426954.818499561,31867849.748925906,12683.292682926829,9426609.050958825,31866899.760415353,12683.292682926829
9427004.79243456,31868369.478702758,12195.512195121953,12.610741306032057,9426708.998828823,31867939.219969053,11707.731707317073,9427054.76636956,31868889.20847961,11707.731707317073,9427300.5860403,31868799.737436466,12683.292682926829,9426954.818499561,31867849.748925906,12683.292682926829
9427350.559975298,31869319.46721331,12195.512195121953,12.335881906480592,9427054.76636956,31868889.20847961,11707.731707317073,9427400.533910299,31869839.196990166,11707.731707317073,9427646.353581036,31869749.72594702,12683.292682926829,9427300.5860403,31868799.737436466,12683.292682926829
9427696.327516038,31870269.455723867,12195.512195121953,13.586475761535834,9427400.533910299,31869839.196990166,11707.731707317073,9427746.301451037,31870789.185500722,11707.731707317073,9427992.121121775,31870699.714457575,12683.292682926829,9427646.353581036,31869749.72594702,12683.292682926829
9428042.095056774,31871219.444234427,12195.512195121953,15.322602727321696,9427746.301451037,31870789.185500722,11707.731707317073,9428092.068991773,31871739.17401128,11707.731707317073,9428337.888662511,31871649.702968135,12683.292682926829,9427992.121121775,31870699.714457575,12683.292682926829
9428387.862597512,31872169.43274498,12195.512195121953,13.177924179647206,9428092.068991773,31871739.17401128,11707.731707317073,9428437.83653251,31872689.162521835,11707.731707317073,9428683.65620325,31872599.69147869,12683.292682926829,9428337.888662511,31871649.702968135,12683.292682926829
9428733.630138248,31873119.42125554,12195.512195121953,10.232891065717945,9428437.83653251,31872689.162521835,11707.731707317073,9428783.604073247,31873639.151032392,11707.731707317073,9429029.423743987,31873549.679989245,12683.292682926829,9428683.65620325,31872599.69147869,12683.292682926829
9429079.397678986,31874069.409766097,12195.512195121953,8.053573726826372,9428783.604073247,31873639.151032392,11707.731707317073,9429129.371613987,31874589.13954295,11707.731707317073,9429375.191284724,31874499.668499805,12683.292682926829,9429029.423743987,31873549.679989245,12683.292682926829
9429425.165219724,31875019.39827665,12195.512195121953,7.587330296510365,9429129.371613987,31874589.13954295,11707.731707317073,9429475.139154723,31875539.128053505,11707.731707317073,9429720.958825462,31875449.657010358,12683.292682926829,9429375.191284724,31874499.668499805,12683.292682926829
9429770.93276046,31875969.38678721,12195.512195121953,6.067481155753198,9429475.139154723,31875539.128053505,11707.731707317073,9429820.90669546,31876489.11656406,11707.731707317073,9430066.7263662,31876399.645520918,12683.292682926829,9429720.958825462,31875449.657010358,12683.292682926829
9430116.700301198,31876919.375297766,12195.512195121953,6.004720995618097,9429820.90669546,31876489.11656406,11707.731707317073,9430166.674236197,31877439.105074618,11707.731707317073,9430412.493906938,31877349.63403147,12683.292682926829,9430066.7263662,31876399.645520918,12683.292682926829
9430462.467841934,31877869.36380832,12195.512195121953,7.289191022807692,9430166.674236197,31877439.105074618,11707.731707317073,9430512.441776935,31878389.093585175,11707.731707317073,9430758.261447674,31878299.622542027,12683.292682926829,9430412.493906938,31877349.63403147,12683.292682926829
9430808.235382672,31878819.35231888,12195.512195121953,9.872759255004727,9430512.441776935,31878389.093585175,11707.731707317073,9430858.209317671,31879339.08209573,11707.731707317073,9431104.028988412,31879249.611052588,12683.292682926829,9430758.261447674,31878299.622542027,12683.292682926829
9431154.002923409,31879769.340829436,12195.512195121953,12.090445662833346,9430858.209317671,31879339.08209573,11707.731707317073,9431203.97685841,31880289.070606288,11707.731707317073,9431449.796529148,31880199.59956314,12683.292682926829,9431104.028988412,31879249.611052588,12683.292682926829
9431499.770464147,31880719.329339992,12195.512195121953,12.60892620656569,9431203.97685841,31880289.070606288,11707.731707317073,9431549.744399149,31881239.059116844,11707.731707317073,9431795.564069886,31881149.588073697,12683.292682926829,9431449.796529148,31880199.59956314,12683.292682926829
9431845.538004884,31881669.31785055,12195.512195121953,13.47500182288045,9431549.744399149,31881239.059116844,11707.731707317073,9431895.511939885,31882189.047627397,11707.731707317073,9432141.331610622,31882099.576584253,12683.292682926829,9431795.564069886,31881149.588073697,12683.292682926829
9432191.305545624,31882619.306361105,12195.512195121953,14.78668366353438,9431895.511939885,31882189.047627397,11707.731707317073,9432241.279480623,31883139.036137957,11707.731707317073,9432487.099151362,31883049.56509481,12683.292682926829,9432141.331610622,31882099.576584253,12683.292682926829
9432537.07308636,31883569.29487166,12195.512195121953,13.701290923299414,9432241.279480623,31883139.036137957,11707.731707317073,9432587.04702136,31884089.024648514,11707.731707317073,9432832.8666921,31883999.55360537,12683.292682926829,9432487.099151362,31883049.56509481,12683.292682926829
9432882.840627098,31884519.28338222,12195.512195121953,12.532700656407494,9432587.04702136,31884089.024648514,11707.731707317073,9432932.814562097,31885039.013159074,11707.731707317073,9433178.634232836,31884949.542115923,12683.292682926829,9432832.8666921,31883999.55360537,12683.292682926829
9433228.608167835,31885469.271892775,12195.512195121953,11.301445359025834,9432932.814562097,31885039.013159074,11707.731707317073,9433278.582102833,31885989.001669627,11707.731707317073,9433524.401773574,31885899.53062648,12683.292682926829,9433178.634232836,31884949.542115923,12683.292682926829
9433574.375708573,31886419.26040333,12195.512195121953,9.98825225776087,9433278.582102833,31885989.001669627,11707.731707317073,9433624.349643573,31886938.990180183,11707.731707317073,9433870.16931431,31886849.51913704,12683.292682926829,9433524.401773574,31885899.53062648,12683.292682926829
9433920.14324931,31887369.248913888,12195.512195121953,9.841691318841637,9433624.349643573,31886938.990180183,11707.731707317073,9433970.11718431,31887888.97869074,11707.731707317073,9434215.936855048,31887799.507647593,12683.292682926829,9433870.16931431,31886849.51913704,12683.292682926829
9434265.910790047,31888319.237424448,12195.512195121953,9.782601796946397,9433970.11718431,31887888.97869074,11707.731707317073,9434315.884725047,31888838.967201296,11707.731707317073,9434561.704395786,31888749.49615815,12683.292682926829,9434215.936855048,31887799.507647593,12683.292682926829
9434611.678330785,31889269.225935,12195.512195121953,9.780949713553088,9434315.884725047,31888838.967201296,11707.731707317073,9434661.652265783,31889788.95571185,11707.731707317073,9434907.471936524,31889699.484668706,12683.292682926829,9434561.704395786,31888749.49615815,12683.292682926829
9434957.44587152,31890219.214445557,12195.512195121953,10.514782040100666,9434661.652265783,31889788.95571185,11707.731707317073,9435007.419806521,31890738.94422241,11707.731707317073,9435253.23947726,31890649.473179262,12683.292682926829,9434907.471936524,31889699.484668706,12683.292682926829
9435303.213412259,31891169.202956118,12195.512195121953,10.548088124779404,9435007.419806521,31890738.94422241,11707.731707317073,9435353.187347258,31891688.932732966,11707.731707317073,9435599.007017998,31891599.461689822,12683.292682926829,9435253.23947726,31890649.473179262,12683.292682926829
9435648.980952995,31892119.19146667,12195.512195121953,6.304337324806259,9435353.187347258,31891688.932732966,11707.731707317073,9435698.954887997,31892638.921243526,11707.731707317073,9435944.774558734,31892549.45020038,12683.292682926829,9435599.007017998,31891599.461689822,12683.292682926829
9435994.748493735,31893069.179977227,12195.512195121953,4.543965510258856,9435698.954887997,31892638.921243526,11707.731707317073,9436044.722428735,31893588.90975408,11707.731707317073,9436290.542099472,31893499.43871093,12683.292682926829,9435944.774558734,31892549.45020038,12683.292682926829
9436340.516034473,31894019.168487787,12195.512195121953,3.679218531076968,9436044.722428735,31893588.90975408,11707.731707317073,9436390.489969471,31894538.898264635,11707.731707317073,9436636.30964021,31894449.427221492,12683.292682926829,9436290.542099472,31893499.43871093,12683.292682926829
9436686.28357521,31894969.15699834,12195.512195121953,3.0429108424045905,9436390.489969471,31894538.898264635,11707.731707317073,9436736.25751021,31895488.886775192,11707.731707317073,9436982.077180948,31895399.415732045,12683.292682926829,9436636.30964021,31894449.427221492,12683.292682926829
9437032.051115947,31895919.1455089,12195.512195121953,2.2073360811331333,9436736.25751021,31895488.886775192,11707.731707317073,9437082.025050946,31896438.87528575,11707.731707317073,9437327.844721686,31896349.4042426,12683.292682926829,9436982.077180948,31895399.415732045,12683.292682926829
9416877.585883176,31839780.352342915,13171.073170731708,4.22513914008507,9416581.792277439,31839350.09360921,12683.292682926829,9416927.559818177,31840300.082119767,12683.292682926829,9417173.379488915,31840210.611076623,13658.853658536585,9416827.611948177,31839260.622566063,13658.853658536585
9417223.353423914,31840730.340853475,13171.073170731708,4.036963257341764,9416927.559818177,31840300.082119767,12683.292682926829,9417273.327358915,31841250.070630327,12683.292682926829,9417519.147029651,31841160.59958718,13658.853658536585,9417173.379488915,31840210.611076623,13658.853658536585
9417569.120964652,31841680.32936403,13171.073170731708,5.442305770137633,9417273.327358915,31841250.070630327,12683.292682926829,9417619.094899653,31842200.05914088,12683.292682926829,9417864.91457039,31842110.588097733,13658.853658536585,9417519.147029651,31841160.59958718,13658.853658536585
9417914.88850539,31842630.317874584,13171.073170731708,6.480120132681623,9417619.094899653,31842200.05914088,12683.292682926829,9417964.862440389,31843150.047651436,12683.292682926829,9418210.68211113,31843060.576608293,13658.853658536585,9417864.91457039,31842110.588097733,13658.853658536585
9418260.656046128,31843580.30638514,13171.073170731708,5.92685546465512,9417964.862440389,31843150.047651436,12683.292682926829,9418310.629981127,31844100.036161993,12683.292682926829,9418556.449651865,31844010.565118846,13658.853658536585,9418210.68211113,31843060.576608293,13658.853658536585
9418606.423586864,31844530.294895697,13171.073170731708,5.308227628528481,9418310.629981127,31844100.036161993,12683.292682926829,9418656.397521863,31845050.02467255,12683.292682926829,9418902.217192603,31844960.553629402,13658.853658536585,9418556.449651865,31844010.565118846,13658.853658536585
9418952.191127602,31845480.283406254,13171.073170731708,5.666022272656077,9418656.397521863,31845050.02467255,12683.292682926829,9419002.1650626,31846000.013183106,12683.292682926829,9419247.98473334,31845910.542139962,13658.853658536585,9418902.217192603,31844960.553629402,13658.853658536585
9419297.95866834,31846430.27191681,13171.073170731708,6.700871893855193,9419002.1650626,31846000.013183106,12683.292682926829,9419347.932603339,31846950.001693662,12683.292682926829,9419593.752274077,31846860.530650515,13658.853658536585,9419247.98473334,31845910.542139962,13658.853658536585
9419643.726209076,31847380.260427367,13171.073170731708,6.564274524945107,9419347.932603339,31846950.001693662,12683.292682926829,9419693.700144077,31847899.99020422,12683.292682926829,9419939.519814814,31847810.519161075,13658.853658536585,9419593.752274077,31846860.530650515,13658.853658536585
9419989.493749814,31848330.248937923,13171.073170731708,6.564817443584366,9419693.700144077,31847899.99020422,12683.292682926829,9420039.467684813,31848849.97871478,12683.292682926829,9420285.287355553,31848760.507671632,13658.853658536585,9419939.519814814,31847810.519161075,13658.853658536585
9420335.26129055,31849280.23744848,13171.073170731708,5.325941450172942,9420039.467684813,31848849.97871478,12683.292682926829,9420385.23522555,31849799.96722533,12683.292682926829,9420631.05489629,31849710.496182185,13658.853658536585,9420285.287355553,31848760.507671632,13658.853658536585
9420681.028831288,31850230.225959036,13171.073170731708,4.520330005881437,9420385.23522555,31849799.96722533,12683.292682926829,9420731.002766289,31850749.95573589,12683.292682926829,9420976.822437027,31850660.484692745,13658.853658536585,9420631.05489629,31849710.496182185,13658.853658536585
9421026.796372026,31851180.214469593,13171.073170731708,4.580027147418335,9420731.002766289,31850749.95573589,12683.292682926829,9421076.770307025,31851699.944246445,12683.292682926829,9421322.589977764,31851610.473203298,13658.853658536585,9420976.822437027,31850660.484692745,13658.853658536585
9421372.563912762,31852130.202980153,13171.073170731708,4.5766536769934305,9421076.770307025,31851699.944246445,12683.292682926829,9421422.537847765,31852649.932757,12683.292682926829,9421668.357518502,31852560.461713854,13658.853658536585,9421322.589977764,31851610.473203298,13658.853658536585
9421718.331453502,31853080.191490706,13171.073170731708,5.552855739991552,9421422.537847765,31852649.932757,12683.292682926829,9421768.3053885,31853599.921267558,12683.292682926829,9422014.12505924,31853510.450224414,13658.853658536585,9421668.357518502,31852560.461713854,13658.853658536585
9422064.09899424,31854030.180001263,13171.073170731708,5.041821804742327,9421768.3053885,31853599.921267558,12683.292682926829,9422114.072929239,31854549.909778118,12683.292682926829,9422359.892599978,31854460.43873497,13658.853658536585,9422014.12505924,31853510.450224414,13658.853658536585
9422409.866534976,31854980.168511823,13171.073170731708,4.957064281394719,9422114.072929239,31854549.909778118,12683.292682926829,9422459.840469975,31855499.89828867,12683.292682926829,9422705.660140716,31855410.427245528,13658.853658536585,9422359.892599978,31854460.43873497,13658.853658536585
9422755.634075714,31855930.157022376,13171.073170731708,4.919855880346531,9422459.840469975,31855499.89828867,12683.292682926829,9422805.608010713,31856449.88679923,12683.292682926829,9423051.427681452,31856360.415756084,13658.853658536585,9422705.660140716,31855410.427245528,13658.853658536585
9423101.40161645,31856880.145532932,13171.073170731708,4.839548843982004,9422805.608010713,31856449.88679923,12683.292682926829,9423151.37555145,31857399.875309784,12683.292682926829,9423397.19522219,31857310.404266637,13658.853658536585,9423051.427681452,31856360.415756084,13658.853658536585
9423447.169157188,31857830.134043492,13171.073170731708,5.881809764194825,9423151.37555145,31857399.875309784,12683.292682926829,9423497.143092189,31858349.86382034,12683.292682926829,9423742.962762926,31858260.392777197,13658.853658536585,9423397.19522219,31857310.404266637,13658.853658536585
9423792.936697926,31858780.122554045,13171.073170731708,4.660349831406316,9423497.143092189,31858349.86382034,12683.292682926829,9423842.910632925,31859299.8523309,12683.292682926829,9424088.730303664,31859210.38128775,13658.853658536585,9423742.962762926,31858260.392777197,13658.853658536585
9424138.704238662,31859730.111064605,13171.073170731708,3.776877439716212,9423842.910632925,31859299.8523309,12683.292682926829,9424188.678173663,31860249.840841454,12683.292682926829,9424434.4978444,31860160.36979831,13658.853658536585,9424088.730303664,31859210.38128775,13658.853658536585
9424484.4717794,31860680.099575162,13171.073170731708,3.693642736491587,9424188.678173663,31860249.840841454,12683.292682926829,9424534.4457144,31861199.82935201,12683.292682926829,9424780.26538514,31861110.358308867,13658.853658536585,9424434.4978444,31860160.36979831,13658.853658536585
9424830.239320137,31861630.088085715,13171.073170731708,3.9436223669308754,9424534.4457144,31861199.82935201,12683.292682926829,9424880.213255137,31862149.817862567,12683.292682926829,9425126.032925876,31862060.34681942,13658.853658536585,9424780.26538514,31861110.358308867,13658.853658536585
9425176.006860875,31862580.07659627,13171.073170731708,4.15230214935347,9424880.213255137,31862149.817862567,12683.292682926829,9425225.980795875,31863099.806373123,12683.292682926829,9425471.800466614,31863010.33532998,13658.853658536585,9425126.032925876,31862060.34681942,13658.853658536585
9425521.774401613,31863530.065106824,13171.073170731708,4.221888296950437,9425225.980795875,31863099.806373123,12683.292682926829,9425571.748336611,31864049.79488368,12683.292682926829,9425817.568007352,31863960.323840532,13658.853658536585,9425471.800466614,31863010.33532998,13658.853658536585
9425867.541942349,31864480.053617384,13171.073170731708,6.101364544861186,9425571.748336611,31864049.79488368,12683.292682926829,9425917.515877351,31864999.783394236,12683.292682926829,9426163.335548088,31864910.31235109,13658.853658536585,9425817.568007352,31863960.323840532,13658.853658536585
9426213.309483089,31865430.04212794,13171.073170731708,8.323436181829141,9425917.515877351,31864999.783394236,12683.292682926829,9426263.283418087,31865949.771904793,12683.292682926829,9426509.103088826,31865860.30086165,13658.853658536585,9426163.335548088,31864910.31235109,13658.853658536585
9426559.077023827,31866380.0306385,13171.073170731708,9.224342435670637,9426263.283418087,31865949.771904793,12683.292682926829,9426609.050958825,31866899.760415353,12683.292682926829,9426854.870629564,31866810.289372206,13658.853658536585,9426509.103088826,31865860.30086165,13658.853658536585
9426904.844564563,31867330.019149058,13171.073170731708,10.57355943703049,9426609.050958825,31866899.760415353,12683.292682926829,9426954.818499561,31867849.748925906,12683.292682926829,9427200.638170302,31867760.277882762,13658.853658536585,9426854.870629564,31866810.289372206,13658.853658536585
9427250.6121053,31868280.00765961,13171.073170731708,11.577621275365049,9426954.818499561,31867849.748925906,12683.292682926829,9427300.5860403,31868799.737436466,12683.292682926829,9427546.405711038,31868710.26639332,13658.853658536585,9427200.638170302,31867760.277882762,13658.853658536585
9427596.379646037,31869229.996170163,13171.073170731708,10.426088999608623,9427300.5860403,31868799.737436466,12683.292682926829,9427646.353581036,31869749.72594702,12683.292682926829,9427892.173251776,31869660.25490387,13658.853658536585,9427546.405711038,31868710.26639332,13658.853658536585
9427942.147186775,31870179.984680723,13171.073170731708,11.184538858696552,9427646.353581036,31869749.72594702,12683.292682926829,9427992.121121775,31870699.714457575,12683.292682926829,9428237.940792512,31870610.24341443,13658.853658536585,9427892.173251776,31869660.25490387,13658.853658536585
9428287.914727513,31871129.97319128,13171.073170731708,11.54890898128349,9427992.121121775,31870699.714457575,12683.292682926829,9428337.888662511,31871649.702968135,12683.292682926829,9428583.70833325,31871560.23192499,13658.853658536585,9428237.940792512,31870610.24341443,13658.853658536585
9428633.682268249,31872079.961701836,13171.073170731708,9.992951963596045,9428337.888662511,31871649.702968135,12683.292682926829,9428683.65620325,31872599.69147869,12683.292682926829,9428929.475873988,31872510.22043554,13658.853658536585,9428583.70833325,31871560.23192499,13658.853658536585
9428979.449808987,31873029.950212393,13171.073170731708,6.343075540043103,9428683.65620325,31872599.69147869,12683.292682926829,9429029.423743987,31873549.679989245,12683.292682926829,9429275.243414726,31873460.2089461,13658.853658536585,9428929.475873988,31872510.22043554,13658.853658536585
9429325.217349725,31873979.93872295,13171.073170731708,6.193077712433306,9429029.423743987,31873549.679989245,12683.292682926829,9429375.191284724,31874499.668499805,12683.292682926829,9429621.010955462,31874410.197456658,13658.853658536585,9429275.243414726,31873460.2089461,13658.853658536585
9429670.984890461,31874929.927233506,13171.073170731708,7.435092969082369,9429375.191284724,31874499.668499805,12683.292682926829,9429720.958825462,31875449.657010358,12683.292682926829,9429966.7784962,31875360.185967214,13658.853658536585,9429621.010955462,31874410.197456658,13658.853658536585
9430016.752431199,31875879.915744063,13171.073170731708,5.892091393377476,9429720.958825462,31875449.657010358,12683.292682926829,9430066.7263662,31876399.645520918,12683.292682926829,9430312.546036938,31876310.17447777,13658.853658536585,9429966.7784962,31875360.185967214,13658.853658536585
9430362.519971937,31876829.90425462,13171.073170731708,5.392016632816124,9430066.7263662,31876399.645520918,12683.292682926829,9430412.493906938,31877349.63403147,12683.292682926829,9430658.313577674,31877260.162988324,13658.853658536585,9430312.546036938,31876310.17447777,13658.853658536585
9430708.287512675,31877779.892765176,13171.073170731708,9.111730211827751,9430412.493906938,31877349.63403147,12683.292682926829,9430758.261447674,31878299.622542027,12683.292682926829,9431004.081118414,31878210.151498884,13658.853658536585,9430658.313577674,31877260.162988324,13658.853658536585
9431054.055053413,31878729.881275732,13171.073170731708,9.90629923701089,9430758.261447674,31878299.622542027,12683.292682926829,9431104.028988412,31879249.611052588,12683.292682926829,9431349.84865915,31879160.14000944,13658.853658536585,9431004.081118414,31878210.151498884,13658.853658536585
9431399.822594149,31879679.869786292,13171.073170731708,11.415352911825433,9431104.028988412,31879249.611052588,12683.292682926829,9431449.796529148,31880199.59956314,12683.292682926829,9431695.616199888,31880110.128519993,13658.853658536585,9431349.84865915,31879160.14000944,13658.853658536585
9431745.590134887,31880629.858296845,13171.073170731708,12.411315995876485,9431449.796529148,31880199.59956314,12683.292682926829,9431795.564069886,31881149.588073697,12683.292682926829,9432041.383740624,31881060.117030554,13658.853658536585,9431695.616199888,31880110.128519993,13658.853658536585
9432091.357675623,31881579.8468074,13171.073170731708,13.275817169663194,9431795.564069886,31881149.588073697,12683.292682926829,9432141.331610622,31882099.576584253,12683.292682926829,9432387.151281362,31882010.105541106,13658.853658536585,9432041.383740624,31881060.117030554,13658.853658536585
9432437.125216361,31882529.835317962,13171.073170731708,15.452926474773605,9432141.331610622,31882099.576584253,12683.292682926829,9432487.099151362,31883049.56509481,12683.292682926829,9432732.918822099,31882960.094051667,13658.853658536585,9432387.151281362,31882010.105541106,13658.853658536585
9432782.8927571,31883479.823828515,13171.073170731708,14.35734419481408,9432487.099151362,31883049.56509481,12683.292682926829,9432832.8666921,31883999.55360537,12683.292682926829,9433078.686362837,31883910.082562223,13658.853658536585,9432732.918822099,31882960.094051667,13658.853658536585
9433128.660297837,31884429.81233907,13171.073170731708,11.303249344483534,9432832.8666921,31883999.55360537,12683.292682926829,9433178.634232836,31884949.542115923,12683.292682926829,9433424.453903574,31884860.071072776,13658.853658536585,9433078.686362837,31883910.082562223,13658.853658536585
9433474.427838573,31885379.80084963,13171.073170731708,9.801705340853118,9433178.634232836,31884949.542115923,12683.292682926829,9433524.401773574,31885899.53062648,12683.292682926829,9433770.221444312,31885810.059583336,13658.853658536585,9433424.453903574,31884860.071072776,13658.853658536585
9433820.195379311,31886329.789360184,13171.073170731708,9.241097704072155,9433524.401773574,31885899.53062648,12683.292682926829,9433870.16931431,31886849.51913704,12683.292682926829,9434115.98898505,31886760.048093893,13658.853658536585,9433770.221444312,31885810.059583336,13658.853658536585
9434165.962920047,31887279.777870744,13171.073170731708,8.385870637721334,9433870.16931431,31886849.51913704,12683.292682926829,9434215.936855048,31887799.507647593,12683.292682926829,9434461.756525787,31887710.036604445,13658.853658536585,9434115.98898505,31886760.048093893,13658.853658536585
9434511.730460785,31888229.7663813,13171.073170731708,8.998341224913334,9434215.936855048,31887799.507647593,12683.292682926829,9434561.704395786,31888749.49615815,12683.292682926829,9434807.524066525,31888660.025115006,13658.853658536585,9434461.756525787,31887710.036604445,13658.853658536585
9434857.498001523,31889179.754891854,13171.073170731708,9.418335223281902,9434561.704395786,31888749.49615815,12683.292682926829,9434907.471936524,31889699.484668706,12683.292682926829,9435153.29160726,31889610.01362556,13658.853658536585,9434807.524066525,31888660.025115006,13658.853658536585
9435203.265542261,31890129.743402414,13171.073170731708,7.042898168717738,9434907.471936524,31889699.484668706,12683.292682926829,9435253.23947726,31890649.473179262,12683.292682926829,9435499.059148,31890560.00213612,13658.853658536585,9435153.29160726,31889610.01362556,13658.853658536585
9435549.033083,31891079.73191297,13171.073170731708,7.210602587054216,9435253.23947726,31890649.473179262,12683.292682926829,9435599.007017998,31891599.461689822,12683.292682926829,9435844.826688737,31891509.990646675,13658.853658536585,9435499.059148,31890560.00213612,13658.853658536585
9435894.800623735,31892029.720423523,13171.073170731708,6.045953206192746,9435599.007017998,31891599.461689822,12683.292682926829,9435944.774558734,31892549.45020038,12683.292682926829,9436190.594229475,31892459.97915723,13658.853658536585,9435844.826688737,31891509.990646675,13658.853658536585
9436240.568164473,31892979.708934084,13171.073170731708,4.574749502911132,9435944.774558734,31892549.45020038,12683.292682926829,9436290.542099472,31893499.43871093,12683.292682926829,9436536.36177021,31893409.96766779,13658.853658536585,9436190.594229475,31892459.97915723,13658.853658536585
9436586.335705211,31893929.69744464,13171.073170731708,3.570861456062851,9436290.542099472,31893499.43871093,12683.292682926829,9436636.30964021,31894449.427221492,12683.292682926829,9436882.129310949,31894359.956178345,13658.853658536585,9436536.36177021,31893409.96766779,13658.853658536585
9436932.103245948,31894879.685955197,13171.073170731708,2.487061587476336,9436636.30964021,31894449.427221492,12683.292682926829,9436982.077180948,31895399.415732045,12683.292682926829,9437227.896851685,31895309.944688898,13658.853658536585,9436882.129310949,31894359.956178345,13658.853658536585
9437277.870786685,31895829.674465753,13171.073170731708,1.9132199330987132,9436982.077180948,31895399.415732045,12683.292682926829,9437327.844721686,31896349.4042426,12683.292682926829,9437573.664392425,31896259.933199458,13658.853658536585,9437227.896851685,31895309.944688898,13658.853658536585
9417123.405553916,31839690.881299768,14146.634146341463,2.9351379965790385,9416827.611948177,31839260.622566063,13658.853658536585,9417173.379488915,31840210.611076623,13658.853658536585,9417419.199159656,31840121.140033472,14634.414634146342,9417073.43161892,31839171.15152292,14634.414634146342
9417469.173094654,31840640.869810324,14146.634146341463,2.4365384208231937,9417173.379488915,31840210.611076623,13658.853658536585,9417519.147029651,31841160.59958718,13658.853658536585,9417764.966700396,31841071.12854403,14634.414634146342,9417419.199159656,31840121.140033472,14634.414634146342
9417814.94063539,31841590.858320888,14146.634146341463,3.2452529157278285,9417519.147029651,31841160.59958718,13658.853658536585,9417864.91457039,31842110.588097733,13658.853658536585,9418110.734241132,31842021.11705459,14634.414634146342,9417764.966700396,31841071.12854403,14634.414634146342
9418160.70817613,31842540.846831437,14146.634146341463,3.7837676652208354,9417864.91457039,31842110.588097733,13658.853658536585,9418210.68211113,31843060.576608293,13658.853658536585,9418456.50178187,31842971.105565142,14634.414634146342,9418110.734241132,31842021.11705459,14634.414634146342
9418506.475716868,31843490.835341997,14146.634146341463,3.787735391314205,9418210.68211113,31843060.576608293,13658.853658536585,9418556.449651865,31844010.565118846,13658.853658536585,9418802.269322606,31843921.0940757,14634.414634146342,9418456.50178187,31842971.105565142,14634.414634146342
9418852.243257605,31844440.82385255,14146.634146341463,4.28308724403652,9418556.449651865,31844010.565118846,13658.853658536585,9418902.217192603,31844960.553629402,13658.853658536585,9419148.036863344,31844871.08258626,14634.414634146342,9418802.269322606,31843921.0940757,14634.414634146342
9419198.010798343,31845390.812363107,14146.634146341463,5.39974529202104,9418902.217192603,31844960.553629402,13658.853658536585,9419247.98473334,31845910.542139962,13658.853658536585,9419493.804404082,31845821.07109681,14634.414634146342,9419148.036863344,31844871.08258626,14634.414634146342
9419543.778339079,31846340.800873667,14146.634146341463,5.848421177369631,9419247.98473334,31845910.542139962,13658.853658536585,9419593.752274077,31846860.530650515,13658.853658536585,9419839.57194482,31846771.05960737,14634.414634146342,9419493.804404082,31845821.07109681,14634.414634146342
9419889.545879818,31847290.78938422,14146.634146341463,4.455545739656321,9419593.752274077,31846860.530650515,13658.853658536585,9419939.519814814,31847810.519161075,13658.853658536585,9420185.339485558,31847721.048117924,14634.414634146342,9419839.57194482,31846771.05960737,14634.414634146342
9420235.313420555,31848240.777894776,14146.634146341463,5.372564582618421,9419939.519814814,31847810.519161075,13658.853658536585,9420285.287355553,31848760.507671632,13658.853658536585,9420531.107026294,31848671.03662848,14634.414634146342,9420185.339485558,31847721.048117924,14634.414634146342
9420581.080961293,31849190.766405337,14146.634146341463,4.4428541461388935,9420285.287355553,31848760.507671632,13658.853658536585,9420631.05489629,31849710.496182185,13658.853658536585,9420876.874567032,31849621.02513904,14634.414634146342,9420531.107026294,31848671.03662848,14634.414634146342
9420926.848502029,31850140.75491589,14146.634146341463,4.667533498154692,9420631.05489629,31849710.496182185,13658.853658536585,9420976.822437027,31850660.484692745,13658.853658536585,9421222.642107768,31850571.013649598,14634.414634146342,9420876.874567032,31849621.02513904,14634.414634146342
9421272.616042767,31851090.74342645,14146.634146341463,5.383610529484394,9420976.822437027,31850660.484692745,13658.853658536585,9421322.589977764,31851610.473203298,13658.853658536585,9421568.409648506,31851521.002160154,14634.414634146342,9421222.642107768,31850571.013649598,14634.414634146342
9421618.383583503,31852040.731937006,14146.634146341463,6.060260767215344,9421322.589977764,31851610.473203298,13658.853658536585,9421668.357518502,31852560.461713854,13658.853658536585,9421914.177189244,31852470.99067071,14634.414634146342,9421568.409648506,31851521.002160154,14634.414634146342
9421964.151124243,31852990.72044756,14146.634146341463,5.227757209695145,9421668.357518502,31852560.461713854,13658.853658536585,9422014.12505924,31853510.450224414,13658.853658536585,9422259.944729982,31853420.979181264,14634.414634146342,9421914.177189244,31852470.99067071,14634.414634146342
9422309.918664979,31853940.70895812,14146.634146341463,4.730731102203193,9422014.12505924,31853510.450224414,13658.853658536585,9422359.892599978,31854460.43873497,13658.853658536585,9422605.712270718,31854370.967691824,14634.414634146342,9422259.944729982,31853420.979181264,14634.414634146342
9422655.686205717,31854890.697468676,14146.634146341463,5.90435157536953,9422359.892599978,31854460.43873497,13658.853658536585,9422705.660140716,31855410.427245528,13658.853658536585,9422951.479811456,31855320.95620238,14634.414634146342,9422605.712270718,31854370.967691824,14634.414634146342
9423001.453746455,31855840.685979232,14146.634146341463,4.427281321427162,9422705.660140716,31855410.427245528,13658.853658536585,9423051.427681452,31856360.415756084,13658.853658536585,9423297.247352194,31856270.944712933,14634.414634146342,9422951.479811456,31855320.95620238,14634.414634146342
9423347.22128719,31856790.67448979,14146.634146341463,3.9981934670772246,9423051.427681452,31856360.415756084,13658.853658536585,9423397.19522219,31857310.404266637,13658.853658536585,9423643.01489293,31857220.933223493,14634.414634146342,9423297.247352194,31856270.944712933,14634.414634146342
9423692.988827929,31857740.663000345,14146.634146341463,4.15259711040221,9423397.19522219,31857310.404266637,13658.853658536585,9423742.962762926,31858260.392777197,13658.853658536585,9423988.78243367,31858170.92173405,14634.414634146342,9423643.01489293,31857220.933223493,14634.414634146342
9424038.756368667,31858690.6515109,14146.634146341463,4.374721610007328,9423742.962762926,31858260.392777197,13658.853658536585,9424088.730303664,31859210.38128775,13658.853658536585,9424334.549974406,31859120.910244606,14634.414634146342,9423988.78243367,31858170.92173405,14634.414634146342
9424384.523909405,31859640.640021455,14146.634146341463,4.463881154584169,9424088.730303664,31859210.38128775,13658.853658536585,9424434.4978444,31860160.36979831,13658.853658536585,9424680.317515144,31860070.89875516,14634.414634146342,9424334.549974406,31859120.910244606,14634.414634146342
9424730.291450141,31860590.628532015,14146.634146341463,4.577469362752365,9424434.4978444,31860160.36979831,13658.853658536585,9424780.26538514,31861110.358308867,13658.853658536585,9425026.08505588,31861020.887265716,14634.414634146342,9424680.317515144,31860070.89875516,14634.414634146342
9425076.058990879,31861540.617042568,14146.634146341463,4.538368282268959,9424780.26538514,31861110.358308867,13658.853658536585,9425126.032925876,31862060.34681942,13658.853658536585,9425371.852596618,31861970.875776276,14634.414634146342,9425026.08505588,31861020.887265716,14634.414634146342
9425421.826531615,31862490.605553124,14146.634146341463,5.121578152653201,9425126.032925876,31862060.34681942,13658.853658536585,9425471.800466614,31863010.33532998,13658.853658536585,9425717.620137354,31862920.864286833,14634.414634146342,9425371.852596618,31861970.875776276,14634.414634146342
9425767.594072353,31863440.59406368,14146.634146341463,4.445120098990135,9425471.800466614,31863010.33532998,13658.853658536585,9425817.568007352,31863960.323840532,13658.853658536585,9426063.387678092,31863870.852797385,14634.414634146342,9425717.620137354,31862920.864286833,14634.414634146342
9426113.36161309,31864390.582574237,14146.634146341463,4.8770899271286945,9425817.568007352,31863960.323840532,13658.853658536585,9426163.335548088,31864910.31235109,13658.853658536585,9426409.15521883,31864820.841307946,14634.414634146342,9426063.387678092,31863870.852797385,14634.414634146342
9426459.129153829,31865340.571084794,14146.634146341463,6.275873883139171,9426163.335548088,31864910.31235109,13658.853658536585,9426509.103088826,31865860.30086165,13658.853658536585,9426754.922759568,31865770.8298185,14634.414634146342,9426409.15521883,31864820.841307946,14634.414634146342
9426804.896694567,31866290.559595358,14146.634146341463,6.566761621785802,9426509.103088826,31865860.30086165,13658.853658536585,9426854.870629564,31866810.289372206,13658.853658536585,9427100.690300304,31866720.81832906,14634.414634146342,9426754.922759568,31865770.8298185,14634.414634146342
9427150.664235303,31867240.548105907,14146.634146341463,6.436756230401963,9426854.870629564,31866810.289372206,13658.853658536585,9427200.638170302,31867760.277882762,13658.853658536585,9427446.457841042,31867670.806839615,14634.414634146342,9427100.690300304,31866720.81832906,14634.414634146342
9427496.431776041,31868190.536616463,14146.634146341463,6.5139541977648,9427200.638170302,31867760.277882762,13658.853658536585,9427546.405711038,31868710.26639332,13658.853658536585,9427792.22538178,31868620.795350168,14634.414634146342,9427446.457841042,31867670.806839615,14634.414634146342
9427842.199316777,31869140.52512702,14146.634146341463,5.731915150035012,9427546.405711038,31868710.26639332,13658.853658536585,9427892.173251776,31869660.25490387,13658.853658536585,9428137.992922517,31869570.78386073,14634.414634146342,9427792.22538178,31868620.795350168,14634.414634146342
9428187.966857515,31870090.513637576,14146.634146341463,5.175211057053276,9427892.173251776,31869660.25490387,13658.853658536585,9428237.940792512,31870610.24341443,13658.853658536585,9428483.760463256,31870520.772371285,14634.414634146342,9428137.992922517,31869570.78386073,14634.414634146342
9428533.734398253,31871040.502148136,14146.634146341463,4.763584402438338,9428237.940792512,31870610.24341443,13658.853658536585,9428583.70833325,31871560.23192499,13658.853658536585,9428829.528003993,31871470.760881837,14634.414634146342,9428483.760463256,31870520.772371285,14634.414634146342
9428879.501938991,31871990.49065869,14146.634146341463,4.644294915631255,9428583.70833325,31871560.23192499,13658.853658536585,9428929.475873988,31872510.22043554,13658.853658536585,9429175.29554473,31872420.749392398,14634.414634146342,9428829.528003993,31871470.760881837,14634.414634146342
9429225.269479727,31872940.479169246,14146.634146341463,4.627817487792177,9428929.475873988,31872510.22043554,13658.853658536585,9429275.243414726,31873460.2089461,13658.853658536585,9429521.063085467,31873370.73790295,14634.414634146342,9429175.29554473,31872420.749392398,14634.414634146342
9429571.037020465,31873890.467679806,14146.634146341463,6.032698380018835,9429275.243414726,31873460.2089461,13658.853658536585,9429621.010955462,31874410.197456658,13658.853658536585,9429866.830626205,31874320.72641351,14634.414634146342,9429521.063085467,31873370.73790295,14634.414634146342
9429916.804561201,31874840.45619036,14146.634146341463,7.952167297524968,9429621.010955462,31874410.197456658,13658.853658536585,9429966.7784962,31875360.185967214,13658.853658536585,9430212.59816694,31875270.714924067,14634.414634146342,9429866.830626205,31874320.72641351,14634.414634146342
9430262.57210194,31875790.444700915,14146.634146341463,8.879949203573842,9429966.7784962,31875360.185967214,13658.853658536585,9430312.546036938,31876310.17447777,13658.853658536585,9430558.36570768,31876220.703434624,14634.414634146342,9430212.59816694,31875270.714924067,14634.414634146342
9430608.339642677,31876740.433211476,14146.634146341463,6.092191523319949,9430312.546036938,31876310.17447777,13658.853658536585,9430658.313577674,31877260.162988324,13658.853658536585,9430904.133248417,31877170.69194518,14634.414634146342,9430558.36570768,31876220.703434624,14634.414634146342
9430954.107183415,31877690.42172203,14146.634146341463,8.747884671977676,9430658.313577674,31877260.162988324,13658.853658536585,9431004.081118414,31878210.151498884,13658.853658536585,9431249.900789155,31878120.680455737,14634.414634146342,9430904.133248417,31877170.69194518,14634.414634146342
9431299.874724153,31878640.41023259,14146.634146341463,10.01943214816856,9431004.081118414,31878210.151498884,13658.853658536585,9431349.84865915,31879160.14000944,13658.853658536585,9431595.668329893,31879070.66896629,14634.414634146342,9431249.900789155,31878120.680455737,14634.414634146342
9431645.64226489,31879590.398743145,14146.634146341463,9.829294317521109,9431349.84865915,31879160.14000944,13658.853658536585,9431695.616199888,31880110.128519993,13658.853658536585,9431941.435870629,31880020.65747685,14634.414634146342,9431595.668329893,31879070.66896629,14634.414634146342
9431991.409805628,31880540.387253698,14146.634146341463,9.850533217612313,9431695.616199888,31880110.128519993,13658.853658536585,9432041.383740624,31881060.117030554,13658.853658536585,9432287.203411367,31880970.645987403,14634.414634146342,9431941.435870629,31880020.65747685,14634.414634146342
9432337.177346364,31881490.37576426,14146.634146341463,10.387539760050606,9432041.383740624,31881060.117030554,13658.853658536585,9432387.151281362,31882010.105541106,13658.853658536585,9432632.970952103,31881920.634497963,14634.414634146342,9432287.203411367,31880970.645987403,14634.414634146342
9432682.944887102,31882440.364274815,14146.634146341463,11.741511712246377,9432387.151281362,31882010.105541106,13658.853658536585,9432732.918822099,31882960.094051667,13658.853658536585,9432978.738492843,31882870.62300852,14634.414634146342,9432632.970952103,31881920.634497963,14634.414634146342
9433028.71242784,31883390.352785368,14146.634146341463,10.209859669494815,9432732.918822099,31882960.094051667,13658.853658536585,9433078.686362837,31883910.082562223,13658.853658536585,9433324.506033579,31883820.611519072,14634.414634146342,9432978.738492843,31882870.62300852,14634.414634146342
9433374.479968578,31884340.341295928,14146.634146341463,9.852528981677631,9433078.686362837,31883910.082562223,13658.853658536585,9433424.453903574,31884860.071072776,13658.853658536585,9433670.273574317,31884770.600029632,14634.414634146342,9433324.506033579,31883820.611519072,14634.414634146342
9433720.247509314,31885290.329806484,14146.634146341463,9.197899210271485,9433424.453903574,31884860.071072776,13658.853658536585,9433770.221444312,31885810.059583336,13658.853658536585,9434016.041115053,31885720.588540185,14634.414634146342,9433670.273574317,31884770.600029632,14634.414634146342
9434066.015050052,31886240.31831704,14146.634146341463,8.079911775327666,9433770.221444312,31885810.059583336,13658.853658536585,9434115.98898505,31886760.048093893,13658.853658536585,9434361.808655791,31886670.57705074,14634.414634146342,9434016.041115053,31885720.588540185,14634.414634146342
9434411.782590788,31887190.306827597,14146.634146341463,7.903668738471051,9434115.98898505,31886760.048093893,13658.853658536585,9434461.756525787,31887710.036604445,13658.853658536585,9434707.576196527,31887620.565561302,14634.414634146342,9434361.808655791,31886670.57705074,14634.414634146342
9434757.550131526,31888140.295338154,14146.634146341463,7.436754518179847,9434461.756525787,31887710.036604445,13658.853658536585,9434807.524066525,31888660.025115006,13658.853658536585,9435053.343737267,31888570.55407186,14634.414634146342,9434707.576196527,31887620.565561302,14634.414634146342
9435103.317672264,31889090.28384871,14146.634146341463,7.940782320745444,9434807.524066525,31888660.025115006,13658.853658536585,9435153.29160726,31889610.01362556,13658.853658536585,9435399.111278005,31889520.542582415,14634.414634146342,9435053.343737267,31888570.55407186,14634.414634146342
9435449.085213002,31890040.272359267,14146.634146341463,8.111141179188243,9435153.29160726,31889610.01362556,13658.853658536585,9435499.059148,31890560.00213612,13658.853658536585,9435744.878818741,31890470.53109297,14634.414634146342,9435399.111278005,31889520.542582415,14634.414634146342
9435794.85275374,31890990.260869823,14146.634146341463,5.427802579579854,9435499.059148,31890560.00213612,13658.853658536585,9435844.826688737,31891509.990646675,13658.853658536585,9436090.646359479,31891420.519603524,14634.414634146342,9435744.878818741,31890470.53109297,14634.414634146342
9436140.620294476,31891940.24938038,14146.634146341463,4.851856096784574,9435844.826688737,31891509.990646675,13658.853658536585,9436190.594229475,31892459.97915723,13658.853658536585,9436436.413900215,31892370.508114085,14634.414634146342,9436090.646359479,31891420.519603524,14634.414634146342
9436486.387835214,31892890.237890936,14146.634146341463,4.5194455223087955,9436190.594229475,31892459.97915723,13658.853658536585,9436536.36177021,31893409.96766779,13658.853658536585,9436782.181440953,31893320.49662464,14634.414634146342,9436436.413900215,31892370.508114085,14634.414634146342
9436832.15537595,31893840.226401497,14146.634146341463,3.9271556313133726,9436536.36177021,31893409.96766779,13658.853658536585,9436882.129310949,31894359.956178345,13658.853658536585,9437127.948981691,31894270.485135194,14634.414634146342,9436782.181440953,31893320.49662464,14634.414634146342
9437177.92291669,31894790.214912046,14146.634146341463,2.891767289539232,9436882.129310949,31894359.956178345,13658.853658536585,9437227.896851685,31895309.944688898,13658.853658536585,9437473.71652243,31895220.473645754,14634.414634146342,9437127.948981691,31894270.485135194,14634.414634146342
9437523.690457426,31895740.203422606,14146.634146341463,1.9836348197077889,9437227.896851685,31895309.944688898,13658.853658536585,9437573.664392425,31896259.933199458,13658.853658536585,9437819.484063165,31896170.46215631,14634.414634146342,9437473.71652243,31895220.473645754,14634.414634146342
9417369.225224657,31839601.41025662,15122.195121951221,2.3058318748024074,9417073.43161892,31839171.15152292,14634.414634146342,9417419.199159656,31840121.140033472,14634.414634146342,9417665.018830396,31840031.668990325,15609.975609756098,9417319.251289658,31839081.680479772,15609.975609756098
9417714.992765395,31840551.39876718,15122.195121951221,3.004121679152069,9417419.199159656,31840121.140033472,14634.414634146342,9417764.966700396,31841071.12854403,14634.414634146342,9418010.786371132,31840981.657500885,15609.975609756098,9417665.018830396,31840031.668990325,15609.975609756098
9418060.760306133,31841501.387277734,15122.195121951221,3.2720307625592775,9417764.966700396,31841071.12854403,14634.414634146342,9418110.734241132,31842021.11705459,14634.414634146342,9418356.55391187,31841931.646011442,15609.975609756098,9418010.786371132,31840981.657500885,15609.975609756098
9418406.52784687,31842451.375788294,15122.195121951221,3.2519250363127052,9418110.734241132,31842021.11705459,14634.414634146342,9418456.50178187,31842971.105565142,14634.414634146342,9418702.321452608,31842881.634522,15609.975609756098,9418356.55391187,31841931.646011442,15609.975609756098
9418752.295387607,31843401.36429885,15122.195121951221,3.423553236821302,9418456.50178187,31842971.105565142,14634.414634146342,9418802.269322606,31843921.0940757,14634.414634146342,9419048.088993346,31843831.623032555,15609.975609756098,9418702.321452608,31842881.634522,15609.975609756098
9419098.062928343,31844351.352809403,15122.195121951221,4.022514969741661,9418802.269322606,31843921.0940757,14634.414634146342,9419148.036863344,31844871.08258626,14634.414634146342,9419393.856534082,31844781.61154311,15609.975609756098,9419048.088993346,31843831.623032555,15609.975609756098
9419443.830469081,31845301.341319963,15122.195121951221,4.776974058781852,9419148.036863344,31844871.08258626,14634.414634146342,9419493.804404082,31845821.07109681,14634.414634146342,9419739.62407482,31845731.600053668,15609.975609756098,9419393.856534082,31844781.61154311,15609.975609756098
9419789.59800982,31846251.32983052,15122.195121951221,5.939399818992558,9419493.804404082,31845821.07109681,14634.414634146342,9419839.57194482,31846771.05960737,14634.414634146342,9420085.391615557,31846681.588564225,15609.975609756098,9419739.62407482,31845731.600053668,15609.975609756098
9420135.365550557,31847201.318341076,15122.195121951221,4.889502782456148,9419839.57194482,31846771.05960737,14634.414634146342,9420185.339485558,31847721.048117924,14634.414634146342,9420431.159156295,31847631.577074777,15609.975609756098,9420085.391615557,31846681.588564225,15609.975609756098
9420481.133091295,31848151.30685163,15122.195121951221,4.269441728346631,9420185.339485558,31847721.048117924,14634.414634146342,9420531.107026294,31848671.03662848,14634.414634146342,9420776.926697034,31848581.565585338,15609.975609756098,9420431.159156295,31847631.577074777,15609.975609756098
9420826.900632033,31849101.29536219,15122.195121951221,4.102601608850622,9420531.107026294,31848671.03662848,14634.414634146342,9420876.874567032,31849621.02513904,14634.414634146342,9421122.69423777,31849531.554095894,15609.975609756098,9420776.926697034,31848581.565585338,15609.975609756098
9421172.66817277,31850051.283872746,15122.195121951221,4.423836411943346,9420876.874567032,31849621.02513904,14634.414634146342,9421222.642107768,31850571.013649598,14634.414634146342,9421468.461778508,31850481.54260645,15609.975609756098,9421122.69423777,31849531.554095894,15609.975609756098
9421518.435713507,31851001.272383302,15122.195121951221,5.856848812533142,9421222.642107768,31850571.013649598,14634.414634146342,9421568.409648506,31851521.002160154,14634.414634146342,9421814.229319245,31851431.531117007,15609.975609756098,9421468.461778508,31850481.54260645,15609.975609756098
9421864.203254245,31851951.26089386,15122.195121951221,5.82277835217256,9421568.409648506,31851521.002160154,14634.414634146342,9421914.177189244,31852470.99067071,14634.414634146342,9422159.996859983,31852381.519627564,15609.975609756098,9421814.229319245,31851431.531117007,15609.975609756098
9422209.970794981,31852901.249404415,15122.195121951221,5.1610029365036025,9421914.177189244,31852470.99067071,14634.414634146342,9422259.944729982,31853420.979181264,14634.414634146342,9422505.764400719,31853331.50813812,15609.975609756098,9422159.996859983,31852381.519627564,15609.975609756098
9422555.73833572,31853851.23791497,15122.195121951221,4.964374810266223,9422259.944729982,31853420.979181264,14634.414634146342,9422605.712270718,31854370.967691824,14634.414634146342,9422851.531941459,31854281.496648677,15609.975609756098,9422505.764400719,31853331.50813812,15609.975609756098
9422901.505876455,31854801.22642553,15122.195121951221,4.6989987618942965,9422605.712270718,31854370.967691824,14634.414634146342,9422951.479811456,31855320.95620238,14634.414634146342,9423197.299482195,31855231.48515923,15609.975609756098,9422851.531941459,31854281.496648677,15609.975609756098
9423247.273417193,31855751.21493608,15122.195121951221,4.086133630249868,9422951.479811456,31855320.95620238,14634.414634146342,9423297.247352194,31856270.944712933,14634.414634146342,9423543.067022933,31856181.47366979,15609.975609756098,9423197.299482195,31855231.48515923,15609.975609756098
9423593.040957931,31856701.203446638,15122.195121951221,3.6798890104906348,9423297.247352194,31856270.944712933,14634.414634146342,9423643.01489293,31857220.933223493,14634.414634146342,9423888.834563669,31857131.462180346,15609.975609756098,9423543.067022933,31856181.47366979,15609.975609756098
9423938.808498668,31857651.1919572,15122.195121951221,3.312680447478339,9423643.01489293,31857220.933223493,14634.414634146342,9423988.78243367,31858170.92173405,14634.414634146342,9424234.602104407,31858081.450690903,15609.975609756098,9423888.834563669,31857131.462180346,15609.975609756098
9424284.576039407,31858601.180467755,15122.195121951221,3.837993012009446,9423988.78243367,31858170.92173405,14634.414634146342,9424334.549974406,31859120.910244606,14634.414634146342,9424580.369645145,31859031.43920146,15609.975609756098,9424234.602104407,31858081.450690903,15609.975609756098
9424630.343580144,31859551.168978307,15122.195121951221,4.060912892154382,9424334.549974406,31859120.910244606,14634.414634146342,9424680.317515144,31860070.89875516,14634.414634146342,9424926.13718588,31859981.427712012,15609.975609756098,9424580.369645145,31859031.43920146,15609.975609756098
9424976.111120882,31860501.157488864,15122.195121951221,3.8357454294276594,9424680.317515144,31860070.89875516,14634.414634146342,9425026.08505588,31861020.887265716,14634.414634146342,9425271.90472662,31860931.416222572,15609.975609756098,9424926.13718588,31859981.427712012,15609.975609756098
9425321.87866162,31861451.14599942,15122.195121951221,4.637331134931008,9425026.08505588,31861020.887265716,14634.414634146342,9425371.852596618,31861970.875776276,14634.414634146342,9425617.672267357,31861881.40473313,15609.975609756098,9425271.90472662,31860931.416222572,15609.975609756098
9425667.646202356,31862401.13450998,15122.195121951221,5.106239586508348,9425371.852596618,31861970.875776276,14634.414634146342,9425717.620137354,31862920.864286833,14634.414634146342,9425963.439808095,31862831.393243685,15609.975609756098,9425617.672267357,31861881.40473313,15609.975609756098
9426013.413743094,31863351.123020533,15122.195121951221,4.766750318249754,9425717.620137354,31862920.864286833,14634.414634146342,9426063.387678092,31863870.852797385,14634.414634146342,9426309.207348831,31863781.381754242,15609.975609756098,9425963.439808095,31862831.393243685,15609.975609756098
9426359.181283832,31864301.11153109,15122.195121951221,5.160443389251772,9426063.387678092,31863870.852797385,14634.414634146342,9426409.15521883,31864820.841307946,14634.414634146342,9426654.974889569,31864731.3702648,15609.975609756098,9426309.207348831,31863781.381754242,15609.975609756098
9426704.948824568,31865251.10004165,15122.195121951221,5.652170012817331,9426409.15521883,31864820.841307946,14634.414634146342,9426754.922759568,31865770.8298185,14634.414634146342,9427000.742430305,31865681.358775355,15609.975609756098,9426654.974889569,31864731.3702648,15609.975609756098
9427050.716365306,31866201.088552203,15122.195121951221,6.25450139052423,9426754.922759568,31865770.8298185,14634.414634146342,9427100.690300304,31866720.81832906,14634.414634146342,9427346.509971045,31866631.34728591,15609.975609756098,9427000.742430305,31865681.358775355,15609.975609756098
9427396.483906042,31867151.07706276,15122.195121951221,4.774161744844416,9427100.690300304,31866720.81832906,14634.414634146342,9427446.457841042,31867670.806839615,14634.414634146342,9427692.277511781,31867581.335796464,15609.975609756098,9427346.509971045,31866631.34728591,15609.975609756098
9427742.25144678,31868101.06557332,15122.195121951221,4.182816859897672,9427446.457841042,31867670.806839615,14634.414634146342,9427792.22538178,31868620.795350168,14634.414634146342,9428038.045052519,31868531.324307024,15609.975609756098,9427692.277511781,31867581.335796464,15609.975609756098
9428088.018987518,31869051.054083873,15122.195121951221,4.558742543153255,9427792.22538178,31868620.795350168,14634.414634146342,9428137.992922517,31869570.78386073,14634.414634146342,9428383.812593257,31869481.31281758,15609.975609756098,9428038.045052519,31868531.324307024,15609.975609756098
9428433.786528254,31870001.042594433,15122.195121951221,4.232778347589146,9428137.992922517,31869570.78386073,14634.414634146342,9428483.760463256,31870520.772371285,14634.414634146342,9428729.580133993,31870431.301328138,15609.975609756098,9428383.812593257,31869481.31281758,15609.975609756098
9428779.554068994,31870951.03110499,15122.195121951221,4.089425191863502,9428483.760463256,31870520.772371285,14634.414634146342,9428829.528003993,31871470.760881837,14634.414634146342,9429075.347674731,31871381.289838694,15609.975609756098,9428729.580133993,31870431.301328138,15609.975609756098
9429125.321609732,31871901.019615542,15122.195121951221,5.074538312493715,9428829.528003993,31871470.760881837,14634.414634146342,9429175.29554473,31872420.749392398,14634.414634146342,9429421.11521547,31872331.27834925,15609.975609756098,9429075.347674731,31871381.289838694,15609.975609756098
9429471.089150468,31872851.008126102,15122.195121951221,6.484145528376819,9429175.29554473,31872420.749392398,14634.414634146342,9429521.063085467,31873370.73790295,14634.414634146342,9429766.882756207,31873281.266859807,15609.975609756098,9429421.11521547,31872331.27834925,15609.975609756098
9429816.856691206,31873800.99663666,15122.195121951221,7.857295296190438,9429521.063085467,31873370.73790295,14634.414634146342,9429866.830626205,31874320.72641351,14634.414634146342,9430112.650296943,31874231.255370364,15609.975609756098,9429766.882756207,31873281.266859807,15609.975609756098
9430162.624231942,31874750.98514721,15122.195121951221,6.493356865829689,9429866.830626205,31874320.72641351,14634.414634146342,9430212.59816694,31875270.714924067,14634.414634146342,9430458.417837681,31875181.24388092,15609.975609756098,9430112.650296943,31874231.255370364,15609.975609756098
9430508.39177268,31875700.973657772,15122.195121951221,7.333534861453632,9430212.59816694,31875270.714924067,14634.414634146342,9430558.36570768,31876220.703434624,14634.414634146342,9430804.185378417,31876131.232391477,15609.975609756098,9430458.417837681,31875181.24388092,15609.975609756098
9430854.159313418,31876650.96216833,15122.195121951221,6.8956836347628805,9430558.36570768,31876220.703434624,14634.414634146342,9430904.133248417,31877170.69194518,14634.414634146342,9431149.952919155,31877081.220902033,15609.975609756098,9430804.185378417,31876131.232391477,15609.975609756098
9431199.926854154,31877600.950678885,15122.195121951221,6.462462536893606,9430904.133248417,31877170.69194518,14634.414634146342,9431249.900789155,31878120.680455737,14634.414634146342,9431495.720459893,31878031.20941259,15609.975609756098,9431149.952919155,31877081.220902033,15609.975609756098
9431545.694394892,31878550.93918944,15122.195121951221,6.831450088912255,9431249.900789155,31878120.680455737,14634.414634146342,9431595.668329893,31879070.66896629,14634.414634146342,9431841.488000631,31878981.197923146,15609.975609756098,9431495.720459893,31878031.20941259,15609.975609756098
9431891.46193563,31879500.927699998,15122.195121951221,6.643304231384765,9431595.668329893,31879070.66896629,14634.414634146342,9431941.435870629,31880020.65747685,14634.414634146342,9432187.255541367,31879931.186433703,15609.975609756098,9431841.488000631,31878981.197923146,15609.975609756098
9432237.229476366,31880450.916210555,15122.195121951221,7.519395065787997,9431941.435870629,31880020.65747685,14634.414634146342,9432287.203411367,31880970.645987403,14634.414634146342,9432533.023082105,31880881.17494426,15609.975609756098,9432187.255541367,31879931.186433703,15609.975609756098
9432582.997017104,31881400.90472111,15122.195121951221,10.173126140007172,9432287.203411367,31880970.645987403,14634.414634146342,9432632.970952103,31881920.634497963,14634.414634146342,9432878.790622843,31881831.163454816,15609.975609756098,9432533.023082105,31880881.17494426,15609.975609756098
9432928.76455784,31882350.893231668,15122.195121951221,12.707484144855504,9432632.970952103,31881920.634497963,14634.414634146342,9432978.738492843,31882870.62300852,14634.414634146342,9433224.55816358,31882781.151965372,15609.975609756098,9432878.790622843,31881831.163454816,15609.975609756098
9433274.53209858,31883300.881742224,15122.195121951221,10.621670492430605,9432978.738492843,31882870.62300852,14634.414634146342,9433324.506033579,31883820.611519072,14634.414634146342,9433570.325704318,31883731.14047593,15609.975609756098,9433224.55816358,31882781.151965372,15609.975609756098
9433620.299639318,31884250.87025278,15122.195121951221,8.78945180683042,9433324.506033579,31883820.611519072,14634.414634146342,9433670.273574317,31884770.600029632,14634.414634146342,9433916.093245056,31884681.128986485,15609.975609756098,9433570.325704318,31883731.14047593,15609.975609756098
9433966.067180054,31885200.85876334,15122.195121951221,7.672686302610792,9433670.273574317,31884770.600029632,14634.414634146342,9434016.041115053,31885720.588540185,14634.414634146342,9434261.860785794,31885631.117497038,15609.975609756098,9433916.093245056,31884681.128986485,15609.975609756098
9434311.834720792,31886150.84727389,15122.195121951221,6.945931013764223,9434016.041115053,31885720.588540185,14634.414634146342,9434361.808655791,31886670.57705074,14634.414634146342,9434607.62832653,31886581.1060076,15609.975609756098,9434261.860785794,31885631.117497038,15609.975609756098
9434657.602261528,31887100.83578445,15122.195121951221,6.343993522770073,9434361.808655791,31886670.57705074,14634.414634146342,9434707.576196527,31887620.565561302,14634.414634146342,9434953.395867268,31887531.094518155,15609.975609756098,9434607.62832653,31886581.1060076,15609.975609756098
9435003.369802266,31888050.82429501,15122.195121951221,4.7134953170778715,9434707.576196527,31887620.565561302,14634.414634146342,9435053.343737267,31888570.55407186,14634.414634146342,9435299.163408004,31888481.083028715,15609.975609756098,9434953.395867268,31887531.094518155,15609.975609756098
9435349.137343004,31889000.812805563,15122.195121951221,3.990599983145655,9435053.343737267,31888570.55407186,14634.414634146342,9435399.111278005,31889520.542582415,14634.414634146342,9435644.930948742,31889431.071539268,15609.975609756098,9435299.163408004,31888481.083028715,15609.975609756098
9435694.904883742,31889950.80131612,15122.195121951221,4.6325072924614945,9435399.111278005,31889520.542582415,14634.414634146342,9435744.878818741,31890470.53109297,14634.414634146342,9435990.69848948,31890381.060049824,15609.975609756098,9435644.930948742,31889431.071539268,15609.975609756098
9436040.672424478,31890900.78982668,15122.195121951221,4.7062412974021886,9435744.878818741,31890470.53109297,14634.414634146342,9436090.646359479,31891420.519603524,14634.414634146342,9436336.466030218,31891331.04856038,15609.975609756098,9435990.69848948,31890381.060049824,15609.975609756098
9436386.439965216,31891850.77833723,15122.195121951221,4.193832568621961,9436090.646359479,31891420.519603524,14634.414634146342,9436436.413900215,31892370.508114085,14634.414634146342,9436682.233570956,31892281.037070937,15609.975609756098,9436336.466030218,31891331.04856038,15609.975609756098
9436732.207505953,31892800.766847793,15122.195121951221,3.592259317299691,9436436.413900215,31892370.508114085,14634.414634146342,9436782.181440953,31893320.49662464,14634.414634146342,9437028.001111692,31893231.02558149,15609.975609756098,9436682.233570956,31892281.037070937,15609.975609756098
9437077.97504669,31893750.75535835,15122.195121951221,3.414983771022736,9436782.181440953,31893320.49662464,14634.414634146342,9437127.948981691,31894270.485135194,14634.414634146342,9437373.76865243,31894181.01409205,15609.975609756098,9437028.001111692,31893231.02558149,15609.975609756098
9437423.742587429,31894700.7438689,15122.195121951221,2.780099625461088,9437127.948981691,31894270.485135194,14634.414634146342,9437473.71652243,31895220.473645754,14634.414634146342,9437719.536193166,31895131.002602607,15609.975609756098,9437373.76865243,31894181.01409205,15609.975609756098
9437769.510128167,31895650.732379463,15122.195121951221,2.202921400210241,9437473.71652243,31895220.473645754,14634.414634146342,9437819.484063165,31896170.46215631,14634.414634146342,9438065.303733906,31896080.991113167,15609.975609756098,9437719.536193166,31895131.002602607,15609.975609756098
9417615.044895396,31839511.939213477,16097.756097560974,2.5100718767244294,9417319.251289658,31839081.680479772,15609.975609756098,9417665.018830396,31840031.668990325,15609.975609756098,9417910.838501133,31839942.19794718,16585.536585365855,9417565.070960397,31838992.209436625,16585.536585365855
9417960.812436134,31840461.927724034,16097.756097560974,2.572494945570503,9417665.018830396,31840031.668990325,15609.975609756098,9418010.786371132,31840981.657500885,15609.975609756098,9418256.606041873,31840892.18645774,16585.536585365855,9417910.838501133,31839942.19794718,16585.536585365855
9418306.57997687,31841411.91623459,16097.756097560974,2.499946400323115,9418010.786371132,31840981.657500885,15609.975609756098,9418356.55391187,31841931.646011442,15609.975609756098,9418602.373582609,31841842.174968295,16585.536585365855,9418256.606041873,31840892.18645774,16585.536585365855
9418652.347517608,31842361.904745147,16097.756097560974,2.5177051835336397,9418356.55391187,31841931.646011442,15609.975609756098,9418702.321452608,31842881.634522,15609.975609756098,9418948.141123347,31842792.16347885,16585.536585365855,9418602.373582609,31841842.174968295,16585.536585365855
9418998.115058346,31843311.893255703,16097.756097560974,3.175450622722478,9418702.321452608,31842881.634522,15609.975609756098,9419048.088993346,31843831.623032555,15609.975609756098,9419293.908664083,31843742.151989408,16585.536585365855,9418948.141123347,31842792.16347885,16585.536585365855
9419343.882599084,31844261.88176626,16097.756097560974,3.574726806103094,9419048.088993346,31843831.623032555,15609.975609756098,9419393.856534082,31844781.61154311,15609.975609756098,9419639.676204821,31844692.140499968,16585.536585365855,9419293.908664083,31843742.151989408,16585.536585365855
9419689.65013982,31845211.870276816,16097.756097560974,4.043381203525901,9419393.856534082,31844781.61154311,15609.975609756098,9419739.62407482,31845731.600053668,15609.975609756098,9419985.443745557,31845642.12901052,16585.536585365855,9419639.676204821,31844692.140499968,16585.536585365855
9420035.417680558,31846161.858787373,16097.756097560974,4.478765694571902,9419739.62407482,31845731.600053668,15609.975609756098,9420085.391615557,31846681.588564225,15609.975609756098,9420331.211286297,31846592.117521077,16585.536585365855,9419985.443745557,31845642.12901052,16585.536585365855
9420381.185221296,31847111.84729793,16097.756097560974,4.505595888624292,9420085.391615557,31846681.588564225,15609.975609756098,9420431.159156295,31847631.577074777,15609.975609756098,9420676.978827033,31847542.106031634,16585.536585365855,9420331.211286297,31846592.117521077,16585.536585365855
9420726.952762034,31848061.835808482,16097.756097560974,4.347602101364516,9420431.159156295,31847631.577074777,15609.975609756098,9420776.926697034,31848581.565585338,15609.975609756098,9421022.746367771,31848492.09454219,16585.536585365855,9420676.978827033,31847542.106031634,16585.536585365855
9421072.720302772,31849011.824319046,16097.756097560974,4.293267671463968,9420776.926697034,31848581.565585338,15609.975609756098,9421122.69423777,31849531.554095894,15609.975609756098,9421368.51390851,31849442.083052747,16585.536585365855,9421022.746367771,31848492.09454219,16585.536585365855
9421418.487843508,31849961.8128296,16097.756097560974,3.613335708438667,9421122.69423777,31849531.554095894,15609.975609756098,9421468.461778508,31850481.54260645,15609.975609756098,9421714.281449247,31850392.071563303,16585.536585365855,9421368.51390851,31849442.083052747,16585.536585365855
9421764.255384246,31850911.80134015,16097.756097560974,3.814805097280141,9421468.461778508,31850481.54260645,15609.975609756098,9421814.229319245,31851431.531117007,15609.975609756098,9422060.048989985,31851342.06007386,16585.536585365855,9421714.281449247,31850392.071563303,16585.536585365855
9422110.022924982,31851861.789850716,16097.756097560974,3.658362483629402,9421814.229319245,31851431.531117007,15609.975609756098,9422159.996859983,31852381.519627564,15609.975609756098,9422405.816530721,31852292.04858442,16585.536585365855,9422060.048989985,31851342.06007386,16585.536585365855
9422455.79046572,31852811.77836127,16097.756097560974,3.5487413928023903,9422159.996859983,31852381.519627564,15609.975609756098,9422505.764400719,31853331.50813812,15609.975609756098,9422751.58407146,31853242.037094973,16585.536585365855,9422405.816530721,31852292.04858442,16585.536585365855
9422801.558006456,31853761.766871825,16097.756097560974,3.7678725691436994,9422505.764400719,31853331.50813812,15609.975609756098,9422851.531941459,31854281.496648677,15609.975609756098,9423097.351612195,31854192.02560553,16585.536585365855,9422751.58407146,31853242.037094973,16585.536585365855
9423147.325547196,31854711.755382378,16097.756097560974,3.395562741273524,9422851.531941459,31854281.496648677,15609.975609756098,9423197.299482195,31855231.48515923,15609.975609756098,9423443.119152933,31855142.014116086,16585.536585365855,9423097.351612195,31854192.02560553,16585.536585365855
9423493.093087934,31855661.743892934,16097.756097560974,3.9893969294372127,9423197.299482195,31855231.48515923,15609.975609756098,9423543.067022933,31856181.47366979,15609.975609756098,9423788.886693671,31856092.002626643,16585.536585365855,9423443.119152933,31855142.014116086,16585.536585365855
9423838.86062867,31856611.732403494,16097.756097560974,3.9990183687523886,9423543.067022933,31856181.47366979,15609.975609756098,9423888.834563669,31857131.462180346,15609.975609756098,9424134.65423441,31857041.9911372,16585.536585365855,9423788.886693671,31856092.002626643,16585.536585365855
9424184.628169408,31857561.720914055,16097.756097560974,3.59641666493931,9423888.834563669,31857131.462180346,15609.975609756098,9424234.602104407,31858081.450690903,15609.975609756098,9424480.421775145,31857991.97964776,16585.536585365855,9424134.65423441,31857041.9911372,16585.536585365855
9424530.395710144,31858511.709424607,16097.756097560974,3.6944024113207847,9424234.602104407,31858081.450690903,15609.975609756098,9424580.369645145,31859031.43920146,15609.975609756098,9424826.189315883,31858941.968158312,16585.536585365855,9424480.421775145,31857991.97964776,16585.536585365855
9424876.163250882,31859461.697935164,16097.756097560974,3.6651186636350475,9424580.369645145,31859031.43920146,15609.975609756098,9424926.13718588,31859981.427712012,15609.975609756098,9425171.95685662,31859891.95666887,16585.536585365855,9424826.189315883,31858941.968158312,16585.536585365855
9425221.93079162,31860411.686445717,16097.756097560974,3.2763692337892696,9424926.13718588,31859981.427712012,15609.975609756098,9425271.90472662,31860931.416222572,15609.975609756098,9425517.724397358,31860841.945179425,16585.536585365855,9425171.95685662,31859891.95666887,16585.536585365855
9425567.698332358,31861361.674956277,16097.756097560974,3.987571104999906,9425271.90472662,31860931.416222572,15609.975609756098,9425617.672267357,31861881.40473313,15609.975609756098,9425863.491938096,31861791.93368998,16585.536585365855,9425517.724397358,31860841.945179425,16585.536585365855
9425913.465873094,31862311.663466834,16097.756097560974,4.237467143697849,9425617.672267357,31861881.40473313,15609.975609756098,9425963.439808095,31862831.393243685,15609.975609756098,9426209.259478834,31862741.92220054,16585.536585365855,9425863.491938096,31861791.93368998,16585.536585365855
9426259.233413832,31863261.651977386,16097.756097560974,4.668161490427057,9425963.439808095,31862831.393243685,15609.975609756098,9426309.207348831,31863781.381754242,15609.975609756098,9426555.027019572,31863691.910711095,16585.536585365855,9426209.259478834,31862741.92220054,16585.536585365855
9426605.000954568,31864211.640487947,16097.756097560974,5.358283014433225,9426309.207348831,31863781.381754242,15609.975609756098,9426654.974889569,31864731.3702648,15609.975609756098,9426900.794560308,31864641.899221655,16585.536585365855,9426555.027019572,31863691.910711095,16585.536585365855
9426950.768495306,31865161.628998503,16097.756097560974,4.378419469815931,9426654.974889569,31864731.3702648,15609.975609756098,9427000.742430305,31865681.358775355,15609.975609756098,9427246.562101046,31865591.887732208,16585.536585365855,9426900.794560308,31864641.899221655,16585.536585365855
9427296.536036042,31866111.617509056,16097.756097560974,3.0974216645498327,9427000.742430305,31865681.358775355,15609.975609756098,9427346.509971045,31866631.34728591,15609.975609756098,9427592.329641782,31866541.876242764,16585.536585365855,9427246.562101046,31865591.887732208,16585.536585365855
9427642.303576782,31867061.606019616,16097.756097560974,3.2063552620708076,9427346.509971045,31866631.34728591,15609.975609756098,9427692.277511781,31867581.335796464,15609.975609756098,9427938.09718252,31867491.86475332,16585.536585365855,9427592.329641782,31866541.876242764,16585.536585365855
9427988.07111752,31868011.594530173,16097.756097560974,3.313860542786292,9427692.277511781,31867581.335796464,15609.975609756098,9428038.045052519,31868531.324307024,15609.975609756098,9428283.864723258,31868441.853263877,16585.536585365855,9427938.09718252,31867491.86475332,16585.536585365855
9428333.838658256,31868961.58304073,16097.756097560974,3.988645005936742,9428038.045052519,31868531.324307024,15609.975609756098,9428383.812593257,31869481.31281758,15609.975609756098,9428629.632263996,31869391.841774434,16585.536585365855,9428283.864723258,31868441.853263877,16585.536585365855
9428679.606198994,31869911.571551286,16097.756097560974,4.479130668813633,9428383.812593257,31869481.31281758,15609.975609756098,9428729.580133993,31870431.301328138,15609.975609756098,9428975.399804732,31870341.830284994,16585.536585365855,9428629.632263996,31869391.841774434,16585.536585365855
9429025.37373973,31870861.560061842,16097.756097560974,4.2963078192318385,9428729.580133993,31870431.301328138,15609.975609756098,9429075.347674731,31871381.289838694,15609.975609756098,9429321.16734547,31871291.818795547,16585.536585365855,9428975.399804732,31870341.830284994,16585.536585365855
9429371.14128047,31871811.5485724,16097.756097560974,4.371218381851898,9429075.347674731,31871381.289838694,15609.975609756098,9429421.11521547,31872331.27834925,15609.975609756098,9429666.934886208,31872241.807306107,16585.536585365855,9429321.16734547,31871291.818795547,16585.536585365855
9429716.908821207,31872761.537082955,16097.756097560974,5.823236820741469,9429421.11521547,31872331.27834925,15609.975609756098,9429766.882756207,31873281.266859807,15609.975609756098,9430012.702426944,31873191.79581666,16585.536585365855,9429666.934886208,31872241.807306107,16585.536585365855
9430062.676361945,31873711.52559351,16097.756097560974,6.030369868608314,9429766.882756207,31873281.266859807,15609.975609756098,9430112.650296943,31874231.255370364,15609.975609756098,9430358.469967684,31874141.784327216,16585.536585365855,9430012.702426944,31873191.79581666,16585.536585365855
9430408.44390268,31874661.51410407,16097.756097560974,5.899581816751138,9430112.650296943,31874231.255370364,15609.975609756098,9430458.417837681,31875181.24388092,15609.975609756098,9430704.23750842,31875091.772837777,16585.536585365855,9430358.469967684,31874141.784327216,16585.536585365855
9430754.211443419,31875611.502614625,16097.756097560974,9.347930012652444,9430458.417837681,31875181.24388092,15609.975609756098,9430804.185378417,31876131.232391477,15609.975609756098,9431050.005049158,31876041.76134833,16585.536585365855,9430704.23750842,31875091.772837777,16585.536585365855
9431099.978984155,31876561.491125185,16097.756097560974,9.3015421707824,9430804.185378417,31876131.232391477,15609.975609756098,9431149.952919155,31877081.220902033,15609.975609756098,9431395.772589894,31876991.749858886,16585.536585365855,9431050.005049158,31876041.76134833,16585.536585365855
9431445.746524893,31877511.479635738,16097.756097560974,6.69923178121521,9431149.952919155,31877081.220902033,15609.975609756098,9431495.720459893,31878031.20941259,15609.975609756098,9431741.540130632,31877941.738369446,16585.536585365855,9431395.772589894,31876991.749858886,16585.536585365855
9431791.51406563,31878461.468146294,16097.756097560974,6.788034658826053,9431495.720459893,31878031.20941259,15609.975609756098,9431841.488000631,31878981.197923146,15609.975609756098,9432087.307671368,31878891.72688,16585.536585365855,9431741.540130632,31877941.738369446,16585.536585365855
9432137.281606369,31879411.456656855,16097.756097560974,8.619764716768687,9431841.488000631,31878981.197923146,15609.975609756098,9432187.255541367,31879931.186433703,15609.975609756098,9432433.075212106,31879841.715390556,16585.536585365855,9432087.307671368,31878891.72688,16585.536585365855
9432483.049147107,31880361.445167404,16097.756097560974,9.582048015894872,9432187.255541367,31879931.186433703,15609.975609756098,9432533.023082105,31880881.17494426,15609.975609756098,9432778.842752844,31880791.703901112,16585.536585365855,9432433.075212106,31879841.715390556,16585.536585365855
9432828.816687843,31881311.433677964,16097.756097560974,11.366350393141767,9432533.023082105,31880881.17494426,15609.975609756098,9432878.790622843,31881831.163454816,15609.975609756098,9433124.610293582,31881741.69241167,16585.536585365855,9432778.842752844,31880791.703901112,16585.536585365855
9433174.584228583,31882261.422188524,16097.756097560974,11.525468602237446,9432878.790622843,31881831.163454816,15609.975609756098,9433224.55816358,31882781.151965372,15609.975609756098,9433470.37783432,31882691.68092223,16585.536585365855,9433124.610293582,31881741.69241167,16585.536585365855
9433520.351769317,31883211.410699077,16097.756097560974,9.127656781385605,9433224.55816358,31882781.151965372,15609.975609756098,9433570.325704318,31883731.14047593,15609.975609756098,9433816.145375056,31883641.66943278,16585.536585365855,9433470.37783432,31882691.68092223,16585.536585365855
9433866.119310057,31884161.399209637,16097.756097560974,5.506420734442929,9433570.325704318,31883731.14047593,15609.975609756098,9433916.093245056,31884681.128986485,15609.975609756098,9434161.912915794,31884591.65794334,16585.536585365855,9433816.145375056,31883641.66943278,16585.536585365855
9434211.886850793,31885111.387720194,16097.756097560974,5.446667609449406,9433916.093245056,31884681.128986485,15609.975609756098,9434261.860785794,31885631.117497038,15609.975609756098,9434507.68045653,31885541.646453895,16585.536585365855,9434161.912915794,31884591.65794334,16585.536585365855
9434557.65439153,31886061.376230743,16097.756097560974,5.552862532719272,9434261.860785794,31885631.117497038,15609.975609756098,9434607.62832653,31886581.1060076,15609.975609756098,9434853.44799727,31886491.63496445,16585.536585365855,9434507.68045653,31885541.646453895,16585.536585365855
9434903.421932267,31887011.364741307,16097.756097560974,4.941246685906282,9434607.62832653,31886581.1060076,15609.975609756098,9434953.395867268,31887531.094518155,15609.975609756098,9435199.215538006,31887441.62347501,16585.536585365855,9434853.44799727,31886491.63496445,16585.536585365855
9435249.189473005,31887961.353251863,16097.756097560974,4.1241802607609,9434953.395867268,31887531.094518155,15609.975609756098,9435299.163408004,31888481.083028715,15609.975609756098,9435544.983078744,31888391.611985564,16585.536585365855,9435199.215538006,31887441.62347501,16585.536585365855
9435594.957013741,31888911.341762412,16097.756097560974,3.499446780341346,9435299.163408004,31888481.083028715,15609.975609756098,9435644.930948742,31889431.071539268,15609.975609756098,9435890.75061948,31889341.60049612,16585.536585365855,9435544.983078744,31888391.611985564,16585.536585365855
9435940.72455448,31889861.330272976,16097.756097560974,3.307290497320961,9435644.930948742,31889431.071539268,15609.975609756098,9435990.69848948,31890381.060049824,15609.975609756098,9436236.518160218,31890291.58900668,16585.536585365855,9435890.75061948,31889341.60049612,16585.536585365855
9436286.492095217,31890811.318783533,16097.756097560974,3.2891384653941924,9435990.69848948,31890381.060049824,15609.975609756098,9436336.466030218,31891331.04856038,15609.975609756098,9436582.285700954,31891241.577517234,16585.536585365855,9436236.518160218,31890291.58900668,16585.536585365855
9436632.259635955,31891761.307294086,16097.756097560974,3.0788244472912663,9436336.466030218,31891331.04856038,15609.975609756098,9436682.233570956,31892281.037070937,15609.975609756098,9436928.053241694,31892191.56602779,16585.536585365855,9436582.285700954,31891241.577517234,16585.536585365855
9436978.027176693,31892711.295804642,16097.756097560974,3.1486946410485177,9436682.233570956,31892281.037070937,15609.975609756098,9437028.001111692,31893231.02558149,15609.975609756098,9437273.82078243,31893141.554538347,16585.536585365855,9436928.053241694,31892191.56602779,16585.536585365855
9437323.79471743,31893661.284315195,16097.756097560974,3.070818576837996,9437028.001111692,31893231.02558149,15609.975609756098,9437373.76865243,31894181.01409205,15609.975609756098,9437619.588323168,31894091.543048903,16585.536585365855,9437273.82078243,31893141.554538347,16585.536585365855
9437669.562258169,31894611.272825755,16097.756097560974,2.071583068855168,9437373.76865243,31894181.01409205,15609.975609756098,9437719.536193166,31895131.002602607,15609.975609756098,9437965.355863906,31895041.531559464,16585.536585365855,9437619.588323168,31894091.543048903,16585.536585365855
9438015.329798905,31895561.261336315,16097.756097560974,1.521974571684717,9437719.536193166,31895131.002602607,15609.975609756098,9438065.303733906,31896080.991113167,15609.975609756098,9438311.123404643,31895991.52007002,16585.536585365855,9437965.355863906,31895041.531559464,16585.536585365855
9417860.864566134,31839422.46817033,17073.317073170736,2.364960743745306,9417565.070960397,31838992.209436625,16585.536585365855,9417910.838501133,31839942.19794718,16585.536585365855,9418156.658171872,31839852.726904035,17561.09756097561,9417810.890631136,31838902.73839348,17561.09756097561
9418206.63210687,31840372.45668089,17073.317073170736,2.6200414255720967,9417910.838501133,31839942.19794718,16585.536585365855,9418256.606041873,31840892.18645774,16585.536585365855,9418502.42571261,31840802.71541459,17561.09756097561,9418156.658171872,31839852.726904035,17561.09756097561
9418552.39964761,31841322.445191443,17073.317073170736,2.7236426049216953,9418256.606041873,31840892.18645774,16585.536585365855,9418602.373582609,31841842.174968295,16585.536585365855,9418848.193253348,31841752.703925148,17561.09756097561,9418502.42571261,31840802.71541459,17561.09756097561
9418898.167188346,31842272.433701996,17073.317073170736,2.4802625137049468,9418602.373582609,31841842.174968295,16585.536585365855,9418948.141123347,31842792.16347885,16585.536585365855,9419193.960794086,31842702.692435704,17561.09756097561,9418848.193253348,31841752.703925148,17561.09756097561
9419243.934729086,31843222.42221256,17073.317073170736,2.7838593020101405,9418948.141123347,31842792.16347885,16585.536585365855,9419293.908664083,31843742.151989408,16585.536585365855,9419539.728334824,31843652.680946264,17561.09756097561,9419193.960794086,31842702.692435704,17561.09756097561
9419589.70226982,31844172.410723113,17073.317073170736,3.708974989253692,9419293.908664083,31843742.151989408,16585.536585365855,9419639.676204821,31844692.140499968,16585.536585365855,9419885.49587556,31844602.66945682,17561.09756097561,9419539.728334824,31843652.680946264,17561.09756097561
9419935.46981056,31845122.39923367,17073.317073170736,4.344480174331541,9419639.676204821,31844692.140499968,16585.536585365855,9419985.443745557,31845642.12901052,16585.536585365855,9420231.263416298,31845552.657967374,17561.09756097561,9419885.49587556,31844602.66945682,17561.09756097561
9420281.237351296,31846072.38774423,17073.317073170736,3.6023587105312207,9419985.443745557,31845642.12901052,16585.536585365855,9420331.211286297,31846592.117521077,16585.536585365855,9420577.030957034,31846502.646477934,17561.09756097561,9420231.263416298,31845552.657967374,17561.09756097561
9420627.004892034,31847022.376254782,17073.317073170736,3.1667233440624205,9420331.211286297,31846592.117521077,16585.536585365855,9420676.978827033,31847542.106031634,16585.536585365855,9420922.798497772,31847452.634988487,17561.09756097561,9420577.030957034,31846502.646477934,17561.09756097561
9420972.77243277,31847972.36476534,17073.317073170736,3.36274428324205,9420676.978827033,31847542.106031634,16585.536585365855,9421022.746367771,31848492.09454219,16585.536585365855,9421268.56603851,31848402.623499043,17561.09756097561,9420922.798497772,31847452.634988487,17561.09756097561
9421318.539973509,31848922.3532759,17073.317073170736,2.6816443045124925,9421022.746367771,31848492.09454219,16585.536585365855,9421368.51390851,31849442.083052747,16585.536585365855,9421614.333579248,31849352.612009604,17561.09756097561,9421268.56603851,31848402.623499043,17561.09756097561
9421664.307514245,31849872.34178645,17073.317073170736,2.286293822758753,9421368.51390851,31849442.083052747,16585.536585365855,9421714.281449247,31850392.071563303,16585.536585365855,9421960.101119984,31850302.600520156,17561.09756097561,9421614.333579248,31849352.612009604,17561.09756097561
9422010.075054985,31850822.33029701,17073.317073170736,2.4423823224187857,9421714.281449247,31850392.071563303,16585.536585365855,9422060.048989985,31851342.06007386,16585.536585365855,9422305.868660722,31851252.589030717,17561.09756097561,9421960.101119984,31850302.600520156,17561.09756097561
9422355.842595723,31851772.31880757,17073.317073170736,2.6889302757764417,9422060.048989985,31851342.06007386,16585.536585365855,9422405.816530721,31852292.04858442,16585.536585365855,9422651.63620146,31852202.577541273,17561.09756097561,9422305.868660722,31851252.589030717,17561.09756097561
9422701.610136459,31852722.30731812,17073.317073170736,2.203888042261358,9422405.816530721,31852292.04858442,16585.536585365855,9422751.58407146,31853242.037094973,16585.536585365855,9422997.403742196,31853152.566051826,17561.09756097561,9422651.63620146,31852202.577541273,17561.09756097561
9423047.377677198,31853672.295828678,17073.317073170736,2.32441029481922,9422751.58407146,31853242.037094973,16585.536585365855,9423097.351612195,31854192.02560553,16585.536585365855,9423343.171282936,31854102.554562386,17561.09756097561,9422997.403742196,31853152.566051826,17561.09756097561
9423393.145217933,31854622.28433923,17073.317073170736,2.223281447763327,9423097.351612195,31854192.02560553,16585.536585365855,9423443.119152933,31855142.014116086,16585.536585365855,9423688.938823672,31855052.54307294,17561.09756097561,9423343.171282936,31854102.554562386,17561.09756097561
9423738.912758673,31855572.27284979,17073.317073170736,2.8168074165487895,9423443.119152933,31855142.014116086,16585.536585365855,9423788.886693671,31856092.002626643,16585.536585365855,9424034.70636441,31856002.5315835,17561.09756097561,9423688.938823672,31855052.54307294,17561.09756097561
9424084.680299409,31856522.261360347,17073.317073170736,2.4184666993840485,9423788.886693671,31856092.002626643,16585.536585365855,9424134.65423441,31857041.9911372,16585.536585365855,9424380.473905146,31856952.520094056,17561.09756097561,9424034.70636441,31856002.5315835,17561.09756097561
9424430.447840147,31857472.249870908,17073.317073170736,2.7241470788582762,9424134.65423441,31857041.9911372,16585.536585365855,9424480.421775145,31857991.97964776,16585.536585365855,9424726.241445884,31857902.50860461,17561.09756097561,9424380.473905146,31856952.520094056,17561.09756097561
9424776.215380883,31858422.23838146,17073.317073170736,2.758896677595977,9424480.421775145,31857991.97964776,16585.536585365855,9424826.189315883,31858941.968158312,16585.536585365855,9425072.00898662,31858852.49711517,17561.09756097561,9424726.241445884,31857902.50860461,17561.09756097561
9425121.98292162,31859372.226892017,17073.317073170736,2.8573284784630273,9424826.189315883,31858941.968158312,16585.536585365855,9425171.95685662,31859891.95666887,16585.536585365855,9425417.776527358,31859802.48562572,17561.09756097561,9425072.00898662,31858852.49711517,17561.09756097561
9425467.750462357,31860322.215402573,17073.317073170736,2.544146596806952,9425171.95685662,31859891.95666887,16585.536585365855,9425517.724397358,31860841.945179425,16585.536585365855,9425763.544068096,31860752.474136278,17561.09756097561,9425417.776527358,31859802.48562572,17561.09756097561
9425813.518003095,31861272.20391313,17073.317073170736,3.483192784330507,9425517.724397358,31860841.945179425,16585.536585365855,9425863.491938096,31861791.93368998,16585.536585365855,9426109.311608834,31861702.46264684,17561.09756097561,9425763.544068096,31860752.474136278,17561.09756097561
9426159.285543833,31862222.192423686,17073.317073170736,3.858081328683311,9425863.491938096,31861791.93368998,16585.536585365855,9426209.259478834,31862741.92220054,16585.536585365855,9426455.07914957,31862652.45115739,17561.09756097561,9426109.311608834,31861702.46264684,17561.09756097561
9426505.05308457,31863172.180934243,17073.317073170736,3.341612310816087,9426209.259478834,31862741.92220054,16585.536585365855,9426555.027019572,31863691.910711095,16585.536585365855,9426800.846690308,31863602.43966795,17561.09756097561,9426455.07914957,31862652.45115739,17561.09756097561
9426850.820625309,31864122.1694448,17073.317073170736,3.342645390159789,9426555.027019572,31863691.910711095,16585.536585365855,9426900.794560308,31864641.899221655,16585.536585365855,9427146.614231046,31864552.428178508,17561.09756097561,9426800.846690308,31863602.43966795,17561.09756097561
9427196.588166045,31865072.157955356,17073.317073170736,3.1605909491023483,9426900.794560308,31864641.899221655,16585.536585365855,9427246.562101046,31865591.887732208,16585.536585365855,9427492.381771782,31865502.41668906,17561.09756097561,9427146.614231046,31864552.428178508,17561.09756097561
9427542.355706785,31866022.146465912,17073.317073170736,2.788333680913381,9427246.562101046,31865591.887732208,16585.536585365855,9427592.329641782,31866541.876242764,16585.536585365855,9427838.149312522,31866452.40519962,17561.09756097561,9427492.381771782,31865502.41668906,17561.09756097561
9427888.12324752,31866972.13497647,17073.317073170736,2.7029601863652135,9427592.329641782,31866541.876242764,16585.536585365855,9427938.09718252,31867491.86475332,16585.536585365855,9428183.916853258,31867402.393710174,17561.09756097561,9427838.149312522,31866452.40519962,17561.09756097561
9428233.890788259,31867922.12348703,17073.317073170736,3.0418360028673637,9427938.09718252,31867491.86475332,16585.536585365855,9428283.864723258,31868441.853263877,16585.536585365855,9428529.684393996,31868352.38222073,17561.09756097561,9428183.916853258,31867402.393710174,17561.09756097561
9428579.658328995,31868872.111997582,17073.317073170736,3.463873418166096,9428283.864723258,31868441.853263877,16585.536585365855,9428629.632263996,31869391.841774434,16585.536585365855,9428875.451934732,31869302.37073129,17561.09756097561,9428529.684393996,31868352.38222073,17561.09756097561
9428925.425869733,31869822.10050814,17073.317073170736,3.8733502273322893,9428629.632263996,31869391.841774434,16585.536585365855,9428975.399804732,31870341.830284994,16585.536585365855,9429221.21947547,31870252.359241847,17561.09756097561,9428875.451934732,31869302.37073129,17561.09756097561
9429271.19341047,31870772.0890187,17073.317073170736,4.487096331927509,9428975.399804732,31870341.830284994,16585.536585365855,9429321.16734547,31871291.818795547,16585.536585365855,9429566.987016207,31871202.347752403,17561.09756097561,9429221.21947547,31870252.359241847,17561.09756097561
9429616.960951207,31871722.07752925,17073.317073170736,5.448535740636354,9429321.16734547,31871291.818795547,16585.536585365855,9429666.934886208,31872241.807306107,16585.536585365855,9429912.754556946,31872152.33626296,17561.09756097561,9429566.987016207,31871202.347752403,17561.09756097561
9429962.728491945,31872672.066039808,17073.317073170736,6.269034607496121,9429666.934886208,31872241.807306107,16585.536585365855,9430012.702426944,31873191.79581666,16585.536585365855,9430258.522097683,31873102.324773513,17561.09756097561,9429912.754556946,31872152.33626296,17561.09756097561
9430308.496032681,31873622.05455037,17073.317073170736,5.54410763230586,9430012.702426944,31873191.79581666,16585.536585365855,9430358.469967684,31874141.784327216,16585.536585365855,9430604.28963842,31874052.313284073,17561.09756097561,9430258.522097683,31873102.324773513,17561.09756097561
9430654.263573421,31874572.04306092,17073.317073170736,5.591133450899797,9430358.469967684,31874141.784327216,16585.536585365855,9430704.23750842,31875091.772837777,16585.536585365855,9430950.057179159,31875002.301794626,17561.09756097561,9430604.28963842,31874052.313284073,17561.09756097561
9431000.031114157,31875522.03157148,17073.317073170736,9.064686398558617,9430704.23750842,31875091.772837777,16585.536585365855,9431050.005049158,31876041.76134833,16585.536585365855,9431295.824719895,31875952.290305182,17561.09756097561,9430950.057179159,31875002.301794626,17561.09756097561
9431345.798654895,31876472.020082038,17073.317073170736,8.281054108711102,9431050.005049158,31876041.76134833,16585.536585365855,9431395.772589894,31876991.749858886,16585.536585365855,9431641.592260633,31876902.278815743,17561.09756097561,9431295.824719895,31875952.290305182,17561.09756097561
9431691.566195631,31877422.00859259,17073.317073170736,9.320362116964606,9431395.772589894,31876991.749858886,16585.536585365855,9431741.540130632,31877941.738369446,16585.536585365855,9431987.35980137,31877852.2673263,17561.09756097561,9431641.592260633,31876902.278815743,17561.09756097561
9432037.333736371,31878371.99710315,17073.317073170736,10.937256442427813,9431741.540130632,31877941.738369446,16585.536585365855,9432087.307671368,31878891.72688,16585.536585365855,9432333.127342109,31878802.255836856,17561.09756097561,9431987.35980137,31877852.2673263,17561.09756097561
9432383.101277106,31879321.985613707,17073.317073170736,8.95570464408055,9432087.307671368,31878891.72688,16585.536585365855,9432433.075212106,31879841.715390556,16585.536585365855,9432678.894882845,31879752.24434741,17561.09756097561,9432333.127342109,31878802.255836856,17561.09756097561
9432728.868817845,31880271.974124257,17073.317073170736,8.64140512042839,9432433.075212106,31879841.715390556,16585.536585365855,9432778.842752844,31880791.703901112,16585.536585365855,9433024.662423583,31880702.232857965,17561.09756097561,9432678.894882845,31879752.24434741,17561.09756097561
9433074.636358581,31881221.96263482,17073.317073170736,7.50008760545627,9432778.842752844,31880791.703901112,16585.536585365855,9433124.610293582,31881741.69241167,16585.536585365855,9433370.429964319,31881652.221368525,17561.09756097561,9433024.662423583,31880702.232857965,17561.09756097561
9433420.40389932,31882171.951145377,17073.317073170736,6.443315781751888,9433124.610293582,31881741.69241167,16585.536585365855,9433470.37783432,31882691.68092223,16585.536585365855,9433716.197505059,31882602.20987908,17561.09756097561,9433370.429964319,31881652.221368525,17561.09756097561
9433766.171440056,31883121.939655934,17073.317073170736,7.578898712450489,9433470.37783432,31882691.68092223,16585.536585365855,9433816.145375056,31883641.66943278,16585.536585365855,9434061.965045795,31883552.198389634,17561.09756097561,9433716.197505059,31882602.20987908,17561.09756097561
9434111.938980794,31884071.92816649,17073.317073170736,5.917295181068355,9433816.145375056,31883641.66943278,16585.536585365855,9434161.912915794,31884591.65794334,16585.536585365855,9434407.732586533,31884502.186900195,17561.09756097561,9434061.965045795,31883552.198389634,17561.09756097561
9434457.706521532,31885021.916677047,17073.317073170736,5.200711010184468,9434161.912915794,31884591.65794334,16585.536585365855,9434507.68045653,31885541.646453895,16585.536585365855,9434753.50012727,31885452.175410748,17561.09756097561,9434407.732586533,31884502.186900195,17561.09756097561
9434803.474062268,31885971.9051876,17073.317073170736,4.168596892276482,9434507.68045653,31885541.646453895,16585.536585365855,9434853.44799727,31886491.63496445,16585.536585365855,9435099.267668007,31886402.163921308,17561.09756097561,9434753.50012727,31885452.175410748,17561.09756097561
9435149.241603008,31886921.89369816,17073.317073170736,3.305766005682549,9434853.44799727,31886491.63496445,16585.536585365855,9435199.215538006,31887441.62347501,16585.536585365855,9435445.035208745,31887352.152431864,17561.09756097561,9435099.267668007,31886402.163921308,17561.09756097561
9435495.009143744,31887871.882208716,17073.317073170736,2.992026873767458,9435199.215538006,31887441.62347501,16585.536585365855,9435544.983078744,31888391.611985564,16585.536585365855,9435790.802749483,31888302.140942417,17561.09756097561,9435445.035208745,31887352.152431864,17561.09756097561
9435840.776684484,31888821.87071927,17073.317073170736,2.559225991901949,9435544.983078744,31888391.611985564,16585.536585365855,9435890.75061948,31889341.60049612,16585.536585365855,9436136.57029022,31889252.129452977,17561.09756097561,9435790.802749483,31888302.140942417,17561.09756097561
9436186.544225218,31889771.85922983,17073.317073170736,2.568834106257073,9435890.75061948,31889341.60049612,16585.536585365855,9436236.518160218,31890291.58900668,16585.536585365855,9436482.337830957,31890202.117963534,17561.09756097561,9436136.57029022,31889252.129452977,17561.09756097561
9436532.311765958,31890721.84774039,17073.317073170736,3.4427107484451547,9436236.518160218,31890291.58900668,16585.536585365855,9436582.285700954,31891241.577517234,16585.536585365855,9436828.105371695,31891152.106474087,17561.09756097561,9436482.337830957,31890202.117963534,17561.09756097561
9436878.079306694,31891671.83625094,17073.317073170736,2.6097737057010497,9436582.285700954,31891241.577517234,16585.536585365855,9436928.053241694,31892191.56602779,16585.536585365855,9437173.872912431,31892102.094984647,17561.09756097561,9436828.105371695,31891152.106474087,17561.09756097561
9437223.846847432,31892621.824761495,17073.317073170736,2.5411845785171936,9436928.053241694,31892191.56602779,16585.536585365855,9437273.82078243,31893141.554538347,16585.536585365855,9437519.64045317,31893052.0834952,17561.09756097561,9437173.872912431,31892102.094984647,17561.09756097561
9437569.614388168,31893571.81327205,17073.317073170736,2.7377380316993944,9437273.82078243,31893141.554538347,16585.536585365855,9437619.588323168,31894091.543048903,16585.536585365855,9437865.407993907,31894002.07200576,17561.09756097561,9437519.64045317,31893052.0834952,17561.09756097561
9437915.381928906,31894521.801782608,17073.317073170736,1.8796667344257227,9437619.588323168,31894091.543048903,16585.536585365855,9437965.355863906,31895041.531559464,16585.536585365855,9438211.175534645,31894952.060516316,17561.09756097561,9437865.407993907,31894002.07200576,17561.09756097561
9438261.149469644,31895471.79029317,17073.317073170736,1.3529161376849768,9437965.355863906,31895041.531559464,16585.536585365855,9438311.123404643,31895991.52007002,16585.536585365855,9438556.943075381,31895902.04902687,17561.09756097561,9438211.175534645,31894952.060516316,17561.09756097561
9418106.684236875,31839332.997127187,18048.878048780487,1.6821038534327064,9417810.890631136,31838902.73839348,17561.09756097561,9418156.658171872,31839852.726904035,17561.09756097561,9418402.477842612,31839763.255860887,18536.658536585368,9418056.710301874,31838813.267350335,18536.658536585368
9418452.451777609,31840282.985637743,18048.878048780487,2.059715672378466,9418156.658171872,31839852.726904035,17561.09756097561,9418502.42571261,31840802.71541459,17561.09756097561,9418748.245383348,31840713.244371448,18536.658536585368,9418402.477842612,31839763.255860887,18536.658536585368
9418798.219318349,31841232.974148296,18048.878048780487,2.7329207122127888,9418502.42571261,31840802.71541459,17561.09756097561,9418848.193253348,31841752.703925148,17561.09756097561,9419094.012924086,31841663.232882,18536.658536585368,9418748.245383348,31840713.244371448,18536.658536585368
9419143.986859087,31842182.962658852,18048.878048780487,2.5961745834316505,9418848.193253348,31841752.703925148,17561.09756097561,9419193.960794086,31842702.692435704,17561.09756097561,9419439.780464822,31842613.22139256,18536.658536585368,9419094.012924086,31841663.232882,18536.658536585368
9419489.754399823,31843132.951169413,18048.878048780487,1.9558735852545623,9419193.960794086,31842702.692435704,17561.09756097561,9419539.728334824,31843652.680946264,17561.09756097561,9419785.54800556,31843563.209903117,18536.658536585368,9419439.780464822,31842613.22139256,18536.658536585368
9419835.521940561,31844082.939679965,18048.878048780487,2.3835500451989153,9419539.728334824,31843652.680946264,17561.09756097561,9419885.49587556,31844602.66945682,17561.09756097561,9420131.3155463,31844513.19841367,18536.658536585368,9419785.54800556,31843563.209903117,18536.658536585368
9420181.289481297,31845032.928190526,18048.878048780487,2.8218612371226355,9419885.49587556,31844602.66945682,17561.09756097561,9420231.263416298,31845552.657967374,17561.09756097561,9420477.083087036,31845463.18692423,18536.658536585368,9420131.3155463,31844513.19841367,18536.658536585368
9420527.057022035,31845982.916701082,18048.878048780487,2.957706452764071,9420231.263416298,31845552.657967374,17561.09756097561,9420577.030957034,31846502.646477934,17561.09756097561,9420822.850627774,31846413.175434787,18536.658536585368,9420477.083087036,31845463.18692423,18536.658536585368
9420872.824562771,31846932.90521164,18048.878048780487,2.319294074116325,9420577.030957034,31846502.646477934,17561.09756097561,9420922.798497772,31847452.634988487,17561.09756097561,9421168.61816851,31847363.163945343,18536.658536585368,9420822.850627774,31846413.175434787,18536.658536585368
9421218.59210351,31847882.89372219,18048.878048780487,2.2072696851814095,9420922.798497772,31847452.634988487,17561.09756097561,9421268.56603851,31848402.623499043,17561.09756097561,9421514.385709248,31848313.1524559,18536.658536585368,9421168.61816851,31847363.163945343,18536.658536585368
9421564.359644247,31848832.88223275,18048.878048780487,2.044085598198606,9421268.56603851,31848402.623499043,17561.09756097561,9421614.333579248,31849352.612009604,17561.09756097561,9421860.153249985,31849263.140966453,18536.658536585368,9421514.385709248,31848313.1524559,18536.658536585368
9421910.127184987,31849782.870743304,18048.878048780487,2.1340591807032068,9421614.333579248,31849352.612009604,17561.09756097561,9421960.101119984,31850302.600520156,17561.09756097561,9422205.920790724,31850213.129477013,18536.658536585368,9421860.153249985,31849263.140966453,18536.658536585368
9422255.894725721,31850732.85925386,18048.878048780487,2.037391438796223,9421960.101119984,31850302.600520156,17561.09756097561,9422305.868660722,31851252.589030717,17561.09756097561,9422551.68833146,31851163.11798757,18536.658536585368,9422205.920790724,31850213.129477013,18536.658536585368
9422601.662266461,31851682.84776442,18048.878048780487,2.722903738809984,9422305.868660722,31851252.589030717,17561.09756097561,9422651.63620146,31852202.577541273,17561.09756097561,9422897.455872199,31852113.106498126,18536.658536585368,9422551.68833146,31851163.11798757,18536.658536585368
9422947.429807197,31852632.836274978,18048.878048780487,2.6068355153212197,9422651.63620146,31852202.577541273,17561.09756097561,9422997.403742196,31853152.566051826,17561.09756097561,9423243.223412935,31853063.095008682,18536.658536585368,9422897.455872199,31852113.106498126,18536.658536585368
9423293.197347935,31853582.82478553,18048.878048780487,1.7997613296082093,9422997.403742196,31853152.566051826,17561.09756097561,9423343.171282936,31854102.554562386,17561.09756097561,9423588.990953673,31854013.08351924,18536.658536585368,9423243.223412935,31853063.095008682,18536.658536585368
9423638.964888673,31854532.813296087,18048.878048780487,1.897315854349464,9423343.171282936,31854102.554562386,17561.09756097561,9423688.938823672,31855052.54307294,17561.09756097561,9423934.75849441,31854963.072029795,18536.658536585368,9423588.990953673,31854013.08351924,18536.658536585368
9423984.73242941,31855482.801806644,18048.878048780487,1.7749697759584275,9423688.938823672,31855052.54307294,17561.09756097561,9424034.70636441,31856002.5315835,17561.09756097561,9424280.526035149,31855913.060540352,18536.658536585368,9423934.75849441,31854963.072029795,18536.658536585368
9424330.499970147,31856432.7903172,18048.878048780487,1.3745981756897123,9424034.70636441,31856002.5315835,17561.09756097561,9424380.473905146,31856952.520094056,17561.09756097561,9424626.293575887,31856863.04905091,18536.658536585368,9424280.526035149,31855913.060540352,18536.658536585368
9424676.267510884,31857382.778827757,18048.878048780487,1.4368010331753456,9424380.473905146,31856952.520094056,17561.09756097561,9424726.241445884,31857902.50860461,17561.09756097561,9424972.061116623,31857813.037561465,18536.658536585368,9424626.293575887,31856863.04905091,18536.658536585368
9425022.035051621,31858332.767338313,18048.878048780487,1.2153561315016999,9424726.241445884,31857902.50860461,17561.09756097561,9425072.00898662,31858852.49711517,17561.09756097561,9425317.82865736,31858763.02607202,18536.658536585368,9424972.061116623,31857813.037561465,18536.658536585368
9425367.802592358,31859282.755848873,18048.878048780487,1.275172456530609,9425072.00898662,31858852.49711517,17561.09756097561,9425417.776527358,31859802.48562572,17561.09756097561,9425663.596198097,31859713.014582574,18536.658536585368,9425317.82865736,31858763.02607202,18536.658536585368
9425713.570133096,31860232.744359426,18048.878048780487,1.4873410091062353,9425417.776527358,31859802.48562572,17561.09756097561,9425763.544068096,31860752.474136278,17561.09756097561,9426009.363738835,31860663.003093135,18536.658536585368,9425663.596198097,31859713.014582574,18536.658536585368
9426059.337673834,31861182.732869983,18048.878048780487,2.1878875570172323,9425763.544068096,31860752.474136278,17561.09756097561,9426109.311608834,31861702.46264684,17561.09756097561,9426355.131279571,31861612.991603687,18536.658536585368,9426009.363738835,31860663.003093135,18536.658536585368
9426405.105214573,31862132.721380543,18048.878048780487,2.6181648008186365,9426109.311608834,31861702.46264684,17561.09756097561,9426455.07914957,31862652.45115739,17561.09756097561,9426700.89882031,31862562.980114248,18536.658536585368,9426355.131279571,31861612.991603687,18536.658536585368
9426750.872755308,31863082.709891096,18048.878048780487,2.986326295618456,9426455.07914957,31862652.45115739,17561.09756097561,9426800.846690308,31863602.43966795,17561.09756097561,9427046.666361047,31863512.968624804,18536.658536585368,9426700.89882031,31862562.980114248,18536.658536585368
9427096.640296048,31864032.698401652,18048.878048780487,3.127855977872097,9426800.846690308,31863602.43966795,17561.09756097561,9427146.614231046,31864552.428178508,17561.09756097561,9427392.433901785,31864462.95713536,18536.658536585368,9427046.666361047,31863512.968624804,18536.658536585368
9427442.407836784,31864982.686912213,18048.878048780487,2.8276481937553153,9427146.614231046,31864552.428178508,17561.09756097561,9427492.381771782,31865502.41668906,17561.09756097561,9427738.201442523,31865412.945645917,18536.658536585368,9427392.433901785,31864462.95713536,18536.658536585368
9427788.175377522,31865932.675422765,18048.878048780487,2.8654040244595183,9427492.381771782,31865502.41668906,17561.09756097561,9427838.149312522,31866452.40519962,17561.09756097561,9428083.968983259,31866362.934156474,18536.658536585368,9427738.201442523,31865412.945645917,18536.658536585368
9428133.94291826,31866882.663933326,18048.878048780487,2.5680906642770975,9427838.149312522,31866452.40519962,17561.09756097561,9428183.916853258,31867402.393710174,17561.09756097561,9428429.736523997,31867312.922667027,18536.658536585368,9428083.968983259,31866362.934156474,18536.658536585368
9428479.710458996,31867832.652443882,18048.878048780487,2.613491817843123,9428183.916853258,31867402.393710174,17561.09756097561,9428529.684393996,31868352.38222073,17561.09756097561,9428775.504064735,31868262.911177587,18536.658536585368,9428429.736523997,31867312.922667027,18536.658536585368
9428825.477999734,31868782.640954435,18048.878048780487,2.7050712388093827,9428529.684393996,31868352.38222073,17561.09756097561,9428875.451934732,31869302.37073129,17561.09756097561,9429121.271605473,31869212.899688143,18536.658536585368,9428775.504064735,31868262.911177587,18536.658536585368
9429171.24554047,31869732.629464995,18048.878048780487,2.9856300616302978,9428875.451934732,31869302.37073129,17561.09756097561,9429221.21947547,31870252.359241847,17561.09756097561,9429467.03914621,31870162.8881987,18536.658536585368,9429121.271605473,31869212.899688143,18536.658536585368
9429517.013081208,31870682.61797555,18048.878048780487,3.354586132969093,9429221.21947547,31870252.359241847,17561.09756097561,9429566.987016207,31871202.347752403,17561.09756097561,9429812.806686947,31871112.876709256,18536.658536585368,9429467.03914621,31870162.8881987,18536.658536585368
9429862.780621944,31871632.606486104,18048.878048780487,4.8785527384284055,9429566.987016207,31871202.347752403,17561.09756097561,9429912.754556946,31872152.33626296,17561.09756097561,9430158.574227683,31872062.865219813,18536.658536585368,9429812.806686947,31871112.876709256,18536.658536585368
9430208.548162684,31872582.594996665,18048.878048780487,5.817302912333776,9429912.754556946,31872152.33626296,17561.09756097561,9430258.522097683,31873102.324773513,17561.09756097561,9430504.341768421,31873012.85373037,18536.658536585368,9430158.574227683,31872062.865219813,18536.658536585368
9430554.31570342,31873532.58350722,18048.878048780487,7.108801804391856,9430258.522097683,31873102.324773513,17561.09756097561,9430604.28963842,31874052.313284073,17561.09756097561,9430850.10930916,31873962.842240926,18536.658536585368,9430504.341768421,31873012.85373037,18536.658536585368
9430900.08324416,31874482.572017778,18048.878048780487,6.802255805447295,9430604.28963842,31874052.313284073,17561.09756097561,9430950.057179159,31875002.301794626,17561.09756097561,9431195.876849897,31874912.83075148,18536.658536585368,9430850.10930916,31873962.842240926,18536.658536585368
9431245.850784896,31875432.560528334,18048.878048780487,6.397588388872583,9430950.057179159,31875002.301794626,17561.09756097561,9431295.824719895,31875952.290305182,17561.09756097561,9431541.644390633,31875862.81926204,18536.658536585368,9431195.876849897,31874912.83075148,18536.658536585368
9431591.618325634,31876382.54903889,18048.878048780487,8.216571620369306,9431295.824719895,31875952.290305182,17561.09756097561,9431641.592260633,31876902.278815743,17561.09756097561,9431887.411931371,31876812.807772595,18536.658536585368,9431541.644390633,31875862.81926204,18536.658536585368
9431937.385866372,31877332.537549447,18048.878048780487,8.482722802826961,9431641.592260633,31876902.278815743,17561.09756097561,9431987.35980137,31877852.2673263,17561.09756097561,9432233.17947211,31877762.796283156,18536.658536585368,9431887.411931371,31876812.807772595,18536.658536585368
9432283.153407108,31878282.526060004,18048.878048780487,7.212124954075771,9431987.35980137,31877852.2673263,17561.09756097561,9432333.127342109,31878802.255836856,17561.09756097561,9432578.947012845,31878712.78479371,18536.658536585368,9432233.17947211,31877762.796283156,18536.658536585368
9432628.920947846,31879232.51457056,18048.878048780487,5.478866411667678,9432333.127342109,31878802.255836856,17561.09756097561,9432678.894882845,31879752.24434741,17561.09756097561,9432924.714553583,31879662.77330426,18536.658536585368,9432578.947012845,31878712.78479371,18536.658536585368
9432974.688488582,31880182.503081113,18048.878048780487,4.73728976784925,9432678.894882845,31879752.24434741,17561.09756097561,9433024.662423583,31880702.232857965,17561.09756097561,9433270.482094321,31880612.76181482,18536.658536585368,9432924.714553583,31879662.77330426,18536.658536585368
9433320.45602932,31881132.491591673,18048.878048780487,4.505406248190673,9433024.662423583,31880702.232857965,17561.09756097561,9433370.429964319,31881652.221368525,17561.09756097561,9433616.24963506,31881562.750325378,18536.658536585368,9433270.482094321,31880612.76181482,18536.658536585368
9433666.223570056,31882082.480102234,18048.878048780487,4.138812330758257,9433370.429964319,31881652.221368525,17561.09756097561,9433716.197505059,31882602.20987908,17561.09756097561,9433962.017175796,31882512.738835935,18536.658536585368,9433616.24963506,31881562.750325378,18536.658536585368
9434011.991110796,31883032.468612786,18048.878048780487,4.09491162186606,9433716.197505059,31882602.20987908,17561.09756097561,9434061.965045795,31883552.198389634,17561.09756097561,9434307.784716533,31883462.72734649,18536.658536585368,9433962.017175796,31882512.738835935,18536.658536585368
9434357.758651532,31883982.457123343,18048.878048780487,4.235355484161688,9434061.965045795,31883552.198389634,17561.09756097561,9434407.732586533,31884502.186900195,17561.09756097561,9434653.55225727,31884412.715857048,18536.658536585368,9434307.784716533,31883462.72734649,18536.658536585368
9434703.52619227,31884932.445633903,18048.878048780487,4.0074097623900755,9434407.732586533,31884502.186900195,17561.09756097561,9434753.50012727,31885452.175410748,17561.09756097561,9434999.319798008,31885362.704367604,18536.658536585368,9434653.55225727,31884412.715857048,18536.658536585368
9435049.293733008,31885882.434144452,18048.878048780487,3.804850291651252,9434753.50012727,31885452.175410748,17561.09756097561,9435099.267668007,31886402.163921308,17561.09756097561,9435345.087338746,31886312.69287816,18536.658536585368,9434999.319798008,31885362.704367604,18536.658536585368
9435395.061273746,31886832.422655012,18048.878048780487,3.033112232159246,9435099.267668007,31886402.163921308,17561.09756097561,9435445.035208745,31887352.152431864,17561.09756097561,9435690.854879484,31887262.681388713,18536.658536585368,9435345.087338746,31886312.69287816,18536.658536585368
9435740.828814484,31887782.411165573,18048.878048780487,2.4959909546385566,9435445.035208745,31887352.152431864,17561.09756097561,9435790.802749483,31888302.140942417,17561.09756097561,9436036.622420222,31888212.669899274,18536.658536585368,9435690.854879484,31887262.681388713,18536.658536585368
9436086.59635522,31888732.39967612,18048.878048780487,2.49307284131733,9435790.802749483,31888302.140942417,17561.09756097561,9436136.57029022,31889252.129452977,17561.09756097561,9436382.389960958,31889162.65840983,18536.658536585368,9436036.622420222,31888212.669899274,18536.658536585368
9436432.363895958,31889682.388186686,18048.878048780487,2.3037889274287924,9436136.57029022,31889252.129452977,17561.09756097561,9436482.337830957,31890202.117963534,17561.09756097561,9436728.157501696,31890112.646920387,18536.658536585368,9436382.389960958,31889162.65840983,18536.658536585368
9436778.131436694,31890632.376697242,18048.878048780487,2.196065518498483,9436482.337830957,31890202.117963534,17561.09756097561,9436828.105371695,31891152.106474087,17561.09756097561,9437073.925042432,31891062.635430943,18536.658536585368,9436728.157501696,31890112.646920387,18536.658536585368
9437123.898977432,31891582.36520779,18048.878048780487,2.360920710137162,9436828.105371695,31891152.106474087,17561.09756097561,9437173.872912431,31892102.094984647,17561.09756097561,9437419.692583172,31892012.6239415,18536.658536585368,9437073.925042432,31891062.635430943,18536.658536585368
9437469.666518169,31892532.35371835,18048.878048780487,2.2316208929105548,9437173.872912431,31892102.094984647,17561.09756097561,9437519.64045317,31893052.0834952,17561.09756097561,9437765.460123908,31892962.612452056,18536.658536585368,9437419.692583172,31892012.6239415,18536.658536585368
9437815.434058907,31893482.342228904,18048.878048780487,1.844555770580748,9437519.64045317,31893052.0834952,17561.09756097561,9437865.407993907,31894002.07200576,17561.09756097561,9438111.227664646,31893912.600962613,18536.658536585368,9437765.460123908,31892962.612452056,18536.658536585368
9438161.201599644,31894432.33073946,18048.878048780487,1.690869356007604,9437865.407993907,31894002.07200576,17561.09756097561,9438211.175534645,31894952.060516316,17561.09756097561,9438456.995205382,31894862.58947317,18536.658536585368,9438111.227664646,31893912.600962613,18536.658536585368
9438506.969140382,31895382.31925002,18048.878048780487,1.26025899180919,9438211.175534645,31894952.060516316,17561.09756097561,9438556.943075381,31895902.04902687,17561.09756097561,9438802.76274612,31895812.577983726,18536.658536585368,9438456.995205382,31894862.58947317,18536.658536585368
9418352.503907612,31839243.52608404,19024.43902439025,1.0779501052320704,9418056.710301874,31838813.267350335,18536.658536585368,9418402.477842612,31839763.255860887,18536.658536585368,9418648.297513349,31839673.784817744,19512.219512195123,9418302.529972613,31838723.796307188,19512.219512195123
9418698.27144835,31840193.514594596,19024.43902439025,0.7584756443164561,9418402.477842612,31839763.255860887,18536.658536585368,9418748.245383348,31840713.244371448,18536.658536585368,9418994.065054089,31840623.7733283,19512.219512195123,9418648.297513349,31839673.784817744,19512.219512195123
9419044.038989086,31841143.503105152,19024.43902439025,1.35238721347639,9418748.245383348,31840713.244371448,18536.658536585368,9419094.012924086,31841663.232882,18536.658536585368,9419339.832594825,31841573.761838857,19512.219512195123,9418994.065054089,31840623.7733283,19512.219512195123
9419389.806529824,31842093.491615705,19024.43902439025,1.4057289303792004,9419094.012924086,31841663.232882,18536.658536585368,9419439.780464822,31842613.22139256,18536.658536585368,9419685.600135563,31842523.750349414,19512.219512195123,9419339.832594825,31841573.761838857,19512.219512195123
9419735.57407056,31843043.480126265,19024.43902439025,1.2706557997992398,9419439.780464822,31842613.22139256,18536.658536585368,9419785.54800556,31843563.209903117,18536.658536585368,9420031.367676299,31843473.73885997,19512.219512195123,9419685.600135563,31842523.750349414,19512.219512195123
9420081.341611298,31843993.468636822,19024.43902439025,1.7996716984036099,9419785.54800556,31843563.209903117,18536.658536585368,9420131.3155463,31844513.19841367,18536.658536585368,9420377.135217037,31844423.727370527,19512.219512195123,9420031.367676299,31843473.73885997,19512.219512195123
9420427.109152038,31844943.457147375,19024.43902439025,2.2788864512446048,9420131.3155463,31844513.19841367,18536.658536585368,9420477.083087036,31845463.18692423,18536.658536585368,9420722.902757775,31845373.715881083,19512.219512195123,9420377.135217037,31844423.727370527,19512.219512195123
9420772.876692776,31845893.44565794,19024.43902439025,2.041716643813339,9420477.083087036,31845463.18692423,18536.658536585368,9420822.850627774,31846413.175434787,18536.658536585368,9421068.670298513,31846323.70439164,19512.219512195123,9420722.902757775,31845373.715881083,19512.219512195123
9421118.644233512,31846843.43416849,19024.43902439025,2.2269363353996523,9420822.850627774,31846413.175434787,18536.658536585368,9421168.61816851,31847363.163945343,18536.658536585368,9421414.437839251,31847273.692902196,19512.219512195123,9421068.670298513,31846323.70439164,19512.219512195123
9421464.41177425,31847793.422679044,19024.43902439025,2.972247629390665,9421168.61816851,31847363.163945343,18536.658536585368,9421514.385709248,31848313.1524559,18536.658536585368,9421760.205379987,31848223.681412753,19512.219512195123,9421414.437839251,31847273.692902196,19512.219512195123
9421810.179314986,31848743.4111896,19024.43902439025,2.8822822377329733,9421514.385709248,31848313.1524559,18536.658536585368,9421860.153249985,31849263.140966453,18536.658536585368,9422105.972920725,31849173.66992331,19512.219512195123,9421760.205379987,31848223.681412753,19512.219512195123
9422155.946855724,31849693.399700157,19024.43902439025,2.5372974283612972,9421860.153249985,31849263.140966453,18536.658536585368,9422205.920790724,31850213.129477013,18536.658536585368,9422451.740461461,31850123.658433866,19512.219512195123,9422105.972920725,31849173.66992331,19512.219512195123
9422501.714396462,31850643.388210718,19024.43902439025,1.7914670067894949,9422205.920790724,31850213.129477013,18536.658536585368,9422551.68833146,31851163.11798757,18536.658536585368,9422797.5080022,31851073.646944422,19512.219512195123,9422451.740461461,31850123.658433866,19512.219512195123
9422847.481937198,31851593.376721278,19024.43902439025,2.420983611904521,9422551.68833146,31851163.11798757,18536.658536585368,9422897.455872199,31852113.106498126,18536.658536585368,9423143.275542937,31852023.635454983,19512.219512195123,9422797.5080022,31851073.646944422,19512.219512195123
9423193.249477936,31852543.36523183,19024.43902439025,2.8230749151049594,9422897.455872199,31852113.106498126,18536.658536585368,9423243.223412935,31853063.095008682,18536.658536585368,9423489.043083675,31852973.623965535,19512.219512195123,9423143.275542937,31852023.635454983,19512.219512195123
9423539.017018672,31853493.353742387,19024.43902439025,2.601501082279121,9423243.223412935,31853063.095008682,18536.658536585368,9423588.990953673,31854013.08351924,18536.658536585368,9423834.810624411,31853923.612476096,19512.219512195123,9423489.043083675,31852973.623965535,19512.219512195123
9423884.78455941,31854443.34225294,19024.43902439025,2.3916534687061626,9423588.990953673,31854013.08351924,18536.658536585368,9423934.75849441,31854963.072029795,18536.658536585368,9424180.57816515,31854873.60098665,19512.219512195123,9423834.810624411,31853923.612476096,19512.219512195123
9424230.552100148,31855393.330763496,19024.43902439025,1.8539634300995655,9423934.75849441,31854963.072029795,18536.658536585368,9424280.526035149,31855913.060540352,18536.658536585368,9424526.345705885,31855823.589497205,19512.219512195123,9424180.57816515,31854873.60098665,19512.219512195123
9424576.319640886,31856343.319274057,19024.43902439025,1.7787132029269497,9424280.526035149,31855913.060540352,18536.658536585368,9424626.293575887,31856863.04905091,18536.658536585368,9424872.113246623,31856773.57800776,19512.219512195123,9424526.345705885,31855823.589497205,19512.219512195123
9424922.087181624,31857293.30778461,19024.43902439025,1.369712037444405,9424626.293575887,31856863.04905091,18536.658536585368,9424972.061116623,31857813.037561465,18536.658536585368,9425217.880787363,31857723.566518318,19512.219512195123,9424872.113246623,31856773.57800776,19512.219512195123
9425267.854722362,31858243.29629517,19024.43902439025,0.9446362561255857,9424972.061116623,31857813.037561465,18536.658536585368,9425317.82865736,31858763.02607202,18536.658536585368,9425563.6483281,31858673.555028874,19512.219512195123,9425217.880787363,31857723.566518318,19512.219512195123
9425613.622263098,31859193.284805726,19024.43902439025,0.8697008515962537,9425317.82865736,31858763.02607202,18536.658536585368,9425663.596198097,31859713.014582574,18536.658536585368,9425909.415868837,31859623.54353943,19512.219512195123,9425563.6483281,31858673.555028874,19512.219512195123
9425959.389803836,31860143.27331628,19024.43902439025,0.7650665521660447,9425663.596198097,31859713.014582574,18536.658536585368,9426009.363738835,31860663.003093135,18536.658536585368,9426255.183409574,31860573.532049987,19512.219512195123,9425909.415868837,31859623.54353943,19512.219512195123
9426305.157344572,31861093.26182684,19024.43902439025,0.9599943732859914,9426009.363738835,31860663.003093135,18536.658536585368,9426355.131279571,31861612.991603687,18536.658536585368,9426600.950950311,31861523.520560544,19512.219512195123,9426255.183409574,31860573.532049987,19512.219512195123
9426650.92488531,31862043.250337396,19024.43902439025,1.2969290173339088,9426355.131279571,31861612.991603687,18536.658536585368,9426700.89882031,31862562.980114248,18536.658536585368,9426946.718491048,31862473.5090711,19512.219512195123,9426600.950950311,31861523.520560544,19512.219512195123
9426996.692426048,31862993.23884795,19024.43902439025,2.0933590602859358,9426700.89882031,31862562.980114248,18536.658536585368,9427046.666361047,31863512.968624804,18536.658536585368,9427292.486031786,31863423.497581657,19512.219512195123,9426946.718491048,31862473.5090711,19512.219512195123
9427342.459966784,31863943.22735851,19024.43902439025,3.077269161560504,9427046.666361047,31863512.968624804,18536.658536585368,9427392.433901785,31864462.95713536,18536.658536585368,9427638.253572524,31864373.486092217,19512.219512195123,9427292.486031786,31863423.497581657,19512.219512195123
9427688.227507522,31864893.215869065,19024.43902439025,2.9498945687621445,9427392.433901785,31864462.95713536,18536.658536585368,9427738.201442523,31865412.945645917,18536.658536585368,9427984.021113262,31865323.47460277,19512.219512195123,9427638.253572524,31864373.486092217,19512.219512195123
9428033.995048258,31865843.204379622,19024.43902439025,2.9831405934887067,9427738.201442523,31865412.945645917,18536.658536585368,9428083.968983259,31866362.934156474,18536.658536585368,9428329.788653998,31866273.463113327,19512.219512195123,9427984.021113262,31865323.47460277,19512.219512195123
9428379.762588996,31866793.19289018,19024.43902439025,2.774272898791856,9428083.968983259,31866362.934156474,18536.658536585368,9428429.736523997,31867312.922667027,18536.658536585368,9428675.556194736,31867223.451623883,19512.219512195123,9428329.788653998,31866273.463113327,19512.219512195123
9428725.530129734,31867743.181400735,19024.43902439025,2.3287268677945208,9428429.736523997,31867312.922667027,18536.658536585368,9428775.504064735,31868262.911177587,18536.658536585368,9429021.323735474,31868173.44013444,19512.219512195123,9428675.556194736,31867223.451623883,19512.219512195123
9429071.297670472,31868693.16991129,19024.43902439025,2.714169067236275,9428775.504064735,31868262.911177587,18536.658536585368,9429121.271605473,31869212.899688143,18536.658536585368,9429367.09127621,31869123.428645,19512.219512195123,9429021.323735474,31868173.44013444,19512.219512195123
9429417.06521121,31869643.158421848,19024.43902439025,2.850239054618631,9429121.271605473,31869212.899688143,18536.658536585368,9429467.03914621,31870162.8881987,18536.658536585368,9429712.85881695,31870073.417155553,19512.219512195123,9429367.09127621,31869123.428645,19512.219512195123
9429762.832751948,31870593.146932404,19024.43902439025,3.2505352574290924,9429467.03914621,31870162.8881987,18536.658536585368,9429812.806686947,31871112.876709256,18536.658536585368,9430058.626357686,31871023.40566611,19512.219512195123,9429712.85881695,31870073.417155553,19512.219512195123
9430108.600292685,31871543.13544296,19024.43902439025,4.43379373935778,9429812.806686947,31871112.876709256,18536.658536585368,9430158.574227683,31872062.865219813,18536.658536585368,9430404.393898424,31871973.39417667,19512.219512195123,9430058.626357686,31871023.40566611,19512.219512195123
9430454.367833422,31872493.123953518,19024.43902439025,5.430312860755778,9430158.574227683,31872062.865219813,18536.658536585368,9430504.341768421,31873012.85373037,18536.658536585368,9430750.16143916,31872923.382687222,19512.219512195123,9430404.393898424,31871973.39417667,19512.219512195123
9430800.13537416,31873443.112464078,19024.43902439025,8.367234223727262,9430504.341768421,31873012.85373037,18536.658536585368,9430850.10930916,31873962.842240926,18536.658536585368,9431095.928979898,31873873.37119778,19512.219512195123,9430750.16143916,31872923.382687222,19512.219512195123
9431145.902914897,31874393.10097463,19024.43902439025,9.753896753916466,9430850.10930916,31873962.842240926,18536.658536585368,9431195.876849897,31874912.83075148,18536.658536585368,9431441.696520634,31874823.359708335,19512.219512195123,9431095.928979898,31873873.37119778,19512.219512195123
9431491.670455635,31875343.089485187,19024.43902439025,9.116610432976243,9431195.876849897,31874912.83075148,18536.658536585368,9431541.644390633,31875862.81926204,18536.658536585368,9431787.464061374,31875773.34821889,19512.219512195123,9431441.696520634,31874823.359708335,19512.219512195123
9431837.43799637,31876293.077995747,19024.43902439025,8.157504193801609,9431541.644390633,31875862.81926204,18536.658536585368,9431887.411931371,31876812.807772595,18536.658536585368,9432133.23160211,31876723.336729452,19512.219512195123,9431787.464061374,31875773.34821889,19512.219512195123
9432183.205537109,31877243.0665063,19024.43902439025,7.343988455476986,9431887.411931371,31876812.807772595,18536.658536585368,9432233.17947211,31877762.796283156,18536.658536585368,9432478.999142848,31877673.325240005,19512.219512195123,9432133.23160211,31876723.336729452,19512.219512195123
9432528.973077847,31878193.055016857,19024.43902439025,5.56130273567221,9432233.17947211,31877762.796283156,18536.658536585368,9432578.947012845,31878712.78479371,18536.658536585368,9432824.766683586,31878623.31375056,19512.219512195123,9432478.999142848,31877673.325240005,19512.219512195123
9432874.740618583,31879143.043527417,19024.43902439025,4.640858145147733,9432578.947012845,31878712.78479371,18536.658536585368,9432924.714553583,31879662.77330426,18536.658536585368,9433170.534224322,31879573.302261118,19512.219512195123,9432824.766683586,31878623.31375056,19512.219512195123
9433220.50815932,31880093.032037966,19024.43902439025,4.588416472977217,9432924.714553583,31879662.77330426,18536.658536585368,9433270.482094321,31880612.76181482,18536.658536585368,9433516.30176506,31880523.290771674,19512.219512195123,9433170.534224322,31879573.302261118,19512.219512195123
9433566.275700059,31881043.02054853,19024.43902439025,3.8624432691687316,9433270.482094321,31880612.76181482,18536.658536585368,9433616.24963506,31881562.750325378,18536.658536585368,9433862.069305796,31881473.27928223,19512.219512195123,9433516.30176506,31880523.290771674,19512.219512195123
9433912.043240797,31881993.009059086,19024.43902439025,2.7956897376576206,9433616.24963506,31881562.750325378,18536.658536585368,9433962.017175796,31882512.738835935,18536.658536585368,9434207.836846536,31882423.267792787,19512.219512195123,9433862.069305796,31881473.27928223,19512.219512195123
9434257.810781535,31882942.997569636,19024.43902439025,2.8352240974515945,9433962.017175796,31882512.738835935,18536.658536585368,9434307.784716533,31883462.72734649,18536.658536585368,9434553.604387272,31883373.256303344,19512.219512195123,9434207.836846536,31882423.267792787,19512.219512195123
9434603.57832227,31883892.9860802,19024.43902439025,3.130572502939915,9434307.784716533,31883462.72734649,18536.658536585368,9434653.55225727,31884412.715857048,18536.658536585368,9434899.37192801,31884323.244813904,19512.219512195123,9434553.604387272,31883373.256303344,19512.219512195123
9434949.345863009,31884842.974590756,19024.43902439025,3.2063149500558263,9434653.55225727,31884412.715857048,18536.658536585368,9434999.319798008,31885362.704367604,18536.658536585368,9435245.139468746,31885273.233324457,19512.219512195123,9434899.37192801,31884323.244813904,19512.219512195123
9435295.113403747,31885792.963101305,19024.43902439025,3.161914384675953,9434999.319798008,31885362.704367604,18536.658536585368,9435345.087338746,31886312.69287816,18536.658536585368,9435590.907009484,31886223.221835013,19512.219512195123,9435245.139468746,31885273.233324457,19512.219512195123
9435640.880944483,31886742.951611865,19024.43902439025,2.693900459083656,9435345.087338746,31886312.69287816,18536.658536585368,9435690.854879484,31887262.681388713,18536.658536585368,9435936.67455022,31887173.21034557,19512.219512195123,9435590.907009484,31886223.221835013,19512.219512195123
9435986.648485221,31887692.940122418,19024.43902439025,2.299624779641272,9435690.854879484,31887262.681388713,18536.658536585368,9436036.622420222,31888212.669899274,18536.658536585368,9436282.44209096,31888123.198856127,19512.219512195123,9435936.67455022,31887173.21034557,19512.219512195123
9436332.416025959,31888642.92863298,19024.43902439025,2.203108852727369,9436036.622420222,31888212.669899274,18536.658536585368,9436382.389960958,31889162.65840983,18536.658536585368,9436628.209631696,31889073.187366683,19512.219512195123,9436282.44209096,31888123.198856127,19512.219512195123
9436678.183566695,31889592.91714354,19024.43902439025,1.9436070589791015,9436382.389960958,31889162.65840983,18536.658536585368,9436728.157501696,31890112.646920387,18536.658536585368,9436973.977172434,31890023.175877243,19512.219512195123,9436628.209631696,31889073.187366683,19512.219512195123
9437023.951107433,31890542.905654095,19024.43902439025,2.0139868500047995,9436728.157501696,31890112.646920387,18536.658536585368,9437073.925042432,31891062.635430943,18536.658536585368,9437319.744713172,31890973.164387796,19512.219512195123,9436973.977172434,31890023.175877243,19512.219512195123
9437369.71864817,31891492.894164648,19024.43902439025,1.9769854146945933,9437073.925042432,31891062.635430943,18536.658536585368,9437419.692583172,31892012.6239415,18536.658536585368,9437665.512253908,31891923.152898356,19512.219512195123,9437319.744713172,31890973.164387796,19512.219512195123
9437715.486188909,31892442.882675204,19024.43902439025,1.4335954783360274,9437419.692583172,31892012.6239415,18536.658536585368,9437765.460123908,31892962.612452056,18536.658536585368,9438011.279794646,31892873.14140891,19512.219512195123,9437665.512253908,31891923.152898356,19512.219512195123
9438061.253729647,31893392.871185757,19024.43902439025,1.3383109600738632,9437765.460123908,31892962.612452056,18536.658536585368,9438111.227664646,31893912.600962613,18536.658536585368,9438357.047335384,31893823.129919466,19512.219512195123,9438011.279794646,31892873.14140891,19512.219512195123
9438407.021270383,31894342.859696317,19024.43902439025,1.4224784905580585,9438111.227664646,31893912.600962613,18536.658536585368,9438456.995205382,31894862.58947317,18536.658536585368,9438702.814876122,31894773.118430022,19512.219512195123,9438357.047335384,31893823.129919466,19512.219512195123
9438752.788811121,31895292.848206874,19024.43902439025,1.1903221751656372,9438456.995205382,31894862.58947317,18536.658536585368,9438802.76274612,31895812.577983726,18536.658536585368,9439048.582416859,31895723.10694058,19512.219512195123,9438702.814876122,31894773.118430022,19512.219512195123
9418598.323578354,31839154.055040892,20000.0,0.5684531886301524,9418302.529972613,31838723.796307188,19512.219512195123,9418648.297513349,31839673.784817744,19512.219512195123,9418894.117184093,31839584.313774597,20487.78048780488,9418548.349643355,31838634.32526404,20487.78048780488
9418944.09111909,31840104.043551452,20000.0,0.35858587344223475,9418648.297513349,31839673.784817744,19512.219512195123,9418994.065054089,31840623.7733283,19512.219512195123,9419239.88472483,31840534.302285153,20487.78048780488,9418894.117184093,31839584.313774597,20487.78048780488
9419289.858659828,31841054.032062,20000.0,0.5574740092812279,9418994.065054089,31840623.7733283,19512.219512195123,9419339.832594825,31841573.761838857,19512.219512195123,9419585.652265567,31841484.29079571,20487.78048780488,9419239.88472483,31840534.302285153,20487.78048780488
9419635.626200564,31842004.02057256,20000.0,0.8261811620334943,9419339.832594825,31841573.761838857,19512.219512195123,9419685.600135563,31842523.750349414,19512.219512195123,9419931.419806303,31842434.279306266,20487.78048780488,9419585.652265567,31841484.29079571,20487.78048780488
9419981.393741302,31842954.009083122,20000.0,0.7933661878552896,9419685.600135563,31842523.750349414,19512.219512195123,9420031.367676299,31843473.73885997,19512.219512195123,9420277.187347041,31843384.267816823,20487.78048780488,9419931.419806303,31842434.279306266,20487.78048780488
9420327.161282038,31843903.99759367,20000.0,1.1343378718469332,9420031.367676299,31843473.73885997,19512.219512195123,9420377.135217037,31844423.727370527,19512.219512195123,9420622.95488778,31844334.25632738,20487.78048780488,9420277.187347041,31843384.267816823,20487.78048780488
9420672.928822778,31844853.98610423,20000.0,1.854495108200721,9420377.135217037,31844423.727370527,19512.219512195123,9420722.902757775,31845373.715881083,19512.219512195123,9420968.722428517,31845284.244837936,20487.78048780488,9420622.95488778,31844334.25632738,20487.78048780488
9421018.696363514,31845803.97461479,20000.0,1.8463179691306482,9420722.902757775,31845373.715881083,19512.219512195123,9421068.670298513,31846323.70439164,19512.219512195123,9421314.489969254,31846234.233348493,20487.78048780488,9420968.722428517,31845284.244837936,20487.78048780488
9421364.463904252,31846753.96312534,20000.0,2.361237890156651,9421068.670298513,31846323.70439164,19512.219512195123,9421414.437839251,31847273.692902196,19512.219512195123,9421660.257509992,31847184.22185905,20487.78048780488,9421314.489969254,31846234.233348493,20487.78048780488
9421710.23144499,31847703.9516359,20000.0,3.0158032140443076,9421414.437839251,31847273.692902196,19512.219512195123,9421760.205379987,31848223.681412753,19512.219512195123,9422006.025050728,31848134.21036961,20487.78048780488,9421660.257509992,31847184.22185905,20487.78048780488
9422055.998985726,31848653.940146454,20000.0,2.854539854654392,9421760.205379987,31848223.681412753,19512.219512195123,9422105.972920725,31849173.66992331,19512.219512195123,9422351.792591466,31849084.198880162,20487.78048780488,9422006.025050728,31848134.21036961,20487.78048780488
9422401.766526464,31849603.928657014,20000.0,2.436920891784488,9422105.972920725,31849173.66992331,19512.219512195123,9422451.740461461,31850123.658433866,19512.219512195123,9422697.560132205,31850034.18739072,20487.78048780488,9422351.792591466,31849084.198880162,20487.78048780488
9422747.534067202,31850553.91716757,20000.0,2.4992540478882654,9422451.740461461,31850123.658433866,19512.219512195123,9422797.5080022,31851073.646944422,19512.219512195123,9423043.327672942,31850984.175901275,20487.78048780488,9422697.560132205,31850034.18739072,20487.78048780488
9423093.30160794,31851503.90567813,20000.0,3.180012310307783,9422797.5080022,31851073.646944422,19512.219512195123,9423143.275542937,31852023.635454983,19512.219512195123,9423389.09521368,31851934.16441183,20487.78048780488,9423043.327672942,31850984.175901275,20487.78048780488
9423439.069148676,31852453.894188683,20000.0,2.926541857493782,9423143.275542937,31852023.635454983,19512.219512195123,9423489.043083675,31852973.623965535,19512.219512195123,9423734.862754416,31852884.152922392,20487.78048780488,9423389.09521368,31851934.16441183,20487.78048780488
9423784.836689414,31853403.88269924,20000.0,2.720602204646286,9423489.043083675,31852973.623965535,19512.219512195123,9423834.810624411,31853923.612476096,19512.219512195123,9424080.630295154,31853834.141432945,20487.78048780488,9423734.862754416,31852884.152922392,20487.78048780488
9424130.60423015,31854353.871209793,20000.0,2.875015699126772,9423834.810624411,31853923.612476096,19512.219512195123,9424180.57816515,31854873.60098665,19512.219512195123,9424426.39783589,31854784.1299435,20487.78048780488,9424080.630295154,31853834.141432945,20487.78048780488
9424476.371770889,31855303.859720353,20000.0,2.0208592038840063,9424180.57816515,31854873.60098665,19512.219512195123,9424526.345705885,31855823.589497205,19512.219512195123,9424772.16537663,31855734.11845406,20487.78048780488,9424426.39783589,31854784.1299435,20487.78048780488
9424822.139311625,31856253.84823091,20000.0,1.9873013700300985,9424526.345705885,31855823.589497205,19512.219512195123,9424872.113246623,31856773.57800776,19512.219512195123,9425117.932917366,31856684.106964614,20487.78048780488,9424772.16537663,31855734.11845406,20487.78048780488
9425167.906852365,31857203.836741466,20000.0,1.4364116996122762,9424872.113246623,31856773.57800776,19512.219512195123,9425217.880787363,31857723.566518318,19512.219512195123,9425463.700458104,31857634.09547517,20487.78048780488,9425117.932917366,31856684.106964614,20487.78048780488
9425513.674393103,31858153.825252023,20000.0,1.1602216116831474,9425217.880787363,31857723.566518318,19512.219512195123,9425563.6483281,31858673.555028874,19512.219512195123,9425809.46799884,31858584.083985727,20487.78048780488,9425463.700458104,31857634.09547517,20487.78048780488
9425859.441933839,31859103.81376258,20000.0,0.8478539762684699,9425563.6483281,31858673.555028874,19512.219512195123,9425909.415868837,31859623.54353943,19512.219512195123,9426155.235539578,31859534.072496284,20487.78048780488,9425809.46799884,31858584.083985727,20487.78048780488
9426205.209474577,31860053.802273136,20000.0,1.0304588993602413,9425909.415868837,31859623.54353943,19512.219512195123,9426255.183409574,31860573.532049987,19512.219512195123,9426501.003080316,31860484.061006844,20487.78048780488,9426155.235539578,31859534.072496284,20487.78048780488
9426550.977015313,31861003.790783692,20000.0,1.3211262667559003,9426255.183409574,31860573.532049987,19512.219512195123,9426600.950950311,31861523.520560544,19512.219512195123,9426846.770621052,31861434.049517397,20487.78048780488,9426501.003080316,31860484.061006844,20487.78048780488
9426896.74455605,31861953.77929425,20000.0,1.4693218239483534,9426600.950950311,31861523.520560544,19512.219512195123,9426946.718491048,31862473.5090711,19512.219512195123,9427192.538161792,31862384.038027953,20487.78048780488,9426846.770621052,31861434.049517397,20487.78048780488
9427242.512096789,31862903.767804805,20000.0,1.8538773532627286,9426946.718491048,31862473.5090711,19512.219512195123,9427292.486031786,31863423.497581657,19512.219512195123,9427538.305702528,31863334.02653851,20487.78048780488,9427192.538161792,31862384.038027953,20487.78048780488
9427588.279637527,31863853.75631536,20000.0,2.723371657070181,9427292.486031786,31863423.497581657,19512.219512195123,9427638.253572524,31864373.486092217,19512.219512195123,9427884.073243266,31864284.015049066,20487.78048780488,9427538.305702528,31863334.02653851,20487.78048780488
9427934.047178263,31864803.744825922,20000.0,2.694171599763954,9427638.253572524,31864373.486092217,19512.219512195123,9427984.021113262,31865323.47460277,19512.219512195123,9428229.840784002,31865234.003559623,20487.78048780488,9427884.073243266,31864284.015049066,20487.78048780488
9428279.814719,31865753.733336475,20000.0,3.0227508360435,9427984.021113262,31865323.47460277,19512.219512195123,9428329.788653998,31866273.463113327,19512.219512195123,9428575.60832474,31866183.99207018,20487.78048780488,9428229.840784002,31865234.003559623,20487.78048780488
9428625.582259737,31866703.72184703,20000.0,2.9191208365703596,9428329.788653998,31866273.463113327,19512.219512195123,9428675.556194736,31867223.451623883,19512.219512195123,9428921.375865476,31867133.980580736,20487.78048780488,9428575.60832474,31866183.99207018,20487.78048780488
9428971.349800475,31867653.71035759,20000.0,2.8370718063086913,9428675.556194736,31867223.451623883,19512.219512195123,9429021.323735474,31868173.44013444,19512.219512195123,9429267.143406216,31868083.969091296,20487.78048780488,9428921.375865476,31867133.980580736,20487.78048780488
9429317.117341213,31868603.698868144,20000.0,3.2639248058947157,9429021.323735474,31868173.44013444,19512.219512195123,9429367.09127621,31869123.428645,19512.219512195123,9429612.910946952,31869033.95760185,20487.78048780488,9429267.143406216,31868083.969091296,20487.78048780488
9429662.88488195,31869553.6873787,20000.0,3.132689657341397,9429367.09127621,31869123.428645,19512.219512195123,9429712.85881695,31870073.417155553,19512.219512195123,9429958.67848769,31869983.946112406,20487.78048780488,9429612.910946952,31869033.95760185,20487.78048780488
9430008.652422689,31870503.67588926,20000.0,2.846514789822,9429712.85881695,31870073.417155553,19512.219512195123,9430058.626357686,31871023.40566611,19512.219512195123,9430304.446028428,31870933.934622962,20487.78048780488,9429958.67848769,31869983.946112406,20487.78048780488
9430354.419963425,31871453.664399814,20000.0,3.4250917558234275,9430058.626357686,31871023.40566611,19512.219512195123,9430404.393898424,31871973.39417667,19512.219512195123,9430650.213569164,31871883.92313352,20487.78048780488,9430304.446028428,31870933.934622962,20487.78048780488
9430700.187504163,31872403.652910374,20000.0,4.421049999581208,9430404.393898424,31871973.39417667,19512.219512195123,9430750.16143916,31872923.382687222,19512.219512195123,9430995.981109902,31872833.911644075,20487.78048780488,9430650.213569164,31871883.92313352,20487.78048780488
9431045.9550449,31873353.64142093,20000.0,6.131422366456217,9430750.16143916,31872923.382687222,19512.219512195123,9431095.928979898,31873873.37119778,19512.219512195123,9431341.74865064,31873783.900154635,20487.78048780488,9430995.981109902,31872833.911644075,20487.78048780488
9431391.722585639,31874303.629931483,20000.0,7.805984986326895,9431095.928979898,31873873.37119778,19512.219512195123,9431441.696520634,31874823.359708335,19512.219512195123,9431687.516191378,31874733.888665188,20487.78048780488,9431341.74865064,31873783.900154635,20487.78048780488
9431737.490126375,31875253.618442044,20000.0,10.017514500633919,9431441.696520634,31874823.359708335,19512.219512195123,9431787.464061374,31875773.34821889,19512.219512195123,9432033.283732114,31875683.87717575,20487.78048780488,9431687.516191378,31874733.888665188,20487.78048780488
9432083.257667113,31876203.6069526,20000.0,7.966537614599456,9431787.464061374,31875773.34821889,19512.219512195123,9432133.23160211,31876723.336729452,19512.219512195123,9432379.051272852,31876633.8656863,20487.78048780488,9432033.283732114,31875683.87717575,20487.78048780488
9432429.02520785,31877153.59546315,20000.0,5.542327905738376,9432133.23160211,31876723.336729452,19512.219512195123,9432478.999142848,31877673.325240005,19512.219512195123,9432724.818813588,31877583.854196858,20487.78048780488,9432379.051272852,31876633.8656863,20487.78048780488
9432774.792748587,31878103.583973713,20000.0,4.980399348245017,9432478.999142848,31877673.325240005,19512.219512195123,9432824.766683586,31878623.31375056,19512.219512195123,9433070.586354326,31878533.842707418,20487.78048780488,9432724.818813588,31877583.854196858,20487.78048780488
9433120.560289323,31879053.57248427,20000.0,4.317656874549809,9432824.766683586,31878623.31375056,19512.219512195123,9433170.534224322,31879573.302261118,19512.219512195123,9433416.353895063,31879483.83121797,20487.78048780488,9433070.586354326,31878533.842707418,20487.78048780488
9433466.327830061,31880003.560994823,20000.0,3.787486016657624,9433170.534224322,31879573.302261118,19512.219512195123,9433516.30176506,31880523.290771674,19512.219512195123,9433762.121435802,31880433.819728527,20487.78048780488,9433416.353895063,31879483.83121797,20487.78048780488
9433812.0953708,31880953.549505383,20000.0,3.205126227869302,9433516.30176506,31880523.290771674,19512.219512195123,9433862.069305796,31881473.27928223,19512.219512195123,9434107.888976539,31881383.808239084,20487.78048780488,9433762.121435802,31880433.819728527,20487.78048780488
9434157.862911537,31881903.53801594,20000.0,2.2086202357054554,9433862.069305796,31881473.27928223,19512.219512195123,9434207.836846536,31882423.267792787,19512.219512195123,9434453.656517277,31882333.79674964,20487.78048780488,9434107.888976539,31881383.808239084,20487.78048780488
9434503.630452275,31882853.526526492,20000.0,2.4824885140077515,9434207.836846536,31882423.267792787,19512.219512195123,9434553.604387272,31883373.256303344,19512.219512195123,9434799.424058015,31883283.785260197,20487.78048780488,9434453.656517277,31882333.79674964,20487.78048780488
9434849.397993011,31883803.51503705,20000.0,2.798521648218291,9434553.604387272,31883373.256303344,19512.219512195123,9434899.37192801,31884323.244813904,19512.219512195123,9435145.19159875,31884233.773770753,20487.78048780488,9434799.424058015,31883283.785260197,20487.78048780488
9435195.16553375,31884753.50354761,20000.0,2.3966677221540866,9434899.37192801,31884323.244813904,19512.219512195123,9435245.139468746,31885273.233324457,19512.219512195123,9435490.959139489,31885183.76228131,20487.78048780488,9435145.19159875,31884233.773770753,20487.78048780488
9435540.933074486,31885703.49205816,20000.0,1.8622735989340469,9435245.139468746,31885273.233324457,19512.219512195123,9435590.907009484,31886223.221835013,19512.219512195123,9435836.726680227,31886133.75079187,20487.78048780488,9435490.959139489,31885183.76228131,20487.78048780488
9435886.700615225,31886653.48056872,20000.0,1.4070101127954673,9435590.907009484,31886223.221835013,19512.219512195123,9435936.67455022,31887173.21034557,19512.219512195123,9436182.494220965,31887083.739302423,20487.78048780488,9435836.726680227,31886133.75079187,20487.78048780488
9436232.468155961,31887603.469079275,20000.0,1.5827774937026287,9435936.67455022,31887173.21034557,19512.219512195123,9436282.44209096,31888123.198856127,19512.219512195123,9436528.2617617,31888033.72781298,20487.78048780488,9436182.494220965,31887083.739302423,20487.78048780488
9436578.2356967,31888553.45758983,20000.0,1.633522085046186,9436282.44209096,31888123.198856127,19512.219512195123,9436628.209631696,31889073.187366683,19512.219512195123,9436874.029302439,31888983.716323536,20487.78048780488,9436528.2617617,31888033.72781298,20487.78048780488
9436924.003237436,31889503.446100388,20000.0,1.3578239314363005,9436628.209631696,31889073.187366683,19512.219512195123,9436973.977172434,31890023.175877243,19512.219512195123,9437219.796843175,31889933.704834092,20487.78048780488,9436874.029302439,31888983.716323536,20487.78048780488
9437269.770778174,31890453.43461095,20000.0,0.9674488886678007,9436973.977172434,31890023.175877243,19512.219512195123,9437319.744713172,31890973.164387796,19512.219512195123,9437565.564383913,31890883.693344653,20487.78048780488,9437219.796843175,31889933.704834092,20487.78048780488
9437615.538318912,31891403.4231215,20000.0,0.7965437557616801,9437319.744713172,31890973.164387796,19512.219512195123,9437665.512253908,31891923.152898356,19512.219512195123,9437911.33192465,31891833.681855205,20487.78048780488,9437565.564383913,31890883.693344653,20487.78048780488
9437961.30585965,31892353.411632057,20000.0,1.1049647210727314,9437665.512253908,31891923.152898356,19512.219512195123,9438011.279794646,31892873.14140891,19512.219512195123,9438257.099465389,31892783.670365762,20487.78048780488,9437911.33192465,31891833.681855205,20487.78048780488
9438307.073400388,31893303.400142614,20000.0,1.3374051173199781,9438011.279794646,31892873.14140891,19512.219512195123,9438357.047335384,31893823.129919466,19512.219512195123,9438602.867006127,31893733.658876322,20487.78048780488,9438257.099465389,31892783.670365762,20487.78048780488
9438652.840941124,31894253.38865317,20000.0,1.1208627399821096,9438357.047335384,31893823.129919466,19512.219512195123,9438702.814876122,31894773.118430022,19512.219512195123,9438948.634546863,31894683.647386875,20487.78048780488,9438602.867006127,31893733.658876322,20487.78048780488
9438998.608481862,31895203.37716373,20000.0,0.5402732423888446,9438702.814876122,31894773.118430022,19512.219512195123,9439048.582416859,31895723.10694058,19512.219512195123,9439294.402087603,31895633.63589743,20487.78048780488,9438948.634546863,31894683.647386875,20487.78048780488
9418844.143249093,31839064.583997745,20975.56097560976,1.1445379855449143,9418548.349643355,31838634.32526404,20487.78048780488,9418894.117184093,31839584.313774597,20487.78048780488,9419139.93685483,31839494.842731453,21463.341463414636,9418794.169314092,31838544.854220893,21463.341463414636
9419189.91078983,31840014.572508298,20975.56097560976,0.958803351782188,9418894.117184093,31839584.313774597,20487.78048780488,9419239.88472483,31840534.302285153,20487.78048780488,9419485.70439557,31840444.831242006,21463.341463414636,9419139.93685483,31839494.842731453,21463.341463414636
9419535.678330569,31840964.561018858,20975.56097560976,0.87104487562888,9419239.88472483,31840534.302285153,20487.78048780488,9419585.652265567,31841484.29079571,20487.78048780488,9419831.471936306,31841394.819752563,21463.341463414636,9419485.70439557,31840444.831242006,21463.341463414636
9419881.445871305,31841914.549529415,20975.56097560976,0.7768315332779991,9419585.652265567,31841484.29079571,20487.78048780488,9419931.419806303,31842434.279306266,20487.78048780488,9420177.239477044,31842344.808263123,21463.341463414636,9419831.471936306,31841394.819752563,21463.341463414636
9420227.213412043,31842864.538039967,20975.56097560976,1.1770701936927925,9419931.419806303,31842434.279306266,20487.78048780488,9420277.187347041,31843384.267816823,20487.78048780488,9420523.00701778,31843294.796773676,21463.341463414636,9420177.239477044,31842344.808263123,21463.341463414636
9420572.98095278,31843814.526550528,20975.56097560976,1.5872005197991446,9420277.187347041,31843384.267816823,20487.78048780488,9420622.95488778,31844334.25632738,20487.78048780488,9420868.774558518,31844244.785284236,21463.341463414636,9420523.00701778,31843294.796773676,21463.341463414636
9420918.748493517,31844764.515061084,20975.56097560976,1.4545551355207176,9420622.95488778,31844334.25632738,20487.78048780488,9420968.722428517,31845284.244837936,20487.78048780488,9421214.542099254,31845194.77379479,21463.341463414636,9420868.774558518,31844244.785284236,21463.341463414636
9421264.516034255,31845714.503571637,20975.56097560976,1.9701301389111783,9420968.722428517,31845284.244837936,20487.78048780488,9421314.489969254,31846234.233348493,20487.78048780488,9421560.309639994,31846144.762305345,21463.341463414636,9421214.542099254,31845194.77379479,21463.341463414636
9421610.28357499,31846664.492082197,20975.56097560976,2.333097934993608,9421314.489969254,31846234.233348493,20487.78048780488,9421660.257509992,31847184.22185905,20487.78048780488,9421906.07718073,31847094.750815906,21463.341463414636,9421560.309639994,31846144.762305345,21463.341463414636
9421956.051115729,31847614.480592754,20975.56097560976,2.6702318681993797,9421660.257509992,31847184.22185905,20487.78048780488,9422006.025050728,31848134.21036961,20487.78048780488,9422251.844721468,31848044.739326462,21463.341463414636,9421906.07718073,31847094.750815906,21463.341463414636
9422301.818656465,31848564.46910331,20975.56097560976,2.5793812390062767,9422006.025050728,31848134.21036961,20487.78048780488,9422351.792591466,31849084.198880162,20487.78048780488,9422597.612262204,31848994.727837015,21463.341463414636,9422251.844721468,31848044.739326462,21463.341463414636
9422647.586197203,31849514.457613867,20975.56097560976,2.7723155839981453,9422351.792591466,31849084.198880162,20487.78048780488,9422697.560132205,31850034.18739072,20487.78048780488,9422943.379802942,31849944.716347575,21463.341463414636,9422597.612262204,31848994.727837015,21463.341463414636
9422993.353737943,31850464.446124423,20975.56097560976,3.1740700237586634,9422697.560132205,31850034.18739072,20487.78048780488,9423043.327672942,31850984.175901275,20487.78048780488,9423289.14734368,31850894.704858128,21463.341463414636,9422943.379802942,31849944.716347575,21463.341463414636
9423339.12127868,31851414.43463498,20975.56097560976,3.2099822887266503,9423043.327672942,31850984.175901275,20487.78048780488,9423389.09521368,31851934.16441183,20487.78048780488,9423634.914884418,31851844.69336869,21463.341463414636,9423289.14734368,31850894.704858128,21463.341463414636
9423684.888819417,31852364.423145536,20975.56097560976,2.703249249868308,9423389.09521368,31851934.16441183,20487.78048780488,9423734.862754416,31852884.152922392,20487.78048780488,9423980.682425156,31852794.68187924,21463.341463414636,9423634.914884418,31851844.69336869,21463.341463414636
9424030.656360155,31853314.411656093,20975.56097560976,1.8709758108104735,9423734.862754416,31852884.152922392,20487.78048780488,9424080.630295154,31853834.141432945,20487.78048780488,9424326.449965892,31853744.670389798,21463.341463414636,9423980.682425156,31852794.68187924,21463.341463414636
9424376.423900891,31854264.40016665,20975.56097560976,1.6103323502641527,9424080.630295154,31853834.141432945,20487.78048780488,9424426.39783589,31854784.1299435,20487.78048780488,9424672.21750663,31854694.658900358,21463.341463414636,9424326.449965892,31853744.670389798,21463.341463414636
9424722.19144163,31855214.388677206,20975.56097560976,1.704415889019292,9424426.39783589,31854784.1299435,20487.78048780488,9424772.16537663,31855734.11845406,20487.78048780488,9425017.985047366,31855644.647410914,21463.341463414636,9424672.21750663,31854694.658900358,21463.341463414636
9425067.958982367,31856164.377187766,20975.56097560976,1.4936290651109532,9424772.16537663,31855734.11845406,20487.78048780488,9425117.932917366,31856684.106964614,20487.78048780488,9425363.752588104,31856594.635921467,21463.341463414636,9425017.985047366,31855644.647410914,21463.341463414636
9425413.726523103,31857114.36569832,20975.56097560976,1.635743193245966,9425117.932917366,31856684.106964614,20487.78048780488,9425463.700458104,31857634.09547517,20487.78048780488,9425709.520128842,31857544.624432027,21463.341463414636,9425363.752588104,31856594.635921467,21463.341463414636
9425759.494063841,31858064.354208875,20975.56097560976,1.4386211350704965,9425463.700458104,31857634.09547517,20487.78048780488,9425809.46799884,31858584.083985727,20487.78048780488,9426055.28766958,31858494.61294258,21463.341463414636,9425709.520128842,31857544.624432027,21463.341463414636
9426105.261604577,31859014.342719436,20975.56097560976,1.0608079283557288,9425809.46799884,31858584.083985727,20487.78048780488,9426155.235539578,31859534.072496284,20487.78048780488,9426401.055210317,31859444.60145314,21463.341463414636,9426055.28766958,31858494.61294258,21463.341463414636
9426451.029145315,31859964.33122999,20975.56097560976,0.9510694260144805,9426155.235539578,31859534.072496284,20487.78048780488,9426501.003080316,31860484.061006844,20487.78048780488,9426746.822751055,31860394.589963697,21463.341463414636,9426401.055210317,31859444.60145314,21463.341463414636
9426796.796686053,31860914.319740545,20975.56097560976,0.9482783319782337,9426501.003080316,31860484.061006844,20487.78048780488,9426846.770621052,31861434.049517397,20487.78048780488,9427092.59029179,31861344.57847425,21463.341463414636,9426746.822751055,31860394.589963697,21463.341463414636
9427142.56422679,31861864.308251105,20975.56097560976,1.3803192633089145,9426846.770621052,31861434.049517397,20487.78048780488,9427192.538161792,31862384.038027953,20487.78048780488,9427438.357832529,31862294.56698481,21463.341463414636,9427092.59029179,31861344.57847425,21463.341463414636
9427488.33176753,31862814.296761658,20975.56097560976,1.9923887460135299,9427192.538161792,31862384.038027953,20487.78048780488,9427538.305702528,31863334.02653851,20487.78048780488,9427784.125373267,31863244.555495363,21463.341463414636,9427438.357832529,31862294.56698481,21463.341463414636
9427834.099308267,31863764.28527222,20975.56097560976,2.1987825884026018,9427538.305702528,31863334.02653851,20487.78048780488,9427884.073243266,31864284.015049066,20487.78048780488,9428129.892914005,31864194.54400592,21463.341463414636,9427784.125373267,31863244.555495363,21463.341463414636
9428179.866849003,31864714.273782775,20975.56097560976,2.3560229515616355,9427884.073243266,31864284.015049066,20487.78048780488,9428229.840784002,31865234.003559623,20487.78048780488,9428475.660454743,31865144.53251648,21463.341463414636,9428129.892914005,31864194.54400592,21463.341463414636
9428525.634389741,31865664.262293328,20975.56097560976,2.8071935839174618,9428229.840784002,31865234.003559623,20487.78048780488,9428575.60832474,31866183.99207018,20487.78048780488,9428821.427995479,31866094.521027032,21463.341463414636,9428475.660454743,31865144.53251648,21463.341463414636
9428871.401930477,31866614.250803888,20975.56097560976,3.5284767730126587,9428575.60832474,31866183.99207018,20487.78048780488,9428921.375865476,31867133.980580736,20487.78048780488,9429167.195536217,31867044.509537593,21463.341463414636,9428821.427995479,31866094.521027032,21463.341463414636
9429217.169471215,31867564.239314444,20975.56097560976,3.7505140521158773,9428921.375865476,31867133.980580736,20487.78048780488,9429267.143406216,31868083.969091296,20487.78048780488,9429512.963076953,31867994.49804815,21463.341463414636,9429167.195536217,31867044.509537593,21463.341463414636
9429562.937011953,31868514.227824997,20975.56097560976,3.671064950669123,9429267.143406216,31868083.969091296,20487.78048780488,9429612.910946952,31869033.95760185,20487.78048780488,9429858.73061769,31868944.4865587,21463.341463414636,9429512.963076953,31867994.49804815,21463.341463414636
9429908.70455269,31869464.216335557,20975.56097560976,3.5159366775284067,9429612.910946952,31869033.95760185,20487.78048780488,9429958.67848769,31869983.946112406,20487.78048780488,9430204.498158429,31869894.475069262,21463.341463414636,9429858.73061769,31868944.4865587,21463.341463414636
9430254.472093428,31870414.204846114,20975.56097560976,3.0205804584045235,9429958.67848769,31869983.946112406,20487.78048780488,9430304.446028428,31870933.934622962,20487.78048780488,9430550.265699167,31870844.463579815,21463.341463414636,9430204.498158429,31869894.475069262,21463.341463414636
9430600.239634164,31871364.193356667,20975.56097560976,3.3867926761818867,9430304.446028428,31870933.934622962,20487.78048780488,9430650.213569164,31871883.92313352,20487.78048780488,9430896.033239903,31871794.45209037,21463.341463414636,9430550.265699167,31870844.463579815,21463.341463414636
9430946.007174902,31872314.181867227,20975.56097560976,4.148302051301153,9430650.213569164,31871883.92313352,20487.78048780488,9430995.981109902,31872833.911644075,20487.78048780488,9431241.80078064,31872744.44060093,21463.341463414636,9430896.033239903,31871794.45209037,21463.341463414636
9431291.77471564,31873264.170377783,20975.56097560976,5.162843757071421,9430995.981109902,31872833.911644075,20487.78048780488,9431341.74865064,31873783.900154635,20487.78048780488,9431587.568321379,31873694.429111484,21463.341463414636,9431241.80078064,31872744.44060093,21463.341463414636
9431637.542256378,31874214.158888336,20975.56097560976,4.776692882706837,9431341.74865064,31873783.900154635,20487.78048780488,9431687.516191378,31874733.888665188,20487.78048780488,9431933.335862115,31874644.417622045,21463.341463414636,9431587.568321379,31873694.429111484,21463.341463414636
9431983.309797116,31875164.147398897,20975.56097560976,5.115215860837517,9431687.516191378,31874733.888665188,20487.78048780488,9432033.283732114,31875683.87717575,20487.78048780488,9432279.103402855,31875594.4061326,21463.341463414636,9431933.335862115,31874644.417622045,21463.341463414636
9432329.077337854,31876114.135909453,20975.56097560976,5.500092449326193,9432033.283732114,31875683.87717575,20487.78048780488,9432379.051272852,31876633.8656863,20487.78048780488,9432624.870943591,31876544.394643154,21463.341463414636,9432279.103402855,31875594.4061326,21463.341463414636
9432674.84487859,31877064.124420006,20975.56097560976,5.572707793510232,9432379.051272852,31876633.8656863,20487.78048780488,9432724.818813588,31877583.854196858,20487.78048780488,9432970.638484329,31877494.383153714,21463.341463414636,9432624.870943591,31876544.394643154,21463.341463414636
9433020.612419328,31878014.112930566,20975.56097560976,4.4404465744019515,9432724.818813588,31877583.854196858,20487.78048780488,9433070.586354326,31878533.842707418,20487.78048780488,9433316.406025065,31878444.371664267,21463.341463414636,9432970.638484329,31877494.383153714,21463.341463414636
9433366.379960064,31878964.101441126,20975.56097560976,3.894486170362331,9433070.586354326,31878533.842707418,20487.78048780488,9433416.353895063,31879483.83121797,20487.78048780488,9433662.173565803,31879394.360174824,21463.341463414636,9433316.406025065,31878444.371664267,21463.341463414636
9433712.147500802,31879914.089951675,20975.56097560976,3.452670678212174,9433416.353895063,31879483.83121797,20487.78048780488,9433762.121435802,31880433.819728527,20487.78048780488,9434007.94110654,31880344.348685384,21463.341463414636,9433662.173565803,31879394.360174824,21463.341463414636
9434057.91504154,31880864.078462232,20975.56097560976,3.0213094262215843,9433762.121435802,31880433.819728527,20487.78048780488,9434107.888976539,31881383.808239084,20487.78048780488,9434353.708647277,31881294.337195937,21463.341463414636,9434007.94110654,31880344.348685384,21463.341463414636
9434403.682582276,31881814.06697279,20975.56097560976,2.6792324494111965,9434107.888976539,31881383.808239084,20487.78048780488,9434453.656517277,31882333.79674964,20487.78048780488,9434699.476188015,31882244.325706497,21463.341463414636,9434353.708647277,31881294.337195937,21463.341463414636
9434749.450123014,31882764.055483345,20975.56097560976,2.216056640607207,9434453.656517277,31882333.79674964,20487.78048780488,9434799.424058015,31883283.785260197,20487.78048780488,9435045.243728753,31883194.31421705,21463.341463414636,9434699.476188015,31882244.325706497,21463.341463414636
9435095.217663752,31883714.0439939,20975.56097560976,1.464007910233583,9434799.424058015,31883283.785260197,20487.78048780488,9435145.19159875,31884233.773770753,20487.78048780488,9435391.011269491,31884144.302727606,21463.341463414636,9435045.243728753,31883194.31421705,21463.341463414636
9435440.985204488,31884664.032504458,20975.56097560976,1.1813769003777104,9435145.19159875,31884233.773770753,20487.78048780488,9435490.959139489,31885183.76228131,20487.78048780488,9435736.778810227,31885094.291238166,21463.341463414636,9435391.011269491,31884144.302727606,21463.341463414636
9435786.752745226,31885614.021015014,20975.56097560976,1.1626324118548534,9435490.959139489,31885183.76228131,20487.78048780488,9435836.726680227,31886133.75079187,20487.78048780488,9436082.546350965,31886044.279748723,21463.341463414636,9435736.778810227,31885094.291238166,21463.341463414636
9436132.520285964,31886564.009525575,20975.56097560976,1.1193890003182112,9435836.726680227,31886133.75079187,20487.78048780488,9436182.494220965,31887083.739302423,20487.78048780488,9436428.313891701,31886994.268259276,21463.341463414636,9436082.546350965,31886044.279748723,21463.341463414636
9436478.287826702,31887513.998036128,20975.56097560976,0.8222491851668762,9436182.494220965,31887083.739302423,20487.78048780488,9436528.2617617,31888033.72781298,20487.78048780488,9436774.081432441,31887944.256769836,21463.341463414636,9436428.313891701,31886994.268259276,21463.341463414636
9436824.05536744,31888463.986546684,20975.56097560976,0.7672759024906257,9436528.2617617,31888033.72781298,20487.78048780488,9436874.029302439,31888983.716323536,20487.78048780488,9437119.848973177,31888894.24528039,21463.341463414636,9436774.081432441,31887944.256769836,21463.341463414636
9437169.822908176,31889413.975057244,20975.56097560976,0.8141599557442137,9436874.029302439,31888983.716323536,20487.78048780488,9437219.796843175,31889933.704834092,20487.78048780488,9437465.616513915,31889844.23379095,21463.341463414636,9437119.848973177,31888894.24528039,21463.341463414636
9437515.590448914,31890363.963567797,20975.56097560976,0.4736363177496766,9437219.796843175,31889933.704834092,20487.78048780488,9437565.564383913,31890883.693344653,20487.78048780488,9437811.384054651,31890794.2223015,21463.341463414636,9437465.616513915,31889844.23379095,21463.341463414636
9437861.357989652,31891313.952078354,20975.56097560976,0.8492989799068142,9437565.564383913,31890883.693344653,20487.78048780488,9437911.33192465,31891833.681855205,20487.78048780488,9438157.15159539,31891744.21081206,21463.341463414636,9437811.384054651,31890794.2223015,21463.341463414636
9438207.125530388,31892263.940588914,20975.56097560976,0.6089392847285182,9437911.33192465,31891833.681855205,20487.78048780488,9438257.099465389,31892783.670365762,20487.78048780488,9438502.919136126,31892694.19932262,21463.341463414636,9438157.15159539,31891744.21081206,21463.341463414636
9438552.893071126,31893213.929099467,20975.56097560976,0.5305219795263382,9438257.099465389,31892783.670365762,20487.78048780488,9438602.867006127,31893733.658876322,20487.78048780488,9438848.686676865,31893644.187833175,21463.341463414636,9438502.919136126,31892694.19932262,21463.341463414636
9438898.660611864,31894163.917610027,20975.56097560976,0.48336838039050295,9438602.867006127,31893733.658876322,20487.78048780488,9438948.634546863,31894683.647386875,20487.78048780488,9439194.454217602,31894594.176343728,21463.341463414636,9438848.686676865,31893644.187833175,21463.341463414636
9439244.4281526,31895113.906120583,20975.56097560976,0.6365205205698576,9438948.634546863,31894683.647386875,20487.78048780488,9439294.402087603,31895633.63589743,20487.78048780488,9439540.22175834,31895544.164854288,21463.341463414636,9439194.454217602,31894594.176343728,21463.341463414636
9419089.962919831,31838975.112954598,21951.121951219513,1.4519903100543947,9418794.169314092,31838544.854220893,21463.341463414636,9419139.93685483,31839494.842731453,21463.341463414636,9419385.756525569,31839405.371688303,22438.902439024394,9419039.988984833,31838455.38317775,22438.902439024394
9419435.73046057,31839925.101465154,21951.121951219513,1.2842751991662293,9419139.93685483,31839494.842731453,21463.341463414636,9419485.70439557,31840444.831242006,21463.341463414636,9419731.524066307,31840355.36019886,22438.902439024394,9419385.756525569,31839405.371688303,22438.902439024394
9419781.498001307,31840875.08997571,21951.121951219513,0.8938533976807195,9419485.70439557,31840444.831242006,21463.341463414636,9419831.471936306,31841394.819752563,21463.341463414636,9420077.291607043,31841305.34870942,22438.902439024394,9419731.524066307,31840355.36019886,22438.902439024394
9420127.265542043,31841825.078486267,21951.121951219513,1.1257826335381953,9419831.471936306,31841394.819752563,21463.341463414636,9420177.239477044,31842344.808263123,21463.341463414636,9420423.059147783,31842255.337219976,22438.902439024394,9420077.291607043,31841305.34870942,22438.902439024394
9420473.033082781,31842775.066996824,21951.121951219513,1.8002832823818529,9420177.239477044,31842344.808263123,21463.341463414636,9420523.00701778,31843294.796773676,21463.341463414636,9420768.82668852,31843205.325730532,22438.902439024394,9420423.059147783,31842255.337219976,22438.902439024394
9420818.800623517,31843725.05550738,21951.121951219513,1.7260785487147914,9420523.00701778,31843294.796773676,21463.341463414636,9420868.774558518,31844244.785284236,21463.341463414636,9421114.594229257,31844155.31424109,22438.902439024394,9420768.82668852,31843205.325730532,22438.902439024394
9421164.568164255,31844675.044017937,21951.121951219513,1.661584678818059,9420868.774558518,31844244.785284236,21463.341463414636,9421214.542099254,31845194.77379479,21463.341463414636,9421460.361769995,31845105.30275164,22438.902439024394,9421114.594229257,31844155.31424109,22438.902439024394
9421510.335704992,31845625.032528494,21951.121951219513,1.9927520791719855,9421214.542099254,31845194.77379479,21463.341463414636,9421560.309639994,31846144.762305345,21463.341463414636,9421806.12931073,31846055.291262202,22438.902439024394,9421460.361769995,31845105.30275164,22438.902439024394
9421856.103245731,31846575.02103905,21951.121951219513,2.1106134146528506,9421560.309639994,31846144.762305345,21463.341463414636,9421906.07718073,31847094.750815906,21463.341463414636,9422151.896851469,31847005.27977276,22438.902439024394,9421806.12931073,31846055.291262202,22438.902439024394
9422201.87078647,31847525.00954961,21951.121951219513,2.0824410868183953,9421906.07718073,31847094.750815906,21463.341463414636,9422251.844721468,31848044.739326462,21463.341463414636,9422497.664392207,31847955.26828331,22438.902439024394,9422151.896851469,31847005.27977276,22438.902439024394
9422547.638327206,31848474.998060163,21951.121951219513,2.0576607433277476,9422251.844721468,31848044.739326462,21463.341463414636,9422597.612262204,31848994.727837015,21463.341463414636,9422843.431932945,31848905.25679387,22438.902439024394,9422497.664392207,31847955.26828331,22438.902439024394
9422893.405867944,31849424.98657072,21951.121951219513,2.361951605063765,9422597.612262204,31848994.727837015,21463.341463414636,9422943.379802942,31849944.716347575,21463.341463414636,9423189.19947368,31849855.245304428,22438.902439024394,9422843.431932945,31848905.25679387,22438.902439024394
9423239.17340868,31850374.97508128,21951.121951219513,2.5881813836619734,9422943.379802942,31849944.716347575,21463.341463414636,9423289.14734368,31850894.704858128,21463.341463414636,9423534.967014419,31850805.233814985,22438.902439024394,9423189.19947368,31849855.245304428,22438.902439024394
9423584.940949418,31851324.963591833,21951.121951219513,2.75911615739553,9423289.14734368,31850894.704858128,21463.341463414636,9423634.914884418,31851844.69336869,21463.341463414636,9423880.734555155,31851755.22232554,22438.902439024394,9423534.967014419,31850805.233814985,22438.902439024394
9423930.708490156,31852274.95210239,21951.121951219513,2.4460302551004682,9423634.914884418,31851844.69336869,21463.341463414636,9423980.682425156,31852794.68187924,21463.341463414636,9424226.502095893,31852705.210836094,22438.902439024394,9423880.734555155,31851755.22232554,22438.902439024394
9424276.476030894,31853224.94061295,21951.121951219513,1.6483791616614956,9423980.682425156,31852794.68187924,21463.341463414636,9424326.449965892,31853744.670389798,21463.341463414636,9424572.269636633,31853655.199346654,22438.902439024394,9424226.502095893,31852705.210836094,22438.902439024394
9424622.24357163,31854174.929123502,21951.121951219513,1.3064509420172359,9424326.449965892,31853744.670389798,21463.341463414636,9424672.21750663,31854694.658900358,21463.341463414636,9424918.037177369,31854605.18785721,22438.902439024394,9424572.269636633,31853655.199346654,22438.902439024394
9424968.011112368,31855124.917634062,21951.121951219513,1.7127548190878115,9424672.21750663,31854694.658900358,21463.341463414636,9425017.985047366,31855644.647410914,21463.341463414636,9425263.804718107,31855555.176367767,22438.902439024394,9424918.037177369,31854605.18785721,22438.902439024394
9425313.778653104,31856074.90614462,21951.121951219513,1.8717400739005485,9425017.985047366,31855644.647410914,21463.341463414636,9425363.752588104,31856594.635921467,21463.341463414636,9425609.572258843,31856505.164878324,22438.902439024394,9425263.804718107,31855555.176367767,22438.902439024394
9425659.546193842,31857024.89465517,21951.121951219513,1.4132213799852873,9425363.752588104,31856594.635921467,21463.341463414636,9425709.520128842,31857544.624432027,21463.341463414636,9425955.339799581,31857455.15338888,22438.902439024394,9425609.572258843,31856505.164878324,22438.902439024394
9426005.31373458,31857974.883165732,21951.121951219513,1.0970997440195094,9425709.520128842,31857544.624432027,21463.341463414636,9426055.28766958,31858494.61294258,21463.341463414636,9426301.107340317,31858405.141899437,22438.902439024394,9425955.339799581,31857455.15338888,22438.902439024394
9426351.081275318,31858924.87167629,21951.121951219513,0.9794724670354092,9426055.28766958,31858494.61294258,21463.341463414636,9426401.055210317,31859444.60145314,21463.341463414636,9426646.874881055,31859355.130409993,22438.902439024394,9426301.107340317,31858405.141899437,22438.902439024394
9426696.848816056,31859874.86018684,21951.121951219513,1.178251706225521,9426401.055210317,31859444.60145314,21463.341463414636,9426746.822751055,31860394.589963697,21463.341463414636,9426992.642421793,31860305.11892055,22438.902439024394,9426646.874881055,31859355.130409993,22438.902439024394
9427042.616356792,31860824.8486974,21951.121951219513,1.3505775990889366,9426746.822751055,31860394.589963697,21463.341463414636,9427092.59029179,31861344.57847425,21463.341463414636,9427338.409962531,31861255.107431106,22438.902439024394,9426992.642421793,31860305.11892055,22438.902439024394
9427388.38389753,31861774.837207958,21951.121951219513,1.9993986736058909,9427092.59029179,31861344.57847425,21463.341463414636,9427438.357832529,31862294.56698481,21463.341463414636,9427684.177503267,31862205.095941663,22438.902439024394,9427338.409962531,31861255.107431106,22438.902439024394
9427734.151438266,31862724.825718515,21951.121951219513,1.9659018368774115,9427438.357832529,31862294.56698481,21463.341463414636,9427784.125373267,31863244.555495363,21463.341463414636,9428029.945044005,31863155.084452216,22438.902439024394,9427684.177503267,31862205.095941663,22438.902439024394
9428079.918979006,31863674.81422907,21951.121951219513,1.6354689566353509,9427784.125373267,31863244.555495363,21463.341463414636,9428129.892914005,31864194.54400592,21463.341463414636,9428375.712584743,31864105.072962776,22438.902439024394,9428029.945044005,31863155.084452216,22438.902439024394
9428425.686519742,31864624.802739628,21951.121951219513,2.0514616207325562,9428129.892914005,31864194.54400592,21463.341463414636,9428475.660454743,31865144.53251648,21463.341463414636,9428721.48012548,31865055.06147333,22438.902439024394,9428375.712584743,31864105.072962776,22438.902439024394
9428771.45406048,31865574.79125018,21951.121951219513,2.833655345287896,9428475.660454743,31865144.53251648,21463.341463414636,9428821.427995479,31866094.521027032,21463.341463414636,9429067.24766622,31866005.04998389,22438.902439024394,9428721.48012548,31865055.06147333,22438.902439024394
9429117.221601216,31866524.77976074,21951.121951219513,3.882802725469177,9428821.427995479,31866094.521027032,21463.341463414636,9429167.195536217,31867044.509537593,21463.341463414636,9429413.015206955,31866955.038494445,22438.902439024394,9429067.24766622,31866005.04998389,22438.902439024394
9429462.989141954,31867474.768271297,21951.121951219513,3.722127128244437,9429167.195536217,31867044.509537593,21463.341463414636,9429512.963076953,31867994.49804815,21463.341463414636,9429758.782747693,31867905.027005002,22438.902439024394,9429413.015206955,31866955.038494445,22438.902439024394
9429808.75668269,31868424.756781854,21951.121951219513,3.7673531598623695,9429512.963076953,31867994.49804815,21463.341463414636,9429858.73061769,31868944.4865587,21463.341463414636,9430104.55028843,31868855.01551556,22438.902439024394,9429758.782747693,31867905.027005002,22438.902439024394
9430154.524223428,31869374.74529241,21951.121951219513,3.981563675483384,9429858.73061769,31868944.4865587,21463.341463414636,9430204.498158429,31869894.475069262,21463.341463414636,9430450.317829167,31869805.004026115,22438.902439024394,9430104.55028843,31868855.01551556,22438.902439024394
9430500.291764166,31870324.73380297,21951.121951219513,3.9098768734264238,9430204.498158429,31869894.475069262,21463.341463414636,9430550.265699167,31870844.463579815,21463.341463414636,9430796.085369904,31870754.992536668,22438.902439024394,9430450.317829167,31869805.004026115,22438.902439024394
9430846.059304904,31871274.72231352,21951.121951219513,3.75976014980717,9430550.265699167,31870844.463579815,21463.341463414636,9430896.033239903,31871794.45209037,21463.341463414636,9431141.852910643,31871704.981047228,22438.902439024394,9430796.085369904,31870754.992536668,22438.902439024394
9431191.826845642,31872224.71082408,21951.121951219513,4.063320335696795,9430896.033239903,31871794.45209037,21463.341463414636,9431241.80078064,31872744.44060093,21463.341463414636,9431487.62045138,31872654.969557784,22438.902439024394,9431141.852910643,31871704.981047228,22438.902439024394
9431537.594386378,31873174.69933464,21951.121951219513,4.405058324389827,9431241.80078064,31872744.44060093,21463.341463414636,9431587.568321379,31873694.429111484,21463.341463414636,9431833.387992118,31873604.95806834,22438.902439024394,9431487.62045138,31872654.969557784,22438.902439024394
9431883.361927118,31874124.68784519,21951.121951219513,5.077032085226471,9431587.568321379,31873694.429111484,21463.341463414636,9431933.335862115,31874644.417622045,21463.341463414636,9432179.155532854,31874554.946578898,22438.902439024394,9431833.387992118,31873604.95806834,22438.902439024394
9432229.129467854,31875074.67635575,21951.121951219513,5.351887196838355,9431933.335862115,31874644.417622045,21463.341463414636,9432279.103402855,31875594.4061326,21463.341463414636,9432524.923073592,31875504.935089454,22438.902439024394,9432179.155532854,31874554.946578898,22438.902439024394
9432574.897008592,31876024.66486631,21951.121951219513,3.9981996493847665,9432279.103402855,31875594.4061326,21463.341463414636,9432624.870943591,31876544.394643154,21463.341463414636,9432870.69061433,31876454.92360001,22438.902439024394,9432524.923073592,31875504.935089454,22438.902439024394
9432920.664549328,31876974.65337686,21951.121951219513,4.100359084730006,9432624.870943591,31876544.394643154,21463.341463414636,9432970.638484329,31877494.383153714,21463.341463414636,9433216.458155068,31877404.912110567,22438.902439024394,9432870.69061433,31876454.92360001,22438.902439024394
9433266.432090066,31877924.64188742,21951.121951219513,3.2392473842303415,9432970.638484329,31877494.383153714,21463.341463414636,9433316.406025065,31878444.371664267,21463.341463414636,9433562.225695806,31878354.90062112,22438.902439024394,9433216.458155068,31877404.912110567,22438.902439024394
9433612.199630802,31878874.63039797,21951.121951219513,3.149045543095374,9433316.406025065,31878444.371664267,21463.341463414636,9433662.173565803,31879394.360174824,21463.341463414636,9433907.993236542,31879304.88913168,22438.902439024394,9433562.225695806,31878354.90062112,22438.902439024394
9433957.96717154,31879824.61890853,21951.121951219513,2.6938547499303653,9433662.173565803,31879394.360174824,21463.341463414636,9434007.94110654,31880344.348685384,21463.341463414636,9434253.76077728,31880254.877642237,22438.902439024394,9433907.993236542,31879304.88913168,22438.902439024394
9434303.734712277,31880774.60741909,21951.121951219513,2.4503850862219676,9434007.94110654,31880344.348685384,21463.341463414636,9434353.708647277,31881294.337195937,21463.341463414636,9434599.528318016,31881204.866152793,22438.902439024394,9434253.76077728,31880254.877642237,22438.902439024394
9434649.502253015,31881724.59592964,21951.121951219513,2.0418900145297427,9434353.708647277,31881294.337195937,21463.341463414636,9434699.476188015,31882244.325706497,21463.341463414636,9434945.295858754,31882154.85466335,22438.902439024394,9434599.528318016,31881204.866152793,22438.902439024394
9434995.269793753,31882674.584440198,21951.121951219513,1.3261934085044533,9434699.476188015,31882244.325706497,21463.341463414636,9435045.243728753,31883194.31421705,21463.341463414636,9435291.06339949,31883104.843173902,22438.902439024394,9434945.295858754,31882154.85466335,22438.902439024394
9435341.03733449,31883624.572950758,21951.121951219513,1.1831553815661113,9435045.243728753,31883194.31421705,21463.341463414636,9435391.011269491,31884144.302727606,21463.341463414636,9435636.83094023,31884054.831684463,22438.902439024394,9435291.06339949,31883104.843173902,22438.902439024394
9435686.804875229,31884574.56146131,21951.121951219513,1.1181654609638603,9435391.011269491,31884144.302727606,21463.341463414636,9435736.778810227,31885094.291238166,21463.341463414636,9435982.598480966,31885004.82019502,22438.902439024394,9435636.83094023,31884054.831684463,22438.902439024394
9436032.572415965,31885524.54997187,21951.121951219513,1.1327753873394668,9435736.778810227,31885094.291238166,21463.341463414636,9436082.546350965,31886044.279748723,21463.341463414636,9436328.366021704,31885954.808705572,22438.902439024394,9435982.598480966,31885004.82019502,22438.902439024394
9436378.339956705,31886474.538482428,21951.121951219513,0.6230367447314012,9436082.546350965,31886044.279748723,21463.341463414636,9436428.313891701,31886994.268259276,21463.341463414636,9436674.133562442,31886904.797216132,22438.902439024394,9436328.366021704,31885954.808705572,22438.902439024394
9436724.10749744,31887424.52699298,21951.121951219513,0.42268023983594194,9436428.313891701,31886994.268259276,21463.341463414636,9436774.081432441,31887944.256769836,21463.341463414636,9437019.901103178,31887854.78572669,22438.902439024394,9436674.133562442,31886904.797216132,22438.902439024394
9437069.875038179,31888374.51550354,21951.121951219513,0.40294743924048404,9436774.081432441,31887944.256769836,21463.341463414636,9437119.848973177,31888894.24528039,21463.341463414636,9437365.668643916,31888804.774237245,22438.902439024394,9437019.901103178,31887854.78572669,22438.902439024394
9437415.642578915,31889324.504014097,21951.121951219513,0.36590467932460524,9437119.848973177,31888894.24528039,21463.341463414636,9437465.616513915,31889844.23379095,21463.341463414636,9437711.436184654,31889754.7627478,22438.902439024394,9437365.668643916,31888804.774237245,22438.902439024394
9437761.410119653,31890274.49252465,21951.121951219513,0.6198422777433539,9437465.616513915,31889844.23379095,21463.341463414636,9437811.384054651,31890794.2223015,21463.341463414636,9438057.203725392,31890704.751258355,22438.902439024394,9437711.436184654,31889754.7627478,22438.902439024394
9438107.177660389,31891224.481035206,21951.121951219513,0.6175407440632984,9437811.384054651,31890794.2223015,21463.341463414636,9438157.15159539,31891744.21081206,21463.341463414636,9438402.971266128,31891654.739768915,22438.902439024394,9438057.203725392,31890704.751258355,22438.902439024394
9438452.945201127,31892174.469545767,21951.121951219513,0.7677789637410598,9438157.15159539,31891744.21081206,21463.341463414636,9438502.919136126,31892694.19932262,21463.341463414636,9438748.738806866,31892604.72827947,22438.902439024394,9438402.971266128,31891654.739768915,22438.902439024394
9438798.712741863,31893124.458056323,21951.121951219513,0.6665252196353545,9438502.919136126,31892694.19932262,21463.341463414636,9438848.686676865,31893644.187833175,21463.341463414636,9439094.506347602,31893554.716790028,22438.902439024394,9438748.738806866,31892604.72827947,22438.902439024394
9439144.480282603,31894074.44656688,21951.121951219513,0.5053052187386128,9438848.686676865,31893644.187833175,21463.341463414636,9439194.454217602,31894594.176343728,21463.341463414636,9439440.27388834,31894504.705300584,22438.902439024394,9439094.506347602,31893554.716790028,22438.902439024394
9439490.24782334,31895024.435077436,21951.121951219513,0.523377005270057,9439194.454217602,31894594.176343728,21463.341463414636,9439540.22175834,31895544.164854288,21463.341463414636,9439786.041429078,31895454.69381114,22438.902439024394,9439440.27388834,31894504.705300584,22438.902439024394
9419335.78259057,31838885.641911454,22926.68292682927,0.9327159783703306,9419039.988984833,31838455.38317775,22438.902439024394,9419385.756525569,31839405.371688303,22438.902439024394,9419631.576196307,31839315.900645155,23414.46341463415,9419285.80865557,31838365.912134603,23414.46341463415
9419681.550131306,31839835.630422007,22926.68292682927,1.2804865829908767,9419385.756525569,31839405.371688303,22438.902439024394,9419731.524066307,31840355.36019886,22438.902439024394,9419977.343737045,31840265.889155716,23414.46341463415,9419631.576196307,31839315.900645155,23414.46341463415
9420027.317672044,31840785.618932564,22926.68292682927,1.158578943929014,9419731.524066307,31840355.36019886,22438.902439024394,9420077.291607043,31841305.34870942,22438.902439024394,9420323.111277783,31841215.877666272,23414.46341463415,9419977.343737045,31840265.889155716,23414.46341463415
9420373.08521278,31841735.607443124,22926.68292682927,1.3721660055737508,9420077.291607043,31841305.34870942,22438.902439024394,9420423.059147783,31842255.337219976,22438.902439024394,9420668.87881852,31842165.86617683,23414.46341463415,9420323.111277783,31841215.877666272,23414.46341463415
9420718.85275352,31842685.595953677,22926.68292682927,1.7411653480543834,9420423.059147783,31842255.337219976,22438.902439024394,9420768.82668852,31843205.325730532,22438.902439024394,9421014.646359257,31843115.854687385,23414.46341463415,9420668.87881852,31842165.86617683,23414.46341463415
9421064.620294258,31843635.584464233,22926.68292682927,2.5699699296455343,9420768.82668852,31843205.325730532,22438.902439024394,9421114.594229257,31844155.31424109,22438.902439024394,9421360.413899995,31844065.84319794,23414.46341463415,9421014.646359257,31843115.854687385,23414.46341463415
9421410.387834994,31844585.572974794,22926.68292682927,2.6172119558040716,9421114.594229257,31844155.31424109,22438.902439024394,9421460.361769995,31845105.30275164,22438.902439024394,9421706.181440732,31845015.8317085,23414.46341463415,9421360.413899995,31844065.84319794,23414.46341463415
9421756.155375734,31845535.561485346,22926.68292682927,2.5854873477959437,9421460.361769995,31845105.30275164,22438.902439024394,9421806.12931073,31846055.291262202,22438.902439024394,9422051.948981471,31845965.820219055,23414.46341463415,9421706.181440732,31845015.8317085,23414.46341463415
9422101.922916468,31846485.549995907,22926.68292682927,2.6514471678657903,9421806.12931073,31846055.291262202,22438.902439024394,9422151.896851469,31847005.27977276,22438.902439024394,9422397.716522207,31846915.80872961,23414.46341463415,9422051.948981471,31845965.820219055,23414.46341463415
9422447.690457208,31847435.538506463,22926.68292682927,2.5529007496136527,9422151.896851469,31847005.27977276,22438.902439024394,9422497.664392207,31847955.26828331,22438.902439024394,9422743.484062945,31847865.797240168,23414.46341463415,9422397.716522207,31846915.80872961,23414.46341463415
9422793.457997944,31848385.527017016,22926.68292682927,2.24310661359676,9422497.664392207,31847955.26828331,22438.902439024394,9422843.431932945,31848905.25679387,22438.902439024394,9423089.251603682,31848815.785750724,23414.46341463415,9422743.484062945,31847865.797240168,23414.46341463415
9423139.225538682,31849335.515527576,22926.68292682927,2.013288064806273,9422843.431932945,31848905.25679387,22438.902439024394,9423189.19947368,31849855.245304428,22438.902439024394,9423435.01914442,31849765.774261285,23414.46341463415,9423089.251603682,31848815.785750724,23414.46341463415
9423484.993079418,31850285.504038133,22926.68292682927,2.1674883989622247,9423189.19947368,31849855.245304428,22438.902439024394,9423534.967014419,31850805.233814985,22438.902439024394,9423780.786685156,31850715.762771837,23414.46341463415,9423435.01914442,31849765.774261285,23414.46341463415
9423830.760620156,31851235.492548686,22926.68292682927,2.3167443279582605,9423534.967014419,31850805.233814985,22438.902439024394,9423880.734555155,31851755.22232554,22438.902439024394,9424126.554225896,31851665.751282394,23414.46341463415,9423780.786685156,31850715.762771837,23414.46341463415
9424176.528160892,31852185.481059246,22926.68292682927,2.123885712793374,9423880.734555155,31851755.22232554,22438.902439024394,9424226.502095893,31852705.210836094,22438.902439024394,9424472.321766632,31852615.73979295,23414.46341463415,9424126.554225896,31851665.751282394,23414.46341463415
9424522.29570163,31853135.469569802,22926.68292682927,1.7514289932838636,9424226.502095893,31852705.210836094,22438.902439024394,9424572.269636633,31853655.199346654,22438.902439024394,9424818.08930737,31853565.728303507,23414.46341463415,9424472.321766632,31852615.73979295,23414.46341463415
9424868.063242368,31854085.45808036,22926.68292682927,1.694416668410946,9424572.269636633,31853655.199346654,22438.902439024394,9424918.037177369,31854605.18785721,22438.902439024394,9425163.856848106,31854515.716814063,23414.46341463415,9424818.08930737,31853565.728303507,23414.46341463415
9425213.830783106,31855035.446590915,22926.68292682927,1.8561583707142668,9424918.037177369,31854605.18785721,22438.902439024394,9425263.804718107,31855555.176367767,22438.902439024394,9425509.624388844,31855465.705324624,23414.46341463415,9425163.856848106,31854515.716814063,23414.46341463415
9425559.598323844,31855985.43510147,22926.68292682927,1.5643808337054697,9425263.804718107,31855555.176367767,22438.902439024394,9425609.572258843,31856505.164878324,22438.902439024394,9425855.391929582,31856415.693835177,23414.46341463415,9425509.624388844,31855465.705324624,23414.46341463415
9425905.36586458,31856935.42361203,22926.68292682927,1.0611828477754188,9425609.572258843,31856505.164878324,22438.902439024394,9425955.339799581,31857455.15338888,22438.902439024394,9426201.15947032,31857365.682345737,23414.46341463415,9425855.391929582,31856415.693835177,23414.46341463415
9426251.13340532,31857885.412122585,22926.68292682927,0.1770843174438984,9425955.339799581,31857455.15338888,22438.902439024394,9426301.107340317,31858405.141899437,22438.902439024394,9426546.927011058,31858315.67085629,23414.46341463415,9426201.15947032,31857365.682345737,23414.46341463415
9426596.900946055,31858835.40063314,22926.68292682927,0.3078181268292112,9426301.107340317,31858405.141899437,22438.902439024394,9426646.874881055,31859355.130409993,22438.902439024394,9426892.694551794,31859265.659366846,23414.46341463415,9426546.927011058,31858315.67085629,23414.46341463415
9426942.668486794,31859785.389143698,22926.68292682927,0.5846222225069416,9426646.874881055,31859355.130409993,22438.902439024394,9426992.642421793,31860305.11892055,22438.902439024394,9427238.462092532,31860215.647877403,23414.46341463415,9426892.694551794,31859265.659366846,23414.46341463415
9427288.43602753,31860735.377654254,22926.68292682927,1.248381426217775,9426992.642421793,31860305.11892055,22438.902439024394,9427338.409962531,31861255.107431106,22438.902439024394,9427584.229633268,31861165.63638796,23414.46341463415,9427238.462092532,31860215.647877403,23414.46341463415
9427634.203568269,31861685.366164815,22926.68292682927,1.8473306163104533,9427338.409962531,31861255.107431106,22438.902439024394,9427684.177503267,31862205.095941663,22438.902439024394,9427929.997174008,31862115.624898516,23414.46341463415,9427584.229633268,31861165.63638796,23414.46341463415
9427979.971109005,31862635.354675367,22926.68292682927,1.8778797851044873,9427684.177503267,31862205.095941663,22438.902439024394,9428029.945044005,31863155.084452216,22438.902439024394,9428275.764714744,31863065.613409072,23414.46341463415,9427929.997174008,31862115.624898516,23414.46341463415
9428325.738649743,31863585.343185924,22926.68292682927,1.4861742783974157,9428029.945044005,31863155.084452216,22438.902439024394,9428375.712584743,31864105.072962776,22438.902439024394,9428621.532255482,31864015.60191963,23414.46341463415,9428275.764714744,31863065.613409072,23414.46341463415
9428671.506190479,31864535.331696484,22926.68292682927,1.5921489963302773,9428375.712584743,31864105.072962776,22438.902439024394,9428721.48012548,31865055.06147333,22438.902439024394,9428967.299796218,31864965.590430185,23414.46341463415,9428621.532255482,31864015.60191963,23414.46341463415
9429017.273731217,31865485.320207033,22926.68292682927,2.0190130623488494,9428721.48012548,31865055.06147333,22438.902439024394,9429067.24766622,31866005.04998389,22438.902439024394,9429313.067336956,31865915.57894074,23414.46341463415,9428967.299796218,31864965.590430185,23414.46341463415
9429363.041271957,31866435.308717594,22926.68292682927,2.770946399087145,9429067.24766622,31866005.04998389,22438.902439024394,9429413.015206955,31866955.038494445,22438.902439024394,9429658.834877694,31866865.5674513,23414.46341463415,9429313.067336956,31865915.57894074,23414.46341463415
9429708.808812693,31867385.297228154,22926.68292682927,3.182609837292194,9429413.015206955,31866955.038494445,22438.902439024394,9429758.782747693,31867905.027005002,22438.902439024394,9430004.602418432,31867815.55596186,23414.46341463415,9429658.834877694,31866865.5674513,23414.46341463415
9430054.576353433,31868335.285738707,22926.68292682927,3.534296478045796,9429758.782747693,31867905.027005002,22438.902439024394,9430104.55028843,31868855.01551556,22438.902439024394,9430350.36995917,31868765.54447241,23414.46341463415,9430004.602418432,31867815.55596186,23414.46341463415
9430400.343894167,31869285.274249267,22926.68292682927,4.074368147288052,9430104.55028843,31868855.01551556,22438.902439024394,9430450.317829167,31869805.004026115,22438.902439024394,9430696.137499906,31869715.532982968,23414.46341463415,9430350.36995917,31868765.54447241,23414.46341463415
9430746.111434907,31870235.262759823,22926.68292682927,4.140026777109299,9430450.317829167,31869805.004026115,22438.902439024394,9430796.085369904,31870754.992536668,22438.902439024394,9431041.905040644,31870665.521493524,23414.46341463415,9430696.137499906,31869715.532982968,23414.46341463415
9431091.878975643,31871185.251270372,22926.68292682927,4.1707423480719905,9430796.085369904,31870754.992536668,22438.902439024394,9431141.852910643,31871704.981047228,22438.902439024394,9431387.67258138,31871615.51000408,23414.46341463415,9431041.905040644,31870665.521493524,23414.46341463415
9431437.64651638,31872135.239780936,22926.68292682927,4.849875831502883,9431141.852910643,31871704.981047228,22438.902439024394,9431487.62045138,31872654.969557784,22438.902439024394,9431733.440122118,31872565.498514637,23414.46341463415,9431387.67258138,31871615.51000408,23414.46341463415
9431783.414057117,31873085.228291493,22926.68292682927,4.662677652605065,9431487.62045138,31872654.969557784,22438.902439024394,9431833.387992118,31873604.95806834,22438.902439024394,9432079.207662856,31873515.487025194,23414.46341463415,9431733.440122118,31872565.498514637,23414.46341463415
9432129.181597855,31874035.216802042,22926.68292682927,4.309349094676415,9431833.387992118,31873604.95806834,22438.902439024394,9432179.155532854,31874554.946578898,22438.902439024394,9432424.975203594,31874465.47553575,23414.46341463415,9432079.207662856,31873515.487025194,23414.46341463415
9432474.949138591,31874985.205312606,22926.68292682927,3.7009053339085667,9432179.155532854,31874554.946578898,22438.902439024394,9432524.923073592,31875504.935089454,22438.902439024394,9432770.74274433,31875415.46404631,23414.46341463415,9432424.975203594,31874465.47553575,23414.46341463415
9432820.716679329,31875935.193823162,22926.68292682927,2.9962919493937274,9432524.923073592,31875504.935089454,22438.902439024394,9432870.69061433,31876454.92360001,22438.902439024394,9433116.510285068,31876365.452556863,23414.46341463415,9432770.74274433,31875415.46404631,23414.46341463415
9433166.484220067,31876885.182333715,22926.68292682927,2.4473796229171545,9432870.69061433,31876454.92360001,22438.902439024394,9433216.458155068,31877404.912110567,22438.902439024394,9433462.277825806,31877315.44106742,23414.46341463415,9433116.510285068,31876365.452556863,23414.46341463415
9433512.251760805,31877835.17084427,22926.68292682927,1.9815443879694978,9433216.458155068,31877404.912110567,22438.902439024394,9433562.225695806,31878354.90062112,22438.902439024394,9433808.045366542,31878265.429577976,23414.46341463415,9433462.277825806,31877315.44106742,23414.46341463415
9433858.019301543,31878785.159354825,22926.68292682927,1.549826592417448,9433562.225695806,31878354.90062112,22438.902439024394,9433907.993236542,31879304.88913168,22438.902439024394,9434153.81290728,31879215.418088533,23414.46341463415,9433808.045366542,31878265.429577976,23414.46341463415
9434203.78684228,31879735.147865385,22926.68292682927,1.403913430929762,9433907.993236542,31879304.88913168,22438.902439024394,9434253.76077728,31880254.877642237,22438.902439024394,9434499.580448018,31880165.406599093,23414.46341463415,9434153.81290728,31879215.418088533,23414.46341463415
9434549.554383019,31880685.13637594,22926.68292682927,1.4169764674941923,9434253.76077728,31880254.877642237,22438.902439024394,9434599.528318016,31881204.866152793,22438.902439024394,9434845.347988756,31881115.395109646,23414.46341463415,9434499.580448018,31880165.406599093,23414.46341463415
9434895.321923753,31881635.124886494,22926.68292682927,0.8932129767786587,9434599.528318016,31881204.866152793,22438.902439024394,9434945.295858754,31882154.85466335,22438.902439024394,9435191.115529492,31882065.383620203,23414.46341463415,9434845.347988756,31881115.395109646,23414.46341463415
9435241.089464493,31882585.113397054,22926.68292682927,0.5635381927060751,9434945.295858754,31882154.85466335,22438.902439024394,9435291.06339949,31883104.843173902,22438.902439024394,9435536.88307023,31883015.37213076,23414.46341463415,9435191.115529492,31882065.383620203,23414.46341463415
9435586.85700523,31883535.10190761,22926.68292682927,0.2950242184219265,9435291.06339949,31883104.843173902,22438.902439024394,9435636.83094023,31884054.831684463,22438.902439024394,9435882.650610967,31883965.360641316,23414.46341463415,9435536.88307023,31883015.37213076,23414.46341463415
9435932.624545967,31884485.090418167,22926.68292682927,0.3728751130664225,9435636.83094023,31884054.831684463,22438.902439024394,9435982.598480966,31885004.82019502,22438.902439024394,9436228.418151705,31884915.349151872,23414.46341463415,9435882.650610967,31883965.360641316,23414.46341463415
9436278.392086703,31885435.078928724,22926.68292682927,0.5756110499696147,9435982.598480966,31885004.82019502,22438.902439024394,9436328.366021704,31885954.808705572,22438.902439024394,9436574.185692443,31885865.33766243,23414.46341463415,9436228.418151705,31884915.349151872,23414.46341463415
9436624.159627441,31886385.06743928,22926.68292682927,0.33433368610902325,9436328.366021704,31885954.808705572,22438.902439024394,9436674.133562442,31886904.797216132,22438.902439024394,9436919.95323318,31886815.326172985,23414.46341463415,9436574.185692443,31885865.33766243,23414.46341463415
9436969.92716818,31887335.055949837,22926.68292682927,0.15213955615717198,9436674.133562442,31886904.797216132,22438.902439024394,9437019.901103178,31887854.78572669,22438.902439024394,9437265.720773917,31887765.314683545,23414.46341463415,9436919.95323318,31886815.326172985,23414.46341463415
9437315.694708915,31888285.044460393,22926.68292682927,0.1832331113915014,9437019.901103178,31887854.78572669,22438.902439024394,9437365.668643916,31888804.774237245,22438.902439024394,9437611.488314655,31888715.3031941,23414.46341463415,9437265.720773917,31887765.314683545,23414.46341463415
9437661.462249653,31889235.03297095,22926.68292682927,0.35813016778189827,9437365.668643916,31888804.774237245,22438.902439024394,9437711.436184654,31889754.7627478,22438.902439024394,9437957.255855393,31889665.291704655,23414.46341463415,9437611.488314655,31888715.3031941,23414.46341463415
9438007.229790391,31890185.021481507,22926.68292682927,0.6982035771479816,9437711.436184654,31889754.7627478,22438.902439024394,9438057.203725392,31890704.751258355,22438.902439024394,9438303.023396129,31890615.28021521,23414.46341463415,9437957.255855393,31889665.291704655,23414.46341463415
9438352.997331131,31891135.00999206,22926.68292682927,0.955102065449995,9438057.203725392,31890704.751258355,22438.902439024394,9438402.971266128,31891654.739768915,22438.902439024394,9438648.790936869,31891565.268725768,23414.46341463415,9438303.023396129,31890615.28021521,23414.46341463415
9438698.764871866,31892084.998502623,22926.68292682927,0.9038739892975428,9438402.971266128,31891654.739768915,22438.902439024394,9438748.738806866,31892604.72827947,22438.902439024394,9438994.558477605,31892515.257236324,23414.46341463415,9438648.790936869,31891565.268725768,23414.46341463415
9439044.532412605,31893034.987013176,22926.68292682927,0.7091899674303846,9438748.738806866,31892604.72827947,22438.902439024394,9439094.506347602,31893554.716790028,22438.902439024394,9439340.326018343,31893465.245746884,23414.46341463415,9438994.558477605,31892515.257236324,23414.46341463415
9439390.29995334,31893984.975523733,22926.68292682927,0.8592339928430546,9439094.506347602,31893554.716790028,22438.902439024394,9439440.27388834,31894504.705300584,22438.902439024394,9439686.093559079,31894415.234257437,23414.46341463415,9439340.326018343,31893465.245746884,23414.46341463415
9439736.06749408,31894934.964034293,22926.68292682927,0.7984942856902286,9439440.27388834,31894504.705300584,22438.902439024394,9439786.041429078,31895454.69381114,22438.902439024394,9440031.861099817,31895365.222767998,23414.46341463415,9439686.093559079,31894415.234257437,23414.46341463415
9419581.602261307,31838796.170868307,23902.24390243903,0.48757557194032564,9419285.80865557,31838365.912134603,23414.46341463415,9419631.576196307,31839315.900645155,23414.46341463415,9419877.395867046,31839226.429602012,24390.024390243903,9419531.62832631,31838276.441091456,24390.024390243903
9419927.369802045,31839746.15937886,23902.24390243903,1.2323920524686445,9419631.576196307,31839315.900645155,23414.46341463415,9419977.343737045,31840265.889155716,23414.46341463415,9420223.163407784,31840176.41811257,24390.024390243903,9419877.395867046,31839226.429602012,24390.024390243903
9420273.137342783,31840696.14788942,23902.24390243903,1.413809781026672,9419977.343737045,31840265.889155716,23414.46341463415,9420323.111277783,31841215.877666272,23414.46341463415,9420568.93094852,31841126.40662313,24390.024390243903,9420223.163407784,31840176.41811257,24390.024390243903
9420618.904883523,31841646.136399977,23902.24390243903,1.2373163796356768,9420323.111277783,31841215.877666272,23414.46341463415,9420668.87881852,31842165.86617683,23414.46341463415,9420914.69848926,31842076.395133685,24390.024390243903,9420568.93094852,31841126.40662313,24390.024390243903
9420964.672424257,31842596.12491053,23902.24390243903,1.795748600041045,9420668.87881852,31842165.86617683,23414.46341463415,9421014.646359257,31843115.854687385,23414.46341463415,9421260.466029996,31843026.383644238,24390.024390243903,9420914.69848926,31842076.395133685,24390.024390243903
9421310.439964997,31843546.11342109,23902.24390243903,2.578760130244152,9421014.646359257,31843115.854687385,23414.46341463415,9421360.413899995,31844065.84319794,23414.46341463415,9421606.233570734,31843976.3721548,24390.024390243903,9421260.466029996,31843026.383644238,24390.024390243903
9421656.20750573,31844496.101931646,23902.24390243903,2.5664109834538618,9421360.413899995,31844065.84319794,23414.46341463415,9421706.181440732,31845015.8317085,23414.46341463415,9421952.00111147,31844926.36066535,24390.024390243903,9421606.233570734,31843976.3721548,24390.024390243903
9422001.97504647,31845446.090442203,23902.24390243903,2.8451047537781364,9421706.181440732,31845015.8317085,23414.46341463415,9422051.948981471,31845965.820219055,23414.46341463415,9422297.768652208,31845876.349175908,24390.024390243903,9421952.00111147,31844926.36066535,24390.024390243903
9422347.742587209,31846396.07895276,23902.24390243903,2.499736733483794,9422051.948981471,31845965.820219055,23414.46341463415,9422397.716522207,31846915.80872961,23414.46341463415,9422643.536192946,31846826.337686464,24390.024390243903,9422297.768652208,31845876.349175908,24390.024390243903
9422693.510127945,31847346.067463316,23902.24390243903,2.3932310101210317,9422397.716522207,31846915.80872961,23414.46341463415,9422743.484062945,31847865.797240168,23414.46341463415,9422989.303733684,31847776.32619702,24390.024390243903,9422643.536192946,31846826.337686464,24390.024390243903
9423039.277668683,31848296.055973873,23902.24390243903,2.1959544773511444,9422743.484062945,31847865.797240168,23414.46341463415,9423089.251603682,31848815.785750724,23414.46341463415,9423335.071274422,31848726.31470758,24390.024390243903,9422989.303733684,31847776.32619702,24390.024390243903
9423385.045209419,31849246.04448443,23902.24390243903,1.848769842544852,9423089.251603682,31848815.785750724,23414.46341463415,9423435.01914442,31849765.774261285,23414.46341463415,9423680.838815158,31849676.303218137,24390.024390243903,9423335.071274422,31848726.31470758,24390.024390243903
9423730.812750157,31850196.032994986,23902.24390243903,1.9198482060675006,9423435.01914442,31849765.774261285,23414.46341463415,9423780.786685156,31850715.762771837,23414.46341463415,9424026.606355896,31850626.29172869,24390.024390243903,9423680.838815158,31849676.303218137,24390.024390243903
9424076.580290893,31851146.021505542,23902.24390243903,1.8568241725741368,9423780.786685156,31850715.762771837,23414.46341463415,9424126.554225896,31851665.751282394,23414.46341463415,9424372.373896632,31851576.28023925,24390.024390243903,9424026.606355896,31850626.29172869,24390.024390243903
9424422.347831633,31852096.0100161,23902.24390243903,1.3448749845941914,9424126.554225896,31851665.751282394,23414.46341463415,9424472.321766632,31852615.73979295,23414.46341463415,9424718.14143737,31852526.268749803,24390.024390243903,9424372.373896632,31851576.28023925,24390.024390243903
9424768.115372369,31853045.99852666,23902.24390243903,1.1363595427523099,9424472.321766632,31852615.73979295,23414.46341463415,9424818.08930737,31853565.728303507,23414.46341463415,9425063.908978108,31853476.25726036,24390.024390243903,9424718.14143737,31852526.268749803,24390.024390243903
9425113.882913109,31853995.98703721,23902.24390243903,0.8373833061359977,9424818.08930737,31853565.728303507,23414.46341463415,9425163.856848106,31854515.716814063,23414.46341463415,9425409.676518846,31854426.24577092,24390.024390243903,9425063.908978108,31853476.25726036,24390.024390243903
9425459.650453843,31854945.97554777,23902.24390243903,0.6674575163882255,9425163.856848106,31854515.716814063,23414.46341463415,9425509.624388844,31855465.705324624,23414.46341463415,9425755.444059582,31855376.234281473,24390.024390243903,9425409.676518846,31854426.24577092,24390.024390243903
9425805.417994583,31855895.96405833,23902.24390243903,0.5203256697485587,9425509.624388844,31855465.705324624,23414.46341463415,9425855.391929582,31856415.693835177,23414.46341463415,9426101.21160032,31856326.222792033,24390.024390243903,9425755.444059582,31855376.234281473,24390.024390243903
9426151.185535321,31856845.95256888,23902.24390243903,0.10485915000312976,9425855.391929582,31856415.693835177,23414.46341463415,9426201.15947032,31857365.682345737,23414.46341463415,9426446.979141057,31857276.21130259,24390.024390243903,9426101.21160032,31856326.222792033,24390.024390243903
9426496.953076057,31857795.941079438,23902.24390243903,0.035260953533836605,9426201.15947032,31857365.682345737,23414.46341463415,9426546.927011058,31858315.67085629,23414.46341463415,9426792.746681795,31858226.199813142,24390.024390243903,9426446.979141057,31857276.21130259,24390.024390243903
9426842.720616795,31858745.929589998,23902.24390243903,0.14702423114988522,9426546.927011058,31858315.67085629,23414.46341463415,9426892.694551794,31859265.659366846,23414.46341463415,9427138.514222533,31859176.188323703,24390.024390243903,9426792.746681795,31858226.199813142,24390.024390243903
9427188.488157531,31859695.91810055,23902.24390243903,0.48017933051762585,9426892.694551794,31859265.659366846,23414.46341463415,9427238.462092532,31860215.647877403,23414.46341463415,9427484.28176327,31860126.176834255,24390.024390243903,9427138.514222533,31859176.188323703,24390.024390243903
9427534.25569827,31860645.90661111,23902.24390243903,1.1788860474590996,9427238.462092532,31860215.647877403,23414.46341463415,9427584.229633268,31861165.63638796,23414.46341463415,9427830.049304008,31861076.165344812,24390.024390243903,9427484.28176327,31860126.176834255,24390.024390243903
9427880.023239005,31861595.895121668,23902.24390243903,1.9675151157877375,9427584.229633268,31861165.63638796,23414.46341463415,9427929.997174008,31862115.624898516,23414.46341463415,9428175.816844745,31862026.153855372,24390.024390243903,9427830.049304008,31861076.165344812,24390.024390243903
9428225.790779745,31862545.88363222,23902.24390243903,1.7917555009537185,9427929.997174008,31862115.624898516,23414.46341463415,9428275.764714744,31863065.613409072,23414.46341463415,9428521.584385483,31862976.142365925,24390.024390243903,9428175.816844745,31862026.153855372,24390.024390243903
9428571.558320481,31863495.87214278,23902.24390243903,1.5375577629520751,9428275.764714744,31863065.613409072,23414.46341463415,9428621.532255482,31864015.60191963,23414.46341463415,9428867.351926219,31863926.130876485,24390.024390243903,9428521.584385483,31862976.142365925,24390.024390243903
9428917.32586122,31864445.860653337,23902.24390243903,1.5350516648888997,9428621.532255482,31864015.60191963,23414.46341463415,9428967.299796218,31864965.590430185,23414.46341463415,9429213.119466957,31864876.119387038,24390.024390243903,9428867.351926219,31863926.130876485,24390.024390243903
9429263.093401955,31865395.849163886,23902.24390243903,1.3946014569264844,9428967.299796218,31864965.590430185,23414.46341463415,9429313.067336956,31865915.57894074,23414.46341463415,9429558.887007695,31865826.107897595,24390.024390243903,9429213.119466957,31864876.119387038,24390.024390243903
9429608.860942695,31866345.83767445,23902.24390243903,1.3554243697652013,9429313.067336956,31865915.57894074,23414.46341463415,9429658.834877694,31866865.5674513,23414.46341463415,9429904.654548433,31866776.096408155,24390.024390243903,9429558.887007695,31865826.107897595,24390.024390243903
9429954.628483431,31867295.826185007,23902.24390243903,1.4341354580856922,9429658.834877694,31866865.5674513,23414.46341463415,9430004.602418432,31867815.55596186,23414.46341463415,9430250.422089169,31867726.084918708,24390.024390243903,9429904.654548433,31866776.096408155,24390.024390243903
9430300.39602417,31868245.81469556,23902.24390243903,2.1880386348827905,9430004.602418432,31867815.55596186,23414.46341463415,9430350.36995917,31868765.54447241,23414.46341463415,9430596.189629907,31868676.073429264,24390.024390243903,9430250.422089169,31867726.084918708,24390.024390243903
9430646.163564907,31869195.80320612,23902.24390243903,2.9714884655148275,9430350.36995917,31868765.54447241,23414.46341463415,9430696.137499906,31869715.532982968,23414.46341463415,9430941.957170645,31869626.061939824,24390.024390243903,9430596.189629907,31868676.073429264,24390.024390243903
9430991.931105644,31870145.791716676,23902.24390243903,4.186978823084259,9430696.137499906,31869715.532982968,23414.46341463415,9431041.905040644,31870665.521493524,23414.46341463415,9431287.72471138,31870576.050450377,24390.024390243903,9430941.957170645,31869626.061939824,24390.024390243903
9431337.698646381,31871095.78022723,23902.24390243903,4.502021541536219,9431041.905040644,31870665.521493524,23414.46341463415,9431387.67258138,31871615.51000408,23414.46341463415,9431633.49225212,31871526.038960937,24390.024390243903,9431287.72471138,31870576.050450377,24390.024390243903
9431683.466187118,31872045.768737786,23902.24390243903,3.915396762171925,9431387.67258138,31871615.51000408,23414.46341463415,9431733.440122118,31872565.498514637,23414.46341463415,9431979.259792857,31872476.02747149,24390.024390243903,9431633.49225212,31871526.038960937,24390.024390243903
9432029.233727856,31872995.75724834,23902.24390243903,3.4606830857349795,9431733.440122118,31872565.498514637,23414.46341463415,9432079.207662856,31873515.487025194,23414.46341463415,9432325.027333595,31873426.015982047,24390.024390243903,9431979.259792857,31872476.02747149,24390.024390243903
9432375.001268594,31873945.7457589,23902.24390243903,3.2587810414120417,9432079.207662856,31873515.487025194,23414.46341463415,9432424.975203594,31874465.47553575,23414.46341463415,9432670.794874331,31874376.004492607,24390.024390243903,9432325.027333595,31873426.015982047,24390.024390243903
9432720.768809332,31874895.73426946,23902.24390243903,2.869252808424182,9432424.975203594,31874465.47553575,23414.46341463415,9432770.74274433,31875415.46404631,23414.46341463415,9433016.562415069,31875325.993003163,24390.024390243903,9432670.794874331,31874376.004492607,24390.024390243903
9433066.536350068,31875845.72278002,23902.24390243903,2.143933432169201,9432770.74274433,31875415.46404631,23414.46341463415,9433116.510285068,31876365.452556863,23414.46341463415,9433362.329955805,31876275.981513716,24390.024390243903,9433016.562415069,31875325.993003163,24390.024390243903
9433412.303890808,31876795.711290568,23902.24390243903,2.2427995565438956,9433116.510285068,31876365.452556863,23414.46341463415,9433462.277825806,31877315.44106742,23414.46341463415,9433708.097496545,31877225.970024277,24390.024390243903,9433362.329955805,31876275.981513716,24390.024390243903
9433758.071431542,31877745.699801125,23902.24390243903,2.1228304147705943,9433462.277825806,31877315.44106742,23414.46341463415,9433808.045366542,31878265.429577976,23414.46341463415,9434053.865037281,31878175.95853483,24390.024390243903,9433708.097496545,31877225.970024277,24390.024390243903
9434103.838972282,31878695.68831168,23902.24390243903,2.129708454113425,9433808.045366542,31878265.429577976,23414.46341463415,9434153.81290728,31879215.418088533,23414.46341463415,9434399.632578019,31879125.94704539,24390.024390243903,9434053.865037281,31878175.95853483,24390.024390243903
9434449.60651302,31879645.676822238,23902.24390243903,1.5508734510167927,9434153.81290728,31879215.418088533,23414.46341463415,9434499.580448018,31880165.406599093,23414.46341463415,9434745.400118757,31880075.935555946,24390.024390243903,9434399.632578019,31879125.94704539,24390.024390243903
9434795.374053756,31880595.665332794,23902.24390243903,1.3008277581400867,9434499.580448018,31880165.406599093,23414.46341463415,9434845.347988756,31881115.395109646,23414.46341463415,9435091.167659493,31881025.9240665,24390.024390243903,9434745.400118757,31880075.935555946,24390.024390243903
9435141.141594494,31881545.65384335,23902.24390243903,1.106878366102918,9434845.347988756,31881115.395109646,23414.46341463415,9435191.115529492,31882065.383620203,23414.46341463415,9435436.935200231,31881975.91257706,24390.024390243903,9435091.167659493,31881025.9240665,24390.024390243903
9435486.90913523,31882495.642353907,23902.24390243903,0.7344120769154672,9435191.115529492,31882065.383620203,23414.46341463415,9435536.88307023,31883015.37213076,23414.46341463415,9435782.702740967,31882925.901087612,24390.024390243903,9435436.935200231,31881975.91257706,24390.024390243903
9435832.676675968,31883445.630864467,23902.24390243903,0.21549231095070684,9435536.88307023,31883015.37213076,23414.46341463415,9435882.650610967,31883965.360641316,23414.46341463415,9436128.470281707,31883875.88959817,24390.024390243903,9435782.702740967,31882925.901087612,24390.024390243903
9436178.444216704,31884395.61937502,23902.24390243903,0.13281837891896195,9435882.650610967,31883965.360641316,23414.46341463415,9436228.418151705,31884915.349151872,23414.46341463415,9436474.237822443,31884825.878108725,24390.024390243903,9436128.470281707,31883875.88959817,24390.024390243903
9436524.211757442,31885345.607885577,23902.24390243903,0.29308352388177555,9436228.418151705,31884915.349151872,23414.46341463415,9436574.185692443,31885865.33766243,23414.46341463415,9436820.005363181,31885775.86661928,24390.024390243903,9436474.237822443,31884825.878108725,24390.024390243903
9436869.97929818,31886295.596396137,23902.24390243903,0.3449520812872156,9436574.185692443,31885865.33766243,23414.46341463415,9436919.95323318,31886815.326172985,23414.46341463415,9437165.772903917,31886725.85512984,24390.024390243903,9436820.005363181,31885775.86661928,24390.024390243903
9437215.746838918,31887245.58490669,23902.24390243903,0.2611801349363101,9436919.95323318,31886815.326172985,23414.46341463415,9437265.720773917,31887765.314683545,23414.46341463415,9437511.540444655,31887675.8436404,24390.024390243903,9437165.772903917,31886725.85512984,24390.024390243903
9437561.514379654,31888195.573417246,23902.24390243903,0.24852908861814874,9437265.720773917,31887765.314683545,23414.46341463415,9437611.488314655,31888715.3031941,23414.46341463415,9437857.307985391,31888625.83215095,24390.024390243903,9437511.540444655,31887675.8436404,24390.024390243903
9437907.281920394,31889145.561927807,23902.24390243903,0.7045279271129077,9437611.488314655,31888715.3031941,23414.46341463415,9437957.255855393,31889665.291704655,23414.46341463415,9438203.075526131,31889575.82066151,24390.024390243903,9437857.307985391,31888625.83215095,24390.024390243903
9438253.04946113,31890095.55043836,23902.24390243903,0.5915252483643921,9437957.255855393,31889665.291704655,23414.46341463415,9438303.023396129,31890615.28021521,23414.46341463415,9438548.843066867,31890525.809172064,24390.024390243903,9438203.075526131,31889575.82066151,24390.024390243903
9438598.817001868,31891045.538948916,23902.24390243903,0.6573174596532583,9438303.023396129,31890615.28021521,23414.46341463415,9438648.790936869,31891565.268725768,23414.46341463415,9438894.610607605,31891475.79768262,24390.024390243903,9438548.843066867,31890525.809172064,24390.024390243903
9438944.584542606,31891995.527459476,23902.24390243903,0.48281602275640656,9438648.790936869,31891565.268725768,23414.46341463415,9438994.558477605,31892515.257236324,23414.46341463415,9439240.378148343,31892425.78619318,24390.024390243903,9438894.610607605,31891475.79768262,24390.024390243903
9439290.352083342,31892945.51597003,23902.24390243903,0.5491584358424076,9438994.558477605,31892515.257236324,23414.46341463415,9439340.326018343,31893465.245746884,23414.46341463415,9439586.145689081,31893375.774703734,24390.024390243903,9439240.378148343,31892425.78619318,24390.024390243903
9439636.11962408,31893895.50448059,23902.24390243903,0.8004043453325316,9439340.326018343,31893465.245746884,23414.46341463415,9439686.093559079,31894415.234257437,23414.46341463415,9439931.91322982,31894325.763214294,24390.024390243903,9439586.145689081,31893375.774703734,24390.024390243903
9439981.887164816,31894845.492991146,23902.24390243903,0.4015202753230145,9439686.093559079,31894415.234257437,23414.46341463415,9440031.861099817,31895365.222767998,23414.46341463415,9440277.680770556,31895275.75172485,24390.024390243903,9439931.91322982,31894325.763214294,24390.024390243903
9419827.421932047,31838706.69982516,24877.804878048784,0.4651931795189473,9419531.62832631,31838276.441091456,24390.024390243903,9419877.395867046,31839226.429602012,24390.024390243903,9420123.215537786,31839136.958558865,25365.58536585366,9419777.447997048,31838186.970048312,25365.58536585366
9420173.189472785,31839656.688335717,24877.804878048784,0.9965530829714988,9419877.395867046,31839226.429602012,24390.024390243903,9420223.163407784,31840176.41811257,24390.024390243903,9420468.983078523,31840086.947069425,25365.58536585366,9420123.215537786,31839136.958558865,25365.58536585366
9420518.957013521,31840606.676846273,24877.804878048784,1.3461895722827202,9420223.163407784,31840176.41811257,24390.024390243903,9420568.93094852,31841126.40662313,24390.024390243903,9420814.75061926,31841036.93557998,25365.58536585366,9420468.983078523,31840086.947069425,25365.58536585366
9420864.72455426,31841556.66535683,24877.804878048784,1.3204289591699467,9420568.93094852,31841126.40662313,24390.024390243903,9420914.69848926,31842076.395133685,24390.024390243903,9421160.518159997,31841986.924090534,25365.58536585366,9420814.75061926,31841036.93557998,25365.58536585366
9421210.492094997,31842506.653867386,24877.804878048784,1.3579313380597031,9420914.69848926,31842076.395133685,24390.024390243903,9421260.466029996,31843026.383644238,24390.024390243903,9421506.285700735,31842936.912601095,25365.58536585366,9421160.518159997,31841986.924090534,25365.58536585366
9421556.259635733,31843456.642377943,24877.804878048784,1.4211598008347661,9421260.466029996,31843026.383644238,24390.024390243903,9421606.233570734,31843976.3721548,24390.024390243903,9421852.053241473,31843886.90111165,25365.58536585366,9421506.285700735,31842936.912601095,25365.58536585366
9421902.027176471,31844406.630888503,24877.804878048784,1.3034983950085015,9421606.233570734,31843976.3721548,24390.024390243903,9421952.00111147,31844926.36066535,24390.024390243903,9422197.82078221,31844836.889622204,25365.58536585366,9421852.053241473,31843886.90111165,25365.58536585366
9422247.794717208,31845356.619399056,24877.804878048784,1.3185145766366053,9421952.00111147,31844926.36066535,24390.024390243903,9422297.768652208,31845876.349175908,24390.024390243903,9422543.588322947,31845786.878132764,25365.58536585366,9422197.82078221,31844836.889622204,25365.58536585366
9422593.562257946,31846306.607909612,24877.804878048784,1.6982486617804953,9422297.768652208,31845876.349175908,24390.024390243903,9422643.536192946,31846826.337686464,24390.024390243903,9422889.355863685,31846736.866643317,25365.58536585366,9422543.588322947,31845786.878132764,25365.58536585366
9422939.329798684,31847256.596420173,24877.804878048784,1.6968872780706077,9422643.536192946,31846826.337686464,24390.024390243903,9422989.303733684,31847776.32619702,24390.024390243903,9423235.12340442,31847686.855153877,25365.58536585366,9422889.355863685,31846736.866643317,25365.58536585366
9423285.097339422,31848206.584930725,24877.804878048784,1.5539223735171115,9422989.303733684,31847776.32619702,24390.024390243903,9423335.071274422,31848726.31470758,24390.024390243903,9423580.890945159,31848636.843664434,25365.58536585366,9423235.12340442,31847686.855153877,25365.58536585366
9423630.86488016,31849156.573441282,24877.804878048784,1.5800858107651021,9423335.071274422,31848726.31470758,24390.024390243903,9423680.838815158,31849676.303218137,24390.024390243903,9423926.658485899,31849586.83217499,25365.58536585366,9423580.890945159,31848636.843664434,25365.58536585366
9423976.632420897,31850106.561951842,24877.804878048784,1.345076513034636,9423680.838815158,31849676.303218137,24390.024390243903,9424026.606355896,31850626.29172869,24390.024390243903,9424272.426026635,31850536.820685547,25365.58536585366,9423926.658485899,31849586.83217499,25365.58536585366
9424322.399961634,31851056.550462395,24877.804878048784,1.1350940321446181,9424026.606355896,31850626.29172869,24390.024390243903,9424372.373896632,31851576.28023925,24390.024390243903,9424618.193567373,31851486.809196103,25365.58536585366,9424272.426026635,31850536.820685547,25365.58536585366
9424668.167502372,31852006.538972955,24877.804878048784,1.3644581467080006,9424372.373896632,31851576.28023925,24390.024390243903,9424718.14143737,31852526.268749803,24390.024390243903,9424963.961108109,31852436.797706656,25365.58536585366,9424618.193567373,31851486.809196103,25365.58536585366
9425013.93504311,31852956.52748351,24877.804878048784,0.6282250539170243,9424718.14143737,31852526.268749803,24390.024390243903,9425063.908978108,31853476.25726036,24390.024390243903,9425309.728648847,31853386.786217216,25365.58536585366,9424963.961108109,31852436.797706656,25365.58536585366
9425359.702583846,31853906.515994065,24877.804878048784,0.18224734428826608,9425063.908978108,31853476.25726036,24390.024390243903,9425409.676518846,31854426.24577092,24390.024390243903,9425655.496189583,31854336.774727773,25365.58536585366,9425309.728648847,31853386.786217216,25365.58536585366
9425705.470124584,31854856.504504625,24877.804878048784,0.2704830200447561,9425409.676518846,31854426.24577092,24390.024390243903,9425755.444059582,31855376.234281473,24390.024390243903,9426001.263730323,31855286.76323833,25365.58536585366,9425655.496189583,31854336.774727773,25365.58536585366
9426051.23766532,31855806.49301518,24877.804878048784,0.23300782664285305,9425755.444059582,31855376.234281473,24390.024390243903,9426101.21160032,31856326.222792033,24390.024390243903,9426347.031271059,31856236.751748886,25365.58536585366,9426001.263730323,31855286.76323833,25365.58536585366
9426397.005206058,31856756.481525734,24877.804878048784,0.10136663213584034,9426101.21160032,31856326.222792033,24390.024390243903,9426446.979141057,31857276.21130259,24390.024390243903,9426692.798811797,31857186.740259442,25365.58536585366,9426347.031271059,31856236.751748886,25365.58536585366
9426742.772746794,31857706.470036294,24877.804878048784,0.053607266292454415,9426446.979141057,31857276.21130259,24390.024390243903,9426792.746681795,31858226.199813142,24390.024390243903,9427038.566352533,31858136.72877,25365.58536585366,9426692.798811797,31857186.740259442,25365.58536585366
9427088.540287532,31858656.45854685,24877.804878048784,0.11912793163452523,9426792.746681795,31858226.199813142,24390.024390243903,9427138.514222533,31859176.188323703,24390.024390243903,9427384.333893271,31859086.71728055,25365.58536585366,9427038.566352533,31858136.72877,25365.58536585366
9427434.30782827,31859606.447057404,24877.804878048784,0.3856117563355807,9427138.514222533,31859176.188323703,24390.024390243903,9427484.28176327,31860126.176834255,24390.024390243903,9427730.10143401,31860036.70579111,25365.58536585366,9427384.333893271,31859086.71728055,25365.58536585366
9427780.075369008,31860556.435567964,24877.804878048784,0.46267460620455203,9427484.28176327,31860126.176834255,24390.024390243903,9427830.049304008,31861076.165344812,24390.024390243903,9428075.868974745,31860986.69430167,25365.58536585366,9427730.10143401,31860036.70579111,25365.58536585366
9428125.842909746,31861506.42407852,24877.804878048784,1.0179758912839616,9427830.049304008,31861076.165344812,24390.024390243903,9428175.816844745,31862026.153855372,24390.024390243903,9428421.636515485,31861936.682812225,25365.58536585366,9428075.868974745,31860986.69430167,25365.58536585366
9428471.610450484,31862456.412589077,24877.804878048784,1.6222795566995014,9428175.816844745,31862026.153855372,24390.024390243903,9428521.584385483,31862976.142365925,24390.024390243903,9428767.404056221,31862886.67132278,25365.58536585366,9428421.636515485,31861936.682812225,25365.58536585366
9428817.37799122,31863406.401099633,24877.804878048784,1.4720281921958493,9428521.584385483,31862976.142365925,24390.024390243903,9428867.351926219,31863926.130876485,24390.024390243903,9429113.17159696,31863836.659833338,25365.58536585366,9428767.404056221,31862886.67132278,25365.58536585366
9429163.145531958,31864356.38961019,24877.804878048784,1.4787501562201306,9428867.351926219,31863926.130876485,24390.024390243903,9429213.119466957,31864876.119387038,24390.024390243903,9429458.939137695,31864786.64834389,25365.58536585366,9429113.17159696,31863836.659833338,25365.58536585366
9429508.913072696,31865306.378120743,24877.804878048784,1.2656770457859854,9429213.119466957,31864876.119387038,24390.024390243903,9429558.887007695,31865826.107897595,24390.024390243903,9429804.706678433,31865736.63685445,25365.58536585366,9429458.939137695,31864786.64834389,25365.58536585366
9429854.680613432,31866256.366631303,24877.804878048784,1.198062091323726,9429558.887007695,31865826.107897595,24390.024390243903,9429904.654548433,31866776.096408155,24390.024390243903,9430150.47421917,31866686.625365008,25365.58536585366,9429804.706678433,31865736.63685445,25365.58536585366
9430200.44815417,31867206.355141863,24877.804878048784,1.6989944043023169,9429904.654548433,31866776.096408155,24390.024390243903,9430250.422089169,31867726.084918708,24390.024390243903,9430496.24175991,31867636.61387556,25365.58536585366,9430150.47421917,31866686.625365008,25365.58536585366
9430546.215694906,31868156.343652412,24877.804878048784,2.6894813219046227,9430250.422089169,31867726.084918708,24390.024390243903,9430596.189629907,31868676.073429264,24390.024390243903,9430842.009300645,31868586.60238612,25365.58536585366,9430496.24175991,31867636.61387556,25365.58536585366
9430891.983235644,31869106.332162973,24877.804878048784,3.1044178257471033,9430596.189629907,31868676.073429264,24390.024390243903,9430941.957170645,31869626.061939824,24390.024390243903,9431187.776841383,31869536.590896677,25365.58536585366,9430842.009300645,31868586.60238612,25365.58536585366
9431237.750776382,31870056.320673533,24877.804878048784,3.8986063159887974,9430941.957170645,31869626.061939824,24390.024390243903,9431287.72471138,31870576.050450377,24390.024390243903,9431533.54438212,31870486.579407234,25365.58536585366,9431187.776841383,31869536.590896677,25365.58536585366
9431583.518317118,31871006.30918408,24877.804878048784,4.168339736118153,9431287.72471138,31870576.050450377,24390.024390243903,9431633.49225212,31871526.038960937,24390.024390243903,9431879.311922858,31871436.56791779,25365.58536585366,9431533.54438212,31870486.579407234,25365.58536585366
9431929.285857858,31871956.29769464,24877.804878048784,3.673967706916275,9431633.49225212,31871526.038960937,24390.024390243903,9431979.259792857,31872476.02747149,24390.024390243903,9432225.079463596,31872386.556428343,25365.58536585366,9431879.311922858,31871436.56791779,25365.58536585366
9432275.053398596,31872906.286205195,24877.804878048784,2.992423723898284,9431979.259792857,31872476.02747149,24390.024390243903,9432325.027333595,31873426.015982047,24390.024390243903,9432570.847004334,31873336.544938903,25365.58536585366,9432225.079463596,31872386.556428343,25365.58536585366
9432620.820939332,31873856.27471575,24877.804878048784,2.0996003713606073,9432325.027333595,31873426.015982047,24390.024390243903,9432670.794874331,31874376.004492607,24390.024390243903,9432916.614545071,31874286.53344946,25365.58536585366,9432570.847004334,31873336.544938903,25365.58536585366
9432966.58848007,31874806.263226315,24877.804878048784,1.9930742748016532,9432670.794874331,31874376.004492607,24390.024390243903,9433016.562415069,31875325.993003163,24390.024390243903,9433262.382085808,31875236.521960016,25365.58536585366,9432916.614545071,31874286.53344946,25365.58536585366
9433312.356020806,31875756.251736872,24877.804878048784,2.008581649685629,9433016.562415069,31875325.993003163,24390.024390243903,9433362.329955805,31876275.981513716,24390.024390243903,9433608.149626546,31876186.510470573,25365.58536585366,9433262.382085808,31875236.521960016,25365.58536585366
9433658.123561544,31876706.24024742,24877.804878048784,2.8350690226048108,9433362.329955805,31876275.981513716,24390.024390243903,9433708.097496545,31877225.970024277,24390.024390243903,9433953.917167282,31877136.49898113,25365.58536585366,9433608.149626546,31876186.510470573,25365.58536585366
9434003.891102282,31877656.22875798,24877.804878048784,2.8128571765822783,9433708.097496545,31877225.970024277,24390.024390243903,9434053.865037281,31878175.95853483,24390.024390243903,9434299.68470802,31878086.487491686,25365.58536585366,9433953.917167282,31877136.49898113,25365.58536585366
9434349.658643018,31878606.217268534,24877.804878048784,2.3398141422770076,9434053.865037281,31878175.95853483,24390.024390243903,9434399.632578019,31879125.94704539,24390.024390243903,9434645.452248756,31879036.476002242,25365.58536585366,9434299.68470802,31878086.487491686,25365.58536585366
9434695.426183756,31879556.20577909,24877.804878048784,1.9515068455622504,9434399.632578019,31879125.94704539,24390.024390243903,9434745.400118757,31880075.935555946,24390.024390243903,9434991.219789496,31879986.464512795,25365.58536585366,9434645.452248756,31879036.476002242,25365.58536585366
9435041.193724494,31880506.19428965,24877.804878048784,1.4252678473782807,9434745.400118757,31880075.935555946,24390.024390243903,9435091.167659493,31881025.9240665,24390.024390243903,9435336.987330232,31880936.453023355,25365.58536585366,9434991.219789496,31879986.464512795,25365.58536585366
9435386.96126523,31881456.182800204,24877.804878048784,1.395828184826183,9435091.167659493,31881025.9240665,24390.024390243903,9435436.935200231,31881975.91257706,24390.024390243903,9435682.75487097,31881886.441533912,25365.58536585366,9435336.987330232,31880936.453023355,25365.58536585366
9435732.728805969,31882406.171310764,24877.804878048784,0.9370009102975779,9435436.935200231,31881975.91257706,24390.024390243903,9435782.702740967,31882925.901087612,24390.024390243903,9436028.522411708,31882836.430044465,25365.58536585366,9435682.75487097,31881886.441533912,25365.58536585366
9436078.496346705,31883356.15982132,24877.804878048784,0.39818064339580206,9435782.702740967,31882925.901087612,24390.024390243903,9436128.470281707,31883875.88959817,24390.024390243903,9436374.289952444,31883786.418555025,25365.58536585366,9436028.522411708,31882836.430044465,25365.58536585366
9436424.263887445,31884306.148331873,24877.804878048784,0.2325847166109992,9436128.470281707,31883875.88959817,24390.024390243903,9436474.237822443,31884825.878108725,24390.024390243903,9436720.057493182,31884736.407065578,25365.58536585366,9436374.289952444,31883786.418555025,25365.58536585366
9436770.031428182,31885256.13684243,24877.804878048784,0.18222641668842957,9436474.237822443,31884825.878108725,24390.024390243903,9436820.005363181,31885775.86661928,24390.024390243903,9437065.82503392,31885686.395576138,25365.58536585366,9436720.057493182,31884736.407065578,25365.58536585366
9437115.798968919,31886206.12535299,24877.804878048784,0.12632899811967452,9436820.005363181,31885775.86661928,24390.024390243903,9437165.772903917,31886725.85512984,24390.024390243903,9437411.592574658,31886636.384086695,25365.58536585366,9437065.82503392,31885686.395576138,25365.58536585366
9437461.566509657,31887156.113863543,24877.804878048784,0.5080394419833357,9437165.772903917,31886725.85512984,24390.024390243903,9437511.540444655,31887675.8436404,24390.024390243903,9437757.360115394,31887586.37259725,25365.58536585366,9437411.592574658,31886636.384086695,25365.58536585366
9437807.334050393,31888106.102374103,24877.804878048784,0.5410805640509156,9437511.540444655,31887675.8436404,24390.024390243903,9437857.307985391,31888625.83215095,24390.024390243903,9438103.127656132,31888536.361107808,25365.58536585366,9437757.360115394,31887586.37259725,25365.58536585366
9438153.10159113,31889056.09088466,24877.804878048784,0.27205497450202437,9437857.307985391,31888625.83215095,24390.024390243903,9438203.075526131,31889575.82066151,24390.024390243903,9438448.895196868,31889486.349618364,25365.58536585366,9438103.127656132,31888536.361107808,25365.58536585366
9438498.869131869,31890006.079395216,24877.804878048784,0.13313495459286495,9438203.075526131,31889575.82066151,24390.024390243903,9438548.843066867,31890525.809172064,24390.024390243903,9438794.662737606,31890436.338128917,25365.58536585366,9438448.895196868,31889486.349618364,25365.58536585366
9438844.636672605,31890956.06790577,24877.804878048784,0.1965721849345566,9438548.843066867,31890525.809172064,24390.024390243903,9438894.610607605,31891475.79768262,24390.024390243903,9439140.430278344,31891386.326639477,25365.58536585366,9438794.662737606,31890436.338128917,25365.58536585366
9439190.404213343,31891906.05641633,24877.804878048784,0.3069932534392619,9438894.610607605,31891475.79768262,24390.024390243903,9439240.378148343,31892425.78619318,24390.024390243903,9439486.197819082,31892336.315150034,25365.58536585366,9439140.430278344,31891386.326639477,25365.58536585366
9439536.17175408,31892856.044926886,24877.804878048784,0.2765949109049497,9439240.378148343,31892425.78619318,24390.024390243903,9439586.145689081,31893375.774703734,24390.024390243903,9439831.96535982,31893286.30366059,25365.58536585366,9439486.197819082,31892336.315150034,25365.58536585366
9439881.939294819,31893806.03343744,24877.804878048784,0.3919493749153127,9439586.145689081,31893375.774703734,24390.024390243903,9439931.91322982,31894325.763214294,24390.024390243903,9440177.732900556,31894236.292171147,25365.58536585366,9439831.96535982,31893286.30366059,25365.58536585366
9440227.706835557,31894756.021948,24877.804878048784,0.18315003699187538,9439931.91322982,31894325.763214294,24390.024390243903,9440277.680770556,31895275.75172485,24390.024390243903,9440523.500441294,31895186.280681703,25365.58536585366,9440177.732900556,31894236.292171147,25365.58536585366
9420073.241602788,31838617.228782017,25853.36585365854,0.26363069106595505,9419777.447997048,31838186.970048312,25365.58536585366,9420123.215537786,31839136.958558865,25365.58536585366,9420369.035208527,31839047.48751572,26341.146341463416,9420023.267667789,31838097.499005165,26341.146341463416
9420419.009143526,31839567.21729257,25853.36585365854,0.7481594004740882,9420123.215537786,31839136.958558865,25365.58536585366,9420468.983078523,31840086.947069425,25365.58536585366,9420714.802749263,31839997.476026278,26341.146341463416,9420369.035208527,31839047.48751572,26341.146341463416
9420764.776684262,31840517.205803126,25853.36585365854,1.0617987885002866,9420468.983078523,31840086.947069425,25365.58536585366,9420814.75061926,31841036.93557998,25365.58536585366,9421060.570290001,31840947.46453683,26341.146341463416,9420714.802749263,31839997.476026278,26341.146341463416
9421110.544225,31841467.194313686,25853.36585365854,1.0315188807910298,9420814.75061926,31841036.93557998,25365.58536585366,9421160.518159997,31841986.924090534,25365.58536585366,9421406.337830741,31841897.45304739,26341.146341463416,9421060.570290001,31840947.46453683,26341.146341463416
9421456.311765738,31842417.18282424,25853.36585365854,1.1204728226197733,9421160.518159997,31841986.924090534,25365.58536585366,9421506.285700735,31842936.912601095,25365.58536585366,9421752.105371477,31842847.441557944,26341.146341463416,9421406.337830741,31841897.45304739,26341.146341463416
9421802.079306476,31843367.1713348,25853.36585365854,1.247041999070976,9421506.285700735,31842936.912601095,25365.58536585366,9421852.053241473,31843886.90111165,25365.58536585366,9422097.872912215,31843797.4300685,26341.146341463416,9421752.105371477,31842847.441557944,26341.146341463416
9422147.846847212,31844317.159845356,25853.36585365854,1.1516302767821749,9421852.053241473,31843886.90111165,25365.58536585366,9422197.82078221,31844836.889622204,25365.58536585366,9422443.640452951,31844747.41857906,26341.146341463416,9422097.872912215,31843797.4300685,26341.146341463416
9422493.61438795,31845267.14835591,25853.36585365854,0.9500041690370034,9422197.82078221,31844836.889622204,25365.58536585366,9422543.588322947,31845786.878132764,25365.58536585366,9422789.40799369,31845697.407089617,26341.146341463416,9422443.640452951,31844747.41857906,26341.146341463416
9422839.381928686,31846217.13686647,25853.36585365854,1.4029838580838572,9422543.588322947,31845786.878132764,25365.58536585366,9422889.355863685,31846736.866643317,25365.58536585366,9423135.175534425,31846647.395600174,26341.146341463416,9422789.40799369,31845697.407089617,26341.146341463416
9423185.149469424,31847167.125377025,25853.36585365854,1.8582086702032186,9422889.355863685,31846736.866643317,25365.58536585366,9423235.12340442,31847686.855153877,25365.58536585366,9423480.943075165,31847597.38411073,26341.146341463416,9423135.175534425,31846647.395600174,26341.146341463416
9423530.91701016,31848117.11388758,25853.36585365854,1.163275050470723,9423235.12340442,31847686.855153877,25365.58536585366,9423580.890945159,31848636.843664434,25365.58536585366,9423826.710615901,31848547.372621283,26341.146341463416,9423480.943075165,31847597.38411073,26341.146341463416
9423876.6845509,31849067.10239814,25853.36585365854,0.6424080421514762,9423580.890945159,31848636.843664434,25365.58536585366,9423926.658485899,31849586.83217499,25365.58536585366,9424172.47815664,31849497.361131843,26341.146341463416,9423826.710615901,31848547.372621283,26341.146341463416
9424222.452091636,31850017.090908695,25853.36585365854,0.47585411536352484,9423926.658485899,31849586.83217499,25365.58536585366,9424272.426026635,31850536.820685547,25365.58536585366,9424518.245697375,31850447.3496424,26341.146341463416,9424172.47815664,31849497.361131843,26341.146341463416
9424568.219632374,31850967.07941925,25853.36585365854,0.3534968473705069,9424272.426026635,31850536.820685547,25365.58536585366,9424618.193567373,31851486.809196103,25365.58536585366,9424864.013238113,31851397.338152952,26341.146341463416,9424518.245697375,31850447.3496424,26341.146341463416
9424913.987173112,31851917.067929808,25853.36585365854,0.4684980654246594,9424618.193567373,31851486.809196103,25365.58536585366,9424963.961108109,31852436.797706656,25365.58536585366,9425209.780778851,31852347.326663513,26341.146341463416,9424864.013238113,31851397.338152952,26341.146341463416
9425259.754713848,31852867.056440365,25853.36585365854,0.5403480606885501,9424963.961108109,31852436.797706656,25365.58536585366,9425309.728648847,31853386.786217216,25365.58536585366,9425555.54831959,31853297.31517407,26341.146341463416,9425209.780778851,31852347.326663513,26341.146341463416
9425605.522254588,31853817.04495092,25853.36585365854,0.10767758838589218,9425309.728648847,31853386.786217216,25365.58536585366,9425655.496189583,31854336.774727773,25365.58536585366,9425901.315860327,31854247.303684626,26341.146341463416,9425555.54831959,31853297.31517407,26341.146341463416
9425951.289795324,31854767.033461478,25853.36585365854,0.02376778516001579,9425655.496189583,31854336.774727773,25365.58536585366,9426001.263730323,31855286.76323833,25365.58536585366,9426247.083401063,31855197.292195182,26341.146341463416,9425901.315860327,31854247.303684626,26341.146341463416
9426297.057336062,31855717.021972034,25853.36585365854,0.013898329516319384,9426001.263730323,31855286.76323833,25365.58536585366,9426347.031271059,31856236.751748886,25365.58536585366,9426592.850941801,31856147.280705735,26341.146341463416,9426247.083401063,31855197.292195182,26341.146341463416
9426642.824876798,31856667.01048259,25853.36585365854,0.020660531190585484,9426347.031271059,31856236.751748886,25365.58536585366,9426692.798811797,31857186.740259442,25365.58536585366,9426938.618482538,31857097.269216295,26341.146341463416,9426592.850941801,31856147.280705735,26341.146341463416
9426988.592417536,31857616.998993147,25853.36585365854,0.0315425018427499,9426692.798811797,31857186.740259442,25365.58536585366,9427038.566352533,31858136.72877,25365.58536585366,9427284.386023276,31858047.25772685,26341.146341463416,9426938.618482538,31857097.269216295,26341.146341463416
9427334.359958272,31858566.987503707,25853.36585365854,0.09420000213209824,9427038.566352533,31858136.72877,25365.58536585366,9427384.333893271,31859086.71728055,25365.58536585366,9427630.153564012,31858997.246237405,26341.146341463416,9427284.386023276,31858047.25772685,26341.146341463416
9427680.12749901,31859516.976014256,25853.36585365854,0.2163544914610496,9427384.333893271,31859086.71728055,25365.58536585366,9427730.10143401,31860036.70579111,25365.58536585366,9427975.921104752,31859947.234747965,26341.146341463416,9427630.153564012,31858997.246237405,26341.146341463416
9428025.895039747,31860466.964524817,25853.36585365854,0.17826726286362582,9427730.10143401,31860036.70579111,25365.58536585366,9428075.868974745,31860986.69430167,25365.58536585366,9428321.688645488,31860897.223258518,26341.146341463416,9427975.921104752,31859947.234747965,26341.146341463416
9428371.662580486,31861416.953035377,25853.36585365854,0.3249879583133759,9428075.868974745,31860986.69430167,25365.58536585366,9428421.636515485,31861936.682812225,25365.58536585366,9428667.456186226,31861847.211769078,26341.146341463416,9428321.688645488,31860897.223258518,26341.146341463416
9428717.430121224,31862366.941545926,25853.36585365854,0.704630544756834,9428421.636515485,31861936.682812225,25365.58536585366,9428767.404056221,31862886.67132278,25365.58536585366,9429013.223726962,31862797.200279634,26341.146341463416,9428667.456186226,31861847.211769078,26341.146341463416
9429063.19766196,31863316.930056486,25853.36585365854,1.2620747704909436,9428767.404056221,31862886.67132278,25365.58536585366,9429113.17159696,31863836.659833338,25365.58536585366,9429358.9912677,31863747.188790187,26341.146341463416,9429013.223726962,31862797.200279634,26341.146341463416
9429408.965202698,31864266.918567047,25853.36585365854,1.3452291752350105,9429113.17159696,31863836.659833338,25365.58536585366,9429458.939137695,31864786.64834389,25365.58536585366,9429704.758808438,31864697.177300747,26341.146341463416,9429358.9912677,31863747.188790187,26341.146341463416
9429754.732743435,31865216.907077596,25853.36585365854,0.9253196054680706,9429458.939137695,31864786.64834389,25365.58536585366,9429804.706678433,31865736.63685445,25365.58536585366,9430050.526349176,31865647.165811304,26341.146341463416,9429704.758808438,31864697.177300747,26341.146341463416
9430100.500284174,31866166.89558816,25853.36585365854,1.1574932102160054,9429804.706678433,31865736.63685445,25365.58536585366,9430150.47421917,31866686.625365008,25365.58536585366,9430396.293889914,31866597.154321857,26341.146341463416,9430050.526349176,31865647.165811304,26341.146341463416
9430446.26782491,31867116.884098716,25853.36585365854,1.4469968644369307,9430150.47421917,31866686.625365008,25365.58536585366,9430496.24175991,31867636.61387556,25365.58536585366,9430742.06143065,31867547.142832417,26341.146341463416,9430396.293889914,31866597.154321857,26341.146341463416
9430792.035365649,31868066.872609265,25853.36585365854,1.8818638542759305,9430496.24175991,31867636.61387556,25365.58536585366,9430842.009300645,31868586.60238612,25365.58536585366,9431087.828971388,31868497.13134297,26341.146341463416,9430742.06143065,31867547.142832417,26341.146341463416
9431137.802906385,31869016.861119825,25853.36585365854,3.0227437860041237,9430842.009300645,31868586.60238612,25365.58536585366,9431187.776841383,31869536.590896677,25365.58536585366,9431433.596512124,31869447.11985353,26341.146341463416,9431087.828971388,31868497.13134297,26341.146341463416
9431483.570447123,31869966.849630386,25853.36585365854,3.2754488846114906,9431187.776841383,31869536.590896677,25365.58536585366,9431533.54438212,31870486.579407234,25365.58536585366,9431779.364052862,31870397.108364087,26341.146341463416,9431433.596512124,31869447.11985353,26341.146341463416
9431829.337987859,31870916.838140935,25853.36585365854,3.042807779975346,9431533.54438212,31870486.579407234,25365.58536585366,9431879.311922858,31871436.56791779,25365.58536585366,9432125.1315936,31871347.096874643,26341.146341463416,9431779.364052862,31870397.108364087,26341.146341463416
9432175.105528599,31871866.826651495,25853.36585365854,2.5897064949796977,9431879.311922858,31871436.56791779,25365.58536585366,9432225.079463596,31872386.556428343,25365.58536585366,9432470.899134338,31872297.0853852,26341.146341463416,9432125.1315936,31871347.096874643,26341.146341463416
9432520.873069337,31872816.815162048,25853.36585365854,1.6051224234857004,9432225.079463596,31872386.556428343,25365.58536585366,9432570.847004334,31873336.544938903,25365.58536585366,9432816.666675074,31873247.073895756,26341.146341463416,9432470.899134338,31872297.0853852,26341.146341463416
9432866.640610073,31873766.803672608,25853.36585365854,1.2131070796432528,9432570.847004334,31873336.544938903,25365.58536585366,9432916.614545071,31874286.53344946,25365.58536585366,9433162.434215812,31874197.06240631,26341.146341463416,9432816.666675074,31873247.073895756,26341.146341463416
9433212.40815081,31874716.792183165,25853.36585365854,1.7128447091552967,9432916.614545071,31874286.53344946,25365.58536585366,9433262.382085808,31875236.521960016,25365.58536585366,9433508.201756552,31875147.05091687,26341.146341463416,9433162.434215812,31874197.06240631,26341.146341463416
9433558.175691549,31875666.780693725,25853.36585365854,1.997751029793121,9433262.382085808,31875236.521960016,25365.58536585366,9433608.149626546,31876186.510470573,25365.58536585366,9433853.969297288,31876097.039427426,26341.146341463416,9433508.201756552,31875147.05091687,26341.146341463416
9433903.943232287,31876616.769204278,25853.36585365854,2.5493391195975255,9433608.149626546,31876186.510470573,25365.58536585366,9433953.917167282,31877136.49898113,25365.58536585366,9434199.736838026,31877047.027937982,26341.146341463416,9433853.969297288,31876097.039427426,26341.146341463416
9434249.710773023,31877566.757714834,25853.36585365854,2.327651922574141,9433953.917167282,31877136.49898113,25365.58536585366,9434299.68470802,31878086.487491686,25365.58536585366,9434545.504378762,31877997.01644854,26341.146341463416,9434199.736838026,31877047.027937982,26341.146341463416
9434595.47831376,31878516.746225387,25853.36585365854,1.5894641281018793,9434299.68470802,31878086.487491686,25365.58536585366,9434645.452248756,31879036.476002242,25365.58536585366,9434891.2719195,31878947.00495909,26341.146341463416,9434545.504378762,31877997.01644854,26341.146341463416
9434941.245854497,31879466.734735947,25853.36585365854,1.193995738802132,9434645.452248756,31879036.476002242,25365.58536585366,9434991.219789496,31879986.464512795,25365.58536585366,9435237.039460236,31879896.99346965,26341.146341463416,9434891.2719195,31878947.00495909,26341.146341463416
9435287.013395235,31880416.723246504,25853.36585365854,1.569171832922721,9434991.219789496,31879986.464512795,25365.58536585366,9435336.987330232,31880936.453023355,25365.58536585366,9435582.807000974,31880846.981980205,26341.146341463416,9435237.039460236,31879896.99346965,26341.146341463416
9435632.780935971,31881366.711757056,25853.36585365854,1.1205281075565874,9435336.987330232,31880936.453023355,25365.58536585366,9435682.75487097,31881886.441533912,25365.58536585366,9435928.574541712,31881796.97049076,26341.146341463416,9435582.807000974,31880846.981980205,26341.146341463416
9435978.54847671,31882316.700267617,25853.36585365854,0.8433364270885314,9435682.75487097,31881886.441533912,25365.58536585366,9436028.522411708,31882836.430044465,25365.58536585366,9436274.34208245,31882746.95900132,26341.146341463416,9435928.574541712,31881796.97049076,26341.146341463416
9436324.316017445,31883266.688778173,25853.36585365854,0.7373697975382009,9436028.522411708,31882836.430044465,25365.58536585366,9436374.289952444,31883786.418555025,25365.58536585366,9436620.109623186,31883696.947511878,26341.146341463416,9436274.34208245,31882746.95900132,26341.146341463416
9436670.083558185,31884216.67728873,25853.36585365854,0.18452319160921463,9436374.289952444,31883786.418555025,25365.58536585366,9436720.057493182,31884736.407065578,25365.58536585366,9436965.877163924,31884646.936022434,26341.146341463416,9436620.109623186,31883696.947511878,26341.146341463416
9437015.851098923,31885166.665799282,25853.36585365854,0.1793239104208228,9436720.057493182,31884736.407065578,25365.58536585366,9437065.82503392,31885686.395576138,25365.58536585366,9437311.644704662,31885596.92453299,26341.146341463416,9436965.877163924,31884646.936022434,26341.146341463416
9437361.61863966,31886116.654309843,25853.36585365854,0.4925113316364942,9437065.82503392,31885686.395576138,25365.58536585366,9437411.592574658,31886636.384086695,25365.58536585366,9437657.412245398,31886546.913043544,26341.146341463416,9437311.644704662,31885596.92453299,26341.146341463416
9437707.386180397,31887066.642820396,25853.36585365854,0.35777845173297756,9437411.592574658,31886636.384086695,25365.58536585366,9437757.360115394,31887586.37259725,25365.58536585366,9438003.179786138,31887496.901554104,26341.146341463416,9437657.412245398,31886546.913043544,26341.146341463416
9438053.153721135,31888016.631330956,25853.36585365854,0.4823899625852031,9437757.360115394,31887586.37259725,25365.58536585366,9438103.127656132,31888536.361107808,25365.58536585366,9438348.947326874,31888446.89006466,26341.146341463416,9438003.179786138,31887496.901554104,26341.146341463416
9438398.921261873,31888966.619841516,25853.36585365854,0.7439153074798686,9438103.127656132,31888536.361107808,25365.58536585366,9438448.895196868,31889486.349618364,25365.58536585366,9438694.714867612,31889396.878575213,26341.146341463416,9438348.947326874,31888446.89006466,26341.146341463416
9438744.68880261,31889916.608352065,25853.36585365854,0.31097824874733265,9438448.895196868,31889486.349618364,25365.58536585366,9438794.662737606,31890436.338128917,25365.58536585366,9439040.482408348,31890346.867085773,26341.146341463416,9438694.714867612,31889396.878575213,26341.146341463416
9439090.456343347,31890866.59686262,25853.36585365854,0.2053467972218016,9438794.662737606,31890436.338128917,25365.58536585366,9439140.430278344,31891386.326639477,25365.58536585366,9439386.249949086,31891296.85559633,26341.146341463416,9439040.482408348,31890346.867085773,26341.146341463416
9439436.223884083,31891816.585373186,25853.36585365854,0.11808016511623395,9439140.430278344,31891386.326639477,25365.58536585366,9439486.197819082,31892336.315150034,25365.58536585366,9439732.017489823,31892246.844106887,26341.146341463416,9439386.249949086,31891296.85559633,26341.146341463416
9439781.991424821,31892766.573883735,25853.36585365854,0.09484312210865348,9439486.197819082,31892336.315150034,25365.58536585366,9439831.96535982,31893286.30366059,25365.58536585366,9440077.785030562,31893196.832617443,26341.146341463416,9439732.017489823,31892246.844106887,26341.146341463416
9440127.758965557,31893716.56239429,25853.36585365854,0.07421713905104904,9439831.96535982,31893286.30366059,25365.58536585366,9440177.732900556,31894236.292171147,25365.58536585366,9440423.552571299,31894146.821127996,26341.146341463416,9440077.785030562,31893196.832617443,26341.146341463416
9440473.526506297,31894666.550904855,25853.36585365854,0.21894814168927204,9440177.732900556,31894236.292171147,25365.58536585366,9440523.500441294,31895186.280681703,25365.58536585366,9440769.320112037,31895096.809638556,26341.146341463416,9440423.552571299,31894146.821127996,26341.146341463416
9420319.061273526,31838527.75773887,26828.926829268297,0.15566412300354462,9420023.267667789,31838097.499005165,26341.146341463416,9420369.035208527,31839047.48751572,26341.146341463416,9420614.854879266,31838958.016472574,27316.707317073175,9420269.08733853,31838008.027962018,27316.707317073175
9420664.828814264,31839477.746249422,26828.926829268297,0.2589843165667964,9420369.035208527,31839047.48751572,26341.146341463416,9420714.802749263,31839997.476026278,26341.146341463416,9420960.622420004,31839908.00498313,27316.707317073175,9420614.854879266,31838958.016472574,27316.707317073175
9421010.596355,31840427.734759983,26828.926829268297,0.7313292839727848,9420714.802749263,31839997.476026278,26341.146341463416,9421060.570290001,31840947.46453683,26341.146341463416,9421306.38996074,31840857.993493687,27316.707317073175,9420960.622420004,31839908.00498313,27316.707317073175
9421356.363895738,31841377.72327054,26828.926829268297,0.7418805782306234,9421060.570290001,31840947.46453683,26341.146341463416,9421406.337830741,31841897.45304739,26341.146341463416,9421652.157501478,31841807.982004244,27316.707317073175,9421306.38996074,31840857.993493687,27316.707317073175
9421702.131436478,31842327.711781096,26828.926829268297,0.5247383781063003,9421406.337830741,31841897.45304739,26341.146341463416,9421752.105371477,31842847.441557944,26341.146341463416,9421997.925042214,31842757.970514797,27316.707317073175,9421652.157501478,31841807.982004244,27316.707317073175
9422047.898977216,31843277.700291652,26828.926829268297,0.5263384749242503,9421752.105371477,31842847.441557944,26341.146341463416,9422097.872912215,31843797.4300685,26341.146341463416,9422343.692582954,31843707.959025357,27316.707317073175,9421997.925042214,31842757.970514797,27316.707317073175
9422393.666517952,31844227.68880221,26828.926829268297,0.6002180807065802,9422097.872912215,31843797.4300685,26341.146341463416,9422443.640452951,31844747.41857906,26341.146341463416,9422689.460123692,31844657.947535913,27316.707317073175,9422343.692582954,31843707.959025357,27316.707317073175
9422739.43405869,31845177.677312765,26828.926829268297,0.24384845427819551,9422443.640452951,31844747.41857906,26341.146341463416,9422789.40799369,31845697.407089617,26341.146341463416,9423035.227664428,31845607.936046474,27316.707317073175,9422689.460123692,31844657.947535913,27316.707317073175
9423085.201599427,31846127.66582332,26828.926829268297,0.30173541487975425,9422789.40799369,31845697.407089617,26341.146341463416,9423135.175534425,31846647.395600174,26341.146341463416,9423380.995205166,31846557.924557026,27316.707317073175,9423035.227664428,31845607.936046474,27316.707317073175
9423430.969140165,31847077.65433388,26828.926829268297,0.8161666875810621,9423135.175534425,31846647.395600174,26341.146341463416,9423480.943075165,31847597.38411073,26341.146341463416,9423726.762745902,31847507.913067583,27316.707317073175,9423380.995205166,31846557.924557026,27316.707317073175
9423776.736680903,31848027.642844435,26828.926829268297,0.7887475179481,9423480.943075165,31847597.38411073,26341.146341463416,9423826.710615901,31848547.372621283,26341.146341463416,9424072.53028664,31848457.90157814,27316.707317073175,9423726.762745902,31847507.913067583,27316.707317073175
9424122.504221639,31848977.63135499,26828.926829268297,0.49907394177696685,9423826.710615901,31848547.372621283,26341.146341463416,9424172.47815664,31849497.361131843,26341.146341463416,9424418.297827378,31849407.890088696,27316.707317073175,9424072.53028664,31848457.90157814,27316.707317073175
9424468.271762377,31849927.61986555,26828.926829268297,0.30098137825922644,9424172.47815664,31849497.361131843,26341.146341463416,9424518.245697375,31850447.3496424,26341.146341463416,9424764.065368116,31850357.878599253,27316.707317073175,9424418.297827378,31849407.890088696,27316.707317073175
9424814.039303113,31850877.608376104,26828.926829268297,0.19276561210836157,9424518.245697375,31850447.3496424,26341.146341463416,9424864.013238113,31851397.338152952,26341.146341463416,9425109.832908852,31851307.86710981,27316.707317073175,9424764.065368116,31850357.878599253,27316.707317073175
9425159.80684385,31851827.59688666,26828.926829268297,0.16558005117943653,9424864.013238113,31851397.338152952,26341.146341463416,9425209.780778851,31852347.326663513,26341.146341463416,9425455.60044959,31852257.855620366,27316.707317073175,9425109.832908852,31851307.86710981,27316.707317073175
9425505.574384589,31852777.58539722,26828.926829268297,0.11463142755262459,9425209.780778851,31852347.326663513,26341.146341463416,9425555.54831959,31853297.31517407,26341.146341463416,9425801.367990326,31853207.844130926,27316.707317073175,9425455.60044959,31852257.855620366,27316.707317073175
9425851.341925327,31853727.573907774,26828.926829268297,0.0573187581940107,9425555.54831959,31853297.31517407,26341.146341463416,9425901.315860327,31854247.303684626,26341.146341463416,9426147.135531064,31854157.83264148,27316.707317073175,9425801.367990326,31853207.844130926,27316.707317073175
9426197.109466065,31854677.56241833,26828.926829268297,0.02217312386967884,9425901.315860327,31854247.303684626,26341.146341463416,9426247.083401063,31855197.292195182,26341.146341463416,9426492.903071804,31855107.821152035,27316.707317073175,9426147.135531064,31854157.83264148,27316.707317073175
9426542.877006803,31855627.55092889,26828.926829268297,0.020385199071578146,9426247.083401063,31855197.292195182,26341.146341463416,9426592.850941801,31856147.280705735,26341.146341463416,9426838.67061254,31856057.80966259,27316.707317073175,9426492.903071804,31855107.821152035,27316.707317073175
9426888.644547539,31856577.53943944,26828.926829268297,0.0846142691029125,9426592.850941801,31856147.280705735,26341.146341463416,9426938.618482538,31857097.269216295,26341.146341463416,9427184.438153278,31857007.79817315,27316.707317073175,9426838.67061254,31856057.80966259,27316.707317073175
9427234.412088277,31857527.527950004,26828.926829268297,0.1133386531563407,9426938.618482538,31857097.269216295,26341.146341463416,9427284.386023276,31858047.25772685,26341.146341463416,9427530.205694014,31857957.786683705,27316.707317073175,9427184.438153278,31857007.79817315,27316.707317073175
9427580.179629013,31858477.51646056,26828.926829268297,0.26961648884769274,9427284.386023276,31858047.25772685,26341.146341463416,9427630.153564012,31858997.246237405,26341.146341463416,9427875.973234752,31858907.77519426,27316.707317073175,9427530.205694014,31857957.786683705,27316.707317073175
9427925.94716975,31859427.50497111,26828.926829268297,0.19235692103168675,9427630.153564012,31858997.246237405,26341.146341463416,9427975.921104752,31859947.234747965,26341.146341463416,9428221.740775488,31859857.763704818,27316.707317073175,9427875.973234752,31858907.77519426,27316.707317073175
9428271.714710489,31860377.49348167,26828.926829268297,0.1270872569216964,9427975.921104752,31859947.234747965,26341.146341463416,9428321.688645488,31860897.223258518,26341.146341463416,9428567.508316226,31860807.752215374,27316.707317073175,9428221.740775488,31859857.763704818,27316.707317073175
9428617.482251225,31861327.481992222,26828.926829268297,0.1840703190398956,9428321.688645488,31860897.223258518,26341.146341463416,9428667.456186226,31861847.211769078,26341.146341463416,9428913.275856964,31861757.74072593,27316.707317073175,9428567.508316226,31860807.752215374,27316.707317073175
9428963.249791963,31862277.47050278,26828.926829268297,0.17115891979097048,9428667.456186226,31861847.211769078,26341.146341463416,9429013.223726962,31862797.200279634,26341.146341463416,9429259.043397702,31862707.729236487,27316.707317073175,9428913.275856964,31861757.74072593,27316.707317073175
9429309.0173327,31863227.45901334,26828.926829268297,0.6511252909770819,9429013.223726962,31862797.200279634,26341.146341463416,9429358.9912677,31863747.188790187,26341.146341463416,9429604.810938438,31863657.717747044,27316.707317073175,9429259.043397702,31862707.729236487,27316.707317073175
9429654.784873437,31864177.447523892,26828.926829268297,1.4753079971668437,9429358.9912677,31863747.188790187,26341.146341463416,9429704.758808438,31864697.177300747,26341.146341463416,9429950.578479176,31864607.7062576,27316.707317073175,9429604.810938438,31863657.717747044,27316.707317073175
9430000.552414175,31865127.436034452,26828.926829268297,1.4033716140638037,9429704.758808438,31864697.177300747,26341.146341463416,9430050.526349176,31865647.165811304,26341.146341463416,9430296.346019914,31865557.694768157,27316.707317073175,9429950.578479176,31864607.7062576,27316.707317073175
9430346.319954913,31866077.42454501,26828.926829268297,1.2748048272643269,9430050.526349176,31865647.165811304,26341.146341463416,9430396.293889914,31866597.154321857,26341.146341463416,9430642.11356065,31866507.683278713,27316.707317073175,9430296.346019914,31865557.694768157,27316.707317073175
9430692.087495651,31867027.41305556,26828.926829268297,1.5005049631692435,9430396.293889914,31866597.154321857,26341.146341463416,9430742.06143065,31867547.142832417,26341.146341463416,9430987.88110139,31867457.67178927,27316.707317073175,9430642.11356065,31866507.683278713,27316.707317073175
9431037.85503639,31867977.40156612,26828.926829268297,1.9221486115527204,9430742.06143065,31867547.142832417,26341.146341463416,9431087.828971388,31868497.13134297,26341.146341463416,9431333.648642126,31868407.660299826,27316.707317073175,9430987.88110139,31867457.67178927,27316.707317073175
9431383.622577125,31868927.39007668,26828.926829268297,2.5903599803865434,9431087.828971388,31868497.13134297,26341.146341463416,9431433.596512124,31869447.11985353,26341.146341463416,9431679.416182864,31869357.648810383,27316.707317073175,9431333.648642126,31868407.660299826,27316.707317073175
9431729.390117863,31869877.37858723,26828.926829268297,2.151549096008271,9431433.596512124,31869447.11985353,26341.146341463416,9431779.364052862,31870397.108364087,26341.146341463416,9432025.1837236,31870307.63732094,27316.707317073175,9431679.416182864,31869357.648810383,27316.707317073175
9432075.157658601,31870827.36709779,26828.926829268297,1.8992907679061115,9431779.364052862,31870397.108364087,26341.146341463416,9432125.1315936,31871347.096874643,26341.146341463416,9432370.951264339,31871257.6258315,27316.707317073175,9432025.1837236,31870307.63732094,27316.707317073175
9432420.925199337,31871777.355608348,26828.926829268297,2.019537280408193,9432125.1315936,31871347.096874643,26341.146341463416,9432470.899134338,31872297.0853852,26341.146341463416,9432716.718805075,31872207.614342052,27316.707317073175,9432370.951264339,31871257.6258315,27316.707317073175
9432766.692740075,31872727.344118904,26828.926829268297,1.5132682167771754,9432470.899134338,31872297.0853852,26341.146341463416,9432816.666675074,31873247.073895756,26341.146341463416,9433062.486345815,31873157.60285261,27316.707317073175,9432716.718805075,31872207.614342052,27316.707317073175
9433112.460280811,31873677.33262946,26828.926829268297,1.1669177467131455,9432816.666675074,31873247.073895756,26341.146341463416,9433162.434215812,31874197.06240631,26341.146341463416,9433408.25388655,31874107.591363166,27316.707317073175,9433062.486345815,31873157.60285261,27316.707317073175
9433458.22782155,31874627.321140017,26828.926829268297,1.2321813359177787,9433162.434215812,31874197.06240631,26341.146341463416,9433508.201756552,31875147.05091687,26341.146341463416,9433754.021427289,31875057.579873722,27316.707317073175,9433408.25388655,31874107.591363166,27316.707317073175
9433803.99536229,31875577.309650574,26828.926829268297,1.7409394332958443,9433508.201756552,31875147.05091687,26341.146341463416,9433853.969297288,31876097.039427426,26341.146341463416,9434099.788968025,31876007.56838428,27316.707317073175,9433754.021427289,31875057.579873722,27316.707317073175
9434149.762903025,31876527.29816113,26828.926829268297,1.8025107958654227,9433853.969297288,31876097.039427426,26341.146341463416,9434199.736838026,31877047.027937982,26341.146341463416,9434445.556508763,31876957.556894835,27316.707317073175,9434099.788968025,31876007.56838428,27316.707317073175
9434495.530443763,31877477.286671687,26828.926829268297,1.884694543670812,9434199.736838026,31877047.027937982,26341.146341463416,9434545.504378762,31877997.01644854,26341.146341463416,9434791.3240495,31877907.54540539,27316.707317073175,9434445.556508763,31876957.556894835,27316.707317073175
9434841.2979845,31878427.275182243,26828.926829268297,1.1601897875388287,9434545.504378762,31877997.01644854,26341.146341463416,9434891.2719195,31878947.00495909,26341.146341463416,9435137.091590237,31878857.533915948,27316.707317073175,9434791.3240495,31877907.54540539,27316.707317073175
9435187.065525237,31879377.263692796,26828.926829268297,1.1728940229742422,9434891.2719195,31878947.00495909,26341.146341463416,9435237.039460236,31879896.99346965,26341.146341463416,9435482.859130977,31879807.522426505,27316.707317073175,9435137.091590237,31878857.533915948,27316.707317073175
9435532.833065975,31880327.252203353,26828.926829268297,0.913472298355051,9435237.039460236,31879896.99346965,26341.146341463416,9435582.807000974,31880846.981980205,26341.146341463416,9435828.626671713,31880757.510937057,27316.707317073175,9435482.859130977,31879807.522426505,27316.707317073175
9435878.600606713,31881277.24071391,26828.926829268297,0.588933343051515,9435582.807000974,31880846.981980205,26341.146341463416,9435928.574541712,31881796.97049076,26341.146341463416,9436174.39421245,31881707.499447618,27316.707317073175,9435828.626671713,31880757.510937057,27316.707317073175
9436224.36814745,31882227.229224466,26828.926829268297,0.7371428582076468,9435928.574541712,31881796.97049076,26341.146341463416,9436274.34208245,31882746.95900132,26341.146341463416,9436520.161753187,31882657.487958174,27316.707317073175,9436174.39421245,31881707.499447618,27316.707317073175
9436570.135688188,31883177.21773503,26828.926829268297,0.4076250053412077,9436274.34208245,31882746.95900132,26341.146341463416,9436620.109623186,31883696.947511878,26341.146341463416,9436865.929293925,31883607.476468734,27316.707317073175,9436520.161753187,31882657.487958174,27316.707317073175
9436915.903228924,31884127.206245583,26828.926829268297,0.15327544005776292,9436620.109623186,31883696.947511878,26341.146341463416,9436965.877163924,31884646.936022434,26341.146341463416,9437211.696834661,31884557.464979287,27316.707317073175,9436865.929293925,31883607.476468734,27316.707317073175
9437261.670769662,31885077.194756135,26828.926829268297,0.35091129883885763,9436965.877163924,31884646.936022434,26341.146341463416,9437311.644704662,31885596.92453299,26341.146341463416,9437557.4643754,31885507.453489844,27316.707317073175,9437211.696834661,31884557.464979287,27316.707317073175
9437607.4383104,31886027.183266692,26828.926829268297,0.45197205176882355,9437311.644704662,31885596.92453299,26341.146341463416,9437657.412245398,31886546.913043544,26341.146341463416,9437903.231916137,31886457.4420004,27316.707317073175,9437557.4643754,31885507.453489844,27316.707317073175
9437953.205851136,31886977.17177725,26828.926829268297,0.7171493549561253,9437657.412245398,31886546.913043544,26341.146341463416,9438003.179786138,31887496.901554104,26341.146341463416,9438248.999456875,31887407.430510957,27316.707317073175,9437903.231916137,31886457.4420004,27316.707317073175
9438298.973391876,31887927.16028781,26828.926829268297,0.7640041973679053,9438003.179786138,31887496.901554104,26341.146341463416,9438348.947326874,31888446.89006466,26341.146341463416,9438594.766997613,31888357.419021513,27316.707317073175,9438248.999456875,31887407.430510957,27316.707317073175
9438644.740932612,31888877.14879836,26828.926829268297,0.8502119196653851,9438348.947326874,31888446.89006466,26341.146341463416,9438694.714867612,31889396.878575213,26341.146341463416,9438940.53453835,31889307.40753207,27316.707317073175,9438594.766997613,31888357.419021513,27316.707317073175
9438990.50847335,31889827.137308918,26828.926829268297,0.29864273189527135,9438694.714867612,31889396.878575213,26341.146341463416,9439040.482408348,31890346.867085773,26341.146341463416,9439286.302079087,31890257.396042626,27316.707317073175,9438940.53453835,31889307.40753207,27316.707317073175
9439336.276014088,31890777.12581948,26828.926829268297,0.06747008958024338,9439040.482408348,31890346.867085773,26341.146341463416,9439386.249949086,31891296.85559633,26341.146341463416,9439632.069619825,31891207.384553187,27316.707317073175,9439286.302079087,31890257.396042626,27316.707317073175
9439682.043554824,31891727.11433003,26828.926829268297,0.04674163087854075,9439386.249949086,31891296.85559633,26341.146341463416,9439732.017489823,31892246.844106887,26341.146341463416,9439977.837160563,31892157.37306374,27316.707317073175,9439632.069619825,31891207.384553187,27316.707317073175
9440027.811095562,31892677.102840587,26828.926829268297,0.07523177709276709,9439732.017489823,31892246.844106887,26341.146341463416,9440077.785030562,31893196.832617443,26341.146341463416,9440323.6047013,31893107.361574296,27316.707317073175,9439977.837160563,31892157.37306374,27316.707317073175
9440373.5786363,31893627.091351148,26828.926829268297,0.034974817317988724,9440077.785030562,31893196.832617443,26341.146341463416,9440423.552571299,31894146.821127996,26341.146341463416,9440669.372242037,31894057.350084852,27316.707317073175,9440323.6047013,31893107.361574296,27316.707317073175
9440719.346177036,31894577.0798617,26828.926829268297,0.09096456484869411,9440423.552571299,31894146.821127996,26341.146341463416,9440769.320112037,31895096.809638556,26341.146341463416,9441015.139782773,31895007.33859541,27316.707317073175,9440669.372242037,31894057.350084852,27316.707317073175
9420564.880944267,31838438.286695722,27804.487804878052,0.28273591348453936,9420269.08733853,31838008.027962018,27316.707317073175,9420614.854879266,31838958.016472574,27316.707317073175,9420860.674550004,31838868.545429427,28292.26829268293,9420514.907009266,31837918.55691887,28292.26829268293
9420910.648485005,31839388.27520628,27804.487804878052,0.6140844850794387,9420614.854879266,31838958.016472574,27316.707317073175,9420960.622420004,31839908.00498313,27316.707317073175,9421206.442090742,31839818.533939987,28292.26829268293,9420860.674550004,31838868.545429427,28292.26829268293
9421256.416025741,31840338.263716836,27804.487804878052,0.8939030109009152,9420960.622420004,31839908.00498313,27316.707317073175,9421306.38996074,31840857.993493687,27316.707317073175,9421552.20963148,31840768.52245054,28292.26829268293,9421206.442090742,31839818.533939987,28292.26829268293
9421602.183566479,31841288.252227396,27804.487804878052,0.7427833757637738,9421306.38996074,31840857.993493687,27316.707317073175,9421652.157501478,31841807.982004244,27316.707317073175,9421897.977172216,31841718.510961097,28292.26829268293,9421552.20963148,31840768.52245054,28292.26829268293
9421947.951107215,31842238.24073795,27804.487804878052,0.8469252353838544,9421652.157501478,31841807.982004244,27316.707317073175,9421997.925042214,31842757.970514797,27316.707317073175,9422243.744712954,31842668.499471653,28292.26829268293,9421897.977172216,31841718.510961097,28292.26829268293
9422293.718647953,31843188.229248505,27804.487804878052,0.44743759022705404,9421997.925042214,31842757.970514797,27316.707317073175,9422343.692582954,31843707.959025357,27316.707317073175,9422589.51225369,31843618.48798221,28292.26829268293,9422243.744712954,31842668.499471653,28292.26829268293
9422639.486188691,31844138.217759065,27804.487804878052,0.31211018748046127,9422343.692582954,31843707.959025357,27316.707317073175,9422689.460123692,31844657.947535913,27316.707317073175,9422935.279794428,31844568.47649277,28292.26829268293,9422589.51225369,31843618.48798221,28292.26829268293
9422985.25372943,31845088.206269618,27804.487804878052,0.10237927571272187,9422689.460123692,31844657.947535913,27316.707317073175,9423035.227664428,31845607.936046474,27316.707317073175,9423281.047335166,31845518.465003323,28292.26829268293,9422935.279794428,31844568.47649277,28292.26829268293
9423331.021270165,31846038.194780175,27804.487804878052,0.29442686319378,9423035.227664428,31845607.936046474,27316.707317073175,9423380.995205166,31846557.924557026,27316.707317073175,9423626.814875904,31846468.45351388,28292.26829268293,9423281.047335166,31845518.465003323,28292.26829268293
9423676.788810903,31846988.183290735,27804.487804878052,0.43714405096556824,9423380.995205166,31846557.924557026,27316.707317073175,9423726.762745902,31847507.913067583,27316.707317073175,9423972.582416642,31847418.44202444,28292.26829268293,9423626.814875904,31846468.45351388,28292.26829268293
9424022.55635164,31847938.171801288,27804.487804878052,0.43783251040372856,9423726.762745902,31847507.913067583,27316.707317073175,9424072.53028664,31848457.90157814,27316.707317073175,9424318.349957379,31848368.430534992,28292.26829268293,9423972.582416642,31847418.44202444,28292.26829268293
9424368.323892377,31848888.160311848,27804.487804878052,0.6250906389606206,9424072.53028664,31848457.90157814,27316.707317073175,9424418.297827378,31849407.890088696,27316.707317073175,9424664.117498117,31849318.41904555,28292.26829268293,9424318.349957379,31848368.430534992,28292.26829268293
9424714.091433115,31849838.148822404,27804.487804878052,0.6514108426410286,9424418.297827378,31849407.890088696,27316.707317073175,9424764.065368116,31850357.878599253,27316.707317073175,9425009.885038853,31850268.407556105,28292.26829268293,9424664.117498117,31849318.41904555,28292.26829268293
9425059.858973853,31850788.137332954,27804.487804878052,0.7362232961784042,9424764.065368116,31850357.878599253,27316.707317073175,9425109.832908852,31851307.86710981,27316.707317073175,9425355.652579593,31851218.396066662,28292.26829268293,9425009.885038853,31850268.407556105,28292.26829268293
9425405.626514591,31851738.125843517,27804.487804878052,0.5305713356469155,9425109.832908852,31851307.86710981,27316.707317073175,9425455.60044959,31852257.855620366,27316.707317073175,9425701.420120329,31852168.384577222,28292.26829268293,9425355.652579593,31851218.396066662,28292.26829268293
9425751.394055327,31852688.114354074,27804.487804878052,0.4910062246100541,9425455.60044959,31852257.855620366,27316.707317073175,9425801.367990326,31853207.844130926,27316.707317073175,9426047.187661067,31853118.37308778,28292.26829268293,9425701.420120329,31852168.384577222,28292.26829268293
9426097.161596065,31853638.102864627,27804.487804878052,0.1910108968761717,9425801.367990326,31853207.844130926,27316.707317073175,9426147.135531064,31854157.83264148,27316.707317073175,9426392.955201803,31854068.36159833,28292.26829268293,9426047.187661067,31853118.37308778,28292.26829268293
9426442.929136803,31854588.091375187,27804.487804878052,0.2327726324668644,9426147.135531064,31854157.83264148,27316.707317073175,9426492.903071804,31855107.821152035,27316.707317073175,9426738.72274254,31855018.35010889,28292.26829268293,9426392.955201803,31854068.36159833,28292.26829268293
9426788.69667754,31855538.079885744,27804.487804878052,0.40273591856106233,9426492.903071804,31855107.821152035,27316.707317073175,9426838.67061254,31856057.80966259,27316.707317073175,9427084.490283277,31855968.338619445,28292.26829268293,9426738.72274254,31855018.35010889,28292.26829268293
9427134.464218277,31856488.068396296,27804.487804878052,0.18802221782735418,9426838.67061254,31856057.80966259,27316.707317073175,9427184.438153278,31857007.79817315,27316.707317073175,9427430.257824017,31856918.32713,28292.26829268293,9427084.490283277,31855968.338619445,28292.26829268293
9427480.231759015,31857438.056906857,27804.487804878052,0.1940775006544099,9427184.438153278,31857007.79817315,27316.707317073175,9427530.205694014,31857957.786683705,27316.707317073175,9427776.025364755,31857868.31564056,28292.26829268293,9427430.257824017,31856918.32713,28292.26829268293
9427825.999299752,31858388.045417413,27804.487804878052,0.3424070031796366,9427530.205694014,31857957.786683705,27316.707317073175,9427875.973234752,31858907.77519426,27316.707317073175,9428121.79290549,31858818.304151114,28292.26829268293,9427776.025364755,31857868.31564056,28292.26829268293
9428171.76684049,31859338.033927966,27804.487804878052,0.18680334148380717,9427875.973234752,31858907.77519426,27316.707317073175,9428221.740775488,31859857.763704818,27316.707317073175,9428467.560446229,31859768.292661674,28292.26829268293,9428121.79290549,31858818.304151114,28292.26829268293
9428517.534381226,31860288.022438522,27804.487804878052,0.14347539845542337,9428221.740775488,31859857.763704818,27316.707317073175,9428567.508316226,31860807.752215374,27316.707317073175,9428813.327986965,31860718.281172227,28292.26829268293,9428467.560446229,31859768.292661674,28292.26829268293
9428863.301921964,31861238.010949075,27804.487804878052,0.10823747962649942,9428567.508316226,31860807.752215374,27316.707317073175,9428913.275856964,31861757.74072593,27316.707317073175,9429159.095527703,31861668.269682784,28292.26829268293,9428813.327986965,31860718.281172227,28292.26829268293
9429209.069462702,31862187.999459635,27804.487804878052,0.08875026700687456,9428913.275856964,31861757.74072593,27316.707317073175,9429259.043397702,31862707.729236487,27316.707317073175,9429504.863068439,31862618.25819334,28292.26829268293,9429159.095527703,31861668.269682784,28292.26829268293
9429554.83700344,31863137.987970192,27804.487804878052,0.34777896385893947,9429259.043397702,31862707.729236487,27316.707317073175,9429604.810938438,31863657.717747044,27316.707317073175,9429850.630609179,31863568.246703897,28292.26829268293,9429504.863068439,31862618.25819334,28292.26829268293
9429900.604544178,31864087.97648075,27804.487804878052,1.175732003031556,9429604.810938438,31863657.717747044,27316.707317073175,9429950.578479176,31864607.7062576,27316.707317073175,9430196.398149915,31864518.235214453,28292.26829268293,9429850.630609179,31863568.246703897,28292.26829268293
9430246.372084914,31865037.964991305,27804.487804878052,1.4261818988128723,9429950.578479176,31864607.7062576,27316.707317073175,9430296.346019914,31865557.694768157,27316.707317073175,9430542.165690653,31865468.223725013,28292.26829268293,9430196.398149915,31864518.235214453,28292.26829268293
9430592.139625652,31865987.95350186,27804.487804878052,1.9229919861214029,9430296.346019914,31865557.694768157,27316.707317073175,9430642.11356065,31866507.683278713,27316.707317073175,9430887.93323139,31866418.212235566,28292.26829268293,9430542.165690653,31865468.223725013,28292.26829268293
9430937.90716639,31866937.942012418,27804.487804878052,2.1862499281129857,9430642.11356065,31866507.683278713,27316.707317073175,9430987.88110139,31867457.67178927,27316.707317073175,9431233.700772127,31867368.200746126,28292.26829268293,9430887.93323139,31866418.212235566,28292.26829268293
9431283.674707128,31867887.930522975,27804.487804878052,1.8240789711495458,9430987.88110139,31867457.67178927,27316.707317073175,9431333.648642126,31868407.660299826,27316.707317073175,9431579.468312865,31868318.18925668,28292.26829268293,9431233.700772127,31867368.200746126,28292.26829268293
9431629.442247864,31868837.91903353,27804.487804878052,1.6412061206379769,9431333.648642126,31868407.660299826,27316.707317073175,9431679.416182864,31869357.648810383,27316.707317073175,9431925.235853603,31869268.177767236,28292.26829268293,9431579.468312865,31868318.18925668,28292.26829268293
9431975.209788602,31869787.907544088,27804.487804878052,1.4683398267808143,9431679.416182864,31869357.648810383,27316.707317073175,9432025.1837236,31870307.63732094,27316.707317073175,9432271.003394341,31870218.166277796,28292.26829268293,9431925.235853603,31869268.177767236,28292.26829268293
9432320.977329338,31870737.896054644,27804.487804878052,1.7687821010978657,9432025.1837236,31870307.63732094,27316.707317073175,9432370.951264339,31871257.6258315,27316.707317073175,9432616.770935077,31871168.15478835,28292.26829268293,9432271.003394341,31870218.166277796,28292.26829268293
9432666.744870076,31871687.884565204,27804.487804878052,1.387686564237449,9432370.951264339,31871257.6258315,27316.707317073175,9432716.718805075,31872207.614342052,27316.707317073175,9432962.538475815,31872118.143298905,28292.26829268293,9432616.770935077,31871168.15478835,28292.26829268293
9433012.512410812,31872637.873075757,27804.487804878052,0.7951746707378344,9432716.718805075,31872207.614342052,27316.707317073175,9433062.486345815,31873157.60285261,27316.707317073175,9433308.306016551,31873068.131809466,28292.26829268293,9432962.538475815,31872118.143298905,28292.26829268293
9433358.279951552,31873587.861586314,27804.487804878052,1.0434942841838206,9433062.486345815,31873157.60285261,27316.707317073175,9433408.25388655,31874107.591363166,27316.707317073175,9433654.07355729,31874018.12032002,28292.26829268293,9433308.306016551,31873068.131809466,28292.26829268293
9433704.04749229,31874537.850096874,27804.487804878052,1.3773534850735294,9433408.25388655,31874107.591363166,27316.707317073175,9433754.021427289,31875057.579873722,27316.707317073175,9433999.841098027,31874968.10883058,28292.26829268293,9433654.07355729,31874018.12032002,28292.26829268293
9434049.815033026,31875487.838607427,27804.487804878052,1.5428004020549253,9433754.021427289,31875057.579873722,27316.707317073175,9434099.788968025,31876007.56838428,27316.707317073175,9434345.608638765,31875918.09734113,28292.26829268293,9433999.841098027,31874968.10883058,28292.26829268293
9434395.582573764,31876437.82711798,27804.487804878052,1.5840828970281282,9434099.788968025,31876007.56838428,27316.707317073175,9434445.556508763,31876957.556894835,27316.707317073175,9434691.376179501,31876868.085851688,28292.26829268293,9434345.608638765,31875918.09734113,28292.26829268293
9434741.3501145,31877387.815628543,27804.487804878052,1.4384657322832306,9434445.556508763,31876957.556894835,27316.707317073175,9434791.3240495,31877907.54540539,27316.707317073175,9435037.14372024,31877818.07436225,28292.26829268293,9434691.376179501,31876868.085851688,28292.26829268293
9435087.11765524,31878337.804139096,27804.487804878052,1.1500420610852793,9434791.3240495,31877907.54540539,27316.707317073175,9435137.091590237,31878857.533915948,27316.707317073175,9435382.911260977,31878768.0628728,28292.26829268293,9435037.14372024,31877818.07436225,28292.26829268293
9435432.885195976,31879287.792649653,27804.487804878052,1.1096144489906148,9435137.091590237,31878857.533915948,27316.707317073175,9435482.859130977,31879807.522426505,27316.707317073175,9435728.678801714,31879718.051383357,28292.26829268293,9435382.911260977,31878768.0628728,28292.26829268293
9435778.652736714,31880237.781160206,27804.487804878052,1.2706877900163178,9435482.859130977,31879807.522426505,27316.707317073175,9435828.626671713,31880757.510937057,27316.707317073175,9436074.446342451,31880668.039893914,28292.26829268293,9435728.678801714,31879718.051383357,28292.26829268293
9436124.42027745,31881187.769670762,27804.487804878052,1.1139671748214244,9435828.626671713,31880757.510937057,27316.707317073175,9436174.39421245,31881707.499447618,27316.707317073175,9436420.21388319,31881618.02840447,28292.26829268293,9436074.446342451,31880668.039893914,28292.26829268293
9436470.187818188,31882137.758181322,27804.487804878052,0.8002373700199424,9436174.39421245,31881707.499447618,27316.707317073175,9436520.161753187,31882657.487958174,27316.707317073175,9436765.981423927,31882568.01691503,28292.26829268293,9436420.21388319,31881618.02840447,28292.26829268293
9436815.955358924,31883087.746691883,27804.487804878052,0.1624349539858055,9436520.161753187,31882657.487958174,27316.707317073175,9436865.929293925,31883607.476468734,27316.707317073175,9437111.748964664,31883518.005425587,28292.26829268293,9436765.981423927,31882568.01691503,28292.26829268293
9437161.722899662,31884037.735202435,27804.487804878052,0.10736190258823895,9436865.929293925,31883607.476468734,27316.707317073175,9437211.696834661,31884557.464979287,27316.707317073175,9437457.516505402,31884467.99393614,28292.26829268293,9437111.748964664,31883518.005425587,28292.26829268293
9437507.490440398,31884987.723712992,27804.487804878052,0.23150611395477633,9437211.696834661,31884557.464979287,27316.707317073175,9437557.4643754,31885507.453489844,27316.707317073175,9437803.284046138,31885417.9824467,28292.26829268293,9437457.516505402,31884467.99393614,28292.26829268293
9437853.257981138,31885937.712223545,27804.487804878052,0.33795251005309446,9437557.4643754,31885507.453489844,27316.707317073175,9437903.231916137,31886457.4420004,27316.707317073175,9438149.051586876,31886367.970957253,28292.26829268293,9437803.284046138,31885417.9824467,28292.26829268293
9438199.025521876,31886887.700734105,27804.487804878052,0.9066910303543008,9437903.231916137,31886457.4420004,27316.707317073175,9438248.999456875,31887407.430510957,27316.707317073175,9438494.819127614,31887317.95946781,28292.26829268293,9438149.051586876,31886367.970957253,28292.26829268293
9438544.793062612,31887837.68924466,27804.487804878052,0.9596437652963435,9438248.999456875,31887407.430510957,27316.707317073175,9438594.766997613,31888357.419021513,27316.707317073175,9438840.586668352,31888267.947978366,28292.26829268293,9438494.819127614,31887317.95946781,28292.26829268293
9438890.56060335,31888787.677755214,27804.487804878052,0.3655281948516563,9438594.766997613,31888357.419021513,27316.707317073175,9438940.53453835,31889307.40753207,27316.707317073175,9439186.354209088,31889217.936488923,28292.26829268293,9438840.586668352,31888267.947978366,28292.26829268293
9439236.328144087,31889737.666265775,27804.487804878052,0.13912079414016218,9438940.53453835,31889307.40753207,27316.707317073175,9439286.302079087,31890257.396042626,27316.707317073175,9439532.121749826,31890167.924999483,28292.26829268293,9439186.354209088,31889217.936488923,28292.26829268293
9439582.095684826,31890687.65477633,27804.487804878052,0.04020638343832084,9439286.302079087,31890257.396042626,27316.707317073175,9439632.069619825,31891207.384553187,27316.707317073175,9439877.889290564,31891117.91351004,28292.26829268293,9439532.121749826,31890167.924999483,28292.26829268293
9439927.863225562,31891637.643286884,27804.487804878052,0.01590625592215748,9439632.069619825,31891207.384553187,27316.707317073175,9439977.837160563,31892157.37306374,27316.707317073175,9440223.6568313,31892067.902020592,28292.26829268293,9439877.889290564,31891117.91351004,28292.26829268293
9440273.6307663,31892587.631797444,27804.487804878052,0.050352786098123214,9439977.837160563,31892157.37306374,27316.707317073175,9440323.6047013,31893107.361574296,27316.707317073175,9440569.42437204,31893017.890531152,28292.26829268293,9440223.6568313,31892067.902020592,28292.26829268293
9440619.398307037,31893537.620308,27804.487804878052,0.05648330422000413,9440323.6047013,31893107.361574296,27316.707317073175,9440669.372242037,31894057.350084852,27316.707317073175,9440915.191912776,31893967.879041705,28292.26829268293,9440569.42437204,31893017.890531152,28292.26829268293
9440965.165847775,31894487.608818557,27804.487804878052,0.009896677151049532,9440669.372242037,31894057.350084852,27316.707317073175,9441015.139782773,31895007.33859541,27316.707317073175,9441260.959453514,31894917.86755226,28292.26829268293,9440915.191912776,31893967.879041705,28292.26829268293
9420810.700615004,31838348.81565258,28780.04878048781,0.23739883976886217,9420514.907009266,31837918.55691887,28292.26829268293,9420860.674550004,31838868.545429427,28292.26829268293,9421106.494220743,31838779.074386284,29267.829268292688,9420760.726680007,31837829.085875724,29267.829268292688
9421156.468155744,31839298.804163132,28780.04878048781,0.6522746963531323,9420860.674550004,31838868.545429427,28292.26829268293,9421206.442090742,31839818.533939987,28292.26829268293,9421452.261761481,31839729.06289684,29267.829268292688,9421106.494220743,31838779.074386284,29267.829268292688
9421502.23569648,31840248.792673692,28780.04878048781,0.5439616143197681,9421206.442090742,31839818.533939987,28292.26829268293,9421552.20963148,31840768.52245054,28292.26829268293,9421798.029302217,31840679.051407393,29267.829268292688,9421452.261761481,31839729.06289684,29267.829268292688
9421848.003237218,31841198.78118425,28780.04878048781,0.6842383278329212,9421552.20963148,31840768.52245054,28292.26829268293,9421897.977172216,31841718.510961097,28292.26829268293,9422143.796842955,31841629.039917953,29267.829268292688,9421798.029302217,31840679.051407393,29267.829268292688
9422193.770777954,31842148.7696948,28780.04878048781,0.24712286758387936,9421897.977172216,31841718.510961097,28292.26829268293,9422243.744712954,31842668.499471653,28292.26829268293,9422489.564383691,31842579.028428506,29267.829268292688,9422143.796842955,31841629.039917953,29267.829268292688
9422539.538318692,31843098.75820536,28780.04878048781,0.1250498755566298,9422243.744712954,31842668.499471653,28292.26829268293,9422589.51225369,31843618.48798221,28292.26829268293,9422835.331924431,31843529.016939066,29267.829268292688,9422489.564383691,31842579.028428506,29267.829268292688
9422885.305859428,31844048.74671592,28780.04878048781,0.3729826946083022,9422589.51225369,31843618.48798221,28292.26829268293,9422935.279794428,31844568.47649277,28292.26829268293,9423181.099465167,31844479.005449623,29267.829268292688,9422835.331924431,31843529.016939066,29267.829268292688
9423231.073400166,31844998.73522647,28780.04878048781,0.4862593154605738,9422935.279794428,31844568.47649277,28292.26829268293,9423281.047335166,31845518.465003323,28292.26829268293,9423526.867005905,31845428.993960176,29267.829268292688,9423181.099465167,31844479.005449623,29267.829268292688
9423576.840940904,31845948.72373703,28780.04878048781,0.8818711604247136,9423281.047335166,31845518.465003323,28292.26829268293,9423626.814875904,31846468.45351388,28292.26829268293,9423872.634546641,31846378.982470736,29267.829268292688,9423526.867005905,31845428.993960176,29267.829268292688
9423922.608481642,31846898.712247588,28780.04878048781,1.0140643934387827,9423626.814875904,31846468.45351388,28292.26829268293,9423972.582416642,31847418.44202444,28292.26829268293,9424218.402087381,31847328.970981292,29267.829268292688,9423872.634546641,31846378.982470736,29267.829268292688
9424268.376022382,31847848.700758144,28780.04878048781,0.5499337745160521,9423972.582416642,31847418.44202444,28292.26829268293,9424318.349957379,31848368.430534992,28292.26829268293,9424564.16962812,31848278.959491845,29267.829268292688,9424218.402087381,31847328.970981292,29267.829268292688
9424614.143563116,31848798.6892687,28780.04878048781,0.8414749741836882,9424318.349957379,31848368.430534992,28292.26829268293,9424664.117498117,31849318.41904555,28292.26829268293,9424909.937168855,31849228.948002405,29267.829268292688,9424564.16962812,31848278.959491845,29267.829268292688
9424959.911103856,31849748.677779257,28780.04878048781,1.0645391401160533,9424664.117498117,31849318.41904555,28292.26829268293,9425009.885038853,31850268.407556105,28292.26829268293,9425255.704709593,31850178.93651296,29267.829268292688,9424909.937168855,31849228.948002405,29267.829268292688
9425305.678644592,31850698.66628981,28780.04878048781,1.110886003691611,9425009.885038853,31850268.407556105,28292.26829268293,9425355.652579593,31851218.396066662,28292.26829268293,9425601.47225033,31851128.92502352,29267.829268292688,9425255.704709593,31850178.93651296,29267.829268292688
9425651.44618533,31851648.65480037,28780.04878048781,1.1782058655673135,9425355.652579593,31851218.396066662,28292.26829268293,9425701.420120329,31852168.384577222,28292.26829268293,9425947.239791067,31852078.913534075,29267.829268292688,9425601.47225033,31851128.92502352,29267.829268292688
9425997.213726066,31852598.643310927,28780.04878048781,1.2269274068770095,9425701.420120329,31852168.384577222,28292.26829268293,9426047.187661067,31853118.37308778,28292.26829268293,9426293.007331805,31853028.90204463,29267.829268292688,9425947.239791067,31852078.913534075,29267.829268292688
9426342.981266804,31853548.631821483,28780.04878048781,0.6994228571375409,9426047.187661067,31853118.37308778,28292.26829268293,9426392.955201803,31854068.36159833,28292.26829268293,9426638.774872543,31853978.890555188,29267.829268292688,9426293.007331805,31853028.90204463,29267.829268292688
9426688.74880754,31854498.62033204,28780.04878048781,0.5873889770325005,9426392.955201803,31854068.36159833,28292.26829268293,9426738.72274254,31855018.35010889,28292.26829268293,9426984.54241328,31854928.879065745,29267.829268292688,9426638.774872543,31853978.890555188,29267.829268292688
9427034.516348278,31855448.6088426,28780.04878048781,0.5036179801725612,9426738.72274254,31855018.35010889,28292.26829268293,9427084.490283277,31855968.338619445,28292.26829268293,9427330.309954017,31855878.867576297,29267.829268292688,9426984.54241328,31854928.879065745,29267.829268292688
9427380.283889014,31856398.59735315,28780.04878048781,0.5350169909352636,9427084.490283277,31855968.338619445,28292.26829268293,9427430.257824017,31856918.32713,28292.26829268293,9427676.077494754,31856828.856086858,29267.829268292688,9427330.309954017,31855878.867576297,29267.829268292688
9427726.051429754,31857348.58586371,28780.04878048781,0.9376362517297085,9427430.257824017,31856918.32713,28292.26829268293,9427776.025364755,31857868.31564056,28292.26829268293,9428021.845035492,31857778.84459741,29267.829268292688,9427676.077494754,31856828.856086858,29267.829268292688
9428071.818970492,31858298.57437427,28780.04878048781,0.4525915720057109,9427776.025364755,31857868.31564056,28292.26829268293,9428121.79290549,31858818.304151114,28292.26829268293,9428367.612576228,31858728.83310797,29267.829268292688,9428021.845035492,31857778.84459741,29267.829268292688
9428417.586511228,31859248.56288482,28780.04878048781,0.21774895148968304,9428121.79290549,31858818.304151114,28292.26829268293,9428467.560446229,31859768.292661674,28292.26829268293,9428713.380116967,31859678.821618527,29267.829268292688,9428367.612576228,31858728.83310797,29267.829268292688
9428763.354051968,31860198.551395375,28780.04878048781,0.4042004406180596,9428467.560446229,31859768.292661674,28292.26829268293,9428813.327986965,31860718.281172227,28292.26829268293,9429059.147657705,31860628.81012908,29267.829268292688,9428713.380116967,31859678.821618527,29267.829268292688
9429109.121592702,31861148.53990593,28780.04878048781,0.3182064501913373,9428813.327986965,31860718.281172227,28292.26829268293,9429159.095527703,31861668.269682784,28292.26829268293,9429404.915198442,31861578.79863964,29267.829268292688,9429059.147657705,31860628.81012908,29267.829268292688
9429454.889133442,31862098.52841649,28780.04878048781,0.34112497080497617,9429159.095527703,31861668.269682784,28292.26829268293,9429504.863068439,31862618.25819334,28292.26829268293,9429750.68273918,31862528.787150193,29267.829268292688,9429404.915198442,31861578.79863964,29267.829268292688
9429800.656674178,31863048.51692705,28780.04878048781,0.511025503638652,9429504.863068439,31862618.25819334,28292.26829268293,9429850.630609179,31863568.246703897,28292.26829268293,9430096.450279916,31863478.77566075,29267.829268292688,9429750.68273918,31862528.787150193,29267.829268292688
9430146.424214916,31863998.5054376,28780.04878048781,0.8992734124223796,9429850.630609179,31863568.246703897,28292.26829268293,9430196.398149915,31864518.235214453,28292.26829268293,9430442.217820654,31864428.76417131,29267.829268292688,9430096.450279916,31863478.77566075,29267.829268292688
9430492.191755652,31864948.493948158,28780.04878048781,1.3353848185493864,9430196.398149915,31864518.235214453,28292.26829268293,9430542.165690653,31865468.223725013,28292.26829268293,9430787.985361392,31865378.752681866,29267.829268292688,9430442.217820654,31864428.76417131,29267.829268292688
9430837.95929639,31865898.482458718,28780.04878048781,1.6425184712578307,9430542.165690653,31865468.223725013,28292.26829268293,9430887.93323139,31866418.212235566,28292.26829268293,9431133.75290213,31866328.741192423,29267.829268292688,9430787.985361392,31865378.752681866,29267.829268292688
9431183.726837127,31866848.47096927,28780.04878048781,2.057940873905751,9430887.93323139,31866418.212235566,28292.26829268293,9431233.700772127,31867368.200746126,28292.26829268293,9431479.520442866,31867278.72970298,29267.829268292688,9431133.75290213,31866328.741192423,29267.829268292688
9431529.494377865,31867798.459479827,28780.04878048781,2.644857037949531,9431233.700772127,31867368.200746126,28292.26829268293,9431579.468312865,31868318.18925668,28292.26829268293,9431825.287983604,31868228.718213532,29267.829268292688,9431479.520442866,31867278.72970298,29267.829268292688
9431875.261918603,31868748.447990388,28780.04878048781,2.5990577753471866,9431579.468312865,31868318.18925668,28292.26829268293,9431925.235853603,31869268.177767236,28292.26829268293,9432171.05552434,31869178.706724092,29267.829268292688,9431825.287983604,31868228.718213532,29267.829268292688
9432221.02945934,31869698.43650094,28780.04878048781,2.110608145134531,9431925.235853603,31869268.177767236,28292.26829268293,9432271.003394341,31870218.166277796,28292.26829268293,9432516.823065078,31870128.69523465,29267.829268292688,9432171.05552434,31869178.706724092,29267.829268292688
9432566.79700008,31870648.4250115,28780.04878048781,2.233177619294296,9432271.003394341,31870218.166277796,28292.26829268293,9432616.770935077,31871168.15478835,28292.26829268293,9432862.590605818,31871078.6837452,29267.829268292688,9432516.823065078,31870128.69523465,29267.829268292688
9432912.564540815,31871598.413522057,28780.04878048781,1.5909694581423508,9432616.770935077,31871168.15478835,28292.26829268293,9432962.538475815,31872118.143298905,28292.26829268293,9433208.358146554,31872028.672255762,29267.829268292688,9432862.590605818,31871078.6837452,29267.829268292688
9433258.332081554,31872548.40203261,28780.04878048781,1.0856166810894208,9432962.538475815,31872118.143298905,28292.26829268293,9433308.306016551,31873068.131809466,28292.26829268293,9433554.125687292,31872978.66076632,29267.829268292688,9433208.358146554,31872028.672255762,29267.829268292688
9433604.099622289,31873498.39054317,28780.04878048781,1.1280019532194503,9433308.306016551,31873068.131809466,28292.26829268293,9433654.07355729,31874018.12032002,28292.26829268293,9433899.893228028,31873928.649276875,29267.829268292688,9433554.125687292,31872978.66076632,29267.829268292688
9433949.867163029,31874448.379053727,28780.04878048781,1.2418745818038968,9433654.07355729,31874018.12032002,28292.26829268293,9433999.841098027,31874968.10883058,28292.26829268293,9434245.660768766,31874878.63778743,29267.829268292688,9433899.893228028,31873928.649276875,29267.829268292688
9434295.634703765,31875398.36756428,28780.04878048781,1.4370676228427057,9433999.841098027,31874968.10883058,28292.26829268293,9434345.608638765,31875918.09734113,28292.26829268293,9434591.428309502,31875828.626297984,29267.829268292688,9434245.660768766,31874878.63778743,29267.829268292688
9434641.402244503,31876348.356074836,28780.04878048781,1.1737105860099755,9434345.608638765,31875918.09734113,28292.26829268293,9434691.376179501,31876868.085851688,28292.26829268293,9434937.195850242,31876778.614808545,29267.829268292688,9434591.428309502,31875828.626297984,29267.829268292688
9434987.169785239,31877298.344585396,28780.04878048781,0.9221737919752621,9434691.376179501,31876868.085851688,28292.26829268293,9435037.14372024,31877818.07436225,28292.26829268293,9435282.963390978,31877728.6033191,29267.829268292688,9434937.195850242,31876778.614808545,29267.829268292688
9435332.937325977,31878248.333095953,28780.04878048781,1.0862844607117694,9435037.14372024,31877818.07436225,28292.26829268293,9435382.911260977,31878768.0628728,28292.26829268293,9435628.730931716,31878678.591829654,29267.829268292688,9435282.963390978,31877728.6033191,29267.829268292688
9435678.704866713,31879198.321606506,28780.04878048781,0.9196695520411651,9435382.911260977,31878768.0628728,28292.26829268293,9435728.678801714,31879718.051383357,28292.26829268293,9435974.498472452,31879628.580340214,29267.829268292688,9435628.730931716,31878678.591829654,29267.829268292688
9436024.47240745,31880148.31011706,28780.04878048781,0.9617334381265426,9435728.678801714,31879718.051383357,28292.26829268293,9436074.446342451,31880668.039893914,28292.26829268293,9436320.26601319,31880578.568850767,29267.829268292688,9435974.498472452,31879628.580340214,29267.829268292688
9436370.239948189,31881098.29862762,28780.04878048781,0.8698834843562353,9436074.446342451,31880668.039893914,28292.26829268293,9436420.21388319,31881618.02840447,28292.26829268293,9436666.033553928,31881528.557361327,29267.829268292688,9436320.26601319,31880578.568850767,29267.829268292688
9436716.007488927,31882048.287138175,28780.04878048781,0.3118546546867734,9436420.21388319,31881618.02840447,28292.26829268293,9436765.981423927,31882568.01691503,28292.26829268293,9437011.801094664,31882478.545871884,29267.829268292688,9436666.033553928,31881528.557361327,29267.829268292688
9437061.775029667,31882998.275648735,28780.04878048781,0.1847438246729738,9436765.981423927,31882568.01691503,28292.26829268293,9437111.748964664,31883518.005425587,28292.26829268293,9437357.568635404,31883428.534382436,29267.829268292688,9437011.801094664,31882478.545871884,29267.829268292688
9437407.542570401,31883948.26415929,28780.04878048781,0.16110326780758003,9437111.748964664,31883518.005425587,28292.26829268293,9437457.516505402,31884467.99393614,28292.26829268293,9437703.33617614,31884378.522892997,29267.829268292688,9437357.568635404,31883428.534382436,29267.829268292688
9437753.31011114,31884898.252669845,28780.04878048781,0.5367109982990443,9437457.516505402,31884467.99393614,28292.26829268293,9437803.284046138,31885417.9824467,28292.26829268293,9438049.103716878,31885328.511403553,29267.829268292688,9437703.33617614,31884378.522892997,29267.829268292688
9438099.077651875,31885848.2411804,28780.04878048781,1.2407980253849815,9437803.284046138,31885417.9824467,28292.26829268293,9438149.051586876,31886367.970957253,28292.26829268293,9438394.871257614,31886278.499914106,29267.829268292688,9438049.103716878,31885328.511403553,29267.829268292688
9438444.845192615,31886798.229690958,28780.04878048781,1.355722718722459,9438149.051586876,31886367.970957253,28292.26829268293,9438494.819127614,31887317.95946781,28292.26829268293,9438740.638798352,31887228.488424666,29267.829268292688,9438394.871257614,31886278.499914106,29267.829268292688
9438790.612733351,31887748.218201514,28780.04878048781,0.9199970578932274,9438494.819127614,31887317.95946781,28292.26829268293,9438840.586668352,31888267.947978366,28292.26829268293,9439086.406339088,31888178.47693522,29267.829268292688,9438740.638798352,31887228.488424666,29267.829268292688
9439136.380274089,31888698.20671207,28780.04878048781,0.2928992128447147,9438840.586668352,31888267.947978366,28292.26829268293,9439186.354209088,31889217.936488923,28292.26829268293,9439432.173879828,31889128.46544578,29267.829268292688,9439086.406339088,31888178.47693522,29267.829268292688
9439482.147814825,31889648.195222627,28780.04878048781,0.0992083203565907,9439186.354209088,31889217.936488923,28292.26829268293,9439532.121749826,31890167.924999483,28292.26829268293,9439777.941420564,31890078.453956336,29267.829268292688,9439432.173879828,31889128.46544578,29267.829268292688
9439827.915355563,31890598.183733184,28780.04878048781,0.0487758109814591,9439532.121749826,31890167.924999483,28292.26829268293,9439877.889290564,31891117.91351004,28292.26829268293,9440123.708961302,31891028.442466892,29267.829268292688,9439777.941420564,31890078.453956336,29267.829268292688
9440173.682896301,31891548.17224374,28780.04878048781,0.030451398334803606,9439877.889290564,31891117.91351004,28292.26829268293,9440223.6568313,31892067.902020592,28292.26829268293,9440469.476502039,31891978.43097745,29267.829268292688,9440123.708961302,31891028.442466892,29267.829268292688
9440519.450437037,31892498.160754297,28780.04878048781,0.024271424920453664,9440223.6568313,31892067.902020592,28292.26829268293,9440569.42437204,31893017.890531152,28292.26829268293,9440815.244042777,31892928.419488005,29267.829268292688,9440469.476502039,31891978.43097745,29267.829268292688
9440865.217977777,31893448.149264857,28780.04878048781,0.006731579731311542,9440569.42437204,31893017.890531152,28292.26829268293,9440915.191912776,31893967.879041705,28292.26829268293,9441161.011583515,31893878.407998558,29267.829268292688,9440815.244042777,31892928.419488005,29267.829268292688
9441210.985518513,31894398.13777541,28780.04878048781,0.003443378823212619,9440915.191912776,31893967.879041705,28292.26829268293,9441260.959453514,31894917.86755226,28292.26829268293,9441506.779124252,31894828.39650912,29267.829268292688,9441161.011583515,31893878.407998558,29267.829268292688
9421056.520285744,31838259.344609432,29755.60975609756,0.1752983163976,9420760.726680007,31837829.085875724,29267.829268292688,9421106.494220743,31838779.074386284,29267.829268292688,9421352.31389148,31838689.603343137,30243.390243902442,9421006.546350744,31837739.61483258,30243.390243902442
9421402.28782648,31839209.33311999,29755.60975609756,0.5570785446908653,9421106.494220743,31838779.074386284,29267.829268292688,9421452.261761481,31839729.06289684,29267.829268292688,9421698.08143222,31839639.591853693,30243.390243902442,9421352.31389148,31838689.603343137,30243.390243902442
9421748.055367218,31840159.321630545,29755.60975609756,0.761013796895677,9421452.261761481,31839729.06289684,29267.829268292688,9421798.029302217,31840679.051407393,29267.829268292688,9422043.848972958,31840589.58036425,30243.390243902442,9421698.08143222,31839639.591853693,30243.390243902442
9422093.822907954,31841109.3101411,29755.60975609756,0.5150366016770175,9421798.029302217,31840679.051407393,29267.829268292688,9422143.796842955,31841629.039917953,29267.829268292688,9422389.616513694,31841539.568874806,30243.390243902442,9422043.848972958,31840589.58036425,30243.390243902442
9422439.590448692,31842059.298651658,29755.60975609756,0.3658158798603049,9422143.796842955,31841629.039917953,29267.829268292688,9422489.564383691,31842579.028428506,29267.829268292688,9422735.384054432,31842489.557385363,30243.390243902442,9422389.616513694,31841539.568874806,30243.390243902442
9422785.357989429,31843009.287162215,29755.60975609756,0.21462466117330328,9422489.564383691,31842579.028428506,29267.829268292688,9422835.331924431,31843529.016939066,29267.829268292688,9423081.151595168,31843439.54589592,30243.390243902442,9422735.384054432,31842489.557385363,30243.390243902442
9423131.125530168,31843959.27567277,29755.60975609756,0.7088433618498958,9422835.331924431,31843529.016939066,29267.829268292688,9423181.099465167,31844479.005449623,29267.829268292688,9423426.919135906,31844389.534406476,30243.390243902442,9423081.151595168,31843439.54589592,30243.390243902442
9423476.893070905,31844909.264183328,29755.60975609756,0.6003669334827245,9423181.099465167,31844479.005449623,29267.829268292688,9423526.867005905,31845428.993960176,29267.829268292688,9423772.686676644,31845339.522917032,30243.390243902442,9423426.919135906,31844389.534406476,30243.390243902442
9423822.660611644,31845859.252693884,29755.60975609756,0.5302844223132795,9423526.867005905,31845428.993960176,29267.829268292688,9423872.634546641,31846378.982470736,29267.829268292688,9424118.454217382,31846289.51142759,30243.390243902442,9423772.686676644,31845339.522917032,30243.390243902442
9424168.42815238,31846809.241204444,29755.60975609756,0.5131244168067403,9423872.634546641,31846378.982470736,29267.829268292688,9424218.402087381,31847328.970981292,29267.829268292688,9424464.221758118,31847239.499938145,30243.390243902442,9424118.454217382,31846289.51142759,30243.390243902442
9424514.195693118,31847759.229714997,29755.60975609756,0.5036520112848618,9424218.402087381,31847328.970981292,29267.829268292688,9424564.16962812,31848278.959491845,29267.829268292688,9424809.989298856,31848189.4884487,30243.390243902442,9424464.221758118,31847239.499938145,30243.390243902442
9424859.963233855,31848709.218225554,29755.60975609756,1.1932892769047438,9424564.16962812,31848278.959491845,29267.829268292688,9424909.937168855,31849228.948002405,29267.829268292688,9425155.756839592,31849139.47695926,30243.390243902442,9424809.989298856,31848189.4884487,30243.390243902442
9425205.730774593,31849659.206736114,29755.60975609756,1.2479637322966552,9424909.937168855,31849228.948002405,29267.829268292688,9425255.704709593,31850178.93651296,29267.829268292688,9425501.52438033,31850089.465469815,30243.390243902442,9425155.756839592,31849139.47695926,30243.390243902442
9425551.49831533,31850609.195246663,29755.60975609756,1.2042716002270888,9425255.704709593,31850178.93651296,29267.829268292688,9425601.47225033,31851128.92502352,29267.829268292688,9425847.29192107,31851039.45398037,30243.390243902442,9425501.52438033,31850089.465469815,30243.390243902442
9425897.265856067,31851559.183757223,29755.60975609756,1.3805303275041587,9425601.47225033,31851128.92502352,29267.829268292688,9425947.239791067,31852078.913534075,29267.829268292688,9426193.059461806,31851989.442490928,30243.390243902442,9425847.29192107,31851039.45398037,30243.390243902442
9426243.033396805,31852509.172267783,29755.60975609756,1.1645198415514175,9425947.239791067,31852078.913534075,29267.829268292688,9426293.007331805,31853028.90204463,29267.829268292688,9426538.827002544,31852939.431001484,30243.390243902442,9426193.059461806,31851989.442490928,30243.390243902442
9426588.800937543,31853459.160778333,29755.60975609756,0.3317534655882403,9426293.007331805,31853028.90204463,29267.829268292688,9426638.774872543,31853978.890555188,29267.829268292688,9426884.59454328,31853889.41951204,30243.390243902442,9426538.827002544,31852939.431001484,30243.390243902442
9426934.56847828,31854409.149288896,29755.60975609756,0.5035272131374485,9426638.774872543,31853978.890555188,29267.829268292688,9426984.54241328,31854928.879065745,29267.829268292688,9427230.362084018,31854839.408022597,30243.390243902442,9426884.59454328,31853889.41951204,30243.390243902442
9427280.336019017,31855359.137799453,29755.60975609756,0.36906319357663053,9426984.54241328,31854928.879065745,29267.829268292688,9427330.309954017,31855878.867576297,29267.829268292688,9427576.129624754,31855789.396533154,30243.390243902442,9427230.362084018,31854839.408022597,30243.390243902442
9427626.103559757,31856309.126310002,29755.60975609756,0.4994472497839797,9427330.309954017,31855878.867576297,29267.829268292688,9427676.077494754,31856828.856086858,29267.829268292688,9427921.897165494,31856739.38504371,30243.390243902442,9427576.129624754,31855789.396533154,30243.390243902442
9427971.87110049,31857259.114820562,29755.60975609756,0.9076189271155284,9427676.077494754,31856828.856086858,29267.829268292688,9428021.845035492,31857778.84459741,29267.829268292688,9428267.66470623,31857689.373554267,30243.390243902442,9427921.897165494,31856739.38504371,30243.390243902442
9428317.63864123,31858209.103331115,29755.60975609756,0.84861056676115,9428021.845035492,31857778.84459741,29267.829268292688,9428367.612576228,31858728.83310797,29267.829268292688,9428613.432246968,31858639.362064824,30243.390243902442,9428267.66470623,31857689.373554267,30243.390243902442
9428663.406181967,31859159.09184167,29755.60975609756,0.8142067824959883,9428367.612576228,31858728.83310797,29267.829268292688,9428713.380116967,31859678.821618527,29267.829268292688,9428959.199787704,31859589.35057538,30243.390243902442,9428613.432246968,31858639.362064824,30243.390243902442
9429009.173722705,31860109.08035223,29755.60975609756,0.5539313068389021,9428713.380116967,31859678.821618527,29267.829268292688,9429059.147657705,31860628.81012908,29267.829268292688,9429304.967328442,31860539.339085937,30243.390243902442,9428959.199787704,31859589.35057538,30243.390243902442
9429354.941263443,31861059.068862785,29755.60975609756,0.9439305431261605,9429059.147657705,31860628.81012908,29267.829268292688,9429404.915198442,31861578.79863964,29267.829268292688,9429650.73486918,31861489.327596493,30243.390243902442,9429304.967328442,31860539.339085937,30243.390243902442
9429700.708804179,31862009.057373345,29755.60975609756,1.1603553979852497,9429404.915198442,31861578.79863964,29267.829268292688,9429750.68273918,31862528.787150193,29267.829268292688,9429996.502409916,31862439.316107046,30243.390243902442,9429650.73486918,31861489.327596493,30243.390243902442
9430046.476344917,31862959.0458839,29755.60975609756,0.9665855997365498,9429750.68273918,31862528.787150193,29267.829268292688,9430096.450279916,31863478.77566075,29267.829268292688,9430342.269950656,31863389.304617606,30243.390243902442,9429996.502409916,31862439.316107046,30243.390243902442
9430392.243885653,31863909.034394454,29755.60975609756,1.3122162241208364,9430096.450279916,31863478.77566075,29267.829268292688,9430442.217820654,31864428.76417131,29267.829268292688,9430688.037491392,31864339.293128163,30243.390243902442,9430342.269950656,31863389.304617606,30243.390243902442
9430738.011426391,31864859.022905014,29755.60975609756,1.6525867152980507,9430442.217820654,31864428.76417131,29267.829268292688,9430787.985361392,31865378.752681866,29267.829268292688,9431033.80503213,31865289.281638723,30243.390243902442,9430688.037491392,31864339.293128163,30243.390243902442
9431083.778967129,31865809.01141557,29755.60975609756,2.1208713280653853,9430787.985361392,31865378.752681866,29267.829268292688,9431133.75290213,31866328.741192423,29267.829268292688,9431379.572572866,31866239.270149276,30243.390243902442,9431033.80503213,31865289.281638723,30243.390243902442
9431429.546507867,31866758.999926124,29755.60975609756,1.921573166712133,9431133.75290213,31866328.741192423,29267.829268292688,9431479.520442866,31867278.72970298,29267.829268292688,9431725.340113604,31867189.258659832,30243.390243902442,9431379.572572866,31866239.270149276,30243.390243902442
9431775.314048603,31867708.988436684,29755.60975609756,2.3264389320680365,9431479.520442866,31867278.72970298,29267.829268292688,9431825.287983604,31868228.718213532,29267.829268292688,9432071.10765434,31868139.24717039,30243.390243902442,9431725.340113604,31867189.258659832,30243.390243902442
9432121.081589343,31868658.97694724,29755.60975609756,2.3707145085278145,9431825.287983604,31868228.718213532,29267.829268292688,9432171.05552434,31869178.706724092,29267.829268292688,9432416.87519508,31869089.235680945,30243.390243902442,9432071.10765434,31868139.24717039,30243.390243902442
9432466.849130077,31869608.965457797,29755.60975609756,2.1775721809034083,9432171.05552434,31869178.706724092,29267.829268292688,9432516.823065078,31870128.69523465,29267.829268292688,9432762.642735817,31870039.224191498,30243.390243902442,9432416.87519508,31869089.235680945,30243.390243902442
9432812.616670817,31870558.953968354,29755.60975609756,2.0799695248928023,9432516.823065078,31870128.69523465,29267.829268292688,9432862.590605818,31871078.6837452,29267.829268292688,9433108.410276555,31870989.21270206,30243.390243902442,9432762.642735817,31870039.224191498,30243.390243902442
9433158.384211555,31871508.94247891,29755.60975609756,1.8908643022005838,9432862.590605818,31871078.6837452,29267.829268292688,9433208.358146554,31872028.672255762,29267.829268292688,9433454.17781729,31871939.201212615,30243.390243902442,9433108.410276555,31870989.21270206,30243.390243902442
9433504.151752291,31872458.930989467,29755.60975609756,1.780726170661565,9433208.358146554,31872028.672255762,29267.829268292688,9433554.125687292,31872978.66076632,29267.829268292688,9433799.94535803,31872889.189723175,30243.390243902442,9433454.17781729,31871939.201212615,30243.390243902442
9433849.91929303,31873408.919500023,29755.60975609756,1.7376750100100233,9433554.125687292,31872978.66076632,29267.829268292688,9433899.893228028,31873928.649276875,29267.829268292688,9434145.712898767,31873839.178233728,30243.390243902442,9433799.94535803,31872889.189723175,30243.390243902442
9434195.686833765,31874358.90801058,29755.60975609756,1.683473822177033,9433899.893228028,31873928.649276875,29267.829268292688,9434245.660768766,31874878.63778743,29267.829268292688,9434491.480439505,31874789.166744284,30243.390243902442,9434145.712898767,31873839.178233728,30243.390243902442
9434541.454374503,31875308.896521136,29755.60975609756,1.1595778636731202,9434245.660768766,31874878.63778743,29267.829268292688,9434591.428309502,31875828.626297984,29267.829268292688,9434837.247980243,31875739.15525484,30243.390243902442,9434491.480439505,31874789.166744284,30243.390243902442
9434887.22191524,31876258.88503169,29755.60975609756,1.1509366761752498,9434591.428309502,31875828.626297984,29267.829268292688,9434937.195850242,31876778.614808545,29267.829268292688,9435183.015520979,31876689.143765397,30243.390243902442,9434837.247980243,31875739.15525484,30243.390243902442
9435232.98945598,31877208.873542253,29755.60975609756,1.2008600963069334,9434937.195850242,31876778.614808545,29267.829268292688,9435282.963390978,31877728.6033191,29267.829268292688,9435528.783061717,31877639.132275954,30243.390243902442,9435183.015520979,31876689.143765397,30243.390243902442
9435578.756996715,31878158.862052806,29755.60975609756,0.7386226580894669,9435282.963390978,31877728.6033191,29267.829268292688,9435628.730931716,31878678.591829654,29267.829268292688,9435874.550602453,31878589.12078651,30243.390243902442,9435528.783061717,31877639.132275954,30243.390243902442
9435924.524537455,31879108.85056336,29755.60975609756,1.1596107822848043,9435628.730931716,31878678.591829654,29267.829268292688,9435974.498472452,31879628.580340214,29267.829268292688,9436220.318143193,31879539.109297067,30243.390243902442,9435874.550602453,31878589.12078651,30243.390243902442
9436270.29207819,31880058.839073915,29755.60975609756,1.4391284554113593,9435974.498472452,31879628.580340214,29267.829268292688,9436320.26601319,31880578.568850767,29267.829268292688,9436566.085683929,31880489.097807623,30243.390243902442,9436220.318143193,31879539.109297067,30243.390243902442
9436616.05961893,31881008.82758447,29755.60975609756,0.9227841345582626,9436320.26601319,31880578.568850767,29267.829268292688,9436666.033553928,31881528.557361327,29267.829268292688,9436911.853224667,31881439.08631818,30243.390243902442,9436566.085683929,31880489.097807623,30243.390243902442
9436961.827159666,31881958.816095028,29755.60975609756,0.4687725147430262,9436666.033553928,31881528.557361327,29267.829268292688,9437011.801094664,31882478.545871884,29267.829268292688,9437257.620765403,31882389.074828736,30243.390243902442,9436911.853224667,31881439.08631818,30243.390243902442
9437307.594700404,31882908.804605585,29755.60975609756,1.031708769725237,9437011.801094664,31882478.545871884,29267.829268292688,9437357.568635404,31883428.534382436,29267.829268292688,9437603.38830614,31883339.063339293,30243.390243902442,9437257.620765403,31882389.074828736,30243.390243902442
9437653.362241141,31883858.79311614,29755.60975609756,1.1887267274386095,9437357.568635404,31883428.534382436,29267.829268292688,9437703.33617614,31884378.522892997,29267.829268292688,9437949.155846879,31884289.05184985,30243.390243902442,9437603.38830614,31883339.063339293,30243.390243902442
9437999.129781878,31884808.7816267,29755.60975609756,1.198088449934563,9437703.33617614,31884378.522892997,29267.829268292688,9438049.103716878,31885328.511403553,29267.829268292688,9438294.923387617,31885239.040360406,30243.390243902442,9437949.155846879,31884289.05184985,30243.390243902442
9438344.897322616,31885758.770137254,29755.60975609756,1.3414210524833998,9438049.103716878,31885328.511403553,29267.829268292688,9438394.871257614,31886278.499914106,29267.829268292688,9438640.690928355,31886189.028870963,30243.390243902442,9438294.923387617,31885239.040360406,30243.390243902442
9438690.664863352,31886708.75864781,29755.60975609756,1.1881158242235916,9438394.871257614,31886278.499914106,29267.829268292688,9438740.638798352,31887228.488424666,29267.829268292688,9438986.458469091,31887139.01738152,30243.390243902442,9438640.690928355,31886189.028870963,30243.390243902442
9439036.43240409,31887658.74715837,29755.60975609756,0.45328798102720663,9438740.638798352,31887228.488424666,29267.829268292688,9439086.406339088,31888178.47693522,29267.829268292688,9439332.226009829,31888089.005892076,30243.390243902442,9438986.458469091,31887139.01738152,30243.390243902442
9439382.199944826,31888608.735668924,29755.60975609756,0.26132921334543396,9439086.406339088,31888178.47693522,29267.829268292688,9439432.173879828,31889128.46544578,29267.829268292688,9439677.993550565,31889038.994402632,30243.390243902442,9439332.226009829,31888089.005892076,30243.390243902442
9439727.967485566,31889558.72417948,29755.60975609756,0.18735658518816878,9439432.173879828,31889128.46544578,29267.829268292688,9439777.941420564,31890078.453956336,29267.829268292688,9440023.761091303,31889988.98291319,30243.390243902442,9439677.993550565,31889038.994402632,30243.390243902442
9440073.735026302,31890508.71269004,29755.60975609756,0.0647950690668722,9439777.941420564,31890078.453956336,29267.829268292688,9440123.708961302,31891028.442466892,29267.829268292688,9440369.528632041,31890938.971423745,30243.390243902442,9440023.761091303,31889988.98291319,30243.390243902442
9440419.502567042,31891458.701200593,29755.60975609756,0.01371072429086777,9440123.708961302,31891028.442466892,29267.829268292688,9440469.476502039,31891978.43097745,29267.829268292688,9440715.296172779,31891888.9599343,30243.390243902442,9440369.528632041,31890938.971423745,30243.390243902442
9440765.270107776,31892408.689711154,29755.60975609756,0.00668860083513679,9440469.476502039,31891978.43097745,29267.829268292688,9440815.244042777,31892928.419488005,29267.829268292688,9441061.063713515,31892838.94844486,30243.390243902442,9440715.296172779,31891888.9599343,30243.390243902442
9441111.037648516,31893358.67822171,29755.60975609756,0.0009620954376793031,9440815.244042777,31892928.419488005,29267.829268292688,9441161.011583515,31893878.407998558,29267.829268292688,9441406.831254253,31893788.936955415,30243.390243902442,9441061.063713515,31892838.94844486,30243.390243902442
9441456.805189254,31894308.666732263,29755.60975609756,0.00023549059496021904,9441161.011583515,31893878.407998558,29267.829268292688,9441506.779124252,31894828.39650912,29267.829268292688,9441752.598794991,31894738.92546597,30243.390243902442,9441406.831254253,31893788.936955415,30243.390243902442
9421302.339956481,31838169.87356629,30731.170731707323,0.27198227019431626,9421006.546350744,31837739.61483258,30243.390243902442,9421352.31389148,31838689.603343137,30243.390243902442,9421598.13356222,31838600.13229999,31218.9512195122,9421252.366021482,31837650.143789433,31218.9512195122
9421648.107497217,31839119.86207684,30731.170731707323,0.4121843252760298,9421352.31389148,31838689.603343137,30243.390243902442,9421698.08143222,31839639.591853693,30243.390243902442,9421943.901102956,31839550.120810546,31218.9512195122,9421598.13356222,31838600.13229999,31218.9512195122
9421993.875037957,31840069.850587398,30731.170731707323,0.8644479780268545,9421698.08143222,31839639.591853693,30243.390243902442,9422043.848972958,31840589.58036425,30243.390243902442,9422289.668643694,31840500.109321102,31218.9512195122,9421943.901102956,31839550.120810546,31218.9512195122
9422339.642578695,31841019.839097958,30731.170731707323,0.5579759829231657,9422043.848972958,31840589.58036425,30243.390243902442,9422389.616513694,31841539.568874806,30243.390243902442,9422635.436184432,31841450.097831663,31218.9512195122,9422289.668643694,31840500.109321102,31218.9512195122
9422685.410119433,31841969.82760851,30731.170731707323,0.2961532600929906,9422389.616513694,31841539.568874806,30243.390243902442,9422735.384054432,31842489.557385363,30243.390243902442,9422981.20372517,31842400.086342216,31218.9512195122,9422635.436184432,31841450.097831663,31218.9512195122
9423031.17766017,31842919.816119067,30731.170731707323,0.12754134706522205,9422735.384054432,31842489.557385363,30243.390243902442,9423081.151595168,31843439.54589592,30243.390243902442,9423326.971265908,31843350.074852772,31218.9512195122,9422981.20372517,31842400.086342216,31218.9512195122
9423376.945200907,31843869.804629628,30731.170731707323,0.2854841404940908,9423081.151595168,31843439.54589592,30243.390243902442,9423426.919135906,31844389.534406476,30243.390243902442,9423672.738806644,31844300.06336333,31218.9512195122,9423326.971265908,31843350.074852772,31218.9512195122
9423722.712741645,31844819.793140177,30731.170731707323,0.6367440653143389,9423426.919135906,31844389.534406476,30243.390243902442,9423772.686676644,31845339.522917032,30243.390243902442,9424018.506347382,31845250.051873885,31218.9512195122,9423672.738806644,31844300.06336333,31218.9512195122
9424068.480282381,31845769.78165074,30731.170731707323,0.6965938249590627,9423772.686676644,31845339.522917032,30243.390243902442,9424118.454217382,31846289.51142759,30243.390243902442,9424364.273888119,31846200.04038444,31218.9512195122,9424018.506347382,31845250.051873885,31218.9512195122
9424414.24782312,31846719.770161297,30731.170731707323,1.1916333901791527,9424118.454217382,31846289.51142759,30243.390243902442,9424464.221758118,31847239.499938145,30243.390243902442,9424710.041428858,31847150.028895,31218.9512195122,9424364.273888119,31846200.04038444,31218.9512195122
9424760.015363855,31847669.75867185,30731.170731707323,1.0063076164760116,9424464.221758118,31847239.499938145,30243.390243902442,9424809.989298856,31848189.4884487,30243.390243902442,9425055.808969595,31848100.017405555,31218.9512195122,9424710.041428858,31847150.028895,31218.9512195122
9425105.782904593,31848619.74718241,30731.170731707323,0.8987679448317256,9424809.989298856,31848189.4884487,30243.390243902442,9425155.756839592,31849139.47695926,30243.390243902442,9425401.576510333,31849050.005916115,31218.9512195122,9425055.808969595,31848100.017405555,31218.9512195122
9425451.55044533,31849569.735692967,30731.170731707323,1.029704915926942,9425155.756839592,31849139.47695926,30243.390243902442,9425501.52438033,31850089.465469815,30243.390243902442,9425747.344051069,31849999.994426668,31218.9512195122,9425401.576510333,31849050.005916115,31218.9512195122
9425797.317986067,31850519.724203516,30731.170731707323,0.9283170117823712,9425501.52438033,31850089.465469815,30243.390243902442,9425847.29192107,31851039.45398037,30243.390243902442,9426093.111591807,31850949.982937224,31218.9512195122,9425747.344051069,31849999.994426668,31218.9512195122
9426143.085526807,31851469.71271408,30731.170731707323,0.723770098368943,9425847.29192107,31851039.45398037,30243.390243902442,9426193.059461806,31851989.442490928,30243.390243902442,9426438.879132543,31851899.971447784,31218.9512195122,9426093.111591807,31850949.982937224,31218.9512195122
9426488.853067545,31852419.701224636,30731.170731707323,0.6873645300799405,9426193.059461806,31851989.442490928,30243.390243902442,9426538.827002544,31852939.431001484,30243.390243902442,9426784.646673283,31852849.959958337,31218.9512195122,9426438.879132543,31851899.971447784,31218.9512195122
9426834.620608281,31853369.68973519,30731.170731707323,0.4957273380593846,9426538.827002544,31852939.431001484,30243.390243902442,9426884.59454328,31853889.41951204,30243.390243902442,9427130.41421402,31853799.948468894,31218.9512195122,9426784.646673283,31852849.959958337,31218.9512195122
9427180.38814902,31854319.67824575,30731.170731707323,0.9470741275731476,9426884.59454328,31853889.41951204,30243.390243902442,9427230.362084018,31854839.408022597,30243.390243902442,9427476.181754757,31854749.936979454,31218.9512195122,9427130.41421402,31853799.948468894,31218.9512195122
9427526.155689755,31855269.666756306,30731.170731707323,1.080789765042202,9427230.362084018,31854839.408022597,30243.390243902442,9427576.129624754,31855789.396533154,30243.390243902442,9427821.949295495,31855699.925490007,31218.9512195122,9427476.181754757,31854749.936979454,31218.9512195122
9427871.923230493,31856219.65526686,30731.170731707323,1.0664329401118653,9427576.129624754,31855789.396533154,30243.390243902442,9427921.897165494,31856739.38504371,30243.390243902442,9428167.71683623,31856649.914000567,31218.9512195122,9427821.949295495,31855699.925490007,31218.9512195122
9428217.690771231,31857169.643777415,30731.170731707323,0.72311529269147,9427921.897165494,31856739.38504371,30243.390243902442,9428267.66470623,31857689.373554267,30243.390243902442,9428513.484376969,31857599.90251112,31218.9512195122,9428167.71683623,31856649.914000567,31218.9512195122
9428563.458311968,31858119.632287968,30731.170731707323,0.8544041353294617,9428267.66470623,31857689.373554267,30243.390243902442,9428613.432246968,31858639.362064824,30243.390243902442,9428859.251917705,31858549.891021676,31218.9512195122,9428513.484376969,31857599.90251112,31218.9512195122
9428909.225852706,31859069.62079853,30731.170731707323,1.0705233811129238,9428613.432246968,31858639.362064824,30243.390243902442,9428959.199787704,31859589.35057538,30243.390243902442,9429205.019458445,31859499.879532237,31218.9512195122,9428859.251917705,31858549.891021676,31218.9512195122
9429254.993393442,31860019.609309085,30731.170731707323,0.7325736330646722,9428959.199787704,31859589.35057538,30243.390243902442,9429304.967328442,31860539.339085937,30243.390243902442,9429550.78699918,31860449.86804279,31218.9512195122,9429205.019458445,31859499.879532237,31218.9512195122
9429600.76093418,31860969.59781964,30731.170731707323,0.8353356488637309,9429304.967328442,31860539.339085937,30243.390243902442,9429650.73486918,31861489.327596493,30243.390243902442,9429896.554539919,31861399.856553346,31218.9512195122,9429550.78699918,31860449.86804279,31218.9512195122
9429946.528474916,31861919.586330198,30731.170731707323,1.1581254454856416,9429650.73486918,31861489.327596493,30243.390243902442,9429996.502409916,31862439.316107046,30243.390243902442,9430242.322080655,31862349.845063902,31218.9512195122,9429896.554539919,31861399.856553346,31218.9512195122
9430292.296015654,31862869.574840754,30731.170731707323,0.9083490225740471,9429996.502409916,31862439.316107046,30243.390243902442,9430342.269950656,31863389.304617606,30243.390243902442,9430588.089621393,31863299.83357446,31218.9512195122,9430242.322080655,31862349.845063902,31218.9512195122
9430638.063556394,31863819.56335131,30731.170731707323,1.0014302996008084,9430342.269950656,31863389.304617606,30243.390243902442,9430688.037491392,31864339.293128163,30243.390243902442,9430933.857162131,31864249.82208502,31218.9512195122,9430588.089621393,31863299.83357446,31218.9512195122
9430983.831097132,31864769.551861867,30731.170731707323,1.2937511898334053,9430688.037491392,31864339.293128163,30243.390243902442,9431033.80503213,31865289.281638723,30243.390243902442,9431279.624702869,31865199.810595572,31218.9512195122,9430933.857162131,31864249.82208502,31218.9512195122
9431329.598637868,31865719.540372424,30731.170731707323,1.5995162435304977,9431033.80503213,31865289.281638723,30243.390243902442,9431379.572572866,31866239.270149276,30243.390243902442,9431625.392243607,31866149.79910613,31218.9512195122,9431279.624702869,31865199.810595572,31218.9512195122
9431675.366178606,31866669.52888298,30731.170731707323,2.1200752082677954,9431379.572572866,31866239.270149276,30243.390243902442,9431725.340113604,31867189.258659832,30243.390243902442,9431971.159784343,31867099.78761669,31218.9512195122,9431625.392243607,31866149.79910613,31218.9512195122
9432021.133719342,31867619.517393537,30731.170731707323,2.3464881039017307,9431725.340113604,31867189.258659832,30243.390243902442,9432071.10765434,31868139.24717039,30243.390243902442,9432316.927325081,31868049.77612724,31218.9512195122,9431971.159784343,31867099.78761669,31218.9512195122
9432366.90126008,31868569.505904097,30731.170731707323,2.175826457658335,9432071.10765434,31868139.24717039,30243.390243902442,9432416.87519508,31869089.235680945,30243.390243902442,9432662.694865817,31868999.764637798,31218.9512195122,9432316.927325081,31868049.77612724,31218.9512195122
9432712.668800818,31869519.49441465,30731.170731707323,2.2610619957453832,9432416.87519508,31869089.235680945,30243.390243902442,9432762.642735817,31870039.224191498,30243.390243902442,9433008.462406555,31869949.753148355,31218.9512195122,9432662.694865817,31868999.764637798,31218.9512195122
9433058.436341554,31870469.482925203,30731.170731707323,1.9030924551218698,9432762.642735817,31870039.224191498,30243.390243902442,9433108.410276555,31870989.21270206,30243.390243902442,9433354.229947293,31870899.74165891,31218.9512195122,9433008.462406555,31869949.753148355,31218.9512195122
9433404.203882292,31871419.471435767,30731.170731707323,2.0145311292609995,9433108.410276555,31870989.21270206,30243.390243902442,9433454.17781729,31871939.201212615,30243.390243902442,9433699.997488031,31871849.73016947,31218.9512195122,9433354.229947293,31870899.74165891,31218.9512195122
9433749.971423028,31872369.45994632,30731.170731707323,2.209381725368673,9433454.17781729,31871939.201212615,30243.390243902442,9433799.94535803,31872889.189723175,30243.390243902442,9434045.765028767,31872799.718680028,31218.9512195122,9433699.997488031,31871849.73016947,31218.9512195122
9434095.738963766,31873319.448456876,30731.170731707323,2.0016079439214,9433799.94535803,31872889.189723175,30243.390243902442,9434145.712898767,31873839.178233728,30243.390243902442,9434391.532569505,31873749.70719058,31218.9512195122,9434045.765028767,31872799.718680028,31218.9512195122
9434441.506504504,31874269.436967436,30731.170731707323,2.0064153920276993,9434145.712898767,31873839.178233728,30243.390243902442,9434491.480439505,31874789.166744284,30243.390243902442,9434737.300110243,31874699.69570114,31218.9512195122,9434391.532569505,31873749.70719058,31218.9512195122
9434787.274045242,31875219.42547799,30731.170731707323,1.5573504689722109,9434491.480439505,31874789.166744284,30243.390243902442,9434837.247980243,31875739.15525484,30243.390243902442,9435083.06765098,31875649.684211694,31218.9512195122,9434737.300110243,31874699.69570114,31218.9512195122
9435133.04158598,31876169.413988546,30731.170731707323,1.0853753881179526,9434837.247980243,31875739.15525484,30243.390243902442,9435183.015520979,31876689.143765397,30243.390243902442,9435428.83519172,31876599.67272225,31218.9512195122,9435083.06765098,31875649.684211694,31218.9512195122
9435478.809126718,31877119.402499106,30731.170731707323,1.3009570633581793,9435183.015520979,31876689.143765397,30243.390243902442,9435528.783061717,31877639.132275954,30243.390243902442,9435774.602732455,31877549.66123281,31218.9512195122,9435428.83519172,31876599.67272225,31218.9512195122
9435824.576667454,31878069.39100966,30731.170731707323,1.846842376311424,9435528.783061717,31877639.132275954,30243.390243902442,9435874.550602453,31878589.12078651,30243.390243902442,9436120.370273193,31878499.649743363,31218.9512195122,9435774.602732455,31877549.66123281,31218.9512195122
9436170.344208192,31879019.379520215,30731.170731707323,2.160677215697872,9435874.550602453,31878589.12078651,30243.390243902442,9436220.318143193,31879539.109297067,30243.390243902442,9436466.13781393,31879449.638253924,31218.9512195122,9436120.370273193,31878499.649743363,31218.9512195122
9436516.11174893,31879969.368030768,30731.170731707323,2.2250734681804816,9436220.318143193,31879539.109297067,30243.390243902442,9436566.085683929,31880489.097807623,30243.390243902442,9436811.905354667,31880399.626764476,31218.9512195122,9436466.13781393,31879449.638253924,31218.9512195122
9436861.879289666,31880919.356541324,30731.170731707323,1.6871935426197517,9436566.085683929,31880489.097807623,30243.390243902442,9436911.853224667,31881439.08631818,30243.390243902442,9437157.672895404,31881349.615275033,31218.9512195122,9436811.905354667,31880399.626764476,31218.9512195122
9437207.646830404,31881869.345051885,30731.170731707323,1.6746177511301763,9436911.853224667,31881439.08631818,30243.390243902442,9437257.620765403,31882389.074828736,30243.390243902442,9437503.440436142,31882299.60378559,31218.9512195122,9437157.672895404,31881349.615275033,31218.9512195122
9437553.41437114,31882819.333562437,30731.170731707323,1.678193873660105,9437257.620765403,31882389.074828736,30243.390243902442,9437603.38830614,31883339.063339293,30243.390243902442,9437849.20797688,31883249.592296146,31218.9512195122,9437503.440436142,31882299.60378559,31218.9512195122
9437899.181911878,31883769.322072998,30731.170731707323,1.7542768764936936,9437603.38830614,31883339.063339293,30243.390243902442,9437949.155846879,31884289.05184985,30243.390243902442,9438194.975517618,31884199.580806702,31218.9512195122,9437849.20797688,31883249.592296146,31218.9512195122
9438244.949452616,31884719.310583554,30731.170731707323,1.3932398082143944,9437949.155846879,31884289.05184985,30243.390243902442,9438294.923387617,31885239.040360406,30243.390243902442,9438540.743058354,31885149.569317263,31218.9512195122,9438194.975517618,31884199.580806702,31218.9512195122
9438590.716993354,31885669.299094107,30731.170731707323,1.2840892288638737,9438294.923387617,31885239.040360406,30243.390243902442,9438640.690928355,31886189.028870963,30243.390243902442,9438886.510599092,31886099.557827815,31218.9512195122,9438540.743058354,31885149.569317263,31218.9512195122
9438936.484534092,31886619.287604667,30731.170731707323,1.0568289611322,9438640.690928355,31886189.028870963,30243.390243902442,9438986.458469091,31887139.01738152,30243.390243902442,9439232.27813983,31887049.546338376,31218.9512195122,9438886.510599092,31886099.557827815,31218.9512195122
9439282.252074828,31887569.276115224,30731.170731707323,0.4241624413738403,9438986.458469091,31887139.01738152,30243.390243902442,9439332.226009829,31888089.005892076,30243.390243902442,9439578.045680566,31887999.53484893,31218.9512195122,9439232.27813983,31887049.546338376,31218.9512195122
9439628.019615566,31888519.264625777,30731.170731707323,0.3887551091058134,9439332.226009829,31888089.005892076,30243.390243902442,9439677.993550565,31889038.994402632,30243.390243902442,9439923.813221306,31888949.523359485,31218.9512195122,9439578.045680566,31887999.53484893,31218.9512195122
9439973.787156304,31889469.253136337,30731.170731707323,0.3010611000384358,9439677.993550565,31889038.994402632,30243.390243902442,9440023.761091303,31889988.98291319,30243.390243902442,9440269.580762042,31889899.511870045,31218.9512195122,9439923.813221306,31888949.523359485,31218.9512195122
9440319.554697042,31890419.241646893,30731.170731707323,0.2162513485475825,9440023.761091303,31889988.98291319,30243.390243902442,9440369.528632041,31890938.971423745,30243.390243902442,9440615.34830278,31890849.500380598,31218.9512195122,9440269.580762042,31889899.511870045,31218.9512195122
9440665.322237778,31891369.23015745,30731.170731707323,0.03751088288331564,9440369.528632041,31890938.971423745,30243.390243902442,9440715.296172779,31891888.9599343,30243.390243902442,9440961.115843516,31891799.488891155,31218.9512195122,9440615.34830278,31890849.500380598,31218.9512195122
9441011.089778516,31892319.218668006,30731.170731707323,0.008728047199560534,9440715.296172779,31891888.9599343,30243.390243902442,9441061.063713515,31892838.94844486,30243.390243902442,9441306.883384254,31892749.477401715,31218.9512195122,9440961.115843516,31891799.488891155,31218.9512195122
9441356.857319253,31893269.207178563,30731.170731707323,0.0052431655019608385,9441061.063713515,31892838.94844486,30243.390243902442,9441406.831254253,31893788.936955415,30243.390243902442,9441652.65092499,31893699.465912268,31218.9512195122,9441306.883384254,31892749.477401715,31218.9512195122
9441702.62485999,31894219.19568912,30731.170731707323,0.0043413849126605385,9441406.831254253,31893788.936955415,30243.390243902442,9441752.598794991,31894738.92546597,30243.390243902442,9441998.41846573,31894649.454422828,31218.9512195122,9441652.65092499,31893699.465912268,31218.9512195122
9421548.159627222,31838080.40252314,31706.731707317074,0.3849224567291451,9421252.366021482,31837650.143789433,31218.9512195122,9421598.13356222,31838600.13229999,31218.9512195122,9421843.95323296,31838510.661256842,32194.51219512195,9421498.185692225,31837560.672746286,32194.51219512195
9421893.92716796,31839030.39103369,31706.731707317074,0.3333975518898507,9421598.13356222,31838600.13229999,31218.9512195122,9421943.901102956,31839550.120810546,31218.9512195122,9422189.7207737,31839460.6497674,32194.51219512195,9421843.95323296,31838510.661256842,32194.51219512195
9422239.694708696,31839980.379544254,31706.731707317074,0.6250628480513424,9421943.901102956,31839550.120810546,31218.9512195122,9422289.668643694,31840500.109321102,31218.9512195122,9422535.488314437,31840410.638277955,32194.51219512195,9422189.7207737,31839460.6497674,32194.51219512195
9422585.462249435,31840930.36805481,31706.731707317074,0.3681165705630862,9422289.668643694,31840500.109321102,31218.9512195122,9422635.436184432,31841450.097831663,31218.9512195122,9422881.255855175,31841360.626788512,32194.51219512195,9422535.488314437,31840410.638277955,32194.51219512195
9422931.229790172,31841880.35656536,31706.731707317074,0.23113868350296357,9422635.436184432,31841450.097831663,31218.9512195122,9422981.20372517,31842400.086342216,31218.9512195122,9423227.02339591,31842310.61529907,32194.51219512195,9422881.255855175,31841360.626788512,32194.51219512195
9423276.99733091,31842830.345075924,31706.731707317074,0.11656555574748391,9422981.20372517,31842400.086342216,31218.9512195122,9423326.971265908,31843350.074852772,31218.9512195122,9423572.790936649,31843260.60380963,32194.51219512195,9423227.02339591,31842310.61529907,32194.51219512195
9423622.764871648,31843780.33358648,31706.731707317074,0.11137416436279053,9423326.971265908,31843350.074852772,31218.9512195122,9423672.738806644,31844300.06336333,31218.9512195122,9423918.558477385,31844210.59232018,32194.51219512195,9423572.790936649,31843260.60380963,32194.51219512195
9423968.532412384,31844730.322097033,31706.731707317074,0.19838750952975834,9423672.738806644,31844300.06336333,31218.9512195122,9424018.506347382,31845250.051873885,31218.9512195122,9424264.326018125,31845160.580830738,32194.51219512195,9423918.558477385,31844210.59232018,32194.51219512195
9424314.299953124,31845680.310607594,31706.731707317074,0.5068231311082075,9424018.506347382,31845250.051873885,31218.9512195122,9424364.273888119,31846200.04038444,31218.9512195122,9424610.093558863,31846110.569341294,32194.51219512195,9424264.326018125,31845160.580830738,32194.51219512195
9424660.06749386,31846630.29911815,31706.731707317074,0.7948509698211454,9424364.273888119,31846200.04038444,31218.9512195122,9424710.041428858,31847150.028895,31218.9512195122,9424955.861099599,31847060.55785185,32194.51219512195,9424610.093558863,31846110.569341294,32194.51219512195
9425005.835034598,31847580.287628703,31706.731707317074,0.9258439341207871,9424710.041428858,31847150.028895,31218.9512195122,9425055.808969595,31848100.017405555,31218.9512195122,9425301.628640337,31848010.54636241,32194.51219512195,9424955.861099599,31847060.55785185,32194.51219512195
9425351.602575334,31848530.276139263,31706.731707317074,0.781877839440358,9425055.808969595,31848100.017405555,31218.9512195122,9425401.576510333,31849050.005916115,31218.9512195122,9425647.396181073,31848960.534872964,32194.51219512195,9425301.628640337,31848010.54636241,32194.51219512195
9425697.370116072,31849480.26464982,31706.731707317074,0.916588054448773,9425401.576510333,31849050.005916115,31218.9512195122,9425747.344051069,31849999.994426668,31218.9512195122,9425993.163721811,31849910.52338352,32194.51219512195,9425647.396181073,31848960.534872964,32194.51219512195
9426043.137656808,31850430.253160372,31706.731707317074,0.6869895278488045,9425747.344051069,31849999.994426668,31218.9512195122,9426093.111591807,31850949.982937224,31218.9512195122,9426338.931262549,31850860.51189408,32194.51219512195,9425993.163721811,31849910.52338352,32194.51219512195
9426388.905197548,31851380.241670933,31706.731707317074,0.6034153165362178,9426093.111591807,31850949.982937224,31218.9512195122,9426438.879132543,31851899.971447784,31218.9512195122,9426684.698803287,31851810.500404634,32194.51219512195,9426338.931262549,31850860.51189408,32194.51219512195
9426734.672738284,31852330.230181493,31706.731707317074,0.3244431637191891,9426438.879132543,31851899.971447784,31218.9512195122,9426784.646673283,31852849.959958337,31218.9512195122,9427030.466344023,31852760.48891519,32194.51219512195,9426684.698803287,31851810.500404634,32194.51219512195
9427080.440279022,31853280.218692042,31706.731707317074,0.6808509596664278,9426784.646673283,31852849.959958337,31218.9512195122,9427130.41421402,31853799.948468894,31218.9512195122,9427376.233884761,31853710.477425747,32194.51219512195,9427030.466344023,31852760.48891519,32194.51219512195
9427426.20781976,31854230.2072026,31706.731707317074,1.226574940791498,9427130.41421402,31853799.948468894,31218.9512195122,9427476.181754757,31854749.936979454,31218.9512195122,9427722.001425497,31854660.465936303,32194.51219512195,9427376.233884761,31853710.477425747,32194.51219512195
9427771.975360496,31855180.195713162,31706.731707317074,1.2344457440016978,9427476.181754757,31854749.936979454,31218.9512195122,9427821.949295495,31855699.925490007,31218.9512195122,9428067.768966235,31855610.454446863,32194.51219512195,9427722.001425497,31854660.465936303,32194.51219512195
9428117.742901234,31856130.18422371,31706.731707317074,1.203859638501408,9427821.949295495,31855699.925490007,31218.9512195122,9428167.71683623,31856649.914000567,31218.9512195122,9428413.536506975,31856560.44295742,32194.51219512195,9428067.768966235,31855610.454446863,32194.51219512195
9428463.510441972,31857080.172734268,31706.731707317074,1.1653501928159087,9428167.71683623,31856649.914000567,31218.9512195122,9428513.484376969,31857599.90251112,31218.9512195122,9428759.304047711,31857510.431467973,32194.51219512195,9428413.536506975,31856560.44295742,32194.51219512195
9428809.27798271,31858030.161244825,31706.731707317074,0.7322285119739796,9428513.484376969,31857599.90251112,31218.9512195122,9428859.251917705,31858549.891021676,31218.9512195122,9429105.07158845,31858460.41997853,32194.51219512195,9428759.304047711,31857510.431467973,32194.51219512195
9429155.045523446,31858980.14975538,31706.731707317074,0.7253454709052897,9428859.251917705,31858549.891021676,31218.9512195122,9429205.019458445,31859499.879532237,31218.9512195122,9429450.839129185,31859410.408489086,32194.51219512195,9429105.07158845,31858460.41997853,32194.51219512195
9429500.813064184,31859930.13826594,31706.731707317074,0.7736160103716804,9429205.019458445,31859499.879532237,31218.9512195122,9429550.78699918,31860449.86804279,31218.9512195122,9429796.606669923,31860360.396999642,32194.51219512195,9429450.839129185,31859410.408489086,32194.51219512195
9429846.58060492,31860880.126776494,31706.731707317074,0.8695030894576364,9429550.78699918,31860449.86804279,31218.9512195122,9429896.554539919,31861399.856553346,31218.9512195122,9430142.374210661,31861310.385510202,32194.51219512195,9429796.606669923,31860360.396999642,32194.51219512195
9430192.34814566,31861830.11528705,31706.731707317074,1.2947956456665124,9429896.554539919,31861399.856553346,31218.9512195122,9430242.322080655,31862349.845063902,31218.9512195122,9430488.1417514,31862260.374020755,32194.51219512195,9430142.374210661,31861310.385510202,32194.51219512195
9430538.115686394,31862780.10379761,31706.731707317074,0.841373795673632,9430242.322080655,31862349.845063902,31218.9512195122,9430588.089621393,31863299.83357446,31218.9512195122,9430833.909292135,31863210.362531316,32194.51219512195,9430488.1417514,31862260.374020755,32194.51219512195
9430883.883227134,31863730.092308164,31706.731707317074,0.96801385898581,9430588.089621393,31863299.83357446,31218.9512195122,9430933.857162131,31864249.82208502,31218.9512195122,9431179.676832873,31864160.35104187,32194.51219512195,9430833.909292135,31863210.362531316,32194.51219512195
9431229.65076787,31864680.08081872,31706.731707317074,1.1052869296106154,9430933.857162131,31864249.82208502,31218.9512195122,9431279.624702869,31865199.810595572,31218.9512195122,9431525.44437361,31865110.339552425,32194.51219512195,9431179.676832873,31864160.35104187,32194.51219512195
9431575.418308608,31865630.06932928,31706.731707317074,1.0735467043329976,9431279.624702869,31865199.810595572,31218.9512195122,9431625.392243607,31866149.79910613,31218.9512195122,9431871.211914347,31866060.32806298,32194.51219512195,9431525.44437361,31865110.339552425,32194.51219512195
9431921.185849346,31866580.05783983,31706.731707317074,1.3241180797289362,9431625.392243607,31866149.79910613,31218.9512195122,9431971.159784343,31867099.78761669,31218.9512195122,9432216.979455087,31867010.316573538,32194.51219512195,9431871.211914347,31866060.32806298,32194.51219512195
9432266.953390084,31867530.046350393,31706.731707317074,2.1095601429084536,9431971.159784343,31867099.78761669,31218.9512195122,9432316.927325081,31868049.77612724,31218.9512195122,9432562.746995823,31867960.305084094,32194.51219512195,9432216.979455087,31867010.316573538,32194.51219512195
9432612.720930822,31868480.03486095,31706.731707317074,2.076296156641814,9432316.927325081,31868049.77612724,31218.9512195122,9432662.694865817,31868999.764637798,31218.9512195122,9432908.514536561,31868910.293594655,32194.51219512195,9432562.746995823,31867960.305084094,32194.51219512195
9432958.488471558,31869430.023371503,31706.731707317074,1.6564482448974176,9432662.694865817,31868999.764637798,31218.9512195122,9433008.462406555,31869949.753148355,31218.9512195122,9433254.282077298,31869860.282105207,32194.51219512195,9432908.514536561,31868910.293594655,32194.51219512195
9433304.256012296,31870380.01188206,31706.731707317074,1.7758012619877896,9433008.462406555,31869949.753148355,31218.9512195122,9433354.229947293,31870899.74165891,31218.9512195122,9433600.049618036,31870810.270615768,32194.51219512195,9433254.282077298,31869860.282105207,32194.51219512195
9433650.023553032,31871330.00039262,31706.731707317074,1.8625526663439975,9433354.229947293,31870899.74165891,31218.9512195122,9433699.997488031,31871849.73016947,31218.9512195122,9433945.817158772,31871760.25912632,32194.51219512195,9433600.049618036,31870810.270615768,32194.51219512195
9433995.79109377,31872279.98890317,31706.731707317074,1.959850021512445,9433699.997488031,31871849.73016947,31218.9512195122,9434045.765028767,31872799.718680028,31218.9512195122,9434291.584699512,31872710.247636877,32194.51219512195,9433945.817158772,31871760.25912632,32194.51219512195
9434341.558634507,31873229.977413733,31706.731707317074,2.0353249745487,9434045.765028767,31872799.718680028,31218.9512195122,9434391.532569505,31873749.70719058,31218.9512195122,9434637.352240248,31873660.236147437,32194.51219512195,9434291.584699512,31872710.247636877,32194.51219512195
9434687.326175246,31874179.96592429,31706.731707317074,2.2492614767534294,9434391.532569505,31873749.70719058,31218.9512195122,9434737.300110243,31874699.69570114,31218.9512195122,9434983.119780986,31874610.22465799,32194.51219512195,9434637.352240248,31873660.236147437,32194.51219512195
9435033.09371598,31875129.954434842,31706.731707317074,2.0686551511658084,9434737.300110243,31874699.69570114,31218.9512195122,9435083.06765098,31875649.684211694,31218.9512195122,9435328.887321722,31875560.213168547,32194.51219512195,9434983.119780986,31874610.22465799,32194.51219512195
9435378.86125672,31876079.9429454,31706.731707317074,1.8362201351970353,9435083.06765098,31875649.684211694,31218.9512195122,9435428.83519172,31876599.67272225,31218.9512195122,9435674.65486246,31876510.201679107,32194.51219512195,9435328.887321722,31875560.213168547,32194.51219512195
9435724.628797458,31877029.93145596,31706.731707317074,2.03641225924592,9435428.83519172,31876599.67272225,31218.9512195122,9435774.602732455,31877549.66123281,31218.9512195122,9436020.422403196,31877460.19018966,32194.51219512195,9435674.65486246,31876510.201679107,32194.51219512195
9436070.396338195,31877979.91996651,31706.731707317074,3.004730968301427,9435774.602732455,31877549.66123281,31218.9512195122,9436120.370273193,31878499.649743363,31218.9512195122,9436366.189943934,31878410.17870022,32194.51219512195,9436020.422403196,31877460.19018966,32194.51219512195
9436416.163878933,31878929.908477068,31706.731707317074,3.1767881569097223,9436120.370273193,31878499.649743363,31218.9512195122,9436466.13781393,31879449.638253924,31218.9512195122,9436711.957484674,31879360.167210773,32194.51219512195,9436366.189943934,31878410.17870022,32194.51219512195
9436761.93141967,31879879.89698762,31706.731707317074,2.8434024594064886,9436466.13781393,31879449.638253924,31218.9512195122,9436811.905354667,31880399.626764476,31218.9512195122,9437057.72502541,31880310.15572133,32194.51219512195,9436711.957484674,31879360.167210773,32194.51219512195
9437107.698960409,31880829.88549818,31706.731707317074,2.416035571248657,9436811.905354667,31880399.626764476,31218.9512195122,9437157.672895404,31881349.615275033,31218.9512195122,9437403.492566148,31881260.14423189,32194.51219512195,9437057.72502541,31880310.15572133,32194.51219512195
9437453.466501145,31881779.874008738,31706.731707317074,2.3706686826934207,9437157.672895404,31881349.615275033,31218.9512195122,9437503.440436142,31882299.60378559,31218.9512195122,9437749.260106884,31882210.132742442,32194.51219512195,9437403.492566148,31881260.14423189,32194.51219512195
9437799.234041883,31882729.862519294,31706.731707317074,1.8167730370202817,9437503.440436142,31882299.60378559,31218.9512195122,9437849.20797688,31883249.592296146,31218.9512195122,9438095.027647622,31883160.121253,32194.51219512195,9437749.260106884,31882210.132742442,32194.51219512195
9438145.001582619,31883679.85102985,31706.731707317074,1.2864512069166663,9437849.20797688,31883249.592296146,31218.9512195122,9438194.975517618,31884199.580806702,31218.9512195122,9438440.795188358,31884110.109763555,32194.51219512195,9438095.027647622,31883160.121253,32194.51219512195
9438490.769123357,31884629.839540407,31706.731707317074,0.8507249097230408,9438194.975517618,31884199.580806702,31218.9512195122,9438540.743058354,31885149.569317263,31218.9512195122,9438786.562729098,31885060.09827411,32194.51219512195,9438440.795188358,31884110.109763555,32194.51219512195
9438836.536664093,31885579.828050964,31706.731707317074,0.5798342170844434,9438540.743058354,31885149.569317263,31218.9512195122,9438886.510599092,31886099.557827815,31218.9512195122,9439132.330269834,31886010.086784672,32194.51219512195,9438786.562729098,31885060.09827411,32194.51219512195
9439182.304204833,31886529.81656152,31706.731707317074,0.745927296204831,9438886.510599092,31886099.557827815,31218.9512195122,9439232.27813983,31887049.546338376,31218.9512195122,9439478.097810572,31886960.075295225,32194.51219512195,9439132.330269834,31886010.086784672,32194.51219512195
9439528.071745569,31887479.805072077,31706.731707317074,0.6818933753473516,9439232.27813983,31887049.546338376,31218.9512195122,9439578.045680566,31887999.53484893,31218.9512195122,9439823.865351308,31887910.06380578,32194.51219512195,9439478.097810572,31886960.075295225,32194.51219512195
9439873.839286307,31888429.793582633,31706.731707317074,0.5324586110957878,9439578.045680566,31887999.53484893,31218.9512195122,9439923.813221306,31888949.523359485,31218.9512195122,9440169.632892046,31888860.05231634,32194.51219512195,9439823.865351308,31887910.06380578,32194.51219512195
9440219.606827045,31889379.78209319,31706.731707317074,0.8983787952326466,9439923.813221306,31888949.523359485,31218.9512195122,9440269.580762042,31889899.511870045,31218.9512195122,9440515.400432784,31889810.040826894,32194.51219512195,9440169.632892046,31888860.05231634,32194.51219512195
9440565.374367781,31890329.77060375,31706.731707317074,1.061596440588461,9440269.580762042,31889899.511870045,31218.9512195122,9440615.34830278,31890849.500380598,31218.9512195122,9440861.167973522,31890760.02933745,32194.51219512195,9440515.400432784,31889810.040826894,32194.51219512195
9440911.14190852,31891279.759114303,31706.731707317074,0.5226518535848255,9440615.34830278,31890849.500380598,31218.9512195122,9440961.115843516,31891799.488891155,31218.9512195122,9441206.93551426,31891710.017848007,32194.51219512195,9440861.167973522,31890760.02933745,32194.51219512195
9441256.909449257,31892229.74762486,31706.731707317074,0.2293351241106145,9440961.115843516,31891799.488891155,31218.9512195122,9441306.883384254,31892749.477401715,31218.9512195122,9441552.703054996,31892660.006358564,32194.51219512195,9441206.93551426,31891710.017848007,32194.51219512195
9441602.676989995,31893179.73613542,31706.731707317074,0.07122639173775838,9441306.883384254,31892749.477401715,31218.9512195122,9441652.65092499,31893699.465912268,31218.9512195122,9441898.470595734,31893609.994869124,32194.51219512195,9441552.703054996,31892660.006358564,32194.51219512195
9441948.444530731,31894129.724645972,31706.731707317074,0.01568537013885977,9441652.65092499,31893699.465912268,31218.9512195122,9441998.41846573,31894649.454422828,31218.9512195122,9442244.23813647,31894559.98337968,32194.51219512195,9441898.470595734,31893609.994869124,32194.51219512195
9421793.979297962,31837990.931479994,32682.29268292683,0.859721121807477,9421498.185692225,31837560.672746286,32194.51219512195,9421843.95323296,31838510.661256842,32194.51219512195,9422089.772903701,31838421.190213695,33170.0731707317,9421744.005362963,31837471.201703142,33170.0731707317
9422139.7468387,31838940.919990547,32682.29268292683,0.8462766847324995,9421843.95323296,31838510.661256842,32194.51219512195,9422189.7207737,31839460.6497674,32194.51219512195,9422435.540444437,31839371.178724255,33170.0731707317,9422089.772903701,31838421.190213695,33170.0731707317
9422485.514379438,31839890.908501104,32682.29268292683,0.9940541424937258,9422189.7207737,31839460.6497674,32194.51219512195,9422535.488314437,31840410.638277955,32194.51219512195,9422781.307985175,31840321.16723481,33170.0731707317,9422435.540444437,31839371.178724255,33170.0731707317
9422831.281920174,31840840.897011656,32682.29268292683,0.8447640592938168,9422535.488314437,31840410.638277955,32194.51219512195,9422881.255855175,31841360.626788512,32194.51219512195,9423127.075525913,31841271.155745365,33170.0731707317,9422781.307985175,31840321.16723481,33170.0731707317
9423177.049460912,31841790.885522217,32682.29268292683,0.49221844298179057,9422881.255855175,31841360.626788512,32194.51219512195,9423227.02339591,31842310.61529907,32194.51219512195,9423472.843066651,31842221.144255925,33170.0731707317,9423127.075525913,31841271.155745365,33170.0731707317
9423522.817001648,31842740.874032777,32682.29268292683,0.2067316488741223,9423227.02339591,31842310.61529907,32194.51219512195,9423572.790936649,31843260.60380963,32194.51219512195,9423818.610607387,31843171.13276648,33170.0731707317,9423472.843066651,31842221.144255925,33170.0731707317
9423868.584542386,31843690.862543337,32682.29268292683,0.4178539092513953,9423572.790936649,31843260.60380963,32194.51219512195,9423918.558477385,31844210.59232018,32194.51219512195,9424164.378148125,31844121.121277034,33170.0731707317,9423818.610607387,31843171.13276648,33170.0731707317
9424214.352083122,31844640.851053886,32682.29268292683,0.49658680119829957,9423918.558477385,31844210.59232018,32194.51219512195,9424264.326018125,31845160.580830738,32194.51219512195,9424510.145688862,31845071.109787595,33170.0731707317,9424164.378148125,31844121.121277034,33170.0731707317
9424560.119623862,31845590.839564443,32682.29268292683,0.7942699321275938,9424264.326018125,31845160.580830738,32194.51219512195,9424610.093558863,31846110.569341294,32194.51219512195,9424855.9132296,31846021.098298147,33170.0731707317,9424510.145688862,31845071.109787595,33170.0731707317
9424905.8871646,31846540.828075,32682.29268292683,0.9903670974324086,9424610.093558863,31846110.569341294,32194.51219512195,9424955.861099599,31847060.55785185,32194.51219512195,9425201.680770338,31846971.086808708,33170.0731707317,9424855.9132296,31846021.098298147,33170.0731707317
9425251.654705338,31847490.816585556,32682.29268292683,0.6019295033370108,9424955.861099599,31847060.55785185,32194.51219512195,9425301.628640337,31848010.54636241,32194.51219512195,9425547.448311076,31847921.075319264,33170.0731707317,9425201.680770338,31846971.086808708,33170.0731707317
9425597.422246074,31848440.805096112,32682.29268292683,0.5784468547644722,9425301.628640337,31848010.54636241,32194.51219512195,9425647.396181073,31848960.534872964,32194.51219512195,9425893.215851814,31848871.063829817,33170.0731707317,9425547.448311076,31847921.075319264,33170.0731707317
9425943.189786812,31849390.79360667,32682.29268292683,0.6641264170202086,9425647.396181073,31848960.534872964,32194.51219512195,9425993.163721811,31849910.52338352,32194.51219512195,9426238.98339255,31849821.052340377,33170.0731707317,9425893.215851814,31848871.063829817,33170.0731707317
9426288.95732755,31850340.782117225,32682.29268292683,0.5187406886323154,9425993.163721811,31849910.52338352,32194.51219512195,9426338.931262549,31850860.51189408,32194.51219512195,9426584.750933288,31850771.040850934,33170.0731707317,9426238.98339255,31849821.052340377,33170.0731707317
9426634.724868286,31851290.770627785,32682.29268292683,0.41380833764456354,9426338.931262549,31850860.51189408,32194.51219512195,9426684.698803287,31851810.500404634,32194.51219512195,9426930.518474024,31851721.029361486,33170.0731707317,9426584.750933288,31850771.040850934,33170.0731707317
9426980.492409024,31852240.75913834,32682.29268292683,0.68503919401934,9426684.698803287,31851810.500404634,32194.51219512195,9427030.466344023,31852760.48891519,32194.51219512195,9427276.286014764,31852671.017872047,33170.0731707317,9426930.518474024,31851721.029361486,33170.0731707317
9427326.25994976,31853190.747648895,32682.29268292683,1.07746691661679,9427030.466344023,31852760.48891519,32194.51219512195,9427376.233884761,31853710.477425747,32194.51219512195,9427622.0535555,31853621.0063826,33170.0731707317,9427276.286014764,31852671.017872047,33170.0731707317
9427672.027490498,31854140.736159455,32682.29268292683,1.5070697703599598,9427376.233884761,31853710.477425747,32194.51219512195,9427722.001425497,31854660.465936303,32194.51219512195,9427967.821096238,31854570.99489316,33170.0731707317,9427622.0535555,31853621.0063826,33170.0731707317
9428017.795031235,31855090.724670008,32682.29268292683,1.9568550184727544,9427722.001425497,31854660.465936303,32194.51219512195,9428067.768966235,31855610.454446863,32194.51219512195,9428313.588636974,31855520.983403716,33170.0731707317,9427967.821096238,31854570.99489316,33170.0731707317
9428363.562571973,31856040.713180564,32682.29268292683,2.267185052669347,9428067.768966235,31855610.454446863,32194.51219512195,9428413.536506975,31856560.44295742,32194.51219512195,9428659.356177712,31856470.97191427,33170.0731707317,9428313.588636974,31855520.983403716,33170.0731707317
9428709.330112712,31856990.701691125,32682.29268292683,1.8055013984329784,9428413.536506975,31856560.44295742,32194.51219512195,9428759.304047711,31857510.431467973,32194.51219512195,9429005.123718448,31857420.96042483,33170.0731707317,9428659.356177712,31856470.97191427,33170.0731707317
9429055.097653449,31857940.690201677,32682.29268292683,1.370395620478929,9428759.304047711,31857510.431467973,32194.51219512195,9429105.07158845,31858460.41997853,32194.51219512195,9429350.891259186,31858370.948935382,33170.0731707317,9429005.123718448,31857420.96042483,33170.0731707317
9429400.865194187,31858890.678712234,32682.29268292683,1.3504833168940833,9429105.07158845,31858460.41997853,32194.51219512195,9429450.839129185,31859410.408489086,32194.51219512195,9429696.658799926,31859320.93744594,33170.0731707317,9429350.891259186,31858370.948935382,33170.0731707317
9429746.632734925,31859840.667222794,32682.29268292683,0.9139025438645214,9429450.839129185,31859410.408489086,32194.51219512195,9429796.606669923,31860360.396999642,32194.51219512195,9430042.426340662,31860270.9259565,33170.0731707317,9429696.658799926,31859320.93744594,33170.0731707317
9430092.400275663,31860790.655733347,32682.29268292683,0.6999240799128328,9429796.606669923,31860360.396999642,32194.51219512195,9430142.374210661,31861310.385510202,32194.51219512195,9430388.1938814,31861220.91446705,33170.0731707317,9430042.426340662,31860270.9259565,33170.0731707317
9430438.167816399,31861740.644243907,32682.29268292683,0.5665173541495109,9430142.374210661,31861310.385510202,32194.51219512195,9430488.1417514,31862260.374020755,32194.51219512195,9430733.961422136,31862170.902977612,33170.0731707317,9430388.1938814,31861220.91446705,33170.0731707317
9430783.935357137,31862690.632754464,32682.29268292683,1.0331354929932204,9430488.1417514,31862260.374020755,32194.51219512195,9430833.909292135,31863210.362531316,32194.51219512195,9431079.728962874,31863120.89148817,33170.0731707317,9430733.961422136,31862170.902977612,33170.0731707317
9431129.702897873,31863640.621265016,32682.29268292683,1.2957434742733933,9430833.909292135,31863210.362531316,32194.51219512195,9431179.676832873,31864160.35104187,32194.51219512195,9431425.49650361,31864070.87999872,33170.0731707317,9431079.728962874,31863120.89148817,33170.0731707317
9431475.47043861,31864590.609775573,32682.29268292683,1.0278135769000079,9431179.676832873,31864160.35104187,32194.51219512195,9431525.44437361,31865110.339552425,32194.51219512195,9431771.26404435,31865020.86850928,33170.0731707317,9431425.49650361,31864070.87999872,33170.0731707317
9431821.237979347,31865540.598286126,32682.29268292683,1.2859914102676941,9431525.44437361,31865110.339552425,32194.51219512195,9431871.211914347,31866060.32806298,32194.51219512195,9432117.031585086,31865970.857019834,33170.0731707317,9431771.26404435,31865020.86850928,33170.0731707317
9432167.005520085,31866490.586796686,32682.29268292683,1.490320611546515,9431871.211914347,31866060.32806298,32194.51219512195,9432216.979455087,31867010.316573538,32194.51219512195,9432462.799125824,31866920.84553039,33170.0731707317,9432117.031585086,31865970.857019834,33170.0731707317
9432512.773060823,31867440.575307243,32682.29268292683,1.842404137360497,9432216.979455087,31867010.316573538,32194.51219512195,9432562.746995823,31867960.305084094,32194.51219512195,9432808.56666656,31867870.83404095,33170.0731707317,9432462.799125824,31866920.84553039,33170.0731707317
9432858.54060156,31868390.563817803,32682.29268292683,1.6052624483413076,9432562.746995823,31867960.305084094,32194.51219512195,9432908.514536561,31868910.293594655,32194.51219512195,9433154.334207298,31868820.822551508,33170.0731707317,9432808.56666656,31867870.83404095,33170.0731707317
9433204.308142299,31869340.55232836,32682.29268292683,1.2595167705809769,9432908.514536561,31868910.293594655,32194.51219512195,9433254.282077298,31869860.282105207,32194.51219512195,9433500.101748036,31869770.811062064,33170.0731707317,9433154.334207298,31868820.822551508,33170.0731707317
9433550.075683037,31870290.540838912,32682.29268292683,1.3924116810359417,9433254.282077298,31869860.282105207,32194.51219512195,9433600.049618036,31870810.270615768,32194.51219512195,9433845.869288774,31870720.79957262,33170.0731707317,9433500.101748036,31869770.811062064,33170.0731707317
9433895.843223773,31871240.529349465,32682.29268292683,1.3150396408192333,9433600.049618036,31870810.270615768,32194.51219512195,9433945.817158772,31871760.25912632,32194.51219512195,9434191.636829512,31871670.788083173,33170.0731707317,9433845.869288774,31870720.79957262,33170.0731707317
9434241.61076451,31872190.517860025,32682.29268292683,1.7924718547388947,9433945.817158772,31871760.25912632,32194.51219512195,9434291.584699512,31872710.247636877,32194.51219512195,9434537.404370248,31872620.776593734,33170.0731707317,9434191.636829512,31871670.788083173,33170.0731707317
9434587.378305249,31873140.50637058,32682.29268292683,2.116697863031115,9434291.584699512,31872710.247636877,32194.51219512195,9434637.352240248,31873660.236147437,32194.51219512195,9434883.171910986,31873570.765104286,33170.0731707317,9434537.404370248,31872620.776593734,33170.0731707317
9434933.145845985,31874090.49488114,32682.29268292683,2.1038629654666945,9434637.352240248,31873660.236147437,32194.51219512195,9434983.119780986,31874610.22465799,32194.51219512195,9435228.939451722,31874520.753614843,33170.0731707317,9434883.171910986,31873570.765104286,33170.0731707317
9435278.913386723,31875040.483391695,32682.29268292683,1.784390888281873,9434983.119780986,31874610.22465799,32194.51219512195,9435328.887321722,31875560.213168547,32194.51219512195,9435574.70699246,31875470.742125403,33170.0731707317,9435228.939451722,31874520.753614843,33170.0731707317
9435624.68092746,31875990.47190225,32682.29268292683,1.888444125806302,9435328.887321722,31875560.213168547,32194.51219512195,9435674.65486246,31876510.201679107,32194.51219512195,9435920.474533198,31876420.73063596,33170.0731707317,9435574.70699246,31875470.742125403,33170.0731707317
9435970.448468197,31876940.460412808,32682.29268292683,2.4965119513952896,9435674.65486246,31876510.201679107,32194.51219512195,9436020.422403196,31877460.19018966,32194.51219512195,9436266.242073936,31877370.719146516,33170.0731707317,9435920.474533198,31876420.73063596,33170.0731707317
9436316.216008933,31877890.448923364,32682.29268292683,2.8809404767186466,9436020.422403196,31877460.19018966,32194.51219512195,9436366.189943934,31878410.17870022,32194.51219512195,9436612.009614673,31878320.70765707,33170.0731707317,9436266.242073936,31877370.719146516,33170.0731707317
9436661.983549671,31878840.43743392,32682.29268292683,2.8018472899879443,9436366.189943934,31878410.17870022,32194.51219512195,9436711.957484674,31879360.167210773,32194.51219512195,9436957.77715541,31879270.696167625,33170.0731707317,9436612.009614673,31878320.70765707,33170.0731707317
9437007.751090411,31879790.425944477,32682.29268292683,2.9521203898961708,9436711.957484674,31879360.167210773,32194.51219512195,9437057.72502541,31880310.15572133,32194.51219512195,9437303.544696148,31880220.684678186,33170.0731707317,9436957.77715541,31879270.696167625,33170.0731707317
9437353.518631147,31880740.414455034,32682.29268292683,2.624207249251915,9437057.72502541,31880310.15572133,32194.51219512195,9437403.492566148,31881260.14423189,32194.51219512195,9437649.312236885,31881170.673188742,33170.0731707317,9437303.544696148,31880220.684678186,33170.0731707317
9437699.286171885,31881690.402965594,32682.29268292683,2.021573765517984,9437403.492566148,31881260.14423189,32194.51219512195,9437749.260106884,31882210.132742442,32194.51219512195,9437995.079777623,31882120.661699295,33170.0731707317,9437649.312236885,31881170.673188742,33170.0731707317
9438045.053712623,31882640.391476147,32682.29268292683,1.5728230107360222,9437749.260106884,31882210.132742442,32194.51219512195,9438095.027647622,31883160.121253,32194.51219512195,9438340.84731836,31883070.650209855,33170.0731707317,9437995.079777623,31882120.661699295,33170.0731707317
9438390.82125336,31883590.379986703,32682.29268292683,1.2190056329964507,9438095.027647622,31883160.121253,32194.51219512195,9438440.795188358,31884110.109763555,32194.51219512195,9438686.614859099,31884020.638720408,33170.0731707317,9438340.84731836,31883070.650209855,33170.0731707317
9438736.588794097,31884540.368497264,32682.29268292683,1.1618773105907416,9438440.795188358,31884110.109763555,32194.51219512195,9438786.562729098,31885060.09827411,32194.51219512195,9439032.382399835,31884970.62723097,33170.0731707317,9438686.614859099,31884020.638720408,33170.0731707317
9439082.356334835,31885490.357007816,32682.29268292683,0.39609533122531604,9438786.562729098,31885060.09827411,32194.51219512195,9439132.330269834,31886010.086784672,32194.51219512195,9439378.149940573,31885920.615741525,33170.0731707317,9439032.382399835,31884970.62723097,33170.0731707317
9439428.123875571,31886440.345518373,32682.29268292683,0.30532751000315445,9439132.330269834,31886010.086784672,32194.51219512195,9439478.097810572,31886960.075295225,32194.51219512195,9439723.917481309,31886870.604252078,33170.0731707317,9439378.149940573,31885920.615741525,33170.0731707317
9439773.89141631,31887390.334028933,32682.29268292683,0.3933848114795665,9439478.097810572,31886960.075295225,32194.51219512195,9439823.865351308,31887910.06380578,32194.51219512195,9440069.685022047,31887820.592762638,33170.0731707317,9439723.917481309,31886870.604252078,33170.0731707317
9440119.658957046,31888340.322539486,32682.29268292683,0.5848518420127105,9439823.865351308,31887910.06380578,32194.51219512195,9440169.632892046,31888860.05231634,32194.51219512195,9440415.452562785,31888770.581273194,33170.0731707317,9440069.685022047,31887820.592762638,33170.0731707317
9440465.426497784,31889290.311050046,32682.29268292683,0.800796797341526,9440169.632892046,31888860.05231634,32194.51219512195,9440515.400432784,31889810.040826894,32194.51219512195,9440761.220103523,31889720.569783747,33170.0731707317,9440415.452562785,31888770.581273194,33170.0731707317
9440811.194038521,31890240.299560603,32682.29268292683,0.6011901188791751,9440515.400432784,31889810.040826894,32194.51219512195,9440861.167973522,31890760.02933745,32194.51219512195,9441106.987644259,31890670.558294307,33170.0731707317,9440761.220103523,31889720.569783747,33170.0731707317
9441156.96157926,31891190.288071156,32682.29268292683,0.4940789111849496,9440861.167973522,31890760.02933745,32194.51219512195,9441206.93551426,31891710.017848007,32194.51219512195,9441452.755184997,31891620.54680486,33170.0731707317,9441106.987644259,31890670.558294307,33170.0731707317
9441502.729119997,31892140.276581716,32682.29268292683,0.4389201897820066,9441206.93551426,31891710.017848007,32194.51219512195,9441552.703054996,31892660.006358564,32194.51219512195,9441798.522725737,31892570.53531542,33170.0731707317,9441452.755184997,31891620.54680486,33170.0731707317
9441848.496660735,31893090.265092272,32682.29268292683,0.2034749874595031,9441552.703054996,31892660.006358564,32194.51219512195,9441898.470595734,31893609.994869124,32194.51219512195,9442144.290266473,31893520.523825977,33170.0731707317,9441798.522725737,31892570.53531542,33170.0731707317
9442194.264201472,31894040.253602825,32682.29268292683,0.03230758423428839,9441898.470595734,31893609.994869124,32194.51219512195,9442244.23813647,31894559.98337968,32194.51219512195,9442490.05780721,31894470.512336534,33170.0731707317,9442144.290266473,31893520.523825977,33170.0731707317
9422039.7989687,31837901.46043685,33657.85365853658,1.5404503396645313,9421744.005362963,31837471.201703142,33170.0731707317,9422089.772903701,31838421.190213695,33170.0731707317,9422335.59257444,31838331.71917055,34145.634146341465,9421989.825033702,31837381.730659995,34145.634146341465
9422385.566509439,31838851.4489474,33657.85365853658,2.411432973335808,9422089.772903701,31838421.190213695,33170.0731707317,9422435.540444437,31839371.178724255,33170.0731707317,9422681.360115178,31839281.70768111,34145.634146341465,9422335.59257444,31838331.71917055,34145.634146341465
9422731.334050175,31839801.437457956,33657.85365853658,1.988217827806053,9422435.540444437,31839371.178724255,33170.0731707317,9422781.307985175,31840321.16723481,33170.0731707317,9423027.127655914,31840231.69619166,34145.634146341465,9422681.360115178,31839281.70768111,34145.634146341465
9423077.101590913,31840751.425968513,33657.85365853658,1.2916355545816989,9422781.307985175,31840321.16723481,33170.0731707317,9423127.075525913,31841271.155745365,33170.0731707317,9423372.895196652,31841181.68470222,34145.634146341465,9423027.127655914,31840231.69619166,34145.634146341465
9423422.86913165,31841701.41447907,33657.85365853658,1.1011517830798434,9423127.075525913,31841271.155745365,33170.0731707317,9423472.843066651,31842221.144255925,33170.0731707317,9423718.662737388,31842131.673212778,34145.634146341465,9423372.895196652,31841181.68470222,34145.634146341465
9423768.636672389,31842651.402989633,33657.85365853658,0.9795257508172139,9423472.843066651,31842221.144255925,33170.0731707317,9423818.610607387,31843171.13276648,33170.0731707317,9424064.430278128,31843081.661723334,34145.634146341465,9423718.662737388,31842131.673212778,34145.634146341465
9424114.404213127,31843601.39150019,33657.85365853658,0.9672265632953736,9423818.610607387,31843171.13276648,33170.0731707317,9424164.378148125,31844121.121277034,33170.0731707317,9424410.197818864,31844031.65023389,34145.634146341465,9424064.430278128,31843081.661723334,34145.634146341465
9424460.171753863,31844551.38001074,33657.85365853658,0.5883893605821646,9424164.378148125,31844121.121277034,33170.0731707317,9424510.145688862,31845071.109787595,33170.0731707317,9424755.965359602,31844981.638744447,34145.634146341465,9424410.197818864,31844031.65023389,34145.634146341465
9424805.9392946,31845501.3685213,33657.85365853658,0.38396729816963127,9424510.145688862,31845071.109787595,33170.0731707317,9424855.9132296,31846021.098298147,33170.0731707317,9425101.732900338,31845931.627255004,34145.634146341465,9424755.965359602,31844981.638744447,34145.634146341465
9425151.706835339,31846451.357031852,33657.85365853658,0.336291665472785,9424855.9132296,31846021.098298147,33170.0731707317,9425201.680770338,31846971.086808708,33170.0731707317,9425447.500441076,31846881.61576556,34145.634146341465,9425101.732900338,31845931.627255004,34145.634146341465
9425497.474376075,31847401.34554241,33657.85365853658,0.16798520227833774,9425201.680770338,31846971.086808708,33170.0731707317,9425547.448311076,31847921.075319264,33170.0731707317,9425793.267981812,31847831.604276113,34145.634146341465,9425447.500441076,31846881.61576556,34145.634146341465
9425843.241916813,31848351.33405297,33657.85365853658,0.284105961915754,9425547.448311076,31847921.075319264,33170.0731707317,9425893.215851814,31848871.063829817,33170.0731707317,9426139.035522552,31848781.592786673,34145.634146341465,9425793.267981812,31847831.604276113,34145.634146341465
9426189.009457551,31849301.32256352,33657.85365853658,0.11121700638514662,9425893.215851814,31848871.063829817,33170.0731707317,9426238.98339255,31849821.052340377,33170.0731707317,9426484.80306329,31849731.58129723,34145.634146341465,9426139.035522552,31848781.592786673,34145.634146341465
9426534.776998287,31850251.31107408,33657.85365853658,0.20205853973734095,9426238.98339255,31849821.052340377,33170.0731707317,9426584.750933288,31850771.040850934,33170.0731707317,9426830.570604026,31850681.569807786,34145.634146341465,9426484.80306329,31849731.58129723,34145.634146341465
9426880.544539025,31851201.29958464,33657.85365853658,0.4755859170975373,9426584.750933288,31850771.040850934,33170.0731707317,9426930.518474024,31851721.029361486,33170.0731707317,9427176.338144764,31851631.558318343,34145.634146341465,9426830.570604026,31850681.569807786,34145.634146341465
9427226.312079761,31852151.28809519,33657.85365853658,0.5733550923381283,9426930.518474024,31851721.029361486,33170.0731707317,9427276.286014764,31852671.017872047,33170.0731707317,9427522.1056855,31852581.5468289,34145.634146341465,9427176.338144764,31851631.558318343,34145.634146341465
9427572.079620501,31853101.27660575,33657.85365853658,0.8133483543936119,9427276.286014764,31852671.017872047,33170.0731707317,9427622.0535555,31853621.0063826,33170.0731707317,9427867.873226238,31853531.535339456,34145.634146341465,9427522.1056855,31852581.5468289,34145.634146341465
9427917.847161239,31854051.265116308,33657.85365853658,1.1980037606612077,9427622.0535555,31853621.0063826,33170.0731707317,9427967.821096238,31854570.99489316,33170.0731707317,9428213.640766976,31854481.523850013,34145.634146341465,9427867.873226238,31853531.535339456,34145.634146341465
9428263.614701975,31855001.25362686,33657.85365853658,1.440382405298648,9427967.821096238,31854570.99489316,33170.0731707317,9428313.588636974,31855520.983403716,33170.0731707317,9428559.408307714,31855431.51236057,34145.634146341465,9428213.640766976,31854481.523850013,34145.634146341465
9428609.382242713,31855951.24213742,33657.85365853658,1.3548897134482483,9428313.588636974,31855520.983403716,33170.0731707317,9428659.356177712,31856470.97191427,33170.0731707317,9428905.17584845,31856381.500871126,34145.634146341465,9428559.408307714,31855431.51236057,34145.634146341465
9428955.14978345,31856901.230647977,33657.85365853658,1.2519154139345343,9428659.356177712,31856470.97191427,33170.0731707317,9429005.123718448,31857420.96042483,33170.0731707317,9429250.943389188,31857331.489381682,34145.634146341465,9428905.17584845,31856381.500871126,34145.634146341465
9429300.917324187,31857851.219158534,33657.85365853658,1.3983019620833184,9429005.123718448,31857420.96042483,33170.0731707317,9429350.891259186,31858370.948935382,33170.0731707317,9429596.710929925,31858281.477892235,34145.634146341465,9429250.943389188,31857331.489381682,34145.634146341465
9429646.684864925,31858801.207669087,33657.85365853658,1.827231962493157,9429350.891259186,31858370.948935382,33170.0731707317,9429696.658799926,31859320.93744594,33170.0731707317,9429942.478470663,31859231.466402795,34145.634146341465,9429596.710929925,31858281.477892235,34145.634146341465
9429992.452405663,31859751.196179647,33657.85365853658,0.9709932146862785,9429696.658799926,31859320.93744594,33170.0731707317,9430042.426340662,31860270.9259565,33170.0731707317,9430288.2460114,31860181.45491335,34145.634146341465,9429942.478470663,31859231.466402795,34145.634146341465
9430338.2199464,31860701.184690204,33657.85365853658,0.7712890542993434,9430042.426340662,31860270.9259565,33170.0731707317,9430388.1938814,31861220.91446705,33170.0731707317,9430634.013552139,31861131.44342391,34145.634146341465,9430288.2460114,31860181.45491335,34145.634146341465
9430683.987487137,31861651.173200756,33657.85365853658,0.6545700739261009,9430388.1938814,31861220.91446705,33170.0731707317,9430733.961422136,31862170.902977612,33170.0731707317,9430979.781092877,31862081.431934465,34145.634146341465,9430634.013552139,31861131.44342391,34145.634146341465
9431029.755027873,31862601.161711317,33657.85365853658,1.1902566927214229,9430733.961422136,31862170.902977612,33170.0731707317,9431079.728962874,31863120.89148817,33170.0731707317,9431325.548633613,31863031.42044502,34145.634146341465,9430979.781092877,31862081.431934465,34145.634146341465
9431375.522568611,31863551.150221873,33657.85365853658,1.5170275382076388,9431079.728962874,31863120.89148817,33170.0731707317,9431425.49650361,31864070.87999872,33170.0731707317,9431671.31617435,31863981.408955578,34145.634146341465,9431325.548633613,31863031.42044502,34145.634146341465
9431721.290109348,31864501.138732426,33657.85365853658,1.1844658100197334,9431425.49650361,31864070.87999872,33170.0731707317,9431771.26404435,31865020.86850928,33170.0731707317,9432017.083715087,31864931.397466134,34145.634146341465,9431671.31617435,31863981.408955578,34145.634146341465
9432067.057650087,31865451.127242982,33657.85365853658,0.865844200076002,9431771.26404435,31865020.86850928,33170.0731707317,9432117.031585086,31865970.857019834,33170.0731707317,9432362.851255825,31865881.385976687,34145.634146341465,9432017.083715087,31864931.397466134,34145.634146341465
9432412.825190825,31866401.11575354,33657.85365853658,1.5862532903171531,9432117.031585086,31865970.857019834,33170.0731707317,9432462.799125824,31866920.84553039,33170.0731707317,9432708.618796563,31866831.374487247,34145.634146341465,9432362.851255825,31865881.385976687,34145.634146341465
9432758.592731562,31867351.104264095,33657.85365853658,2.03689743481053,9432462.799125824,31866920.84553039,33170.0731707317,9432808.56666656,31867870.83404095,33170.0731707317,9433054.3863373,31867781.362997804,34145.634146341465,9432708.618796563,31866831.374487247,34145.634146341465
9433104.3602723,31868301.09277466,33657.85365853658,1.7509686157540052,9432808.56666656,31867870.83404095,33170.0731707317,9433154.334207298,31868820.822551508,33170.0731707317,9433400.153878037,31868731.35150836,34145.634146341465,9433054.3863373,31867781.362997804,34145.634146341465
9433450.127813036,31869251.08128521,33657.85365853658,1.6560875996924878,9433154.334207298,31868820.822551508,33170.0731707317,9433500.101748036,31869770.811062064,33170.0731707317,9433745.921418775,31869681.340018917,34145.634146341465,9433400.153878037,31868731.35150836,34145.634146341465
9433795.895353775,31870201.069795765,33657.85365853658,1.4775589973107472,9433500.101748036,31869770.811062064,33170.0731707317,9433845.869288774,31870720.79957262,33170.0731707317,9434091.688959511,31870631.328529473,34145.634146341465,9433745.921418775,31869681.340018917,34145.634146341465
9434141.662894512,31871151.05830632,33657.85365853658,1.465779089821036,9433845.869288774,31870720.79957262,33170.0731707317,9434191.636829512,31871670.788083173,33170.0731707317,9434437.456500249,31871581.31704003,34145.634146341465,9434091.688959511,31870631.328529473,34145.634146341465
9434487.43043525,31872101.046816878,33657.85365853658,1.5255108691582853,9434191.636829512,31871670.788083173,33170.0731707317,9434537.404370248,31872620.776593734,33170.0731707317,9434783.224040989,31872531.305550586,34145.634146341465,9434437.456500249,31871581.31704003,34145.634146341465
9434833.197975986,31873051.03532744,33657.85365853658,1.7527625840147112,9434537.404370248,31872620.776593734,33170.0731707317,9434883.171910986,31873570.765104286,33170.0731707317,9435128.991581725,31873481.29406114,34145.634146341465,9434783.224040989,31872531.305550586,34145.634146341465
9435178.965516724,31874001.02383799,33657.85365853658,2.0805058293996392,9434883.171910986,31873570.765104286,33170.0731707317,9435228.939451722,31874520.753614843,33170.0731707317,9435474.759122463,31874431.2825717,34145.634146341465,9435128.991581725,31873481.29406114,34145.634146341465
9435524.73305746,31874951.012348548,33657.85365853658,2.2457776364337625,9435228.939451722,31874520.753614843,33170.0731707317,9435574.70699246,31875470.742125403,33170.0731707317,9435820.526663199,31875381.271082256,34145.634146341465,9435474.759122463,31874431.2825717,34145.634146341465
9435870.500598198,31875901.000859108,33657.85365853658,2.486436810552915,9435574.70699246,31875470.742125403,33170.0731707317,9435920.474533198,31876420.73063596,33170.0731707317,9436166.294203937,31876331.259592816,34145.634146341465,9435820.526663199,31875381.271082256,34145.634146341465
9436216.268138936,31876850.98936966,33657.85365853658,3.5653984002989825,9435920.474533198,31876420.73063596,33170.0731707317,9436266.242073936,31877370.719146516,33170.0731707317,9436512.061744673,31877281.24810337,34145.634146341465,9436166.294203937,31876331.259592816,34145.634146341465
9436562.035679674,31877800.977880217,33657.85365853658,3.511792061933793,9436266.242073936,31877370.719146516,33170.0731707317,9436612.009614673,31878320.70765707,33170.0731707317,9436857.829285411,31878231.23661392,34145.634146341465,9436512.061744673,31877281.24810337,34145.634146341465
9436907.803220412,31878750.966390777,33657.85365853658,3.2270479607524583,9436612.009614673,31878320.70765707,33170.0731707317,9436957.77715541,31879270.696167625,33170.0731707317,9437203.59682615,31879181.225124482,34145.634146341465,9436857.829285411,31878231.23661392,34145.634146341465
9437253.570761148,31879700.95490133,33657.85365853658,2.9737510427207625,9436957.77715541,31879270.696167625,33170.0731707317,9437303.544696148,31880220.684678186,33170.0731707317,9437549.364366887,31880131.21363504,34145.634146341465,9437203.59682615,31879181.225124482,34145.634146341465
9437599.338301886,31880650.94341189,33657.85365853658,2.272205572419546,9437303.544696148,31880220.684678186,33170.0731707317,9437649.312236885,31881170.673188742,33170.0731707317,9437895.131907623,31881081.202145595,34145.634146341465,9437549.364366887,31880131.21363504,34145.634146341465
9437945.105842622,31881600.931922447,33657.85365853658,1.9603673911011263,9437649.312236885,31881170.673188742,33170.0731707317,9437995.079777623,31882120.661699295,33170.0731707317,9438240.899448361,31882031.19065615,34145.634146341465,9437895.131907623,31881081.202145595,34145.634146341465
9438290.873383362,31882550.920433,33657.85365853658,1.7468737747868552,9437995.079777623,31882120.661699295,33170.0731707317,9438340.84731836,31883070.650209855,33170.0731707317,9438586.6669891,31882981.17916671,34145.634146341465,9438240.899448361,31882031.19065615,34145.634146341465
9438636.640924098,31883500.90894356,33657.85365853658,1.1716513269326152,9438340.84731836,31883070.650209855,33170.0731707317,9438686.614859099,31884020.638720408,33170.0731707317,9438932.434529835,31883931.167677265,34145.634146341465,9438586.6669891,31882981.17916671,34145.634146341465
9438982.408464836,31884450.897454116,33657.85365853658,0.5832373533741431,9438686.614859099,31884020.638720408,33170.0731707317,9439032.382399835,31884970.62723097,33170.0731707317,9439278.202070575,31884881.15618782,34145.634146341465,9438932.434529835,31883931.167677265,34145.634146341465
9439328.176005572,31885400.88596467,33657.85365853658,0.1293170876525096,9439032.382399835,31884970.62723097,33170.0731707317,9439378.149940573,31885920.615741525,33170.0731707317,9439623.969611311,31885831.144698374,34145.634146341465,9439278.202070575,31884881.15618782,34145.634146341465
9439673.94354631,31886350.87447523,33657.85365853658,0.08230936251488356,9439378.149940573,31885920.615741525,33170.0731707317,9439723.917481309,31886870.604252078,33170.0731707317,9439969.73715205,31886781.133208934,34145.634146341465,9439623.969611311,31885831.144698374,34145.634146341465
9440019.711087046,31887300.862985786,33657.85365853658,0.10100284532305212,9439723.917481309,31886870.604252078,33170.0731707317,9440069.685022047,31887820.592762638,33170.0731707317,9440315.504692785,31887731.12171949,34145.634146341465,9439969.73715205,31886781.133208934,34145.634146341465
9440365.478627784,31888250.851496343,33657.85365853658,0.13478701534025458,9440069.685022047,31887820.592762638,33170.0731707317,9440415.452562785,31888770.581273194,33170.0731707317,9440661.272233523,31888681.110230047,34145.634146341465,9440315.504692785,31887731.12171949,34145.634146341465
9440711.246168522,31889200.8400069,33657.85365853658,0.30940059200181097,9440415.452562785,31888770.581273194,33170.0731707317,9440761.220103523,31889720.569783747,33170.0731707317,9441007.03977426,31889631.098740604,34145.634146341465,9440661.272233523,31888681.110230047,34145.634146341465
9441057.01370926,31890150.828517456,33657.85365853658,0.3477450320347236,9440761.220103523,31889720.569783747,33170.0731707317,9441106.987644259,31890670.558294307,33170.0731707317,9441352.807315,31890581.08725116,34145.634146341465,9441007.03977426,31889631.098740604,34145.634146341465
9441402.781249998,31891100.817028012,33657.85365853658,0.414402499235952,9441106.987644259,31890670.558294307,33170.0731707317,9441452.755184997,31891620.54680486,33170.0731707317,9441698.574855736,31891531.075761717,34145.634146341465,9441352.807315,31890581.08725116,34145.634146341465
9441748.548790736,31892050.80553857,33657.85365853658,0.30352392375691406,9441452.755184997,31891620.54680486,33170.0731707317,9441798.522725737,31892570.53531542,33170.0731707317,9442044.342396474,31892481.064272273,34145.634146341465,9441698.574855736,31891531.075761717,34145.634146341465
9442094.316331474,31893000.794049125,33657.85365853658,0.12293407532375897,9441798.522725737,31892570.53531542,33170.0731707317,9442144.290266473,31893520.523825977,33170.0731707317,9442390.109937211,31893431.05278283,34145.634146341465,9442044.342396474,31892481.064272273,34145.634146341465
9442440.08387221,31893950.78255968,33657.85365853658,0.2497575428786316,9442144.290266473,31893520.523825977,33170.0731707317,9442490.05780721,31894470.512336534,33170.0731707317,9442735.877477948,31894381.041293386,34145.634146341465,9442390.109937211,31893431.05278283,34145.634146341465
9422285.61863944,31837811.989393704,34633.41463414634,2.2967978128142916,9421989.825033702,31837381.730659995,34145.634146341465,9422335.59257444,31838331.71917055,34145.634146341465,9422581.412245177,31838242.248127405,35121.19512195122,9422235.64470444,31837292.25961685,35121.19512195122
9422631.386180177,31838761.977904253,34633.41463414634,1.9670177321893527,9422335.59257444,31838331.71917055,34145.634146341465,9422681.360115178,31839281.70768111,34145.634146341465,9422927.179785917,31839192.23663796,35121.19512195122,9422581.412245177,31838242.248127405,35121.19512195122
9422977.153720915,31839711.966414813,34633.41463414634,2.194838221822287,9422681.360115178,31839281.70768111,34145.634146341465,9423027.127655914,31840231.69619166,34145.634146341465,9423272.947326653,31840142.225148518,35121.19512195122,9422927.179785917,31839192.23663796,35121.19512195122
9423322.921261651,31840661.954925366,34633.41463414634,1.467463930587793,9423027.127655914,31840231.69619166,34145.634146341465,9423372.895196652,31841181.68470222,34145.634146341465,9423618.71486739,31841092.213659074,35121.19512195122,9423272.947326653,31840142.225148518,35121.19512195122
9423668.688802391,31841611.943435926,34633.41463414634,1.5188014792770537,9423372.895196652,31841181.68470222,34145.634146341465,9423718.662737388,31842131.673212778,34145.634146341465,9423964.482408129,31842042.20216963,35121.19512195122,9423618.71486739,31841092.213659074,35121.19512195122
9424014.456343127,31842561.931946486,34633.41463414634,1.1284378025070165,9423718.662737388,31842131.673212778,34145.634146341465,9424064.430278128,31843081.661723334,34145.634146341465,9424310.249948865,31842992.190680187,35121.19512195122,9423964.482408129,31842042.20216963,35121.19512195122
9424360.223883865,31843511.920457043,34633.41463414634,0.7848379316277075,9424064.430278128,31843081.661723334,34145.634146341465,9424410.197818864,31844031.65023389,34145.634146341465,9424656.017489603,31843942.179190744,35121.19512195122,9424310.249948865,31842992.190680187,35121.19512195122
9424705.991424602,31844461.908967596,34633.41463414634,0.6988975622784422,9424410.197818864,31844031.65023389,34145.634146341465,9424755.965359602,31844981.638744447,34145.634146341465,9425001.78503034,31844892.167701304,35121.19512195122,9424656.017489603,31843942.179190744,35121.19512195122
9425051.75896534,31845411.897478152,34633.41463414634,0.43025956044801156,9424755.965359602,31844981.638744447,34145.634146341465,9425101.732900338,31845931.627255004,34145.634146341465,9425347.552571079,31845842.156211857,35121.19512195122,9425001.78503034,31844892.167701304,35121.19512195122
9425397.526506076,31846361.885988705,34633.41463414634,0.16349454416325343,9425101.732900338,31845931.627255004,34145.634146341465,9425447.500441076,31846881.61576556,34145.634146341465,9425693.320111815,31846792.144722413,35121.19512195122,9425347.552571079,31845842.156211857,35121.19512195122
9425743.294046814,31847311.874499265,34633.41463414634,0.37924505092175104,9425447.500441076,31846881.61576556,34145.634146341465,9425793.267981812,31847831.604276113,34145.634146341465,9426039.087652553,31847742.13323297,35121.19512195122,9425693.320111815,31846792.144722413,35121.19512195122
9426089.06158755,31848261.86300982,34633.41463414634,0.2410421020490969,9425793.267981812,31847831.604276113,34145.634146341465,9426139.035522552,31848781.592786673,34145.634146341465,9426384.855193289,31848692.121743526,35121.19512195122,9426039.087652553,31847742.13323297,35121.19512195122
9426434.82912829,31849211.85152038,34633.41463414634,0.1890467797438335,9426139.035522552,31848781.592786673,34145.634146341465,9426484.80306329,31849731.58129723,34145.634146341465,9426730.622734027,31849642.110254083,35121.19512195122,9426384.855193289,31848692.121743526,35121.19512195122
9426780.596669028,31850161.840030935,34633.41463414634,0.30822489386062824,9426484.80306329,31849731.58129723,34145.634146341465,9426830.570604026,31850681.569807786,34145.634146341465,9427076.390274765,31850592.098764643,35121.19512195122,9426730.622734027,31849642.110254083,35121.19512195122
9427126.364209764,31851111.82854149,34633.41463414634,0.4946579806798664,9426830.570604026,31850681.569807786,34145.634146341465,9427176.338144764,31851631.558318343,34145.634146341465,9427422.157815503,31851542.087275196,35121.19512195122,9427076.390274765,31850592.098764643,35121.19512195122
9427472.131750504,31852061.817052048,34633.41463414634,0.8769747431147413,9427176.338144764,31851631.558318343,34145.634146341465,9427522.1056855,31852581.5468289,34145.634146341465,9427767.925356241,31852492.075785756,35121.19512195122,9427422.157815503,31851542.087275196,35121.19512195122
9427817.899291238,31853011.805562604,34633.41463414634,0.7331511810826921,9427522.1056855,31852581.5468289,34145.634146341465,9427867.873226238,31853531.535339456,34145.634146341465,9428113.692896977,31853442.06429631,35121.19512195122,9427767.925356241,31852492.075785756,35121.19512195122
9428163.666831978,31853961.79407316,34633.41463414634,0.5975800359070743,9427867.873226238,31853531.535339456,34145.634146341465,9428213.640766976,31854481.523850013,34145.634146341465,9428459.460437715,31854392.052806865,35121.19512195122,9428113.692896977,31853442.06429631,35121.19512195122
9428509.434372714,31854911.782583717,34633.41463414634,0.7837070873564103,9428213.640766976,31854481.523850013,34145.634146341465,9428559.408307714,31855431.51236057,34145.634146341465,9428805.227978451,31855342.041317426,35121.19512195122,9428459.460437715,31854392.052806865,35121.19512195122
9428855.201913452,31855861.771094274,34633.41463414634,0.5709159804100863,9428559.408307714,31855431.51236057,34145.634146341465,9428905.17584845,31856381.500871126,34145.634146341465,9429150.995519191,31856292.02982798,35121.19512195122,9428805.227978451,31855342.041317426,35121.19512195122
9429200.969454188,31856811.759604834,34633.41463414634,1.0577679822237986,9428905.17584845,31856381.500871126,34145.634146341465,9429250.943389188,31857331.489381682,34145.634146341465,9429496.763059927,31857242.018338535,35121.19512195122,9429150.995519191,31856292.02982798,35121.19512195122
9429546.736994926,31857761.748115387,34633.41463414634,0.9745369648329177,9429250.943389188,31857331.489381682,34145.634146341465,9429596.710929925,31858281.477892235,34145.634146341465,9429842.530600665,31858192.00684909,35121.19512195122,9429496.763059927,31857242.018338535,35121.19512195122
9429892.504535662,31858711.73662594,34633.41463414634,0.8743262230496283,9429596.710929925,31858281.477892235,34145.634146341465,9429942.478470663,31859231.466402795,34145.634146341465,9430188.298141401,31859141.995359648,35121.19512195122,9429842.530600665,31858192.00684909,35121.19512195122
9430238.2720764,31859661.725136504,34633.41463414634,0.42351877517346803,9429942.478470663,31859231.466402795,34145.634146341465,9430288.2460114,31860181.45491335,34145.634146341465,9430534.06568214,31860091.983870205,35121.19512195122,9430188.298141401,31859141.995359648,35121.19512195122
9430584.039617136,31860611.713647053,34633.41463414634,0.2920507937142575,9430288.2460114,31860181.45491335,34145.634146341465,9430634.013552139,31861131.44342391,34145.634146341465,9430879.833222875,31861041.97238076,35121.19512195122,9430534.06568214,31860091.983870205,35121.19512195122
9430929.807157876,31861561.70215761,34633.41463414634,0.641023159657092,9430634.013552139,31861131.44342391,34145.634146341465,9430979.781092877,31862081.431934465,34145.634146341465,9431225.600763613,31861991.960891318,35121.19512195122,9430879.833222875,31861041.97238076,35121.19512195122
9431275.574698616,31862511.690668173,34633.41463414634,0.5568442523940849,9430979.781092877,31862081.431934465,34145.634146341465,9431325.548633613,31863031.42044502,34145.634146341465,9431571.368304353,31862941.949401878,35121.19512195122,9431225.600763613,31861991.960891318,35121.19512195122
9431621.34223935,31863461.679178726,34633.41463414634,1.2062524786565214,9431325.548633613,31863031.42044502,34145.634146341465,9431671.31617435,31863981.408955578,34145.634146341465,9431917.13584509,31863891.93791243,35121.19512195122,9431571.368304353,31862941.949401878,35121.19512195122
9431967.10978009,31864411.667689282,34633.41463414634,1.0566844104803403,9431671.31617435,31863981.408955578,34145.634146341465,9432017.083715087,31864931.397466134,34145.634146341465,9432262.903385827,31864841.926422987,35121.19512195122,9431917.13584509,31863891.93791243,35121.19512195122
9432312.877320824,31865361.656199835,34633.41463414634,0.7719845676466246,9432017.083715087,31864931.397466134,34145.634146341465,9432362.851255825,31865881.385976687,34145.634146341465,9432608.670926563,31865791.914933544,35121.19512195122,9432262.903385827,31864841.926422987,35121.19512195122
9432658.644861564,31866311.64471039,34633.41463414634,1.2277405393238479,9432362.851255825,31865881.385976687,34145.634146341465,9432708.618796563,31866831.374487247,34145.634146341465,9432954.438467301,31866741.9034441,35121.19512195122,9432608.670926563,31865791.914933544,35121.19512195122
9433004.4124023,31867261.633220952,34633.41463414634,1.5404886935683413,9432708.618796563,31866831.374487247,34145.634146341465,9433054.3863373,31867781.362997804,34145.634146341465,9433300.206008038,31867691.89195466,35121.19512195122,9432954.438467301,31866741.9034441,35121.19512195122
9433350.179943038,31868211.621731505,34633.41463414634,1.220688639121959,9433054.3863373,31867781.362997804,34145.634146341465,9433400.153878037,31868731.35150836,34145.634146341465,9433645.973548777,31868641.880465213,35121.19512195122,9433300.206008038,31867691.89195466,35121.19512195122
9433695.947483774,31869161.61024206,34633.41463414634,1.4224146360498051,9433400.153878037,31868731.35150836,34145.634146341465,9433745.921418775,31869681.340018917,34145.634146341465,9433991.741089514,31869591.86897577,35121.19512195122,9433645.973548777,31868641.880465213,35121.19512195122
9434041.715024512,31870111.59875262,34633.41463414634,2.050548588532554,9433745.921418775,31869681.340018917,34145.634146341465,9434091.688959511,31870631.328529473,34145.634146341465,9434337.508630252,31870541.85748633,35121.19512195122,9433991.741089514,31869591.86897577,35121.19512195122
9434387.482565248,31871061.587263174,34633.41463414634,1.9566207316769828,9434091.688959511,31870631.328529473,34145.634146341465,9434437.456500249,31871581.31704003,34145.634146341465,9434683.276170988,31871491.845996883,35121.19512195122,9434337.508630252,31870541.85748633,35121.19512195122
9434733.250105986,31872011.575773735,34633.41463414634,2.056888996961249,9434437.456500249,31871581.31704003,34145.634146341465,9434783.224040989,31872531.305550586,34145.634146341465,9435029.043711726,31872441.83450744,35121.19512195122,9434683.276170988,31871491.845996883,35121.19512195122
9435079.017646726,31872961.56428429,34633.41463414634,2.649051782102644,9434783.224040989,31872531.305550586,34145.634146341465,9435128.991581725,31873481.29406114,34145.634146341465,9435374.811252464,31873391.823017996,35121.19512195122,9435029.043711726,31872441.83450744,35121.19512195122
9435424.785187462,31873911.552794844,34633.41463414634,2.489145416308296,9435128.991581725,31873481.29406114,34145.634146341465,9435474.759122463,31874431.2825717,34145.634146341465,9435720.578793202,31874341.811528552,35121.19512195122,9435374.811252464,31873391.823017996,35121.19512195122
9435770.552728202,31874861.541305404,34633.41463414634,2.1805421384427026,9435474.759122463,31874431.2825717,34145.634146341465,9435820.526663199,31875381.271082256,34145.634146341465,9436066.34633394,31875291.800039113,35121.19512195122,9435720.578793202,31874341.811528552,35121.19512195122
9436116.320268936,31875811.52981596,34633.41463414634,3.0639913275091755,9435820.526663199,31875381.271082256,34145.634146341465,9436166.294203937,31876331.259592816,34145.634146341465,9436412.113874676,31876241.78854967,35121.19512195122,9436066.34633394,31875291.800039113,35121.19512195122
9436462.087809676,31876761.518326513,34633.41463414634,4.114678105325094,9436166.294203937,31876331.259592816,34145.634146341465,9436512.061744673,31877281.24810337,34145.634146341465,9436757.881415414,31877191.777060222,35121.19512195122,9436412.113874676,31876241.78854967,35121.19512195122
9436807.85535041,31877711.506837074,34633.41463414634,3.7027118454663372,9436512.061744673,31877281.24810337,34145.634146341465,9436857.829285411,31878231.23661392,34145.634146341465,9437103.64895615,31878141.76557078,35121.19512195122,9436757.881415414,31877191.777060222,35121.19512195122
9437153.62289115,31878661.49534763,34633.41463414634,3.8272930021275324,9436857.829285411,31878231.23661392,34145.634146341465,9437203.59682615,31879181.225124482,34145.634146341465,9437449.416496888,31879091.754081335,35121.19512195122,9437103.64895615,31878141.76557078,35121.19512195122
9437499.390431887,31879611.483858187,34633.41463414634,3.726164849973162,9437203.59682615,31879181.225124482,34145.634146341465,9437549.364366887,31880131.21363504,34145.634146341465,9437795.184037624,31880041.74259189,35121.19512195122,9437449.416496888,31879091.754081335,35121.19512195122
9437845.157972625,31880561.472368743,34633.41463414634,3.072763620624938,9437549.364366887,31880131.21363504,34145.634146341465,9437895.131907623,31881081.202145595,34145.634146341465,9438140.951578364,31880991.731102448,35121.19512195122,9437795.184037624,31880041.74259189,35121.19512195122
9438190.92551336,31881511.4608793,34633.41463414634,1.6590122739378186,9437895.131907623,31881081.202145595,34145.634146341465,9438240.899448361,31882031.19065615,34145.634146341465,9438486.7191191,31881941.719613004,35121.19512195122,9438140.951578364,31880991.731102448,35121.19512195122
9438536.693054099,31882461.449389856,34633.41463414634,0.5531036967446566,9438240.899448361,31882031.19065615,34145.634146341465,9438586.6669891,31882981.17916671,34145.634146341465,9438832.486659838,31882891.708123565,35121.19512195122,9438486.7191191,31881941.719613004,35121.19512195122
9438882.460594837,31883411.437900413,34633.41463414634,0.2742356131034437,9438586.6669891,31882981.17916671,34145.634146341465,9438932.434529835,31883931.167677265,34145.634146341465,9439178.254200574,31883841.696634118,35121.19512195122,9438832.486659838,31882891.708123565,35121.19512195122
9439228.228135573,31884361.42641097,34633.41463414634,0.2392828084049882,9438932.434529835,31883931.167677265,34145.634146341465,9439278.202070575,31884881.15618782,34145.634146341465,9439524.021741312,31884791.685144674,35121.19512195122,9439178.254200574,31883841.696634118,35121.19512195122
9439573.995676313,31885311.414921526,34633.41463414634,0.07474613532825926,9439278.202070575,31884881.15618782,34145.634146341465,9439623.969611311,31885831.144698374,34145.634146341465,9439869.78928205,31885741.67365523,35121.19512195122,9439524.021741312,31884791.685144674,35121.19512195122
9439919.763217049,31886261.403432082,34633.41463414634,0.021827992670657576,9439623.969611311,31885831.144698374,34145.634146341465,9439969.73715205,31886781.133208934,34145.634146341465,9440215.556822788,31886691.662165787,35121.19512195122,9439869.78928205,31885741.67365523,35121.19512195122
9440265.530757789,31887211.391942643,34633.41463414634,0.09078292525052024,9439969.73715205,31886781.133208934,34145.634146341465,9440315.504692785,31887731.12171949,34145.634146341465,9440561.324363526,31887641.650676344,35121.19512195122,9440215.556822788,31886691.662165787,35121.19512195122
9440611.298298523,31888161.380453195,34633.41463414634,0.07722531125534648,9440315.504692785,31887731.12171949,34145.634146341465,9440661.272233523,31888681.110230047,34145.634146341465,9440907.091904262,31888591.639186904,35121.19512195122,9440561.324363526,31887641.650676344,35121.19512195122
9440957.065839263,31889111.368963752,34633.41463414634,0.12464168799791442,9440661.272233523,31888681.110230047,34145.634146341465,9441007.03977426,31889631.098740604,34145.634146341465,9441252.859445,31889541.627697457,35121.19512195122,9440907.091904262,31888591.639186904,35121.19512195122
9441302.833379999,31890061.357474312,34633.41463414634,0.1362080986639584,9441007.03977426,31889631.098740604,34145.634146341465,9441352.807315,31890581.08725116,34145.634146341465,9441598.626985736,31890491.616208017,35121.19512195122,9441252.859445,31889541.627697457,35121.19512195122
9441648.600920737,31891011.345984865,34633.41463414634,0.3984255604704177,9441352.807315,31890581.08725116,34145.634146341465,9441698.574855736,31891531.075761717,34145.634146341465,9441944.394526474,31891441.60471857,35121.19512195122,9441598.626985736,31890491.616208017,35121.19512195122
9441994.368461473,31891961.33449542,34633.41463414634,0.4282153757186036,9441698.574855736,31891531.075761717,34145.634146341465,9442044.342396474,31892481.064272273,34145.634146341465,9442290.162067212,31892391.593229126,35121.19512195122,9441944.394526474,31891441.60471857,35121.19512195122
9442340.13600221,31892911.32300598,34633.41463414634,0.5511843563797548,9442044.342396474,31892481.064272273,34145.634146341465,9442390.109937211,31893431.05278283,34145.634146341465,9442635.92960795,31893341.581739686,35121.19512195122,9442290.162067212,31892391.593229126,35121.19512195122
9442685.903542947,31893861.311516535,34633.41463414634,0.8832394319027821,9442390.109937211,31893431.05278283,34145.634146341465,9442735.877477948,31894381.041293386,34145.634146341465,9442981.697148686,31894291.57025024,35121.19512195122,9442635.92960795,31893341.581739686,35121.19512195122
9422531.43831018,31837722.518350556,35608.975609756104,2.2094026274170635,9422235.64470444,31837292.25961685,35121.19512195122,9422581.412245177,31838242.248127405,35121.19512195122,9422827.231915917,31838152.777084257,36096.756097560974,9422481.46437518,31837202.788573705,36096.756097560974
9422877.205850916,31838672.50686111,35608.975609756104,2.3607730151953947,9422581.412245177,31838242.248127405,35121.19512195122,9422927.179785917,31839192.23663796,35121.19512195122,9423172.999456653,31839102.765594818,36096.756097560974,9422827.231915917,31838152.777084257,36096.756097560974
9423222.973391654,31839622.495371666,35608.975609756104,2.084895574041822,9422927.179785917,31839192.23663796,35121.19512195122,9423272.947326653,31840142.225148518,35121.19512195122,9423518.766997391,31840052.75410537,36096.756097560974,9423172.999456653,31839102.765594818,36096.756097560974
9423568.74093239,31840572.483882222,35608.975609756104,1.917829509188324,9423272.947326653,31840142.225148518,35121.19512195122,9423618.71486739,31841092.213659074,35121.19512195122,9423864.534538127,31841002.742615927,36096.756097560974,9423518.766997391,31840052.75410537,36096.756097560974
9423914.508473128,31841522.47239278,35608.975609756104,1.3720439944469838,9423618.71486739,31841092.213659074,35121.19512195122,9423964.482408129,31842042.20216963,35121.19512195122,9424210.302078865,31841952.731126487,36096.756097560974,9423864.534538127,31841002.742615927,36096.756097560974
9424260.276013866,31842472.460903335,35608.975609756104,1.285915162097362,9423964.482408129,31842042.20216963,35121.19512195122,9424310.249948865,31842992.190680187,35121.19512195122,9424556.069619603,31842902.71963704,36096.756097560974,9424210.302078865,31841952.731126487,36096.756097560974
9424606.043554602,31843422.449413892,35608.975609756104,1.067458799831177,9424310.249948865,31842992.190680187,35121.19512195122,9424656.017489603,31843942.179190744,35121.19512195122,9424901.837160341,31843852.7081476,36096.756097560974,9424556.069619603,31842902.71963704,36096.756097560974
9424951.81109534,31844372.43792445,35608.975609756104,0.8409740741223484,9424656.017489603,31843942.179190744,35121.19512195122,9425001.78503034,31844892.167701304,35121.19512195122,9425247.60470108,31844802.696658157,36096.756097560974,9424901.837160341,31843852.7081476,36096.756097560974
9425297.578636078,31845322.426435005,35608.975609756104,0.9221366103033405,9425001.78503034,31844892.167701304,35121.19512195122,9425347.552571079,31845842.156211857,35121.19512195122,9425593.372241816,31845752.68516871,36096.756097560974,9425247.60470108,31844802.696658157,36096.756097560974
9425643.346176816,31846272.41494556,35608.975609756104,1.0646747612987781,9425347.552571079,31845842.156211857,35121.19512195122,9425693.320111815,31846792.144722413,35121.19512195122,9425939.139782554,31846702.67367927,36096.756097560974,9425593.372241816,31845752.68516871,36096.756097560974
9425989.113717552,31847222.403456118,35608.975609756104,1.0633450247316552,9425693.320111815,31846792.144722413,35121.19512195122,9426039.087652553,31847742.13323297,35121.19512195122,9426284.90732329,31847652.662189823,36096.756097560974,9425939.139782554,31846702.67367927,36096.756097560974
9426334.881258292,31848172.39196668,35608.975609756104,0.7042633258821741,9426039.087652553,31847742.13323297,35121.19512195122,9426384.855193289,31848692.121743526,35121.19512195122,9426630.67486403,31848602.65070038,36096.756097560974,9426284.90732329,31847652.662189823,36096.756097560974
9426680.648799026,31849122.38047723,35608.975609756104,0.601819950914799,9426384.855193289,31848692.121743526,35121.19512195122,9426730.622734027,31849642.110254083,35121.19512195122,9426976.442404766,31849552.63921094,36096.756097560974,9426630.67486403,31848602.65070038,36096.756097560974
9427026.416339766,31850072.368987788,35608.975609756104,0.3842158908096385,9426730.622734027,31849642.110254083,35121.19512195122,9427076.390274765,31850592.098764643,35121.19512195122,9427322.209945504,31850502.627721492,36096.756097560974,9426976.442404766,31849552.63921094,36096.756097560974
9427372.183880502,31851022.357498348,35608.975609756104,0.43315307413018356,9427076.390274765,31850592.098764643,35121.19512195122,9427422.157815503,31851542.087275196,35121.19512195122,9427667.97748624,31851452.616232052,36096.756097560974,9427322.209945504,31850502.627721492,36096.756097560974
9427717.95142124,31851972.3460089,35608.975609756104,1.2119934324670871,9427422.157815503,31851542.087275196,35121.19512195122,9427767.925356241,31852492.075785756,35121.19512195122,9428013.745026978,31852402.60474261,36096.756097560974,9427667.97748624,31851452.616232052,36096.756097560974
9428063.718961978,31852922.334519457,35608.975609756104,0.9169295552997968,9427767.925356241,31852492.075785756,35121.19512195122,9428113.692896977,31853442.06429631,35121.19512195122,9428359.512567714,31853352.59325316,36096.756097560974,9428013.745026978,31852402.60474261,36096.756097560974
9428409.486502714,31853872.323030017,35608.975609756104,0.680400295209773,9428113.692896977,31853442.06429631,35121.19512195122,9428459.460437715,31854392.052806865,35121.19512195122,9428705.280108454,31854302.581763722,36096.756097560974,9428359.512567714,31853352.59325316,36096.756097560974
9428755.254043452,31854822.31154057,35608.975609756104,0.9862499450804273,9428459.460437715,31854392.052806865,35121.19512195122,9428805.227978451,31855342.041317426,35121.19512195122,9429051.047649192,31855252.570274275,36096.756097560974,9428705.280108454,31854302.581763722,36096.756097560974
9429101.021584189,31855772.30005113,35608.975609756104,1.1523466398159943,9428805.227978451,31855342.041317426,35121.19512195122,9429150.995519191,31856292.02982798,35121.19512195122,9429396.815189928,31856202.55878483,36096.756097560974,9429051.047649192,31855252.570274275,36096.756097560974
9429446.789124928,31856722.288561687,35608.975609756104,0.8903373487030259,9429150.995519191,31856292.02982798,35121.19512195122,9429496.763059927,31857242.018338535,35121.19512195122,9429742.582730666,31857152.54729539,36096.756097560974,9429396.815189928,31856202.55878483,36096.756097560974
9429792.556665665,31857672.27707224,35608.975609756104,0.768000444842398,9429496.763059927,31857242.018338535,35121.19512195122,9429842.530600665,31858192.00684909,35121.19512195122,9430088.350271402,31858102.535805944,36096.756097560974,9429742.582730666,31857152.54729539,36096.756097560974
9430138.324206404,31858622.265582796,35608.975609756104,0.37020507532724,9429842.530600665,31858192.00684909,35121.19512195122,9430188.298141401,31859141.995359648,35121.19512195122,9430434.117812142,31859052.524316505,36096.756097560974,9430088.350271402,31858102.535805944,36096.756097560974
9430484.091747139,31859572.25409335,35608.975609756104,0.2115863970779039,9430188.298141401,31859141.995359648,35121.19512195122,9430534.06568214,31860091.983870205,35121.19512195122,9430779.885352878,31860002.512827057,36096.756097560974,9430434.117812142,31859052.524316505,36096.756097560974
9430829.859287878,31860522.242603905,35608.975609756104,0.32380219090181933,9430534.06568214,31860091.983870205,35121.19512195122,9430879.833222875,31861041.97238076,35121.19512195122,9431125.652893616,31860952.501337614,36096.756097560974,9430779.885352878,31860002.512827057,36096.756097560974
9431175.626828613,31861472.231114466,35608.975609756104,0.4163885580219659,9430879.833222875,31861041.97238076,35121.19512195122,9431225.600763613,31861991.960891318,35121.19512195122,9431471.420434352,31861902.489848174,36096.756097560974,9431125.652893616,31860952.501337614,36096.756097560974
9431521.394369353,31862422.219625026,35608.975609756104,0.4365368047759969,9431225.600763613,31861991.960891318,35121.19512195122,9431571.368304353,31862941.949401878,35121.19512195122,9431817.18797509,31862852.47835873,36096.756097560974,9431471.420434352,31861902.489848174,36096.756097560974
9431867.161910089,31863372.208135583,35608.975609756104,0.4260852847781392,9431571.368304353,31862941.949401878,35121.19512195122,9431917.13584509,31863891.93791243,35121.19512195122,9432162.955515826,31863802.466869283,36096.756097560974,9431817.18797509,31862852.47835873,36096.756097560974
9432212.929450827,31864322.196646135,35608.975609756104,0.5097294901001312,9431917.13584509,31863891.93791243,35121.19512195122,9432262.903385827,31864841.926422987,35121.19512195122,9432508.723056566,31864752.455379844,36096.756097560974,9432162.955515826,31863802.466869283,36096.756097560974
9432558.696991565,31865272.185156688,35608.975609756104,0.9775147582226082,9432262.903385827,31864841.926422987,35121.19512195122,9432608.670926563,31865791.914933544,35121.19512195122,9432854.490597304,31865702.443890397,36096.756097560974,9432508.723056566,31864752.455379844,36096.756097560974
9432904.4645323,31866222.17366725,35608.975609756104,1.1575005368858804,9432608.670926563,31865791.914933544,35121.19512195122,9432954.438467301,31866741.9034441,35121.19512195122,9433200.25813804,31866652.432400957,36096.756097560974,9432854.490597304,31865702.443890397,36096.756097560974
9433250.232073039,31867172.162177805,35608.975609756104,1.8437415709255043,9432954.438467301,31866741.9034441,35121.19512195122,9433300.206008038,31867691.89195466,35121.19512195122,9433546.025678778,31867602.42091151,36096.756097560974,9433200.25813804,31866652.432400957,36096.756097560974
9433595.999613775,31868122.150688358,35608.975609756104,1.3547932629353394,9433300.206008038,31867691.89195466,35121.19512195122,9433645.973548777,31868641.880465213,35121.19512195122,9433891.793219514,31868552.409422066,36096.756097560974,9433546.025678778,31867602.42091151,36096.756097560974
9433941.767154515,31869072.139198918,35608.975609756104,1.5009958968949135,9433645.973548777,31868641.880465213,35121.19512195122,9433991.741089514,31869591.86897577,35121.19512195122,9434237.560760252,31869502.397932626,36096.756097560974,9433891.793219514,31868552.409422066,36096.756097560974
9434287.53469525,31870022.127709474,35608.975609756104,2.2024860960506203,9433991.741089514,31869591.86897577,35121.19512195122,9434337.508630252,31870541.85748633,35121.19512195122,9434583.32830099,31870452.386443183,36096.756097560974,9434237.560760252,31869502.397932626,36096.756097560974
9434633.30223599,31870972.11622003,35608.975609756104,2.2015623006681366,9434337.508630252,31870541.85748633,35121.19512195122,9434683.276170988,31871491.845996883,35121.19512195122,9434929.095841728,31871402.374953736,36096.756097560974,9434583.32830099,31870452.386443183,36096.756097560974
9434979.069776725,31871922.104730587,35608.975609756104,2.6108944740127877,9434683.276170988,31871491.845996883,35121.19512195122,9435029.043711726,31872441.83450744,35121.19512195122,9435274.863382464,31872352.363464296,36096.756097560974,9434929.095841728,31871402.374953736,36096.756097560974
9435324.837317465,31872872.093241144,35608.975609756104,2.9373768331140946,9435029.043711726,31872441.83450744,35121.19512195122,9435374.811252464,31873391.823017996,35121.19512195122,9435620.630923202,31873302.35197485,36096.756097560974,9435274.863382464,31872352.363464296,36096.756097560974
9435670.604858201,31873822.0817517,35608.975609756104,2.283609217887646,9435374.811252464,31873391.823017996,35121.19512195122,9435720.578793202,31874341.811528552,35121.19512195122,9435966.398463938,31874252.34048541,36096.756097560974,9435620.630923202,31873302.35197485,36096.756097560974
9436016.372398939,31874772.070262257,35608.975609756104,2.099073573169176,9435720.578793202,31874341.811528552,35121.19512195122,9436066.34633394,31875291.800039113,35121.19512195122,9436312.166004676,31875202.328995965,36096.756097560974,9435966.398463938,31874252.34048541,36096.756097560974
9436362.139939677,31875722.058772814,35608.975609756104,2.8117817014576336,9436066.34633394,31875291.800039113,35121.19512195122,9436412.113874676,31876241.78854967,35121.19512195122,9436657.933545414,31876152.31750652,36096.756097560974,9436312.166004676,31875202.328995965,36096.756097560974
9436707.907480413,31876672.04728337,35608.975609756104,3.023003631273089,9436412.113874676,31876241.78854967,35121.19512195122,9436757.881415414,31877191.777060222,35121.19512195122,9437003.701086152,31877102.30601708,36096.756097560974,9436657.933545414,31876152.31750652,36096.756097560974
9437053.675021151,31877622.035793927,35608.975609756104,3.4972600466479276,9436757.881415414,31877191.777060222,35121.19512195122,9437103.64895615,31878141.76557078,35121.19512195122,9437349.46862689,31878052.29452763,36096.756097560974,9437003.701086152,31877102.30601708,36096.756097560974
9437399.442561887,31878572.024304487,35608.975609756104,3.806776304580076,9437103.64895615,31878141.76557078,35121.19512195122,9437449.416496888,31879091.754081335,35121.19512195122,9437695.236167626,31879002.283038188,36096.756097560974,9437349.46862689,31878052.29452763,36096.756097560974
9437745.210102625,31879522.01281504,35608.975609756104,4.07503405373158,9437449.416496888,31879091.754081335,35121.19512195122,9437795.184037624,31880041.74259189,35121.19512195122,9438041.003708364,31879952.271548748,36096.756097560974,9437695.236167626,31879002.283038188,36096.756097560974
9438090.977643361,31880472.001325596,35608.975609756104,3.1930871703502897,9437795.184037624,31880041.74259189,35121.19512195122,9438140.951578364,31880991.731102448,35121.19512195122,9438386.7712491,31880902.2600593,36096.756097560974,9438041.003708364,31879952.271548748,36096.756097560974
9438436.745184101,31881421.989836156,35608.975609756104,1.9071466709476308,9438140.951578364,31880991.731102448,35121.19512195122,9438486.7191191,31881941.719613004,35121.19512195122,9438732.538789839,31881852.24856986,36096.756097560974,9438386.7712491,31880902.2600593,36096.756097560974
9438782.512724837,31882371.97834671,35608.975609756104,0.8443107325919461,9438486.7191191,31881941.719613004,35121.19512195122,9438832.486659838,31882891.708123565,35121.19512195122,9439078.306330577,31882802.237080418,36096.756097560974,9438732.538789839,31881852.24856986,36096.756097560974
9439128.280265577,31883321.966857266,35608.975609756104,0.6437142957876414,9438832.486659838,31882891.708123565,35121.19512195122,9439178.254200574,31883841.696634118,35121.19512195122,9439424.073871315,31883752.22559097,36096.756097560974,9439078.306330577,31882802.237080418,36096.756097560974
9439474.047806311,31884271.955367826,35608.975609756104,0.4663030481717256,9439178.254200574,31883841.696634118,35121.19512195122,9439524.021741312,31884791.685144674,35121.19512195122,9439769.84141205,31884702.21410153,36096.756097560974,9439424.073871315,31883752.22559097,36096.756097560974
9439819.815347051,31885221.94387838,35608.975609756104,0.13525973717025294,9439524.021741312,31884791.685144674,35121.19512195122,9439869.78928205,31885741.67365523,35121.19512195122,9440115.608952789,31885652.202612083,36096.756097560974,9439769.84141205,31884702.21410153,36096.756097560974
9440165.58288779,31886171.93238894,35608.975609756104,0.04952350958604442,9439869.78928205,31885741.67365523,35121.19512195122,9440215.556822788,31886691.662165787,35121.19512195122,9440461.376493525,31886602.19112264,36096.756097560974,9440115.608952789,31885652.202612083,36096.756097560974
9440511.350428525,31887121.920899495,35608.975609756104,0.23266160309434722,9440215.556822788,31886691.662165787,35121.19512195122,9440561.324363526,31887641.650676344,35121.19512195122,9440807.144034263,31887552.1796332,36096.756097560974,9440461.376493525,31886602.19112264,36096.756097560974
9440857.117969263,31888071.90941005,35608.975609756104,0.15187562893572715,9440561.324363526,31887641.650676344,35121.19512195122,9440907.091904262,31888591.639186904,35121.19512195122,9441152.911575003,31888502.168143757,36096.756097560974,9440807.144034263,31887552.1796332,36096.756097560974
9441202.88551,31889021.89792061,35608.975609756104,0.13682452074482548,9440907.091904262,31888591.639186904,35121.19512195122,9441252.859445,31889541.627697457,35121.19512195122,9441498.679115739,31889452.156654313,36096.756097560974,9441152.911575003,31888502.168143757,36096.756097560974
9441548.653050737,31889971.886431165,35608.975609756104,0.44934086760954883,9441252.859445,31889541.627697457,35121.19512195122,9441598.626985736,31890491.616208017,35121.19512195122,9441844.446656477,31890402.14516487,36096.756097560974,9441498.679115739,31889452.156654313,36096.756097560974
9441894.420591474,31890921.874941718,35608.975609756104,0.48602852866552554,9441598.626985736,31890491.616208017,35121.19512195122,9441944.394526474,31891441.60471857,35121.19512195122,9442190.214197213,31891352.133675423,36096.756097560974,9441844.446656477,31890402.14516487,36096.756097560974
9442240.188132212,31891871.863452278,35608.975609756104,0.5546074831499712,9441944.394526474,31891441.60471857,35121.19512195122,9442290.162067212,31892391.593229126,35121.19512195122,9442535.98173795,31892302.122185983,36096.756097560974,9442190.214197213,31891352.133675423,36096.756097560974
9442585.95567295,31892821.851962835,35608.975609756104,0.46264328350475126,9442290.162067212,31892391.593229126,35121.19512195122,9442635.92960795,31893341.581739686,35121.19512195122,9442881.749278687,31893252.110696536,36096.756097560974,9442535.98173795,31892302.122185983,36096.756097560974
9442931.72321369,31893771.840473387,35608.975609756104,0.34145848068908474,9442635.92960795,31893341.581739686,35121.19512195122,9442981.697148686,31894291.57025024,35121.19512195122,9443227.516819427,31894202.099207092,36096.756097560974,9442881.749278687,31893252.110696536,36096.756097560974
9422777.257980917,31837633.047307413,36584.53658536585,2.027439240016301,9422481.46437518,31837202.788573705,36096.756097560974,9422827.231915917,31838152.777084257,36096.756097560974,9423073.051586654,31838063.306041114,37072.31707317073,9422727.284045918,31837113.317530558,37072.31707317073
9423123.025521655,31838583.035817962,36584.53658536585,2.428242789494466,9422827.231915917,31838152.777084257,36096.756097560974,9423172.999456653,31839102.765594818,36096.756097560974,9423418.819127394,31839013.29455167,37072.31707317073,9423073.051586654,31838063.306041114,37072.31707317073
9423468.79306239,31839533.024328522,36584.53658536585,2.2865061244366824,9423172.999456653,31839102.765594818,36096.756097560974,9423518.766997391,31840052.75410537,36096.756097560974,9423764.58666813,31839963.283062223,37072.31707317073,9423418.819127394,31839013.29455167,37072.31707317073
9423814.560603129,31840483.012839075,36584.53658536585,1.974989494844586,9423518.766997391,31840052.75410537,36096.756097560974,9423864.534538127,31841002.742615927,36096.756097560974,9424110.354208868,31840913.271572784,37072.31707317073,9423764.58666813,31839963.283062223,37072.31707317073
9424160.328143865,31841433.00134963,36584.53658536585,1.958517643445603,9423864.534538127,31841002.742615927,36096.756097560974,9424210.302078865,31841952.731126487,36096.756097560974,9424456.121749604,31841863.260083336,37072.31707317073,9424110.354208868,31840913.271572784,37072.31707317073
9424506.095684603,31842382.989860192,36584.53658536585,1.4181193237319984,9424210.302078865,31841952.731126487,36096.756097560974,9424556.069619603,31842902.71963704,36096.756097560974,9424801.889290342,31842813.248593897,37072.31707317073,9424456.121749604,31841863.260083336,37072.31707317073
9424851.86322534,31843332.978370745,36584.53658536585,1.2486501354549349,9424556.069619603,31842902.71963704,36096.756097560974,9424901.837160341,31843852.7081476,36096.756097560974,9425147.656831078,31843763.237104453,37072.31707317073,9424801.889290342,31842813.248593897,37072.31707317073
9425197.63076608,31844282.9668813,36584.53658536585,1.114813570640957,9424901.837160341,31843852.7081476,36096.756097560974,9425247.60470108,31844802.696658157,36096.756097560974,9425493.424371818,31844713.22561501,37072.31707317073,9425147.656831078,31843763.237104453,37072.31707317073
9425543.398306817,31845232.95539186,36584.53658536585,1.3624542235108899,9425247.60470108,31844802.696658157,36096.756097560974,9425593.372241816,31845752.68516871,36096.756097560974,9425839.191912556,31845663.214125566,37072.31707317073,9425493.424371818,31844713.22561501,37072.31707317073
9425889.165847555,31846182.943902414,36584.53658536585,1.9139516340556806,9425593.372241816,31845752.68516871,36096.756097560974,9425939.139782554,31846702.67367927,36096.756097560974,9426184.959453292,31846613.202636123,37072.31707317073,9425839.191912556,31845663.214125566,37072.31707317073
9426234.93338829,31847132.932412975,36584.53658536585,1.6761559757621376,9425939.139782554,31846702.67367927,36096.756097560974,9426284.90732329,31847652.662189823,36096.756097560974,9426530.72699403,31847563.191146675,37072.31707317073,9426184.959453292,31846613.202636123,37072.31707317073
9426580.700929029,31848082.92092353,36584.53658536585,1.6480555675565678,9426284.90732329,31847652.662189823,36096.756097560974,9426630.67486403,31848602.65070038,36096.756097560974,9426876.494534766,31848513.179657236,37072.31707317073,9426530.72699403,31847563.191146675,37072.31707317073
9426926.468469767,31849032.909434084,36584.53658536585,1.6353662506691593,9426630.67486403,31848602.65070038,36096.756097560974,9426976.442404766,31849552.63921094,36096.756097560974,9427222.262075504,31849463.168167792,37072.31707317073,9426876.494534766,31848513.179657236,37072.31707317073
9427272.236010503,31849982.897944644,36584.53658536585,1.2184124218994592,9426976.442404766,31849552.63921094,36096.756097560974,9427322.209945504,31850502.627721492,36096.756097560974,9427568.029616242,31850413.15667835,37072.31707317073,9427222.262075504,31849463.168167792,37072.31707317073
9427618.003551241,31850932.8864552,36584.53658536585,1.0886600333470267,9427322.209945504,31850502.627721492,36096.756097560974,9427667.97748624,31851452.616232052,36096.756097560974,9427913.79715698,31851363.145188905,37072.31707317073,9427568.029616242,31850413.15667835,37072.31707317073
9427963.771091977,31851882.874965753,36584.53658536585,1.0732144419687961,9427667.97748624,31851452.616232052,36096.756097560974,9428013.745026978,31852402.60474261,36096.756097560974,9428259.564697716,31852313.13369946,37072.31707317073,9427913.79715698,31851363.145188905,37072.31707317073
9428309.538632715,31852832.863476314,36584.53658536585,0.6243561134864177,9428013.745026978,31852402.60474261,36096.756097560974,9428359.512567714,31853352.59325316,36096.756097560974,9428605.332238454,31853263.12221002,37072.31707317073,9428259.564697716,31852313.13369946,37072.31707317073
9428655.306173451,31853782.85198687,36584.53658536585,0.3571115157432834,9428359.512567714,31853352.59325316,36096.756097560974,9428705.280108454,31854302.581763722,36096.756097560974,9428951.09977919,31854213.110720575,37072.31707317073,9428605.332238454,31853263.12221002,37072.31707317073
9429001.073714191,31854732.840497427,36584.53658536585,0.5034036997297534,9428705.280108454,31854302.581763722,36096.756097560974,9429051.047649192,31855252.570274275,36096.756097560974,9429296.867319928,31855163.099231128,37072.31707317073,9428951.09977919,31854213.110720575,37072.31707317073
9429346.84125493,31855682.82900798,36584.53658536585,0.5615447291929666,9429051.047649192,31855252.570274275,36096.756097560974,9429396.815189928,31856202.55878483,36096.756097560974,9429642.634860666,31856113.087741688,37072.31707317073,9429296.867319928,31855163.099231128,37072.31707317073
9429692.608795667,31856632.81751854,36584.53658536585,0.39376286796379484,9429396.815189928,31856202.55878483,36096.756097560974,9429742.582730666,31857152.54729539,36096.756097560974,9429988.402401404,31857063.076252244,37072.31707317073,9429642.634860666,31856113.087741688,37072.31707317073
9430038.376336403,31857582.806029096,36584.53658536585,0.3757290824109262,9429742.582730666,31857152.54729539,36096.756097560974,9430088.350271402,31858102.535805944,36096.756097560974,9430334.169942142,31858013.0647628,37072.31707317073,9429988.402401404,31857063.076252244,37072.31707317073
9430384.143877141,31858532.79453965,36584.53658536585,0.5686679682152915,9430088.350271402,31858102.535805944,36096.756097560974,9430434.117812142,31859052.524316505,36096.756097560974,9430679.937482879,31858963.053273357,37072.31707317073,9430334.169942142,31858013.0647628,37072.31707317073
9430729.91141788,31859482.7830502,36584.53658536585,0.31091507609485575,9430434.117812142,31859052.524316505,36096.756097560974,9430779.885352878,31860002.512827057,36096.756097560974,9431025.705023617,31859913.04178391,37072.31707317073,9430679.937482879,31858963.053273357,37072.31707317073
9431075.678958615,31860432.771560762,36584.53658536585,0.318692436419131,9430779.885352878,31860002.512827057,36096.756097560974,9431125.652893616,31860952.501337614,36096.756097560974,9431371.472564353,31860863.03029447,37072.31707317073,9431025.705023617,31859913.04178391,37072.31707317073
9431421.446499353,31861382.76007132,36584.53658536585,0.4599181896117766,9431125.652893616,31860952.501337614,36096.756097560974,9431471.420434352,31861902.489848174,36096.756097560974,9431717.24010509,31861813.018805027,37072.31707317073,9431371.472564353,31860863.03029447,37072.31707317073
9431767.21404009,31862332.748581883,36584.53658536585,0.6478740198371632,9431471.420434352,31861902.489848174,36096.756097560974,9431817.18797509,31862852.47835873,36096.756097560974,9432063.007645829,31862763.00731558,37072.31707317073,9431717.24010509,31861813.018805027,37072.31707317073
9432112.981580827,31863282.73709243,36584.53658536585,0.9537020152009033,9431817.18797509,31862852.47835873,36096.756097560974,9432162.955515826,31863802.466869283,36096.756097560974,9432408.775186567,31863712.99582614,37072.31707317073,9432063.007645829,31862763.00731558,37072.31707317073
9432458.749121564,31864232.72560299,36584.53658536585,1.2915505001672711,9432162.955515826,31863802.466869283,36096.756097560974,9432508.723056566,31864752.455379844,36096.756097560974,9432754.542727303,31864662.984336697,37072.31707317073,9432408.775186567,31863712.99582614,37072.31707317073
9432804.516662303,31865182.714113545,36584.53658536585,0.9291575771028614,9432508.723056566,31864752.455379844,36096.756097560974,9432854.490597304,31865702.443890397,36096.756097560974,9433100.31026804,31865612.972847253,37072.31707317073,9432754.542727303,31864662.984336697,37072.31707317073
9433150.284203041,31866132.7026241,36584.53658536585,1.1402432298619045,9432854.490597304,31865702.443890397,36096.756097560974,9433200.25813804,31866652.432400957,36096.756097560974,9433446.077808777,31866562.96135781,37072.31707317073,9433100.31026804,31865612.972847253,37072.31707317073
9433496.051743777,31867082.691134658,36584.53658536585,1.7561357707523126,9433200.25813804,31866652.432400957,36096.756097560974,9433546.025678778,31867602.42091151,36096.756097560974,9433791.845349515,31867512.949868362,37072.31707317073,9433446.077808777,31866562.96135781,37072.31707317073
9433841.819284515,31868032.679645214,36584.53658536585,2.8548774907494607,9433546.025678778,31867602.42091151,36096.756097560974,9433891.793219514,31868552.409422066,36096.756097560974,9434137.612890255,31868462.938378923,37072.31707317073,9433791.845349515,31867512.949868362,37072.31707317073
9434187.586825253,31868982.66815577,36584.53658536585,2.7478596409672535,9433891.793219514,31868552.409422066,36096.756097560974,9434237.560760252,31869502.397932626,36096.756097560974,9434483.38043099,31869412.92688948,37072.31707317073,9434137.612890255,31868462.938378923,37072.31707317073
9434533.354365991,31869932.65666633,36584.53658536585,2.346187472990134,9434237.560760252,31869502.397932626,36096.756097560974,9434583.32830099,31870452.386443183,36096.756097560974,9434829.147971729,31870362.915400036,37072.31707317073,9434483.38043099,31869412.92688948,37072.31707317073
9434879.121906728,31870882.645176884,36584.53658536585,2.1169965011292677,9434583.32830099,31870452.386443183,36096.756097560974,9434929.095841728,31871402.374953736,36096.756097560974,9435174.915512465,31871312.903910592,37072.31707317073,9434829.147971729,31870362.915400036,37072.31707317073
9435224.889447466,31871832.63368744,36584.53658536585,2.137566134735881,9434929.095841728,31871402.374953736,36096.756097560974,9435274.863382464,31872352.363464296,36096.756097560974,9435520.683053203,31872262.89242115,37072.31707317073,9435174.915512465,31871312.903910592,37072.31707317073
9435570.656988202,31872782.622198,36584.53658536585,2.261839780346693,9435274.863382464,31872352.363464296,36096.756097560974,9435620.630923202,31873302.35197485,36096.756097560974,9435866.450593939,31873212.880931705,37072.31707317073,9435520.683053203,31872262.89242115,37072.31707317073
9435916.42452894,31873732.610708553,36584.53658536585,2.608958747565954,9435620.630923202,31873302.35197485,36096.756097560974,9435966.398463938,31874252.34048541,36096.756097560974,9436212.218134679,31874162.86944226,37072.31707317073,9435866.450593939,31873212.880931705,37072.31707317073
9436262.192069676,31874682.59921911,36584.53658536585,3.0207877677022883,9435966.398463938,31874252.34048541,36096.756097560974,9436312.166004676,31875202.328995965,36096.756097560974,9436557.985675415,31875112.85795282,37072.31707317073,9436212.218134679,31874162.86944226,37072.31707317073
9436607.959610414,31875632.58772967,36584.53658536585,3.400401585958522,9436312.166004676,31875202.328995965,36096.756097560974,9436657.933545414,31876152.31750652,36096.756097560974,9436903.753216153,31876062.846463375,37072.31707317073,9436557.985675415,31875112.85795282,37072.31707317073
9436953.727151152,31876582.576240223,36584.53658536585,3.8049289558276818,9436657.933545414,31876152.31750652,36096.756097560974,9437003.701086152,31877102.30601708,36096.756097560974,9437249.52075689,31877012.83497393,37072.31707317073,9436903.753216153,31876062.846463375,37072.31707317073
9437299.49469189,31877532.564750783,36584.53658536585,3.9283920864043584,9437003.701086152,31877102.30601708,36096.756097560974,9437349.46862689,31878052.29452763,36096.756097560974,9437595.288297627,31877962.823484484,37072.31707317073,9437249.52075689,31877012.83497393,37072.31707317073
9437645.262232628,31878482.55326134,36584.53658536585,3.846378821189675,9437349.46862689,31878052.29452763,36096.756097560974,9437695.236167626,31879002.283038188,36096.756097560974,9437941.055838365,31878912.811995044,37072.31707317073,9437595.288297627,31877962.823484484,37072.31707317073
9437991.029773364,31879432.541771892,36584.53658536585,4.017898460388645,9437695.236167626,31879002.283038188,36096.756097560974,9438041.003708364,31879952.271548748,36096.756097560974,9438286.823379101,31879862.800505597,37072.31707317073,9437941.055838365,31878912.811995044,37072.31707317073
9438336.797314102,31880382.530282453,36584.53658536585,3.581675267589114,9438041.003708364,31879952.271548748,36096.756097560974,9438386.7712491,31880902.2600593,36096.756097560974,9438632.590919841,31880812.789016157,37072.31707317073,9438286.823379101,31879862.800505597,37072.31707317073
9438682.56485484,31881332.51879301,36584.53658536585,2.836424873678648,9438386.7712491,31880902.2600593,36096.756097560974,9438732.538789839,31881852.24856986,36096.756097560974,9438978.358460577,31881762.777526714,37072.31707317073,9438632.590919841,31880812.789016157,37072.31707317073
9439028.332395578,31882282.507303562,36584.53658536585,1.8882417078038003,9438732.538789839,31881852.24856986,36096.756097560974,9439078.306330577,31882802.237080418,36096.756097560974,9439324.126001315,31882712.76603727,37072.31707317073,9438978.358460577,31881762.777526714,37072.31707317073
9439374.099936314,31883232.495814122,36584.53658536585,1.8859561602754367,9439078.306330577,31882802.237080418,36096.756097560974,9439424.073871315,31883752.22559097,36096.756097560974,9439669.893542051,31883662.754547827,37072.31707317073,9439324.126001315,31882712.76603727,37072.31707317073
9439719.867477052,31884182.48432468,36584.53658536585,1.6969870428547182,9439424.073871315,31883752.22559097,36096.756097560974,9439769.84141205,31884702.21410153,36096.756097560974,9440015.66108279,31884612.743058383,37072.31707317073,9439669.893542051,31883662.754547827,37072.31707317073
9440065.635017788,31885132.472835235,36584.53658536585,1.153103129541272,9439769.84141205,31884702.21410153,36096.756097560974,9440115.608952789,31885652.202612083,36096.756097560974,9440361.428623525,31885562.731568936,37072.31707317073,9440015.66108279,31884612.743058383,37072.31707317073
9440411.402558526,31886082.46134579,36584.53658536585,0.7090570408204566,9440115.608952789,31885652.202612083,36096.756097560974,9440461.376493525,31886602.19112264,36096.756097560974,9440707.196164265,31886512.720079497,37072.31707317073,9440361.428623525,31885562.731568936,37072.31707317073
9440757.170099262,31887032.44985635,36584.53658536585,0.25283101656104506,9440461.376493525,31886602.19112264,36096.756097560974,9440807.144034263,31887552.1796332,36096.756097560974,9441052.963705001,31887462.708590053,37072.31707317073,9440707.196164265,31886512.720079497,37072.31707317073
9441102.93764,31887982.438366905,36584.53658536585,0.1623373122878085,9440807.144034263,31887552.1796332,36096.756097560974,9441152.911575003,31888502.168143757,36096.756097560974,9441398.73124574,31888412.69710061,37072.31707317073,9441052.963705001,31887462.708590053,37072.31707317073
9441448.70518074,31888932.42687746,36584.53658536585,0.3925623150552275,9441152.911575003,31888502.168143757,36096.756097560974,9441498.679115739,31889452.156654313,36096.756097560974,9441744.498786477,31889362.685611166,37072.31707317073,9441398.73124574,31888412.69710061,37072.31707317073
9441794.472721478,31889882.415388018,36584.53658536585,0.5564283020469502,9441498.679115739,31889452.156654313,36096.756097560974,9441844.446656477,31890402.14516487,36096.756097560974,9442090.266327215,31890312.674121723,37072.31707317073,9441744.498786477,31889362.685611166,37072.31707317073
9442140.240262214,31890832.403898574,36584.53658536585,0.5935358433539967,9441844.446656477,31890402.14516487,36096.756097560974,9442190.214197213,31891352.133675423,36096.756097560974,9442436.033867953,31891262.66263228,37072.31707317073,9442090.266327215,31890312.674121723,37072.31707317073
9442486.007802952,31891782.39240913,36584.53658536585,0.23759937912002704,9442190.214197213,31891352.133675423,36096.756097560974,9442535.98173795,31892302.122185983,36096.756097560974,9442781.80140869,31892212.651142836,37072.31707317073,9442436.033867953,31891262.66263228,37072.31707317073
9442831.775343688,31892732.38091969,36584.53658536585,0.24645945844697828,9442535.98173795,31892302.122185983,36096.756097560974,9442881.749278687,31893252.110696536,36096.756097560974,9443127.568949427,31893162.63965339,37072.31707317073,9442781.80140869,31892212.651142836,37072.31707317073
9443177.542884426,31893682.36943024,36584.53658536585,0.15692241289610284,9442881.749278687,31893252.110696536,36096.756097560974,9443227.516819427,31894202.099207092,36096.756097560974,9443473.336490164,31894112.62816395,37072.31707317073,9443127.568949427,31893162.63965339,37072.31707317073
9423023.077651659,31837543.576264266,37560.097560975606,2.406740412402011,9422727.284045918,31837113.317530558,37072.31707317073,9423073.051586654,31838063.306041114,37072.31707317073,9423318.871257398,31837973.834997967,38047.87804878049,9422973.10371666,31837023.84648741,38047.87804878049
9423368.845192395,31838493.56477482,37560.097560975606,2.8636235416656617,9423073.051586654,31838063.306041114,37072.31707317073,9423418.819127394,31839013.29455167,37072.31707317073,9423664.638798134,31838923.82350852,38047.87804878049,9423318.871257398,31837973.834997967,38047.87804878049
9423714.612733133,31839443.553285375,37560.097560975606,2.756900108597842,9423418.819127394,31839013.29455167,37072.31707317073,9423764.58666813,31839963.283062223,37072.31707317073,9424010.406338872,31839873.81201908,38047.87804878049,9423664.638798134,31838923.82350852,38047.87804878049
9424060.38027387,31840393.541795928,37560.097560975606,1.7260519168985917,9423764.58666813,31839963.283062223,37072.31707317073,9424110.354208868,31840913.271572784,37072.31707317073,9424356.17387961,31840823.800529636,38047.87804878049,9424010.406338872,31839873.81201908,38047.87804878049
9424406.14781461,31841343.53030649,37560.097560975606,1.9627301686351724,9424110.354208868,31840913.271572784,37072.31707317073,9424456.121749604,31841863.260083336,37072.31707317073,9424701.941420348,31841773.789040193,38047.87804878049,9424356.17387961,31840823.800529636,38047.87804878049
9424751.915355343,31842293.518817045,37560.097560975606,1.314654958786961,9424456.121749604,31841863.260083336,37072.31707317073,9424801.889290342,31842813.248593897,37072.31707317073,9425047.708961084,31842723.77755075,38047.87804878049,9424701.941420348,31841773.789040193,38047.87804878049
9425097.682896083,31843243.507327598,37560.097560975606,1.2794580127482673,9424801.889290342,31842813.248593897,37072.31707317073,9425147.656831078,31843763.237104453,37072.31707317073,9425393.476501822,31843673.766061302,38047.87804878049,9425047.708961084,31842723.77755075,38047.87804878049
9425443.45043682,31844193.495838158,37560.097560975606,1.7710562624143285,9425147.656831078,31843763.237104453,37072.31707317073,9425493.424371818,31844713.22561501,37072.31707317073,9425739.244042559,31844623.754571863,38047.87804878049,9425393.476501822,31843673.766061302,38047.87804878049
9425789.217977557,31845143.484348714,37560.097560975606,2.343705286025928,9425493.424371818,31844713.22561501,37072.31707317073,9425839.191912556,31845663.214125566,37072.31707317073,9426085.011583297,31845573.74308242,38047.87804878049,9425739.244042559,31844623.754571863,38047.87804878049
9426134.985518293,31846093.47285927,37560.097560975606,2.6946028890309646,9425839.191912556,31845663.214125566,37072.31707317073,9426184.959453292,31846613.202636123,37072.31707317073,9426430.779124035,31846523.73159297,38047.87804878049,9426085.011583297,31845573.74308242,38047.87804878049
9426480.753059033,31847043.461369827,37560.097560975606,3.11542735925944,9426184.959453292,31846613.202636123,37072.31707317073,9426530.72699403,31847563.191146675,37072.31707317073,9426776.546664773,31847473.720103532,38047.87804878049,9426430.779124035,31846523.73159297,38047.87804878049
9426826.520599771,31847993.449880384,37560.097560975606,2.515041720528924,9426530.72699403,31847563.191146675,37072.31707317073,9426876.494534766,31848513.179657236,37072.31707317073,9427122.314205509,31848423.70861409,38047.87804878049,9426776.546664773,31847473.720103532,38047.87804878049
9427172.288140507,31848943.43839094,37560.097560975606,1.7069987903759292,9426876.494534766,31848513.179657236,37072.31707317073,9427222.262075504,31849463.168167792,37072.31707317073,9427468.081746247,31849373.697124645,38047.87804878049,9427122.314205509,31848423.70861409,38047.87804878049
9427518.055681245,31849893.426901497,37560.097560975606,1.6869894041151137,9427222.262075504,31849463.168167792,37072.31707317073,9427568.029616242,31850413.15667835,37072.31707317073,9427813.849286985,31850323.6856352,38047.87804878049,9427468.081746247,31849373.697124645,38047.87804878049
9427863.823221982,31850843.415412053,37560.097560975606,1.8379555376265766,9427568.029616242,31850413.15667835,37072.31707317073,9427913.79715698,31851363.145188905,37072.31707317073,9428159.61682772,31851273.674145754,38047.87804878049,9427813.849286985,31850323.6856352,38047.87804878049
9428209.59076272,31851793.403922606,37560.097560975606,0.9865483720077067,9427913.79715698,31851363.145188905,37072.31707317073,9428259.564697716,31852313.13369946,37072.31707317073,9428505.38436846,31852223.662656315,38047.87804878049,9428159.61682772,31851273.674145754,38047.87804878049
9428555.358303456,31852743.392433167,37560.097560975606,0.38654628416318576,9428259.564697716,31852313.13369946,37072.31707317073,9428605.332238454,31853263.12221002,37072.31707317073,9428851.151909197,31853173.65116687,38047.87804878049,9428505.38436846,31852223.662656315,38047.87804878049
9428901.125844195,31853693.380943727,37560.097560975606,0.40672862655342684,9428605.332238454,31853263.12221002,37072.31707317073,9428951.09977919,31854213.110720575,37072.31707317073,9429196.919449935,31854123.639677428,38047.87804878049,9428851.151909197,31853173.65116687,38047.87804878049
9429246.89338493,31854643.36945428,37560.097560975606,0.28283651126744813,9428951.09977919,31854213.110720575,37072.31707317073,9429296.867319928,31855163.099231128,37072.31707317073,9429542.68699067,31855073.628187984,38047.87804878049,9429196.919449935,31854123.639677428,38047.87804878049
9429592.66092567,31855593.357964832,37560.097560975606,0.28765723179815367,9429296.867319928,31855163.099231128,37072.31707317073,9429642.634860666,31856113.087741688,37072.31707317073,9429888.454531409,31856023.61669854,38047.87804878049,9429542.68699067,31855073.628187984,38047.87804878049
9429938.428466406,31856543.346475396,37560.097560975606,0.06860333367184439,9429642.634860666,31856113.087741688,37072.31707317073,9429988.402401404,31857063.076252244,37072.31707317073,9430234.222072145,31856973.605209097,38047.87804878049,9429888.454531409,31856023.61669854,38047.87804878049
9430284.196007144,31857493.334985945,37560.097560975606,0.043868892672263037,9429988.402401404,31857063.076252244,37072.31707317073,9430334.169942142,31858013.0647628,37072.31707317073,9430579.989612883,31857923.593719654,38047.87804878049,9430234.222072145,31856973.605209097,38047.87804878049
9430629.963547882,31858443.323496502,37560.097560975606,0.17250284303370061,9430334.169942142,31858013.0647628,37072.31707317073,9430679.937482879,31858963.053273357,37072.31707317073,9430925.757153621,31858873.58223021,38047.87804878049,9430579.989612883,31857923.593719654,38047.87804878049
9430975.73108862,31859393.31200706,37560.097560975606,0.10402366816005956,9430679.937482879,31858963.053273357,37072.31707317073,9431025.705023617,31859913.04178391,37072.31707317073,9431271.524694359,31859823.570740767,38047.87804878049,9430925.757153621,31858873.58223021,38047.87804878049
9431321.498629358,31860343.300517615,37560.097560975606,0.19751206089486115,9431025.705023617,31859913.04178391,37072.31707317073,9431371.472564353,31860863.03029447,37072.31707317073,9431617.292235097,31860773.559251323,38047.87804878049,9431271.524694359,31859823.570740767,38047.87804878049
9431667.266170094,31861293.289028175,37560.097560975606,0.40197598230584963,9431371.472564353,31860863.03029447,37072.31707317073,9431717.24010509,31861813.018805027,37072.31707317073,9431963.059775833,31861723.547761876,38047.87804878049,9431617.292235097,31860773.559251323,38047.87804878049
9432013.033710832,31862243.277538728,37560.097560975606,0.7866393546550011,9431717.24010509,31861813.018805027,37072.31707317073,9432063.007645829,31862763.00731558,37072.31707317073,9432308.827316571,31862673.536272436,38047.87804878049,9431963.059775833,31861723.547761876,38047.87804878049
9432358.801251568,31863193.266049284,37560.097560975606,1.4819264595015502,9432063.007645829,31862763.00731558,37072.31707317073,9432408.775186567,31863712.99582614,37072.31707317073,9432654.594857307,31863623.52478299,38047.87804878049,9432308.827316571,31862673.536272436,38047.87804878049
9432704.568792306,31864143.254559845,37560.097560975606,1.5044037174331828,9432408.775186567,31863712.99582614,37072.31707317073,9432754.542727303,31864662.984336697,37072.31707317073,9433000.362398047,31864573.51329355,38047.87804878049,9432654.594857307,31863623.52478299,38047.87804878049
9433050.336333042,31865093.243070398,37560.097560975606,1.5791531590489412,9432754.542727303,31864662.984336697,37072.31707317073,9433100.31026804,31865612.972847253,37072.31707317073,9433346.129938783,31865523.501804106,38047.87804878049,9433000.362398047,31864573.51329355,38047.87804878049
9433396.103873782,31866043.231580954,37560.097560975606,1.859094400474091,9433100.31026804,31865612.972847253,37072.31707317073,9433446.077808777,31866562.96135781,37072.31707317073,9433691.897479521,31866473.490314662,38047.87804878049,9433346.129938783,31865523.501804106,38047.87804878049
9433741.871414516,31866993.220091514,37560.097560975606,2.950259920553707,9433446.077808777,31866562.96135781,37072.31707317073,9433791.845349515,31867512.949868362,37072.31707317073,9434037.665020257,31867423.47882522,38047.87804878049,9433691.897479521,31866473.490314662,38047.87804878049
9434087.638955256,31867943.208602067,37560.097560975606,3.377150337759579,9433791.845349515,31867512.949868362,37072.31707317073,9434137.612890255,31868462.938378923,37072.31707317073,9434383.432560995,31868373.467335775,38047.87804878049,9434037.665020257,31867423.47882522,38047.87804878049
9434433.406495994,31868893.197112627,37560.097560975606,3.2329819410767633,9434137.612890255,31868462.938378923,37072.31707317073,9434483.38043099,31869412.92688948,37072.31707317073,9434729.200101731,31869323.45584633,38047.87804878049,9434383.432560995,31868373.467335775,38047.87804878049
9434779.17403673,31869843.185623184,37560.097560975606,2.7459934149598904,9434483.38043099,31869412.92688948,37072.31707317073,9434829.147971729,31870362.915400036,37072.31707317073,9435074.967642471,31870273.44435689,38047.87804878049,9434729.200101731,31869323.45584633,38047.87804878049
9435124.94157747,31870793.174133737,37560.097560975606,2.6532183968127447,9434829.147971729,31870362.915400036,37072.31707317073,9435174.915512465,31871312.903910592,37072.31707317073,9435420.73518321,31871223.432867445,38047.87804878049,9435074.967642471,31870273.44435689,38047.87804878049
9435470.709118206,31871743.162644297,37560.097560975606,2.2469924289468124,9435174.915512465,31871312.903910592,37072.31707317073,9435520.683053203,31872262.89242115,37072.31707317073,9435766.502723945,31872173.421378,38047.87804878049,9435420.73518321,31871223.432867445,38047.87804878049
9435816.476658944,31872693.151154853,37560.097560975606,3.0818217370734664,9435520.683053203,31872262.89242115,37072.31707317073,9435866.450593939,31873212.880931705,37072.31707317073,9436112.270264683,31873123.409888558,38047.87804878049,9435766.502723945,31872173.421378,38047.87804878049
9436162.24419968,31873643.139665406,37560.097560975606,3.796069359406693,9435866.450593939,31873212.880931705,37072.31707317073,9436212.218134679,31874162.86944226,37072.31707317073,9436458.03780542,31874073.398399115,38047.87804878049,9436112.270264683,31873123.409888558,38047.87804878049
9436508.011740418,31874593.128175966,37560.097560975606,4.558805324663712,9436212.218134679,31874162.86944226,37072.31707317073,9436557.985675415,31875112.85795282,37072.31707317073,9436803.805346157,31875023.38690967,38047.87804878049,9436458.03780542,31874073.398399115,38047.87804878049
9436853.779281154,31875543.116686523,37560.097560975606,5.02732944919213,9436557.985675415,31875112.85795282,37072.31707317073,9436903.753216153,31876062.846463375,37072.31707317073,9437149.572886895,31875973.375420228,38047.87804878049,9436803.805346157,31875023.38690967,38047.87804878049
9437199.546821894,31876493.10519708,37560.097560975606,5.96012731160128,9436903.753216153,31876062.846463375,37072.31707317073,9437249.52075689,31877012.83497393,37072.31707317073,9437495.340427633,31876923.36393078,38047.87804878049,9437149.572886895,31875973.375420228,38047.87804878049
9437545.314362628,31877443.093707636,37560.097560975606,6.29047768300987,9437249.52075689,31877012.83497393,37072.31707317073,9437595.288297627,31877962.823484484,37072.31707317073,9437841.10796837,31877873.35244134,38047.87804878049,9437495.340427633,31876923.36393078,38047.87804878049
9437891.081903368,31878393.082218193,37560.097560975606,5.7004913578962615,9437595.288297627,31877962.823484484,37072.31707317073,9437941.055838365,31878912.811995044,37072.31707317073,9438186.875509107,31878823.340951897,38047.87804878049,9437841.10796837,31877873.35244134,38047.87804878049
9438236.849444102,31879343.07072875,37560.097560975606,5.288425480326919,9437941.055838365,31878912.811995044,37072.31707317073,9438286.823379101,31879862.800505597,37072.31707317073,9438532.643049844,31879773.329462454,38047.87804878049,9438186.875509107,31878823.340951897,38047.87804878049
9438582.616984842,31880293.059239306,37560.097560975606,4.549344143163099,9438286.823379101,31879862.800505597,37072.31707317073,9438632.590919841,31880812.789016157,37072.31707317073,9438878.410590582,31880723.31797301,38047.87804878049,9438532.643049844,31879773.329462454,38047.87804878049
9438928.38452558,31881243.047749862,37560.097560975606,3.930360243287943,9438632.590919841,31880812.789016157,37072.31707317073,9438978.358460577,31881762.777526714,37072.31707317073,9439224.17813132,31881673.306483563,38047.87804878049,9438878.410590582,31880723.31797301,38047.87804878049
9439274.152066316,31882193.03626042,37560.097560975606,3.0144729549744116,9438978.358460577,31881762.777526714,37072.31707317073,9439324.126001315,31882712.76603727,37072.31707317073,9439569.945672058,31882623.294994123,38047.87804878049,9439224.17813132,31881673.306483563,38047.87804878049
9439619.919607056,31883143.024770975,37560.097560975606,2.7366312268884707,9439324.126001315,31882712.76603727,37072.31707317073,9439669.893542051,31883662.754547827,37072.31707317073,9439915.713212796,31883573.28350468,38047.87804878049,9439569.945672058,31882623.294994123,38047.87804878049
9439965.687147792,31884093.013281535,37560.097560975606,2.5781854947957075,9439669.893542051,31883662.754547827,37072.31707317073,9440015.66108279,31884612.743058383,37072.31707317073,9440261.480753532,31884523.272015233,38047.87804878049,9439915.713212796,31883573.28350468,38047.87804878049
9440311.45468853,31885043.001792084,37560.097560975606,1.7009228035658195,9440015.66108279,31884612.743058383,37072.31707317073,9440361.428623525,31885562.731568936,37072.31707317073,9440607.24829427,31885473.260525793,38047.87804878049,9440261.480753532,31884523.272015233,38047.87804878049
9440657.222229267,31885992.990302645,37560.097560975606,0.896825916224482,9440361.428623525,31885562.731568936,37072.31707317073,9440707.196164265,31886512.720079497,37072.31707317073,9440953.015835006,31886423.24903635,38047.87804878049,9440607.24829427,31885473.260525793,38047.87804878049
9441002.989770005,31886942.978813205,37560.097560975606,0.7924244961006425,9440707.196164265,31886512.720079497,37072.31707317073,9441052.963705001,31887462.708590053,37072.31707317073,9441298.783375744,31887373.237546906,38047.87804878049,9440953.015835006,31886423.24903635,38047.87804878049
9441348.75731074,31887892.967323754,37560.097560975606,0.34071970444858213,9441052.963705001,31887462.708590053,37072.31707317073,9441398.73124574,31888412.69710061,37072.31707317073,9441644.550916482,31888323.226057462,38047.87804878049,9441298.783375744,31887373.237546906,38047.87804878049
9441694.52485148,31888842.955834314,37560.097560975606,0.7344016491789864,9441398.73124574,31888412.69710061,37072.31707317073,9441744.498786477,31889362.685611166,37072.31707317073,9441990.31845722,31889273.214568015,38047.87804878049,9441644.550916482,31888323.226057462,38047.87804878049
9442040.292392217,31889792.944344874,37560.097560975606,0.7453733799873502,9441744.498786477,31889362.685611166,37072.31707317073,9442090.266327215,31890312.674121723,37072.31707317073,9442336.085997956,31890223.203078575,38047.87804878049,9441990.31845722,31889273.214568015,38047.87804878049
9442386.059932955,31890742.932855424,37560.097560975606,0.3441530468237978,9442090.266327215,31890312.674121723,37072.31707317073,9442436.033867953,31891262.66263228,37072.31707317073,9442681.853538694,31891173.191589132,38047.87804878049,9442336.085997956,31890223.203078575,38047.87804878049
9442731.827473693,31891692.921365988,37560.097560975606,0.13317087708001976,9442436.033867953,31891262.66263228,37072.31707317073,9442781.80140869,31892212.651142836,37072.31707317073,9443027.62107943,31892123.18009969,38047.87804878049,9442681.853538694,31891173.191589132,38047.87804878049
9443077.595014429,31892642.909876544,37560.097560975606,0.050819893691767266,9442781.80140869,31892212.651142836,37072.31707317073,9443127.568949427,31893162.63965339,37072.31707317073,9443373.388620168,31893073.168610245,38047.87804878049,9443027.62107943,31892123.18009969,38047.87804878049
9443423.362555167,31893592.898387093,37560.097560975606,0.028787162650941802,9443127.568949427,31893162.63965339,37072.31707317073,9443473.336490164,31894112.62816395,37072.31707317073,9443719.156160908,31894023.1571208,38047.87804878049,9443373.388620168,31893073.168610245,38047.87804878049
9423268.897322398,31837454.105221115,38535.65853658537,2.873176281884221,9422973.10371666,31837023.84648741,38047.87804878049,9423318.871257398,31837973.834997967,38047.87804878049,9423564.690928135,31837884.363954816,39023.439024390245,9423218.923387397,31836934.375444263,39023.439024390245
9423614.664863136,31838404.09373167,38535.65853658537,2.43618930750232,9423318.871257398,31837973.834997967,38047.87804878049,9423664.638798134,31838923.82350852,38047.87804878049,9423910.458468873,31838834.352465376,39023.439024390245,9423564.690928135,31837884.363954816,39023.439024390245
9423960.432403874,31839354.082242228,38535.65853658537,2.2494583459057074,9423664.638798134,31838923.82350852,38047.87804878049,9424010.406338872,31839873.81201908,38047.87804878049,9424256.226009611,31839784.340975933,39023.439024390245,9423910.458468873,31838834.352465376,39023.439024390245
9424306.199944612,31840304.070752785,38535.65853658537,2.2167871114558095,9424010.406338872,31839873.81201908,38047.87804878049,9424356.17387961,31840823.800529636,38047.87804878049,9424601.993550349,31840734.329486493,39023.439024390245,9424256.226009611,31839784.340975933,39023.439024390245
9424651.967485348,31841254.05926334,38535.65853658537,2.5166016659246306,9424356.17387961,31840823.800529636,38047.87804878049,9424701.941420348,31841773.789040193,38047.87804878049,9424947.761091085,31841684.317997046,39023.439024390245,9424601.993550349,31840734.329486493,39023.439024390245
9424997.735026086,31842204.047773898,38535.65853658537,1.7996292786132393,9424701.941420348,31841773.789040193,38047.87804878049,9425047.708961084,31842723.77755075,38047.87804878049,9425293.528631823,31842634.306507602,39023.439024390245,9424947.761091085,31841684.317997046,39023.439024390245
9425343.502566822,31843154.036284454,38535.65853658537,1.9785568990710685,9425047.708961084,31842723.77755075,38047.87804878049,9425393.476501822,31843673.766061302,38047.87804878049,9425639.29617256,31843584.29501816,39023.439024390245,9425293.528631823,31842634.306507602,39023.439024390245
9425689.27010756,31844104.024795007,38535.65853658537,2.117454371816622,9425393.476501822,31843673.766061302,38047.87804878049,9425739.244042559,31844623.754571863,38047.87804878049,9425985.0637133,31844534.283528715,39023.439024390245,9425639.29617256,31843584.29501816,39023.439024390245
9426035.037648296,31845054.01330557,38535.65853658537,2.920933909006626,9425739.244042559,31844623.754571863,38047.87804878049,9426085.011583297,31845573.74308242,38047.87804878049,9426330.831254035,31845484.272039272,39023.439024390245,9425985.0637133,31844534.283528715,39023.439024390245
9426380.805189034,31846004.001816124,38535.65853658537,3.24899466848586,9426085.011583297,31845573.74308242,38047.87804878049,9426430.779124035,31846523.73159297,38047.87804878049,9426676.598794773,31846434.26054983,39023.439024390245,9426330.831254035,31845484.272039272,39023.439024390245
9426726.572729772,31846953.990326677,38535.65853658537,3.2281494583971924,9426430.779124035,31846523.73159297,38047.87804878049,9426776.546664773,31847473.720103532,38047.87804878049,9427022.36633551,31847384.249060385,39023.439024390245,9426676.598794773,31846434.26054983,39023.439024390245
9427072.34027051,31847903.97883724,38535.65853658537,2.4478842879198077,9426776.546664773,31847473.720103532,38047.87804878049,9427122.314205509,31848423.70861409,38047.87804878049,9427368.133876247,31848334.237570945,39023.439024390245,9427022.36633551,31847384.249060385,39023.439024390245
9427418.107811246,31848853.967347793,38535.65853658537,1.8849941091221272,9427122.314205509,31848423.70861409,38047.87804878049,9427468.081746247,31849373.697124645,38047.87804878049,9427713.901416983,31849284.226081498,39023.439024390245,9427368.133876247,31848334.237570945,39023.439024390245
9427763.875351986,31849803.955858346,38535.65853658537,2.0264258087516374,9427468.081746247,31849373.697124645,38047.87804878049,9427813.849286985,31850323.6856352,38047.87804878049,9428059.668957723,31850234.214592054,39023.439024390245,9427713.901416983,31849284.226081498,39023.439024390245
9428109.642892722,31850753.944368903,38535.65853658537,1.9561085039057622,9427813.849286985,31850323.6856352,38047.87804878049,9428159.61682772,31851273.674145754,38047.87804878049,9428405.436498461,31851184.20310261,39023.439024390245,9428059.668957723,31850234.214592054,39023.439024390245
9428455.41043346,31851703.93287946,38535.65853658537,1.3017068944200036,9428159.61682772,31851273.674145754,38047.87804878049,9428505.38436846,31852223.662656315,38047.87804878049,9428751.204039197,31852134.191613168,39023.439024390245,9428405.436498461,31851184.20310261,39023.439024390245
9428801.177974198,31852653.92139002,38535.65853658537,0.9727155722482344,9428505.38436846,31852223.662656315,38047.87804878049,9428851.151909197,31853173.65116687,38047.87804878049,9429096.971579935,31853084.180123724,39023.439024390245,9428751.204039197,31852134.191613168,39023.439024390245
9429146.945514934,31853603.90990058,38535.65853658537,0.5542704977417798,9428851.151909197,31853173.65116687,38047.87804878049,9429196.919449935,31854123.639677428,38047.87804878049,9429442.739120672,31854034.168634284,39023.439024390245,9429096.971579935,31853084.180123724,39023.439024390245
9429492.713055672,31854553.898411132,38535.65853658537,0.22841050872354887,9429196.919449935,31854123.639677428,38047.87804878049,9429542.68699067,31855073.628187984,38047.87804878049,9429788.50666141,31854984.157144837,39023.439024390245,9429442.739120672,31854034.168634284,39023.439024390245
9429838.480596408,31855503.88692169,38535.65853658537,0.20954834906073586,9429542.68699067,31855073.628187984,38047.87804878049,9429888.454531409,31856023.61669854,38047.87804878049,9430134.274202147,31855934.145655397,39023.439024390245,9429788.50666141,31854984.157144837,39023.439024390245
9430184.248137146,31856453.87543224,38535.65853658537,0.061376787423396445,9429888.454531409,31856023.61669854,38047.87804878049,9430234.222072145,31856973.605209097,38047.87804878049,9430480.041742885,31856884.13416595,39023.439024390245,9430134.274202147,31855934.145655397,39023.439024390245
9430530.015677882,31857403.8639428,38535.65853658537,0.04699838040793135,9430234.222072145,31856973.605209097,38047.87804878049,9430579.989612883,31857923.593719654,38047.87804878049,9430825.809283622,31857834.122676507,39023.439024390245,9430480.041742885,31856884.13416595,39023.439024390245
9430875.78321862,31858353.85245336,38535.65853658537,0.06303168647077616,9430579.989612883,31857923.593719654,38047.87804878049,9430925.757153621,31858873.58223021,38047.87804878049,9431171.57682436,31858784.111187063,39023.439024390245,9430825.809283622,31857834.122676507,39023.439024390245
9431221.550759358,31859303.84096391,38535.65853658537,0.13299474718095017,9430925.757153621,31858873.58223021,38047.87804878049,9431271.524694359,31859823.570740767,38047.87804878049,9431517.344365096,31859734.09969762,39023.439024390245,9431171.57682436,31858784.111187063,39023.439024390245
9431567.318300096,31860253.82947447,38535.65853658537,0.20287137549387474,9431271.524694359,31859823.570740767,38047.87804878049,9431617.292235097,31860773.559251323,38047.87804878049,9431863.111905834,31860684.088208176,39023.439024390245,9431517.344365096,31859734.09969762,39023.439024390245
9431913.085840834,31861203.817985028,38535.65853658537,0.37640590252685685,9431617.292235097,31860773.559251323,38047.87804878049,9431963.059775833,31861723.547761876,38047.87804878049,9432208.879446572,31861634.076718733,39023.439024390245,9431863.111905834,31860684.088208176,39023.439024390245
9432258.853381572,31862153.80649558,38535.65853658537,0.6986815286894988,9431963.059775833,31861723.547761876,38047.87804878049,9432308.827316571,31862673.536272436,38047.87804878049,9432554.64698731,31862584.06522929,39023.439024390245,9432208.879446572,31861634.076718733,39023.439024390245
9432604.620922308,31863103.79500614,38535.65853658537,1.1738916673918425,9432308.827316571,31862673.536272436,38047.87804878049,9432654.594857307,31863623.52478299,38047.87804878049,9432900.414528048,31863534.053739846,39023.439024390245,9432554.64698731,31862584.06522929,39023.439024390245
9432950.388463046,31864053.783516698,38535.65853658537,1.3896579896520624,9432654.594857307,31863623.52478299,38047.87804878049,9433000.362398047,31864573.51329355,38047.87804878049,9433246.182068784,31864484.042250402,39023.439024390245,9432900.414528048,31863534.053739846,39023.439024390245
9433296.156003784,31865003.77202725,38535.65853658537,1.8534484860612825,9433000.362398047,31864573.51329355,38047.87804878049,9433346.129938783,31865523.501804106,38047.87804878049,9433591.949609522,31865434.03076096,39023.439024390245,9433246.182068784,31864484.042250402,39023.439024390245
9433641.92354452,31865953.76053781,38535.65853658537,2.1123678964643973,9433346.129938783,31865523.501804106,38047.87804878049,9433691.897479521,31866473.490314662,38047.87804878049,9433937.717150258,31866384.01927152,39023.439024390245,9433591.949609522,31865434.03076096,39023.439024390245
9433987.691085258,31866903.749048367,38535.65853658537,2.634556908953791,9433691.897479521,31866473.490314662,38047.87804878049,9434037.665020257,31867423.47882522,38047.87804878049,9434283.484690996,31867334.00778207,39023.439024390245,9433937.717150258,31866384.01927152,39023.439024390245
9434333.458625995,31867853.737558924,38535.65853658537,3.3190692208228163,9434037.665020257,31867423.47882522,38047.87804878049,9434383.432560995,31868373.467335775,38047.87804878049,9434629.252231734,31868283.99629263,39023.439024390245,9434283.484690996,31867334.00778207,39023.439024390245
9434679.226166733,31868803.72606948,38535.65853658537,3.247893390015369,9434383.432560995,31868373.467335775,38047.87804878049,9434729.200101731,31869323.45584633,38047.87804878049,9434975.019772472,31869233.984803185,39023.439024390245,9434629.252231734,31868283.99629263,39023.439024390245
9435024.993707469,31869753.714580037,38535.65853658537,3.2532383631311257,9434729.200101731,31869323.45584633,38047.87804878049,9435074.967642471,31870273.44435689,38047.87804878049,9435320.787313208,31870183.97331374,39023.439024390245,9434975.019772472,31869233.984803185,39023.439024390245
9435370.761248209,31870703.703090593,38535.65853658537,3.0011785249143714,9435074.967642471,31870273.44435689,38047.87804878049,9435420.73518321,31871223.432867445,38047.87804878049,9435666.554853946,31871133.9618243,39023.439024390245,9435320.787313208,31870183.97331374,39023.439024390245
9435716.528788947,31871653.69160115,38535.65853658537,2.820627639342931,9435420.73518321,31871223.432867445,38047.87804878049,9435766.502723945,31872173.421378,38047.87804878049,9436012.322394684,31872083.950334854,39023.439024390245,9435666.554853946,31871133.9618243,39023.439024390245
9436062.296329685,31872603.680111706,38535.65853658537,3.361392284432437,9435766.502723945,31872173.421378,38047.87804878049,9436112.270264683,31873123.409888558,38047.87804878049,9436358.089935422,31873033.93884541,39023.439024390245,9436012.322394684,31872083.950334854,39023.439024390245
9436408.06387042,31873553.668622263,38535.65853658537,4.147547129924463,9436112.270264683,31873123.409888558,38047.87804878049,9436458.03780542,31874073.398399115,38047.87804878049,9436703.85747616,31873983.92735597,39023.439024390245,9436358.089935422,31873033.93884541,39023.439024390245
9436753.831411159,31874503.65713282,38535.65853658537,5.115666209272995,9436458.03780542,31874073.398399115,38047.87804878049,9436803.805346157,31875023.38690967,38047.87804878049,9437049.625016896,31874933.915866524,39023.439024390245,9436703.85747616,31873983.92735597,39023.439024390245
9437099.598951897,31875453.64564338,38535.65853658537,6.727704558702877,9436803.805346157,31875023.38690967,38047.87804878049,9437149.572886895,31875973.375420228,38047.87804878049,9437395.392557634,31875883.90437708,39023.439024390245,9437049.625016896,31874933.915866524,39023.439024390245
9437445.366492633,31876403.634153932,38535.65853658537,7.194622885929441,9437149.572886895,31875973.375420228,38047.87804878049,9437495.340427633,31876923.36393078,38047.87804878049,9437741.16009837,31876833.892887637,39023.439024390245,9437395.392557634,31875883.90437708,39023.439024390245
9437791.13403337,31877353.62266449,38535.65853658537,7.276728570541424,9437495.340427633,31876923.36393078,38047.87804878049,9437841.10796837,31877873.35244134,38047.87804878049,9438086.927639108,31877783.881398194,39023.439024390245,9437741.16009837,31876833.892887637,39023.439024390245
9438136.901574107,31878303.61117505,38535.65853658537,6.800426275844413,9437841.10796837,31877873.35244134,38047.87804878049,9438186.875509107,31878823.340951897,38047.87804878049,9438432.695179846,31878733.869908754,39023.439024390245,9438086.927639108,31877783.881398194,39023.439024390245
9438482.669114845,31879253.599685602,38535.65853658537,5.841982925451527,9438186.875509107,31878823.340951897,38047.87804878049,9438532.643049844,31879773.329462454,38047.87804878049,9438778.462720584,31879683.858419307,39023.439024390245,9438432.695179846,31878733.869908754,39023.439024390245
9438828.436655581,31880203.58819616,38535.65853658537,5.135484056263717,9438532.643049844,31879773.329462454,38047.87804878049,9438878.410590582,31880723.31797301,38047.87804878049,9439124.23026132,31880633.846929863,39023.439024390245,9438778.462720584,31879683.858419307,39023.439024390245
9439174.204196319,31881153.57670672,38535.65853658537,4.354433688323113,9438878.410590582,31880723.31797301,38047.87804878049,9439224.17813132,31881673.306483563,38047.87804878049,9439469.997802058,31881583.83544042,39023.439024390245,9439124.23026132,31880633.846929863,39023.439024390245
9439519.971737057,31882103.565217268,38535.65853658537,3.6962360959254825,9439224.17813132,31881673.306483563,38047.87804878049,9439569.945672058,31882623.294994123,38047.87804878049,9439815.765342794,31882533.823950976,39023.439024390245,9439469.997802058,31881583.83544042,39023.439024390245
9439865.739277795,31883053.55372783,38535.65853658537,3.134127614401904,9439569.945672058,31882623.294994123,38047.87804878049,9439915.713212796,31883573.28350468,38047.87804878049,9440161.532883532,31883483.812461533,39023.439024390245,9439815.765342794,31882533.823950976,39023.439024390245
9440211.506818533,31884003.54223839,38535.65853658537,2.3947207898998237,9439915.713212796,31883573.28350468,38047.87804878049,9440261.480753532,31884523.272015233,38047.87804878049,9440507.300424272,31884433.80097209,39023.439024390245,9440161.532883532,31883483.812461533,39023.439024390245
9440557.27435927,31884953.530748937,38535.65853658537,1.9672649064803343,9440261.480753532,31884523.272015233,38047.87804878049,9440607.24829427,31885473.260525793,38047.87804878049,9440853.067965008,31885383.789482646,39023.439024390245,9440507.300424272,31884433.80097209,39023.439024390245
9440903.041900007,31885903.5192595,38535.65853658537,1.2295903908722874,9440607.24829427,31885473.260525793,38047.87804878049,9440953.015835006,31886423.24903635,38047.87804878049,9441198.835505746,31886333.777993206,39023.439024390245,9440853.067965008,31885383.789482646,39023.439024390245
9441248.809440745,31886853.507770058,38535.65853658537,1.3197547160177596,9440953.015835006,31886423.24903635,38047.87804878049,9441298.783375744,31887373.237546906,38047.87804878049,9441544.603046482,31887283.76650376,39023.439024390245,9441198.835505746,31886333.777993206,39023.439024390245
9441594.576981483,31887803.496280607,38535.65853658537,0.583139398254095,9441298.783375744,31887373.237546906,38047.87804878049,9441644.550916482,31888323.226057462,38047.87804878049,9441890.37058722,31888233.755014315,39023.439024390245,9441544.603046482,31887283.76650376,39023.439024390245
9441940.34452222,31888753.484791167,38535.65853658537,0.4153115421706006,9441644.550916482,31888323.226057462,38047.87804878049,9441990.31845722,31889273.214568015,38047.87804878049,9442236.138127957,31889183.74352487,39023.439024390245,9441890.37058722,31888233.755014315,39023.439024390245
9442286.112062957,31889703.47330172,38535.65853658537,0.49616208488733493,9441990.31845722,31889273.214568015,38047.87804878049,9442336.085997956,31890223.203078575,38047.87804878049,9442581.905668696,31890133.73203543,39023.439024390245,9442236.138127957,31889183.74352487,39023.439024390245
9442631.879603693,31890653.46181228,38535.65853658537,0.49632463818480793,9442336.085997956,31890223.203078575,38047.87804878049,9442681.853538694,31891173.191589132,38047.87804878049,9442927.673209433,31891083.720545985,39023.439024390245,9442581.905668696,31890133.73203543,39023.439024390245
9442977.647144431,31891603.45032284,38535.65853658537,0.3599716782555478,9442681.853538694,31891173.191589132,38047.87804878049,9443027.62107943,31892123.18009969,38047.87804878049,9443273.44075017,31892033.709056545,39023.439024390245,9442927.673209433,31891083.720545985,39023.439024390245
9443323.414685167,31892553.438833397,38535.65853658537,0.1455435476046195,9443027.62107943,31892123.18009969,38047.87804878049,9443373.388620168,31893073.168610245,38047.87804878049,9443619.208290907,31892983.697567098,39023.439024390245,9443273.44075017,31892033.709056545,39023.439024390245
9443669.182225905,31893503.42734395,38535.65853658537,0.13567584276228056,9443373.388620168,31893073.168610245,38047.87804878049,9443719.156160908,31894023.1571208,38047.87804878049,9443964.975831645,31893933.686077658,39023.439024390245,9443619.208290907,31892983.697567098,39023.439024390245
9423514.716993136,31837364.634177968,39511.21951219512,1.679652539219362,9423218.923387397,31836934.375444263,39023.439024390245,9423564.690928135,31837884.363954816,39023.439024390245,9423810.510598874,31837794.892911673,39999.0,9423464.743058138,31836844.904401116,39999.0
9423860.484533874,31838314.62268852,39511.21951219512,1.3528150937724237,9423564.690928135,31837884.363954816,39023.439024390245,9423910.458468873,31838834.352465376,39023.439024390245,9424156.278139612,31838744.88142223,39999.0,9423810.510598874,31837794.892911673,39999.0
9424206.25207461,31839264.611199085,39511.21951219512,1.8910847905730834,9423910.458468873,31838834.352465376,39023.439024390245,9424256.226009611,31839784.340975933,39023.439024390245,9424502.045680348,31839694.86993279,39999.0,9424156.278139612,31838744.88142223,39999.0
9424552.019615348,31840214.599709637,39511.21951219512,2.14085670700596,9424256.226009611,31839784.340975933,39023.439024390245,9424601.993550349,31840734.329486493,39023.439024390245,9424847.813221088,31840644.858443346,39999.0,9424502.045680348,31839694.86993279,39999.0
9424897.787156086,31841164.588220194,39511.21951219512,2.4457975150612485,9424601.993550349,31840734.329486493,39023.439024390245,9424947.761091085,31841684.317997046,39023.439024390245,9425193.580761824,31841594.8469539,39999.0,9424847.813221088,31840644.858443346,39999.0
9425243.554696823,31842114.576730754,39511.21951219512,2.701594956435724,9424947.761091085,31841684.317997046,39023.439024390245,9425293.528631823,31842634.306507602,39023.439024390245,9425539.348302562,31842544.83546446,39999.0,9425193.580761824,31841594.8469539,39999.0
9425589.32223756,31843064.565241307,39511.21951219512,2.356450525033622,9425293.528631823,31842634.306507602,39023.439024390245,9425639.29617256,31843584.29501816,39023.439024390245,9425885.1158433,31843494.82397501,39999.0,9425539.348302562,31842544.83546446,39999.0
9425935.089778297,31844014.553751864,39511.21951219512,2.8057606611327137,9425639.29617256,31843584.29501816,39023.439024390245,9425985.0637133,31844534.283528715,39023.439024390245,9426230.883384036,31844444.81248557,39999.0,9425885.1158433,31843494.82397501,39999.0
9426280.857319036,31844964.542262424,39511.21951219512,3.1242352364209043,9425985.0637133,31844534.283528715,39023.439024390245,9426330.831254035,31845484.272039272,39023.439024390245,9426576.650924774,31845394.800996125,39999.0,9426230.883384036,31844444.81248557,39999.0
9426626.624859774,31845914.530772973,39511.21951219512,3.228561781107359,9426330.831254035,31845484.272039272,39023.439024390245,9426676.598794773,31846434.26054983,39023.439024390245,9426922.418465512,31846344.78950668,39999.0,9426576.650924774,31845394.800996125,39999.0
9426972.39240051,31846864.519283533,39511.21951219512,3.5992700048179116,9426676.598794773,31846434.26054983,39023.439024390245,9427022.36633551,31847384.249060385,39023.439024390245,9427268.18600625,31847294.77801724,39999.0,9426922.418465512,31846344.78950668,39999.0
9427318.159941249,31847814.507794093,39511.21951219512,3.4218133859160935,9427022.36633551,31847384.249060385,39023.439024390245,9427368.133876247,31848334.237570945,39023.439024390245,9427613.953546986,31848244.766527798,39999.0,9427268.18600625,31847294.77801724,39999.0
9427663.927481985,31848764.496304646,39511.21951219512,3.036072561737553,9427368.133876247,31848334.237570945,39023.439024390245,9427713.901416983,31849284.226081498,39023.439024390245,9427959.721087724,31849194.75503835,39999.0,9427613.953546986,31848244.766527798,39999.0
9428009.695022723,31849714.484815203,39511.21951219512,2.3167541667748464,9427713.901416983,31849284.226081498,39023.439024390245,9428059.668957723,31850234.214592054,39023.439024390245,9428305.48862846,31850144.74354891,39999.0,9427959.721087724,31849194.75503835,39999.0
9428355.46256346,31850664.473325755,39511.21951219512,1.7260602326670973,9428059.668957723,31850234.214592054,39023.439024390245,9428405.436498461,31851184.20310261,39023.439024390245,9428651.256169198,31851094.732059464,39999.0,9428305.48862846,31850144.74354891,39999.0
9428701.230104197,31851614.461836316,39511.21951219512,1.3406001470569804,9428405.436498461,31851184.20310261,39023.439024390245,9428751.204039197,31852134.191613168,39023.439024390245,9428997.023709936,31852044.72057002,39999.0,9428651.256169198,31851094.732059464,39999.0
9429046.997644935,31852564.450346872,39511.21951219512,1.2245242102141387,9428751.204039197,31852134.191613168,39023.439024390245,9429096.971579935,31853084.180123724,39023.439024390245,9429342.791250674,31852994.70908058,39999.0,9428997.023709936,31852044.72057002,39999.0
9429392.765185673,31853514.438857432,39511.21951219512,0.9896309175857408,9429096.971579935,31853084.180123724,39023.439024390245,9429442.739120672,31854034.168634284,39023.439024390245,9429688.558791412,31853944.697591133,39999.0,9429342.791250674,31852994.70908058,39999.0
9429738.532726409,31854464.427367985,39511.21951219512,0.8815621432006309,9429442.739120672,31854034.168634284,39023.439024390245,9429788.50666141,31854984.157144837,39023.439024390245,9430034.326332148,31854894.686101694,39999.0,9429688.558791412,31853944.697591133,39999.0
9430084.300267147,31855414.41587854,39511.21951219512,0.39597026994190443,9429788.50666141,31854984.157144837,39023.439024390245,9430134.274202147,31855934.145655397,39023.439024390245,9430380.093872886,31855844.67461225,39999.0,9430034.326332148,31854894.686101694,39999.0
9430430.067807885,31856364.404389095,39511.21951219512,0.07181086019362297,9430134.274202147,31855934.145655397,39023.439024390245,9430480.041742885,31856884.13416595,39023.439024390245,9430725.861413622,31856794.663122803,39999.0,9430380.093872886,31855844.67461225,39999.0
9430775.835348623,31857314.392899655,39511.21951219512,0.0758067261120278,9430480.041742885,31856884.13416595,39023.439024390245,9430825.809283622,31857834.122676507,39023.439024390245,9431071.62895436,31857744.651633363,39999.0,9430725.861413622,31856794.663122803,39999.0
9431121.60288936,31858264.38141021,39511.21951219512,0.2826542795884549,9430825.809283622,31857834.122676507,39023.439024390245,9431171.57682436,31858784.111187063,39023.439024390245,9431417.396495098,31858694.640143916,39999.0,9431071.62895436,31857744.651633363,39999.0
9431467.370430097,31859214.369920768,39511.21951219512,0.5332552278036345,9431171.57682436,31858784.111187063,39023.439024390245,9431517.344365096,31859734.09969762,39023.439024390245,9431763.164035836,31859644.628654473,39999.0,9431417.396495098,31858694.640143916,39999.0
9431813.137970835,31860164.358431324,39511.21951219512,0.8144998105077851,9431517.344365096,31859734.09969762,39023.439024390245,9431863.111905834,31860684.088208176,39023.439024390245,9432108.931576572,31860594.617165033,39999.0,9431763.164035836,31859644.628654473,39999.0
9432158.905511571,31861114.34694188,39511.21951219512,0.581392872265134,9431863.111905834,31860684.088208176,39023.439024390245,9432208.879446572,31861634.076718733,39023.439024390245,9432454.69911731,31861544.605675586,39999.0,9432108.931576572,31860594.617165033,39999.0
9432504.67305231,31862064.335452437,39511.21951219512,0.822475399345266,9432208.879446572,31861634.076718733,39023.439024390245,9432554.64698731,31862584.06522929,39023.439024390245,9432800.466658046,31862494.594186146,39999.0,9432454.69911731,31861544.605675586,39999.0
9432850.440593047,31863014.323962994,39511.21951219512,0.9188878399864905,9432554.64698731,31862584.06522929,39023.439024390245,9432900.414528048,31863534.053739846,39023.439024390245,9433146.234198784,31863444.5826967,39999.0,9432800.466658046,31862494.594186146,39999.0
9433196.208133785,31863964.31247355,39511.21951219512,0.7871307519987407,9432900.414528048,31863534.053739846,39023.439024390245,9433246.182068784,31864484.042250402,39023.439024390245,9433492.001739524,31864394.571207255,39999.0,9433146.234198784,31863444.5826967,39999.0
9433541.975674521,31864914.300984107,39511.21951219512,1.1746448852307254,9433246.182068784,31864484.042250402,39023.439024390245,9433591.949609522,31865434.03076096,39023.439024390245,9433837.76928026,31865344.559717815,39999.0,9433492.001739524,31864394.571207255,39999.0
9433887.74321526,31865864.289494663,39511.21951219512,1.4561471384863554,9433591.949609522,31865434.03076096,39023.439024390245,9433937.717150258,31866384.01927152,39023.439024390245,9434183.536820998,31866294.548228372,39999.0,9433837.76928026,31865344.559717815,39999.0
9434233.510755995,31866814.278005224,39511.21951219512,1.703841956914506,9433937.717150258,31866384.01927152,39023.439024390245,9434283.484690996,31867334.00778207,39023.439024390245,9434529.304361735,31867244.536738925,39999.0,9434183.536820998,31866294.548228372,39999.0
9434579.278296733,31867764.266515777,39511.21951219512,2.7816866547602643,9434283.484690996,31867334.00778207,39023.439024390245,9434629.252231734,31868283.99629263,39023.439024390245,9434875.071902473,31868194.525249485,39999.0,9434529.304361735,31867244.536738925,39999.0
9434925.045837471,31868714.255026333,39511.21951219512,3.19689197466357,9434629.252231734,31868283.99629263,39023.439024390245,9434975.019772472,31869233.984803185,39023.439024390245,9435220.839443209,31869144.513760038,39999.0,9434875.071902473,31868194.525249485,39999.0
9435270.81337821,31869664.243536893,39511.21951219512,3.3168826635758806,9434975.019772472,31869233.984803185,39023.439024390245,9435320.787313208,31870183.97331374,39023.439024390245,9435566.606983948,31870094.502270598,39999.0,9435220.839443209,31869144.513760038,39999.0
9435616.580918947,31870614.232047446,39511.21951219512,3.282549593382929,9435320.787313208,31870183.97331374,39023.439024390245,9435666.554853946,31871133.9618243,39023.439024390245,9435912.374524685,31871044.49078115,39999.0,9435566.606983948,31870094.502270598,39999.0
9435962.348459685,31871564.220558003,39511.21951219512,3.3474940669727213,9435666.554853946,31871133.9618243,39023.439024390245,9436012.322394684,31872083.950334854,39023.439024390245,9436258.142065423,31871994.479291707,39999.0,9435912.374524685,31871044.49078115,39999.0
9436308.116000421,31872514.209068563,39511.21951219512,3.5130957763466713,9436012.322394684,31872083.950334854,39023.439024390245,9436358.089935422,31873033.93884541,39023.439024390245,9436603.909606159,31872944.467802268,39999.0,9436258.142065423,31871994.479291707,39999.0
9436653.88354116,31873464.197579116,39511.21951219512,3.9761780098898702,9436358.089935422,31873033.93884541,39023.439024390245,9436703.85747616,31873983.92735597,39023.439024390245,9436949.677146897,31873894.456312824,39999.0,9436603.909606159,31872944.467802268,39999.0
9436999.651081897,31874414.186089676,39511.21951219512,5.121507885565201,9436703.85747616,31873983.92735597,39023.439024390245,9437049.625016896,31874933.915866524,39023.439024390245,9437295.444687635,31874844.444823377,39999.0,9436949.677146897,31873894.456312824,39999.0
9437345.418622633,31875364.174600232,39511.21951219512,5.96803512470057,9437049.625016896,31874933.915866524,39023.439024390245,9437395.392557634,31875883.90437708,39023.439024390245,9437641.212228373,31875794.433333937,39999.0,9437295.444687635,31874844.444823377,39999.0
9437691.186163371,31876314.163110785,39511.21951219512,8.177045535550794,9437395.392557634,31875883.90437708,39023.439024390245,9437741.16009837,31876833.892887637,39023.439024390245,9437986.97976911,31876744.42184449,39999.0,9437641.212228373,31875794.433333937,39999.0
9438036.953704108,31877264.151621345,39511.21951219512,7.271214415152322,9437741.16009837,31876833.892887637,39023.439024390245,9438086.927639108,31877783.881398194,39023.439024390245,9438332.747309847,31877694.41035505,39999.0,9437986.97976911,31876744.42184449,39999.0
9438382.721244846,31878214.140131902,39511.21951219512,5.8472429055554604,9438086.927639108,31877783.881398194,39023.439024390245,9438432.695179846,31878733.869908754,39023.439024390245,9438678.514850585,31878644.398865607,39999.0,9438332.747309847,31877694.41035505,39999.0
9438728.488785584,31879164.128642455,39511.21951219512,4.52896582439022,9438432.695179846,31878733.869908754,39023.439024390245,9438778.462720584,31879683.858419307,39023.439024390245,9439024.28239132,31879594.38737616,39999.0,9438678.514850585,31878644.398865607,39999.0
9439074.256326322,31880114.117153015,39511.21951219512,3.9072817379502403,9438778.462720584,31879683.858419307,39023.439024390245,9439124.23026132,31880633.846929863,39023.439024390245,9439370.049932059,31880544.37588672,39999.0,9439024.28239132,31879594.38737616,39999.0
9439420.023867058,31881064.10566357,39511.21951219512,4.008032553989403,9439124.23026132,31880633.846929863,39023.439024390245,9439469.997802058,31881583.83544042,39023.439024390245,9439715.817472795,31881494.364397272,39999.0,9439370.049932059,31880544.37588672,39999.0
9439765.791407796,31882014.094174124,39511.21951219512,3.259790645609122,9439469.997802058,31881583.83544042,39023.439024390245,9439815.765342794,31882533.823950976,39023.439024390245,9440061.585013535,31882444.35290783,39999.0,9439715.817472795,31881494.364397272,39999.0
9440111.558948534,31882964.082684685,39511.21951219512,2.62046870578657,9439815.765342794,31882533.823950976,39023.439024390245,9440161.532883532,31883483.812461533,39023.439024390245,9440407.352554271,31883394.34141839,39999.0,9440061.585013535,31882444.35290783,39999.0
9440457.326489272,31883914.07119524,39511.21951219512,1.7942272654212692,9440161.532883532,31883483.812461533,39023.439024390245,9440507.300424272,31884433.80097209,39023.439024390245,9440753.120095009,31884344.329928942,39999.0,9440407.352554271,31883394.34141839,39999.0
9440803.094030008,31884864.059705794,39511.21951219512,1.8017568215501878,9440507.300424272,31884433.80097209,39023.439024390245,9440853.067965008,31885383.789482646,39023.439024390245,9441098.887635745,31885294.318439502,39999.0,9440753.120095009,31884344.329928942,39999.0
9441148.861570746,31885814.048216354,39511.21951219512,1.55509211567917,9440853.067965008,31885383.789482646,39023.439024390245,9441198.835505746,31886333.777993206,39023.439024390245,9441444.655176483,31886244.30695006,39999.0,9441098.887635745,31885294.318439502,39999.0
9441494.629111484,31886764.03672691,39511.21951219512,1.1553363792612483,9441198.835505746,31886333.777993206,39023.439024390245,9441544.603046482,31887283.76650376,39023.439024390245,9441790.422717221,31887194.29546061,39999.0,9441444.655176483,31886244.30695006,39999.0
9441840.39665222,31887714.025237463,39511.21951219512,0.5925360638320247,9441544.603046482,31887283.76650376,39023.439024390245,9441890.37058722,31888233.755014315,39023.439024390245,9442136.190257959,31888144.28397117,39999.0,9441790.422717221,31887194.29546061,39999.0
9442186.164192958,31888664.01374802,39511.21951219512,0.6790357093169332,9441890.37058722,31888233.755014315,39023.439024390245,9442236.138127957,31889183.74352487,39023.439024390245,9442481.957798697,31889094.272481725,39999.0,9442136.190257959,31888144.28397117,39999.0
9442531.931733694,31889614.002258576,39511.21951219512,0.8317894882343956,9442236.138127957,31889183.74352487,39023.439024390245,9442581.905668696,31890133.73203543,39023.439024390245,9442827.725339433,31890044.26099228,39999.0,9442481.957798697,31889094.272481725,39999.0
9442877.699274434,31890563.990769133,39511.21951219512,0.8529671543255583,9442581.905668696,31890133.73203543,39023.439024390245,9442927.673209433,31891083.720545985,39023.439024390245,9443173.492880171,31890994.24950284,39999.0,9442827.725339433,31890044.26099228,39999.0
9443223.46681517,31891513.979279693,39511.21951219512,0.757694938790494,9442927.673209433,31891083.720545985,39023.439024390245,9443273.44075017,31892033.709056545,39023.439024390245,9443519.260420907,31891944.238013394,39999.0,9443173.492880171,31890994.24950284,39999.0
9443569.234355908,31892463.967790253,39511.21951219512,0.5281542280557924,9443273.44075017,31892033.709056545,39023.439024390245,9443619.208290907,31892983.697567098,39023.439024390245,9443865.027961645,31892894.226523954,39999.0,9443519.260420907,31891944.238013394,39999.0
9443915.001896646,31893413.956300803,39511.21951219512,0.5502318391020816,9443619.208290907,31892983.697567098,39023.439024390245,9443964.975831645,31893933.686077658,39023.439024390245,9444210.795502383,31893844.21503451,39999.0,9443865.027961645,31892894.226523954,39999.0
