clon,clat,cdep,slip,lon1,lat1,dep1,lon2,lat2,dep2,lon3,lat3,dep3,lon4,lat4,dep4
1560333.8366516256,5283511.169079978,488.7804878048781,4.640143248119055,1560038.043045887,5283080.910346272,1.0,1560383.8105866243,5284030.898856829,1.0,1560629.630257364,5283941.427813683,976.5609756097562,1560283.8627166264,5282991.439303126,976.5609756097562
1560679.6041923629,5284461.157590535,488.7804878048781,3.4855251894953865,1560383.8105866243,5284030.898856829,1.0,1560729.5781273618,5284980.887367385,1.0,1560975.3977981014,5284891.416324239,976.5609756097562,1560629.630257364,5283941.427813683,976.5609756097562
1561025.3717331002,5285411.14610109,488.7804878048781,2.4873076066602815,1560729.5781273618,5284980.887367385,1.0,1561075.3456680994,5285930.875877942,1.0,1561321.1653388387,5285841.404834795,976.5609756097562,1560975.3977981014,5284891.416324239,976.5609756097562
1561371.139273838,5286361.134611647,488.7804878048781,2.6028716263938017,1561075.3456680994,5285930.875877942,1.0,1561421.1132088366,5286880.864388498,1.0,1561666.9328795762,5286791.393345352,976.5609756097562,1561321.1653388387,5285841.404834795,976.5609756097562
1561716.9068145752,5287311.123122203,488.7804878048781,3.5911296780636905,1561421.1132088366,5286880.864388498,1.0,1561766.8807495744,5287830.852899055,1.0,1562012.7004203137,5287741.381855908,976.5609756097562,1561666.9328795762,5286791.393345352,976.5609756097562
1562062.6743553125,5288261.11163276,488.7804878048781,3.8977230029239034,1561766.8807495744,5287830.852899055,1.0,1562112.6482903117,5288780.8414096115,1.0,1562358.467961051,5288691.370366465,976.5609756097562,1562012.7004203137,5287741.381855908,976.5609756097562
1562408.4418960502,5289211.100143317,488.7804878048781,5.6249792274865635,1562112.6482903117,5288780.8414096115,1.0,1562458.415831049,5289730.829920168,1.0,1562704.2355017886,5289641.358877022,976.5609756097562,1562358.467961051,5288691.370366465,976.5609756097562
1562754.2094367875,5290161.088653873,488.7804878048781,5.4202217304152205,1562458.415831049,5289730.829920168,1.0,1562804.1833717867,5290680.818430724,1.0,1563050.003042526,5290591.347387578,976.5609756097562,1562704.2355017886,5289641.358877022,976.5609756097562
1563099.9769775248,5291111.077164429,488.7804878048781,6.06674937781694,1562804.1833717867,5290680.818430724,1.0,1563149.950912524,5291630.806941281,1.0,1563395.7705832634,5291541.335898134,976.5609756097562,1563050.003042526,5290591.347387578,976.5609756097562
1563445.7445182626,5292061.065674986,488.7804878048781,5.050466096844124,1563149.950912524,5291630.806941281,1.0,1563495.7184532613,5292580.795451837,1.0,1563741.538124001,5292491.324408691,976.5609756097562,1563395.7705832634,5291541.335898134,976.5609756097562
1563791.5120589999,5293011.054185542,488.7804878048781,4.678303194943629,1563495.7184532613,5292580.795451837,1.0,1563841.485993999,5293530.783962394,1.0,1564087.3056647384,5293441.312919247,976.5609756097562,1563741.538124001,5292491.324408691,976.5609756097562
1564137.2795997371,5293961.042696099,488.7804878048781,5.377621820177746,1563841.485993999,5293530.783962394,1.0,1564187.2535347363,5294480.772472951,1.0,1564433.073205476,5294391.301429804,976.5609756097562,1564087.3056647384,5293441.312919247,976.5609756097562
1564483.047140475,5294911.031206656,488.7804878048781,5.67601969631067,1564187.2535347363,5294480.772472951,1.0,1564533.0210754739,5295430.760983507,1.0,1564778.8407462132,5295341.289940361,976.5609756097562,1564433.073205476,5294391.301429804,976.5609756097562
1564828.8146812122,5295861.019717212,488.7804878048781,4.749720277975471,1564533.0210754739,5295430.760983507,1.0,1564878.7886162114,5296380.749494063,1.0,1565124.6082869507,5296291.278450917,976.5609756097562,1564778.8407462132,5295341.289940361,976.5609756097562
1565174.5822219495,5296811.008227769,488.7804878048781,5.319923651830683,1564878.7886162114,5296380.749494063,1.0,1565224.5561569487,5297330.73800462,1.0,1565470.3758276883,5297241.266961473,976.5609756097562,1565124.6082869507,5296291.278450917,976.5609756097562
1565520.3497626872,5297760.996738324,488.7804878048781,5.870886855093415,1565224.5561569487,5297330.73800462,1.0,1565570.3236976862,5298280.726515176,1.0,1565816.1433684255,5298191.2554720305,976.5609756097562,1565470.3758276883,5297241.266961473,976.5609756097562
1565866.1173034247,5298710.985248881,488.7804878048781,7.949493076809622,1565570.3236976862,5298280.726515176,1.0,1565916.0912384237,5299230.715025733,1.0,1566161.9109091633,5299141.243982586,976.5609756097562,1565816.1433684255,5298191.2554720305,976.5609756097562
1566211.884844162,5299660.973759439,488.7804878048781,6.156874689406133,1565916.0912384237,5299230.715025733,1.0,1566261.8587791612,5300180.70353629,1.0,1566507.6784499006,5300091.2324931435,976.5609756097562,1566161.9109091633,5299141.243982586,976.5609756097562
1566557.6523848996,5300610.962269994,488.7804878048781,4.077566837759992,1566261.8587791612,5300180.70353629,1.0,1566607.6263198985,5301130.692046846,1.0,1566853.4459906379,5301041.221003699,976.5609756097562,1566507.6784499006,5300091.2324931435,976.5609756097562
1566903.419925637,5301560.950780551,488.7804878048781,3.2174867503412847,1566607.6263198985,5301130.692046846,1.0,1566953.393860636,5302080.680557402,1.0,1567199.2135313756,5301991.209514257,976.5609756097562,1566853.4459906379,5301041.221003699,976.5609756097562
1567249.1874663746,5302510.9392911075,488.7804878048781,3.4951825134919083,1566953.393860636,5302080.680557402,1.0,1567299.1614013736,5303030.669067959,1.0,1567544.981072113,5302941.198024812,976.5609756097562,1567199.2135313756,5301991.209514257,976.5609756097562
1567594.955007112,5303460.927801664,488.7804878048781,4.839010536253791,1567299.1614013736,5303030.669067959,1.0,1567644.9289421109,5303980.657578515,1.0,1567890.7486128502,5303891.18653537,976.5609756097562,1567544.981072113,5302941.198024812,976.5609756097562
1567940.7225478494,5304410.916312221,488.7804878048781,6.964788986955109,1567644.9289421109,5303980.657578515,1.0,1567990.6964828484,5304930.646089072,1.0,1568236.516153588,5304841.175045925,976.5609756097562,1567890.7486128502,5303891.18653537,976.5609756097562
1568286.4900885867,5305360.904822776,488.7804878048781,6.146344341604989,1567990.6964828484,5304930.646089072,1.0,1568336.464023586,5305880.634599628,1.0,1568582.2836943252,5305791.163556483,976.5609756097562,1568236.516153588,5304841.175045925,976.5609756097562
1568632.2576293242,5306310.893333334,488.7804878048781,7.237830867169431,1568336.464023586,5305880.634599628,1.0,1568682.2315643232,5306830.623110185,1.0,1568928.0512350625,5306741.152067038,976.5609756097562,1568582.2836943252,5305791.163556483,976.5609756097562
1568978.0251700617,5307260.88184389,488.7804878048781,7.776137580528234,1568682.2315643232,5306830.623110185,1.0,1569027.9991050607,5307780.611620741,1.0,1569273.8187758003,5307691.140577596,976.5609756097562,1568928.0512350625,5306741.152067038,976.5609756097562
1569323.7927107993,5308210.870354447,488.7804878048781,6.46178417430617,1569027.9991050607,5307780.611620741,1.0,1569373.7666457982,5308730.600131298,1.0,1569619.5863165376,5308641.129088151,976.5609756097562,1569273.8187758003,5307691.140577596,976.5609756097562
1569669.5602515365,5309160.858865003,488.7804878048781,7.321827588700489,1569373.7666457982,5308730.600131298,1.0,1569719.5341865355,5309680.588641854,1.0,1569965.353857275,5309591.117598709,976.5609756097562,1569619.5863165376,5308641.129088151,976.5609756097562
1570015.327792274,5310110.84737556,488.7804878048781,5.885733505789278,1569719.5341865355,5309680.588641854,1.0,1570065.301727273,5310630.577152411,1.0,1570311.1213980126,5310541.106109264,976.5609756097562,1569965.353857275,5309591.117598709,976.5609756097562
1570361.0953330114,5311060.835886116,488.7804878048781,8.940934950682252,1570065.301727273,5310630.577152411,1.0,1570411.0692680106,5311580.565662967,1.0,1570656.88893875,5311491.094619822,976.5609756097562,1570311.1213980126,5310541.106109264,976.5609756097562
1570706.862873749,5312010.824396674,488.7804878048781,10.128860617010176,1570411.0692680106,5311580.565662967,1.0,1570756.8368087478,5312530.5541735245,1.0,1571002.6564794874,5312441.083130377,976.5609756097562,1570656.88893875,5311491.094619822,976.5609756097562
1571052.6304144864,5312960.812907228,488.7804878048781,10.372130068704623,1570756.8368087478,5312530.5541735245,1.0,1571102.6043494856,5313480.54268408,1.0,1571348.424020225,5313391.071640935,976.5609756097562,1571002.6564794874,5312441.083130377,976.5609756097562
1571398.397955224,5313910.801417786,488.7804878048781,10.63188052682542,1571102.6043494856,5313480.54268408,1.0,1571448.371890223,5314430.5311946375,1.0,1571694.1915609625,5314341.06015149,976.5609756097562,1571348.424020225,5313391.071640935,976.5609756097562
1571744.1654959614,5314860.789928342,488.7804878048781,10.312432093967672,1571448.371890223,5314430.5311946375,1.0,1571794.1394309604,5315380.519705193,1.0,1572039.9591017,5315291.048662048,976.5609756097562,1571694.1915609625,5314341.06015149,976.5609756097562
1572089.9330366987,5315810.778438899,488.7804878048781,10.342472555306394,1571794.1394309604,5315380.519705193,1.0,1572139.906971698,5316330.508215751,1.0,1572385.7266424373,5316241.037172603,976.5609756097562,1572039.9591017,5315291.048662048,976.5609756097562
1572435.7005774365,5316760.766949455,488.7804878048781,9.623640193505512,1572139.906971698,5316330.508215751,1.0,1572485.6745124352,5317280.496726306,1.0,1572731.4941831748,5317191.025683161,976.5609756097562,1572385.7266424373,5316241.037172603,976.5609756097562
1572781.4681181738,5317710.755460012,488.7804878048781,7.922251177630779,1572485.6745124352,5317280.496726306,1.0,1572831.4420531727,5318230.485236864,1.0,1573077.2617239123,5318141.014193716,976.5609756097562,1572731.4941831748,5317191.025683161,976.5609756097562
1573127.235658911,5318660.743970568,488.7804878048781,6.402642313853123,1572831.4420531727,5318230.485236864,1.0,1573177.2095939103,5319180.473747419,1.0,1573423.0292646496,5319091.002704274,976.5609756097562,1573077.2617239123,5318141.014193716,976.5609756097562
1573473.0031996488,5319610.732481126,488.7804878048781,5.928059930088608,1573177.2095939103,5319180.473747419,1.0,1573522.9771346475,5320130.462257977,1.0,1573768.7968053871,5320040.9912148295,976.5609756097562,1573423.0292646496,5319091.002704274,976.5609756097562
1573818.770740386,5320560.72099168,488.7804878048781,8.443752729511525,1573522.9771346475,5320130.462257977,1.0,1573868.7446753853,5321080.450768532,1.0,1574114.5643461247,5320990.979725387,976.5609756097562,1573768.7968053871,5320040.9912148295,976.5609756097562
1574164.5382811234,5321510.709502238,488.7804878048781,7.303064778353403,1573868.7446753853,5321080.450768532,1.0,1574214.5122161226,5322030.43927909,1.0,1574460.331886862,5321940.968235943,976.5609756097562,1574114.5643461247,5320990.979725387,976.5609756097562
1574510.3058218611,5322460.698012794,488.7804878048781,5.523486999465213,1574214.5122161226,5322030.43927909,1.0,1574560.2797568599,5322980.427789645,1.0,1574806.0994275995,5322890.9567465,976.5609756097562,1574460.331886862,5321940.968235943,976.5609756097562
1574856.0733625984,5323410.686523351,488.7804878048781,4.964398261172909,1574560.2797568599,5322980.427789645,1.0,1574906.0472975976,5323930.416300203,1.0,1575151.866968337,5323840.945257056,976.5609756097562,1574806.0994275995,5322890.9567465,976.5609756097562
1575201.8409033357,5324360.675033907,488.7804878048781,4.494903027194868,1574906.0472975976,5323930.416300203,1.0,1575251.814838335,5324880.404810758,1.0,1575497.6345090745,5324790.933767613,976.5609756097562,1575151.866968337,5323840.945257056,976.5609756097562
1575547.6084440735,5325310.663544464,488.7804878048781,4.973187231046551,1575251.814838335,5324880.404810758,1.0,1575597.5823790722,5325830.393321316,1.0,1575843.4020498118,5325740.922278169,976.5609756097562,1575497.6345090745,5324790.933767613,976.5609756097562
1575893.3759848108,5326260.65205502,488.7804878048781,3.0150601952845837,1575597.5823790722,5325830.393321316,1.0,1575943.34991981,5326780.381831871,1.0,1576189.1695905493,5326690.910788726,976.5609756097562,1575843.4020498118,5325740.922278169,976.5609756097562
1576239.143525548,5327210.640565578,488.7804878048781,2.0411617755278844,1575943.34991981,5326780.381831871,1.0,1576289.1174605472,5327730.370342429,1.0,1576534.9371312868,5327640.899299282,976.5609756097562,1576189.1695905493,5326690.910788726,976.5609756097562
1576584.9110662858,5328160.629076133,488.7804878048781,1.922763264244159,1576289.1174605472,5327730.370342429,1.0,1576634.8850012848,5328680.358852984,1.0,1576880.7046720241,5328590.887809839,976.5609756097562,1576534.9371312868,5327640.899299282,976.5609756097562
1576930.6786070233,5329110.61758669,488.7804878048781,1.2662137050454758,1576634.8850012848,5328680.358852984,1.0,1576980.6525420223,5329630.347363542,1.0,1577226.4722127619,5329540.876320395,976.5609756097562,1576880.7046720241,5328590.887809839,976.5609756097562
1577276.4461477606,5330060.6060972465,488.7804878048781,0.905396382111585,1576980.6525420223,5329630.347363542,1.0,1577326.4200827596,5330580.335874097,1.0,1577572.2397534992,5330490.864830952,976.5609756097562,1577226.4722127619,5329540.876320395,976.5609756097562
1577622.2136884981,5331010.594607803,488.7804878048781,0.3193561079430869,1577326.4200827596,5330580.335874097,1.0,1577672.187623497,5331530.324384655,1.0,1577918.0072942364,5331440.853341508,976.5609756097562,1577572.2397534992,5330490.864830952,976.5609756097562
1577967.9812292357,5331960.58311836,488.7804878048781,0.08433277098015728,1577672.187623497,5331530.324384655,1.0,1578017.9551642346,5332480.31289521,1.0,1578263.7748349742,5332390.841852065,976.5609756097562,1577918.0072942364,5331440.853341508,976.5609756097562
1578313.748769973,5332910.571628916,488.7804878048781,0.056337313095300504,1578017.9551642346,5332480.31289521,1.0,1578363.7227049721,5333430.301405768,1.0,1578609.5423757115,5333340.830362621,976.5609756097562,1578263.7748349742,5332390.841852065,976.5609756097562
1578659.5163107107,5333860.560139473,488.7804878048781,0.5268656545279947,1578363.7227049721,5333430.301405768,1.0,1578709.4902457094,5334380.2899163235,1.0,1578955.309916449,5334290.818873178,976.5609756097562,1578609.5423757115,5333340.830362621,976.5609756097562
1579005.283851448,5334810.54865003,488.7804878048781,0.6908053573528926,1578709.4902457094,5334380.2899163235,1.0,1579055.2577864472,5335330.278426881,1.0,1579301.0774571865,5335240.807383734,976.5609756097562,1578955.309916449,5334290.818873178,976.5609756097562
1579351.0513921855,5335760.537160585,488.7804878048781,0.754647755421001,1579055.2577864472,5335330.278426881,1.0,1579401.0253271845,5336280.266937437,1.0,1579646.8449979238,5336190.795894291,976.5609756097562,1579301.0774571865,5335240.807383734,976.5609756097562
1579696.8189329228,5336710.525671142,488.7804878048781,0.7929555036611315,1579401.0253271845,5336280.266937437,1.0,1579746.7928679218,5337230.255447994,1.0,1579992.6125386613,5337140.784404847,976.5609756097562,1579646.8449979238,5336190.795894291,976.5609756097562
1580042.5864736603,5337660.514181699,488.7804878048781,0.8215944902645199,1579746.7928679218,5337230.255447994,1.0,1580092.5604086595,5338180.24395855,1.0,1580338.3800793989,5338090.772915404,976.5609756097562,1579992.6125386613,5337140.784404847,976.5609756097562
1580388.3540143978,5338610.502692255,488.7804878048781,0.4880812381797788,1580092.5604086595,5338180.24395855,1.0,1580438.3279493968,5339130.232469107,1.0,1580684.1476201362,5339040.76142596,976.5609756097562,1580338.3800793989,5338090.772915404,976.5609756097562
1580734.1215551354,5339560.491202812,488.7804878048781,0.1423823792673697,1580438.3279493968,5339130.232469107,1.0,1580784.095490134,5340080.220979663,1.0,1581029.9151608737,5339990.749936517,976.5609756097562,1580684.1476201362,5339040.76142596,976.5609756097562
1560579.6563223645,5283421.698036831,1464.3414634146343,3.2313406988458246,1560283.8627166264,5282991.439303126,976.5609756097562,1560629.630257364,5283941.427813683,976.5609756097562,1560875.4499281023,5283851.9567705365,1952.1219512195123,1560529.682387365,5282901.96825998,1952.1219512195123
1560925.423863102,5284371.686547388,1464.3414634146343,2.361980064819867,1560629.630257364,5283941.427813683,976.5609756097562,1560975.3977981014,5284891.416324239,976.5609756097562,1561221.21746884,5284801.945281093,1952.1219512195123,1560875.4499281023,5283851.9567705365,1952.1219512195123
1561271.1914038393,5285321.675057944,1464.3414634146343,2.3550867288807074,1560975.3977981014,5284891.416324239,976.5609756097562,1561321.1653388387,5285841.404834795,976.5609756097562,1561566.9850095774,5285751.9337916495,1952.1219512195123,1561221.21746884,5284801.945281093,1952.1219512195123
1561616.9589445768,5286271.663568501,1464.3414634146343,2.467537733798737,1561321.1653388387,5285841.404834795,976.5609756097562,1561666.9328795762,5286791.393345352,976.5609756097562,1561912.7525503146,5286701.922302206,1952.1219512195123,1561566.9850095774,5285751.9337916495,1952.1219512195123
1561962.7264853143,5287221.652079057,1464.3414634146343,3.0088290943475116,1561666.9328795762,5286791.393345352,976.5609756097562,1562012.7004203137,5287741.381855908,976.5609756097562,1562258.5200910524,5287651.910812763,1952.1219512195123,1561912.7525503146,5286701.922302206,1952.1219512195123
1562308.4940260516,5288171.6405896135,1464.3414634146343,3.9115364360583014,1562012.7004203137,5287741.381855908,976.5609756097562,1562358.467961051,5288691.370366465,976.5609756097562,1562604.2876317897,5288601.899323319,1952.1219512195123,1562258.5200910524,5287651.910812763,1952.1219512195123
1562654.2615667891,5289121.629100171,1464.3414634146343,4.629189760541951,1562358.467961051,5288691.370366465,976.5609756097562,1562704.2355017886,5289641.358877022,976.5609756097562,1562950.055172527,5289551.887833876,1952.1219512195123,1562604.2876317897,5288601.899323319,1952.1219512195123
1563000.0291075266,5290071.6176107265,1464.3414634146343,3.8657412741134176,1562704.2355017886,5289641.358877022,976.5609756097562,1563050.003042526,5290591.347387578,976.5609756097562,1563295.8227132647,5290501.876344432,1952.1219512195123,1562950.055172527,5289551.887833876,1952.1219512195123
1563345.796648264,5291021.606121283,1464.3414634146343,3.4844941678117736,1563050.003042526,5290591.347387578,976.5609756097562,1563395.7705832634,5291541.335898134,976.5609756097562,1563641.590254002,5291451.864854989,1952.1219512195123,1563295.8227132647,5290501.876344432,1952.1219512195123
1563691.5641890015,5291971.59463184,1464.3414634146343,3.8704960194305658,1563395.7705832634,5291541.335898134,976.5609756097562,1563741.538124001,5292491.324408691,976.5609756097562,1563987.3577947393,5292401.853365545,1952.1219512195123,1563641.590254002,5291451.864854989,1952.1219512195123
1564037.331729739,5292921.583142396,1464.3414634146343,3.369025662053413,1563741.538124001,5292491.324408691,976.5609756097562,1564087.3056647384,5293441.312919247,976.5609756097562,1564333.125335477,5293351.841876102,1952.1219512195123,1563987.3577947393,5292401.853365545,1952.1219512195123
1564383.0992704765,5293871.5716529535,1464.3414634146343,3.6733735028076633,1564087.3056647384,5293441.312919247,976.5609756097562,1564433.073205476,5294391.301429804,976.5609756097562,1564678.8928762143,5294301.830386658,1952.1219512195123,1564333.125335477,5293351.841876102,1952.1219512195123
1564728.8668112138,5294821.560163509,1464.3414634146343,3.6684798813440467,1564433.073205476,5294391.301429804,976.5609756097562,1564778.8407462132,5295341.289940361,976.5609756097562,1565024.6604169519,5295251.818897215,1952.1219512195123,1564678.8928762143,5294301.830386658,1952.1219512195123
1565074.6343519513,5295771.548674067,1464.3414634146343,3.8542883841886533,1564778.8407462132,5295341.289940361,976.5609756097562,1565124.6082869507,5296291.278450917,976.5609756097562,1565370.4279576894,5296201.807407771,1952.1219512195123,1565024.6604169519,5295251.818897215,1952.1219512195123
1565420.4018926886,5296721.537184622,1464.3414634146343,4.711473469153577,1565124.6082869507,5296291.278450917,976.5609756097562,1565470.3758276883,5297241.266961473,976.5609756097562,1565716.1954984267,5297151.795918328,1952.1219512195123,1565370.4279576894,5296201.807407771,1952.1219512195123
1565766.1694334263,5297671.525695179,1464.3414634146343,6.279984852560916,1565470.3758276883,5297241.266961473,976.5609756097562,1565816.1433684255,5298191.2554720305,976.5609756097562,1566061.9630391642,5298101.784428884,1952.1219512195123,1565716.1954984267,5297151.795918328,1952.1219512195123
1566111.9369741636,5298621.514205735,1464.3414634146343,8.315871665003959,1565816.1433684255,5298191.2554720305,976.5609756097562,1566161.9109091633,5299141.243982586,976.5609756097562,1566407.7305799017,5299051.772939441,1952.1219512195123,1566061.9630391642,5298101.784428884,1952.1219512195123
1566457.7045149012,5299571.502716292,1464.3414634146343,6.3584557473438466,1566161.9109091633,5299141.243982586,976.5609756097562,1566507.6784499006,5300091.2324931435,976.5609756097562,1566753.4981206392,5300001.761449997,1952.1219512195123,1566407.7305799017,5299051.772939441,1952.1219512195123
1566803.4720556384,5300521.491226848,1464.3414634146343,3.8591154277254147,1566507.6784499006,5300091.2324931435,976.5609756097562,1566853.4459906379,5301041.221003699,976.5609756097562,1567099.2656613768,5300951.749960554,1952.1219512195123,1566753.4981206392,5300001.761449997,1952.1219512195123
1567149.239596376,5301471.479737406,1464.3414634146343,3.03429815320084,1566853.4459906379,5301041.221003699,976.5609756097562,1567199.2135313756,5301991.209514257,976.5609756097562,1567445.033202114,5301901.73847111,1952.1219512195123,1567099.2656613768,5300951.749960554,1952.1219512195123
1567495.0071371135,5302421.468247961,1464.3414634146343,3.3589889737371914,1567199.2135313756,5301991.209514257,976.5609756097562,1567544.981072113,5302941.198024812,976.5609756097562,1567790.8007428516,5302851.726981667,1952.1219512195123,1567445.033202114,5301901.73847111,1952.1219512195123
1567840.774677851,5303371.456758518,1464.3414634146343,4.062629175951911,1567544.981072113,5302941.198024812,976.5609756097562,1567890.7486128502,5303891.18653537,976.5609756097562,1568136.568283589,5303801.715492223,1952.1219512195123,1567790.8007428516,5302851.726981667,1952.1219512195123
1568186.5422185883,5304321.445269074,1464.3414634146343,4.432273260124065,1567890.7486128502,5303891.18653537,976.5609756097562,1568236.516153588,5304841.175045925,976.5609756097562,1568482.3358243266,5304751.70400278,1952.1219512195123,1568136.568283589,5303801.715492223,1952.1219512195123
1568532.3097593258,5305271.433779631,1464.3414634146343,5.25352845388822,1568236.516153588,5304841.175045925,976.5609756097562,1568582.2836943252,5305791.163556483,976.5609756097562,1568828.103365064,5305701.692513336,1952.1219512195123,1568482.3358243266,5304751.70400278,1952.1219512195123
1568878.077300063,5306221.422290187,1464.3414634146343,5.194724730218434,1568582.2836943252,5305791.163556483,976.5609756097562,1568928.0512350625,5306741.152067038,976.5609756097562,1569173.8709058014,5306651.681023893,1952.1219512195123,1568828.103365064,5305701.692513336,1952.1219512195123
1569223.8448408006,5307171.410800744,1464.3414634146343,6.97249903997887,1568928.0512350625,5306741.152067038,976.5609756097562,1569273.8187758003,5307691.140577596,976.5609756097562,1569519.638446539,5307601.669534449,1952.1219512195123,1569173.8709058014,5306651.681023893,1952.1219512195123
1569569.6123815384,5308121.3993113,1464.3414634146343,9.319531539923116,1569273.8187758003,5307691.140577596,976.5609756097562,1569619.5863165376,5308641.129088151,976.5609756097562,1569865.4059872762,5308551.658045006,1952.1219512195123,1569519.638446539,5307601.669534449,1952.1219512195123
1569915.3799222757,5309071.387821858,1464.3414634146343,9.528261682119735,1569619.5863165376,5308641.129088151,976.5609756097562,1569965.353857275,5309591.117598709,976.5609756097562,1570211.1735280138,5309501.6465555625,1952.1219512195123,1569865.4059872762,5308551.658045006,1952.1219512195123
1570261.147463013,5310021.376332413,1464.3414634146343,8.61881765519211,1569965.353857275,5309591.117598709,976.5609756097562,1570311.1213980126,5310541.106109264,976.5609756097562,1570556.9410687513,5310451.635066119,1952.1219512195123,1570211.1735280138,5309501.6465555625,1952.1219512195123
1570606.9150037507,5310971.36484297,1464.3414634146343,9.327517244959012,1570311.1213980126,5310541.106109264,976.5609756097562,1570656.88893875,5311491.094619822,976.5609756097562,1570902.7086094886,5311401.623576676,1952.1219512195123,1570556.9410687513,5310451.635066119,1952.1219512195123
1570952.682544488,5311921.353353526,1464.3414634146343,9.430889907008506,1570656.88893875,5311491.094619822,976.5609756097562,1571002.6564794874,5312441.083130377,976.5609756097562,1571248.476150226,5312351.612087232,1952.1219512195123,1570902.7086094886,5311401.623576676,1952.1219512195123
1571298.4500852253,5312871.341864083,1464.3414634146343,11.652291241933476,1571002.6564794874,5312441.083130377,976.5609756097562,1571348.424020225,5313391.071640935,976.5609756097562,1571594.2436909636,5313301.600597789,1952.1219512195123,1571248.476150226,5312351.612087232,1952.1219512195123
1571644.217625963,5313821.3303746395,1464.3414634146343,12.082876739322861,1571348.424020225,5313391.071640935,976.5609756097562,1571694.1915609625,5314341.06015149,976.5609756097562,1571940.011231701,5314251.589108345,1952.1219512195123,1571594.2436909636,5313301.600597789,1952.1219512195123
1571989.9851667006,5314771.318885196,1464.3414634146343,11.132390974610628,1571694.1915609625,5314341.06015149,976.5609756097562,1572039.9591017,5315291.048662048,976.5609756097562,1572285.7787724386,5315201.577618902,1952.1219512195123,1571940.011231701,5314251.589108345,1952.1219512195123
1572335.7527074378,5315721.3073957525,1464.3414634146343,10.995638006392257,1572039.9591017,5315291.048662048,976.5609756097562,1572385.7266424373,5316241.037172603,976.5609756097562,1572631.546313176,5316151.566129458,1952.1219512195123,1572285.7787724386,5315201.577618902,1952.1219512195123
1572681.5202481754,5316671.29590631,1464.3414634146343,10.0232793668105,1572385.7266424373,5316241.037172603,976.5609756097562,1572731.4941831748,5317191.025683161,976.5609756097562,1572977.3138539132,5317101.554640015,1952.1219512195123,1572631.546313176,5316151.566129458,1952.1219512195123
1573027.287788913,5317621.284416866,1464.3414634146343,10.083294596567903,1572731.4941831748,5317191.025683161,976.5609756097562,1573077.2617239123,5318141.014193716,976.5609756097562,1573323.081394651,5318051.543150571,1952.1219512195123,1572977.3138539132,5317101.554640015,1952.1219512195123
1573373.0553296502,5318571.272927422,1464.3414634146343,7.858573522098949,1573077.2617239123,5318141.014193716,976.5609756097562,1573423.0292646496,5319091.002704274,976.5609756097562,1573668.8489353883,5319001.531661128,1952.1219512195123,1573323.081394651,5318051.543150571,1952.1219512195123
1573718.822870388,5319521.261437979,1464.3414634146343,7.670552612539095,1573423.0292646496,5319091.002704274,976.5609756097562,1573768.7968053871,5320040.9912148295,976.5609756097562,1574014.6164761258,5319951.520171684,1952.1219512195123,1573668.8489353883,5319001.531661128,1952.1219512195123
1574064.5904111252,5320471.249948535,1464.3414634146343,9.928661479738832,1573768.7968053871,5320040.9912148295,976.5609756097562,1574114.5643461247,5320990.979725387,976.5609756097562,1574360.3840168633,5320901.50868224,1952.1219512195123,1574014.6164761258,5319951.520171684,1952.1219512195123
1574410.3579518625,5321421.238459092,1464.3414634146343,8.476192643986678,1574114.5643461247,5320990.979725387,976.5609756097562,1574460.331886862,5321940.968235943,976.5609756097562,1574706.1515576006,5321851.497192797,1952.1219512195123,1574360.3840168633,5320901.50868224,1952.1219512195123
1574756.1254926,5322371.226969648,1464.3414634146343,6.237331399388978,1574460.331886862,5321940.968235943,976.5609756097562,1574806.0994275995,5322890.9567465,976.5609756097562,1575051.919098338,5322801.485703354,1952.1219512195123,1574706.1515576006,5321851.497192797,1952.1219512195123
1575101.8930333375,5323321.215480205,1464.3414634146343,4.569615632803902,1574806.0994275995,5322890.9567465,976.5609756097562,1575151.866968337,5323840.945257056,976.5609756097562,1575397.6866390756,5323751.47421391,1952.1219512195123,1575051.919098338,5322801.485703354,1952.1219512195123
1575447.6605740748,5324271.203990762,1464.3414634146343,3.4864711789694223,1575151.866968337,5323840.945257056,976.5609756097562,1575497.6345090745,5324790.933767613,976.5609756097562,1575743.454179813,5324701.462724467,1952.1219512195123,1575397.6866390756,5323751.47421391,1952.1219512195123
1575793.4281148126,5325221.192501318,1464.3414634146343,4.181613487380908,1575497.6345090745,5324790.933767613,976.5609756097562,1575843.4020498118,5325740.922278169,976.5609756097562,1576089.2217205504,5325651.451235023,1952.1219512195123,1575743.454179813,5324701.462724467,1952.1219512195123
1576139.1956555499,5326171.181011874,1464.3414634146343,3.6820473856452103,1575843.4020498118,5325740.922278169,976.5609756097562,1576189.1695905493,5326690.910788726,976.5609756097562,1576434.989261288,5326601.439745579,1952.1219512195123,1576089.2217205504,5325651.451235023,1952.1219512195123
1576484.9631962874,5327121.169522431,1464.3414634146343,2.5768002221600086,1576189.1695905493,5326690.910788726,976.5609756097562,1576534.9371312868,5327640.899299282,976.5609756097562,1576780.7568020253,5327551.428256136,1952.1219512195123,1576434.989261288,5326601.439745579,1952.1219512195123
1576830.7307370247,5328071.158032987,1464.3414634146343,2.5887790333275804,1576534.9371312868,5327640.899299282,976.5609756097562,1576880.7046720241,5328590.887809839,976.5609756097562,1577126.5243427628,5328501.416766693,1952.1219512195123,1576780.7568020253,5327551.428256136,1952.1219512195123
1577176.4982777622,5329021.146543544,1464.3414634146343,2.046808714245598,1576880.7046720241,5328590.887809839,976.5609756097562,1577226.4722127619,5329540.876320395,976.5609756097562,1577472.2918835003,5329451.405277249,1952.1219512195123,1577126.5243427628,5328501.416766693,1952.1219512195123
1577522.2658184997,5329971.1350541,1464.3414634146343,0.7251735950506424,1577226.4722127619,5329540.876320395,976.5609756097562,1577572.2397534992,5330490.864830952,976.5609756097562,1577818.0594242376,5330401.393787805,1952.1219512195123,1577472.2918835003,5329451.405277249,1952.1219512195123
1577868.0333592372,5330921.123564657,1464.3414634146343,0.38836007087443297,1577572.2397534992,5330490.864830952,976.5609756097562,1577918.0072942364,5331440.853341508,976.5609756097562,1578163.826964975,5331351.382298362,1952.1219512195123,1577818.0594242376,5330401.393787805,1952.1219512195123
1578213.8008999745,5331871.112075214,1464.3414634146343,0.20892686747395453,1577918.0072942364,5331440.853341508,976.5609756097562,1578263.7748349742,5332390.841852065,976.5609756097562,1578509.5945057126,5332301.370808918,1952.1219512195123,1578163.826964975,5331351.382298362,1952.1219512195123
1578559.568440712,5332821.100585769,1464.3414634146343,0.1650425247254067,1578263.7748349742,5332390.841852065,976.5609756097562,1578609.5423757115,5333340.830362621,976.5609756097562,1578855.3620464501,5333251.3593194755,1952.1219512195123,1578509.5945057126,5332301.370808918,1952.1219512195123
1578905.3359814496,5333771.089096326,1464.3414634146343,0.3672514254018743,1578609.5423757115,5333340.830362621,976.5609756097562,1578955.309916449,5334290.818873178,976.5609756097562,1579201.1295871877,5334201.347830032,1952.1219512195123,1578855.3620464501,5333251.3593194755,1952.1219512195123
1579251.1035221869,5334721.077606883,1464.3414634146343,0.6694346028622091,1578955.309916449,5334290.818873178,976.5609756097562,1579301.0774571865,5335240.807383734,976.5609756097562,1579546.8971279252,5335151.3363405885,1952.1219512195123,1579201.1295871877,5334201.347830032,1952.1219512195123
1579596.8710629244,5335671.066117439,1464.3414634146343,1.135592653466649,1579301.0774571865,5335240.807383734,976.5609756097562,1579646.8449979238,5336190.795894291,976.5609756097562,1579892.6646686625,5336101.324851144,1952.1219512195123,1579546.8971279252,5335151.3363405885,1952.1219512195123
1579942.638603662,5336621.054627996,1464.3414634146343,0.7010788180289063,1579646.8449979238,5336190.795894291,976.5609756097562,1579992.6125386613,5337140.784404847,976.5609756097562,1580238.4322094,5337051.313361702,1952.1219512195123,1579892.6646686625,5336101.324851144,1952.1219512195123
1580288.4061443992,5337571.043138552,1464.3414634146343,1.7507850243219025,1579992.6125386613,5337140.784404847,976.5609756097562,1580338.3800793989,5338090.772915404,976.5609756097562,1580584.1997501375,5338001.301872257,1952.1219512195123,1580238.4322094,5337051.313361702,1952.1219512195123
1580634.1736851367,5338521.031649109,1464.3414634146343,1.01756287559183,1580338.3800793989,5338090.772915404,976.5609756097562,1580684.1476201362,5339040.76142596,976.5609756097562,1580929.9672908748,5338951.290382815,1952.1219512195123,1580584.1997501375,5338001.301872257,1952.1219512195123
1580979.9412258742,5339471.020159666,1464.3414634146343,0.781840913464372,1580684.1476201362,5339040.76142596,976.5609756097562,1581029.9151608737,5339990.749936517,976.5609756097562,1581275.7348316123,5339901.278893371,1952.1219512195123,1580929.9672908748,5338951.290382815,1952.1219512195123
1560825.4759931033,5283332.226993686,2439.9024390243903,3.494260790294097,1560529.682387365,5282901.96825998,1952.1219512195123,1560875.4499281023,5283851.9567705365,1952.1219512195123,1561121.269598842,5283762.48572739,2927.682926829268,1560775.5020581044,5282812.497216834,2927.682926829268
1561171.2435338409,5284282.215504241,2439.9024390243903,2.1205997221809567,1560875.4499281023,5283851.9567705365,1952.1219512195123,1561221.21746884,5284801.945281093,1952.1219512195123,1561467.0371395794,5284712.474237947,2927.682926829268,1561121.269598842,5283762.48572739,2927.682926829268
1561517.0110745784,5285232.204014799,2439.9024390243903,2.3755655377897384,1561221.21746884,5284801.945281093,1952.1219512195123,1561566.9850095774,5285751.9337916495,1952.1219512195123,1561812.8046803167,5285662.462748503,2927.682926829268,1561467.0371395794,5284712.474237947,2927.682926829268
1561862.778615316,5286182.192525355,2439.9024390243903,3.1688044741125716,1561566.9850095774,5285751.9337916495,1952.1219512195123,1561912.7525503146,5286701.922302206,1952.1219512195123,1562158.5722210542,5286612.45125906,2927.682926829268,1561812.8046803167,5285662.462748503,2927.682926829268
1562208.5461560532,5287132.181035911,2439.9024390243903,2.4666516604406845,1561912.7525503146,5286701.922302206,1952.1219512195123,1562258.5200910524,5287651.910812763,1952.1219512195123,1562504.3397617918,5287562.439769616,2927.682926829268,1562158.5722210542,5286612.45125906,2927.682926829268
1562554.3136967907,5288082.169546467,2439.9024390243903,2.798687546807952,1562258.5200910524,5287651.910812763,1952.1219512195123,1562604.2876317897,5288601.899323319,1952.1219512195123,1562850.107302529,5288512.428280173,2927.682926829268,1562504.3397617918,5287562.439769616,2927.682926829268
1562900.081237528,5289032.158057025,2439.9024390243903,2.41000613040049,1562604.2876317897,5288601.899323319,1952.1219512195123,1562950.055172527,5289551.887833876,1952.1219512195123,1563195.8748432666,5289462.416790729,2927.682926829268,1562850.107302529,5288512.428280173,2927.682926829268
1563245.8487782655,5289982.14656758,2439.9024390243903,1.5655875241786845,1562950.055172527,5289551.887833876,1952.1219512195123,1563295.8227132647,5290501.876344432,1952.1219512195123,1563541.642384004,5290412.405301286,2927.682926829268,1563195.8748432666,5289462.416790729,2927.682926829268
1563591.616319003,5290932.135078138,2439.9024390243903,2.20424977030085,1563295.8227132647,5290501.876344432,1952.1219512195123,1563641.590254002,5291451.864854989,1952.1219512195123,1563887.4099247414,5291362.393811842,2927.682926829268,1563541.642384004,5290412.405301286,2927.682926829268
1563937.3838597406,5291882.123588693,2439.9024390243903,2.9569157678674345,1563641.590254002,5291451.864854989,1952.1219512195123,1563987.3577947393,5292401.853365545,1952.1219512195123,1564233.177465479,5292312.382322399,2927.682926829268,1563887.4099247414,5291362.393811842,2927.682926829268
1564283.1514004779,5292832.112099251,2439.9024390243903,3.7690734436175215,1563987.3577947393,5292401.853365545,1952.1219512195123,1564333.125335477,5293351.841876102,1952.1219512195123,1564578.9450062164,5293262.370832955,2927.682926829268,1564233.177465479,5292312.382322399,2927.682926829268
1564628.9189412154,5293782.100609807,2439.9024390243903,3.902203575730995,1564333.125335477,5293351.841876102,1952.1219512195123,1564678.8928762143,5294301.830386658,1952.1219512195123,1564924.712546954,5294212.359343512,2927.682926829268,1564578.9450062164,5293262.370832955,2927.682926829268
1564974.686481953,5294732.089120363,2439.9024390243903,3.6498635293575434,1564678.8928762143,5294301.830386658,1952.1219512195123,1565024.6604169519,5295251.818897215,1952.1219512195123,1565270.4800876915,5295162.3478540685,2927.682926829268,1564924.712546954,5294212.359343512,2927.682926829268
1565320.4540226902,5295682.077630919,2439.9024390243903,2.903835905441108,1565024.6604169519,5295251.818897215,1952.1219512195123,1565370.4279576894,5296201.807407771,1952.1219512195123,1565616.2476284287,5296112.336364625,2927.682926829268,1565270.4800876915,5295162.3478540685,2927.682926829268
1565666.2215634277,5296632.066141477,2439.9024390243903,4.480730359072405,1565370.4279576894,5296201.807407771,1952.1219512195123,1565716.1954984267,5297151.795918328,1952.1219512195123,1565962.0151691663,5297062.324875182,2927.682926829268,1565616.2476284287,5296112.336364625,2927.682926829268
1566011.9891041652,5297582.054652032,2439.9024390243903,5.533289186081527,1565716.1954984267,5297151.795918328,1952.1219512195123,1566061.9630391642,5298101.784428884,1952.1219512195123,1566307.7827099038,5298012.313385738,2927.682926829268,1565962.0151691663,5297062.324875182,2927.682926829268
1566357.7566449025,5298532.04316259,2439.9024390243903,6.2999527418325565,1566061.9630391642,5298101.784428884,1952.1219512195123,1566407.7305799017,5299051.772939441,1952.1219512195123,1566653.5502506413,5298962.301896295,2927.682926829268,1566307.7827099038,5298012.313385738,2927.682926829268
1566703.5241856403,5299482.0316731455,2439.9024390243903,6.659493700281546,1566407.7305799017,5299051.772939441,1952.1219512195123,1566753.4981206392,5300001.761449997,1952.1219512195123,1566999.3177913786,5299912.290406851,2927.682926829268,1566653.5502506413,5298962.301896295,2927.682926829268
1567049.2917263778,5300432.020183703,2439.9024390243903,5.5446494540775575,1566753.4981206392,5300001.761449997,1952.1219512195123,1567099.2656613768,5300951.749960554,1952.1219512195123,1567345.085332116,5300862.278917407,2927.682926829268,1566999.3177913786,5299912.290406851,2927.682926829268
1567395.0592671148,5301382.008694259,2439.9024390243903,5.268169662195624,1567099.2656613768,5300951.749960554,1952.1219512195123,1567445.033202114,5301901.73847111,1952.1219512195123,1567690.8528728536,5301812.267427964,2927.682926829268,1567345.085332116,5300862.278917407,2927.682926829268
1567740.8268078526,5302331.997204815,2439.9024390243903,7.463260940222365,1567445.033202114,5301901.73847111,1952.1219512195123,1567790.8007428516,5302851.726981667,1952.1219512195123,1568036.620413591,5302762.255938521,2927.682926829268,1567690.8528728536,5301812.267427964,2927.682926829268
1568086.5943485901,5303281.985715372,2439.9024390243903,6.495342426421779,1567790.8007428516,5302851.726981667,1952.1219512195123,1568136.568283589,5303801.715492223,1952.1219512195123,1568382.3879543287,5303712.244449077,2927.682926829268,1568036.620413591,5302762.255938521,2927.682926829268
1568432.3618893276,5304231.974225929,2439.9024390243903,5.659714121446545,1568136.568283589,5303801.715492223,1952.1219512195123,1568482.3358243266,5304751.70400278,1952.1219512195123,1568728.155495066,5304662.232959634,2927.682926829268,1568382.3879543287,5303712.244449077,2927.682926829268
1568778.129430065,5305181.962736485,2439.9024390243903,5.266001556099078,1568482.3358243266,5304751.70400278,1952.1219512195123,1568828.103365064,5305701.692513336,1952.1219512195123,1569073.9230358033,5305612.22147019,2927.682926829268,1568728.155495066,5304662.232959634,2927.682926829268
1569123.8969708025,5306131.951247042,2439.9024390243903,5.367447269157785,1568828.103365064,5305701.692513336,1952.1219512195123,1569173.8709058014,5306651.681023893,1952.1219512195123,1569419.6905765408,5306562.209980746,2927.682926829268,1569073.9230358033,5305612.22147019,2927.682926829268
1569469.6645115395,5307081.939757598,2439.9024390243903,8.720269962159259,1569173.8709058014,5306651.681023893,1952.1219512195123,1569519.638446539,5307601.669534449,1952.1219512195123,1569765.4581172783,5307512.198491303,2927.682926829268,1569419.6905765408,5306562.209980746,2927.682926829268
1569815.4320522773,5308031.928268155,2439.9024390243903,7.642126839087501,1569519.638446539,5307601.669534449,1952.1219512195123,1569865.4059872762,5308551.658045006,1952.1219512195123,1570111.2256580156,5308462.18700186,2927.682926829268,1569765.4581172783,5307512.198491303,2927.682926829268
1570161.1995930148,5308981.916778712,2439.9024390243903,10.901493335900861,1569865.4059872762,5308551.658045006,1952.1219512195123,1570211.1735280138,5309501.6465555625,1952.1219512195123,1570456.9931987533,5309412.175512416,2927.682926829268,1570111.2256580156,5308462.18700186,2927.682926829268
1570506.9671337523,5309931.905289267,2439.9024390243903,11.296590461970686,1570211.1735280138,5309501.6465555625,1952.1219512195123,1570556.9410687513,5310451.635066119,1952.1219512195123,1570802.7607394906,5310362.164022972,2927.682926829268,1570456.9931987533,5309412.175512416,2927.682926829268
1570852.7346744896,5310881.893799824,2439.9024390243903,9.69983637096875,1570556.9410687513,5310451.635066119,1952.1219512195123,1570902.7086094886,5311401.623576676,1952.1219512195123,1571148.528280228,5311312.152533529,2927.682926829268,1570802.7607394906,5310362.164022972,2927.682926829268
1571198.502215227,5311831.882310381,2439.9024390243903,10.816037031042745,1570902.7086094886,5311401.623576676,1952.1219512195123,1571248.476150226,5312351.612087232,1952.1219512195123,1571494.2958209657,5312262.141044085,2927.682926829268,1571148.528280228,5311312.152533529,2927.682926829268
1571544.2697559644,5312781.870820937,2439.9024390243903,12.271144116340727,1571248.476150226,5312351.612087232,1952.1219512195123,1571594.2436909636,5313301.600597789,1952.1219512195123,1571840.063361703,5313212.129554642,2927.682926829268,1571494.2958209657,5312262.141044085,2927.682926829268
1571890.0372967022,5313731.859331494,2439.9024390243903,12.264453675492767,1571594.2436909636,5313301.600597789,1952.1219512195123,1571940.011231701,5314251.589108345,1952.1219512195123,1572185.8309024405,5314162.118065199,2927.682926829268,1571840.063361703,5313212.129554642,2927.682926829268
1572235.8048374394,5314681.84784205,2439.9024390243903,11.169875672624322,1571940.011231701,5314251.589108345,1952.1219512195123,1572285.7787724386,5315201.577618902,1952.1219512195123,1572531.598443178,5315112.106575755,2927.682926829268,1572185.8309024405,5314162.118065199,2927.682926829268
1572581.572378177,5315631.836352607,2439.9024390243903,9.107789225738859,1572285.7787724386,5315201.577618902,1952.1219512195123,1572631.546313176,5316151.566129458,1952.1219512195123,1572877.3659839153,5316062.095086311,2927.682926829268,1572531.598443178,5315112.106575755,2927.682926829268
1572927.3399189143,5316581.824863164,2439.9024390243903,9.584265860983603,1572631.546313176,5316151.566129458,1952.1219512195123,1572977.3138539132,5317101.554640015,1952.1219512195123,1573223.1335246528,5317012.083596868,2927.682926829268,1572877.3659839153,5316062.095086311,2927.682926829268
1573273.1074596518,5317531.813373719,2439.9024390243903,10.831420307558744,1572977.3138539132,5317101.554640015,1952.1219512195123,1573323.081394651,5318051.543150571,1952.1219512195123,1573568.9010653903,5317962.072107424,2927.682926829268,1573223.1335246528,5317012.083596868,2927.682926829268
1573618.8750003893,5318481.801884276,2439.9024390243903,9.830391448112643,1573323.081394651,5318051.543150571,1952.1219512195123,1573668.8489353883,5319001.531661128,1952.1219512195123,1573914.6686061278,5318912.0606179815,2927.682926829268,1573568.9010653903,5317962.072107424,2927.682926829268
1573964.6425411268,5319431.790394833,2439.9024390243903,8.293352413703834,1573668.8489353883,5319001.531661128,1952.1219512195123,1574014.6164761258,5319951.520171684,1952.1219512195123,1574260.4361468651,5319862.049128538,2927.682926829268,1573914.6686061278,5318912.0606179815,2927.682926829268
1574310.410081864,5320381.778905389,2439.9024390243903,8.429746011278514,1574014.6164761258,5319951.520171684,1952.1219512195123,1574360.3840168633,5320901.50868224,1952.1219512195123,1574606.2036876027,5320812.0376390945,2927.682926829268,1574260.4361468651,5319862.049128538,2927.682926829268
1574656.1776226016,5321331.767415946,2439.9024390243903,6.875741597286762,1574360.3840168633,5320901.50868224,1952.1219512195123,1574706.1515576006,5321851.497192797,1952.1219512195123,1574951.9712283402,5321762.02614965,2927.682926829268,1574606.2036876027,5320812.0376390945,2927.682926829268
1575001.9451633391,5322281.755926502,2439.9024390243903,6.994910283322733,1574706.1515576006,5321851.497192797,1952.1219512195123,1575051.919098338,5322801.485703354,1952.1219512195123,1575297.7387690775,5322712.014660208,2927.682926829268,1574951.9712283402,5321762.02614965,2927.682926829268
1575347.7127040764,5323231.744437059,2439.9024390243903,5.921594847787806,1575051.919098338,5322801.485703354,1952.1219512195123,1575397.6866390756,5323751.47421391,1952.1219512195123,1575643.506309815,5323662.003170763,2927.682926829268,1575297.7387690775,5322712.014660208,2927.682926829268
1575693.480244814,5324181.732947616,2439.9024390243903,6.090767523381233,1575397.6866390756,5323751.47421391,1952.1219512195123,1575743.454179813,5324701.462724467,1952.1219512195123,1575989.2738505525,5324611.991681321,2927.682926829268,1575643.506309815,5323662.003170763,2927.682926829268
1576039.2477855515,5325131.7214581715,2439.9024390243903,6.28224380341103,1575743.454179813,5324701.462724467,1952.1219512195123,1576089.2217205504,5325651.451235023,1952.1219512195123,1576335.0413912898,5325561.980191876,2927.682926829268,1575989.2738505525,5324611.991681321,2927.682926829268
1576385.0153262888,5326081.709968728,2439.9024390243903,5.874697102665927,1576089.2217205504,5325651.451235023,1952.1219512195123,1576434.989261288,5326601.439745579,1952.1219512195123,1576680.8089320273,5326511.968702434,2927.682926829268,1576335.0413912898,5325561.980191876,2927.682926829268
1576730.7828670263,5327031.6984792845,2439.9024390243903,4.1430581637018005,1576434.989261288,5326601.439745579,1952.1219512195123,1576780.7568020253,5327551.428256136,1952.1219512195123,1577026.5764727648,5327461.957212989,2927.682926829268,1576680.8089320273,5326511.968702434,2927.682926829268
1577076.5504077638,5327981.686989841,2439.9024390243903,2.7219469000984056,1576780.7568020253,5327551.428256136,1952.1219512195123,1577126.5243427628,5328501.416766693,1952.1219512195123,1577372.3440135024,5328411.945723547,2927.682926829268,1577026.5764727648,5327461.957212989,2927.682926829268
1577422.317948501,5328931.6755003985,2439.9024390243903,2.267879679822314,1577126.5243427628,5328501.416766693,1952.1219512195123,1577472.2918835003,5329451.405277249,1952.1219512195123,1577718.1115542399,5329361.934234102,2927.682926829268,1577372.3440135024,5328411.945723547,2927.682926829268
1577768.0854892386,5329881.664010953,2439.9024390243903,1.8972579677223207,1577472.2918835003,5329451.405277249,1952.1219512195123,1577818.0594242376,5330401.393787805,1952.1219512195123,1578063.8790949772,5330311.92274466,2927.682926829268,1577718.1115542399,5329361.934234102,2927.682926829268
1578113.8530299761,5330831.652521511,2439.9024390243903,1.4223152696592216,1577818.0594242376,5330401.393787805,1952.1219512195123,1578163.826964975,5331351.382298362,1952.1219512195123,1578409.6466357147,5331261.911255215,2927.682926829268,1578063.8790949772,5330311.92274466,2927.682926829268
1578459.6205707134,5331781.641032067,2439.9024390243903,0.5670592168818983,1578163.826964975,5331351.382298362,1952.1219512195123,1578509.5945057126,5332301.370808918,1952.1219512195123,1578755.4141764522,5332211.899765773,2927.682926829268,1578409.6466357147,5331261.911255215,2927.682926829268
1578805.3881114512,5332731.629542624,2439.9024390243903,0.20709071474015497,1578509.5945057126,5332301.370808918,1952.1219512195123,1578855.3620464501,5333251.3593194755,1952.1219512195123,1579101.1817171895,5333161.888276328,2927.682926829268,1578755.4141764522,5332211.899765773,2927.682926829268
1579151.1556521887,5333681.61805318,2439.9024390243903,0.3279997496431884,1578855.3620464501,5333251.3593194755,1952.1219512195123,1579201.1295871877,5334201.347830032,1952.1219512195123,1579446.9492579272,5334111.876786886,2927.682926829268,1579101.1817171895,5333161.888276328,2927.682926829268
1579496.923192926,5334631.606563738,2439.9024390243903,0.886841821525719,1579201.1295871877,5334201.347830032,1952.1219512195123,1579546.8971279252,5335151.3363405885,1952.1219512195123,1579792.7167986645,5335061.865297441,2927.682926829268,1579446.9492579272,5334111.876786886,2927.682926829268
1579842.6907336635,5335581.595074293,2439.9024390243903,1.4052171804205564,1579546.8971279252,5335151.3363405885,1952.1219512195123,1579892.6646686625,5336101.324851144,1952.1219512195123,1580138.4843394018,5336011.853807999,2927.682926829268,1579792.7167986645,5335061.865297441,2927.682926829268
1580188.458274401,5336531.583584851,2439.9024390243903,2.6572196989945995,1579892.6646686625,5336101.324851144,1952.1219512195123,1580238.4322094,5337051.313361702,1952.1219512195123,1580484.2518801396,5336961.842318554,2927.682926829268,1580138.4843394018,5336011.853807999,2927.682926829268
1580534.2258151385,5337481.572095405,2439.9024390243903,3.0272482840944743,1580238.4322094,5337051.313361702,1952.1219512195123,1580584.1997501375,5338001.301872257,1952.1219512195123,1580830.0194208769,5337911.830829112,2927.682926829268,1580484.2518801396,5336961.842318554,2927.682926829268
1580879.9933558758,5338431.560605963,2439.9024390243903,2.911314160194305,1580584.1997501375,5338001.301872257,1952.1219512195123,1580929.9672908748,5338951.290382815,1952.1219512195123,1581175.7869616142,5338861.819339667,2927.682926829268,1580830.0194208769,5337911.830829112,2927.682926829268
1581225.7608966134,5339381.54911652,2439.9024390243903,2.242276271469189,1580929.9672908748,5338951.290382815,1952.1219512195123,1581275.7348316123,5339901.278893371,1952.1219512195123,1581521.554502352,5339811.807850225,2927.682926829268,1581175.7869616142,5338861.819339667,2927.682926829268
1561071.295663843,5283242.755950539,3415.4634146341464,5.237176049258071,1560775.5020581044,5282812.497216834,2927.682926829268,1561121.269598842,5283762.48572739,2927.682926829268,1561367.0892695813,5283673.014684244,3903.2439024390246,1561021.321728844,5282723.026173688,3903.2439024390246
1561417.0632045802,5284192.744461095,3415.4634146341464,3.97765114497024,1561121.269598842,5283762.48572739,2927.682926829268,1561467.0371395794,5284712.474237947,2927.682926829268,1561712.8568103188,5284623.003194801,3903.2439024390246,1561367.0892695813,5283673.014684244,3903.2439024390246
1561762.8307453177,5285142.7329716515,3415.4634146341464,3.5393498277710074,1561467.0371395794,5284712.474237947,2927.682926829268,1561812.8046803167,5285662.462748503,2927.682926829268,1562058.6243510563,5285572.991705357,3903.2439024390246,1561712.8568103188,5284623.003194801,3903.2439024390246
1562108.5982860553,5286092.721482209,3415.4634146341464,2.725438746555967,1561812.8046803167,5285662.462748503,2927.682926829268,1562158.5722210542,5286612.45125906,2927.682926829268,1562404.3918917936,5286522.980215913,3903.2439024390246,1562058.6243510563,5285572.991705357,3903.2439024390246
1562454.3658267925,5287042.7099927645,3415.4634146341464,1.995854235049788,1562158.5722210542,5286612.45125906,2927.682926829268,1562504.3397617918,5287562.439769616,2927.682926829268,1562750.159432531,5287472.96872647,3903.2439024390246,1562404.3918917936,5286522.980215913,3903.2439024390246
1562800.13336753,5287992.698503322,3415.4634146341464,1.7259707592665325,1562504.3397617918,5287562.439769616,2927.682926829268,1562850.107302529,5288512.428280173,2927.682926829268,1563095.9269732686,5288422.957237027,3903.2439024390246,1562750.159432531,5287472.96872647,3903.2439024390246
1563145.9009082676,5288942.687013878,3415.4634146341464,1.3802053559472043,1562850.107302529,5288512.428280173,2927.682926829268,1563195.8748432666,5289462.416790729,2927.682926829268,1563441.6945140061,5289372.945747583,3903.2439024390246,1563095.9269732686,5288422.957237027,3903.2439024390246
1563491.6684490049,5289892.675524435,3415.4634146341464,1.1162433313924343,1563195.8748432666,5289462.416790729,2927.682926829268,1563541.642384004,5290412.405301286,2927.682926829268,1563787.4620547434,5290322.934258139,3903.2439024390246,1563441.6945140061,5289372.945747583,3903.2439024390246
1563837.4359897426,5290842.6640349915,3415.4634146341464,1.484616452497814,1563541.642384004,5290412.405301286,2927.682926829268,1563887.4099247414,5291362.393811842,2927.682926829268,1564133.229595481,5291272.922768696,3903.2439024390246,1563787.4620547434,5290322.934258139,3903.2439024390246
1564183.20353048,5291792.652545547,3415.4634146341464,1.9060129007096382,1563887.4099247414,5291362.393811842,2927.682926829268,1564233.177465479,5292312.382322399,2927.682926829268,1564478.9971362185,5292222.911279252,3903.2439024390246,1564133.229595481,5291272.922768696,3903.2439024390246
1564528.9710712172,5292742.641056104,3415.4634146341464,1.9446433064668787,1564233.177465479,5292312.382322399,2927.682926829268,1564578.9450062164,5293262.370832955,2927.682926829268,1564824.764676956,5293172.899789809,3903.2439024390246,1564478.9971362185,5292222.911279252,3903.2439024390246
1564874.738611955,5293692.629566661,3415.4634146341464,2.854774388341371,1564578.9450062164,5293262.370832955,2927.682926829268,1564924.712546954,5294212.359343512,2927.682926829268,1565170.5322176933,5294122.888300366,3903.2439024390246,1564824.764676956,5293172.899789809,3903.2439024390246
1565220.5061526925,5294642.618077217,3415.4634146341464,3.054707736985137,1564924.712546954,5294212.359343512,2927.682926829268,1565270.4800876915,5295162.3478540685,2927.682926829268,1565516.299758431,5295072.876810922,3903.2439024390246,1565170.5322176933,5294122.888300366,3903.2439024390246
1565566.2736934298,5295592.606587774,3415.4634146341464,4.070657778784074,1565270.4800876915,5295162.3478540685,2927.682926829268,1565616.2476284287,5296112.336364625,2927.682926829268,1565862.0672991683,5296022.865321478,3903.2439024390246,1565516.299758431,5295072.876810922,3903.2439024390246
1565912.0412341673,5296542.59509833,3415.4634146341464,5.532856592134665,1565616.2476284287,5296112.336364625,2927.682926829268,1565962.0151691663,5297062.324875182,2927.682926829268,1566207.8348399056,5296972.853832035,3903.2439024390246,1565862.0672991683,5296022.865321478,3903.2439024390246
1566257.8087749048,5297492.583608887,3415.4634146341464,5.524642469683403,1565962.0151691663,5297062.324875182,2927.682926829268,1566307.7827099038,5298012.313385738,2927.682926829268,1566553.6023806434,5297922.842342591,3903.2439024390246,1566207.8348399056,5296972.853832035,3903.2439024390246
1566603.5763156423,5298442.572119444,3415.4634146341464,5.614524559635962,1566307.7827099038,5298012.313385738,2927.682926829268,1566653.5502506413,5298962.301896295,2927.682926829268,1566899.3699213807,5298872.830853148,3903.2439024390246,1566553.6023806434,5297922.842342591,3903.2439024390246
1566949.3438563796,5299392.560629999,3415.4634146341464,5.282735740393982,1566653.5502506413,5298962.301896295,2927.682926829268,1566999.3177913786,5299912.290406851,2927.682926829268,1567245.1374621182,5299822.819363705,3903.2439024390246,1566899.3699213807,5298872.830853148,3903.2439024390246
1567295.1113971171,5300342.549140556,3415.4634146341464,5.604052115848532,1566999.3177913786,5299912.290406851,2927.682926829268,1567345.085332116,5300862.278917407,2927.682926829268,1567590.9050028557,5300772.807874261,3903.2439024390246,1567245.1374621182,5299822.819363705,3903.2439024390246
1567640.8789378544,5301292.537651112,3415.4634146341464,7.7490422989263585,1567345.085332116,5300862.278917407,2927.682926829268,1567690.8528728536,5301812.267427964,2927.682926829268,1567936.672543593,5301722.796384817,3903.2439024390246,1567590.9050028557,5300772.807874261,3903.2439024390246
1567986.646478592,5302242.526161669,3415.4634146341464,8.541067182971586,1567690.8528728536,5301812.267427964,2927.682926829268,1568036.620413591,5302762.255938521,2927.682926829268,1568282.4400843303,5302672.784895374,3903.2439024390246,1567936.672543593,5301722.796384817,3903.2439024390246
1568332.4140193295,5303192.514672226,3415.4634146341464,8.715300513677184,1568036.620413591,5302762.255938521,2927.682926829268,1568382.3879543287,5303712.244449077,2927.682926829268,1568628.207625068,5303622.77340593,3903.2439024390246,1568282.4400843303,5302672.784895374,3903.2439024390246
1568678.181560067,5304142.503182782,3415.4634146341464,7.261585815884436,1568382.3879543287,5303712.244449077,2927.682926829268,1568728.155495066,5304662.232959634,2927.682926829268,1568973.9751658053,5304572.7619164875,3903.2439024390246,1568628.207625068,5303622.77340593,3903.2439024390246
1569023.9491008043,5305092.491693339,3415.4634146341464,6.7022665890368165,1568728.155495066,5304662.232959634,2927.682926829268,1569073.9230358033,5305612.22147019,2927.682926829268,1569319.7427065426,5305522.750427043,3903.2439024390246,1568973.9751658053,5304572.7619164875,3903.2439024390246
1569369.7166415418,5306042.480203895,3415.4634146341464,8.03509665989725,1569073.9230358033,5305612.22147019,2927.682926829268,1569419.6905765408,5306562.209980746,2927.682926829268,1569665.5102472804,5306472.7389376005,3903.2439024390246,1569319.7427065426,5305522.750427043,3903.2439024390246
1569715.484182279,5306992.468714451,3415.4634146341464,9.345018629829095,1569419.6905765408,5306562.209980746,2927.682926829268,1569765.4581172783,5307512.198491303,2927.682926829268,1570011.2777880176,5307422.727448156,3903.2439024390246,1569665.5102472804,5306472.7389376005,3903.2439024390246
1570061.2517230168,5307942.457225008,3415.4634146341464,9.330315326841413,1569765.4581172783,5307512.198491303,2927.682926829268,1570111.2256580156,5308462.18700186,2927.682926829268,1570357.0453287552,5308372.715958714,3903.2439024390246,1570011.2777880176,5307422.727448156,3903.2439024390246
1570407.0192637541,5308892.445735565,3415.4634146341464,8.221380092696407,1570111.2256580156,5308462.18700186,2927.682926829268,1570456.9931987533,5309412.175512416,2927.682926829268,1570702.8128694927,5309322.70446927,3903.2439024390246,1570357.0453287552,5308372.715958714,3903.2439024390246
1570752.7868044917,5309842.434246121,3415.4634146341464,10.331845083609986,1570456.9931987533,5309412.175512416,2927.682926829268,1570802.7607394906,5310362.164022972,2927.682926829268,1571048.58041023,5310272.692979827,3903.2439024390246,1570702.8128694927,5309322.70446927,3903.2439024390246
1571098.554345229,5310792.422756678,3415.4634146341464,9.995351156762704,1570802.7607394906,5310362.164022972,2927.682926829268,1571148.528280228,5311312.152533529,2927.682926829268,1571394.3479509675,5311222.681490382,3903.2439024390246,1571048.58041023,5310272.692979827,3903.2439024390246
1571444.3218859665,5311742.411267233,3415.4634146341464,11.301914837976094,1571148.528280228,5311312.152533529,2927.682926829268,1571494.2958209657,5312262.141044085,2927.682926829268,1571740.115491705,5312172.67000094,3903.2439024390246,1571394.3479509675,5311222.681490382,3903.2439024390246
1571790.089426704,5312692.3997777905,3415.4634146341464,12.835430107652353,1571494.2958209657,5312262.141044085,2927.682926829268,1571840.063361703,5313212.129554642,2927.682926829268,1572085.8830324425,5313122.658511495,3903.2439024390246,1571740.115491705,5312172.67000094,3903.2439024390246
1572135.8569674415,5313642.388288348,3415.4634146341464,12.873709427182776,1571840.063361703,5313212.129554642,2927.682926829268,1572185.8309024405,5314162.118065199,2927.682926829268,1572431.6505731798,5314072.647022053,3903.2439024390246,1572085.8830324425,5313122.658511495,3903.2439024390246
1572481.6245081788,5314592.376798904,3415.4634146341464,11.375773085623889,1572185.8309024405,5314162.118065199,2927.682926829268,1572531.598443178,5315112.106575755,2927.682926829268,1572777.4181139176,5315022.635532608,3903.2439024390246,1572431.6505731798,5314072.647022053,3903.2439024390246
1572827.3920489163,5315542.36530946,3415.4634146341464,11.9763380693106,1572531.598443178,5315112.106575755,2927.682926829268,1572877.3659839153,5316062.095086311,2927.682926829268,1573123.1856546549,5315972.624043166,3903.2439024390246,1572777.4181139176,5315022.635532608,3903.2439024390246
1573173.1595896538,5316492.353820017,3415.4634146341464,11.505077134414057,1572877.3659839153,5316062.095086311,2927.682926829268,1573223.1335246528,5317012.083596868,2927.682926829268,1573468.9531953922,5316922.612553721,3903.2439024390246,1573123.1856546549,5315972.624043166,3903.2439024390246
1573518.9271303911,5317442.342330573,3415.4634146341464,11.545758918273412,1573223.1335246528,5317012.083596868,2927.682926829268,1573568.9010653903,5317962.072107424,2927.682926829268,1573814.72073613,5317872.601064279,3903.2439024390246,1573468.9531953922,5316922.612553721,3903.2439024390246
1573864.6946711286,5318392.330841131,3415.4634146341464,11.41750268269131,1573568.9010653903,5317962.072107424,2927.682926829268,1573914.6686061278,5318912.0606179815,2927.682926829268,1574160.4882768672,5318822.589574834,3903.2439024390246,1573814.72073613,5317872.601064279,3903.2439024390246
1574210.4622118662,5319342.319351686,3415.4634146341464,9.35439817387464,1573914.6686061278,5318912.0606179815,2927.682926829268,1574260.4361468651,5319862.049128538,2927.682926829268,1574506.2558176045,5319772.578085392,3903.2439024390246,1574160.4882768672,5318822.589574834,3903.2439024390246
1574556.2297526035,5320292.307862244,3415.4634146341464,8.685696740729378,1574260.4361468651,5319862.049128538,2927.682926829268,1574606.2036876027,5320812.0376390945,2927.682926829268,1574852.0233583422,5320722.566595947,3903.2439024390246,1574506.2558176045,5319772.578085392,3903.2439024390246
1574901.997293341,5321242.296372799,3415.4634146341464,8.983891513127531,1574606.2036876027,5320812.0376390945,2927.682926829268,1574951.9712283402,5321762.02614965,2927.682926829268,1575197.7908990795,5321672.555106505,3903.2439024390246,1574852.0233583422,5320722.566595947,3903.2439024390246
1575247.7648340787,5322192.284883356,3415.4634146341464,7.466715757496603,1574951.9712283402,5321762.02614965,2927.682926829268,1575297.7387690775,5322712.014660208,2927.682926829268,1575543.558439817,5322622.54361706,3903.2439024390246,1575197.7908990795,5321672.555106505,3903.2439024390246
1575593.5323748158,5323142.273393912,3415.4634146341464,6.802350155910257,1575297.7387690775,5322712.014660208,2927.682926829268,1575643.506309815,5323662.003170763,2927.682926829268,1575889.3259805546,5323572.532127618,3903.2439024390246,1575543.558439817,5322622.54361706,3903.2439024390246
1575939.2999155535,5324092.261904469,3415.4634146341464,5.3629483036278645,1575643.506309815,5323662.003170763,2927.682926829268,1575989.2738505525,5324611.991681321,2927.682926829268,1576235.0935212919,5324522.520638173,3903.2439024390246,1575889.3259805546,5323572.532127618,3903.2439024390246
1576285.0674562908,5325042.250415025,3415.4634146341464,5.098996247233679,1575989.2738505525,5324611.991681321,2927.682926829268,1576335.0413912898,5325561.980191876,2927.682926829268,1576580.8610620294,5325472.509148731,3903.2439024390246,1576235.0935212919,5324522.520638173,3903.2439024390246
1576630.834997028,5325992.238925583,3415.4634146341464,5.285611967030487,1576335.0413912898,5325561.980191876,2927.682926829268,1576680.8089320273,5326511.968702434,2927.682926829268,1576926.628602767,5326422.4976592865,3903.2439024390246,1576580.8610620294,5325472.509148731,3903.2439024390246
1576976.6025377659,5326942.227436137,3415.4634146341464,3.8178928673777155,1576680.8089320273,5326511.968702434,2927.682926829268,1577026.5764727648,5327461.957212989,2927.682926829268,1577272.3961435042,5327372.486169844,3903.2439024390246,1576926.628602767,5326422.4976592865,3903.2439024390246
1577322.3700785034,5327892.215946695,3415.4634146341464,2.6206781624747655,1577026.5764727648,5327461.957212989,2927.682926829268,1577372.3440135024,5328411.945723547,2927.682926829268,1577618.163684242,5328322.4746803995,3903.2439024390246,1577272.3961435042,5327372.486169844,3903.2439024390246
1577668.1376192407,5328842.204457251,3415.4634146341464,2.0818634032834558,1577372.3440135024,5328411.945723547,2927.682926829268,1577718.1115542399,5329361.934234102,2927.682926829268,1577963.9312249792,5329272.463190957,3903.2439024390246,1577618.163684242,5328322.4746803995,3903.2439024390246
1578013.9051599782,5329792.192967808,3415.4634146341464,1.11641589262792,1577718.1115542399,5329361.934234102,2927.682926829268,1578063.8790949772,5330311.92274466,2927.682926829268,1578309.6987657165,5330222.451701513,3903.2439024390246,1577963.9312249792,5329272.463190957,3903.2439024390246
1578359.6727007157,5330742.181478364,3415.4634146341464,1.0046934317264686,1578063.8790949772,5330311.92274466,2927.682926829268,1578409.6466357147,5331261.911255215,2927.682926829268,1578655.4663064543,5331172.44021207,3903.2439024390246,1578309.6987657165,5330222.451701513,3903.2439024390246
1578705.4402414532,5331692.169988921,3415.4634146341464,0.5457305198198984,1578409.6466357147,5331261.911255215,2927.682926829268,1578755.4141764522,5332211.899765773,2927.682926829268,1579001.2338471916,5332122.428722626,3903.2439024390246,1578655.4663064543,5331172.44021207,3903.2439024390246
1579051.2077821905,5332642.158499477,3415.4634146341464,0.3290550046349229,1578755.4141764522,5332211.899765773,2927.682926829268,1579101.1817171895,5333161.888276328,2927.682926829268,1579347.001387929,5333072.417233183,3903.2439024390246,1579001.2338471916,5332122.428722626,3903.2439024390246
1579396.975322928,5333592.147010035,3415.4634146341464,0.17970143583027198,1579101.1817171895,5333161.888276328,2927.682926829268,1579446.9492579272,5334111.876786886,2927.682926829268,1579692.7689286666,5334022.405743739,3903.2439024390246,1579347.001387929,5333072.417233183,3903.2439024390246
1579742.7428636656,5334542.13552059,3415.4634146341464,0.68140025492352,1579446.9492579272,5334111.876786886,2927.682926829268,1579792.7167986645,5335061.865297441,2927.682926829268,1580038.536469404,5334972.394254296,3903.2439024390246,1579692.7689286666,5334022.405743739,3903.2439024390246
1580088.510404403,5335492.124031147,3415.4634146341464,1.6050709157375977,1579792.7167986645,5335061.865297441,2927.682926829268,1580138.4843394018,5336011.853807999,2927.682926829268,1580384.3040101414,5335922.382764852,3903.2439024390246,1580038.536469404,5334972.394254296,3903.2439024390246
1580434.2779451404,5336442.1125417035,3415.4634146341464,2.8500733263815334,1580138.4843394018,5336011.853807999,2927.682926829268,1580484.2518801396,5336961.842318554,2927.682926829268,1580730.071550879,5336872.371275409,3903.2439024390246,1580384.3040101414,5335922.382764852,3903.2439024390246
1580780.045485878,5337392.10105226,3415.4634146341464,3.7970017368583044,1580484.2518801396,5336961.842318554,2927.682926829268,1580830.0194208769,5337911.830829112,2927.682926829268,1581075.8390916162,5337822.359785965,3903.2439024390246,1580730.071550879,5336872.371275409,3903.2439024390246
1581125.8130266152,5338342.089562817,3415.4634146341464,3.9179141161550977,1580830.0194208769,5337911.830829112,2927.682926829268,1581175.7869616142,5338861.819339667,2927.682926829268,1581421.6066323537,5338772.348296522,3903.2439024390246,1581075.8390916162,5337822.359785965,3903.2439024390246
1581471.5805673527,5339292.078073373,3415.4634146341464,2.7270829550731674,1581175.7869616142,5338861.819339667,2927.682926829268,1581521.554502352,5339811.807850225,2927.682926829268,1581767.3741730913,5339722.336807078,3903.2439024390246,1581421.6066323537,5338772.348296522,3903.2439024390246
1561317.1153345825,5283153.284907393,4391.024390243902,7.175169137175683,1561021.321728844,5282723.026173688,3903.2439024390246,1561367.0892695813,5283673.014684244,3903.2439024390246,1561612.9089403208,5283583.543641098,4878.804878048781,1561267.1413995833,5282633.555130541,4878.804878048781
1561662.8828753196,5284103.273417949,4391.024390243902,6.354680287368262,1561367.0892695813,5283673.014684244,3903.2439024390246,1561712.8568103188,5284623.003194801,3903.2439024390246,1561958.6764810584,5284533.532151654,4878.804878048781,1561612.9089403208,5283583.543641098,4878.804878048781
1562008.650416057,5285053.261928506,4391.024390243902,4.730986551544094,1561712.8568103188,5284623.003194801,3903.2439024390246,1562058.6243510563,5285572.991705357,3903.2439024390246,1562304.4440217956,5285483.52066221,4878.804878048781,1561958.6764810584,5284533.532151654,4878.804878048781
1562354.4179567946,5286003.250439061,4391.024390243902,3.306301834155203,1562058.6243510563,5285572.991705357,3903.2439024390246,1562404.3918917936,5286522.980215913,3903.2439024390246,1562650.2115625332,5286433.509172767,4878.804878048781,1562304.4440217956,5285483.52066221,4878.804878048781
1562700.185497532,5286953.238949618,4391.024390243902,2.0318801079289255,1562404.3918917936,5286522.980215913,3903.2439024390246,1562750.159432531,5287472.96872647,3903.2439024390246,1562995.9791032707,5287383.497683323,4878.804878048781,1562650.2115625332,5286433.509172767,4878.804878048781
1563045.9530382697,5287903.227460176,4391.024390243902,2.1171667565901267,1562750.159432531,5287472.96872647,3903.2439024390246,1563095.9269732686,5288422.957237027,3903.2439024390246,1563341.746644008,5288333.48619388,4878.804878048781,1562995.9791032707,5287383.497683323,4878.804878048781
1563391.7205790072,5288853.215970731,4391.024390243902,1.4328495742013792,1563095.9269732686,5288422.957237027,3903.2439024390246,1563441.6945140061,5289372.945747583,3903.2439024390246,1563687.5141847457,5289283.474704437,4878.804878048781,1563341.746644008,5288333.48619388,4878.804878048781
1563737.4881197445,5289803.204481288,4391.024390243902,1.26623149329218,1563441.6945140061,5289372.945747583,3903.2439024390246,1563787.4620547434,5290322.934258139,3903.2439024390246,1564033.281725483,5290233.4632149935,4878.804878048781,1563687.5141847457,5289283.474704437,4878.804878048781
1564083.255660482,5290753.192991844,4391.024390243902,1.4992388071951317,1563787.4620547434,5290322.934258139,3903.2439024390246,1564133.229595481,5291272.922768696,3903.2439024390246,1564379.0492662203,5291183.451725549,4878.804878048781,1564033.281725483,5290233.4632149935,4878.804878048781
1564429.0232012195,5291703.181502401,4391.024390243902,1.0776433173546387,1564133.229595481,5291272.922768696,3903.2439024390246,1564478.9971362185,5292222.911279252,3903.2439024390246,1564724.816806958,5292133.4402361065,4878.804878048781,1564379.0492662203,5291183.451725549,4878.804878048781
1564774.790741957,5292653.170012958,4391.024390243902,0.9458111989884326,1564478.9971362185,5292222.911279252,3903.2439024390246,1564824.764676956,5293172.899789809,3903.2439024390246,1565070.5843476953,5293083.428746662,4878.804878048781,1564724.816806958,5292133.4402361065,4878.804878048781
1565120.5582826943,5293603.158523514,4391.024390243902,0.6442813894008125,1564824.764676956,5293172.899789809,3903.2439024390246,1565170.5322176933,5294122.888300366,3903.2439024390246,1565416.3518884329,5294033.41725722,4878.804878048781,1565070.5843476953,5293083.428746662,4878.804878048781
1565466.3258234318,5294553.147034071,4391.024390243902,0.8694994415961674,1565170.5322176933,5294122.888300366,3903.2439024390246,1565516.299758431,5295072.876810922,3903.2439024390246,1565762.1194291704,5294983.405767776,4878.804878048781,1565416.3518884329,5294033.41725722,4878.804878048781
1565812.0933641694,5295503.135544627,4391.024390243902,2.1581853348882585,1565516.299758431,5295072.876810922,3903.2439024390246,1565862.0672991683,5296022.865321478,3903.2439024390246,1566107.8869699077,5295933.394278333,4878.804878048781,1565762.1194291704,5294983.405767776,4878.804878048781
1566157.8609049069,5296453.1240551835,4391.024390243902,3.226502838212689,1565862.0672991683,5296022.865321478,3903.2439024390246,1566207.8348399056,5296972.853832035,3903.2439024390246,1566453.6545106452,5296883.382788888,4878.804878048781,1566107.8869699077,5295933.394278333,4878.804878048781
1566503.6284456442,5297403.11256574,4391.024390243902,3.7574546488526677,1566207.8348399056,5296972.853832035,3903.2439024390246,1566553.6023806434,5297922.842342591,3903.2439024390246,1566799.4220513827,5297833.371299446,4878.804878048781,1566453.6545106452,5296883.382788888,4878.804878048781
1566849.3959863817,5298353.1010762965,4391.024390243902,5.295418064809316,1566553.6023806434,5297922.842342591,3903.2439024390246,1566899.3699213807,5298872.830853148,3903.2439024390246,1567145.18959212,5298783.359810001,4878.804878048781,1566799.4220513827,5297833.371299446,4878.804878048781
1567195.1635271192,5299303.089586853,4391.024390243902,5.425658276535124,1566899.3699213807,5298872.830853148,3903.2439024390246,1567245.1374621182,5299822.819363705,3903.2439024390246,1567490.9571328575,5299733.348320559,4878.804878048781,1567145.18959212,5298783.359810001,4878.804878048781
1567540.9310678565,5300253.0780974105,4391.024390243902,5.05469690221574,1567245.1374621182,5299822.819363705,3903.2439024390246,1567590.9050028557,5300772.807874261,3903.2439024390246,1567836.724673595,5300683.336831114,4878.804878048781,1567490.9571328575,5299733.348320559,4878.804878048781
1567886.698608594,5301203.066607965,4391.024390243902,6.620941006025494,1567590.9050028557,5300772.807874261,3903.2439024390246,1567936.672543593,5301722.796384817,3903.2439024390246,1568182.4922143323,5301633.325341672,4878.804878048781,1567836.724673595,5300683.336831114,4878.804878048781
1568232.4661493315,5302153.055118523,4391.024390243902,7.475938222424652,1567936.672543593,5301722.796384817,3903.2439024390246,1568282.4400843303,5302672.784895374,3903.2439024390246,1568528.2597550699,5302583.313852227,4878.804878048781,1568182.4922143323,5301633.325341672,4878.804878048781
1568578.2336900688,5303103.043629079,4391.024390243902,6.602146463726336,1568282.4400843303,5302672.784895374,3903.2439024390246,1568628.207625068,5303622.77340593,3903.2439024390246,1568874.0272958074,5303533.302362785,4878.804878048781,1568528.2597550699,5302583.313852227,4878.804878048781
1568924.0012308063,5304053.032139636,4391.024390243902,7.17517463413301,1568628.207625068,5303622.77340593,3903.2439024390246,1568973.9751658053,5304572.7619164875,3903.2439024390246,1569219.794836545,5304483.29087334,4878.804878048781,1568874.0272958074,5303533.302362785,4878.804878048781
1569269.7687715436,5305003.020650192,4391.024390243902,10.451203048377977,1568973.9751658053,5304572.7619164875,3903.2439024390246,1569319.7427065426,5305522.750427043,3903.2439024390246,1569565.5623772822,5305433.279383898,4878.804878048781,1569219.794836545,5304483.29087334,4878.804878048781
1569615.5363122812,5305953.009160749,4391.024390243902,10.513163700103789,1569319.7427065426,5305522.750427043,3903.2439024390246,1569665.5102472804,5306472.7389376005,3903.2439024390246,1569911.3299180197,5306383.267894453,4878.804878048781,1569565.5623772822,5305433.279383898,4878.804878048781
1569961.3038530187,5306902.997671305,4391.024390243902,11.316298325949452,1569665.5102472804,5306472.7389376005,3903.2439024390246,1570011.2777880176,5307422.727448156,3903.2439024390246,1570257.0974587572,5307333.256405011,4878.804878048781,1569911.3299180197,5306383.267894453,4878.804878048781
1570307.0713937562,5307852.986181863,4391.024390243902,9.234659663965589,1570011.2777880176,5307422.727448156,3903.2439024390246,1570357.0453287552,5308372.715958714,3903.2439024390246,1570602.8649994945,5308283.244915566,4878.804878048781,1570257.0974587572,5307333.256405011,4878.804878048781
1570652.8389344935,5308802.974692418,4391.024390243902,5.898453111339026,1570357.0453287552,5308372.715958714,3903.2439024390246,1570702.8128694927,5309322.70446927,3903.2439024390246,1570948.6325402323,5309233.233426124,4878.804878048781,1570602.8649994945,5308283.244915566,4878.804878048781
1570998.606475231,5309752.963202976,4391.024390243902,7.810804271320309,1570702.8128694927,5309322.70446927,3903.2439024390246,1571048.58041023,5310272.692979827,3903.2439024390246,1571294.4000809696,5310183.221936679,4878.804878048781,1570948.6325402323,5309233.233426124,4878.804878048781
1571344.3740159685,5310702.951713531,4391.024390243902,7.8621265047403535,1571048.58041023,5310272.692979827,3903.2439024390246,1571394.3479509675,5311222.681490382,3903.2439024390246,1571640.1676217068,5311133.210447237,4878.804878048781,1571294.4000809696,5310183.221936679,4878.804878048781
1571690.1415567058,5311652.940224088,4391.024390243902,10.412138273145857,1571394.3479509675,5311222.681490382,3903.2439024390246,1571740.115491705,5312172.67000094,3903.2439024390246,1571985.9351624446,5312083.1989577925,4878.804878048781,1571640.1676217068,5311133.210447237,4878.804878048781
1572035.9090974433,5312602.928734644,4391.024390243902,11.685936201342514,1571740.115491705,5312172.67000094,3903.2439024390246,1572085.8830324425,5313122.658511495,3903.2439024390246,1572331.702703182,5313033.18746835,4878.804878048781,1571985.9351624446,5312083.1989577925,4878.804878048781
1572381.676638181,5313552.917245201,4391.024390243902,12.349804650032397,1572085.8830324425,5313122.658511495,3903.2439024390246,1572431.6505731798,5314072.647022053,3903.2439024390246,1572677.4702439194,5313983.1759789055,4878.804878048781,1572331.702703182,5313033.18746835,4878.804878048781
1572727.4441789186,5314502.905755757,4391.024390243902,11.693703857877477,1572431.6505731798,5314072.647022053,3903.2439024390246,1572777.4181139176,5315022.635532608,3903.2439024390246,1573023.237784657,5314933.164489463,4878.804878048781,1572677.4702439194,5313983.1759789055,4878.804878048781
1573073.2117196557,5315452.894266315,4391.024390243902,11.067885586435919,1572777.4181139176,5315022.635532608,3903.2439024390246,1573123.1856546549,5315972.624043166,3903.2439024390246,1573369.0053253942,5315883.153000019,4878.804878048781,1573023.237784657,5314933.164489463,4878.804878048781
1573418.9792603934,5316402.882776869,4391.024390243902,11.800623916190395,1573123.1856546549,5315972.624043166,3903.2439024390246,1573468.9531953922,5316922.612553721,3903.2439024390246,1573714.7728661317,5316833.141510576,4878.804878048781,1573369.0053253942,5315883.153000019,4878.804878048781
1573764.7468011307,5317352.871287427,4391.024390243902,11.566801250316749,1573468.9531953922,5316922.612553721,3903.2439024390246,1573814.72073613,5317872.601064279,3903.2439024390246,1574060.5404068693,5317783.130021132,4878.804878048781,1573714.7728661317,5316833.141510576,4878.804878048781
1574110.514341868,5318302.859797983,4391.024390243902,10.899745228626564,1573814.72073613,5317872.601064279,3903.2439024390246,1574160.4882768672,5318822.589574834,3903.2439024390246,1574406.3079476065,5318733.118531689,4878.804878048781,1574060.5404068693,5317783.130021132,4878.804878048781
1574456.2818826057,5319252.84830854,4391.024390243902,8.986561567285184,1574160.4882768672,5318822.589574834,3903.2439024390246,1574506.2558176045,5319772.578085392,3903.2439024390246,1574752.0754883443,5319683.107042245,4878.804878048781,1574406.3079476065,5318733.118531689,4878.804878048781
1574802.0494233433,5320202.8368190965,4391.024390243902,7.953356634142113,1574506.2558176045,5319772.578085392,3903.2439024390246,1574852.0233583422,5320722.566595947,3903.2439024390246,1575097.8430290816,5320633.095552802,4878.804878048781,1574752.0754883443,5319683.107042245,4878.804878048781
1575147.8169640806,5321152.825329653,4391.024390243902,6.490143310920862,1574852.0233583422,5320722.566595947,3903.2439024390246,1575197.7908990795,5321672.555106505,3903.2439024390246,1575443.6105698189,5321583.084063358,4878.804878048781,1575097.8430290816,5320633.095552802,4878.804878048781
1575493.584504818,5322102.8138402095,4391.024390243902,6.053804555900629,1575197.7908990795,5321672.555106505,3903.2439024390246,1575543.558439817,5322622.54361706,3903.2439024390246,1575789.3781105566,5322533.072573915,4878.804878048781,1575443.6105698189,5321583.084063358,4878.804878048781
1575839.3520455554,5323052.802350767,4391.024390243902,5.301342282526811,1575543.558439817,5322622.54361706,3903.2439024390246,1575889.3259805546,5323572.532127618,3903.2439024390246,1576135.145651294,5323483.061084471,4878.804878048781,1575789.3781105566,5322533.072573915,4878.804878048781
1576185.1195862931,5324002.790861322,4391.024390243902,4.474853248960599,1575889.3259805546,5323572.532127618,3903.2439024390246,1576235.0935212919,5324522.520638173,3903.2439024390246,1576480.9131920314,5324433.049595028,4878.804878048781,1576135.145651294,5323483.061084471,4878.804878048781
1576530.8871270304,5324952.779371879,4391.024390243902,4.364548319288457,1576235.0935212919,5324522.520638173,3903.2439024390246,1576580.8610620294,5325472.509148731,3903.2439024390246,1576826.680732769,5325383.038105584,4878.804878048781,1576480.9131920314,5324433.049595028,4878.804878048781
1576876.654667768,5325902.767882436,4391.024390243902,3.458422477869634,1576580.8610620294,5325472.509148731,3903.2439024390246,1576926.628602767,5326422.4976592865,3903.2439024390246,1577172.4482735062,5326333.026616141,4878.804878048781,1576826.680732769,5325383.038105584,4878.804878048781
1577222.4222085052,5326852.756392992,4391.024390243902,2.296348063659942,1576926.628602767,5326422.4976592865,3903.2439024390246,1577272.3961435042,5327372.486169844,3903.2439024390246,1577518.2158142438,5327283.015126697,4878.804878048781,1577172.4482735062,5326333.026616141,4878.804878048781
1577568.1897492427,5327802.744903549,4391.024390243902,1.2271746669685537,1577272.3961435042,5327372.486169844,3903.2439024390246,1577618.163684242,5328322.4746803995,3903.2439024390246,1577863.9833549813,5328233.003637254,4878.804878048781,1577518.2158142438,5327283.015126697,4878.804878048781
1577913.9572899803,5328752.733414105,4391.024390243902,1.1330629127794802,1577618.163684242,5328322.4746803995,3903.2439024390246,1577963.9312249792,5329272.463190957,3903.2439024390246,1578209.7508957188,5329182.99214781,4878.804878048781,1577863.9833549813,5328233.003637254,4878.804878048781
1578259.7248307178,5329702.721924662,4391.024390243902,1.0310123592388012,1577963.9312249792,5329272.463190957,3903.2439024390246,1578309.6987657165,5330222.451701513,3903.2439024390246,1578555.518436456,5330132.980658367,4878.804878048781,1578209.7508957188,5329182.99214781,4878.804878048781
1578605.492371455,5330652.710435219,4391.024390243902,1.2136440122177934,1578309.6987657165,5330222.451701513,3903.2439024390246,1578655.4663064543,5331172.44021207,3903.2439024390246,1578901.2859771936,5331082.969168923,4878.804878048781,1578555.518436456,5330132.980658367,4878.804878048781
1578951.2599121926,5331602.698945774,4391.024390243902,0.46721984962513824,1578655.4663064543,5331172.44021207,3903.2439024390246,1579001.2338471916,5332122.428722626,3903.2439024390246,1579247.0535179311,5332032.95767948,4878.804878048781,1578901.2859771936,5331082.969168923,4878.804878048781
1579297.02745293,5332552.687456331,4391.024390243902,0.12448559696056495,1579001.2338471916,5332122.428722626,3903.2439024390246,1579347.001387929,5333072.417233183,3903.2439024390246,1579592.8210586684,5332982.946190036,4878.804878048781,1579247.0535179311,5332032.95767948,4878.804878048781
1579642.7949936674,5333502.675966888,4391.024390243902,0.3119108649728167,1579347.001387929,5333072.417233183,3903.2439024390246,1579692.7689286666,5334022.405743739,3903.2439024390246,1579938.588599406,5333932.934700593,4878.804878048781,1579592.8210586684,5332982.946190036,4878.804878048781
1579988.562534405,5334452.664477444,4391.024390243902,0.9677118451052354,1579692.7689286666,5334022.405743739,3903.2439024390246,1580038.536469404,5334972.394254296,3903.2439024390246,1580284.3561401435,5334882.923211149,4878.804878048781,1579938.588599406,5333932.934700593,4878.804878048781
1580334.3300751424,5335402.652988001,4391.024390243902,1.4756866095785486,1580038.536469404,5334972.394254296,3903.2439024390246,1580384.3040101414,5335922.382764852,3903.2439024390246,1580630.1236808808,5335832.911721706,4878.804878048781,1580284.3561401435,5334882.923211149,4878.804878048781
1580680.0976158797,5336352.641498557,4391.024390243902,2.100026353066177,1580384.3040101414,5335922.382764852,3903.2439024390246,1580730.071550879,5336872.371275409,3903.2439024390246,1580975.8912216183,5336782.900232262,4878.804878048781,1580630.1236808808,5335832.911721706,4878.804878048781
1581025.8651566172,5337302.630009114,4391.024390243902,2.395530924753982,1580730.071550879,5336872.371275409,3903.2439024390246,1581075.8390916162,5337822.359785965,3903.2439024390246,1581321.6587623558,5337732.888742819,4878.804878048781,1580975.8912216183,5336782.900232262,4878.804878048781
1581371.6326973548,5338252.618519671,4391.024390243902,3.0905475449230364,1581075.8390916162,5337822.359785965,3903.2439024390246,1581421.6066323537,5338772.348296522,3903.2439024390246,1581667.426303093,5338682.877253375,4878.804878048781,1581321.6587623558,5337732.888742819,4878.804878048781
1581717.400238092,5339202.607030226,4391.024390243902,4.131835015338024,1581421.6066323537,5338772.348296522,3903.2439024390246,1581767.3741730913,5339722.336807078,3903.2439024390246,1582013.1938438308,5339632.8657639325,4878.804878048781,1581667.426303093,5338682.877253375,4878.804878048781
1561562.9350053214,5283063.813864246,5366.585365853659,8.663981684822476,1561267.1413995833,5282633.555130541,4878.804878048781,1561612.9089403208,5283583.543641098,4878.804878048781,1561858.7286110595,5283494.072597952,5854.365853658537,1561512.961070322,5282544.084087395,5854.365853658537
1561908.702546059,5284013.802374803,5366.585365853659,7.419714173217285,1561612.9089403208,5283583.543641098,4878.804878048781,1561958.6764810584,5284533.532151654,4878.804878048781,1562204.496151797,5284444.061108508,5854.365853658537,1561858.7286110595,5283494.072597952,5854.365853658537
1562254.4700867962,5284963.790885359,5366.585365853659,4.729292977172572,1561958.6764810584,5284533.532151654,4878.804878048781,1562304.4440217956,5285483.52066221,4878.804878048781,1562550.2636925343,5285394.049619065,5854.365853658537,1562204.496151797,5284444.061108508,5854.365853658537
1562600.2376275337,5285913.779395916,5366.585365853659,3.3966002081639655,1562304.4440217956,5285483.52066221,4878.804878048781,1562650.2115625332,5286433.509172767,4878.804878048781,1562896.0312332718,5286344.038129621,5854.365853658537,1562550.2636925343,5285394.049619065,5854.365853658537
1562946.0051682713,5286863.767906472,5366.585365853659,1.7576058504111318,1562650.2115625332,5286433.509172767,4878.804878048781,1562995.9791032707,5287383.497683323,4878.804878048781,1563241.7987740093,5287294.026640178,5854.365853658537,1562896.0312332718,5286344.038129621,5854.365853658537
1563291.7727090088,5287813.756417029,5366.585365853659,1.5780012440523954,1562995.9791032707,5287383.497683323,4878.804878048781,1563341.746644008,5288333.48619388,4878.804878048781,1563587.5663147466,5288244.015150734,5854.365853658537,1563241.7987740093,5287294.026640178,5854.365853658537
1563637.540249746,5288763.744927585,5366.585365853659,1.2929309142563252,1563341.746644008,5288333.48619388,4878.804878048781,1563687.5141847457,5289283.474704437,4878.804878048781,1563933.3338554841,5289194.003661291,5854.365853658537,1563587.5663147466,5288244.015150734,5854.365853658537
1563983.3077904836,5289713.733438143,5366.585365853659,0.5304260528043262,1563687.5141847457,5289283.474704437,4878.804878048781,1564033.281725483,5290233.4632149935,4878.804878048781,1564279.1013962217,5290143.992171847,5854.365853658537,1563933.3338554841,5289194.003661291,5854.365853658537
1564329.0753312209,5290663.721948698,5366.585365853659,0.550185943208996,1564033.281725483,5290233.4632149935,4878.804878048781,1564379.0492662203,5291183.451725549,4878.804878048781,1564624.868936959,5291093.980682404,5854.365853658537,1564279.1013962217,5290143.992171847,5854.365853658537
1564674.8428719584,5291613.710459255,5366.585365853659,0.45878326648225365,1564379.0492662203,5291183.451725549,4878.804878048781,1564724.816806958,5292133.4402361065,4878.804878048781,1564970.6364776965,5292043.96919296,5854.365853658537,1564624.868936959,5291093.980682404,5854.365853658537
1565020.610412696,5292563.698969811,5366.585365853659,0.518749182069996,1564724.816806958,5292133.4402361065,4878.804878048781,1565070.5843476953,5293083.428746662,4878.804878048781,1565316.404018434,5292993.957703517,5854.365853658537,1564970.6364776965,5292043.96919296,5854.365853658537
1565366.3779534334,5293513.687480368,5366.585365853659,0.5377434872199149,1565070.5843476953,5293083.428746662,4878.804878048781,1565416.3518884329,5294033.41725722,4878.804878048781,1565662.1715591713,5293943.946214073,5854.365853658537,1565316.404018434,5292993.957703517,5854.365853658537
1565712.1454941707,5294463.675990924,5366.585365853659,0.8872539312032182,1565416.3518884329,5294033.41725722,4878.804878048781,1565762.1194291704,5294983.405767776,4878.804878048781,1566007.939099909,5294893.93472463,5854.365853658537,1565662.1715591713,5293943.946214073,5854.365853658537
1566057.9130349082,5295413.664501482,5366.585365853659,1.8951849496711168,1565762.1194291704,5294983.405767776,4878.804878048781,1566107.8869699077,5295933.394278333,4878.804878048781,1566353.7066406463,5295843.923235186,5854.365853658537,1566007.939099909,5294893.93472463,5854.365853658537
1566403.6805756458,5296363.653012037,5366.585365853659,2.8496741748586216,1566107.8869699077,5295933.394278333,4878.804878048781,1566453.6545106452,5296883.382788888,4878.804878048781,1566699.4741813836,5296793.911745743,5854.365853658537,1566353.7066406463,5295843.923235186,5854.365853658537
1566749.448116383,5297313.641522595,5366.585365853659,3.6197253042474085,1566453.6545106452,5296883.382788888,4878.804878048781,1566799.4220513827,5297833.371299446,4878.804878048781,1567045.2417221214,5297743.900256299,5854.365853658537,1566699.4741813836,5296793.911745743,5854.365853658537
1567095.2156571206,5298263.63003315,5366.585365853659,4.887825569424034,1566799.4220513827,5297833.371299446,4878.804878048781,1567145.18959212,5298783.359810001,4878.804878048781,1567391.0092628587,5298693.888766856,5854.365853658537,1567045.2417221214,5297743.900256299,5854.365853658537
1567440.983197858,5299213.618543707,5366.585365853659,5.075464038903307,1567145.18959212,5298783.359810001,4878.804878048781,1567490.9571328575,5299733.348320559,4878.804878048781,1567736.7768035962,5299643.877277412,5854.365853658537,1567391.0092628587,5298693.888766856,5854.365853658537
1567786.7507385956,5300163.607054263,5366.585365853659,6.442434578869743,1567490.9571328575,5299733.348320559,4878.804878048781,1567836.724673595,5300683.336831114,4878.804878048781,1568082.5443443337,5300593.865787969,5854.365853658537,1567736.7768035962,5299643.877277412,5854.365853658537
1568132.518279333,5301113.59556482,5366.585365853659,6.998729764254098,1567836.724673595,5300683.336831114,4878.804878048781,1568182.4922143323,5301633.325341672,4878.804878048781,1568428.311885071,5301543.8542985255,5854.365853658537,1568082.5443443337,5300593.865787969,5854.365853658537
1568478.2858200704,5302063.584075376,5366.585365853659,6.885677341694524,1568182.4922143323,5301633.325341672,4878.804878048781,1568528.2597550699,5302583.313852227,4878.804878048781,1568774.0794258085,5302493.842809082,5854.365853658537,1568428.311885071,5301543.8542985255,5854.365853658537
1568824.053360808,5303013.572585933,5366.585365853659,5.096774433760528,1568528.2597550699,5302583.313852227,4878.804878048781,1568874.0272958074,5303533.302362785,4878.804878048781,1569119.846966546,5303443.8313196385,5854.365853658537,1568774.0794258085,5302493.842809082,5854.365853658537
1569169.8209015452,5303963.561096489,5366.585365853659,6.237134050163352,1568874.0272958074,5303533.302362785,4878.804878048781,1569219.794836545,5304483.29087334,4878.804878048781,1569465.6145072833,5304393.819830195,5854.365853658537,1569119.846966546,5303443.8313196385,5854.365853658537
1569515.588442283,5304913.549607047,5366.585365853659,9.888529084565896,1569219.794836545,5304483.29087334,4878.804878048781,1569565.5623772822,5305433.279383898,4878.804878048781,1569811.382048021,5305343.808340752,5854.365853658537,1569465.6145072833,5304393.819830195,5854.365853658537
1569861.3559830203,5305863.5381176025,5366.585365853659,11.463613037979789,1569565.5623772822,5305433.279383898,4878.804878048781,1569911.3299180197,5306383.267894453,4878.804878048781,1570157.1495887584,5306293.796851308,5854.365853658537,1569811.382048021,5305343.808340752,5854.365853658537
1570207.1235237576,5306813.526628159,5366.585365853659,11.8749588787524,1569911.3299180197,5306383.267894453,4878.804878048781,1570257.0974587572,5307333.256405011,4878.804878048781,1570502.9171294956,5307243.785361865,5854.365853658537,1570157.1495887584,5306293.796851308,5854.365853658537
1570552.8910644953,5307763.5151387155,5366.585365853659,8.168437926642365,1570257.0974587572,5307333.256405011,4878.804878048781,1570602.8649994945,5308283.244915566,4878.804878048781,1570848.6846702334,5308193.773872421,5854.365853658537,1570502.9171294956,5307243.785361865,5854.365853658537
1570898.6586052326,5308713.503649272,5366.585365853659,6.031022543599175,1570602.8649994945,5308283.244915566,4878.804878048781,1570948.6325402323,5309233.233426124,4878.804878048781,1571194.4522109707,5309143.762382978,5854.365853658537,1570848.6846702334,5308193.773872421,5854.365853658537
1571244.4261459701,5309663.492159829,5366.585365853659,7.279308643753529,1570948.6325402323,5309233.233426124,4878.804878048781,1571294.4000809696,5310183.221936679,4878.804878048781,1571540.219751708,5310093.750893534,5854.365853658537,1571194.4522109707,5309143.762382978,5854.365853658537
1571590.1936867076,5310613.480670385,5366.585365853659,9.000462496052094,1571294.4000809696,5310183.221936679,4878.804878048781,1571640.1676217068,5311133.210447237,4878.804878048781,1571885.9872924457,5311043.739404091,5854.365853658537,1571540.219751708,5310093.750893534,5854.365853658537
1571935.9612274452,5311563.469180942,5366.585365853659,10.5505450560513,1571640.1676217068,5311133.210447237,4878.804878048781,1571985.9351624446,5312083.1989577925,4878.804878048781,1572231.754833183,5311993.727914647,5854.365853658537,1571885.9872924457,5311043.739404091,5854.365853658537
1572281.7287681825,5312513.457691499,5366.585365853659,11.188063923494715,1571985.9351624446,5312083.1989577925,4878.804878048781,1572331.702703182,5313033.18746835,4878.804878048781,1572577.5223739205,5312943.716425204,5854.365853658537,1572231.754833183,5311993.727914647,5854.365853658537
1572627.49630892,5313463.446202055,5366.585365853659,10.986014899143484,1572331.702703182,5313033.18746835,4878.804878048781,1572677.4702439194,5313983.1759789055,4878.804878048781,1572923.289914658,5313893.70493576,5854.365853658537,1572577.5223739205,5312943.716425204,5854.365853658537
1572973.2638496575,5314413.434712611,5366.585365853659,9.931380352664135,1572677.4702439194,5313983.1759789055,4878.804878048781,1573023.237784657,5314933.164489463,4878.804878048781,1573269.0574553956,5314843.693446317,5854.365853658537,1572923.289914658,5313893.70493576,5854.365853658537
1573319.031390395,5315363.423223168,5366.585365853659,8.458288741511712,1573023.237784657,5314933.164489463,4878.804878048781,1573369.0053253942,5315883.153000019,4878.804878048781,1573614.8249961329,5315793.681956873,5854.365853658537,1573269.0574553956,5314843.693446317,5854.365853658537
1573664.7989311323,5316313.411733724,5366.585365853659,9.000120037213994,1573369.0053253942,5315883.153000019,4878.804878048781,1573714.7728661317,5316833.141510576,4878.804878048781,1573960.5925368704,5316743.67046743,5854.365853658537,1573614.8249961329,5315793.681956873,5854.365853658537
1574010.5664718698,5317263.400244281,5366.585365853659,10.11009881738165,1573714.7728661317,5316833.141510576,4878.804878048781,1574060.5404068693,5317783.130021132,4878.804878048781,1574306.360077608,5317693.658977986,5854.365853658537,1573960.5925368704,5316743.67046743,5854.365853658537
1574356.334012607,5318213.388754837,5366.585365853659,9.2347418380945,1574060.5404068693,5317783.130021132,4878.804878048781,1574406.3079476065,5318733.118531689,4878.804878048781,1574652.1276183452,5318643.647488543,5854.365853658537,1574306.360077608,5317693.658977986,5854.365853658537
1574702.1015533446,5319163.377265394,5366.585365853659,7.51281688778156,1574406.3079476065,5318733.118531689,4878.804878048781,1574752.0754883443,5319683.107042245,4878.804878048781,1574997.895159083,5319593.635999099,5854.365853658537,1574652.1276183452,5318643.647488543,5854.365853658537
1575047.8690940822,5320113.365775951,5366.585365853659,6.262290104826426,1574752.0754883443,5319683.107042245,4878.804878048781,1575097.8430290816,5320633.095552802,4878.804878048781,1575343.6626998202,5320543.624509655,5854.365853658537,1574997.895159083,5319593.635999099,5854.365853658537
1575393.6366348197,5321063.354286506,5366.585365853659,5.883585443562893,1575097.8430290816,5320633.095552802,4878.804878048781,1575443.6105698189,5321583.084063358,4878.804878048781,1575689.4302405575,5321493.613020212,5854.365853658537,1575343.6626998202,5320543.624509655,5854.365853658537
1575739.404175557,5322013.342797063,5366.585365853659,4.460473076170776,1575443.6105698189,5321583.084063358,4878.804878048781,1575789.3781105566,5322533.072573915,4878.804878048781,1576035.197781295,5322443.601530769,5854.365853658537,1575689.4302405575,5321493.613020212,5854.365853658537
1576085.1717162945,5322963.33130762,5366.585365853659,4.269710527616478,1575789.3781105566,5322533.072573915,4878.804878048781,1576135.145651294,5323483.061084471,4878.804878048781,1576380.9653220326,5323393.590041325,5854.365853658537,1576035.197781295,5322443.601530769,5854.365853658537
1576430.939257032,5323913.319818176,5366.585365853659,3.9610456326963166,1576135.145651294,5323483.061084471,4878.804878048781,1576480.9131920314,5324433.049595028,4878.804878048781,1576726.7328627699,5324343.578551882,5854.365853658537,1576380.9653220326,5323393.590041325,5854.365853658537
1576776.7067977693,5324863.308328733,5366.585365853659,5.237223474791123,1576480.9131920314,5324433.049595028,4878.804878048781,1576826.680732769,5325383.038105584,4878.804878048781,1577072.5004035074,5325293.567062438,5854.365853658537,1576726.7328627699,5324343.578551882,5854.365853658537
1577122.4743385068,5325813.296839289,5366.585365853659,3.916740319689168,1576826.680732769,5325383.038105584,4878.804878048781,1577172.4482735062,5326333.026616141,4878.804878048781,1577418.267944245,5326243.555572994,5854.365853658537,1577072.5004035074,5325293.567062438,5854.365853658537
1577468.2418792443,5326763.285349846,5366.585365853659,3.2600425867151968,1577172.4482735062,5326333.026616141,4878.804878048781,1577518.2158142438,5327283.015126697,4878.804878048781,1577764.0354849822,5327193.5440835515,5854.365853658537,1577418.267944245,5326243.555572994,5854.365853658537
1577814.0094199816,5327713.273860403,5366.585365853659,1.1460161465362932,1577518.2158142438,5327283.015126697,4878.804878048781,1577863.9833549813,5328233.003637254,4878.804878048781,1578109.80302572,5328143.532594108,5854.365853658537,1577764.0354849822,5327193.5440835515,5854.365853658537
1578159.7769607191,5328663.262370959,5366.585365853659,0.7755351358168856,1577863.9833549813,5328233.003637254,4878.804878048781,1578209.7508957188,5329182.99214781,4878.804878048781,1578455.5705664572,5329093.521104665,5854.365853658537,1578109.80302572,5328143.532594108,5854.365853658537
1578505.544501457,5329613.250881515,5366.585365853659,1.794116856033608,1578209.7508957188,5329182.99214781,4878.804878048781,1578555.518436456,5330132.980658367,4878.804878048781,1578801.3381071945,5330043.50961522,5854.365853658537,1578455.5705664572,5329093.521104665,5854.365853658537
1578851.312042194,5330563.239392072,5366.585365853659,1.0252998875123671,1578555.518436456,5330132.980658367,4878.804878048781,1578901.2859771936,5331082.969168923,4878.804878048781,1579147.1056479323,5330993.498125778,5854.365853658537,1578801.3381071945,5330043.50961522,5854.365853658537
1579197.0795829315,5331513.2279026285,5366.585365853659,0.47872653509037066,1578901.2859771936,5331082.969168923,4878.804878048781,1579247.0535179311,5332032.95767948,4878.804878048781,1579492.8731886696,5331943.486636333,5854.365853658537,1579147.1056479323,5330993.498125778,5854.365853658537
1579542.8471236692,5332463.216413185,5366.585365853659,0.447399345436797,1579247.0535179311,5332032.95767948,4878.804878048781,1579592.8210586684,5332982.946190036,4878.804878048781,1579838.640729407,5332893.475146891,5854.365853658537,1579492.8731886696,5331943.486636333,5854.365853658537
1579888.6146644065,5333413.2049237415,5366.585365853659,0.5506043784094047,1579592.8210586684,5332982.946190036,4878.804878048781,1579938.588599406,5333932.934700593,4878.804878048781,1580184.4082701446,5333843.463657447,5854.365853658537,1579838.640729407,5332893.475146891,5854.365853658537
1580234.3822051438,5334363.193434298,5366.585365853659,1.3161342435020429,1579938.588599406,5333932.934700593,4878.804878048781,1580284.3561401435,5334882.923211149,4878.804878048781,1580530.1758108821,5334793.452168004,5854.365853658537,1580184.4082701446,5333843.463657447,5854.365853658537
1580580.1497458816,5335313.1819448555,5366.585365853659,0.9934953874658577,1580284.3561401435,5334882.923211149,4878.804878048781,1580630.1236808808,5335832.911721706,4878.804878048781,1580875.9433516194,5335743.440678559,5854.365853658537,1580530.1758108821,5334793.452168004,5854.365853658537
1580925.9172866188,5336263.17045541,5366.585365853659,2.074556138593742,1580630.1236808808,5335832.911721706,4878.804878048781,1580975.8912216183,5336782.900232262,4878.804878048781,1581221.710892357,5336693.429189117,5854.365853658537,1580875.9433516194,5335743.440678559,5854.365853658537
1581271.6848273564,5337213.158965968,5366.585365853659,3.606624730183324,1580975.8912216183,5336782.900232262,4878.804878048781,1581321.6587623558,5337732.888742819,4878.804878048781,1581567.4784330945,5337643.417699672,5854.365853658537,1581221.710892357,5336693.429189117,5854.365853658537
1581617.452368094,5338163.147476524,5366.585365853659,4.015770262129188,1581321.6587623558,5337732.888742819,4878.804878048781,1581667.426303093,5338682.877253375,4878.804878048781,1581913.245973832,5338593.40621023,5854.365853658537,1581567.4784330945,5337643.417699672,5854.365853658537
1581963.2199088314,5339113.135987081,5366.585365853659,3.1730790417956496,1581667.426303093,5338682.877253375,4878.804878048781,1582013.1938438308,5339632.8657639325,4878.804878048781,1582259.0135145693,5339543.394720786,5854.365853658537,1581913.245973832,5338593.40621023,5854.365853658537
1561808.7546760603,5282974.3428211,6342.146341463415,6.053804932655932,1561512.961070322,5282544.084087395,5854.365853658537,1561858.7286110595,5283494.072597952,5854.365853658537,1562104.548281799,5283404.601554805,6829.926829268294,1561758.7807410613,5282454.613044249,6829.926829268294
1562154.5222167978,5283924.331331656,6342.146341463415,5.19428155768745,1561858.7286110595,5283494.072597952,5854.365853658537,1562204.496151797,5284444.061108508,5854.365853658537,1562450.3158225364,5284354.590065362,6829.926829268294,1562104.548281799,5283404.601554805,6829.926829268294
1562500.2897575356,5284874.319842214,6342.146341463415,3.952368823349458,1562204.496151797,5284444.061108508,5854.365853658537,1562550.2636925343,5285394.049619065,5854.365853658537,1562796.0833632736,5285304.578575918,6829.926829268294,1562450.3158225364,5284354.590065362,6829.926829268294
1562846.0572982726,5285824.308352769,6342.146341463415,3.6156678468173435,1562550.2636925343,5285394.049619065,5854.365853658537,1562896.0312332718,5286344.038129621,5854.365853658537,1563141.8509040114,5286254.567086475,6829.926829268294,1562796.0833632736,5285304.578575918,6829.926829268294
1563191.8248390101,5286774.296863327,6342.146341463415,2.604068150025811,1562896.0312332718,5286344.038129621,5854.365853658537,1563241.7987740093,5287294.026640178,5854.365853658537,1563487.6184447487,5287204.5555970315,6829.926829268294,1563141.8509040114,5286254.567086475,6829.926829268294
1563537.5923797477,5287724.285373882,6342.146341463415,1.623566395969431,1563241.7987740093,5287294.026640178,5854.365853658537,1563587.5663147466,5288244.015150734,5854.365853658537,1563833.385985486,5288154.544107588,6829.926829268294,1563487.6184447487,5287204.5555970315,6829.926829268294
1563883.359920485,5288674.27388444,6342.146341463415,0.7206956839290745,1563587.5663147466,5288244.015150734,5854.365853658537,1563933.3338554841,5289194.003661291,5854.365853658537,1564179.1535262237,5289104.5326181445,6829.926829268294,1563833.385985486,5288154.544107588,6829.926829268294
1564229.1274612225,5289624.262394996,6342.146341463415,0.36278668679934106,1563933.3338554841,5289194.003661291,5854.365853658537,1564279.1013962217,5290143.992171847,5854.365853658537,1564524.921066961,5290054.521128701,6829.926829268294,1564179.1535262237,5289104.5326181445,6829.926829268294
1564574.8950019602,5290574.250905552,6342.146341463415,0.28894817895183167,1564279.1013962217,5290143.992171847,5854.365853658537,1564624.868936959,5291093.980682404,5854.365853658537,1564870.6886076983,5291004.509639258,6829.926829268294,1564524.921066961,5290054.521128701,6829.926829268294
1564920.6625426973,5291524.2394161085,6342.146341463415,0.4805386887349443,1564624.868936959,5291093.980682404,5854.365853658537,1564970.6364776965,5292043.96919296,5854.365853658537,1565216.456148436,5291954.498149814,6829.926829268294,1564870.6886076983,5291004.509639258,6829.926829268294
1565266.4300834348,5292474.227926666,6342.146341463415,0.7231794497246395,1564970.6364776965,5292043.96919296,5854.365853658537,1565316.404018434,5292993.957703517,5854.365853658537,1565562.2236891733,5292904.486660371,6829.926829268294,1565216.456148436,5291954.498149814,6829.926829268294
1565612.1976241725,5293424.2164372215,6342.146341463415,1.2433540077743177,1565316.404018434,5292993.957703517,5854.365853658537,1565662.1715591713,5293943.946214073,5854.365853658537,1565907.9912299109,5293854.475170927,6829.926829268294,1565562.2236891733,5292904.486660371,6829.926829268294
1565957.96516491,5294374.204947779,6342.146341463415,2.0786235489737237,1565662.1715591713,5293943.946214073,5854.365853658537,1566007.939099909,5294893.93472463,5854.365853658537,1566253.7587706484,5294804.463681484,6829.926829268294,1565907.9912299109,5293854.475170927,6829.926829268294
1566303.7327056471,5295324.193458335,6342.146341463415,2.236143350361565,1566007.939099909,5294893.93472463,5854.365853658537,1566353.7066406463,5295843.923235186,5854.365853658537,1566599.5263113857,5295754.45219204,6829.926829268294,1566253.7587706484,5294804.463681484,6829.926829268294
1566649.5002463849,5296274.181968892,6342.146341463415,2.7291312136555144,1566353.7066406463,5295843.923235186,5854.365853658537,1566699.4741813836,5296793.911745743,5854.365853658537,1566945.2938521232,5296704.440702597,6829.926829268294,1566599.5263113857,5295754.45219204,6829.926829268294
1566995.2677871222,5297224.1704794485,6342.146341463415,4.3559327399076375,1566699.4741813836,5296793.911745743,5854.365853658537,1567045.2417221214,5297743.900256299,5854.365853658537,1567291.0613928607,5297654.429213153,6829.926829268294,1566945.2938521232,5296704.440702597,6829.926829268294
1567341.0353278597,5298174.158990004,6342.146341463415,5.472971401429237,1567045.2417221214,5297743.900256299,5854.365853658537,1567391.0092628587,5298693.888766856,5854.365853658537,1567636.8289335982,5298604.41772371,6829.926829268294,1567291.0613928607,5297654.429213153,6829.926829268294
1567686.8028685972,5299124.147500561,6342.146341463415,5.330928190479796,1567391.0092628587,5298693.888766856,5854.365853658537,1567736.7768035962,5299643.877277412,5854.365853658537,1567982.5964743358,5299554.406234266,6829.926829268294,1567636.8289335982,5298604.41772371,6829.926829268294
1568032.5704093347,5300074.136011118,6342.146341463415,6.348829453836113,1567736.7768035962,5299643.877277412,5854.365853658537,1568082.5443443337,5300593.865787969,5854.365853658537,1568328.364015073,5300504.394744822,6829.926829268294,1567982.5964743358,5299554.406234266,6829.926829268294
1568378.337950072,5301024.124521674,6342.146341463415,6.888425944398721,1568082.5443443337,5300593.865787969,5854.365853658537,1568428.311885071,5301543.8542985255,5854.365853658537,1568674.1315558106,5301454.383255379,6829.926829268294,1568328.364015073,5300504.394744822,6829.926829268294
1568724.1054908095,5301974.113032231,6342.146341463415,7.210948815127645,1568428.311885071,5301543.8542985255,5854.365853658537,1568774.0794258085,5302493.842809082,5854.365853658537,1569019.899096548,5302404.371765936,6829.926829268294,1568674.1315558106,5301454.383255379,6829.926829268294
1569069.873031547,5302924.101542787,6342.146341463415,6.492758086444995,1568774.0794258085,5302493.842809082,5854.365853658537,1569119.846966546,5303443.8313196385,5854.365853658537,1569365.6666372854,5303354.360276492,6829.926829268294,1569019.899096548,5302404.371765936,6829.926829268294
1569415.6405722846,5303874.090053344,6342.146341463415,7.491721013520313,1569119.846966546,5303443.8313196385,5854.365853658537,1569465.6145072833,5304393.819830195,5854.365853658537,1569711.434178023,5304304.348787049,6829.926829268294,1569365.6666372854,5303354.360276492,6829.926829268294
1569761.4081130219,5304824.078563901,6342.146341463415,9.940264178431656,1569465.6145072833,5304393.819830195,5854.365853658537,1569811.382048021,5305343.808340752,5854.365853658537,1570057.2017187604,5305254.337297605,6829.926829268294,1569711.434178023,5304304.348787049,6829.926829268294
1570107.1756537594,5305774.067074456,6342.146341463415,11.201566557945334,1569811.382048021,5305343.808340752,5854.365853658537,1570157.1495887584,5306293.796851308,5854.365853658537,1570402.9692594977,5306204.325808161,6829.926829268294,1570057.2017187604,5305254.337297605,6829.926829268294
1570452.9431944967,5306724.055585013,6342.146341463415,12.054967211151174,1570157.1495887584,5306293.796851308,5854.365853658537,1570502.9171294956,5307243.785361865,5854.365853658537,1570748.7368002352,5307154.314318718,6829.926829268294,1570402.9692594977,5306204.325808161,6829.926829268294
1570798.7107352342,5307674.04409557,6342.146341463415,9.274454896972134,1570502.9171294956,5307243.785361865,5854.365853658537,1570848.6846702334,5308193.773872421,5854.365853658537,1571094.5043409728,5308104.302829275,6829.926829268294,1570748.7368002352,5307154.314318718,6829.926829268294
1571144.4782759717,5308624.032606126,6342.146341463415,8.40919098658675,1570848.6846702334,5308193.773872421,5854.365853658537,1571194.4522109707,5309143.762382978,5854.365853658537,1571440.2718817103,5309054.291339831,6829.926829268294,1571094.5043409728,5308104.302829275,6829.926829268294
1571490.2458167092,5309574.021116683,6342.146341463415,9.368673799112354,1571194.4522109707,5309143.762382978,5854.365853658537,1571540.219751708,5310093.750893534,5854.365853658537,1571786.0394224476,5310004.279850387,6829.926829268294,1571440.2718817103,5309054.291339831,6829.926829268294
1571836.0133574465,5310524.009627239,6342.146341463415,10.226264126583812,1571540.219751708,5310093.750893534,5854.365853658537,1571885.9872924457,5311043.739404091,5854.365853658537,1572131.806963185,5310954.268360944,6829.926829268294,1571786.0394224476,5310004.279850387,6829.926829268294
1572181.780898184,5311473.998137796,6342.146341463415,9.376344978821908,1571885.9872924457,5311043.739404091,5854.365853658537,1572231.754833183,5311993.727914647,5854.365853658537,1572477.5745039226,5311904.2568715,6829.926829268294,1572131.806963185,5310954.268360944,6829.926829268294
1572527.5484389216,5312423.986648353,6342.146341463415,12.343308643296425,1572231.754833183,5311993.727914647,5854.365853658537,1572577.5223739205,5312943.716425204,5854.365853658537,1572823.34204466,5312854.2453820575,6829.926829268294,1572477.5745039226,5311904.2568715,6829.926829268294
1572873.3159796589,5313373.975158908,6342.146341463415,12.86646749470171,1572577.5223739205,5312943.716425204,5854.365853658537,1572923.289914658,5313893.70493576,5854.365853658537,1573169.1095853976,5313804.233892614,6829.926829268294,1572823.34204466,5312854.2453820575,6829.926829268294
1573219.0835203964,5314323.963669465,6342.146341463415,10.913168871947063,1572923.289914658,5313893.70493576,5854.365853658537,1573269.0574553956,5314843.693446317,5854.365853658537,1573514.877126135,5314754.222403171,6829.926829268294,1573169.1095853976,5313804.233892614,6829.926829268294
1573564.851061134,5315273.952180022,6342.146341463415,9.630507120018924,1573269.0574553956,5314843.693446317,5854.365853658537,1573614.8249961329,5315793.681956873,5854.365853658537,1573860.6446668722,5315704.210913726,6829.926829268294,1573514.877126135,5314754.222403171,6829.926829268294
1573910.6186018712,5316223.940690578,6342.146341463415,8.337839932876934,1573614.8249961329,5315793.681956873,5854.365853658537,1573960.5925368704,5316743.67046743,5854.365853658537,1574206.41220761,5316654.199424284,6829.926829268294,1573860.6446668722,5315704.210913726,6829.926829268294
1574256.3861426087,5317173.929201135,6342.146341463415,7.2596202846093325,1573960.5925368704,5316743.67046743,5854.365853658537,1574306.360077608,5317693.658977986,5854.365853658537,1574552.1797483473,5317604.187934839,6829.926829268294,1574206.41220761,5316654.199424284,6829.926829268294
1574602.1536833465,5318123.917711691,6342.146341463415,7.556720401916025,1574306.360077608,5317693.658977986,5854.365853658537,1574652.1276183452,5318643.647488543,5854.365853658537,1574897.9472890845,5318554.176445397,6829.926829268294,1574552.1797483473,5317604.187934839,6829.926829268294
1574947.9212240835,5319073.906222248,6342.146341463415,6.819331047693998,1574652.1276183452,5318643.647488543,5854.365853658537,1574997.895159083,5319593.635999099,5854.365853658537,1575243.7148298223,5319504.164955953,6829.926829268294,1574897.9472890845,5318554.176445397,6829.926829268294
1575293.688764821,5320023.894732804,6342.146341463415,7.047084954370924,1574997.895159083,5319593.635999099,5854.365853658537,1575343.6626998202,5320543.624509655,5854.365853658537,1575589.4823705596,5320454.15346651,6829.926829268294,1575243.7148298223,5319504.164955953,6829.926829268294
1575639.4563055586,5320973.883243361,6342.146341463415,5.070164497469599,1575343.6626998202,5320543.624509655,5854.365853658537,1575689.4302405575,5321493.613020212,5854.365853658537,1575935.2499112969,5321404.141977065,6829.926829268294,1575589.4823705596,5320454.15346651,6829.926829268294
1575985.2238462958,5321923.871753917,6342.146341463415,2.5721927976502417,1575689.4302405575,5321493.613020212,5854.365853658537,1576035.197781295,5322443.601530769,5854.365853658537,1576281.0174520346,5322354.130487623,6829.926829268294,1575935.2499112969,5321404.141977065,6829.926829268294
1576330.9913870334,5322873.8602644745,6342.146341463415,2.36443621119094,1576035.197781295,5322443.601530769,5854.365853658537,1576380.9653220326,5323393.590041325,5854.365853658537,1576626.784992772,5323304.118998178,6829.926829268294,1576281.0174520346,5322354.130487623,6829.926829268294
1576676.7589277711,5323823.84877503,6342.146341463415,2.1973909362676185,1576380.9653220326,5323393.590041325,5854.365853658537,1576726.7328627699,5324343.578551882,5854.365853658537,1576972.5525335094,5324254.107508736,6829.926829268294,1576626.784992772,5323304.118998178,6829.926829268294
1577022.5264685084,5324773.837285588,6342.146341463415,2.511739514687542,1576726.7328627699,5324343.578551882,5854.365853658537,1577072.5004035074,5325293.567062438,5854.365853658537,1577318.320074247,5325204.096019291,6829.926829268294,1576972.5525335094,5324254.107508736,6829.926829268294
1577368.2940092457,5325723.825796142,6342.146341463415,3.2856067516838148,1577072.5004035074,5325293.567062438,5854.365853658537,1577418.267944245,5326243.555572994,5854.365853658537,1577664.0876149843,5326154.084529849,6829.926829268294,1577318.320074247,5325204.096019291,6829.926829268294
1577714.0615499835,5326673.8143067,6342.146341463415,1.5638318870934005,1577418.267944245,5326243.555572994,5854.365853658537,1577764.0354849822,5327193.5440835515,5854.365853658537,1578009.8551557218,5327104.073040404,6829.926829268294,1577664.0876149843,5326154.084529849,6829.926829268294
1578059.829090721,5327623.802817257,6342.146341463415,1.1585004899834292,1577764.0354849822,5327193.5440835515,5854.365853658537,1578109.80302572,5328143.532594108,5854.365853658537,1578355.6226964593,5328054.061550962,6829.926829268294,1578009.8551557218,5327104.073040404,6829.926829268294
1578405.596631458,5328573.791327813,6342.146341463415,1.281657213312365,1578109.80302572,5328143.532594108,5854.365853658537,1578455.5705664572,5329093.521104665,5854.365853658537,1578701.3902371968,5329004.050061517,6829.926829268294,1578355.6226964593,5328054.061550962,6829.926829268294
1578751.3641721958,5329523.779838369,6342.146341463415,1.8082031373591927,1578455.5705664572,5329093.521104665,5854.365853658537,1578801.3381071945,5330043.50961522,5854.365853658537,1579047.157777934,5329954.038572075,6829.926829268294,1578701.3902371968,5329004.050061517,6829.926829268294
1579097.131712933,5330473.768348926,6342.146341463415,1.5593215954748483,1578801.3381071945,5330043.50961522,5854.365853658537,1579147.1056479323,5330993.498125778,5854.365853658537,1579392.9253186716,5330904.02708263,6829.926829268294,1579047.157777934,5329954.038572075,6829.926829268294
1579442.8992536706,5331423.756859482,6342.146341463415,1.4706202200507072,1579147.1056479323,5330993.498125778,5854.365853658537,1579492.8731886696,5331943.486636333,5854.365853658537,1579738.6928594091,5331854.015593188,6829.926829268294,1579392.9253186716,5330904.02708263,6829.926829268294
1579788.666794408,5332373.74537004,6342.146341463415,0.9599772351428896,1579492.8731886696,5331943.486636333,5854.365853658537,1579838.640729407,5332893.475146891,5854.365853658537,1580084.4604001467,5332804.0041037435,6829.926829268294,1579738.6928594091,5331854.015593188,6829.926829268294
1580134.4343351456,5333323.733880595,6342.146341463415,1.1673660324242117,1579838.640729407,5332893.475146891,5854.365853658537,1580184.4082701446,5333843.463657447,5854.365853658537,1580430.2279408842,5333753.992614301,6829.926829268294,1580084.4604001467,5332804.0041037435,6829.926829268294
1580480.2018758832,5334273.722391153,6342.146341463415,1.9619461065215864,1580184.4082701446,5333843.463657447,5854.365853658537,1580530.1758108821,5334793.452168004,5854.365853658537,1580775.9954816215,5334703.9811248565,6829.926829268294,1580430.2279408842,5333753.992614301,6829.926829268294
1580825.9694166204,5335223.710901708,6342.146341463415,1.7465193034231956,1580530.1758108821,5334793.452168004,5854.365853658537,1580875.9433516194,5335743.440678559,5854.365853658537,1581121.763022359,5335653.969635414,6829.926829268294,1580775.9954816215,5334703.9811248565,6829.926829268294
1581171.736957358,5336173.699412265,6342.146341463415,2.417092733449662,1580875.9433516194,5335743.440678559,5854.365853658537,1581221.710892357,5336693.429189117,5854.365853658537,1581467.5305630965,5336603.95814597,6829.926829268294,1581121.763022359,5335653.969635414,6829.926829268294
1581517.5044980955,5337123.687922821,6342.146341463415,3.6270185471393175,1581221.710892357,5336693.429189117,5854.365853658537,1581567.4784330945,5337643.417699672,5854.365853658537,1581813.2981038338,5337553.946656527,6829.926829268294,1581467.5305630965,5336603.95814597,6829.926829268294
1581863.2720388328,5338073.676433378,6342.146341463415,3.8480128929795896,1581567.4784330945,5337643.417699672,5854.365853658537,1581913.245973832,5338593.40621023,5854.365853658537,1582159.0656445713,5338503.935167083,6829.926829268294,1581813.2981038338,5337553.946656527,6829.926829268294
1582209.0395795703,5339023.664943934,6342.146341463415,3.1557563018766,1581913.245973832,5338593.40621023,5854.365853658537,1582259.0135145693,5339543.394720786,5854.365853658537,1582504.8331853088,5339453.92367764,6829.926829268294,1582159.0656445713,5338503.935167083,6829.926829268294
1562054.5743468,5282884.871777954,7317.707317073172,3.5785323677139864,1561758.7807410613,5282454.613044249,6829.926829268294,1562104.548281799,5283404.601554805,6829.926829268294,1562350.3679525384,5283315.130511659,7805.48780487805,1562004.6004118007,5282365.142001103,7805.48780487805
1562400.3418875372,5283834.860288511,7317.707317073172,4.3492701693800635,1562104.548281799,5283404.601554805,6829.926829268294,1562450.3158225364,5284354.590065362,6829.926829268294,1562696.1354932757,5284265.119022216,7805.48780487805,1562350.3679525384,5283315.130511659,7805.48780487805
1562746.109428275,5284784.848799067,7317.707317073172,3.572153548268868,1562450.3158225364,5284354.590065362,6829.926829268294,1562796.0833632736,5285304.578575918,6829.926829268294,1563041.903034013,5285215.107532772,7805.48780487805,1562696.1354932757,5284265.119022216,7805.48780487805
1563091.876969012,5285734.837309624,7317.707317073172,3.3731085911269365,1562796.0833632736,5285304.578575918,6829.926829268294,1563141.8509040114,5286254.567086475,6829.926829268294,1563387.6705747508,5286165.096043328,7805.48780487805,1563041.903034013,5285215.107532772,7805.48780487805
1563437.6445097495,5286684.825820181,7317.707317073172,1.708392397950526,1563141.8509040114,5286254.567086475,6829.926829268294,1563487.6184447487,5287204.5555970315,6829.926829268294,1563733.438115488,5287115.084553885,7805.48780487805,1563387.6705747508,5286165.096043328,7805.48780487805
1563783.4120504872,5287634.814330736,7317.707317073172,0.8096105149299802,1563487.6184447487,5287204.5555970315,6829.926829268294,1563833.385985486,5288154.544107588,6829.926829268294,1564079.2056562256,5288065.073064442,7805.48780487805,1563733.438115488,5287115.084553885,7805.48780487805
1564129.1795912248,5288584.802841293,7317.707317073172,0.9064780626663231,1563833.385985486,5288154.544107588,6829.926829268294,1564179.1535262237,5289104.5326181445,6829.926829268294,1564424.973196963,5289015.061574998,7805.48780487805,1564079.2056562256,5288065.073064442,7805.48780487805
1564474.9471319618,5289534.79135185,7317.707317073172,1.0638721127175967,1564179.1535262237,5289104.5326181445,6829.926829268294,1564524.921066961,5290054.521128701,6829.926829268294,1564770.7407377004,5289965.050085554,7805.48780487805,1564424.973196963,5289015.061574998,7805.48780487805
1564820.7146726996,5290484.779862406,7317.707317073172,1.2251957127363435,1564524.921066961,5290054.521128701,6829.926829268294,1564870.6886076983,5291004.509639258,6829.926829268294,1565116.508278438,5290915.038596111,7805.48780487805,1564770.7407377004,5289965.050085554,7805.48780487805
1565166.4822134369,5291434.768372963,7317.707317073172,1.4193932832279663,1564870.6886076983,5291004.509639258,6829.926829268294,1565216.456148436,5291954.498149814,6829.926829268294,1565462.2758191754,5291865.027106667,7805.48780487805,1565116.508278438,5290915.038596111,7805.48780487805
1565512.2497541744,5292384.756883519,7317.707317073172,2.0652961810598933,1565216.456148436,5291954.498149814,6829.926829268294,1565562.2236891733,5292904.486660371,6829.926829268294,1565808.043359913,5292815.015617224,7805.48780487805,1565462.2758191754,5291865.027106667,7805.48780487805
1565858.017294912,5293334.745394076,7317.707317073172,2.3130127830203726,1565562.2236891733,5292904.486660371,6829.926829268294,1565907.9912299109,5293854.475170927,6829.926829268294,1566153.8109006505,5293765.004127781,7805.48780487805,1565808.043359913,5292815.015617224,7805.48780487805
1566203.7848356494,5294284.733904633,7317.707317073172,2.5540982772065983,1565907.9912299109,5293854.475170927,6829.926829268294,1566253.7587706484,5294804.463681484,6829.926829268294,1566499.578441388,5294714.992638337,7805.48780487805,1566153.8109006505,5293765.004127781,7805.48780487805
1566549.5523763867,5295234.722415188,7317.707317073172,2.9377736179787144,1566253.7587706484,5294804.463681484,6829.926829268294,1566599.5263113857,5295754.45219204,6829.926829268294,1566845.3459821253,5295664.981148893,7805.48780487805,1566499.578441388,5294714.992638337,7805.48780487805
1566895.3199171242,5296184.710925745,7317.707317073172,4.629477111033358,1566599.5263113857,5295754.45219204,6829.926829268294,1566945.2938521232,5296704.440702597,6829.926829268294,1567191.1135228628,5296614.96965945,7805.48780487805,1566845.3459821253,5295664.981148893,7805.48780487805
1567241.0874578618,5297134.699436302,7317.707317073172,5.682959766633068,1566945.2938521232,5296704.440702597,6829.926829268294,1567291.0613928607,5297654.429213153,6829.926829268294,1567536.8810636003,5297564.958170006,7805.48780487805,1567191.1135228628,5296614.96965945,7805.48780487805
1567586.8549985993,5298084.687946858,7317.707317073172,6.203466385650185,1567291.0613928607,5297654.429213153,6829.926829268294,1567636.8289335982,5298604.41772371,6829.926829268294,1567882.6486043376,5298514.9466805635,7805.48780487805,1567536.8810636003,5297564.958170006,7805.48780487805
1567932.6225393366,5299034.676457415,7317.707317073172,4.395206161331683,1567636.8289335982,5298604.41772371,6829.926829268294,1567982.5964743358,5299554.406234266,6829.926829268294,1568228.416145075,5299464.93519112,7805.48780487805,1567882.6486043376,5298514.9466805635,7805.48780487805
1568278.390080074,5299984.664967971,7317.707317073172,5.262184090401546,1567982.5964743358,5299554.406234266,6829.926829268294,1568328.364015073,5300504.394744822,6829.926829268294,1568574.1836858126,5300414.923701677,7805.48780487805,1568228.416145075,5299464.93519112,7805.48780487805
1568624.1576208116,5300934.653478527,7317.707317073172,7.2753405685264925,1568328.364015073,5300504.394744822,6829.926829268294,1568674.1315558106,5301454.383255379,6829.926829268294,1568919.95122655,5301364.912212232,7805.48780487805,1568574.1836858126,5300414.923701677,7805.48780487805
1568969.925161549,5301884.641989085,7317.707317073172,8.094107137637826,1568674.1315558106,5301454.383255379,6829.926829268294,1569019.899096548,5302404.371765936,6829.926829268294,1569265.7187672874,5302314.90072279,7805.48780487805,1568919.95122655,5301364.912212232,7805.48780487805
1569315.6927022864,5302834.6304996405,7317.707317073172,6.858739978195378,1569019.899096548,5302404.371765936,6829.926829268294,1569365.6666372854,5303354.360276492,6829.926829268294,1569611.486308025,5303264.889233345,7805.48780487805,1569265.7187672874,5302314.90072279,7805.48780487805
1569661.460243024,5303784.619010197,7317.707317073172,9.039885675071938,1569365.6666372854,5303354.360276492,6829.926829268294,1569711.434178023,5304304.348787049,6829.926829268294,1569957.2538487623,5304214.877743903,7805.48780487805,1569611.486308025,5303264.889233345,7805.48780487805
1570007.2277837612,5304734.607520754,7317.707317073172,10.639984061347567,1569711.434178023,5304304.348787049,6829.926829268294,1570057.2017187604,5305254.337297605,6829.926829268294,1570303.0213894998,5305164.866254458,7805.48780487805,1569957.2538487623,5304214.877743903,7805.48780487805
1570352.9953244987,5305684.59603131,7317.707317073172,12.417042160645558,1570057.2017187604,5305254.337297605,6829.926829268294,1570402.9692594977,5306204.325808161,6829.926829268294,1570648.7889302373,5306114.854765016,7805.48780487805,1570303.0213894998,5305164.866254458,7805.48780487805
1570698.7628652363,5306634.5845418675,7317.707317073172,11.968811539368211,1570402.9692594977,5306204.325808161,6829.926829268294,1570748.7368002352,5307154.314318718,6829.926829268294,1570994.5564709746,5307064.843275571,7805.48780487805,1570648.7889302373,5306114.854765016,7805.48780487805
1571044.5304059735,5307584.573052423,7317.707317073172,11.321028250828915,1570748.7368002352,5307154.314318718,6829.926829268294,1571094.5043409728,5308104.302829275,6829.926829268294,1571340.3240117123,5308014.831786129,7805.48780487805,1570994.5564709746,5307064.843275571,7805.48780487805
1571390.297946711,5308534.5615629805,7317.707317073172,11.69679668875024,1571094.5043409728,5308104.302829275,6829.926829268294,1571440.2718817103,5309054.291339831,6829.926829268294,1571686.0915524496,5308964.820296685,7805.48780487805,1571340.3240117123,5308014.831786129,7805.48780487805
1571736.0654874486,5309484.550073536,7317.707317073172,10.191621000903574,1571440.2718817103,5309054.291339831,6829.926829268294,1571786.0394224476,5310004.279850387,6829.926829268294,1572031.859093187,5309914.808807242,7805.48780487805,1571686.0915524496,5308964.820296685,7805.48780487805
1572081.8330281859,5310434.538584093,7317.707317073172,9.14972333048166,1571786.0394224476,5310004.279850387,6829.926829268294,1572131.806963185,5310954.268360944,6829.926829268294,1572377.6266339247,5310864.797317797,7805.48780487805,1572031.859093187,5309914.808807242,7805.48780487805
1572427.6005689234,5311384.527094649,7317.707317073172,9.457625175929117,1572131.806963185,5310954.268360944,6829.926829268294,1572477.5745039226,5311904.2568715,6829.926829268294,1572723.394174662,5311814.785828355,7805.48780487805,1572377.6266339247,5310864.797317797,7805.48780487805
1572773.3681096612,5312334.515605206,7317.707317073172,11.595676720326132,1572477.5745039226,5311904.2568715,6829.926829268294,1572823.34204466,5312854.2453820575,6829.926829268294,1573069.1617153995,5312764.77433891,7805.48780487805,1572723.394174662,5311814.785828355,7805.48780487805
1573119.1356503984,5313284.504115762,7317.707317073172,11.210484451739758,1572823.34204466,5312854.2453820575,6829.926829268294,1573169.1095853976,5313804.233892614,6829.926829268294,1573414.929256137,5313714.762849468,7805.48780487805,1573069.1617153995,5312764.77433891,7805.48780487805
1573464.9031911357,5314234.49262632,7317.707317073172,9.722904517461817,1573169.1095853976,5313804.233892614,6829.926829268294,1573514.877126135,5314754.222403171,6829.926829268294,1573760.6967968743,5314664.751360023,7805.48780487805,1573414.929256137,5313714.762849468,7805.48780487805
1573810.6707318735,5315184.481136874,7317.707317073172,8.466889638773777,1573514.877126135,5314754.222403171,6829.926829268294,1573860.6446668722,5315704.210913726,6829.926829268294,1574106.4643376118,5315614.739870581,7805.48780487805,1573760.6967968743,5314664.751360023,7805.48780487805
1574156.438272611,5316134.469647432,7317.707317073172,5.711243897930574,1573860.6446668722,5315704.210913726,6829.926829268294,1574206.41220761,5316654.199424284,6829.926829268294,1574452.2318783493,5316564.728381136,7805.48780487805,1574106.4643376118,5315614.739870581,7805.48780487805
1574502.205813348,5317084.458157988,7317.707317073172,5.420691531677943,1574206.41220761,5316654.199424284,6829.926829268294,1574552.1797483473,5317604.187934839,6829.926829268294,1574797.9994190866,5317514.716891694,7805.48780487805,1574452.2318783493,5316564.728381136,7805.48780487805
1574847.9733540858,5318034.446668545,7317.707317073172,4.45787152093982,1574552.1797483473,5317604.187934839,6829.926829268294,1574897.9472890845,5318554.176445397,6829.926829268294,1575143.7669598241,5318464.7054022495,7805.48780487805,1574797.9994190866,5317514.716891694,7805.48780487805
1575193.740894823,5318984.435179101,7317.707317073172,3.9245819868088807,1574897.9472890845,5318554.176445397,6829.926829268294,1575243.7148298223,5319504.164955953,6829.926829268294,1575489.5345005617,5319414.693912807,7805.48780487805,1575143.7669598241,5318464.7054022495,7805.48780487805
1575539.5084355604,5319934.423689659,7317.707317073172,4.071920632464489,1575243.7148298223,5319504.164955953,6829.926829268294,1575589.4823705596,5320454.15346651,6829.926829268294,1575835.302041299,5320364.6824233625,7805.48780487805,1575489.5345005617,5319414.693912807,7805.48780487805
1575885.2759762981,5320884.412200214,7317.707317073172,2.7848154160622056,1575589.4823705596,5320454.15346651,6829.926829268294,1575935.2499112969,5321404.141977065,6829.926829268294,1576181.0695820365,5321314.67093392,7805.48780487805,1575835.302041299,5320364.6824233625,7805.48780487805
1576231.0435170357,5321834.400710772,7317.707317073172,2.0846085969675063,1575935.2499112969,5321404.141977065,6829.926829268294,1576281.0174520346,5322354.130487623,6829.926829268294,1576526.837122774,5322264.659444476,7805.48780487805,1576181.0695820365,5321314.67093392,7805.48780487805
1576576.8110577727,5322784.389221326,7317.707317073172,1.2853461324133968,1576281.0174520346,5322354.130487623,6829.926829268294,1576626.784992772,5323304.118998178,6829.926829268294,1576872.6046635115,5323214.647955033,7805.48780487805,1576526.837122774,5322264.659444476,7805.48780487805
1576922.5785985105,5323734.377731884,7317.707317073172,2.3184137400718883,1576626.784992772,5323304.118998178,6829.926829268294,1576972.5525335094,5324254.107508736,6829.926829268294,1577218.3722042488,5324164.636465589,7805.48780487805,1576872.6046635115,5323214.647955033,7805.48780487805
1577268.346139248,5324684.36624244,7317.707317073172,2.5936307638419587,1576972.5525335094,5324254.107508736,6829.926829268294,1577318.320074247,5325204.096019291,6829.926829268294,1577564.1397449863,5325114.624976146,7805.48780487805,1577218.3722042488,5324164.636465589,7805.48780487805
1577614.1136799853,5325634.354752997,7317.707317073172,2.440947964378686,1577318.320074247,5325204.096019291,6829.926829268294,1577664.0876149843,5326154.084529849,6829.926829268294,1577909.9072857238,5326064.613486702,7805.48780487805,1577564.1397449863,5325114.624976146,7805.48780487805
1577959.8812207228,5326584.343263553,7317.707317073172,2.244557973916486,1577664.0876149843,5326154.084529849,6829.926829268294,1578009.8551557218,5327104.073040404,6829.926829268294,1578255.6748264614,5327014.601997259,7805.48780487805,1577909.9072857238,5326064.613486702,7805.48780487805
1578305.6487614603,5327534.33177411,7317.707317073172,1.5289679883662874,1578009.8551557218,5327104.073040404,6829.926829268294,1578355.6226964593,5328054.061550962,6829.926829268294,1578601.4423671989,5327964.590507815,7805.48780487805,1578255.6748264614,5327014.601997259,7805.48780487805
1578651.4163021978,5328484.3202846665,7317.707317073172,1.143379983139281,1578355.6226964593,5328054.061550962,6829.926829268294,1578701.3902371968,5329004.050061517,6829.926829268294,1578947.2099079362,5328914.579018372,7805.48780487805,1578601.4423671989,5327964.590507815,7805.48780487805
1578997.1838429351,5329434.308795224,7317.707317073172,0.8574047341494742,1578701.3902371968,5329004.050061517,6829.926829268294,1579047.157777934,5329954.038572075,6829.926829268294,1579292.9774486737,5329864.567528928,7805.48780487805,1578947.2099079362,5328914.579018372,7805.48780487805
1579342.9513836727,5330384.297305779,7317.707317073172,1.5294107625304507,1579047.157777934,5329954.038572075,6829.926829268294,1579392.9253186716,5330904.02708263,6829.926829268294,1579638.7449894112,5330814.556039485,7805.48780487805,1579292.9774486737,5329864.567528928,7805.48780487805
1579688.7189244102,5331334.285816336,7317.707317073172,1.1575422973560132,1579392.9253186716,5330904.02708263,6829.926829268294,1579738.6928594091,5331854.015593188,6829.926829268294,1579984.5125301485,5331764.544550041,7805.48780487805,1579638.7449894112,5330814.556039485,7805.48780487805
1580034.4864651475,5332284.274326893,7317.707317073172,0.5294490069573538,1579738.6928594091,5331854.015593188,6829.926829268294,1580084.4604001467,5332804.0041037435,6829.926829268294,1580330.2800708862,5332714.533060598,7805.48780487805,1579984.5125301485,5331764.544550041,7805.48780487805
1580380.254005885,5333234.262837449,7317.707317073172,1.306515779927196,1580084.4604001467,5332804.0041037435,6829.926829268294,1580430.2279408842,5333753.992614301,6829.926829268294,1580676.0476116235,5333664.521571154,7805.48780487805,1580330.2800708862,5332714.533060598,7805.48780487805
1580726.0215466227,5334184.251348006,7317.707317073172,2.1283830549584253,1580430.2279408842,5333753.992614301,6829.926829268294,1580775.9954816215,5334703.9811248565,6829.926829268294,1581021.8151523608,5334614.510081711,7805.48780487805,1580676.0476116235,5333664.521571154,7805.48780487805
1581071.7890873598,5335134.239858562,7317.707317073172,2.8329927151205974,1580775.9954816215,5334703.9811248565,6829.926829268294,1581121.763022359,5335653.969635414,6829.926829268294,1581367.5826930983,5335564.498592267,7805.48780487805,1581021.8151523608,5334614.510081711,7805.48780487805
1581417.5566280973,5336084.228369119,7317.707317073172,2.891350862724812,1581121.763022359,5335653.969635414,6829.926829268294,1581467.5305630965,5336603.95814597,6829.926829268294,1581713.3502338359,5336514.487102824,7805.48780487805,1581367.5826930983,5335564.498592267,7805.48780487805
1581763.3241688348,5337034.216879676,7317.707317073172,2.6036327319041916,1581467.5305630965,5336603.95814597,6829.926829268294,1581813.2981038338,5337553.946656527,6829.926829268294,1582059.1177745732,5337464.47561338,7805.48780487805,1581713.3502338359,5336514.487102824,7805.48780487805
1582109.0917095721,5337984.205390231,7317.707317073172,2.637904594175663,1581813.2981038338,5337553.946656527,6829.926829268294,1582159.0656445713,5338503.935167083,6829.926829268294,1582404.885315311,5338414.464123937,7805.48780487805,1582059.1177745732,5337464.47561338,7805.48780487805
1582454.8592503096,5338934.193900788,7317.707317073172,2.6662845329336577,1582159.0656445713,5338503.935167083,6829.926829268294,1582504.8331853088,5339453.92367764,6829.926829268294,1582750.6528560482,5339364.452634493,7805.48780487805,1582404.885315311,5338414.464123937,7805.48780487805
1562300.394017539,5282795.400734808,8293.268292682927,2.4214878730451406,1562004.6004118007,5282365.142001103,7805.48780487805,1562350.3679525384,5283315.130511659,7805.48780487805,1562596.187623277,5283225.659468513,8781.048780487805,1562250.4200825396,5282275.670957956,8781.048780487805
1562646.1615582763,5283745.389245365,8293.268292682927,3.4029516414472605,1562350.3679525384,5283315.130511659,7805.48780487805,1562696.1354932757,5284265.119022216,7805.48780487805,1562941.9551640144,5284175.6479790695,8781.048780487805,1562596.187623277,5283225.659468513,8781.048780487805
1562991.9290990138,5284695.37775592,8293.268292682927,2.9304530453518116,1562696.1354932757,5284265.119022216,7805.48780487805,1563041.903034013,5285215.107532772,7805.48780487805,1563287.7227047519,5285125.636489626,8781.048780487805,1562941.9551640144,5284175.6479790695,8781.048780487805
1563337.6966397513,5285645.366266477,8293.268292682927,1.7101361452972776,1563041.903034013,5285215.107532772,7805.48780487805,1563387.6705747508,5286165.096043328,7805.48780487805,1563633.4902454894,5286075.625000183,8781.048780487805,1563287.7227047519,5285125.636489626,8781.048780487805
1563683.4641804886,5286595.354777033,8293.268292682927,1.4545087403889396,1563387.6705747508,5286165.096043328,7805.48780487805,1563733.438115488,5287115.084553885,7805.48780487805,1563979.2577862267,5287025.613510739,8781.048780487805,1563633.4902454894,5286075.625000183,8781.048780487805
1564029.2317212261,5287545.34328759,8293.268292682927,0.8841777423322172,1563733.438115488,5287115.084553885,7805.48780487805,1564079.2056562256,5288065.073064442,7805.48780487805,1564325.0253269642,5287975.602021296,8781.048780487805,1563979.2577862267,5287025.613510739,8781.048780487805
1564374.9992619636,5288495.331798147,8293.268292682927,1.3774399118741454,1564079.2056562256,5288065.073064442,7805.48780487805,1564424.973196963,5289015.061574998,7805.48780487805,1564670.7928677017,5288925.590531852,8781.048780487805,1564325.0253269642,5287975.602021296,8781.048780487805
1564720.7668027012,5289445.320308703,8293.268292682927,1.998426135943441,1564424.973196963,5289015.061574998,7805.48780487805,1564770.7407377004,5289965.050085554,7805.48780487805,1565016.560408439,5289875.579042409,8781.048780487805,1564670.7928677017,5288925.590531852,8781.048780487805
1565066.5343434385,5290395.3088192595,8293.268292682927,2.447466710380733,1564770.7407377004,5289965.050085554,7805.48780487805,1565116.508278438,5290915.038596111,7805.48780487805,1565362.3279491765,5290825.567552965,8781.048780487805,1565016.560408439,5289875.579042409,8781.048780487805
1565412.301884176,5291345.297329816,8293.268292682927,2.667207703252313,1565116.508278438,5290915.038596111,7805.48780487805,1565462.2758191754,5291865.027106667,7805.48780487805,1565708.095489914,5291775.556063522,8781.048780487805,1565362.3279491765,5290825.567552965,8781.048780487805
1565758.0694249135,5292295.285840373,8293.268292682927,3.5673875671149786,1565462.2758191754,5291865.027106667,7805.48780487805,1565808.043359913,5292815.015617224,7805.48780487805,1566053.8630306514,5292725.544574078,8781.048780487805,1565708.095489914,5291775.556063522,8781.048780487805
1566103.8369656508,5293245.274350929,8293.268292682927,3.358650380776379,1565808.043359913,5292815.015617224,7805.48780487805,1566153.8109006505,5293765.004127781,7805.48780487805,1566399.630571389,5293675.533084635,8781.048780487805,1566053.8630306514,5292725.544574078,8781.048780487805
1566449.6045063883,5294195.2628614865,8293.268292682927,2.972977215889851,1566153.8109006505,5293765.004127781,7805.48780487805,1566499.578441388,5294714.992638337,7805.48780487805,1566745.3981121264,5294625.521595191,8781.048780487805,1566399.630571389,5293675.533084635,8781.048780487805
1566795.3720471258,5295145.251372042,8293.268292682927,3.5349650996941153,1566499.578441388,5294714.992638337,7805.48780487805,1566845.3459821253,5295664.981148893,7805.48780487805,1567091.1656528637,5295575.510105748,8781.048780487805,1566745.3981121264,5294625.521595191,8781.048780487805
1567141.139587863,5296095.2398826,8293.268292682927,4.901750311742887,1566845.3459821253,5295664.981148893,7805.48780487805,1567191.1135228628,5296614.96965945,7805.48780487805,1567436.9331936014,5296525.498616304,8781.048780487805,1567091.1656528637,5295575.510105748,8781.048780487805
1567486.9071286006,5297045.228393155,8293.268292682927,5.959616069172966,1567191.1135228628,5296614.96965945,7805.48780487805,1567536.8810636003,5297564.958170006,7805.48780487805,1567782.7007343387,5297475.487126861,8781.048780487805,1567436.9331936014,5296525.498616304,8781.048780487805
1567832.6746693384,5297995.216903712,8293.268292682927,5.866471389596544,1567536.8810636003,5297564.958170006,7805.48780487805,1567882.6486043376,5298514.9466805635,7805.48780487805,1568128.4682750762,5298425.475637417,8781.048780487805,1567782.7007343387,5297475.487126861,8781.048780487805
1568178.4422100757,5298945.205414269,8293.268292682927,5.09041441504199,1567882.6486043376,5298514.9466805635,7805.48780487805,1568228.416145075,5299464.93519112,7805.48780487805,1568474.2358158138,5299375.464147974,8781.048780487805,1568128.4682750762,5298425.475637417,8781.048780487805
1568524.209750813,5299895.193924825,8293.268292682927,6.126778082595416,1568228.416145075,5299464.93519112,7805.48780487805,1568574.1836858126,5300414.923701677,7805.48780487805,1568820.003356551,5300325.45265853,8781.048780487805,1568474.2358158138,5299375.464147974,8781.048780487805
1568869.9772915507,5300845.182435381,8293.268292682927,6.655355020904021,1568574.1836858126,5300414.923701677,7805.48780487805,1568919.95122655,5301364.912212232,7805.48780487805,1569165.7708972886,5301275.441169087,8781.048780487805,1568820.003356551,5300325.45265853,8781.048780487805
1569215.744832288,5301795.170945938,8293.268292682927,6.564040766491806,1568919.95122655,5301364.912212232,7805.48780487805,1569265.7187672874,5302314.90072279,7805.48780487805,1569511.538438026,5302225.429679643,8781.048780487805,1569165.7708972886,5301275.441169087,8781.048780487805
1569561.5123730253,5302745.159456494,8293.268292682927,6.701425907556182,1569265.7187672874,5302314.90072279,7805.48780487805,1569611.486308025,5303264.889233345,7805.48780487805,1569857.3059787636,5303175.4181902,8781.048780487805,1569511.538438026,5302225.429679643,8781.048780487805
1569907.279913763,5303695.147967052,8293.268292682927,9.203858011569137,1569611.486308025,5303264.889233345,7805.48780487805,1569957.2538487623,5304214.877743903,7805.48780487805,1570203.073519501,5304125.406700756,8781.048780487805,1569857.3059787636,5303175.4181902,8781.048780487805
1570253.0474545003,5304645.136477607,8293.268292682927,11.431162888184113,1569957.2538487623,5304214.877743903,7805.48780487805,1570303.0213894998,5305164.866254458,7805.48780487805,1570548.8410602384,5305075.395211313,8781.048780487805,1570203.073519501,5304125.406700756,8781.048780487805
1570598.8149952376,5305595.124988164,8293.268292682927,12.056009751718708,1570303.0213894998,5305164.866254458,7805.48780487805,1570648.7889302373,5306114.854765016,7805.48780487805,1570894.6086009757,5306025.383721869,8781.048780487805,1570548.8410602384,5305075.395211313,8781.048780487805
1570944.5825359754,5306545.11349872,8293.268292682927,11.4564089135639,1570648.7889302373,5306114.854765016,7805.48780487805,1570994.5564709746,5307064.843275571,7805.48780487805,1571240.3761417132,5306975.372232426,8781.048780487805,1570894.6086009757,5306025.383721869,8781.048780487805
1571290.350076713,5307495.102009277,8293.268292682927,9.550231568496283,1570994.5564709746,5307064.843275571,7805.48780487805,1571340.3240117123,5308014.831786129,7805.48780487805,1571586.1436824508,5307925.3607429825,8781.048780487805,1571240.3761417132,5306975.372232426,8781.048780487805
1571636.11761745,5308445.090519833,8293.268292682927,10.014604125210033,1571340.3240117123,5308014.831786129,7805.48780487805,1571686.0915524496,5308964.820296685,7805.48780487805,1571931.9112231883,5308875.349253539,8781.048780487805,1571586.1436824508,5307925.3607429825,8781.048780487805
1571981.8851581877,5309395.079030391,8293.268292682927,12.094374870183579,1571686.0915524496,5308964.820296685,7805.48780487805,1572031.859093187,5309914.808807242,7805.48780487805,1572277.6787639256,5309825.3377640955,8781.048780487805,1571931.9112231883,5308875.349253539,8781.048780487805
1572327.652698925,5310345.067540946,8293.268292682927,12.80769446955349,1572031.859093187,5309914.808807242,7805.48780487805,1572377.6266339247,5310864.797317797,7805.48780487805,1572623.446304663,5310775.326274652,8781.048780487805,1572277.6787639256,5309825.3377640955,8781.048780487805
1572673.4202396625,5311295.056051504,8293.268292682927,12.905744286699656,1572377.6266339247,5310864.797317797,7805.48780487805,1572723.394174662,5311814.785828355,7805.48780487805,1572969.2138454006,5311725.314785209,8781.048780487805,1572623.446304663,5310775.326274652,8781.048780487805
1573019.1877804,5312245.044562059,8293.268292682927,13.005447521557599,1572723.394174662,5311814.785828355,7805.48780487805,1573069.1617153995,5312764.77433891,7805.48780487805,1573314.9813861381,5312675.303295765,8781.048780487805,1572969.2138454006,5311725.314785209,8781.048780487805
1573364.9553211376,5313195.033072616,8293.268292682927,12.29241231299338,1573069.1617153995,5312764.77433891,7805.48780487805,1573414.929256137,5313714.762849468,7805.48780487805,1573660.7489268756,5313625.291806322,8781.048780487805,1573314.9813861381,5312675.303295765,8781.048780487805
1573710.7228618746,5314145.0215831725,8293.268292682927,9.922724414472311,1573414.929256137,5313714.762849468,7805.48780487805,1573760.6967968743,5314664.751360023,7805.48780487805,1574006.516467613,5314575.280316878,8781.048780487805,1573660.7489268756,5313625.291806322,8781.048780487805
1574056.4904026124,5315095.010093729,8293.268292682927,7.082784106585497,1573760.6967968743,5314664.751360023,7805.48780487805,1574106.4643376118,5315614.739870581,7805.48780487805,1574352.2840083505,5315525.268827435,8781.048780487805,1574006.516467613,5314575.280316878,8781.048780487805
1574402.25794335,5316044.9986042855,8293.268292682927,4.467532566000327,1574106.4643376118,5315614.739870581,7805.48780487805,1574452.2318783493,5316564.728381136,7805.48780487805,1574698.051549088,5316475.257337991,8781.048780487805,1574352.2840083505,5315525.268827435,8781.048780487805
1574748.0254840872,5316994.987114842,8293.268292682927,2.931123607707513,1574452.2318783493,5316564.728381136,7805.48780487805,1574797.9994190866,5317514.716891694,7805.48780487805,1575043.8190898253,5317425.245848548,8781.048780487805,1574698.051549088,5316475.257337991,8781.048780487805
1575093.7930248247,5317944.975625399,8293.268292682927,1.5701402359880732,1574797.9994190866,5317514.716891694,7805.48780487805,1575143.7669598241,5318464.7054022495,7805.48780487805,1575389.586630563,5318375.234359104,8781.048780487805,1575043.8190898253,5317425.245848548,8781.048780487805
1575439.5605655622,5318894.964135956,8293.268292682927,1.7650802744863574,1575143.7669598241,5318464.7054022495,7805.48780487805,1575489.5345005617,5319414.693912807,7805.48780487805,1575735.3541713003,5319325.222869661,8781.048780487805,1575389.586630563,5318375.234359104,8781.048780487805
1575785.3281062995,5319844.952646512,8293.268292682927,1.6485111678333437,1575489.5345005617,5319414.693912807,7805.48780487805,1575835.302041299,5320364.6824233625,7805.48780487805,1576081.1217120376,5320275.211380217,8781.048780487805,1575735.3541713003,5319325.222869661,8781.048780487805
1576131.095647037,5320794.941157068,8293.268292682927,2.230285812582131,1575835.302041299,5320364.6824233625,7805.48780487805,1576181.0695820365,5321314.67093392,7805.48780487805,1576426.8892527753,5321225.199890774,8781.048780487805,1576081.1217120376,5320275.211380217,8781.048780487805
1576476.8631877746,5321744.929667625,8293.268292682927,1.270635856150406,1576181.0695820365,5321314.67093392,7805.48780487805,1576526.837122774,5322264.659444476,7805.48780487805,1576772.6567935126,5322175.18840133,8781.048780487805,1576426.8892527753,5321225.199890774,8781.048780487805
1576822.630728512,5322694.918178181,8293.268292682927,0.8018366643424255,1576526.837122774,5322264.659444476,7805.48780487805,1576872.6046635115,5323214.647955033,7805.48780487805,1577118.42433425,5323125.176911887,8781.048780487805,1576772.6567935126,5322175.18840133,8781.048780487805
1577168.3982692494,5323644.906688738,8293.268292682927,1.2709275563084144,1576872.6046635115,5323214.647955033,7805.48780487805,1577218.3722042488,5324164.636465589,7805.48780487805,1577464.1918749877,5324075.165422443,8781.048780487805,1577118.42433425,5323125.176911887,8781.048780487805
1577514.1658099869,5324594.895199294,8293.268292682927,1.7121139328015151,1577218.3722042488,5324164.636465589,7805.48780487805,1577564.1397449863,5325114.624976146,7805.48780487805,1577809.959415725,5325025.153933,8781.048780487805,1577464.1918749877,5324075.165422443,8781.048780487805
1577859.9333507244,5325544.883709851,8293.268292682927,0.6883065150101875,1577564.1397449863,5325114.624976146,7805.48780487805,1577909.9072857238,5326064.613486702,7805.48780487805,1578155.7269564623,5325975.142443556,8781.048780487805,1577809.959415725,5325025.153933,8781.048780487805
1578205.7008914617,5326494.872220408,8293.268292682927,0.5608875719372483,1577909.9072857238,5326064.613486702,7805.48780487805,1578255.6748264614,5327014.601997259,7805.48780487805,1578501.4944972,5326925.130954113,8781.048780487805,1578155.7269564623,5325975.142443556,8781.048780487805
1578551.4684321992,5327444.860730964,8293.268292682927,1.1595311803765749,1578255.6748264614,5327014.601997259,7805.48780487805,1578601.4423671989,5327964.590507815,7805.48780487805,1578847.2620379373,5327875.119464669,8781.048780487805,1578501.4944972,5326925.130954113,8781.048780487805
1578897.235972937,5328394.84924152,8293.268292682927,1.6700696813430058,1578601.4423671989,5327964.590507815,7805.48780487805,1578947.2099079362,5328914.579018372,7805.48780487805,1579193.0295786748,5328825.107975226,8781.048780487805,1578847.2620379373,5327875.119464669,8781.048780487805
1579243.0035136743,5329344.837752077,8293.268292682927,0.832390725802804,1578947.2099079362,5328914.579018372,7805.48780487805,1579292.9774486737,5329864.567528928,7805.48780487805,1579538.7971194123,5329775.096485782,8781.048780487805,1579193.0295786748,5328825.107975226,8781.048780487805
1579588.7710544115,5330294.826262633,8293.268292682927,0.6083672791748749,1579292.9774486737,5329864.567528928,7805.48780487805,1579638.7449894112,5330814.556039485,7805.48780487805,1579884.5646601496,5330725.084996338,8781.048780487805,1579538.7971194123,5329775.096485782,8781.048780487805
1579934.5385951493,5331244.81477319,8293.268292682927,0.3038849740988264,1579638.7449894112,5330814.556039485,7805.48780487805,1579984.5125301485,5331764.544550041,7805.48780487805,1580230.3322008871,5331675.073506895,8781.048780487805,1579884.5646601496,5330725.084996338,8781.048780487805
1580280.3061358866,5332194.803283746,8293.268292682927,0.38192175835833075,1579984.5125301485,5331764.544550041,7805.48780487805,1580330.2800708862,5332714.533060598,7805.48780487805,1580576.0997416247,5332625.062017452,8781.048780487805,1580230.3322008871,5331675.073506895,8781.048780487805
1580626.073676624,5333144.791794303,8293.268292682927,0.6632682089977741,1580330.2800708862,5332714.533060598,7805.48780487805,1580676.0476116235,5333664.521571154,7805.48780487805,1580921.8672823622,5333575.0505280085,8781.048780487805,1580576.0997416247,5332625.062017452,8781.048780487805
1580971.8412173616,5334094.78030486,8293.268292682927,0.6156236531863298,1580676.0476116235,5333664.521571154,7805.48780487805,1581021.8151523608,5334614.510081711,7805.48780487805,1581267.6348230995,5334525.039038565,8781.048780487805,1580921.8672823622,5333575.0505280085,8781.048780487805
1581317.608758099,5335044.768815416,8293.268292682927,2.4975745321596894,1581021.8151523608,5334614.510081711,7805.48780487805,1581367.5826930983,5335564.498592267,7805.48780487805,1581613.402363837,5335475.0275491215,8781.048780487805,1581267.6348230995,5334525.039038565,8781.048780487805
1581663.3762988362,5335994.757325972,8293.268292682927,2.7600746134057665,1581367.5826930983,5335564.498592267,7805.48780487805,1581713.3502338359,5336514.487102824,7805.48780487805,1581959.1699045745,5336425.016059678,8781.048780487805,1581613.402363837,5335475.0275491215,8781.048780487805
1582009.143839574,5336944.745836529,8293.268292682927,1.8062681848226798,1581713.3502338359,5336514.487102824,7805.48780487805,1582059.1177745732,5337464.47561338,7805.48780487805,1582304.9374453118,5337375.004570235,8781.048780487805,1581959.1699045745,5336425.016059678,8781.048780487805
1582354.9113803112,5337894.7343470855,8293.268292682927,1.9685027699047095,1582059.1177745732,5337464.47561338,7805.48780487805,1582404.885315311,5338414.464123937,7805.48780487805,1582650.7049860493,5338324.993080791,8781.048780487805,1582304.9374453118,5337375.004570235,8781.048780487805
1582700.6789210488,5338844.722857642,8293.268292682927,2.0536685560053356,1582404.885315311,5338414.464123937,7805.48780487805,1582750.6528560482,5339364.452634493,7805.48780487805,1582996.4725267868,5339274.981591348,8781.048780487805,1582650.7049860493,5338324.993080791,8781.048780487805
1562546.2136882779,5282705.929691661,9268.829268292682,2.594382820070301,1562250.4200825396,5282275.670957956,8781.048780487805,1562596.187623277,5283225.659468513,8781.048780487805,1562842.0072940164,5283136.188425367,9756.609756097561,1562496.2397532791,5282186.19991481,9756.609756097561
1562891.9812290154,5283655.918202219,9268.829268292682,2.812052693297422,1562596.187623277,5283225.659468513,8781.048780487805,1562941.9551640144,5284175.6479790695,8781.048780487805,1563187.7748347537,5284086.176935923,9756.609756097561,1562842.0072940164,5283136.188425367,9756.609756097561
1563237.7487697527,5284605.906712774,9268.829268292682,2.861141750447106,1562941.9551640144,5284175.6479790695,8781.048780487805,1563287.7227047519,5285125.636489626,8781.048780487805,1563533.5423754915,5285036.16544648,9756.609756097561,1563187.7748347537,5284086.176935923,9756.609756097561
1563583.5163104902,5285555.895223332,9268.829268292682,1.4319410129691175,1563287.7227047519,5285125.636489626,8781.048780487805,1563633.4902454894,5286075.625000183,8781.048780487805,1563879.3099162288,5285986.153957036,9756.609756097561,1563533.5423754915,5285036.16544648,9756.609756097561
1563929.283851228,5286505.883733887,9268.829268292682,0.28765750433709897,1563633.4902454894,5286075.625000183,8781.048780487805,1563979.2577862267,5287025.613510739,8781.048780487805,1564225.077456966,5286936.142467593,9756.609756097561,1563879.3099162288,5285986.153957036,9756.609756097561
1564275.051391965,5287455.872244445,9268.829268292682,0.6275987295558267,1563979.2577862267,5287025.613510739,8781.048780487805,1564325.0253269642,5287975.602021296,8781.048780487805,1564570.8449977038,5287886.130978149,9756.609756097561,1564225.077456966,5286936.142467593,9756.609756097561
1564620.8189327025,5288405.860755001,9268.829268292682,1.909601436013767,1564325.0253269642,5287975.602021296,8781.048780487805,1564670.7928677017,5288925.590531852,8781.048780487805,1564916.612538441,5288836.119488706,9756.609756097561,1564570.8449977038,5287886.130978149,9756.609756097561
1564966.58647344,5289355.849265557,9268.829268292682,3.4259684367084735,1564670.7928677017,5288925.590531852,8781.048780487805,1565016.560408439,5289875.579042409,8781.048780487805,1565262.3800791784,5289786.107999262,9756.609756097561,1564916.612538441,5288836.119488706,9756.609756097561
1565312.3540141773,5290305.837776113,9268.829268292682,3.042615926793682,1565016.560408439,5289875.579042409,8781.048780487805,1565362.3279491765,5290825.567552965,8781.048780487805,1565608.1476199161,5290736.096509819,9756.609756097561,1565262.3800791784,5289786.107999262,9756.609756097561
1565658.1215549149,5291255.826286671,9268.829268292682,2.5750736466698902,1565362.3279491765,5290825.567552965,8781.048780487805,1565708.095489914,5291775.556063522,8781.048780487805,1565953.9151606534,5291686.085020375,9756.609756097561,1565608.1476199161,5290736.096509819,9756.609756097561
1566003.8890956526,5292205.814797226,9268.829268292682,3.5059779959409285,1565708.095489914,5291775.556063522,8781.048780487805,1566053.8630306514,5292725.544574078,8781.048780487805,1566299.682701391,5292636.073530932,9756.609756097561,1565953.9151606534,5291686.085020375,9756.609756097561
1566349.65663639,5293155.803307784,9268.829268292682,2.7343086485664663,1566053.8630306514,5292725.544574078,8781.048780487805,1566399.630571389,5293675.533084635,8781.048780487805,1566645.4502421285,5293586.0620414885,9756.609756097561,1566299.682701391,5292636.073530932,9756.609756097561
1566695.4241771274,5294105.791818339,9268.829268292682,2.3380430076616707,1566399.630571389,5293675.533084635,8781.048780487805,1566745.3981121264,5294625.521595191,8781.048780487805,1566991.217782866,5294536.050552045,9756.609756097561,1566645.4502421285,5293586.0620414885,9756.609756097561
1567041.191717865,5295055.780328897,9268.829268292682,3.1586402658084145,1566745.3981121264,5294625.521595191,8781.048780487805,1567091.1656528637,5295575.510105748,8781.048780487805,1567336.9853236033,5295486.0390626015,9756.609756097561,1566991.217782866,5294536.050552045,9756.609756097561
1567386.9592586025,5296005.768839453,9268.829268292682,3.59873993683047,1567091.1656528637,5295575.510105748,8781.048780487805,1567436.9331936014,5296525.498616304,8781.048780487805,1567682.7528643408,5296436.027573158,9756.609756097561,1567336.9853236033,5295486.0390626015,9756.609756097561
1567732.7267993395,5296955.757350009,9268.829268292682,4.034060685719292,1567436.9331936014,5296525.498616304,8781.048780487805,1567782.7007343387,5297475.487126861,8781.048780487805,1568028.5204050783,5297386.016083715,9756.609756097561,1567682.7528643408,5296436.027573158,9756.609756097561
1568078.4943400773,5297905.745860565,9268.829268292682,5.4039750914525175,1567782.7007343387,5297475.487126861,8781.048780487805,1568128.4682750762,5298425.475637417,8781.048780487805,1568374.2879458156,5298336.004594271,9756.609756097561,1568028.5204050783,5297386.016083715,9756.609756097561
1568424.2618808148,5298855.734371123,9268.829268292682,6.5196109887494815,1568128.4682750762,5298425.475637417,8781.048780487805,1568474.2358158138,5299375.464147974,8781.048780487805,1568720.0554865533,5299285.993104828,9756.609756097561,1568374.2879458156,5298336.004594271,9756.609756097561
1568770.029421552,5299805.7228816785,9268.829268292682,7.809556869530757,1568474.2358158138,5299375.464147974,8781.048780487805,1568820.003356551,5300325.45265853,8781.048780487805,1569065.8230272906,5300235.981615384,9756.609756097561,1568720.0554865533,5299285.993104828,9756.609756097561
1569115.7969622896,5300755.711392236,9268.829268292682,7.748071710163399,1568820.003356551,5300325.45265853,8781.048780487805,1569165.7708972886,5301275.441169087,8781.048780487805,1569411.590568028,5301185.970125941,9756.609756097561,1569065.8230272906,5300235.981615384,9756.609756097561
1569461.5645030271,5301705.6999027915,9268.829268292682,9.121702445918485,1569165.7708972886,5301275.441169087,8781.048780487805,1569511.538438026,5302225.429679643,8781.048780487805,1569757.3581087654,5302135.958636497,9756.609756097561,1569411.590568028,5301185.970125941,9756.609756097561
1569807.3320437644,5302655.688413349,9268.829268292682,7.2144922712351045,1569511.538438026,5302225.429679643,8781.048780487805,1569857.3059787636,5303175.4181902,8781.048780487805,1570103.125649503,5303085.947147054,9756.609756097561,1569757.3581087654,5302135.958636497,9756.609756097561
1570153.099584502,5303605.6769239055,9268.829268292682,9.437773832415719,1569857.3059787636,5303175.4181902,8781.048780487805,1570203.073519501,5304125.406700756,8781.048780487805,1570448.8931902403,5304035.93565761,9756.609756097561,1570103.125649503,5303085.947147054,9756.609756097561
1570498.8671252395,5304555.665434461,9268.829268292682,11.911525174771663,1570203.073519501,5304125.406700756,8781.048780487805,1570548.8410602384,5305075.395211313,8781.048780487805,1570794.6607309778,5304985.924168167,9756.609756097561,1570448.8931902403,5304035.93565761,9756.609756097561
1570844.6346659767,5305505.653945018,9268.829268292682,11.347436368259213,1570548.8410602384,5305075.395211313,8781.048780487805,1570894.6086009757,5306025.383721869,8781.048780487805,1571140.4282717153,5305935.912678723,9756.609756097561,1570794.6607309778,5304985.924168167,9756.609756097561
1571190.4022067143,5306455.642455575,9268.829268292682,11.44647691810757,1570894.6086009757,5306025.383721869,8781.048780487805,1571240.3761417132,5306975.372232426,8781.048780487805,1571486.1958124528,5306885.90118928,9756.609756097561,1571140.4282717153,5305935.912678723,9756.609756097561
1571536.1697474518,5307405.630966131,9268.829268292682,9.854747051148331,1571240.3761417132,5306975.372232426,8781.048780487805,1571586.1436824508,5307925.3607429825,8781.048780487805,1571831.9633531903,5307835.889699836,9756.609756097561,1571486.1958124528,5306885.90118928,9756.609756097561
1571881.9372881893,5308355.619476688,9268.829268292682,10.7737338017308,1571586.1436824508,5307925.3607429825,8781.048780487805,1571931.9112231883,5308875.349253539,8781.048780487805,1572177.7308939276,5308785.878210393,9756.609756097561,1571831.9633531903,5307835.889699836,9756.609756097561
1572227.7048289266,5309305.607987244,9268.829268292682,11.796222115558082,1571931.9112231883,5308875.349253539,8781.048780487805,1572277.6787639256,5309825.3377640955,8781.048780487805,1572523.4984346651,5309735.866720949,9756.609756097561,1572177.7308939276,5308785.878210393,9756.609756097561
1572573.472369664,5310255.596497801,9268.829268292682,12.312925729331091,1572277.6787639256,5309825.3377640955,8781.048780487805,1572623.446304663,5310775.326274652,8781.048780487805,1572869.2659754027,5310685.855231506,9756.609756097561,1572523.4984346651,5309735.866720949,9756.609756097561
1572919.2399104016,5311205.585008358,9268.829268292682,12.825077521475766,1572623.446304663,5310775.326274652,8781.048780487805,1572969.2138454006,5311725.314785209,8781.048780487805,1573215.03351614,5311635.843742062,9756.609756097561,1572869.2659754027,5310685.855231506,9756.609756097561
1573265.007451139,5312155.573518913,9268.829268292682,12.88363174774319,1572969.2138454006,5311725.314785209,8781.048780487805,1573314.9813861381,5312675.303295765,8781.048780487805,1573560.8010568777,5312585.832252619,9756.609756097561,1573215.03351614,5311635.843742062,9756.609756097561
1573610.7749918764,5313105.56202947,9268.829268292682,12.159739310844262,1573314.9813861381,5312675.303295765,8781.048780487805,1573660.7489268756,5313625.291806322,8781.048780487805,1573906.568597615,5313535.820763175,9756.609756097561,1573560.8010568777,5312585.832252619,9756.609756097561
1573956.5425326142,5314055.550540027,9268.829268292682,9.20635789829405,1573660.7489268756,5313625.291806322,8781.048780487805,1574006.516467613,5314575.280316878,8781.048780487805,1574252.3361383525,5314485.809273732,9756.609756097561,1573906.568597615,5313535.820763175,9756.609756097561
1574302.3100733515,5315005.539050583,9268.829268292682,6.351008355972384,1574006.516467613,5314575.280316878,8781.048780487805,1574352.2840083505,5315525.268827435,8781.048780487805,1574598.10367909,5315435.797784288,9756.609756097561,1574252.3361383525,5314485.809273732,9756.609756097561
1574648.0776140888,5315955.52756114,9268.829268292682,4.330687315000705,1574352.2840083505,5315525.268827435,8781.048780487805,1574698.051549088,5316475.257337991,8781.048780487805,1574943.8712198273,5316385.786294845,9756.609756097561,1574598.10367909,5315435.797784288,9756.609756097561
1574993.8451548265,5316905.516071696,9268.829268292682,2.4071653317489137,1574698.051549088,5316475.257337991,8781.048780487805,1575043.8190898253,5317425.245848548,8781.048780487805,1575289.6387605648,5317335.774805401,9756.609756097561,1574943.8712198273,5316385.786294845,9756.609756097561
1575339.612695564,5317855.504582253,9268.829268292682,1.492522353371737,1575043.8190898253,5317425.245848548,8781.048780487805,1575389.586630563,5318375.234359104,8781.048780487805,1575635.4063013024,5318285.763315958,9756.609756097561,1575289.6387605648,5317335.774805401,9756.609756097561
1575685.380236301,5318805.49309281,9268.829268292682,1.1070684252485568,1575389.586630563,5318375.234359104,8781.048780487805,1575735.3541713003,5319325.222869661,8781.048780487805,1575981.1738420397,5319235.7518265145,9756.609756097561,1575635.4063013024,5318285.763315958,9756.609756097561
1576031.1477770389,5319755.481603365,9268.829268292682,1.242782676293226,1575735.3541713003,5319325.222869661,8781.048780487805,1576081.1217120376,5320275.211380217,8781.048780487805,1576326.9413827772,5320185.74033707,9756.609756097561,1575981.1738420397,5319235.7518265145,9756.609756097561
1576376.9153177761,5320705.470113922,9268.829268292682,1.4649133387669966,1576081.1217120376,5320275.211380217,8781.048780487805,1576426.8892527753,5321225.199890774,8781.048780487805,1576672.7089235147,5321135.7288476275,9756.609756097561,1576326.9413827772,5320185.74033707,9756.609756097561
1576722.6828585134,5321655.458624479,9268.829268292682,0.5728701287191886,1576426.8892527753,5321225.199890774,8781.048780487805,1576772.6567935126,5322175.18840133,8781.048780487805,1577018.476464252,5322085.717358184,9756.609756097561,1576672.7089235147,5321135.7288476275,9756.609756097561
1577068.4503992512,5322605.447135035,9268.829268292682,0.3717844076817794,1576772.6567935126,5322175.18840133,8781.048780487805,1577118.42433425,5323125.176911887,8781.048780487805,1577364.2440049895,5323035.705868741,9756.609756097561,1577018.476464252,5322085.717358184,9756.609756097561
1577414.2179399887,5323555.435645592,9268.829268292682,0.28026444689063384,1577118.42433425,5323125.176911887,8781.048780487805,1577464.1918749877,5324075.165422443,8781.048780487805,1577710.011545727,5323985.694379297,9756.609756097561,1577364.2440049895,5323035.705868741,9756.609756097561
1577759.9854807258,5324505.424156148,9268.829268292682,0.7377981197617752,1577464.1918749877,5324075.165422443,8781.048780487805,1577809.959415725,5325025.153933,8781.048780487805,1578055.7790864643,5324935.682889854,9756.609756097561,1577710.011545727,5323985.694379297,9756.609756097561
1578105.7530214635,5325455.412666705,9268.829268292682,0.8000673225428838,1577809.959415725,5325025.153933,8781.048780487805,1578155.7269564623,5325975.142443556,8781.048780487805,1578401.5466272018,5325885.671400409,9756.609756097561,1578055.7790864643,5324935.682889854,9756.609756097561
1578451.5205622008,5326405.401177262,9268.829268292682,0.7805186320153475,1578155.7269564623,5325975.142443556,8781.048780487805,1578501.4944972,5326925.130954113,8781.048780487805,1578747.3141679394,5326835.659910967,9756.609756097561,1578401.5466272018,5325885.671400409,9756.609756097561
1578797.2881029383,5327355.389687818,9268.829268292682,0.7642131860109859,1578501.4944972,5326925.130954113,8781.048780487805,1578847.2620379373,5327875.119464669,8781.048780487805,1579093.0817086769,5327785.648421523,9756.609756097561,1578747.3141679394,5326835.659910967,9756.609756097561
1579143.0556436758,5328305.378198374,9268.829268292682,0.9420259678167718,1578847.2620379373,5327875.119464669,8781.048780487805,1579193.0295786748,5328825.107975226,8781.048780487805,1579438.8492494142,5328735.63693208,9756.609756097561,1579093.0817086769,5327785.648421523,9756.609756097561
1579488.8231844134,5329255.3667089315,9268.829268292682,0.5545317003299476,1579193.0295786748,5328825.107975226,8781.048780487805,1579538.7971194123,5329775.096485782,8781.048780487805,1579784.6167901517,5329685.625442635,9756.609756097561,1579438.8492494142,5328735.63693208,9756.609756097561
1579834.5907251504,5330205.355219487,9268.829268292682,0.5966498931668386,1579538.7971194123,5329775.096485782,8781.048780487805,1579884.5646601496,5330725.084996338,8781.048780487805,1580130.3843308892,5330635.613953193,9756.609756097561,1579784.6167901517,5329685.625442635,9756.609756097561
1580180.3582658882,5331155.343730045,9268.829268292682,0.6832718320786966,1579884.5646601496,5330725.084996338,8781.048780487805,1580230.3322008871,5331675.073506895,8781.048780487805,1580476.1518716265,5331585.602463748,9756.609756097561,1580130.3843308892,5330635.613953193,9756.609756097561
1580526.1258066257,5332105.3322406,9268.829268292682,0.6959765314666729,1580230.3322008871,5331675.073506895,8781.048780487805,1580576.0997416247,5332625.062017452,8781.048780487805,1580821.9194123643,5332535.590974306,9756.609756097561,1580476.1518716265,5331585.602463748,9756.609756097561
1580871.893347363,5333055.320751158,9268.829268292682,0.13177810186161729,1580576.0997416247,5332625.062017452,8781.048780487805,1580921.8672823622,5333575.0505280085,8781.048780487805,1581167.6869531015,5333485.579484862,9756.609756097561,1580821.9194123643,5332535.590974306,9756.609756097561
1581217.6608881005,5334005.309261714,9268.829268292682,0.12310302179547528,1580921.8672823622,5333575.0505280085,8781.048780487805,1581267.6348230995,5334525.039038565,8781.048780487805,1581513.4544938388,5334435.567995419,9756.609756097561,1581167.6869531015,5333485.579484862,9756.609756097561
1581563.428428838,5334955.29777227,9268.829268292682,0.4493055696470901,1581267.6348230995,5334525.039038565,8781.048780487805,1581613.402363837,5335475.0275491215,8781.048780487805,1581859.2220345766,5335385.556505974,9756.609756097561,1581513.4544938388,5334435.567995419,9756.609756097561
1581909.1959695753,5335905.286282826,9268.829268292682,1.7805762055555183,1581613.402363837,5335475.0275491215,8781.048780487805,1581959.1699045745,5336425.016059678,8781.048780487805,1582204.9895753139,5336335.545016532,9756.609756097561,1581859.2220345766,5335385.556505974,9756.609756097561
1582254.9635103128,5336855.274793384,9268.829268292682,1.9111691948800082,1581959.1699045745,5336425.016059678,8781.048780487805,1582304.9374453118,5337375.004570235,8781.048780487805,1582550.7571160512,5337285.533527087,9756.609756097561,1582204.9895753139,5336335.545016532,9756.609756097561
1582600.7310510504,5337805.263303939,9268.829268292682,2.3035419252146667,1582304.9374453118,5337375.004570235,8781.048780487805,1582650.7049860493,5338324.993080791,8781.048780487805,1582896.524656789,5338235.522037645,9756.609756097561,1582550.7571160512,5337285.533527087,9756.609756097561
1582946.4985917876,5338755.251814497,9268.829268292682,2.7041927369706102,1582650.7049860493,5338324.993080791,8781.048780487805,1582996.4725267868,5339274.981591348,8781.048780487805,1583242.2921975262,5339185.510548201,9756.609756097561,1582896.524656789,5338235.522037645,9756.609756097561
1562792.0333590172,5282616.458648516,10244.390243902439,3.452668883080046,1562496.2397532791,5282186.19991481,9756.609756097561,1562842.0072940164,5283136.188425367,9756.609756097561,1563087.8269647558,5283046.717382221,10732.170731707318,1562742.0594240185,5282096.728871664,10732.170731707318
1563137.800899755,5283566.447159071,10244.390243902439,2.857367902156536,1562842.0072940164,5283136.188425367,9756.609756097561,1563187.7748347537,5284086.176935923,9756.609756097561,1563433.5945054933,5283996.705892777,10732.170731707318,1563087.8269647558,5283046.717382221,10732.170731707318
1563483.5684404925,5284516.435669629,10244.390243902439,2.952795424633593,1563187.7748347537,5284086.176935923,9756.609756097561,1563533.5423754915,5285036.16544648,9756.609756097561,1563779.3620462308,5284946.694403334,10732.170731707318,1563433.5945054933,5283996.705892777,10732.170731707318
1563829.3359812296,5285466.424180185,10244.390243902439,2.1777408838912518,1563533.5423754915,5285036.16544648,9756.609756097561,1563879.3099162288,5285986.153957036,9756.609756097561,1564125.129586968,5285896.68291389,10732.170731707318,1563779.3620462308,5284946.694403334,10732.170731707318
1564175.1035219673,5286416.412690741,10244.390243902439,0.9322435377083045,1563879.3099162288,5285986.153957036,9756.609756097561,1564225.077456966,5286936.142467593,9756.609756097561,1564470.8971277056,5286846.671424447,10732.170731707318,1564125.129586968,5285896.68291389,10732.170731707318
1564520.8710627046,5287366.4012012975,10244.390243902439,0.645234465833306,1564225.077456966,5286936.142467593,9756.609756097561,1564570.8449977038,5287886.130978149,9756.609756097561,1564816.6646684431,5287796.659935003,10732.170731707318,1564470.8971277056,5286846.671424447,10732.170731707318
1564866.638603442,5288316.389711855,10244.390243902439,2.3464211860558204,1564570.8449977038,5287886.130978149,9756.609756097561,1564916.612538441,5288836.119488706,9756.609756097561,1565162.4322091807,5288746.64844556,10732.170731707318,1564816.6646684431,5287796.659935003,10732.170731707318
1565212.4061441796,5289266.378222411,10244.390243902439,3.5972519600118984,1564916.612538441,5288836.119488706,9756.609756097561,1565262.3800791784,5289786.107999262,9756.609756097561,1565508.199749918,5289696.636956116,10732.170731707318,1565162.4322091807,5288746.64844556,10732.170731707318
1565558.1736849172,5290216.366732968,10244.390243902439,3.5733520718874847,1565262.3800791784,5289786.107999262,9756.609756097561,1565608.1476199161,5290736.096509819,9756.609756097561,1565853.9672906555,5290646.625466673,10732.170731707318,1565508.199749918,5289696.636956116,10732.170731707318
1565903.9412256542,5291166.355243524,10244.390243902439,2.754459396500651,1565608.1476199161,5290736.096509819,9756.609756097561,1565953.9151606534,5291686.085020375,9756.609756097561,1566199.734831393,5291596.613977229,10732.170731707318,1565853.9672906555,5290646.625466673,10732.170731707318
1566249.708766392,5292116.343754081,10244.390243902439,2.2462370880934213,1565953.9151606534,5291686.085020375,9756.609756097561,1566299.682701391,5292636.073530932,9756.609756097561,1566545.5023721303,5292546.602487786,10732.170731707318,1566199.734831393,5291596.613977229,10732.170731707318
1566595.4763071295,5293066.332264638,10244.390243902439,2.638355743874292,1566299.682701391,5292636.073530932,9756.609756097561,1566645.4502421285,5293586.0620414885,9756.609756097561,1566891.269912868,5293496.590998342,10732.170731707318,1566545.5023721303,5292546.602487786,10732.170731707318
1566941.2438478668,5294016.320775193,10244.390243902439,2.6338818093141274,1566645.4502421285,5293586.0620414885,9756.609756097561,1566991.217782866,5294536.050552045,9756.609756097561,1567237.0374536053,5294446.579508899,10732.170731707318,1566891.269912868,5293496.590998342,10732.170731707318
1567287.0113886043,5294966.30928575,10244.390243902439,2.824909891637786,1566991.217782866,5294536.050552045,9756.609756097561,1567336.9853236033,5295486.0390626015,9756.609756097561,1567582.8049943426,5295396.568019455,10732.170731707318,1567237.0374536053,5294446.579508899,10732.170731707318
1567632.7789293418,5295916.297796307,10244.390243902439,4.43081527553788,1567336.9853236033,5295486.0390626015,9756.609756097561,1567682.7528643408,5296436.027573158,9756.609756097561,1567928.5725350804,5296346.556530012,10732.170731707318,1567582.8049943426,5295396.568019455,10732.170731707318
1567978.546470079,5296866.286306863,10244.390243902439,4.265362980054163,1567682.7528643408,5296436.027573158,9756.609756097561,1568028.5204050783,5297386.016083715,9756.609756097561,1568274.3400758177,5297296.545040568,10732.170731707318,1567928.5725350804,5296346.556530012,10732.170731707318
1568324.3140108166,5297816.27481742,10244.390243902439,6.6106235168108824,1568028.5204050783,5297386.016083715,9756.609756097561,1568374.2879458156,5298336.004594271,9756.609756097561,1568620.107616555,5298246.533551125,10732.170731707318,1568274.3400758177,5297296.545040568,10732.170731707318
1568670.0815515541,5298766.263327976,10244.390243902439,7.006954858713603,1568374.2879458156,5298336.004594271,9756.609756097561,1568720.0554865533,5299285.993104828,9756.609756097561,1568965.8751572927,5299196.522061681,10732.170731707318,1568620.107616555,5298246.533551125,10732.170731707318
1569015.8490922914,5299716.251838533,10244.390243902439,7.6596739170503785,1568720.0554865533,5299285.993104828,9756.609756097561,1569065.8230272906,5300235.981615384,9756.609756097561,1569311.64269803,5300146.510572237,10732.170731707318,1568965.8751572927,5299196.522061681,10732.170731707318
1569361.616633029,5300666.24034909,10244.390243902439,7.470367193935301,1569065.8230272906,5300235.981615384,9756.609756097561,1569411.590568028,5301185.970125941,9756.609756097561,1569657.4102387675,5301096.499082794,10732.170731707318,1569311.64269803,5300146.510572237,10732.170731707318
1569707.3841737665,5301616.228859645,10244.390243902439,7.978237491898648,1569411.590568028,5301185.970125941,9756.609756097561,1569757.3581087654,5302135.958636497,9756.609756097561,1570003.177779505,5302046.487593351,10732.170731707318,1569657.4102387675,5301096.499082794,10732.170731707318
1570053.151714504,5302566.217370202,10244.390243902439,9.210626315784893,1569757.3581087654,5302135.958636497,9756.609756097561,1570103.125649503,5303085.947147054,9756.609756097561,1570348.9453202423,5302996.476103907,10732.170731707318,1570003.177779505,5302046.487593351,10732.170731707318
1570398.9192552413,5303516.205880759,10244.390243902439,11.100210278328582,1570103.125649503,5303085.947147054,9756.609756097561,1570448.8931902403,5304035.93565761,9756.609756097561,1570694.71286098,5303946.464614464,10732.170731707318,1570348.9453202423,5302996.476103907,10732.170731707318
1570744.6867959788,5304466.194391315,10244.390243902439,12.128447347016243,1570448.8931902403,5304035.93565761,9756.609756097561,1570794.6607309778,5304985.924168167,9756.609756097561,1571040.4804017174,5304896.4531250205,10732.170731707318,1570694.71286098,5303946.464614464,10732.170731707318
1571090.4543367163,5305416.182901872,10244.390243902439,12.699246462132603,1570794.6607309778,5304985.924168167,9756.609756097561,1571140.4282717153,5305935.912678723,9756.609756097561,1571386.2479424546,5305846.441635576,10732.170731707318,1571040.4804017174,5304896.4531250205,10732.170731707318
1571436.2218774536,5306366.171412428,10244.390243902439,12.470445820251603,1571140.4282717153,5305935.912678723,9756.609756097561,1571486.1958124528,5306885.90118928,9756.609756097561,1571732.0154831924,5306796.4301461335,10732.170731707318,1571386.2479424546,5305846.441635576,10732.170731707318
1571781.9894181911,5307316.159922985,10244.390243902439,10.846786041197854,1571486.1958124528,5306885.90118928,9756.609756097561,1571831.9633531903,5307835.889699836,9756.609756097561,1572077.7830239297,5307746.41865669,10732.170731707318,1571732.0154831924,5306796.4301461335,10732.170731707318
1572127.756958929,5308266.148433542,10244.390243902439,10.083884192267448,1571831.9633531903,5307835.889699836,9756.609756097561,1572177.7308939276,5308785.878210393,9756.609756097561,1572423.5505646672,5308696.407167247,10732.170731707318,1572077.7830239297,5307746.41865669,10732.170731707318
1572473.5244996662,5309216.1369440975,10244.390243902439,11.3293783487338,1572177.7308939276,5308785.878210393,9756.609756097561,1572523.4984346651,5309735.866720949,9756.609756097561,1572769.3181054047,5309646.395677802,10732.170731707318,1572423.5505646672,5308696.407167247,10732.170731707318
1572819.2920404035,5310166.125454654,10244.390243902439,12.61422829500395,1572523.4984346651,5309735.866720949,9756.609756097561,1572869.2659754027,5310685.855231506,9756.609756097561,1573115.085646142,5310596.38418836,10732.170731707318,1572769.3181054047,5309646.395677802,10732.170731707318
1573165.0595811412,5311116.113965211,10244.390243902439,13.055895694232428,1572869.2659754027,5310685.855231506,9756.609756097561,1573215.03351614,5311635.843742062,9756.609756097561,1573460.8531868795,5311546.372698915,10732.170731707318,1573115.085646142,5310596.38418836,10732.170731707318
1573510.8271218787,5312066.102475767,10244.390243902439,12.968608414321102,1573215.03351614,5311635.843742062,9756.609756097561,1573560.8010568777,5312585.832252619,9756.609756097561,1573806.620727617,5312496.361209473,10732.170731707318,1573460.8531868795,5311546.372698915,10732.170731707318
1573856.5946626158,5313016.0909863245,10244.390243902439,10.524412401747739,1573560.8010568777,5312585.832252619,9756.609756097561,1573906.568597615,5313535.820763175,9756.609756097561,1574152.3882683546,5313446.349720029,10732.170731707318,1573806.620727617,5312496.361209473,10732.170731707318
1574202.3622033536,5313966.07949688,10244.390243902439,8.953630422441476,1573906.568597615,5313535.820763175,9756.609756097561,1574252.3361383525,5314485.809273732,9756.609756097561,1574498.1558090919,5314396.338230586,10732.170731707318,1574152.3882683546,5313446.349720029,10732.170731707318
1574548.129744091,5314916.0680074375,10244.390243902439,7.525837577926955,1574252.3361383525,5314485.809273732,9756.609756097561,1574598.10367909,5315435.797784288,9756.609756097561,1574843.9233498294,5315346.326741141,10732.170731707318,1574498.1558090919,5314396.338230586,10732.170731707318
1574893.8972848284,5315866.056517994,10244.390243902439,4.859218678475937,1574598.10367909,5315435.797784288,9756.609756097561,1574943.8712198273,5316385.786294845,9756.609756097561,1575189.690890567,5316296.315251699,10732.170731707318,1574843.9233498294,5315346.326741141,10732.170731707318
1575239.6648255659,5316816.04502855,10244.390243902439,3.3555047562050984,1574943.8712198273,5316385.786294845,9756.609756097561,1575289.6387605648,5317335.774805401,9756.609756097561,1575535.4584313042,5317246.303762254,10732.170731707318,1575189.690890567,5316296.315251699,10732.170731707318
1575585.4323663034,5317766.033539106,10244.390243902439,3.7188157976638965,1575289.6387605648,5317335.774805401,9756.609756097561,1575635.4063013024,5318285.763315958,9756.609756097561,1575881.2259720417,5318196.292272812,10732.170731707318,1575535.4584313042,5317246.303762254,10732.170731707318
1575931.1999070405,5318716.022049664,10244.390243902439,3.4186490509338023,1575635.4063013024,5318285.763315958,9756.609756097561,1575981.1738420397,5319235.7518265145,9756.609756097561,1576226.9935127792,5319146.280783368,10732.170731707318,1575881.2259720417,5318196.292272812,10732.170731707318
1576276.9674477782,5319666.010560219,10244.390243902439,2.9291430659569007,1575981.1738420397,5319235.7518265145,9756.609756097561,1576326.9413827772,5320185.74033707,9756.609756097561,1576572.7610535165,5320096.269293925,10732.170731707318,1576226.9935127792,5319146.280783368,10732.170731707318
1576622.7349885157,5320615.999070777,10244.390243902439,3.631439555234854,1576326.9413827772,5320185.74033707,9756.609756097561,1576672.7089235147,5321135.7288476275,9756.609756097561,1576918.528594254,5321046.25780448,10732.170731707318,1576572.7610535165,5320096.269293925,10732.170731707318
1576968.502529253,5321565.987581332,10244.390243902439,2.1835761894438948,1576672.7089235147,5321135.7288476275,9756.609756097561,1577018.476464252,5322085.717358184,9756.609756097561,1577264.2961349916,5321996.246315038,10732.170731707318,1576918.528594254,5321046.25780448,10732.170731707318
1577314.2700699905,5322515.97609189,10244.390243902439,0.8085764642978538,1577018.476464252,5322085.717358184,9756.609756097561,1577364.2440049895,5323035.705868741,9756.609756097561,1577610.0636757289,5322946.234825593,10732.170731707318,1577264.2961349916,5321996.246315038,10732.170731707318
1577660.037610728,5323465.964602446,10244.390243902439,0.7526576258429944,1577364.2440049895,5323035.705868741,9756.609756097561,1577710.011545727,5323985.694379297,9756.609756097561,1577955.8312164666,5323896.223336151,10732.170731707318,1577610.0636757289,5322946.234825593,10732.170731707318
1578005.805151465,5324415.953113002,10244.390243902439,0.6237372287798301,1577710.011545727,5323985.694379297,9756.609756097561,1578055.7790864643,5324935.682889854,9756.609756097561,1578301.598757204,5324846.211846706,10732.170731707318,1577955.8312164666,5323896.223336151,10732.170731707318
1578351.5726922029,5325365.941623558,10244.390243902439,0.4231789404321616,1578055.7790864643,5324935.682889854,9756.609756097561,1578401.5466272018,5325885.671400409,9756.609756097561,1578647.3662979412,5325796.200357264,10732.170731707318,1578301.598757204,5324846.211846706,10732.170731707318
1578697.3402329404,5326315.930134115,10244.390243902439,1.4053040177839873,1578401.5466272018,5325885.671400409,9756.609756097561,1578747.3141679394,5326835.659910967,9756.609756097561,1578993.133838679,5326746.1888678195,10732.170731707318,1578647.3662979412,5325796.200357264,10732.170731707318
1579043.1077736777,5327265.918644671,10244.390243902439,1.5812658761654896,1578747.3141679394,5326835.659910967,9756.609756097561,1579093.0817086769,5327785.648421523,9756.609756097561,1579338.9013794162,5327696.177378377,10732.170731707318,1578993.133838679,5326746.1888678195,10732.170731707318
1579388.8753144152,5328215.907155229,10244.390243902439,0.7146835988990642,1579093.0817086769,5327785.648421523,9756.609756097561,1579438.8492494142,5328735.63693208,9756.609756097561,1579684.6689201538,5328646.1658889325,10732.170731707318,1579338.9013794162,5327696.177378377,10732.170731707318
1579734.6428551527,5329165.895665783,10244.390243902439,0.6776282289680728,1579438.8492494142,5328735.63693208,9756.609756097561,1579784.6167901517,5329685.625442635,9756.609756097561,1580030.4364608913,5329596.15439949,10732.170731707318,1579684.6689201538,5328646.1658889325,10732.170731707318
1580080.41039589,5330115.884176341,10244.390243902439,0.5287421442543857,1579784.6167901517,5329685.625442635,9756.609756097561,1580130.3843308892,5330635.613953193,9756.609756097561,1580376.2040016286,5330546.142910046,10732.170731707318,1580030.4364608913,5329596.15439949,10732.170731707318
1580426.1779366275,5331065.872686897,10244.390243902439,0.9594115379620588,1580130.3843308892,5330635.613953193,9756.609756097561,1580476.1518716265,5331585.602463748,9756.609756097561,1580721.971542366,5331496.131420603,10732.170731707318,1580376.2040016286,5330546.142910046,10732.170731707318
1580771.945477365,5332015.861197454,10244.390243902439,0.8702158232831498,1580476.1518716265,5331585.602463748,9756.609756097561,1580821.9194123643,5332535.590974306,9756.609756097561,1581067.7390831036,5332446.119931159,10732.170731707318,1580721.971542366,5331496.131420603,10732.170731707318
1581117.7130181023,5332965.84970801,10244.390243902439,0.43775601746789844,1580821.9194123643,5332535.590974306,9756.609756097561,1581167.6869531015,5333485.579484862,9756.609756097561,1581413.506623841,5333396.108441716,10732.170731707318,1581067.7390831036,5332446.119931159,10732.170731707318
1581463.4805588399,5333915.838218568,10244.390243902439,0.49171524340886924,1581167.6869531015,5333485.579484862,9756.609756097561,1581513.4544938388,5334435.567995419,9756.609756097561,1581759.2741645784,5334346.096952273,10732.170731707318,1581413.506623841,5333396.108441716,10732.170731707318
1581809.2480995774,5334865.8267291235,10244.390243902439,1.0039906639600658,1581513.4544938388,5334435.567995419,9756.609756097561,1581859.2220345766,5335385.556505974,9756.609756097561,1582105.041705316,5335296.085462829,10732.170731707318,1581759.2741645784,5334346.096952273,10732.170731707318
1582155.015640315,5335815.815239681,10244.390243902439,1.7955821766724842,1581859.2220345766,5335385.556505974,9756.609756097561,1582204.9895753139,5336335.545016532,9756.609756097561,1582450.8092460532,5336246.073973385,10732.170731707318,1582105.041705316,5335296.085462829,10732.170731707318
1582500.7831810522,5336765.803750236,10244.390243902439,2.0402940895804784,1582204.9895753139,5336335.545016532,9756.609756097561,1582550.7571160512,5337285.533527087,9756.609756097561,1582796.576786791,5337196.062483942,10732.170731707318,1582450.8092460532,5336246.073973385,10732.170731707318
1582846.5507217897,5337715.792260793,10244.390243902439,2.0719357582299054,1582550.7571160512,5337285.533527087,9756.609756097561,1582896.524656789,5338235.522037645,9756.609756097561,1583142.3443275283,5338146.050994498,10732.170731707318,1582796.576786791,5337196.062483942,10732.170731707318
1583192.3182625275,5338665.7807713505,10244.390243902439,2.2867310903874283,1582896.524656789,5338235.522037645,9756.609756097561,1583242.2921975262,5339185.510548201,9756.609756097561,1583488.1118682658,5339096.039505055,10732.170731707318,1583142.3443275283,5338146.050994498,10732.170731707318
1563037.853029756,5282526.98760537,11219.951219512195,2.0299818236684852,1562742.0594240185,5282096.728871664,10732.170731707318,1563087.8269647558,5283046.717382221,10732.170731707318,1563333.6466354944,5282957.246339074,11707.731707317073,1562987.8790947571,5282007.257828518,11707.731707317073
1563383.6205704939,5283476.976115925,11219.951219512195,2.4442448625345907,1563087.8269647558,5283046.717382221,10732.170731707318,1563433.5945054933,5283996.705892777,10732.170731707318,1563679.414176232,5283907.234849631,11707.731707317073,1563333.6466354944,5282957.246339074,11707.731707317073
1563729.3881112314,5284426.964626482,11219.951219512195,2.546051370555348,1563433.5945054933,5283996.705892777,10732.170731707318,1563779.3620462308,5284946.694403334,10732.170731707318,1564025.1817169695,5284857.223360187,11707.731707317073,1563679.414176232,5283907.234849631,11707.731707317073
1564075.1556519687,5285376.953137039,11219.951219512195,2.905079811623327,1563779.3620462308,5284946.694403334,10732.170731707318,1564125.129586968,5285896.68291389,10732.170731707318,1564370.9492577068,5285807.211870744,11707.731707317073,1564025.1817169695,5284857.223360187,11707.731707317073
1564420.9231927062,5286326.941647595,11219.951219512195,2.09970463937615,1564125.129586968,5285896.68291389,10732.170731707318,1564470.8971277056,5286846.671424447,10732.170731707318,1564716.7167984443,5286757.2003813,11707.731707317073,1564370.9492577068,5285807.211870744,11707.731707317073
1564766.6907334437,5287276.930158152,11219.951219512195,2.3666092403568584,1564470.8971277056,5286846.671424447,10732.170731707318,1564816.6646684431,5287796.659935003,10732.170731707318,1565062.4843391818,5287707.188891857,11707.731707317073,1564716.7167984443,5286757.2003813,11707.731707317073
1565112.458274181,5288226.918668708,11219.951219512195,2.4891816667283084,1564816.6646684431,5287796.659935003,10732.170731707318,1565162.4322091807,5288746.64844556,10732.170731707318,1565408.251879919,5288657.177402413,11707.731707317073,1565062.4843391818,5287707.188891857,11707.731707317073
1565458.2258149185,5289176.907179265,11219.951219512195,3.3882869926456514,1565162.4322091807,5288746.64844556,10732.170731707318,1565508.199749918,5289696.636956116,10732.170731707318,1565754.0194206568,5289607.16591297,11707.731707317073,1565408.251879919,5288657.177402413,11707.731707317073
1565803.993355656,5290126.895689822,11219.951219512195,4.170329358771009,1565508.199749918,5289696.636956116,10732.170731707318,1565853.9672906555,5290646.625466673,10732.170731707318,1566099.7869613941,5290557.1544235265,11707.731707317073,1565754.0194206568,5289607.16591297,11707.731707317073
1566149.7608963933,5291076.884200377,11219.951219512195,3.903489849780698,1565853.9672906555,5290646.625466673,10732.170731707318,1566199.734831393,5291596.613977229,10732.170731707318,1566445.5545021314,5291507.142934083,11707.731707317073,1566099.7869613941,5290557.1544235265,11707.731707317073
1566495.5284371309,5292026.872710934,11219.951219512195,3.4302937138277887,1566199.734831393,5291596.613977229,10732.170731707318,1566545.5023721303,5292546.602487786,10732.170731707318,1566791.3220428692,5292457.1314446395,11707.731707317073,1566445.5545021314,5291507.142934083,11707.731707317073
1566841.2959778684,5292976.861221491,11219.951219512195,3.2245578868719496,1566545.5023721303,5292546.602487786,10732.170731707318,1566891.269912868,5293496.590998342,10732.170731707318,1567137.0895836065,5293407.119955196,11707.731707317073,1566791.3220428692,5292457.1314446395,11707.731707317073
1567187.0635186061,5293926.849732047,11219.951219512195,4.952538233176289,1566891.269912868,5293496.590998342,10732.170731707318,1567237.0374536053,5294446.579508899,10732.170731707318,1567482.857124344,5294357.108465753,11707.731707317073,1567137.0895836065,5293407.119955196,11707.731707317073
1567532.8310593434,5294876.838242604,11219.951219512195,4.170770974369474,1567237.0374536053,5294446.579508899,10732.170731707318,1567582.8049943426,5295396.568019455,10732.170731707318,1567828.6246650815,5295307.096976309,11707.731707317073,1567482.857124344,5294357.108465753,11707.731707317073
1567878.5986000807,5295826.82675316,11219.951219512195,4.236829626576601,1567582.8049943426,5295396.568019455,10732.170731707318,1567928.5725350804,5296346.556530012,10732.170731707318,1568174.3922058188,5296257.085486866,11707.731707317073,1567828.6246650815,5295307.096976309,11707.731707317073
1568224.3661408185,5296776.815263717,11219.951219512195,4.828841544515261,1567928.5725350804,5296346.556530012,10732.170731707318,1568274.3400758177,5297296.545040568,10732.170731707318,1568520.1597465563,5297207.073997422,11707.731707317073,1568174.3922058188,5296257.085486866,11707.731707317073
1568570.1336815557,5297726.803774274,11219.951219512195,6.563476116408181,1568274.3400758177,5297296.545040568,10732.170731707318,1568620.107616555,5298246.533551125,10732.170731707318,1568865.9272872938,5298157.062507979,11707.731707317073,1568520.1597465563,5297207.073997422,11707.731707317073
1568915.901222293,5298676.79228483,11219.951219512195,6.173649209823915,1568620.107616555,5298246.533551125,10732.170731707318,1568965.8751572927,5299196.522061681,10732.170731707318,1569211.6948280314,5299107.051018535,11707.731707317073,1568865.9272872938,5298157.062507979,11707.731707317073
1569261.6687630308,5299626.780795386,11219.951219512195,6.9833188877332395,1568965.8751572927,5299196.522061681,10732.170731707318,1569311.64269803,5300146.510572237,10732.170731707318,1569557.4623687686,5300057.039529092,11707.731707317073,1569211.6948280314,5299107.051018535,11707.731707317073
1569607.436303768,5300576.769305943,11219.951219512195,8.137287093950436,1569311.64269803,5300146.510572237,10732.170731707318,1569657.4102387675,5301096.499082794,10732.170731707318,1569903.2299095062,5301007.028039648,11707.731707317073,1569557.4623687686,5300057.039529092,11707.731707317073
1569953.2038445056,5301526.757816499,11219.951219512195,7.974781799412614,1569657.4102387675,5301096.499082794,10732.170731707318,1570003.177779505,5302046.487593351,10732.170731707318,1570248.9974502437,5301957.016550205,11707.731707317073,1569903.2299095062,5301007.028039648,11707.731707317073
1570298.971385243,5302476.746327057,11219.951219512195,9.946103319300697,1570003.177779505,5302046.487593351,10732.170731707318,1570348.9453202423,5302996.476103907,10732.170731707318,1570594.764990981,5302907.005060761,11707.731707317073,1570248.9974502437,5301957.016550205,11707.731707317073
1570644.7389259806,5303426.734837612,11219.951219512195,12.010502446797279,1570348.9453202423,5302996.476103907,10732.170731707318,1570694.71286098,5303946.464614464,10732.170731707318,1570940.5325317185,5303856.993571318,11707.731707317073,1570594.764990981,5302907.005060761,11707.731707317073
1570990.5064667177,5304376.72334817,11219.951219512195,11.762274377416928,1570694.71286098,5303946.464614464,10732.170731707318,1571040.4804017174,5304896.4531250205,10732.170731707318,1571286.300072456,5304806.982081874,11707.731707317073,1570940.5325317185,5303856.993571318,11707.731707317073
1571336.2740074554,5305326.711858725,11219.951219512195,12.284021970245357,1571040.4804017174,5304896.4531250205,10732.170731707318,1571386.2479424546,5305846.441635576,10732.170731707318,1571632.0676131933,5305756.970592431,11707.731707317073,1571286.300072456,5304806.982081874,11707.731707317073
1571682.0415481927,5306276.700369282,11219.951219512195,11.346147897596436,1571386.2479424546,5305846.441635576,10732.170731707318,1571732.0154831924,5306796.4301461335,10732.170731707318,1571977.8351539308,5306706.959102987,11707.731707317073,1571632.0676131933,5305756.970592431,11707.731707317073
1572027.8090889303,5307226.688879838,11219.951219512195,10.662788237963037,1571732.0154831924,5306796.4301461335,10732.170731707318,1572077.7830239297,5307746.41865669,10732.170731707318,1572323.6026946683,5307656.947613544,11707.731707317073,1571977.8351539308,5306706.959102987,11707.731707317073
1572373.5766296678,5308176.677390396,11219.951219512195,9.233180222401963,1572077.7830239297,5307746.41865669,10732.170731707318,1572423.5505646672,5308696.407167247,10732.170731707318,1572669.3702354056,5308606.9361241,11707.731707317073,1572323.6026946683,5307656.947613544,11707.731707317073
1572719.3441704053,5309126.665900951,11219.951219512195,10.983016227372227,1572423.5505646672,5308696.407167247,10732.170731707318,1572769.3181054047,5309646.395677802,10732.170731707318,1573015.1377761432,5309556.924634657,11707.731707317073,1572669.3702354056,5308606.9361241,11707.731707317073
1573065.1117111424,5310076.654411509,11219.951219512195,12.622372248618762,1572769.3181054047,5309646.395677802,10732.170731707318,1573115.085646142,5310596.38418836,10732.170731707318,1573360.9053168807,5310506.913145213,11707.731707317073,1573015.1377761432,5309556.924634657,11707.731707317073
1573410.87925188,5311026.642922064,11219.951219512195,12.630053648184033,1573115.085646142,5310596.38418836,10732.170731707318,1573460.8531868795,5311546.372698915,10732.170731707318,1573706.672857618,5311456.90165577,11707.731707317073,1573360.9053168807,5310506.913145213,11707.731707317073
1573756.6467926176,5311976.631432621,11219.951219512195,11.741892368661716,1573460.8531868795,5311546.372698915,10732.170731707318,1573806.620727617,5312496.361209473,10732.170731707318,1574052.4403983557,5312406.890166326,11707.731707317073,1573706.672857618,5311456.90165577,11707.731707317073
1574102.414333355,5312926.619943178,11219.951219512195,11.050239925515013,1573806.620727617,5312496.361209473,10732.170731707318,1574152.3882683546,5313446.349720029,10732.170731707318,1574398.207939093,5313356.878676883,11707.731707317073,1574052.4403983557,5312406.890166326,11707.731707317073
1574448.1818740924,5313876.608453734,11219.951219512195,9.354872153531382,1574152.3882683546,5313446.349720029,10732.170731707318,1574498.1558090919,5314396.338230586,10732.170731707318,1574743.9754798305,5314306.867187439,11707.731707317073,1574398.207939093,5313356.878676883,11707.731707317073
1574793.94941483,5314826.59696429,11219.951219512195,7.294432932507075,1574498.1558090919,5314396.338230586,10732.170731707318,1574843.9233498294,5315346.326741141,10732.170731707318,1575089.743020568,5315256.855697996,11707.731707317073,1574743.9754798305,5314306.867187439,11707.731707317073
1575139.7169555672,5315776.585474847,11219.951219512195,5.932960831060446,1574843.9233498294,5315346.326741141,10732.170731707318,1575189.690890567,5316296.315251699,10732.170731707318,1575435.5105613053,5316206.8442085525,11707.731707317073,1575089.743020568,5315256.855697996,11707.731707317073
1575485.4844963048,5316726.573985403,11219.951219512195,4.2106618255327515,1575189.690890567,5316296.315251699,10732.170731707318,1575535.4584313042,5317246.303762254,10732.170731707318,1575781.2781020429,5317156.832719109,11707.731707317073,1575435.5105613053,5316206.8442085525,11707.731707317073
1575831.2520370423,5317676.562495961,11219.951219512195,4.221106684940305,1575535.4584313042,5317246.303762254,10732.170731707318,1575881.2259720417,5318196.292272812,10732.170731707318,1576127.0456427804,5318106.821229666,11707.731707317073,1575781.2781020429,5317156.832719109,11707.731707317073
1576177.0195777796,5318626.551006516,11219.951219512195,4.274130763438013,1575881.2259720417,5318196.292272812,10732.170731707318,1576226.9935127792,5319146.280783368,10732.170731707318,1576472.8131835177,5319056.809740222,11707.731707317073,1576127.0456427804,5318106.821229666,11707.731707317073
1576522.787118517,5319576.539517074,11219.951219512195,4.206058681752954,1576226.9935127792,5319146.280783368,10732.170731707318,1576572.7610535165,5320096.269293925,10732.170731707318,1576818.5807242552,5320006.798250779,11707.731707317073,1576472.8131835177,5319056.809740222,11707.731707317073
1576868.5546592546,5320526.5280276295,11219.951219512195,3.3003568521215993,1576572.7610535165,5320096.269293925,10732.170731707318,1576918.528594254,5321046.25780448,10732.170731707318,1577164.3482649927,5320956.786761335,11707.731707317073,1576818.5807242552,5320006.798250779,11707.731707317073
1577214.322199992,5321476.516538186,11219.951219512195,2.277841626409835,1576918.528594254,5321046.25780448,10732.170731707318,1577264.2961349916,5321996.246315038,10732.170731707318,1577510.11580573,5321906.775271892,11707.731707317073,1577164.3482649927,5320956.786761335,11707.731707317073
1577560.0897407294,5322426.5050487425,11219.951219512195,1.5761380908524418,1577264.2961349916,5321996.246315038,10732.170731707318,1577610.0636757289,5322946.234825593,10732.170731707318,1577855.8833464677,5322856.763782448,11707.731707317073,1577510.11580573,5321906.775271892,11707.731707317073
1577905.857281467,5323376.493559299,11219.951219512195,0.44995711240921776,1577610.0636757289,5322946.234825593,10732.170731707318,1577955.8312164666,5323896.223336151,10732.170731707318,1578201.650887205,5323806.752293005,11707.731707317073,1577855.8833464677,5322856.763782448,11707.731707317073
1578251.6248222042,5324326.482069856,11219.951219512195,0.48855553551015285,1577955.8312164666,5323896.223336151,10732.170731707318,1578301.598757204,5324846.211846706,10732.170731707318,1578547.4184279423,5324756.740803561,11707.731707317073,1578201.650887205,5323806.752293005,11707.731707317073
1578597.3923629418,5325276.470580413,11219.951219512195,0.6528259996868665,1578301.598757204,5324846.211846706,10732.170731707318,1578647.3662979412,5325796.200357264,10732.170731707318,1578893.18596868,5325706.729314118,11707.731707317073,1578547.4184279423,5324756.740803561,11707.731707317073
1578943.1599036793,5326226.459090969,11219.951219512195,1.5170505739022824,1578647.3662979412,5325796.200357264,10732.170731707318,1578993.133838679,5326746.1888678195,10732.170731707318,1579238.9535094174,5326656.717824674,11707.731707317073,1578893.18596868,5325706.729314118,11707.731707317073
1579288.927444417,5327176.447601525,11219.951219512195,2.588826549704629,1578993.133838679,5326746.1888678195,10732.170731707318,1579338.9013794162,5327696.177378377,10732.170731707318,1579584.7210501549,5327606.706335231,11707.731707317073,1579238.9535094174,5326656.717824674,11707.731707317073
1579634.6949851543,5328126.436112082,11219.951219512195,1.3354245509779836,1579338.9013794162,5327696.177378377,10732.170731707318,1579684.6689201538,5328646.1658889325,10732.170731707318,1579930.4885908924,5328556.694845787,11707.731707317073,1579584.7210501549,5327606.706335231,11707.731707317073
1579980.4625258916,5329076.424622638,11219.951219512195,0.8061626757912543,1579684.6689201538,5328646.1658889325,10732.170731707318,1580030.4364608913,5329596.15439949,10732.170731707318,1580276.2561316297,5329506.683356344,11707.731707317073,1579930.4885908924,5328556.694845787,11707.731707317073
1580326.2300666294,5330026.413133195,11219.951219512195,0.5348577008337675,1580030.4364608913,5329596.15439949,10732.170731707318,1580376.2040016286,5330546.142910046,10732.170731707318,1580622.0236723672,5330456.6718669,11707.731707317073,1580276.2561316297,5329506.683356344,11707.731707317073
1580671.9976073669,5330976.401643751,11219.951219512195,0.4831121683087096,1580376.2040016286,5330546.142910046,10732.170731707318,1580721.971542366,5331496.131420603,10732.170731707318,1580967.7912131047,5331406.660377457,11707.731707317073,1580622.0236723672,5330456.6718669,11707.731707317073
1581017.765148104,5331926.390154308,11219.951219512195,0.8664607960592159,1580721.971542366,5331496.131420603,10732.170731707318,1581067.7390831036,5332446.119931159,10732.170731707318,1581313.5587538423,5332356.648888013,11707.731707317073,1580967.7912131047,5331406.660377457,11707.731707317073
1581363.5326888417,5332876.378664865,11219.951219512195,1.0966756926102614,1581067.7390831036,5332446.119931159,10732.170731707318,1581413.506623841,5333396.108441716,10732.170731707318,1581659.3262945795,5333306.63739857,11707.731707317073,1581313.5587538423,5332356.648888013,11707.731707317073
1581709.3002295792,5333826.367175421,11219.951219512195,1.5231683991592624,1581413.506623841,5333396.108441716,10732.170731707318,1581759.2741645784,5334346.096952273,10732.170731707318,1582005.0938353173,5334256.625909126,11707.731707317073,1581659.3262945795,5333306.63739857,11707.731707317073
1582055.0677703165,5334776.355685978,11219.951219512195,2.4781507967202687,1581759.2741645784,5334346.096952273,10732.170731707318,1582105.041705316,5335296.085462829,10732.170731707318,1582350.8613760546,5335206.614419683,11707.731707317073,1582005.0938353173,5334256.625909126,11707.731707317073
1582400.835311054,5335726.344196534,11219.951219512195,2.998877279449112,1582105.041705316,5335296.085462829,10732.170731707318,1582450.8092460532,5336246.073973385,10732.170731707318,1582696.6289167919,5336156.602930239,11707.731707317073,1582350.8613760546,5335206.614419683,11707.731707317073
1582746.6028517915,5336676.33270709,11219.951219512195,2.303650645210149,1582450.8092460532,5336246.073973385,10732.170731707318,1582796.576786791,5337196.062483942,10732.170731707318,1583042.3964575296,5337106.591440796,11707.731707317073,1582696.6289167919,5336156.602930239,11707.731707317073
1583092.3703925286,5337626.321217647,11219.951219512195,1.548208037364757,1582796.576786791,5337196.062483942,10732.170731707318,1583142.3443275283,5338146.050994498,10732.170731707318,1583388.163998267,5338056.579951352,11707.731707317073,1583042.3964575296,5337106.591440796,11707.731707317073
1583438.1379332663,5338576.309728203,11219.951219512195,1.536944836271746,1583142.3443275283,5338146.050994498,10732.170731707318,1583488.1118682658,5339096.039505055,10732.170731707318,1583733.9315390042,5339006.568461909,11707.731707317073,1583388.163998267,5338056.579951352,11707.731707317073
1563283.6727004955,5282437.516562223,12195.512195121953,1.84265869908519,1562987.8790947571,5282007.257828518,11707.731707317073,1563333.6466354944,5282957.246339074,11707.731707317073,1563579.466306234,5282867.775295928,12683.292682926829,1563233.6987654965,5281917.786785372,12683.292682926829
1563629.440241233,5283387.505072779,12195.512195121953,1.412395011798996,1563333.6466354944,5282957.246339074,11707.731707317073,1563679.414176232,5283907.234849631,11707.731707317073,1563925.2338469715,5283817.763806485,12683.292682926829,1563579.466306234,5282867.775295928,12683.292682926829
1563975.2077819703,5284337.4935833365,12195.512195121953,2.3793480808117207,1563679.414176232,5283907.234849631,11707.731707317073,1564025.1817169695,5284857.223360187,11707.731707317073,1564271.0013877088,5284767.752317041,12683.292682926829,1563925.2338469715,5283817.763806485,12683.292682926829
1564320.975322708,5285287.482093892,12195.512195121953,3.7001327308826246,1564025.1817169695,5284857.223360187,11707.731707317073,1564370.9492577068,5285807.211870744,11707.731707317073,1564616.7689284463,5285717.740827598,12683.292682926829,1564271.0013877088,5284767.752317041,12683.292682926829
1564666.7428634455,5286237.4706044495,12195.512195121953,3.383225933307045,1564370.9492577068,5285807.211870744,11707.731707317073,1564716.7167984443,5286757.2003813,11707.731707317073,1564962.5364691839,5286667.729338154,12683.292682926829,1564616.7689284463,5285717.740827598,12683.292682926829
1565012.5104041826,5287187.459115006,12195.512195121953,3.10219313809393,1564716.7167984443,5286757.2003813,11707.731707317073,1565062.4843391818,5287707.188891857,11707.731707317073,1565308.3040099212,5287617.717848711,12683.292682926829,1564962.5364691839,5286667.729338154,12683.292682926829
1565358.2779449204,5288137.447625562,12195.512195121953,4.80226805966807,1565062.4843391818,5287707.188891857,11707.731707317073,1565408.251879919,5288657.177402413,11707.731707317073,1565654.0715506587,5288567.706359267,12683.292682926829,1565308.3040099212,5287617.717848711,12683.292682926829
1565704.0454856576,5289087.436136118,12195.512195121953,4.760156425360675,1565408.251879919,5288657.177402413,11707.731707317073,1565754.0194206568,5289607.16591297,11707.731707317073,1565999.8390913962,5289517.694869824,12683.292682926829,1565654.0715506587,5288567.706359267,12683.292682926829
1566049.813026395,5290037.424646676,12195.512195121953,4.0844163760648335,1565754.0194206568,5289607.16591297,11707.731707317073,1566099.7869613941,5290557.1544235265,11707.731707317073,1566345.6066321335,5290467.68338038,12683.292682926829,1565999.8390913962,5289517.694869824,12683.292682926829
1566395.5805671327,5290987.413157231,12195.512195121953,3.850202984712519,1566099.7869613941,5290557.1544235265,11707.731707317073,1566445.5545021314,5291507.142934083,11707.731707317073,1566691.374172871,5291417.671890937,12683.292682926829,1566345.6066321335,5290467.68338038,12683.292682926829
1566741.3481078702,5291937.401667789,12195.512195121953,4.359488000624229,1566445.5545021314,5291507.142934083,11707.731707317073,1566791.3220428692,5292457.1314446395,11707.731707317073,1567037.1417136085,5292367.660401493,12683.292682926829,1566691.374172871,5291417.671890937,12683.292682926829
1567087.1156486073,5292887.390178344,12195.512195121953,4.217109071214446,1566791.3220428692,5292457.1314446395,11707.731707317073,1567137.0895836065,5293407.119955196,11707.731707317073,1567382.909254346,5293317.64891205,12683.292682926829,1567037.1417136085,5292367.660401493,12683.292682926829
1567432.883189345,5293837.378688902,12195.512195121953,4.68092939209936,1567137.0895836065,5293407.119955196,11707.731707317073,1567482.857124344,5294357.108465753,11707.731707317073,1567728.6767950833,5294267.637422606,12683.292682926829,1567382.909254346,5293317.64891205,12683.292682926829
1567778.6507300825,5294787.367199458,12195.512195121953,4.474593618354721,1567482.857124344,5294357.108465753,11707.731707317073,1567828.6246650815,5295307.096976309,11707.731707317073,1568074.4443358209,5295217.625933163,12683.292682926829,1567728.6767950833,5294267.637422606,12683.292682926829
1568124.4182708198,5295737.355710014,12195.512195121953,3.9885400595963776,1567828.6246650815,5295307.096976309,11707.731707317073,1568174.3922058188,5296257.085486866,11707.731707317073,1568420.2118765584,5296167.614443719,12683.292682926829,1568074.4443358209,5295217.625933163,12683.292682926829
1568470.1858115573,5296687.34422057,12195.512195121953,4.964602651330327,1568174.3922058188,5296257.085486866,11707.731707317073,1568520.1597465563,5297207.073997422,11707.731707317073,1568765.9794172957,5297117.602954276,12683.292682926829,1568420.2118765584,5296167.614443719,12683.292682926829
1568815.9533522949,5297637.332731128,12195.512195121953,7.540186293978208,1568520.1597465563,5297207.073997422,11707.731707317073,1568865.9272872938,5298157.062507979,11707.731707317073,1569111.7469580334,5298067.591464832,12683.292682926829,1568765.9794172957,5297117.602954276,12683.292682926829
1569161.7208930322,5298587.321241683,12195.512195121953,8.106897868162955,1568865.9272872938,5298157.062507979,11707.731707317073,1569211.6948280314,5299107.051018535,11707.731707317073,1569457.5144987707,5299017.579975389,12683.292682926829,1569111.7469580334,5298067.591464832,12683.292682926829
1569507.4884337697,5299537.309752241,12195.512195121953,7.187207489255654,1569211.6948280314,5299107.051018535,11707.731707317073,1569557.4623687686,5300057.039529092,11707.731707317073,1569803.282039508,5299967.568485945,12683.292682926829,1569457.5144987707,5299017.579975389,12683.292682926829
1569853.2559745072,5300487.298262796,12195.512195121953,6.530984806848408,1569557.4623687686,5300057.039529092,11707.731707317073,1569903.2299095062,5301007.028039648,11707.731707317073,1570149.0495802457,5300917.556996502,12683.292682926829,1569803.282039508,5299967.568485945,12683.292682926829
1570199.0235152445,5301437.286773354,12195.512195121953,7.422017457987032,1569903.2299095062,5301007.028039648,11707.731707317073,1570248.9974502437,5301957.016550205,11707.731707317073,1570494.817120983,5301867.5455070585,12683.292682926829,1570149.0495802457,5300917.556996502,12683.292682926829
1570544.791055982,5302387.27528391,12195.512195121953,8.625198792980134,1570248.9974502437,5301957.016550205,11707.731707317073,1570594.764990981,5302907.005060761,11707.731707317073,1570840.5846617203,5302817.534017615,12683.292682926829,1570494.817120983,5301867.5455070585,12683.292682926829
1570890.5585967195,5303337.263794466,12195.512195121953,10.501489745413558,1570594.764990981,5302907.005060761,11707.731707317073,1570940.5325317185,5303856.993571318,11707.731707317073,1571186.352202458,5303767.522528172,12683.292682926829,1570840.5846617203,5302817.534017615,12683.292682926829
1571236.3261374568,5304287.252305022,12195.512195121953,10.535588629260394,1570940.5325317185,5303856.993571318,11707.731707317073,1571286.300072456,5304806.982081874,11707.731707317073,1571532.1197431954,5304717.511038728,12683.292682926829,1571186.352202458,5303767.522528172,12683.292682926829
1571582.0936781943,5305237.24081558,12195.512195121953,8.996347313603765,1571286.300072456,5304806.982081874,11707.731707317073,1571632.0676131933,5305756.970592431,11707.731707317073,1571877.8872839327,5305667.499549285,12683.292682926829,1571532.1197431954,5304717.511038728,12683.292682926829
1571927.8612189319,5306187.2293261355,12195.512195121953,7.425726731769308,1571632.0676131933,5305756.970592431,11707.731707317073,1571977.8351539308,5306706.959102987,11707.731707317073,1572223.6548246704,5306617.488059841,12683.292682926829,1571877.8872839327,5305667.499549285,12683.292682926829
1572273.6287596691,5307137.217836693,12195.512195121953,8.21245564054946,1571977.8351539308,5306706.959102987,11707.731707317073,1572323.6026946683,5307656.947613544,11707.731707317073,1572569.4223654077,5307567.476570398,12683.292682926829,1572223.6548246704,5306617.488059841,12683.292682926829
1572619.3963004067,5308087.2063472485,12195.512195121953,8.03412377759406,1572323.6026946683,5307656.947613544,11707.731707317073,1572669.3702354056,5308606.9361241,11707.731707317073,1572915.1899061452,5308517.465080954,12683.292682926829,1572569.4223654077,5307567.476570398,12683.292682926829
1572965.1638411442,5309037.194857806,12195.512195121953,9.427052572214993,1572669.3702354056,5308606.9361241,11707.731707317073,1573015.1377761432,5309556.924634657,11707.731707317073,1573260.9574468827,5309467.453591511,12683.292682926829,1572915.1899061452,5308517.465080954,12683.292682926829
1573310.9313818815,5309987.1833683625,12195.512195121953,9.941015007612924,1573015.1377761432,5309556.924634657,11707.731707317073,1573360.9053168807,5310506.913145213,11707.731707317073,1573606.72498762,5310417.442102067,12683.292682926829,1573260.9574468827,5309467.453591511,12683.292682926829
1573656.698922619,5310937.171878918,12195.512195121953,9.975754154431865,1573360.9053168807,5310506.913145213,11707.731707317073,1573706.672857618,5311456.90165577,11707.731707317073,1573952.4925283575,5311367.430612624,12683.292682926829,1573606.72498762,5310417.442102067,12683.292682926829
1574002.4664633565,5311887.160389475,12195.512195121953,9.43052398467763,1573706.672857618,5311456.90165577,11707.731707317073,1574052.4403983557,5312406.890166326,11707.731707317073,1574298.260069095,5312317.41912318,12683.292682926829,1573952.4925283575,5311367.430612624,12683.292682926829
1574348.234004094,5312837.148900032,12195.512195121953,9.462289696322312,1574052.4403983557,5312406.890166326,11707.731707317073,1574398.207939093,5313356.878676883,11707.731707317073,1574644.0276098326,5313267.407633737,12683.292682926829,1574298.260069095,5312317.41912318,12683.292682926829
1574694.0015448318,5313787.137410588,12195.512195121953,8.158361680968081,1574398.207939093,5313356.878676883,11707.731707317073,1574743.9754798305,5314306.867187439,11707.731707317073,1574989.79515057,5314217.396144293,12683.292682926829,1574644.0276098326,5313267.407633737,12683.292682926829
1575039.7690855688,5314737.125921145,12195.512195121953,7.438513120141538,1574743.9754798305,5314306.867187439,11707.731707317073,1575089.743020568,5315256.855697996,11707.731707317073,1575335.5626913074,5315167.38465485,12683.292682926829,1574989.79515057,5314217.396144293,12683.292682926829
1575385.5366263064,5315687.114431701,12195.512195121953,6.008747120365301,1575089.743020568,5315256.855697996,11707.731707317073,1575435.5105613053,5316206.8442085525,11707.731707317073,1575681.330232045,5316117.373165406,12683.292682926829,1575335.5626913074,5315167.38465485,12683.292682926829
1575731.3041670439,5316637.102942258,12195.512195121953,4.140905903806428,1575435.5105613053,5316206.8442085525,11707.731707317073,1575781.2781020429,5317156.832719109,11707.731707317073,1576027.0977727824,5317067.361675963,12683.292682926829,1575681.330232045,5316117.373165406,12683.292682926829
1576077.0717077812,5317587.091452815,12195.512195121953,4.062458218019356,1575781.2781020429,5317156.832719109,11707.731707317073,1576127.0456427804,5318106.821229666,11707.731707317073,1576372.8653135197,5318017.350186519,12683.292682926829,1576027.0977727824,5317067.361675963,12683.292682926829
1576422.839248519,5318537.07996337,12195.512195121953,4.03643560459918,1576127.0456427804,5318106.821229666,11707.731707317073,1576472.8131835177,5319056.809740222,11707.731707317073,1576718.6328542572,5318967.338697076,12683.292682926829,1576372.8653135197,5318017.350186519,12683.292682926829
1576768.6067892564,5319487.068473927,12195.512195121953,3.6948193902047737,1576472.8131835177,5319056.809740222,11707.731707317073,1576818.5807242552,5320006.798250779,11707.731707317073,1577064.4003949948,5319917.327207632,12683.292682926829,1576718.6328542572,5318967.338697076,12683.292682926829
1577114.3743299935,5320437.056984484,12195.512195121953,2.784489781921379,1576818.5807242552,5320006.798250779,11707.731707317073,1577164.3482649927,5320956.786761335,11707.731707317073,1577410.167935732,5320867.315718189,12683.292682926829,1577064.4003949948,5319917.327207632,12683.292682926829
1577460.1418707313,5321387.04549504,12195.512195121953,2.3798458182296813,1577164.3482649927,5320956.786761335,11707.731707317073,1577510.11580573,5321906.775271892,11707.731707317073,1577755.9354764696,5321817.304228745,12683.292682926829,1577410.167935732,5320867.315718189,12683.292682926829
1577805.9094114685,5322337.034005597,12195.512195121953,1.1637548007663059,1577510.11580573,5321906.775271892,11707.731707317073,1577855.8833464677,5322856.763782448,11707.731707317073,1578101.703017207,5322767.292739302,12683.292682926829,1577755.9354764696,5321817.304228745,12683.292682926829
1578151.676952206,5323287.022516153,12195.512195121953,0.5811287682263401,1577855.8833464677,5322856.763782448,11707.731707317073,1578201.650887205,5323806.752293005,11707.731707317073,1578447.4705579446,5323717.281249858,12683.292682926829,1578101.703017207,5322767.292739302,12683.292682926829
1578497.4444929436,5324237.01102671,12195.512195121953,0.4567205410619655,1578201.650887205,5323806.752293005,11707.731707317073,1578547.4184279423,5324756.740803561,11707.731707317073,1578793.238098682,5324667.269760415,12683.292682926829,1578447.4705579446,5323717.281249858,12683.292682926829
1578843.212033681,5325186.999537267,12195.512195121953,0.5687912053036295,1578547.4184279423,5324756.740803561,11707.731707317073,1578893.18596868,5325706.729314118,11707.731707317073,1579139.0056394194,5325617.2582709715,12683.292682926829,1578793.238098682,5324667.269760415,12683.292682926829
1579188.9795744182,5326136.988047822,12195.512195121953,0.9399994933062324,1578893.18596868,5325706.729314118,11707.731707317073,1579238.9535094174,5326656.717824674,11707.731707317073,1579484.773180157,5326567.246781528,12683.292682926829,1579139.0056394194,5325617.2582709715,12683.292682926829
1579534.747115156,5327086.976558379,12195.512195121953,1.2455269341609536,1579238.9535094174,5326656.717824674,11707.731707317073,1579584.7210501549,5327606.706335231,11707.731707317073,1579830.5407208942,5327517.2352920845,12683.292682926829,1579484.773180157,5326567.246781528,12683.292682926829
1579880.5146558934,5328036.965068936,12195.512195121953,1.7338669803385267,1579584.7210501549,5327606.706335231,11707.731707317073,1579930.4885908924,5328556.694845787,11707.731707317073,1580176.308261632,5328467.223802641,12683.292682926829,1579830.5407208942,5327517.2352920845,12683.292682926829
1580226.2821966307,5328986.953579492,12195.512195121953,1.3947657539506415,1579930.4885908924,5328556.694845787,11707.731707317073,1580276.2561316297,5329506.683356344,11707.731707317073,1580522.0758023693,5329417.212313198,12683.292682926829,1580176.308261632,5328467.223802641,12683.292682926829
1580572.0497373682,5329936.942090049,12195.512195121953,1.0485499041099684,1580276.2561316297,5329506.683356344,11707.731707317073,1580622.0236723672,5330456.6718669,11707.731707317073,1580867.8433431066,5330367.200823753,12683.292682926829,1580522.0758023693,5329417.212313198,12683.292682926829
1580917.8172781058,5330886.930600605,12195.512195121953,0.9959729343278164,1580622.0236723672,5330456.6718669,11707.731707317073,1580967.7912131047,5331406.660377457,11707.731707317073,1581213.6108838443,5331317.189334311,12683.292682926829,1580867.8433431066,5330367.200823753,12683.292682926829
1581263.584818843,5331836.919111162,12195.512195121953,0.8897219117313889,1580967.7912131047,5331406.660377457,11707.731707317073,1581313.5587538423,5332356.648888013,11707.731707317073,1581559.3784245816,5332267.177844867,12683.292682926829,1581213.6108838443,5331317.189334311,12683.292682926829
1581609.3523595806,5332786.907621719,12195.512195121953,0.7623717494621294,1581313.5587538423,5332356.648888013,11707.731707317073,1581659.3262945795,5333306.63739857,11707.731707317073,1581905.1459653191,5333217.166355424,12683.292682926829,1581559.3784245816,5332267.177844867,12683.292682926829
1581955.119900318,5333736.8961322745,12195.512195121953,1.27199549231823,1581659.3262945795,5333306.63739857,11707.731707317073,1582005.0938353173,5334256.625909126,11707.731707317073,1582250.9135060566,5334167.15486598,12683.292682926829,1581905.1459653191,5333217.166355424,12683.292682926829
1582300.8874410554,5334686.884642831,12195.512195121953,2.3102327922930175,1582005.0938353173,5334256.625909126,11707.731707317073,1582350.8613760546,5335206.614419683,11707.731707317073,1582596.681046794,5335117.143376537,12683.292682926829,1582250.9135060566,5334167.15486598,12683.292682926829
1582646.654981793,5335636.8731533885,12195.512195121953,3.118513666786532,1582350.8613760546,5335206.614419683,11707.731707317073,1582696.6289167919,5336156.602930239,11707.731707317073,1582942.4485875315,5336067.131887093,12683.292682926829,1582596.681046794,5335117.143376537,12683.292682926829
1582992.4225225304,5336586.861663944,12195.512195121953,1.9412377128958433,1582696.6289167919,5336156.602930239,11707.731707317073,1583042.3964575296,5337106.591440796,11707.731707317073,1583288.216128269,5337017.12039765,12683.292682926829,1582942.4485875315,5336067.131887093,12683.292682926829
1583338.190063268,5337536.850174502,12195.512195121953,1.94992665363425,1583042.3964575296,5337106.591440796,11707.731707317073,1583388.163998267,5338056.579951352,11707.731707317073,1583633.9836690063,5337967.108908206,12683.292682926829,1583288.216128269,5337017.12039765,12683.292682926829
1583683.9576040052,5338486.838685058,12195.512195121953,2.3118689695122003,1583388.163998267,5338056.579951352,11707.731707317073,1583733.9315390042,5339006.568461909,11707.731707317073,1583979.7512097438,5338917.097418763,12683.292682926829,1583633.9836690063,5337967.108908206,12683.292682926829
1563529.492371235,5282348.045519076,13171.073170731708,1.1971884373933457,1563233.6987654965,5281917.786785372,12683.292682926829,1563579.466306234,5282867.775295928,12683.292682926829,1563825.2859769734,5282778.304252782,13658.853658536585,1563479.518436236,5281828.315742225,13658.853658536585
1563875.2599119726,5283298.034029634,13171.073170731708,1.576018713275517,1563579.466306234,5282867.775295928,12683.292682926829,1563925.2338469715,5283817.763806485,12683.292682926829,1564171.0535177109,5283728.292763338,13658.853658536585,1563825.2859769734,5282778.304252782,13658.853658536585
1564221.0274527096,5284248.02254019,13171.073170731708,2.1699325454275358,1563925.2338469715,5283817.763806485,12683.292682926829,1564271.0013877088,5284767.752317041,12683.292682926829,1564516.8210584482,5284678.281273895,13658.853658536585,1564171.0535177109,5283728.292763338,13658.853658536585
1564566.7949934474,5285198.011050746,13171.073170731708,3.243774929911573,1564271.0013877088,5284767.752317041,12683.292682926829,1564616.7689284463,5285717.740827598,12683.292682926829,1564862.5885991857,5285628.269784451,13658.853658536585,1564516.8210584482,5284678.281273895,13658.853658536585
1564912.562534185,5286147.999561302,13171.073170731708,4.391240049733021,1564616.7689284463,5285717.740827598,12683.292682926829,1564962.5364691839,5286667.729338154,12683.292682926829,1565208.3561399232,5286578.258295008,13658.853658536585,1564862.5885991857,5285628.269784451,13658.853658536585
1565258.330074922,5287097.98807186,13171.073170731708,4.3137018539590875,1564962.5364691839,5286667.729338154,12683.292682926829,1565308.3040099212,5287617.717848711,12683.292682926829,1565554.1236806607,5287528.2468055645,13658.853658536585,1565208.3561399232,5286578.258295008,13658.853658536585
1565604.0976156597,5288047.976582415,13171.073170731708,5.290016995283683,1565308.3040099212,5287617.717848711,12683.292682926829,1565654.0715506587,5288567.706359267,12683.292682926829,1565899.891221398,5288478.235316121,13658.853658536585,1565554.1236806607,5287528.2468055645,13658.853658536585
1565949.8651563972,5288997.965092973,13171.073170731708,4.363853772272776,1565654.0715506587,5288567.706359267,12683.292682926829,1565999.8390913962,5289517.694869824,12683.292682926829,1566245.6587621355,5289428.223826678,13658.853658536585,1565899.891221398,5288478.235316121,13658.853658536585
1566295.6326971345,5289947.953603528,13171.073170731708,3.70411208770883,1565999.8390913962,5289517.694869824,12683.292682926829,1566345.6066321335,5290467.68338038,12683.292682926829,1566591.426302873,5290378.212337234,13658.853658536585,1566245.6587621355,5289428.223826678,13658.853658536585
1566641.400237872,5290897.942114086,13171.073170731708,3.9591631257239985,1566345.6066321335,5290467.68338038,12683.292682926829,1566691.374172871,5291417.671890937,12683.292682926829,1566937.1938436104,5291328.200847791,13658.853658536585,1566591.426302873,5290378.212337234,13658.853658536585
1566987.1677786096,5291847.930624642,13171.073170731708,3.823911854266584,1566691.374172871,5291417.671890937,12683.292682926829,1567037.1417136085,5292367.660401493,12683.292682926829,1567282.961384348,5292278.189358347,13658.853658536585,1566937.1938436104,5291328.200847791,13658.853658536585
1567332.9353193468,5292797.919135198,13171.073170731708,3.8760620913313826,1567037.1417136085,5292367.660401493,12683.292682926829,1567382.909254346,5293317.64891205,12683.292682926829,1567628.7289250854,5293228.177868904,13658.853658536585,1567282.961384348,5292278.189358347,13658.853658536585
1567678.7028600844,5293747.9076457545,13171.073170731708,3.612826563526311,1567382.909254346,5293317.64891205,12683.292682926829,1567728.6767950833,5294267.637422606,12683.292682926829,1567974.496465823,5294178.16637946,13658.853658536585,1567628.7289250854,5293228.177868904,13658.853658536585
1568024.4704008219,5294697.896156312,13171.073170731708,3.679472149634004,1567728.6767950833,5294267.637422606,12683.292682926829,1568074.4443358209,5295217.625933163,12683.292682926829,1568320.2640065604,5295128.154890017,13658.853658536585,1567974.496465823,5294178.16637946,13658.853658536585
1568370.2379415592,5295647.884666868,13171.073170731708,4.132426704729357,1568074.4443358209,5295217.625933163,12683.292682926829,1568420.2118765584,5296167.614443719,12683.292682926829,1568666.0315472977,5296078.143400573,13658.853658536585,1568320.2640065604,5295128.154890017,13658.853658536585
1568716.0054822967,5296597.873177425,13171.073170731708,4.952206048828115,1568420.2118765584,5296167.614443719,12683.292682926829,1568765.9794172957,5297117.602954276,12683.292682926829,1569011.7990880352,5297028.13191113,13658.853658536585,1568666.0315472977,5296078.143400573,13658.853658536585
1569061.7730230342,5297547.861687981,13171.073170731708,6.7142009518025585,1568765.9794172957,5297117.602954276,12683.292682926829,1569111.7469580334,5298067.591464832,12683.292682926829,1569357.5666287728,5297978.120421686,13658.853658536585,1569011.7990880352,5297028.13191113,13658.853658536585
1569407.5405637717,5298497.850198538,13171.073170731708,7.464541948725649,1569111.7469580334,5298067.591464832,12683.292682926829,1569457.5144987707,5299017.579975389,12683.292682926829,1569703.33416951,5298928.108932243,13658.853658536585,1569357.5666287728,5297978.120421686,13658.853658536585
1569753.308104509,5299447.838709095,13171.073170731708,6.9151294690057545,1569457.5144987707,5299017.579975389,12683.292682926829,1569803.282039508,5299967.568485945,12683.292682926829,1570049.1017102476,5299878.097442799,13658.853658536585,1569703.33416951,5298928.108932243,13658.853658536585
1570099.0756452465,5300397.82721965,13171.073170731708,7.238092536273302,1569803.282039508,5299967.568485945,12683.292682926829,1570149.0495802457,5300917.556996502,12683.292682926829,1570394.869250985,5300828.085953356,13658.853658536585,1570049.1017102476,5299878.097442799,13658.853658536585
1570444.8431859838,5301347.815730207,13171.073170731708,6.24300514992274,1570149.0495802457,5300917.556996502,12683.292682926829,1570494.817120983,5301867.5455070585,12683.292682926829,1570740.6367917224,5301778.074463912,13658.853658536585,1570394.869250985,5300828.085953356,13658.853658536585
1570790.6107267214,5302297.804240764,13171.073170731708,7.072780803129713,1570494.817120983,5301867.5455070585,12683.292682926829,1570840.5846617203,5302817.534017615,12683.292682926829,1571086.40433246,5302728.062974469,13658.853658536585,1570740.6367917224,5301778.074463912,13658.853658536585
1571136.3782674589,5303247.79275132,13171.073170731708,8.39166645566893,1570840.5846617203,5302817.534017615,12683.292682926829,1571186.352202458,5303767.522528172,12683.292682926829,1571432.1718731974,5303678.051485025,13658.853658536585,1571086.40433246,5302728.062974469,13658.853658536585
1571482.1458081964,5304197.781261877,13171.073170731708,9.025224971250193,1571186.352202458,5303767.522528172,12683.292682926829,1571532.1197431954,5304717.511038728,12683.292682926829,1571777.9394139347,5304628.039995582,13658.853658536585,1571432.1718731974,5303678.051485025,13658.853658536585
1571827.9133489337,5305147.769772433,13171.073170731708,7.592986100475544,1571532.1197431954,5304717.511038728,12683.292682926829,1571877.8872839327,5305667.499549285,12683.292682926829,1572123.7069546722,5305578.028506138,13658.853658536585,1571777.9394139347,5304628.039995582,13658.853658536585
1572173.6808896712,5306097.75828299,13171.073170731708,6.598428324788555,1571877.8872839327,5305667.499549285,12683.292682926829,1572223.6548246704,5306617.488059841,12683.292682926829,1572469.4744954098,5306528.017016695,13658.853658536585,1572123.7069546722,5305578.028506138,13658.853658536585
1572519.4484304087,5307047.746793547,13171.073170731708,6.963189054972708,1572223.6548246704,5306617.488059841,12683.292682926829,1572569.4223654077,5307567.476570398,12683.292682926829,1572815.2420361473,5307478.005527251,13658.853658536585,1572469.4744954098,5306528.017016695,13658.853658536585
1572865.2159711465,5307997.735304102,13171.073170731708,8.895384248024397,1572569.4223654077,5307567.476570398,12683.292682926829,1572915.1899061452,5308517.465080954,12683.292682926829,1573161.0095768846,5308427.994037808,13658.853658536585,1572815.2420361473,5307478.005527251,13658.853658536585
1573210.9835118835,5308947.723814659,13171.073170731708,7.555222487176775,1572915.1899061452,5308517.465080954,12683.292682926829,1573260.9574468827,5309467.453591511,12683.292682926829,1573506.777117622,5309377.982548364,13658.853658536585,1573161.0095768846,5308427.994037808,13658.853658536585
1573556.751052621,5309897.712325216,13171.073170731708,9.144913780129265,1573260.9574468827,5309467.453591511,12683.292682926829,1573606.72498762,5310417.442102067,12683.292682926829,1573852.5446583596,5310327.971058921,13658.853658536585,1573506.777117622,5309377.982548364,13658.853658536585
1573902.5185933586,5310847.700835772,13171.073170731708,7.413702207975662,1573606.72498762,5310417.442102067,12683.292682926829,1573952.4925283575,5311367.430612624,12683.292682926829,1574198.3121990971,5311277.9595694775,13658.853658536585,1573852.5446583596,5310327.971058921,13658.853658536585
1574248.286134096,5311797.689346329,13171.073170731708,6.037498242996387,1573952.4925283575,5311367.430612624,12683.292682926829,1574298.260069095,5312317.41912318,12683.292682926829,1574544.0797398346,5312227.948080034,13658.853658536585,1574198.3121990971,5311277.9595694775,13658.853658536585
1574594.0536748336,5312747.677856885,13171.073170731708,7.807321626868271,1574298.260069095,5312317.41912318,12683.292682926829,1574644.0276098326,5313267.407633737,12683.292682926829,1574889.847280572,5313177.9365905905,13658.853658536585,1574544.0797398346,5312227.948080034,13658.853658536585
1574939.8212155711,5313697.666367442,13171.073170731708,6.93158751848585,1574644.0276098326,5313267.407633737,12683.292682926829,1574989.79515057,5314217.396144293,12683.292682926829,1575235.6148213095,5314127.925101147,13658.853658536585,1574889.847280572,5313177.9365905905,13658.853658536585
1575285.5887563082,5314647.654877999,13171.073170731708,5.897958329323764,1574989.79515057,5314217.396144293,12683.292682926829,1575335.5626913074,5315167.38465485,12683.292682926829,1575581.382362047,5315077.913611704,13658.853658536585,1575235.6148213095,5314127.925101147,13658.853658536585
1575631.356297046,5315597.643388554,13171.073170731708,5.653324122131383,1575335.5626913074,5315167.38465485,12683.292682926829,1575681.330232045,5316117.373165406,12683.292682926829,1575927.1499027843,5316027.90212226,13658.853658536585,1575581.382362047,5315077.913611704,13658.853658536585
1575977.1238377835,5316547.631899111,13171.073170731708,4.538803347617206,1575681.330232045,5316117.373165406,12683.292682926829,1576027.0977727824,5317067.361675963,12683.292682926829,1576272.9174435218,5316977.890632817,13658.853658536585,1575927.1499027843,5316027.90212226,13658.853658536585
1576322.8913785208,5317497.620409668,13171.073170731708,4.120199954180496,1576027.0977727824,5317067.361675963,12683.292682926829,1576372.8653135197,5318017.350186519,12683.292682926829,1576618.6849842593,5317927.879143373,13658.853658536585,1576272.9174435218,5316977.890632817,13658.853658536585
1576668.6589192583,5318447.608920224,13171.073170731708,4.344159516685467,1576372.8653135197,5318017.350186519,12683.292682926829,1576718.6328542572,5318967.338697076,12683.292682926829,1576964.4525249966,5318877.86765393,13658.853658536585,1576618.6849842593,5317927.879143373,13658.853658536585
1577014.4264599958,5319397.597430781,13171.073170731708,2.6282769133468995,1576718.6328542572,5318967.338697076,12683.292682926829,1577064.4003949948,5319917.327207632,12683.292682926829,1577310.220065734,5319827.856164485,13658.853658536585,1576964.4525249966,5318877.86765393,13658.853658536585
1577360.1940007329,5320347.585941337,13171.073170731708,1.5868522105504996,1577064.4003949948,5319917.327207632,12683.292682926829,1577410.167935732,5320867.315718189,12683.292682926829,1577655.9876064716,5320777.844675043,13658.853658536585,1577310.220065734,5319827.856164485,13658.853658536585
1577705.9615414706,5321297.5744518945,13171.073170731708,1.060264512028487,1577410.167935732,5320867.315718189,12683.292682926829,1577755.9354764696,5321817.304228745,12683.292682926829,1578001.755147209,5321727.833185599,13658.853658536585,1577655.9876064716,5320777.844675043,13658.853658536585
1578051.7290822081,5322247.562962451,13171.073170731708,1.036166430449782,1577755.9354764696,5321817.304228745,12683.292682926829,1578101.703017207,5322767.292739302,12683.292682926829,1578347.5226879467,5322677.821696156,13658.853658536585,1578001.755147209,5321727.833185599,13658.853658536585
1578397.4966229454,5323197.551473007,13171.073170731708,0.39266053599787415,1578101.703017207,5322767.292739302,12683.292682926829,1578447.4705579446,5323717.281249858,12683.292682926829,1578693.290228684,5323627.810206712,13658.853658536585,1578347.5226879467,5322677.821696156,13658.853658536585
1578743.264163683,5324147.539983563,13171.073170731708,0.3336284481318248,1578447.4705579446,5323717.281249858,12683.292682926829,1578793.238098682,5324667.269760415,12683.292682926829,1579039.0577694213,5324577.798717269,13658.853658536585,1578693.290228684,5323627.810206712,13658.853658536585
1579089.0317044205,5325097.528494121,13171.073170731708,0.21117447901463973,1578793.238098682,5324667.269760415,12683.292682926829,1579139.0056394194,5325617.2582709715,12683.292682926829,1579384.825310159,5325527.787227824,13658.853658536585,1579039.0577694213,5324577.798717269,13658.853658536585
1579434.7992451577,5326047.517004676,13171.073170731708,0.05691477763598084,1579139.0056394194,5325617.2582709715,12683.292682926829,1579484.773180157,5326567.246781528,12683.292682926829,1579730.5928508963,5326477.775738382,13658.853658536585,1579384.825310159,5325527.787227824,13658.853658536585
1579780.5667858953,5326997.505515234,13171.073170731708,0.27220915962380193,1579484.773180157,5326567.246781528,12683.292682926829,1579830.5407208942,5327517.2352920845,12683.292682926829,1580076.3603916338,5327427.764248938,13658.853658536585,1579730.5928508963,5326477.775738382,13658.853658536585
1580126.3343266328,5327947.494025789,13171.073170731708,0.9776691267570797,1579830.5407208942,5327517.2352920845,12683.292682926829,1580176.308261632,5328467.223802641,12683.292682926829,1580422.1279323713,5328377.752759495,13658.853658536585,1580076.3603916338,5327427.764248938,13658.853658536585
1580472.10186737,5328897.482536347,13171.073170731708,0.6834103257857533,1580176.308261632,5328467.223802641,12683.292682926829,1580522.0758023693,5329417.212313198,12683.292682926829,1580767.8954731086,5329327.74127005,13658.853658536585,1580422.1279323713,5328377.752759495,13658.853658536585
1580817.8694081076,5329847.471046902,13171.073170731708,0.4817795599264197,1580522.0758023693,5329417.212313198,12683.292682926829,1580867.8433431066,5330367.200823753,12683.292682926829,1581113.6630138461,5330277.729780608,13658.853658536585,1580767.8954731086,5329327.74127005,13658.853658536585
1581163.6369488451,5330797.459557459,13171.073170731708,1.3530248178682598,1580867.8433431066,5330367.200823753,12683.292682926829,1581213.6108838443,5331317.189334311,12683.292682926829,1581459.4305545837,5331227.718291163,13658.853658536585,1581113.6630138461,5330277.729780608,13658.853658536585
1581509.4044895826,5331747.448068015,13171.073170731708,1.6797299882966028,1581213.6108838443,5331317.189334311,12683.292682926829,1581559.3784245816,5332267.177844867,12683.292682926829,1581805.198095321,5332177.706801721,13658.853658536585,1581459.4305545837,5331227.718291163,13658.853658536585
1581855.17203032,5332697.436578573,13171.073170731708,1.9445449626134719,1581559.3784245816,5332267.177844867,12683.292682926829,1581905.1459653191,5333217.166355424,12683.292682926829,1582150.9656360585,5333127.695312277,13658.853658536585,1581805.198095321,5332177.706801721,13658.853658536585
1582200.9395710574,5333647.425089128,13171.073170731708,2.3323176662666896,1581905.1459653191,5333217.166355424,12683.292682926829,1582250.9135060566,5334167.15486598,12683.292682926829,1582496.733176796,5334077.683822834,13658.853658536585,1582150.9656360585,5333127.695312277,13658.853658536585
1582546.7071117947,5334597.413599686,13171.073170731708,3.5518110462901067,1582250.9135060566,5334167.15486598,12683.292682926829,1582596.681046794,5335117.143376537,12683.292682926829,1582842.5007175333,5335027.67233339,13658.853658536585,1582496.733176796,5334077.683822834,13658.853658536585
1582892.4746525327,5335547.402110241,13171.073170731708,3.6278048983810782,1582596.681046794,5335117.143376537,12683.292682926829,1582942.4485875315,5336067.131887093,12683.292682926829,1583188.2682582708,5335977.660843947,13658.853658536585,1582842.5007175333,5335027.67233339,13658.853658536585
1583238.2421932698,5336497.390620799,13171.073170731708,1.7858788460231487,1582942.4485875315,5336067.131887093,12683.292682926829,1583288.216128269,5337017.12039765,12683.292682926829,1583534.0357990083,5336927.6493545035,13658.853658536585,1583188.2682582708,5335977.660843947,13658.853658536585
1583584.0097340073,5337447.379131355,13171.073170731708,1.3170131524666975,1583288.216128269,5337017.12039765,12683.292682926829,1583633.9836690063,5337967.108908206,12683.292682926829,1583879.8033397458,5337877.63786506,13658.853658536585,1583534.0357990083,5336927.6493545035,13658.853658536585
1583929.7772747448,5338397.367641911,13171.073170731708,2.213808614865089,1583633.9836690063,5337967.108908206,12683.292682926829,1583979.7512097438,5338917.097418763,12683.292682926829,1584225.5708804831,5338827.626375617,13658.853658536585,1583879.8033397458,5337877.63786506,13658.853658536585
1563775.312041974,5282258.57447593,14146.634146341463,1.153250165896386,1563479.518436236,5281828.315742225,13658.853658536585,1563825.2859769734,5282778.304252782,13658.853658536585,1564071.105647712,5282688.833209636,14634.414634146342,1563725.3381069745,5281738.844699079,14634.414634146342
1564121.0795827114,5283208.562986487,14146.634146341463,1.277109790252075,1563825.2859769734,5282778.304252782,13658.853658536585,1564171.0535177109,5283728.292763338,13658.853658536585,1564416.8731884495,5283638.821720193,14634.414634146342,1564071.105647712,5282688.833209636,14634.414634146342
1564466.8471234485,5284158.551497044,14146.634146341463,1.9896983629286058,1564171.0535177109,5283728.292763338,13658.853658536585,1564516.8210584482,5284678.281273895,13658.853658536585,1564762.6407291868,5284588.810230749,14634.414634146342,1564416.8731884495,5283638.821720193,14634.414634146342
1564812.6146641863,5285108.5400076,14146.634146341463,3.7638321040285954,1564516.8210584482,5284678.281273895,13658.853658536585,1564862.5885991857,5285628.269784451,13658.853658536585,1565108.4082699243,5285538.798741305,14634.414634146342,1564762.6407291868,5284588.810230749,14634.414634146342
1565158.3822049238,5286058.528518157,14146.634146341463,4.640445823912503,1564862.5885991857,5285628.269784451,13658.853658536585,1565208.3561399232,5286578.258295008,13658.853658536585,1565454.1758106619,5286488.787251862,14634.414634146342,1565108.4082699243,5285538.798741305,14634.414634146342
1565504.149745661,5287008.517028713,14146.634146341463,4.766658600677236,1565208.3561399232,5286578.258295008,13658.853658536585,1565554.1236806607,5287528.2468055645,13658.853658536585,1565799.9433513992,5287438.775762418,14634.414634146342,1565454.1758106619,5286488.787251862,14634.414634146342
1565849.9172863986,5287958.50553927,14146.634146341463,5.469278948693279,1565554.1236806607,5287528.2468055645,13658.853658536585,1565899.891221398,5288478.235316121,13658.853658536585,1566145.7108921367,5288388.764272975,14634.414634146342,1565799.9433513992,5287438.775762418,14634.414634146342
1566195.684827136,5288908.494049827,14146.634146341463,4.875927645046989,1565899.891221398,5288478.235316121,13658.853658536585,1566245.6587621355,5289428.223826678,13658.853658536585,1566491.4784328742,5289338.752783531,14634.414634146342,1566145.7108921367,5288388.764272975,14634.414634146342
1566541.4523678734,5289858.482560382,14146.634146341463,4.472319241183023,1566245.6587621355,5289428.223826678,13658.853658536585,1566591.426302873,5290378.212337234,13658.853658536585,1566837.2459736115,5290288.741294088,14634.414634146342,1566491.4784328742,5289338.752783531,14634.414634146342
1566887.219908611,5290808.471070939,14146.634146341463,5.903034754474215,1566591.426302873,5290378.212337234,13658.853658536585,1566937.1938436104,5291328.200847791,13658.853658536585,1567183.013514349,5291238.729804644,14634.414634146342,1566837.2459736115,5290288.741294088,14634.414634146342
1567232.9874493484,5291758.459581496,14146.634146341463,4.399426765860516,1566937.1938436104,5291328.200847791,13658.853658536585,1567282.961384348,5292278.189358347,13658.853658536585,1567528.7810550865,5292188.718315201,14634.414634146342,1567183.013514349,5291238.729804644,14634.414634146342
1567578.754990086,5292708.448092052,14146.634146341463,3.8329968679754454,1567282.961384348,5292278.189358347,13658.853658536585,1567628.7289250854,5293228.177868904,13658.853658536585,1567874.548595824,5293138.706825757,14634.414634146342,1567528.7810550865,5292188.718315201,14634.414634146342
1567924.5225308237,5293658.436602609,14146.634146341463,3.5197573959990187,1567628.7289250854,5293228.177868904,13658.853658536585,1567974.496465823,5294178.16637946,13658.853658536585,1568220.3161365613,5294088.695336314,14634.414634146342,1567874.548595824,5293138.706825757,14634.414634146342
1568270.2900715608,5294608.425113165,14146.634146341463,3.5414370426373454,1567974.496465823,5294178.16637946,13658.853658536585,1568320.2640065604,5295128.154890017,13658.853658536585,1568566.0836772989,5295038.68384687,14634.414634146342,1568220.3161365613,5294088.695336314,14634.414634146342
1568616.0576122983,5295558.413623722,14146.634146341463,3.1993956582972314,1568320.2640065604,5295128.154890017,13658.853658536585,1568666.0315472977,5296078.143400573,13658.853658536585,1568911.8512180364,5295988.672357427,14634.414634146342,1568566.0836772989,5295038.68384687,14634.414634146342
1568961.8251530358,5296508.402134279,14146.634146341463,4.294819764892413,1568666.0315472977,5296078.143400573,13658.853658536585,1569011.7990880352,5297028.13191113,13658.853658536585,1569257.618758774,5296938.6608679835,14634.414634146342,1568911.8512180364,5295988.672357427,14634.414634146342
1569307.5926937733,5297458.390644834,14146.634146341463,6.73898035903458,1569011.7990880352,5297028.13191113,13658.853658536585,1569357.5666287728,5297978.120421686,13658.853658536585,1569603.3862995114,5297888.64937854,14634.414634146342,1569257.618758774,5296938.6608679835,14634.414634146342
1569653.3602345106,5298408.379155391,14146.634146341463,7.447935044481879,1569357.5666287728,5297978.120421686,13658.853658536585,1569703.33416951,5298928.108932243,13658.853658536585,1569949.1538402487,5298838.637889097,14634.414634146342,1569603.3862995114,5297888.64937854,14634.414634146342
1569999.1277752484,5299358.367665948,14146.634146341463,8.583248723635498,1569703.33416951,5298928.108932243,13658.853658536585,1570049.1017102476,5299878.097442799,13658.853658536585,1570294.9213809862,5299788.626399653,14634.414634146342,1569949.1538402487,5298838.637889097,14634.414634146342
1570344.8953159854,5300308.356176504,14146.634146341463,9.641834867733248,1570049.1017102476,5299878.097442799,13658.853658536585,1570394.869250985,5300828.085953356,13658.853658536585,1570640.6889217237,5300738.61491021,14634.414634146342,1570294.9213809862,5299788.626399653,14634.414634146342
1570690.6628567232,5301258.344687061,14146.634146341463,9.45425847170891,1570394.869250985,5300828.085953356,13658.853658536585,1570740.6367917224,5301778.074463912,13658.853658536585,1570986.456462461,5301688.603420766,14634.414634146342,1570640.6889217237,5300738.61491021,14634.414634146342
1571036.4303974607,5302208.333197617,14146.634146341463,6.720012367898447,1570740.6367917224,5301778.074463912,13658.853658536585,1571086.40433246,5302728.062974469,13658.853658536585,1571332.2240031988,5302638.591931323,14634.414634146342,1570986.456462461,5301688.603420766,14634.414634146342
1571382.197938198,5303158.321708174,14146.634146341463,8.291099882678619,1571086.40433246,5302728.062974469,13658.853658536585,1571432.1718731974,5303678.051485025,13658.853658536585,1571677.991543936,5303588.580441879,14634.414634146342,1571332.2240031988,5302638.591931323,14634.414634146342
1571727.9654789355,5304108.310218731,14146.634146341463,7.547557778085346,1571432.1718731974,5303678.051485025,13658.853658536585,1571777.9394139347,5304628.039995582,13658.853658536585,1572023.7590846734,5304538.568952436,14634.414634146342,1571677.991543936,5303588.580441879,14634.414634146342
1572073.733019673,5305058.2987292865,14146.634146341463,6.487390360011388,1571777.9394139347,5304628.039995582,13658.853658536585,1572123.7069546722,5305578.028506138,13658.853658536585,1572369.526625411,5305488.557462992,14634.414634146342,1572023.7590846734,5304538.568952436,14634.414634146342
1572419.50056041,5306008.287239843,14146.634146341463,8.05511477188978,1572123.7069546722,5305578.028506138,13658.853658536585,1572469.4744954098,5306528.017016695,13658.853658536585,1572715.2941661484,5306438.545973549,14634.414634146342,1572369.526625411,5305488.557462992,14634.414634146342
1572765.2681011478,5306958.2757504005,14146.634146341463,6.939248625058928,1572469.4744954098,5306528.017016695,13658.853658536585,1572815.2420361473,5307478.005527251,13658.853658536585,1573061.0617068857,5307388.534484105,14634.414634146342,1572715.2941661484,5306438.545973549,14634.414634146342
1573111.0356418854,5307908.264260956,14146.634146341463,6.5362518370757,1572815.2420361473,5307478.005527251,13658.853658536585,1573161.0095768846,5308427.994037808,13658.853658536585,1573406.8292476234,5308338.522994662,14634.414634146342,1573061.0617068857,5307388.534484105,14634.414634146342
1573456.8031826227,5308858.252771514,14146.634146341463,6.83275500395545,1573161.0095768846,5308427.994037808,13658.853658536585,1573506.777117622,5309377.982548364,13658.853658536585,1573752.5967883607,5309288.511505218,14634.414634146342,1573406.8292476234,5308338.522994662,14634.414634146342
1573802.5707233602,5309808.241282069,14146.634146341463,7.981749554451806,1573506.777117622,5309377.982548364,13658.853658536585,1573852.5446583596,5310327.971058921,13658.853658536585,1574098.364329098,5310238.500015775,14634.414634146342,1573752.5967883607,5309288.511505218,14634.414634146342
1574148.3382640977,5310758.229792627,14146.634146341463,8.009877888187093,1573852.5446583596,5310327.971058921,13658.853658536585,1574198.3121990971,5311277.9595694775,13658.853658536585,1574444.1318698358,5311188.488526331,14634.414634146342,1574098.364329098,5310238.500015775,14634.414634146342
1574494.105804835,5311708.218303183,14146.634146341463,7.597101337198979,1574198.3121990971,5311277.9595694775,13658.853658536585,1574544.0797398346,5312227.948080034,13658.853658536585,1574789.899410573,5312138.477036888,14634.414634146342,1574444.1318698358,5311188.488526331,14634.414634146342
1574839.8733455725,5312658.206813739,14146.634146341463,7.747075355144823,1574544.0797398346,5312227.948080034,13658.853658536585,1574889.847280572,5313177.9365905905,13658.853658536585,1575135.6669513106,5313088.465547444,14634.414634146342,1574789.899410573,5312138.477036888,14634.414634146342
1575185.64088631,5313608.195324295,14146.634146341463,6.747605731992626,1574889.847280572,5313177.9365905905,13658.853658536585,1575235.6148213095,5314127.925101147,13658.853658536585,1575481.434492048,5314038.454058001,14634.414634146342,1575135.6669513106,5313088.465547444,14634.414634146342
1575531.4084270473,5314558.183834853,14146.634146341463,5.904018887714005,1575235.6148213095,5314127.925101147,13658.853658536585,1575581.382362047,5315077.913611704,13658.853658536585,1575827.2020327854,5314988.442568557,14634.414634146342,1575481.434492048,5314038.454058001,14634.414634146342
1575877.1759677848,5315508.172345408,14146.634146341463,5.346483832190057,1575581.382362047,5315077.913611704,13658.853658536585,1575927.1499027843,5316027.90212226,13658.853658536585,1576172.969573523,5315938.431079114,14634.414634146342,1575827.2020327854,5314988.442568557,14634.414634146342
1576222.9435085224,5316458.160855966,14146.634146341463,5.554011842500637,1575927.1499027843,5316027.90212226,13658.853658536585,1576272.9174435218,5316977.890632817,13658.853658536585,1576518.7371142604,5316888.41958967,14634.414634146342,1576172.969573523,5315938.431079114,14634.414634146342
1576568.7110492596,5317408.149366521,14146.634146341463,4.633404435899359,1576272.9174435218,5316977.890632817,13658.853658536585,1576618.6849842593,5317927.879143373,13658.853658536585,1576864.504654998,5317838.408100227,14634.414634146342,1576518.7371142604,5316888.41958967,14634.414634146342
1576914.4785899974,5318358.137877079,14146.634146341463,4.1901695342002405,1576618.6849842593,5317927.879143373,13658.853658536585,1576964.4525249966,5318877.86765393,13658.853658536585,1577210.2721957352,5318788.396610783,14634.414634146342,1576864.504654998,5317838.408100227,14634.414634146342
1577260.2461307347,5319308.126387634,14146.634146341463,3.96837911451203,1576964.4525249966,5318877.86765393,13658.853658536585,1577310.220065734,5319827.856164485,13658.853658536585,1577556.0397364728,5319738.38512134,14634.414634146342,1577210.2721957352,5318788.396610783,14634.414634146342
1577606.013671472,5320258.114898191,14146.634146341463,2.1379016536226425,1577310.220065734,5319827.856164485,13658.853658536585,1577655.9876064716,5320777.844675043,13658.853658536585,1577901.8072772103,5320688.373631896,14634.414634146342,1577556.0397364728,5319738.38512134,14634.414634146342
1577951.7812122097,5321208.103408747,14146.634146341463,1.504486695314841,1577655.9876064716,5320777.844675043,13658.853658536585,1578001.755147209,5321727.833185599,13658.853658536585,1578247.5748179476,5321638.362142453,14634.414634146342,1577901.8072772103,5320688.373631896,14634.414634146342
1578297.548752947,5322158.091919305,14146.634146341463,1.2754782149001145,1578001.755147209,5321727.833185599,13658.853658536585,1578347.5226879467,5322677.821696156,13658.853658536585,1578593.342358685,5322588.3506530095,14634.414634146342,1578247.5748179476,5321638.362142453,14634.414634146342
1578643.3162936845,5323108.08042986,14146.634146341463,1.037932195888085,1578347.5226879467,5322677.821696156,13658.853658536585,1578693.290228684,5323627.810206712,13658.853658536585,1578939.1098994226,5323538.339163566,14634.414634146342,1578593.342358685,5322588.3506530095,14634.414634146342
1578989.083834422,5324058.068940418,14146.634146341463,0.3881168980119423,1578693.290228684,5323627.810206712,13658.853658536585,1579039.0577694213,5324577.798717269,13658.853658536585,1579284.87744016,5324488.3276741225,14634.414634146342,1578939.1098994226,5323538.339163566,14634.414634146342
1579334.8513751593,5325008.057450973,14146.634146341463,0.22886855833866693,1579039.0577694213,5324577.798717269,13658.853658536585,1579384.825310159,5325527.787227824,13658.853658536585,1579630.6449808974,5325438.316184679,14634.414634146342,1579284.87744016,5324488.3276741225,14634.414634146342
1579680.6189158969,5325958.04596153,14146.634146341463,0.15529375374826973,1579384.825310159,5325527.787227824,13658.853658536585,1579730.5928508963,5326477.775738382,13658.853658536585,1579976.412521635,5326388.304695236,14634.414634146342,1579630.6449808974,5325438.316184679,14634.414634146342
1580026.3864566346,5326908.034472087,14146.634146341463,0.3094742336691261,1579730.5928508963,5326477.775738382,13658.853658536585,1580076.3603916338,5327427.764248938,13658.853658536585,1580322.1800623722,5327338.293205792,14634.414634146342,1579976.412521635,5326388.304695236,14634.414634146342
1580372.1539973717,5327858.022982643,14146.634146341463,0.4987099675662654,1580076.3603916338,5327427.764248938,13658.853658536585,1580422.1279323713,5328377.752759495,13658.853658536585,1580667.94760311,5328288.281716349,14634.414634146342,1580322.1800623722,5327338.293205792,14634.414634146342
1580717.9215381092,5328808.0114931995,14146.634146341463,0.5845149050078329,1580422.1279323713,5328377.752759495,13658.853658536585,1580767.8954731086,5329327.74127005,13658.853658536585,1581013.7151438473,5329238.270226905,14634.414634146342,1580667.94760311,5328288.281716349,14634.414634146342
1581063.6890788467,5329758.000003756,14146.634146341463,1.1041179876463316,1580767.8954731086,5329327.74127005,13658.853658536585,1581113.6630138461,5330277.729780608,13658.853658536585,1581359.4826845848,5330188.258737462,14634.414634146342,1581013.7151438473,5329238.270226905,14634.414634146342
1581409.4566195842,5330707.988514313,14146.634146341463,2.3380894661572986,1581113.6630138461,5330277.729780608,13658.853658536585,1581459.4305545837,5331227.718291163,13658.853658536585,1581705.2502253223,5331138.247248018,14634.414634146342,1581359.4826845848,5330188.258737462,14634.414634146342
1581755.2241603215,5331657.97702487,14146.634146341463,3.0927327772771616,1581459.4305545837,5331227.718291163,13658.853658536585,1581805.198095321,5332177.706801721,13658.853658536585,1582051.0177660596,5332088.235758575,14634.414634146342,1581705.2502253223,5331138.247248018,14634.414634146342
1582100.9917010593,5332607.9655354265,14146.634146341463,2.8645042183189022,1581805.198095321,5332177.706801721,13658.853658536585,1582150.9656360585,5333127.695312277,13658.853658536585,1582396.7853067974,5333038.224269131,14634.414634146342,1582051.0177660596,5332088.235758575,14634.414634146342
1582446.7592417963,5333557.954045983,14146.634146341463,3.2208184122024877,1582150.9656360585,5333127.695312277,13658.853658536585,1582496.733176796,5334077.683822834,13658.853658536585,1582742.5528475347,5333988.212779688,14634.414634146342,1582396.7853067974,5333038.224269131,14634.414634146342
1582792.526782534,5334507.94255654,14146.634146341463,3.6364045576903017,1582496.733176796,5334077.683822834,13658.853658536585,1582842.5007175333,5335027.67233339,13658.853658536585,1583088.320388272,5334938.201290244,14634.414634146342,1582742.5528475347,5333988.212779688,14634.414634146342
1583138.2943232716,5335457.931067095,14146.634146341463,3.4338794769201355,1582842.5007175333,5335027.67233339,13658.853658536585,1583188.2682582708,5335977.660843947,13658.853658536585,1583434.0879290097,5335888.189800802,14634.414634146342,1583088.320388272,5334938.201290244,14634.414634146342
1583484.061864009,5336407.919577653,14146.634146341463,2.82687775553082,1583188.2682582708,5335977.660843947,13658.853658536585,1583534.0357990083,5336927.6493545035,13658.853658536585,1583779.855469747,5336838.178311357,14634.414634146342,1583434.0879290097,5335888.189800802,14634.414634146342
1583829.8294047464,5337357.908088208,14146.634146341463,3.0607318114522135,1583534.0357990083,5336927.6493545035,13658.853658536585,1583879.8033397458,5337877.63786506,13658.853658536585,1584125.6230104843,5337788.166821915,14634.414634146342,1583779.855469747,5336838.178311357,14634.414634146342
1584175.596945484,5338307.896598766,14146.634146341463,3.5971898663484536,1583879.8033397458,5337877.63786506,13658.853658536585,1584225.5708804831,5338827.626375617,13658.853658536585,1584471.390551222,5338738.15533247,14634.414634146342,1584125.6230104843,5337788.166821915,14634.414634146342
1564021.1317127133,5282169.103432784,15122.195121951221,1.9432574376961254,1563725.3381069745,5281738.844699079,14634.414634146342,1564071.105647712,5282688.833209636,14634.414634146342,1564316.9253184514,5282599.3621664895,15609.975609756098,1563971.157777714,5281649.373655933,15609.975609756098
1564366.8992534503,5283119.091943341,15122.195121951221,2.082474516381315,1564071.105647712,5282688.833209636,14634.414634146342,1564416.8731884495,5283638.821720193,14634.414634146342,1564662.692859189,5283549.350677046,15609.975609756098,1564316.9253184514,5282599.3621664895,15609.975609756098
1564712.6667941879,5284069.080453898,15122.195121951221,2.7893251136511608,1564416.8731884495,5283638.821720193,14634.414634146342,1564762.6407291868,5284588.810230749,14634.414634146342,1565008.4603999264,5284499.3391876025,15609.975609756098,1564662.692859189,5283549.350677046,15609.975609756098
1565058.4343349254,5285019.068964454,15122.195121951221,3.54924519936158,1564762.6407291868,5284588.810230749,14634.414634146342,1565108.4082699243,5285538.798741305,14634.414634146342,1565354.2279406637,5285449.327698159,15609.975609756098,1565008.4603999264,5284499.3391876025,15609.975609756098
1565404.2018756627,5285969.057475011,15122.195121951221,4.23428022845081,1565108.4082699243,5285538.798741305,14634.414634146342,1565454.1758106619,5286488.787251862,14634.414634146342,1565699.9954814012,5286399.316208716,15609.975609756098,1565354.2279406637,5285449.327698159,15609.975609756098
1565749.9694164002,5286919.045985566,15122.195121951221,4.502576347960861,1565454.1758106619,5286488.787251862,14634.414634146342,1565799.9433513992,5287438.775762418,14634.414634146342,1566045.7630221387,5287349.304719272,15609.975609756098,1565699.9954814012,5286399.316208716,15609.975609756098
1566095.736957138,5287869.034496123,15122.195121951221,5.813889797440902,1565799.9433513992,5287438.775762418,14634.414634146342,1566145.7108921367,5288388.764272975,14634.414634146342,1566391.5305628763,5288299.293229829,15609.975609756098,1566045.7630221387,5287349.304719272,15609.975609756098
1566441.504497875,5288819.02300668,15122.195121951221,4.487052673665761,1566145.7108921367,5288388.764272975,14634.414634146342,1566491.4784328742,5289338.752783531,14634.414634146342,1566737.2981036135,5289249.281740385,15609.975609756098,1566391.5305628763,5288299.293229829,15609.975609756098
1566787.2720386125,5289769.011517236,15122.195121951221,5.454502057866075,1566491.4784328742,5289338.752783531,14634.414634146342,1566837.2459736115,5290288.741294088,14634.414634146342,1567083.065644351,5290199.270250942,15609.975609756098,1566737.2981036135,5289249.281740385,15609.975609756098
1567133.03957935,5290719.000027793,15122.195121951221,5.966262448761903,1566837.2459736115,5290288.741294088,14634.414634146342,1567183.013514349,5291238.729804644,14634.414634146342,1567428.8331850886,5291149.258761498,15609.975609756098,1567083.065644351,5290199.270250942,15609.975609756098
1567478.8071200876,5291668.988538349,15122.195121951221,5.594059553598085,1567183.013514349,5291238.729804644,14634.414634146342,1567528.7810550865,5292188.718315201,14634.414634146342,1567774.600725826,5292099.247272055,15609.975609756098,1567428.8331850886,5291149.258761498,15609.975609756098
1567824.574660825,5292618.9770489065,15122.195121951221,4.451889069090921,1567528.7810550865,5292188.718315201,14634.414634146342,1567874.548595824,5293138.706825757,14634.414634146342,1568120.3682665634,5293049.235782611,15609.975609756098,1567774.600725826,5292099.247272055,15609.975609756098
1568170.3422015626,5293568.965559463,15122.195121951221,3.7378714209254698,1567874.548595824,5293138.706825757,14634.414634146342,1568220.3161365613,5294088.695336314,14634.414634146342,1568466.1358073012,5293999.224293168,15609.975609756098,1568120.3682665634,5293049.235782611,15609.975609756098
1568516.1097422997,5294518.954070019,15122.195121951221,3.1339297649768696,1568220.3161365613,5294088.695336314,14634.414634146342,1568566.0836772989,5295038.68384687,14634.414634146342,1568811.9033480384,5294949.212803724,15609.975609756098,1568466.1358073012,5293999.224293168,15609.975609756098
1568861.8772830374,5295468.942580575,15122.195121951221,3.9971144140104187,1568566.0836772989,5295038.68384687,14634.414634146342,1568911.8512180364,5295988.672357427,14634.414634146342,1569157.6708887757,5295899.201314281,15609.975609756098,1568811.9033480384,5294949.212803724,15609.975609756098
1569207.644823775,5296418.931091133,15122.195121951221,4.778022579504639,1568911.8512180364,5295988.672357427,14634.414634146342,1569257.618758774,5296938.6608679835,14634.414634146342,1569503.4384295135,5296849.189824837,15609.975609756098,1569157.6708887757,5295899.201314281,15609.975609756098
1569553.4123645122,5297368.919601688,15122.195121951221,5.548397468824712,1569257.618758774,5296938.6608679835,14634.414634146342,1569603.3862995114,5297888.64937854,14634.414634146342,1569849.2059702508,5297799.178335394,15609.975609756098,1569503.4384295135,5296849.189824837,15609.975609756098
1569899.1799052497,5298318.908112246,15122.195121951221,7.128506234620664,1569603.3862995114,5297888.64937854,14634.414634146342,1569949.1538402487,5298838.637889097,14634.414634146342,1570194.9735109883,5298749.16684595,15609.975609756098,1569849.2059702508,5297799.178335394,15609.975609756098
1570244.9474459873,5299268.896622802,15122.195121951221,7.57122373159688,1569949.1538402487,5298838.637889097,14634.414634146342,1570294.9213809862,5299788.626399653,14634.414634146342,1570540.7410517258,5299699.155356507,15609.975609756098,1570194.9735109883,5298749.16684595,15609.975609756098
1570590.7149867245,5300218.885133359,15122.195121951221,9.818628640599846,1570294.9213809862,5299788.626399653,14634.414634146342,1570640.6889217237,5300738.61491021,14634.414634146342,1570886.508592463,5300649.143867063,15609.975609756098,1570540.7410517258,5299699.155356507,15609.975609756098
1570936.482527462,5301168.873643915,15122.195121951221,9.21720683841984,1570640.6889217237,5300738.61491021,14634.414634146342,1570986.456462461,5301688.603420766,14634.414634146342,1571232.2761332004,5301599.13237762,15609.975609756098,1570886.508592463,5300649.143867063,15609.975609756098
1571282.2500681996,5302118.862154471,15122.195121951221,9.82897709969607,1570986.456462461,5301688.603420766,14634.414634146342,1571332.2240031988,5302638.591931323,14634.414634146342,1571578.0436739381,5302549.120888176,15609.975609756098,1571232.2761332004,5301599.13237762,15609.975609756098
1571628.0176089369,5303068.850665027,15122.195121951221,9.219604810875262,1571332.2240031988,5302638.591931323,14634.414634146342,1571677.991543936,5303588.580441879,14634.414634146342,1571923.8112146754,5303499.109398733,15609.975609756098,1571578.0436739381,5302549.120888176,15609.975609756098
1571973.7851496744,5304018.839175585,15122.195121951221,6.819266900290324,1571677.991543936,5303588.580441879,14634.414634146342,1572023.7590846734,5304538.568952436,14634.414634146342,1572269.5787554127,5304449.097909289,15609.975609756098,1571923.8112146754,5303499.109398733,15609.975609756098
1572319.552690412,5304968.82768614,15122.195121951221,5.493492687372725,1572023.7590846734,5304538.568952436,14634.414634146342,1572369.526625411,5305488.557462992,14634.414634146342,1572615.3462961505,5305399.086419846,15609.975609756098,1572269.5787554127,5304449.097909289,15609.975609756098
1572665.3202311492,5305918.816196698,15122.195121951221,6.073673088090649,1572369.526625411,5305488.557462992,14634.414634146342,1572715.2941661484,5306438.545973549,14634.414634146342,1572961.1138368878,5306349.074930402,15609.975609756098,1572615.3462961505,5305399.086419846,15609.975609756098
1573011.0877718867,5306868.804707253,15122.195121951221,5.687686514501427,1572715.2941661484,5306438.545973549,14634.414634146342,1573061.0617068857,5307388.534484105,14634.414634146342,1573306.8813776253,5307299.063440959,15609.975609756098,1572961.1138368878,5306349.074930402,15609.975609756098
1573356.8553126242,5307818.793217811,15122.195121951221,5.794218422010192,1573061.0617068857,5307388.534484105,14634.414634146342,1573406.8292476234,5308338.522994662,14634.414634146342,1573652.6489183628,5308249.0519515155,15609.975609756098,1573306.8813776253,5307299.063440959,15609.975609756098
1573702.6228533615,5308768.781728367,15122.195121951221,5.7523988677570514,1573406.8292476234,5308338.522994662,14634.414634146342,1573752.5967883607,5309288.511505218,14634.414634146342,1573998.4164591,5309199.040462072,15609.975609756098,1573652.6489183628,5308249.0519515155,15609.975609756098
1574048.390394099,5309718.770238923,15122.195121951221,6.287452459343562,1573752.5967883607,5309288.511505218,14634.414634146342,1574098.364329098,5310238.500015775,14634.414634146342,1574344.1839998376,5310149.0289726285,15609.975609756098,1573998.4164591,5309199.040462072,15609.975609756098
1574394.1579348366,5310668.758749479,15122.195121951221,6.915897057508422,1574098.364329098,5310238.500015775,14634.414634146342,1574444.1318698358,5311188.488526331,14634.414634146342,1574689.9515405751,5311099.017483185,15609.975609756098,1574344.1839998376,5310149.0289726285,15609.975609756098
1574739.925475574,5311618.747260037,15122.195121951221,6.417197567441747,1574444.1318698358,5311188.488526331,14634.414634146342,1574789.899410573,5312138.477036888,14634.414634146342,1575035.7190813127,5312049.005993742,15609.975609756098,1574689.9515405751,5311099.017483185,15609.975609756098
1575085.6930163116,5312568.7357705925,15122.195121951221,5.570209678155879,1574789.899410573,5312138.477036888,14634.414634146342,1575135.6669513106,5313088.465547444,14634.414634146342,1575381.48662205,5312998.994504298,15609.975609756098,1575035.7190813127,5312049.005993742,15609.975609756098
1575431.4605570491,5313518.72428115,15122.195121951221,5.284834561784322,1575135.6669513106,5313088.465547444,14634.414634146342,1575481.434492048,5314038.454058001,14634.414634146342,1575727.2541627877,5313948.983014855,15609.975609756098,1575381.48662205,5312998.994504298,15609.975609756098
1575777.2280977864,5314468.7127917055,15122.195121951221,5.2502899782963,1575481.434492048,5314038.454058001,14634.414634146342,1575827.2020327854,5314988.442568557,14634.414634146342,1576073.021703525,5314898.971525411,15609.975609756098,1575727.2541627877,5313948.983014855,15609.975609756098
1576122.9956385242,5315418.701302263,15122.195121951221,4.124122392769666,1575827.2020327854,5314988.442568557,14634.414634146342,1576172.969573523,5315938.431079114,14634.414634146342,1576418.7892442623,5315848.960035968,15609.975609756098,1576073.021703525,5314898.971525411,15609.975609756098
1576468.7631792612,5316368.6898128195,15122.195121951221,3.2014084415283346,1576172.969573523,5315938.431079114,14634.414634146342,1576518.7371142604,5316888.41958967,14634.414634146342,1576764.556785,5316798.948546524,15609.975609756098,1576418.7892442623,5315848.960035968,15609.975609756098
1576814.5307199988,5317318.678323375,15122.195121951221,2.8059732667691946,1576518.7371142604,5316888.41958967,14634.414634146342,1576864.504654998,5317838.408100227,14634.414634146342,1577110.3243257373,5317748.937057081,15609.975609756098,1576764.556785,5316798.948546524,15609.975609756098
1577160.2982607365,5318268.666833932,15122.195121951221,2.746364477558796,1576864.504654998,5317838.408100227,14634.414634146342,1577210.2721957352,5318788.396610783,14634.414634146342,1577456.0918664746,5318698.925567637,15609.975609756098,1577110.3243257373,5317748.937057081,15609.975609756098
1577506.0658014738,5319218.655344489,15122.195121951221,2.141562871903894,1577210.2721957352,5318788.396610783,14634.414634146342,1577556.0397364728,5319738.38512134,14634.414634146342,1577801.8594072124,5319648.914078194,15609.975609756098,1577456.0918664746,5318698.925567637,15609.975609756098
1577851.833342211,5320168.643855045,15122.195121951221,1.4721919778094055,1577556.0397364728,5319738.38512134,14634.414634146342,1577901.8072772103,5320688.373631896,14634.414634146342,1578147.6269479496,5320598.90258875,15609.975609756098,1577801.8594072124,5319648.914078194,15609.975609756098
1578197.6008829488,5321118.632365602,15122.195121951221,0.68927392232321,1577901.8072772103,5320688.373631896,14634.414634146342,1578247.5748179476,5321638.362142453,14634.414634146342,1578493.3944886872,5321548.891099307,15609.975609756098,1578147.6269479496,5320598.90258875,15609.975609756098
1578543.368423686,5322068.620876158,15122.195121951221,0.3116871144556683,1578247.5748179476,5321638.362142453,14634.414634146342,1578593.342358685,5322588.3506530095,14634.414634146342,1578839.1620294247,5322498.879609863,15609.975609756098,1578493.3944886872,5321548.891099307,15609.975609756098
1578889.1359644234,5323018.609386715,15122.195121951221,0.3388270028866252,1578593.342358685,5322588.3506530095,14634.414634146342,1578939.1098994226,5323538.339163566,14634.414634146342,1579184.929570162,5323448.86812042,15609.975609756098,1578839.1620294247,5322498.879609863,15609.975609756098
1579234.9035051612,5323968.597897272,15122.195121951221,0.8764521685051403,1578939.1098994226,5323538.339163566,14634.414634146342,1579284.87744016,5324488.3276741225,14634.414634146342,1579530.6971108995,5324398.856630976,15609.975609756098,1579184.929570162,5323448.86812042,15609.975609756098
1579580.6710458985,5324918.586407827,15122.195121951221,1.0699426605098685,1579284.87744016,5324488.3276741225,14634.414634146342,1579630.6449808974,5325438.316184679,14634.414634146342,1579876.464651637,5325348.845141533,15609.975609756098,1579530.6971108995,5324398.856630976,15609.975609756098
1579926.438586636,5325868.574918384,15122.195121951221,0.9186621919721384,1579630.6449808974,5325438.316184679,14634.414634146342,1579976.412521635,5326388.304695236,14634.414634146342,1580222.2321923743,5326298.833652089,15609.975609756098,1579876.464651637,5325348.845141533,15609.975609756098
1580272.2061273735,5326818.563428941,15122.195121951221,0.719672018554191,1579976.412521635,5326388.304695236,14634.414634146342,1580322.1800623722,5327338.293205792,14634.414634146342,1580567.999733112,5327248.822162646,15609.975609756098,1580222.2321923743,5326298.833652089,15609.975609756098
1580617.9736681108,5327768.551939497,15122.195121951221,0.18042538663074295,1580322.1800623722,5327338.293205792,14634.414634146342,1580667.94760311,5328288.281716349,14634.414634146342,1580913.7672738493,5328198.810673202,15609.975609756098,1580567.999733112,5327248.822162646,15609.975609756098
1580963.7412088483,5328718.540450054,15122.195121951221,0.2574365799560404,1580667.94760311,5328288.281716349,14634.414634146342,1581013.7151438473,5329238.270226905,14634.414634146342,1581259.5348145866,5329148.799183759,15609.975609756098,1580913.7672738493,5328198.810673202,15609.975609756098
1581309.5087495858,5329668.52896061,15122.195121951221,0.4685291856173183,1581013.7151438473,5329238.270226905,14634.414634146342,1581359.4826845848,5330188.258737462,14634.414634146342,1581605.3023553244,5330098.787694315,15609.975609756098,1581259.5348145866,5329148.799183759,15609.975609756098
1581655.2762903231,5330618.517471167,15122.195121951221,0.6947827535208969,1581359.4826845848,5330188.258737462,14634.414634146342,1581705.2502253223,5331138.247248018,14634.414634146342,1581951.0698960617,5331048.776204873,15609.975609756098,1581605.3023553244,5330098.787694315,15609.975609756098
1582001.0438310606,5331568.505981724,15122.195121951221,0.9842596681466924,1581705.2502253223,5331138.247248018,14634.414634146342,1582051.0177660596,5332088.235758575,14634.414634146342,1582296.8374367992,5331998.764715428,15609.975609756098,1581951.0698960617,5331048.776204873,15609.975609756098
1582346.8113717982,5332518.494492279,15122.195121951221,1.9810701260265156,1582051.0177660596,5332088.235758575,14634.414634146342,1582396.7853067974,5333038.224269131,14634.414634146342,1582642.6049775367,5332948.753225986,15609.975609756098,1582296.8374367992,5331998.764715428,15609.975609756098
1582692.5789125357,5333468.483002837,15122.195121951221,2.7302972979339506,1582396.7853067974,5333038.224269131,14634.414634146342,1582742.5528475347,5333988.212779688,14634.414634146342,1582988.372518274,5333898.7417365415,15609.975609756098,1582642.6049775367,5332948.753225986,15609.975609756098
1583038.346453273,5334418.471513393,15122.195121951221,3.3440557865161487,1582742.5528475347,5333988.212779688,14634.414634146342,1583088.320388272,5334938.201290244,14634.414634146342,1583334.1400590115,5334848.730247099,15609.975609756098,1582988.372518274,5333898.7417365415,15609.975609756098
1583384.1139940105,5335368.46002395,15122.195121951221,3.573696761009472,1583088.320388272,5334938.201290244,14634.414634146342,1583434.0879290097,5335888.189800802,14634.414634146342,1583679.907599749,5335798.718757655,15609.975609756098,1583334.1400590115,5334848.730247099,15609.975609756098
1583729.8815347478,5336318.448534506,15122.195121951221,4.8564346216970575,1583434.0879290097,5335888.189800802,14634.414634146342,1583779.855469747,5336838.178311357,14634.414634146342,1584025.6751404863,5336748.707268212,15609.975609756098,1583679.907599749,5335798.718757655,15609.975609756098
1584075.6490754853,5337268.437045063,15122.195121951221,5.238350607293406,1583779.855469747,5336838.178311357,14634.414634146342,1584125.6230104843,5337788.166821915,14634.414634146342,1584371.4426812239,5337698.695778768,15609.975609756098,1584025.6751404863,5336748.707268212,15609.975609756098
1584421.4166162228,5338218.425555619,15122.195121951221,5.088816330603988,1584125.6230104843,5337788.166821915,14634.414634146342,1584471.390551222,5338738.15533247,14634.414634146342,1584717.2102219614,5338648.684289325,15609.975609756098,1584371.4426812239,5337698.695778768,15609.975609756098
1564266.9513834526,5282079.632389639,16097.756097560974,3.8518901447796514,1563971.157777714,5281649.373655933,15609.975609756098,1564316.9253184514,5282599.3621664895,15609.975609756098,1564562.7449891907,5282509.891123343,16585.536585365855,1564216.9774484534,5281559.902612787,16585.536585365855
1564612.7189241897,5283029.620900195,16097.756097560974,2.5807718584280477,1564316.9253184514,5282599.3621664895,15609.975609756098,1564662.692859189,5283549.350677046,15609.975609756098,1564908.5125299285,5283459.8796339,16585.536585365855,1564562.7449891907,5282509.891123343,16585.536585365855
1564958.4864649272,5283979.609410751,16097.756097560974,2.8741898424993617,1564662.692859189,5283549.350677046,15609.975609756098,1565008.4603999264,5284499.3391876025,15609.975609756098,1565254.2800706658,5284409.868144456,16585.536585365855,1564908.5125299285,5283459.8796339,16585.536585365855
1565304.254005665,5284929.597921307,16097.756097560974,3.856192807527472,1565008.4603999264,5284499.3391876025,15609.975609756098,1565354.2279406637,5285449.327698159,15609.975609756098,1565600.0476114033,5285359.856655013,16585.536585365855,1565254.2800706658,5284409.868144456,16585.536585365855
1565650.0215464022,5285879.586431865,16097.756097560974,5.671916305226065,1565354.2279406637,5285449.327698159,15609.975609756098,1565699.9954814012,5286399.316208716,15609.975609756098,1565945.8151521408,5286309.845165569,16585.536585365855,1565600.0476114033,5285359.856655013,16585.536585365855
1565995.7890871398,5286829.57494242,16097.756097560974,5.491142780540113,1565699.9954814012,5286399.316208716,15609.975609756098,1566045.7630221387,5287349.304719272,15609.975609756098,1566291.582692878,5287259.833676126,16585.536585365855,1565945.8151521408,5286309.845165569,16585.536585365855
1566341.5566278773,5287779.563452978,16097.756097560974,4.993142992146454,1566045.7630221387,5287349.304719272,15609.975609756098,1566391.5305628763,5288299.293229829,15609.975609756098,1566637.3502336158,5288209.822186682,16585.536585365855,1566291.582692878,5287259.833676126,16585.536585365855
1566687.3241686143,5288729.551963533,16097.756097560974,4.642265035297312,1566391.5305628763,5288299.293229829,15609.975609756098,1566737.2981036135,5289249.281740385,15609.975609756098,1566983.1177743531,5289159.810697239,16585.536585365855,1566637.3502336158,5288209.822186682,16585.536585365855
1567033.091709352,5289679.540474091,16097.756097560974,4.767455218841754,1566737.2981036135,5289249.281740385,15609.975609756098,1567083.065644351,5290199.270250942,15609.975609756098,1567328.8853150904,5290109.799207795,16585.536585365855,1566983.1177743531,5289159.810697239,16585.536585365855
1567378.8592500896,5290629.528984647,16097.756097560974,4.847737553114171,1567083.065644351,5290199.270250942,15609.975609756098,1567428.8331850886,5291149.258761498,15609.975609756098,1567674.6528558282,5291059.787718352,16585.536585365855,1567328.8853150904,5290109.799207795,16585.536585365855
1567724.626790827,5291579.517495203,16097.756097560974,4.483892787471623,1567428.8331850886,5291149.258761498,15609.975609756098,1567774.600725826,5292099.247272055,15609.975609756098,1568020.4203965655,5292009.776228908,16585.536585365855,1567674.6528558282,5291059.787718352,16585.536585365855
1568070.3943315644,5292529.506005759,16097.756097560974,4.563767469354417,1567774.600725826,5292099.247272055,15609.975609756098,1568120.3682665634,5293049.235782611,15609.975609756098,1568366.187937303,5292959.764739465,16585.536585365855,1568020.4203965655,5292009.776228908,16585.536585365855
1568416.161872302,5293479.494516317,16097.756097560974,4.291643594383712,1568120.3682665634,5293049.235782611,15609.975609756098,1568466.1358073012,5293999.224293168,15609.975609756098,1568711.9554780405,5293909.7532500215,16585.536585365855,1568366.187937303,5292959.764739465,16585.536585365855
1568761.9294130395,5294429.483026872,16097.756097560974,3.6634915864487874,1568466.1358073012,5293999.224293168,15609.975609756098,1568811.9033480384,5294949.212803724,15609.975609756098,1569057.7230187778,5294859.741760578,16585.536585365855,1568711.9554780405,5293909.7532500215,16585.536585365855
1569107.6969537768,5295379.47153743,16097.756097560974,3.5250781514004363,1568811.9033480384,5294949.212803724,15609.975609756098,1569157.6708887757,5295899.201314281,15609.975609756098,1569403.4905595153,5295809.7302711345,16585.536585365855,1569057.7230187778,5294859.741760578,16585.536585365855
1569453.4644945143,5296329.460047985,16097.756097560974,5.199259378663003,1569157.6708887757,5295899.201314281,15609.975609756098,1569503.4384295135,5296849.189824837,15609.975609756098,1569749.2581002528,5296759.718781691,16585.536585365855,1569403.4905595153,5295809.7302711345,16585.536585365855
1569799.2320352516,5297279.448558543,16097.756097560974,6.316031649418486,1569503.4384295135,5296849.189824837,15609.975609756098,1569849.2059702508,5297799.178335394,15609.975609756098,1570095.0256409901,5297709.707292248,16585.536585365855,1569749.2581002528,5296759.718781691,16585.536585365855
1570144.9995759896,5298229.437069099,16097.756097560974,6.0695904372854566,1569849.2059702508,5297799.178335394,15609.975609756098,1570194.9735109883,5298749.16684595,15609.975609756098,1570440.7931817276,5298659.695802804,16585.536585365855,1570095.0256409901,5297709.707292248,16585.536585365855
1570490.7671167266,5299179.425579655,16097.756097560974,5.5325748290127414,1570194.9735109883,5298749.16684595,15609.975609756098,1570540.7410517258,5299699.155356507,15609.975609756098,1570786.5607224652,5299609.684313361,16585.536585365855,1570440.7931817276,5298659.695802804,16585.536585365855
1570836.5346574641,5300129.4140902115,16097.756097560974,9.025061960824123,1570540.7410517258,5299699.155356507,15609.975609756098,1570886.508592463,5300649.143867063,15609.975609756098,1571132.3282632024,5300559.672823917,16585.536585365855,1570786.5607224652,5299609.684313361,16585.536585365855
1571182.3021982014,5301079.402600769,16097.756097560974,7.99093557385258,1570886.508592463,5300649.143867063,15609.975609756098,1571232.2761332004,5301599.13237762,15609.975609756098,1571478.09580394,5301509.661334474,16585.536585365855,1571132.3282632024,5300559.672823917,16585.536585365855
1571528.069738939,5302029.391111325,16097.756097560974,6.771314864780024,1571232.2761332004,5301599.13237762,15609.975609756098,1571578.0436739381,5302549.120888176,15609.975609756098,1571823.8633446775,5302459.64984503,16585.536585365855,1571478.09580394,5301509.661334474,16585.536585365855
1571873.8372796765,5302979.379621882,16097.756097560974,7.0366243289235015,1571578.0436739381,5302549.120888176,15609.975609756098,1571923.8112146754,5303499.109398733,15609.975609756098,1572169.630885415,5303409.638355587,16585.536585365855,1571823.8633446775,5302459.64984503,16585.536585365855
1572219.604820414,5303929.368132438,16097.756097560974,6.152939953579853,1571923.8112146754,5303499.109398733,15609.975609756098,1572269.5787554127,5304449.097909289,15609.975609756098,1572515.3984261523,5304359.626866143,16585.536585365855,1572169.630885415,5303409.638355587,16585.536585365855
1572565.3723611513,5304879.356642995,16097.756097560974,7.061339609870857,1572269.5787554127,5304449.097909289,15609.975609756098,1572615.3462961505,5305399.086419846,15609.975609756098,1572861.1659668898,5305309.6153767,16585.536585365855,1572515.3984261523,5304359.626866143,16585.536585365855
1572911.1399018888,5305829.345153552,16097.756097560974,7.990491155385296,1572615.3462961505,5305399.086419846,15609.975609756098,1572961.1138368878,5306349.074930402,15609.975609756098,1573206.9335076273,5306259.603887256,16585.536585365855,1572861.1659668898,5305309.6153767,16585.536585365855
1573256.9074426263,5306779.333664107,16097.756097560974,8.538285981619257,1572961.1138368878,5306349.074930402,15609.975609756098,1573306.8813776253,5307299.063440959,15609.975609756098,1573552.7010483646,5307209.592397813,16585.536585365855,1573206.9335076273,5306259.603887256,16585.536585365855
1573602.6749833638,5307729.322174664,16097.756097560974,6.246537422398759,1573306.8813776253,5307299.063440959,15609.975609756098,1573652.6489183628,5308249.0519515155,15609.975609756098,1573898.4685891024,5308159.580908369,16585.536585365855,1573552.7010483646,5307209.592397813,16585.536585365855
1573948.4425241011,5308679.310685221,16097.756097560974,5.241888881528939,1573652.6489183628,5308249.0519515155,15609.975609756098,1573998.4164591,5309199.040462072,15609.975609756098,1574244.2361298397,5309109.569418926,16585.536585365855,1573898.4685891024,5308159.580908369,16585.536585365855
1574294.2100648389,5309629.299195777,16097.756097560974,6.17416744541293,1573998.4164591,5309199.040462072,15609.975609756098,1574344.1839998376,5310149.0289726285,15609.975609756098,1574590.003670577,5310059.557929482,16585.536585365855,1574244.2361298397,5309109.569418926,16585.536585365855
1574639.977605576,5310579.287706334,16097.756097560974,5.6082405103117985,1574344.1839998376,5310149.0289726285,15609.975609756098,1574689.9515405751,5311099.017483185,15609.975609756098,1574935.7712113147,5311009.546440039,16585.536585365855,1574590.003670577,5310059.557929482,16585.536585365855
1574985.7451463134,5311529.27621689,16097.756097560974,4.42584497127669,1574689.9515405751,5311099.017483185,15609.975609756098,1575035.7190813127,5312049.005993742,15609.975609756098,1575281.538752052,5311959.534950595,16585.536585365855,1574935.7712113147,5311009.546440039,16585.536585365855
1575331.5126870512,5312479.264727447,16097.756097560974,4.035997933164759,1575035.7190813127,5312049.005993742,15609.975609756098,1575381.48662205,5312998.994504298,15609.975609756098,1575627.3062927895,5312909.523461152,16585.536585365855,1575281.538752052,5311959.534950595,16585.536585365855
1575677.2802277885,5313429.253238004,16097.756097560974,3.786901253201005,1575381.48662205,5312998.994504298,15609.975609756098,1575727.2541627877,5313948.983014855,15609.975609756098,1575973.073833527,5313859.511971708,16585.536585365855,1575627.3062927895,5312909.523461152,16585.536585365855
1576023.0477685258,5314379.241748559,16097.756097560974,3.7204079975918387,1575727.2541627877,5313948.983014855,15609.975609756098,1576073.021703525,5314898.971525411,15609.975609756098,1576318.8413742643,5314809.500482265,16585.536585365855,1575973.073833527,5313859.511971708,16585.536585365855
1576368.8153092635,5315329.230259116,16097.756097560974,2.722902291953142,1576073.021703525,5314898.971525411,15609.975609756098,1576418.7892442623,5315848.960035968,15609.975609756098,1576664.6089150019,5315759.488992821,16585.536585365855,1576318.8413742643,5314809.500482265,16585.536585365855
1576714.5828500008,5316279.218769673,16097.756097560974,1.468756843555299,1576418.7892442623,5315848.960035968,15609.975609756098,1576764.556785,5316798.948546524,15609.975609756098,1577010.3764557394,5316709.477503378,16585.536585365855,1576664.6089150019,5315759.488992821,16585.536585365855
1577060.350390738,5317229.207280229,16097.756097560974,1.2363358140776095,1576764.556785,5316798.948546524,15609.975609756098,1577110.3243257373,5317748.937057081,15609.975609756098,1577356.1439964767,5317659.466013934,16585.536585365855,1577010.3764557394,5316709.477503378,16585.536585365855
1577406.1179314759,5318179.195790786,16097.756097560974,0.9290395062472415,1577110.3243257373,5317748.937057081,15609.975609756098,1577456.0918664746,5318698.925567637,15609.975609756098,1577701.9115372144,5318609.454524491,16585.536585365855,1577356.1439964767,5317659.466013934,16585.536585365855
1577751.8854722132,5319129.184301342,16097.756097560974,0.37978284387916084,1577456.0918664746,5318698.925567637,15609.975609756098,1577801.8594072124,5319648.914078194,15609.975609756098,1578047.6790779517,5319559.4430350475,16585.536585365855,1577701.9115372144,5318609.454524491,16585.536585365855
1578097.6530129507,5320079.172811899,16097.756097560974,0.05960904605280646,1577801.8594072124,5319648.914078194,15609.975609756098,1578147.6269479496,5320598.90258875,15609.975609756098,1578393.446618689,5320509.431545604,16585.536585365855,1578047.6790779517,5319559.4430350475,16585.536585365855
1578443.4205536882,5321029.161322456,16097.756097560974,0.16066858337033382,1578147.6269479496,5320598.90258875,15609.975609756098,1578493.3944886872,5321548.891099307,15609.975609756098,1578739.2141594267,5321459.420056161,16585.536585365855,1578393.446618689,5320509.431545604,16585.536585365855
1578789.1880944255,5321979.149833011,16097.756097560974,0.4505102437952422,1578493.3944886872,5321548.891099307,15609.975609756098,1578839.1620294247,5322498.879609863,15609.975609756098,1579084.981700164,5322409.408566717,16585.536585365855,1578739.2141594267,5321459.420056161,16585.536585365855
1579134.955635163,5322929.138343568,16097.756097560974,0.7600588923581507,1578839.1620294247,5322498.879609863,15609.975609756098,1579184.929570162,5323448.86812042,15609.975609756098,1579430.7492409016,5323359.397077274,16585.536585365855,1579084.981700164,5322409.408566717,16585.536585365855
1579480.7231759005,5323879.126854125,16097.756097560974,1.674890982741332,1579184.929570162,5323448.86812042,15609.975609756098,1579530.6971108995,5324398.856630976,15609.975609756098,1579776.516781639,5324309.38558783,16585.536585365855,1579430.7492409016,5323359.397077274,16585.536585365855
1579826.4907166378,5324829.115364681,16097.756097560974,2.533674867395149,1579530.6971108995,5324398.856630976,15609.975609756098,1579876.464651637,5325348.845141533,15609.975609756098,1580122.2843223764,5325259.374098387,16585.536585365855,1579776.516781639,5324309.38558783,16585.536585365855
1580172.2582573753,5325779.103875238,16097.756097560974,2.1355614821404814,1579876.464651637,5325348.845141533,15609.975609756098,1580222.2321923743,5326298.833652089,15609.975609756098,1580468.051863114,5326209.362608943,16585.536585365855,1580122.2843223764,5325259.374098387,16585.536585365855
1580518.0257981129,5326729.092385795,16097.756097560974,1.273620696098194,1580222.2321923743,5326298.833652089,15609.975609756098,1580567.999733112,5327248.822162646,15609.975609756098,1580813.8194038514,5327159.3511195,16585.536585365855,1580468.051863114,5326209.362608943,16585.536585365855
1580863.7933388504,5327679.0808963515,16097.756097560974,0.879907547978828,1580567.999733112,5327248.822162646,15609.975609756098,1580913.7672738493,5328198.810673202,15609.975609756098,1581159.586944589,5328109.339630056,16585.536585365855,1580813.8194038514,5327159.3511195,16585.536585365855
1581209.560879588,5328629.069406908,16097.756097560974,0.6097196038298645,1580913.7672738493,5328198.810673202,15609.975609756098,1581259.5348145866,5329148.799183759,15609.975609756098,1581505.3544853262,5329059.328140613,16585.536585365855,1581159.586944589,5328109.339630056,16585.536585365855
1581555.3284203252,5329579.057917464,16097.756097560974,0.637120127288056,1581259.5348145866,5329148.799183759,15609.975609756098,1581605.3023553244,5330098.787694315,15609.975609756098,1581851.1220260637,5330009.31665117,16585.536585365855,1581505.3544853262,5329059.328140613,16585.536585365855
1581901.0959610627,5330529.046428021,16097.756097560974,0.8506331055138244,1581605.3023553244,5330098.787694315,15609.975609756098,1581951.0698960617,5331048.776204873,15609.975609756098,1582196.8895668013,5330959.305161726,16585.536585365855,1581851.1220260637,5330009.31665117,16585.536585365855
1582246.8635018005,5331479.034938578,16097.756097560974,1.3425016040012439,1581951.0698960617,5331048.776204873,15609.975609756098,1582296.8374367992,5331998.764715428,15609.975609756098,1582542.6571075385,5331909.293672283,16585.536585365855,1582196.8895668013,5330959.305161726,16585.536585365855
1582592.6310425375,5332429.023449134,16097.756097560974,1.817167402018518,1582296.8374367992,5331998.764715428,15609.975609756098,1582642.6049775367,5332948.753225986,15609.975609756098,1582888.424648276,5332859.282182839,16585.536585365855,1582542.6571075385,5331909.293672283,16585.536585365855
1582938.398583275,5333379.011959691,16097.756097560974,2.3080177616260853,1582642.6049775367,5332948.753225986,15609.975609756098,1582988.372518274,5333898.7417365415,15609.975609756098,1583234.1921890136,5333809.270693396,16585.536585365855,1582888.424648276,5332859.282182839,16585.536585365855
1583284.1661240126,5334329.000470247,16097.756097560974,3.205548318536316,1582988.372518274,5333898.7417365415,15609.975609756098,1583334.1400590115,5334848.730247099,15609.975609756098,1583579.9597297509,5334759.259203952,16585.536585365855,1583234.1921890136,5333809.270693396,16585.536585365855
1583629.9336647498,5335278.988980804,16097.756097560974,4.539194115644488,1583334.1400590115,5334848.730247099,15609.975609756098,1583679.907599749,5335798.718757655,15609.975609756098,1583925.7272704884,5335709.247714509,16585.536585365855,1583579.9597297509,5334759.259203952,16585.536585365855
1583975.7012054874,5336228.977491361,16097.756097560974,5.890087677145041,1583679.907599749,5335798.718757655,15609.975609756098,1584025.6751404863,5336748.707268212,15609.975609756098,1584271.494811226,5336659.236225065,16585.536585365855,1583925.7272704884,5335709.247714509,16585.536585365855
1584321.4687462251,5337178.966001916,16097.756097560974,6.349490655564755,1584025.6751404863,5336748.707268212,15609.975609756098,1584371.4426812239,5337698.695778768,15609.975609756098,1584617.2623519632,5337609.224735622,16585.536585365855,1584271.494811226,5336659.236225065,16585.536585365855
1584667.2362869622,5338128.954512473,16097.756097560974,7.367317128588075,1584371.4426812239,5337698.695778768,15609.975609756098,1584717.2102219614,5338648.684289325,15609.975609756098,1584963.029892701,5338559.213246178,16585.536585365855,1584617.2623519632,5337609.224735622,16585.536585365855
1564512.7710541915,5281990.161346491,17073.317073170736,5.584177249438222,1564216.9774484534,5281559.902612787,16585.536585365855,1564562.7449891907,5282509.891123343,16585.536585365855,1564808.5646599296,5282420.420080198,17561.09756097561,1564462.797119192,5281470.4315696405,17561.09756097561
1564858.5385949288,5282940.149857049,17073.317073170736,3.9139811403381226,1564562.7449891907,5282509.891123343,16585.536585365855,1564908.5125299285,5283459.8796339,16585.536585365855,1565154.3322006671,5283370.408590754,17561.09756097561,1564808.5646599296,5282420.420080198,17561.09756097561
1565204.3061356666,5283890.138367604,17073.317073170736,4.041663998039557,1564908.5125299285,5283459.8796339,16585.536585365855,1565254.2800706658,5284409.868144456,16585.536585365855,1565500.0997414044,5284320.39710131,17561.09756097561,1565154.3322006671,5283370.408590754,17561.09756097561
1565550.0736764038,5284840.126878162,17073.317073170736,4.4118680701682305,1565254.2800706658,5284409.868144456,16585.536585365855,1565600.0476114033,5285359.856655013,16585.536585365855,1565845.867282142,5285270.385611867,17561.09756097561,1565500.0997414044,5284320.39710131,17561.09756097561
1565895.8412171411,5285790.1153887175,17073.317073170736,4.739058778644011,1565600.0476114033,5285359.856655013,16585.536585365855,1565945.8151521408,5286309.845165569,16585.536585365855,1566191.6348228795,5286220.374122424,17561.09756097561,1565845.867282142,5285270.385611867,17561.09756097561
1566241.608757879,5286740.103899275,17073.317073170736,5.210332426182333,1565945.8151521408,5286309.845165569,16585.536585365855,1566291.582692878,5287259.833676126,16585.536585365855,1566537.4023636167,5287170.36263298,17561.09756097561,1566191.6348228795,5286220.374122424,17561.09756097561
1566587.3762986162,5287690.0924098315,17073.317073170736,4.902203515871776,1566291.582692878,5287259.833676126,16585.536585365855,1566637.3502336158,5288209.822186682,16585.536585365855,1566883.1699043543,5288120.351143537,17561.09756097561,1566537.4023636167,5287170.36263298,17561.09756097561
1566933.1438393537,5288640.080920388,17073.317073170736,4.932670800116951,1566637.3502336158,5288209.822186682,16585.536585365855,1566983.1177743531,5289159.810697239,16585.536585365855,1567228.9374450918,5289070.339654093,17561.09756097561,1566883.1699043543,5288120.351143537,17561.09756097561
1567278.9113800912,5289590.069430944,17073.317073170736,5.071580596460189,1566983.1177743531,5289159.810697239,16585.536585365855,1567328.8853150904,5290109.799207795,16585.536585365855,1567574.704985829,5290020.328164649,17561.09756097561,1567228.9374450918,5289070.339654093,17561.09756097561
1567624.6789208285,5290540.057941501,17073.317073170736,4.372790307192969,1567328.8853150904,5290109.799207795,16585.536585365855,1567674.6528558282,5291059.787718352,16585.536585365855,1567920.4725265666,5290970.316675206,17561.09756097561,1567574.704985829,5290020.328164649,17561.09756097561
1567970.446461566,5291490.046452057,17073.317073170736,4.2306780474280306,1567674.6528558282,5291059.787718352,16585.536585365855,1568020.4203965655,5292009.776228908,16585.536585365855,1568266.240067304,5291920.305185763,17561.09756097561,1567920.4725265666,5290970.316675206,17561.09756097561
1568316.2140023035,5292440.034962614,17073.317073170736,3.6519507683952654,1568020.4203965655,5292009.776228908,16585.536585365855,1568366.187937303,5292959.764739465,16585.536585365855,1568612.0076080414,5292870.293696319,17561.09756097561,1568266.240067304,5291920.305185763,17561.09756097561
1568661.981543041,5293390.02347317,17073.317073170736,3.914123277419161,1568366.187937303,5292959.764739465,16585.536585365855,1568711.9554780405,5293909.7532500215,16585.536585365855,1568957.7751487792,5293820.282206876,17561.09756097561,1568612.0076080414,5292870.293696319,17561.09756097561
1569007.7490837784,5294340.011983727,17073.317073170736,4.144129705581218,1568711.9554780405,5293909.7532500215,16585.536585365855,1569057.7230187778,5294859.741760578,16585.536585365855,1569303.5426895164,5294770.270717432,17561.09756097561,1568957.7751487792,5293820.282206876,17561.09756097561
1569353.516624516,5295290.000494284,17073.317073170736,3.673447974611464,1569057.7230187778,5294859.741760578,16585.536585365855,1569403.4905595153,5295809.7302711345,16585.536585365855,1569649.3102302537,5295720.259227988,17561.09756097561,1569303.5426895164,5294770.270717432,17561.09756097561
1569699.2841652532,5296239.989004839,17073.317073170736,4.469940798708421,1569403.4905595153,5295809.7302711345,16585.536585365855,1569749.2581002528,5296759.718781691,16585.536585365855,1569995.0777709915,5296670.247738545,17561.09756097561,1569649.3102302537,5295720.259227988,17561.09756097561
1570045.0517059907,5297189.977515396,17073.317073170736,5.94864617472252,1569749.2581002528,5296759.718781691,16585.536585365855,1570095.0256409901,5297709.707292248,16585.536585365855,1570340.8453117288,5297620.236249102,17561.09756097561,1569995.0777709915,5296670.247738545,17561.09756097561
1570390.8192467284,5298139.966025953,17073.317073170736,5.987003920651229,1570095.0256409901,5297709.707292248,16585.536585365855,1570440.7931817276,5298659.695802804,16585.536585365855,1570686.6128524663,5298570.224759658,17561.09756097561,1570340.8453117288,5297620.236249102,17561.09756097561
1570736.5867874657,5299089.954536509,17073.317073170736,6.238893938616124,1570440.7931817276,5298659.695802804,16585.536585365855,1570786.5607224652,5299609.684313361,16585.536585365855,1571032.3803932038,5299520.213270214,17561.09756097561,1570686.6128524663,5298570.224759658,17561.09756097561
1571082.354328203,5300039.943047066,17073.317073170736,8.153156428799637,1570786.5607224652,5299609.684313361,16585.536585365855,1571132.3282632024,5300559.672823917,16585.536585365855,1571378.147933941,5300470.201780771,17561.09756097561,1571032.3803932038,5299520.213270214,17561.09756097561
1571428.1218689408,5300989.931557622,17073.317073170736,8.349558978108105,1571132.3282632024,5300559.672823917,16585.536585365855,1571478.09580394,5301509.661334474,16585.536585365855,1571723.9154746786,5301420.190291327,17561.09756097561,1571378.147933941,5300470.201780771,17561.09756097561
1571773.8894096778,5301939.920068179,17073.317073170736,6.787345343958967,1571478.09580394,5301509.661334474,16585.536585365855,1571823.8633446775,5302459.64984503,16585.536585365855,1572069.6830154161,5302370.178801884,17561.09756097561,1571723.9154746786,5301420.190291327,17561.09756097561
1572119.6569504153,5302889.908578736,17073.317073170736,6.376419091411167,1571823.8633446775,5302459.64984503,16585.536585365855,1572169.630885415,5303409.638355587,16585.536585365855,1572415.4505561534,5303320.167312441,17561.09756097561,1572069.6830154161,5302370.178801884,17561.09756097561
1572465.424491153,5303839.897089292,17073.317073170736,6.796006545444075,1572169.630885415,5303409.638355587,16585.536585365855,1572515.3984261523,5304359.626866143,16585.536585365855,1572761.2180968912,5304270.155822997,17561.09756097561,1572415.4505561534,5303320.167312441,17561.09756097561
1572811.1920318904,5304789.885599848,17073.317073170736,7.829495916552977,1572515.3984261523,5304359.626866143,16585.536585365855,1572861.1659668898,5305309.6153767,16585.536585365855,1573106.9856376285,5305220.1443335535,17561.09756097561,1572761.2180968912,5304270.155822997,17561.09756097561
1573156.9595726277,5305739.874110405,17073.317073170736,10.441313867957634,1572861.1659668898,5305309.6153767,16585.536585365855,1573206.9335076273,5306259.603887256,16585.536585365855,1573452.7531783658,5306170.13284411,17561.09756097561,1573106.9856376285,5305220.1443335535,17561.09756097561
1573502.7271133654,5306689.862620961,17073.317073170736,10.477684747915559,1573206.9335076273,5306259.603887256,16585.536585365855,1573552.7010483646,5307209.592397813,16585.536585365855,1573798.5207191035,5307120.121354667,17561.09756097561,1573452.7531783658,5306170.13284411,17561.09756097561
1573848.4946541027,5307639.851131518,17073.317073170736,6.583587675588481,1573552.7010483646,5307209.592397813,16585.536585365855,1573898.4685891024,5308159.580908369,16585.536585365855,1574144.2882598408,5308070.109865223,17561.09756097561,1573798.5207191035,5307120.121354667,17561.09756097561
1574194.2621948402,5308589.839642074,17073.317073170736,6.414883036452572,1573898.4685891024,5308159.580908369,16585.536585365855,1574244.2361298397,5309109.569418926,16585.536585365855,1574490.055800578,5309020.09837578,17561.09756097561,1574144.2882598408,5308070.109865223,17561.09756097561
1574540.0297355778,5309539.828152631,17073.317073170736,6.660293233925402,1574244.2361298397,5309109.569418926,16585.536585365855,1574590.003670577,5310059.557929482,16585.536585365855,1574835.8233413158,5309970.086886336,17561.09756097561,1574490.055800578,5309020.09837578,17561.09756097561
1574885.797276315,5310489.816663188,17073.317073170736,7.1009651001523935,1574590.003670577,5310059.557929482,16585.536585365855,1574935.7712113147,5311009.546440039,16585.536585365855,1575181.5908820531,5310920.075396893,17561.09756097561,1574835.8233413158,5309970.086886336,17561.09756097561
1575231.5648170526,5311439.8051737435,17073.317073170736,5.096595444805975,1574935.7712113147,5311009.546440039,16585.536585365855,1575281.538752052,5311959.534950595,16585.536585365855,1575527.3584227907,5311870.063907449,17561.09756097561,1575181.5908820531,5310920.075396893,17561.09756097561
1575577.33235779,5312389.7936843,17073.317073170736,3.815526941087723,1575281.538752052,5311959.534950595,16585.536585365855,1575627.3062927895,5312909.523461152,16585.536585365855,1575873.1259635282,5312820.052418006,17561.09756097561,1575527.3584227907,5311870.063907449,17561.09756097561
1575923.0998985276,5313339.7821948575,17073.317073170736,4.077590242412014,1575627.3062927895,5312909.523461152,16585.536585365855,1575973.073833527,5313859.511971708,16585.536585365855,1576218.8935042657,5313770.040928562,17561.09756097561,1575873.1259635282,5312820.052418006,17561.09756097561
1576268.8674392651,5314289.770705413,17073.317073170736,4.107684143636663,1575973.073833527,5313859.511971708,16585.536585365855,1576318.8413742643,5314809.500482265,16585.536585365855,1576564.661045003,5314720.029439119,17561.09756097561,1576218.8935042657,5313770.040928562,17561.09756097561
1576614.6349800024,5315239.7592159705,17073.317073170736,3.002077544662711,1576318.8413742643,5314809.500482265,16585.536585365855,1576664.6089150019,5315759.488992821,16585.536585365855,1576910.4285857405,5315670.017949675,17561.09756097561,1576564.661045003,5314720.029439119,17561.09756097561
1576960.40252074,5316189.747726526,17073.317073170736,1.1962449102255102,1576664.6089150019,5315759.488992821,16585.536585365855,1577010.3764557394,5316709.477503378,16585.536585365855,1577256.196126478,5316620.006460232,17561.09756097561,1576910.4285857405,5315670.017949675,17561.09756097561
1577306.1700614775,5317139.736237084,17073.317073170736,0.9143539546243845,1577010.3764557394,5316709.477503378,16585.536585365855,1577356.1439964767,5317659.466013934,16585.536585365855,1577601.9636672153,5317569.994970788,17561.09756097561,1577256.196126478,5316620.006460232,17561.09756097561
1577651.9376022147,5318089.72474764,17073.317073170736,1.007766786484471,1577356.1439964767,5317659.466013934,16585.536585365855,1577701.9115372144,5318609.454524491,16585.536585365855,1577947.731207953,5318519.983481345,17561.09756097561,1577601.9636672153,5317569.994970788,17561.09756097561
1577997.7051429523,5319039.713258196,17073.317073170736,0.17894025785931578,1577701.9115372144,5318609.454524491,16585.536585365855,1578047.6790779517,5319559.4430350475,16585.536585365855,1578293.4987486904,5319469.971991901,17561.09756097561,1577947.731207953,5318519.983481345,17561.09756097561
1578343.4726836898,5319989.701768752,17073.317073170736,0.21352993830299236,1578047.6790779517,5319559.4430350475,16585.536585365855,1578393.446618689,5320509.431545604,16585.536585365855,1578639.2662894276,5320419.960502458,17561.09756097561,1578293.4987486904,5319469.971991901,17561.09756097561
1578689.240224427,5320939.69027931,17073.317073170736,0.6155614630032817,1578393.446618689,5320509.431545604,16585.536585365855,1578739.2141594267,5321459.420056161,16585.536585365855,1578985.0338301652,5321369.949013014,17561.09756097561,1578639.2662894276,5320419.960502458,17561.09756097561
1579035.0077651646,5321889.678789865,17073.317073170736,0.3626916259255484,1578739.2141594267,5321459.420056161,16585.536585365855,1579084.981700164,5322409.408566717,16585.536585365855,1579330.8013709027,5322319.937523571,17561.09756097561,1578985.0338301652,5321369.949013014,17561.09756097561
1579380.7753059024,5322839.667300423,17073.317073170736,0.6193146079681731,1579084.981700164,5322409.408566717,16585.536585365855,1579430.7492409016,5323359.397077274,16585.536585365855,1579676.56891164,5323269.926034127,17561.09756097561,1579330.8013709027,5322319.937523571,17561.09756097561
1579726.5428466394,5323789.655810978,17073.317073170736,1.6120526783726772,1579430.7492409016,5323359.397077274,16585.536585365855,1579776.516781639,5324309.38558783,16585.536585365855,1580022.3364523775,5324219.914544684,17561.09756097561,1579676.56891164,5323269.926034127,17561.09756097561
1580072.310387377,5324739.644321536,17073.317073170736,1.840111433078121,1579776.516781639,5324309.38558783,16585.536585365855,1580122.2843223764,5325259.374098387,16585.536585365855,1580368.103993115,5325169.903055241,17561.09756097561,1580022.3364523775,5324219.914544684,17561.09756097561
1580418.0779281144,5325689.632832092,17073.317073170736,2.097209601600564,1580122.2843223764,5325259.374098387,16585.536585365855,1580468.051863114,5326209.362608943,16585.536585365855,1580713.8715338523,5326119.891565797,17561.09756097561,1580368.103993115,5325169.903055241,17561.09756097561
1580763.845468852,5326639.621342648,17073.317073170736,2.172628051912315,1580468.051863114,5326209.362608943,16585.536585365855,1580813.8194038514,5327159.3511195,16585.536585365855,1581059.63907459,5327069.880076354,17561.09756097561,1580713.8715338523,5326119.891565797,17561.09756097561
1581109.6130095893,5327589.609853205,17073.317073170736,1.8165477885665584,1580813.8194038514,5327159.3511195,16585.536585365855,1581159.586944589,5328109.339630056,16585.536585365855,1581405.4066153273,5328019.86858691,17561.09756097561,1581059.63907459,5327069.880076354,17561.09756097561
1581455.380550327,5328539.598363762,17073.317073170736,1.0067764028422446,1581159.586944589,5328109.339630056,16585.536585365855,1581505.3544853262,5329059.328140613,16585.536585365855,1581751.1741560646,5328969.857097467,17561.09756097561,1581405.4066153273,5328019.86858691,17561.09756097561
1581801.148091064,5329489.586874318,17073.317073170736,1.8956339278251326,1581505.3544853262,5329059.328140613,16585.536585365855,1581851.1220260637,5330009.31665117,16585.536585365855,1582096.9416968024,5329919.845608023,17561.09756097561,1581751.1741560646,5328969.857097467,17561.09756097561
1582146.9156318016,5330439.575384875,17073.317073170736,2.471203751105557,1581851.1220260637,5330009.31665117,16585.536585365855,1582196.8895668013,5330959.305161726,16585.536585365855,1582442.7092375397,5330869.83411858,17561.09756097561,1582096.9416968024,5329919.845608023,17561.09756097561
1582492.6831725393,5331389.563895431,17073.317073170736,2.8065532156367996,1582196.8895668013,5330959.305161726,16585.536585365855,1582542.6571075385,5331909.293672283,16585.536585365855,1582788.4767782772,5331819.822629136,17561.09756097561,1582442.7092375397,5330869.83411858,17561.09756097561
1582838.4507132766,5332339.552405988,17073.317073170736,2.8349012784917025,1582542.6571075385,5331909.293672283,16585.536585365855,1582888.424648276,5332859.282182839,16585.536585365855,1583134.2443190147,5332769.8111396935,17561.09756097561,1582788.4767782772,5331819.822629136,17561.09756097561
1583184.218254014,5333289.540916545,17073.317073170736,2.969814133487436,1582888.424648276,5332859.282182839,16585.536585365855,1583234.1921890136,5333809.270693396,16585.536585365855,1583480.0118597522,5333719.799650249,17561.09756097561,1583134.2443190147,5332769.8111396935,17561.09756097561
1583529.9857947517,5334239.5294271,17073.317073170736,3.7721880769965126,1583234.1921890136,5333809.270693396,16585.536585365855,1583579.9597297509,5334759.259203952,16585.536585365855,1583825.7794004895,5334669.7881608065,17561.09756097561,1583480.0118597522,5333719.799650249,17561.09756097561
1583875.7533354887,5335189.517937657,17073.317073170736,4.881902824181086,1583579.9597297509,5334759.259203952,16585.536585365855,1583925.7272704884,5335709.247714509,16585.536585365855,1584171.546941227,5335619.776671362,17561.09756097561,1583825.7794004895,5334669.7881608065,17561.09756097561
1584221.5208762262,5336139.506448214,17073.317073170736,6.43553773514809,1583925.7272704884,5335709.247714509,16585.536585365855,1584271.494811226,5336659.236225065,16585.536585365855,1584517.3144819646,5336569.76518192,17561.09756097561,1584171.546941227,5335619.776671362,17561.09756097561
1584567.288416964,5337089.49495877,17073.317073170736,5.838644102746099,1584271.494811226,5336659.236225065,16585.536585365855,1584617.2623519632,5337609.224735622,16585.536585365855,1584863.082022702,5337519.753692475,17561.09756097561,1584517.3144819646,5336569.76518192,17561.09756097561
1584913.0559577013,5338039.483469327,17073.317073170736,5.430927400263303,1584617.2623519632,5337609.224735622,16585.536585365855,1584963.029892701,5338559.213246178,16585.536585365855,1585208.8495634394,5338469.742203033,17561.09756097561,1584863.082022702,5337519.753692475,17561.09756097561
1564758.5907249306,5281900.690303346,18048.878048780487,5.209595776481688,1564462.797119192,5281470.4315696405,17561.09756097561,1564808.5646599296,5282420.420080198,17561.09756097561,1565054.3843306692,5282330.949037051,18536.658536585368,1564708.6167899314,5281380.960526494,18536.658536585368
1565104.358265668,5282850.678813903,18048.878048780487,4.771532136624085,1564808.5646599296,5282420.420080198,17561.09756097561,1565154.3322006671,5283370.408590754,17561.09756097561,1565400.1518714065,5283280.937547608,18536.658536585368,1565054.3843306692,5282330.949037051,18536.658536585368
1565450.1258064057,5283800.667324459,18048.878048780487,4.538417797089549,1565154.3322006671,5283370.408590754,17561.09756097561,1565500.0997414044,5284320.39710131,17561.09756097561,1565745.9194121438,5284230.926058164,18536.658536585368,1565400.1518714065,5283280.937547608,18536.658536585368
1565795.8933471427,5284750.655835016,18048.878048780487,4.435283848456428,1565500.0997414044,5284320.39710131,17561.09756097561,1565845.867282142,5285270.385611867,17561.09756097561,1566091.6869528815,5285180.91456872,18536.658536585368,1565745.9194121438,5284230.926058164,18536.658536585368
1566141.6608878803,5285700.644345572,18048.878048780487,5.861362618340922,1565845.867282142,5285270.385611867,17561.09756097561,1566191.6348228795,5286220.374122424,17561.09756097561,1566437.4544936188,5286130.903079277,18536.658536585368,1566091.6869528815,5285180.91456872,18536.658536585368
1566487.428428618,5286650.632856129,18048.878048780487,7.718874309942997,1566191.6348228795,5286220.374122424,17561.09756097561,1566537.4023636167,5287170.36263298,17561.09756097561,1566783.222034356,5287080.891589833,18536.658536585368,1566437.4544936188,5286130.903079277,18536.658536585368
1566833.1959693553,5287600.621366686,18048.878048780487,6.767199917057252,1566537.4023636167,5287170.36263298,17561.09756097561,1566883.1699043543,5288120.351143537,17561.09756097561,1567128.9895750938,5288030.88010039,18536.658536585368,1566783.222034356,5287080.891589833,18536.658536585368
1567178.9635100926,5288550.609877241,18048.878048780487,4.626084434384507,1566883.1699043543,5288120.351143537,17561.09756097561,1567228.9374450918,5289070.339654093,17561.09756097561,1567474.7571158311,5288980.868610946,18536.658536585368,1567128.9895750938,5288030.88010039,18536.658536585368
1567524.7310508303,5289500.598387798,18048.878048780487,3.8776439524267023,1567228.9374450918,5289070.339654093,17561.09756097561,1567574.704985829,5290020.328164649,17561.09756097561,1567820.5246565684,5289930.857121503,18536.658536585368,1567474.7571158311,5288980.868610946,18536.658536585368
1567870.4985915674,5290450.586898354,18048.878048780487,3.024627187461453,1567574.704985829,5290020.328164649,17561.09756097561,1567920.4725265666,5290970.316675206,17561.09756097561,1568166.2921973062,5290880.8456320595,18536.658536585368,1567820.5246565684,5289930.857121503,18536.658536585368
1568216.266132305,5291400.575408911,18048.878048780487,3.4768032093431533,1567920.4725265666,5290970.316675206,17561.09756097561,1568266.240067304,5291920.305185763,17561.09756097561,1568512.0597380435,5291830.834142616,18536.658536585368,1568166.2921973062,5290880.8456320595,18536.658536585368
1568562.0336730427,5292350.563919468,18048.878048780487,2.8466767679647536,1568266.240067304,5291920.305185763,17561.09756097561,1568612.0076080414,5292870.293696319,17561.09756097561,1568857.827278781,5292780.822653173,18536.658536585368,1568512.0597380435,5291830.834142616,18536.658536585368
1568907.80121378,5293300.552430024,18048.878048780487,2.7027822450751118,1568612.0076080414,5292870.293696319,17561.09756097561,1568957.7751487792,5293820.282206876,17561.09756097561,1569203.5948195185,5293730.811163729,18536.658536585368,1568857.827278781,5292780.822653173,18536.658536585368
1569253.5687545172,5294250.540940581,18048.878048780487,3.086099880632985,1568957.7751487792,5293820.282206876,17561.09756097561,1569303.5426895164,5294770.270717432,17561.09756097561,1569549.3623602558,5294680.799674286,18536.658536585368,1569203.5948195185,5293730.811163729,18536.658536585368
1569599.336295255,5295200.529451137,18048.878048780487,4.04843026384273,1569303.5426895164,5294770.270717432,17561.09756097561,1569649.3102302537,5295720.259227988,17561.09756097561,1569895.1299009933,5295630.788184842,18536.658536585368,1569549.3623602558,5294680.799674286,18536.658536585368
1569945.1038359923,5296150.517961693,18048.878048780487,4.911422671379542,1569649.3102302537,5295720.259227988,17561.09756097561,1569995.0777709915,5296670.247738545,17561.09756097561,1570240.8974417308,5296580.776695399,18536.658536585368,1569895.1299009933,5295630.788184842,18536.658536585368
1570290.8713767296,5297100.50647225,18048.878048780487,5.640605877596692,1569995.0777709915,5296670.247738545,17561.09756097561,1570340.8453117288,5297620.236249102,17561.09756097561,1570586.6649824684,5297530.765205955,18536.658536585368,1570240.8974417308,5296580.776695399,18536.658536585368
1570636.6389174673,5298050.494982807,18048.878048780487,7.5551848555055825,1570340.8453117288,5297620.236249102,17561.09756097561,1570686.6128524663,5298570.224759658,17561.09756097561,1570932.4325232059,5298480.753716513,18536.658536585368,1570586.6649824684,5297530.765205955,18536.658536585368
1570982.4064582046,5299000.4834933635,18048.878048780487,8.182258478628075,1570686.6128524663,5298570.224759658,17561.09756097561,1571032.3803932038,5299520.213270214,17561.09756097561,1571278.2000639432,5299430.742227068,18536.658536585368,1570932.4325232059,5298480.753716513,18536.658536585368
1571328.1739989421,5299950.47200392,18048.878048780487,9.459460685525158,1571032.3803932038,5299520.213270214,17561.09756097561,1571378.147933941,5300470.201780771,17561.09756097561,1571623.9676046807,5300380.730737625,18536.658536585368,1571278.2000639432,5299430.742227068,18536.658536585368
1571673.9415396797,5300900.460514476,18048.878048780487,10.553698149376253,1571378.147933941,5300470.201780771,17561.09756097561,1571723.9154746786,5301420.190291327,17561.09756097561,1571969.7351454182,5301330.719248181,18536.658536585368,1571623.9676046807,5300380.730737625,18536.658536585368
1572019.7090804172,5301850.449025032,18048.878048780487,7.693634622188394,1571723.9154746786,5301420.190291327,17561.09756097561,1572069.6830154161,5302370.178801884,17561.09756097561,1572315.5026861555,5302280.707758738,18536.658536585368,1571969.7351454182,5301330.719248181,18536.658536585368
1572365.4766211545,5302800.4375355905,18048.878048780487,7.177549298794775,1572069.6830154161,5302370.178801884,17561.09756097561,1572415.4505561534,5303320.167312441,17561.09756097561,1572661.270226893,5303230.696269294,18536.658536585368,1572315.5026861555,5302280.707758738,18536.658536585368
1572711.244161892,5303750.426046145,18048.878048780487,8.751859624073237,1572415.4505561534,5303320.167312441,17561.09756097561,1572761.2180968912,5304270.155822997,17561.09756097561,1573007.0377676305,5304180.684779851,18536.658536585368,1572661.270226893,5303230.696269294,18536.658536585368
1573057.0117026293,5304700.414556703,18048.878048780487,7.615915605762077,1572761.2180968912,5304270.155822997,17561.09756097561,1573106.9856376285,5305220.1443335535,17561.09756097561,1573352.8053083678,5305130.673290407,18536.658536585368,1573007.0377676305,5304180.684779851,18536.658536585368
1573402.7792433668,5305650.403067258,18048.878048780487,8.469219756572546,1573106.9856376285,5305220.1443335535,17561.09756097561,1573452.7531783658,5306170.13284411,17561.09756097561,1573698.5728491053,5306080.661800964,18536.658536585368,1573352.8053083678,5305130.673290407,18536.658536585368
1573748.5467841043,5306600.391577816,18048.878048780487,6.260053910652651,1573452.7531783658,5306170.13284411,17561.09756097561,1573798.5207191035,5307120.121354667,17561.09756097561,1574044.3403898429,5307030.65031152,18536.658536585368,1573698.5728491053,5306080.661800964,18536.658536585368
1574094.3143248418,5307550.380088372,18048.878048780487,4.189497084278063,1573798.5207191035,5307120.121354667,17561.09756097561,1574144.2882598408,5308070.109865223,17561.09756097561,1574390.1079305804,5307980.638822077,18536.658536585368,1574044.3403898429,5307030.65031152,18536.658536585368
1574440.0818655794,5308500.368598928,18048.878048780487,5.58771282854601,1574144.2882598408,5308070.109865223,17561.09756097561,1574490.055800578,5309020.09837578,17561.09756097561,1574735.8754713177,5308930.627332633,18536.658536585368,1574390.1079305804,5307980.638822077,18536.658536585368
1574785.8494063166,5309450.357109484,18048.878048780487,6.82447048006237,1574490.055800578,5309020.09837578,17561.09756097561,1574835.8233413158,5309970.086886336,17561.09756097561,1575081.6430120552,5309880.61584319,18536.658536585368,1574735.8754713177,5308930.627332633,18536.658536585368
1575131.6169470542,5310400.345620042,18048.878048780487,6.742984305657034,1574835.8233413158,5309970.086886336,17561.09756097561,1575181.5908820531,5310920.075396893,17561.09756097561,1575427.4105527927,5310830.604353746,18536.658536585368,1575081.6430120552,5309880.61584319,18536.658536585368
1575477.384487792,5311350.334130597,18048.878048780487,5.346475160729638,1575181.5908820531,5310920.075396893,17561.09756097561,1575527.3584227907,5311870.063907449,17561.09756097561,1575773.17809353,5311780.592864303,18536.658536585368,1575427.4105527927,5310830.604353746,18536.658536585368
1575823.152028529,5312300.322641155,18048.878048780487,4.120252752533903,1575527.3584227907,5311870.063907449,17561.09756097561,1575873.1259635282,5312820.052418006,17561.09756097561,1576118.9456342678,5312730.581374859,18536.658536585368,1575773.17809353,5311780.592864303,18536.658536585368
1576168.9195692665,5313250.31115171,18048.878048780487,3.4379492015102957,1575873.1259635282,5312820.052418006,17561.09756097561,1576218.8935042657,5313770.040928562,17561.09756097561,1576464.713175005,5313680.569885416,18536.658536585368,1576118.9456342678,5312730.581374859,18536.658536585368
1576514.6871100042,5314200.299662268,18048.878048780487,2.9390532713820843,1576218.8935042657,5313770.040928562,17561.09756097561,1576564.661045003,5314720.029439119,17561.09756097561,1576810.4807157423,5314630.5583959725,18536.658536585368,1576464.713175005,5313680.569885416,18536.658536585368
1576860.4546507415,5315150.288172824,18048.878048780487,2.4143182338646354,1576564.661045003,5314720.029439119,17561.09756097561,1576910.4285857405,5315670.017949675,17561.09756097561,1577156.24825648,5315580.546906529,18536.658536585368,1576810.4807157423,5314630.5583959725,18536.658536585368
1577206.2221914788,5316100.27668338,18048.878048780487,1.6232533090799497,1576910.4285857405,5315670.017949675,17561.09756097561,1577256.196126478,5316620.006460232,17561.09756097561,1577502.0157972174,5316530.5354170855,18536.658536585368,1577156.24825648,5315580.546906529,18536.658536585368
1577551.9897322166,5317050.265193936,18048.878048780487,1.695206928124537,1577256.196126478,5316620.006460232,17561.09756097561,1577601.9636672153,5317569.994970788,17561.09756097561,1577847.7833379547,5317480.523927642,18536.658536585368,1577502.0157972174,5316530.5354170855,18536.658536585368
1577897.7572729539,5318000.253704494,18048.878048780487,1.747648048554566,1577601.9636672153,5317569.994970788,17561.09756097561,1577947.731207953,5318519.983481345,17561.09756097561,1578193.5508786924,5318430.512438199,18536.658536585368,1577847.7833379547,5317480.523927642,18536.658536585368
1578243.5248136912,5318950.242215049,18048.878048780487,1.293565191389183,1577947.731207953,5318519.983481345,17561.09756097561,1578293.4987486904,5319469.971991901,17561.09756097561,1578539.3184194297,5319380.500948755,18536.658536585368,1578193.5508786924,5318430.512438199,18536.658536585368
1578589.292354429,5319900.230725607,18048.878048780487,0.8067533695851213,1578293.4987486904,5319469.971991901,17561.09756097561,1578639.2662894276,5320419.960502458,17561.09756097561,1578885.085960167,5320330.489459312,18536.658536585368,1578539.3184194297,5319380.500948755,18536.658536585368
1578935.0598951662,5320850.219236163,18048.878048780487,0.6669042686062323,1578639.2662894276,5320419.960502458,17561.09756097561,1578985.0338301652,5321369.949013014,17561.09756097561,1579230.8535009047,5321280.477969868,18536.658536585368,1578885.085960167,5320330.489459312,18536.658536585368
1579280.8274359035,5321800.20774672,18048.878048780487,0.8004418018868145,1578985.0338301652,5321369.949013014,17561.09756097561,1579330.8013709027,5322319.937523571,17561.09756097561,1579576.621041642,5322230.466480425,18536.658536585368,1579230.8535009047,5321280.477969868,18536.658536585368
1579626.5949766412,5322750.196257276,18048.878048780487,1.6037959876826156,1579330.8013709027,5322319.937523571,17561.09756097561,1579676.56891164,5323269.926034127,17561.09756097561,1579922.3885823796,5323180.454990981,18536.658536585368,1579576.621041642,5322230.466480425,18536.658536585368
1579972.3625173783,5323700.184767832,18048.878048780487,2.445580912296089,1579676.56891164,5323269.926034127,17561.09756097561,1580022.3364523775,5324219.914544684,17561.09756097561,1580268.156123117,5324130.443501539,18536.658536585368,1579922.3885823796,5323180.454990981,18536.658536585368
1580318.1300581158,5324650.1732783895,18048.878048780487,3.127810242510173,1580022.3364523775,5324219.914544684,17561.09756097561,1580368.103993115,5325169.903055241,17561.09756097561,1580613.9236638544,5325080.432012094,18536.658536585368,1580268.156123117,5324130.443501539,18536.658536585368
1580663.8975988536,5325600.161788946,18048.878048780487,2.50568293910403,1580368.103993115,5325169.903055241,17561.09756097561,1580713.8715338523,5326119.891565797,17561.09756097561,1580959.691204592,5326030.420522652,18536.658536585368,1580613.9236638544,5325080.432012094,18536.658536585368
1581009.6651395909,5326550.150299503,18048.878048780487,2.736888569074367,1580713.8715338523,5326119.891565797,17561.09756097561,1581059.63907459,5327069.880076354,17561.09756097561,1581305.4587453294,5326980.409033207,18536.658536585368,1580959.691204592,5326030.420522652,18536.658536585368
1581355.4326803281,5327500.138810059,18048.878048780487,3.232347409141334,1581059.63907459,5327069.880076354,17561.09756097561,1581405.4066153273,5328019.86858691,17561.09756097561,1581651.226286067,5327930.397543765,18536.658536585368,1581305.4587453294,5326980.409033207,18536.658536585368
1581701.200221066,5328450.127320616,18048.878048780487,1.9858114685424784,1581405.4066153273,5328019.86858691,17561.09756097561,1581751.1741560646,5328969.857097467,17561.09756097561,1581996.9938268042,5328880.38605432,18536.658536585368,1581651.226286067,5327930.397543765,18536.658536585368
1582046.9677618032,5329400.115831172,18048.878048780487,1.8928090158182307,1581751.1741560646,5328969.857097467,17561.09756097561,1582096.9416968024,5329919.845608023,17561.09756097561,1582342.7613675417,5329830.374564878,18536.658536585368,1581996.9938268042,5328880.38605432,18536.658536585368
1582392.7353025405,5330350.10434173,18048.878048780487,3.70352122637077,1582096.9416968024,5329919.845608023,17561.09756097561,1582442.7092375397,5330869.83411858,17561.09756097561,1582688.5289082793,5330780.363075433,18536.658536585368,1582342.7613675417,5329830.374564878,18536.658536585368
1582738.5028432782,5331300.092852284,18048.878048780487,4.743404809309904,1582442.7092375397,5330869.83411858,17561.09756097561,1582788.4767782772,5331819.822629136,17561.09756097561,1583034.2964490168,5331730.351585991,18536.658536585368,1582688.5289082793,5330780.363075433,18536.658536585368
1583084.2703840157,5332250.081362842,18048.878048780487,4.06712600273012,1582788.4767782772,5331819.822629136,17561.09756097561,1583134.2443190147,5332769.8111396935,17561.09756097561,1583380.0639897543,5332680.340096546,18536.658536585368,1583034.2964490168,5331730.351585991,18536.658536585368
1583430.0379247533,5333200.069873398,18048.878048780487,3.1097367958384745,1583134.2443190147,5332769.8111396935,17561.09756097561,1583480.0118597522,5333719.799650249,17561.09756097561,1583725.8315304916,5333630.328607104,18536.658536585368,1583380.0639897543,5332680.340096546,18536.658536585368
1583775.8054654906,5334150.058383955,18048.878048780487,2.8844802289817664,1583480.0118597522,5333719.799650249,17561.09756097561,1583825.7794004895,5334669.7881608065,17561.09756097561,1584071.599071229,5334580.317117659,18536.658536585368,1583725.8315304916,5333630.328607104,18536.658536585368
1584121.573006228,5335100.046894511,18048.878048780487,3.845507832205668,1583825.7794004895,5334669.7881608065,17561.09756097561,1584171.546941227,5335619.776671362,17561.09756097561,1584417.3666119664,5335530.305628217,18536.658536585368,1584071.599071229,5334580.317117659,18536.658536585368
1584467.3405469654,5336050.035405068,18048.878048780487,5.735201544848084,1584171.546941227,5335619.776671362,17561.09756097561,1584517.3144819646,5336569.76518192,17561.09756097561,1584763.134152704,5336480.294138772,18536.658536585368,1584417.3666119664,5335530.305628217,18536.658536585368
1584813.108087703,5337000.023915624,18048.878048780487,5.425355728590066,1584517.3144819646,5336569.76518192,17561.09756097561,1584863.082022702,5337519.753692475,17561.09756097561,1585108.9016934414,5337430.28264933,18536.658536585368,1584763.134152704,5336480.294138772,18536.658536585368
1585158.8756284404,5337950.012426182,18048.878048780487,5.6544253941274825,1584863.082022702,5337519.753692475,17561.09756097561,1585208.8495634394,5338469.742203033,17561.09756097561,1585454.669234179,5338380.271159885,18536.658536585368,1585108.9016934414,5337430.28264933,18536.658536585368
1565004.41039567,5281811.2192602,19024.43902439025,5.030132354872564,1564708.6167899314,5281380.960526494,18536.658536585368,1565054.3843306692,5282330.949037051,18536.658536585368,1565300.2040014085,5282241.477993905,19512.219512195123,1564954.4364606708,5281291.489483348,19512.219512195123
1565350.1779364073,5282761.207770756,19024.43902439025,4.999415730896037,1565054.3843306692,5282330.949037051,18536.658536585368,1565400.1518714065,5283280.937547608,18536.658536585368,1565645.9715421458,5283191.466504461,19512.219512195123,1565300.2040014085,5282241.477993905,19512.219512195123
1565695.945477145,5283711.196281313,19024.43902439025,5.638745034849367,1565400.1518714065,5283280.937547608,18536.658536585368,1565745.9194121438,5284230.926058164,18536.658536585368,1565991.739082883,5284141.455015018,19512.219512195123,1565645.9715421458,5283191.466504461,19512.219512195123
1566041.7130178823,5284661.1847918695,19024.43902439025,7.055595260515702,1565745.9194121438,5284230.926058164,18536.658536585368,1566091.6869528815,5285180.91456872,18536.658536585368,1566337.5066236209,5285091.443525574,19512.219512195123,1565991.739082883,5284141.455015018,19512.219512195123
1566387.4805586196,5285611.173302425,19024.43902439025,9.080324326419353,1566091.6869528815,5285180.91456872,18536.658536585368,1566437.4544936188,5286130.903079277,18536.658536585368,1566683.2741643582,5286041.432036131,19512.219512195123,1566337.5066236209,5285091.443525574,19512.219512195123
1566733.2480993574,5286561.1618129825,19024.43902439025,10.410905722568653,1566437.4544936188,5286130.903079277,18536.658536585368,1566783.222034356,5287080.891589833,18536.658536585368,1567029.0417050957,5286991.420546687,19512.219512195123,1566683.2741643582,5286041.432036131,19512.219512195123
1567079.0156400946,5287511.150323538,19024.43902439025,7.014700798667409,1566783.222034356,5287080.891589833,18536.658536585368,1567128.9895750938,5288030.88010039,18536.658536585368,1567374.8092458332,5287941.409057244,19512.219512195123,1567029.0417050957,5286991.420546687,19512.219512195123
1567424.783180832,5288461.138834096,19024.43902439025,6.42888020431286,1567128.9895750938,5288030.88010039,18536.658536585368,1567474.7571158311,5288980.868610946,18536.658536585368,1567720.5767865705,5288891.3975678,19512.219512195123,1567374.8092458332,5287941.409057244,19512.219512195123
1567770.5507215697,5289411.127344652,19024.43902439025,5.6758303322988,1567474.7571158311,5288980.868610946,18536.658536585368,1567820.5246565684,5289930.857121503,18536.658536585368,1568066.344327308,5289841.386078357,19512.219512195123,1567720.5767865705,5288891.3975678,19512.219512195123
1568116.318262307,5290361.115855208,19024.43902439025,5.1201202408487285,1567820.5246565684,5289930.857121503,18536.658536585368,1568166.2921973062,5290880.8456320595,18536.658536585368,1568412.1118680455,5290791.374588913,19512.219512195123,1568066.344327308,5289841.386078357,19512.219512195123
1568462.0858030443,5291311.104365764,19024.43902439025,4.214718777087937,1568166.2921973062,5290880.8456320595,18536.658536585368,1568512.0597380435,5291830.834142616,18536.658536585368,1568757.879408783,5291741.36309947,19512.219512195123,1568412.1118680455,5290791.374588913,19512.219512195123
1568807.853343782,5292261.092876322,19024.43902439025,3.112291782459235,1568512.0597380435,5291830.834142616,18536.658536585368,1568857.827278781,5292780.822653173,18536.658536585368,1569103.6469495206,5292691.351610026,19512.219512195123,1568757.879408783,5291741.36309947,19512.219512195123
1569153.6208845195,5293211.081386877,19024.43902439025,1.7790660628020851,1568857.827278781,5292780.822653173,18536.658536585368,1569203.5948195185,5293730.811163729,18536.658536585368,1569449.414490258,5293641.340120583,19512.219512195123,1569103.6469495206,5292691.351610026,19512.219512195123
1569499.3884252568,5294161.069897435,19024.43902439025,2.0543657359839336,1569203.5948195185,5293730.811163729,18536.658536585368,1569549.3623602558,5294680.799674286,18536.658536585368,1569795.1820309954,5294591.328631139,19512.219512195123,1569449.414490258,5293641.340120583,19512.219512195123
1569845.1559659943,5295111.05840799,19024.43902439025,3.9996436859958693,1569549.3623602558,5294680.799674286,18536.658536585368,1569895.1299009933,5295630.788184842,18536.658536585368,1570140.949571733,5295541.317141696,19512.219512195123,1569795.1820309954,5294591.328631139,19512.219512195123
1570190.9235067319,5296061.046918548,19024.43902439025,5.394564011703948,1569895.1299009933,5295630.788184842,18536.658536585368,1570240.8974417308,5296580.776695399,18536.658536585368,1570486.7171124704,5296491.305652252,19512.219512195123,1570140.949571733,5295541.317141696,19512.219512195123
1570536.6910474694,5297011.035429104,19024.43902439025,6.214627417390349,1570240.8974417308,5296580.776695399,18536.658536585368,1570586.6649824684,5297530.765205955,18536.658536585368,1570832.4846532077,5297441.294162809,19512.219512195123,1570486.7171124704,5296491.305652252,19512.219512195123
1570882.4585882067,5297961.023939661,19024.43902439025,7.423334779622768,1570586.6649824684,5297530.765205955,18536.658536585368,1570932.4325232059,5298480.753716513,18536.658536585368,1571178.2521939452,5298391.282673365,19512.219512195123,1570832.4846532077,5297441.294162809,19512.219512195123
1571228.2261289442,5298911.012450217,19024.43902439025,7.096095433087131,1570932.4325232059,5298480.753716513,18536.658536585368,1571278.2000639432,5299430.742227068,18536.658536585368,1571524.0197346827,5299341.271183922,19512.219512195123,1571178.2521939452,5298391.282673365,19512.219512195123
1571573.993669682,5299861.000960774,19024.43902439025,7.793436191378135,1571278.2000639432,5299430.742227068,18536.658536585368,1571623.9676046807,5300380.730737625,18536.658536585368,1571869.78727542,5300291.2596944785,19512.219512195123,1571524.0197346827,5299341.271183922,19512.219512195123
1571919.761210419,5300810.989471329,19024.43902439025,8.571280964504373,1571623.9676046807,5300380.730737625,18536.658536585368,1571969.7351454182,5301330.719248181,18536.658536585368,1572215.5548161576,5301241.248205035,19512.219512195123,1571869.78727542,5300291.2596944785,19512.219512195123
1572265.5287511565,5301760.977981887,19024.43902439025,8.528717861837357,1571969.7351454182,5301330.719248181,18536.658536585368,1572315.5026861555,5302280.707758738,18536.658536585368,1572561.322356895,5302191.2367155915,19512.219512195123,1572215.5548161576,5301241.248205035,19512.219512195123
1572611.296291894,5302710.966492442,19024.43902439025,9.115380133051554,1572315.5026861555,5302280.707758738,18536.658536585368,1572661.270226893,5303230.696269294,18536.658536585368,1572907.0898976324,5303141.225226148,19512.219512195123,1572561.322356895,5302191.2367155915,19512.219512195123
1572957.0638326313,5303660.955003,19024.43902439025,9.29577491223294,1572661.270226893,5303230.696269294,18536.658536585368,1573007.0377676305,5304180.684779851,18536.658536585368,1573252.85743837,5304091.213736705,19512.219512195123,1572907.0898976324,5303141.225226148,19512.219512195123
1573302.8313733689,5304610.943513556,19024.43902439025,8.145421085069737,1573007.0377676305,5304180.684779851,18536.658536585368,1573352.8053083678,5305130.673290407,18536.658536585368,1573598.6249791074,5305041.202247261,19512.219512195123,1573252.85743837,5304091.213736705,19512.219512195123
1573648.5989141066,5305560.932024112,19024.43902439025,7.694691885825904,1573352.8053083678,5305130.673290407,18536.658536585368,1573698.5728491053,5306080.661800964,18536.658536585368,1573944.3925198447,5305991.190757818,19512.219512195123,1573598.6249791074,5305041.202247261,19512.219512195123
1573994.3664548437,5306510.9205346685,19024.43902439025,6.666106106690023,1573698.5728491053,5306080.661800964,18536.658536585368,1574044.3403898429,5307030.65031152,18536.658536585368,1574290.1600605824,5306941.179268374,19512.219512195123,1573944.3925198447,5305991.190757818,19512.219512195123
1574340.1339955812,5307460.909045226,19024.43902439025,4.4922976644523755,1574044.3403898429,5307030.65031152,18536.658536585368,1574390.1079305804,5307980.638822077,18536.658536585368,1574635.9276013197,5307891.167778931,19512.219512195123,1574290.1600605824,5306941.179268374,19512.219512195123
1574685.901536319,5308410.8975557815,19024.43902439025,4.61522728808094,1574390.1079305804,5307980.638822077,18536.658536585368,1574735.8754713177,5308930.627332633,18536.658536585368,1574981.695142057,5308841.156289487,19512.219512195123,1574635.9276013197,5307891.167778931,19512.219512195123
1575031.6690770562,5309360.886066339,19024.43902439025,5.885463957523521,1574735.8754713177,5308930.627332633,18536.658536585368,1575081.6430120552,5309880.61584319,18536.658536585368,1575327.4626827948,5309791.144800044,19512.219512195123,1574981.695142057,5308841.156289487,19512.219512195123
1575377.4366177935,5310310.874576895,19024.43902439025,4.737685902757103,1575081.6430120552,5309880.61584319,18536.658536585368,1575427.4105527927,5310830.604353746,18536.658536585368,1575673.230223532,5310741.1333106,19512.219512195123,1575327.4626827948,5309791.144800044,19512.219512195123
1575723.2041585313,5311260.863087452,19024.43902439025,4.034405948571683,1575427.4105527927,5310830.604353746,18536.658536585368,1575773.17809353,5311780.592864303,18536.658536585368,1576018.9977642696,5311691.121821157,19512.219512195123,1575673.230223532,5310741.1333106,19512.219512195123
1576068.9716992686,5312210.851598009,19024.43902439025,3.9008511463603734,1575773.17809353,5311780.592864303,18536.658536585368,1576118.9456342678,5312730.581374859,18536.658536585368,1576364.765305007,5312641.110331713,19512.219512195123,1576018.9977642696,5311691.121821157,19512.219512195123
1576414.7392400058,5313160.840108564,19024.43902439025,3.262581998419854,1576118.9456342678,5312730.581374859,18536.658536585368,1576464.713175005,5313680.569885416,18536.658536585368,1576710.5328457444,5313591.09884227,19512.219512195123,1576364.765305007,5312641.110331713,19512.219512195123
1576760.5067807436,5314110.828619121,19024.43902439025,2.302322917805521,1576464.713175005,5313680.569885416,18536.658536585368,1576810.4807157423,5314630.5583959725,18536.658536585368,1577056.300386482,5314541.087352826,19512.219512195123,1576710.5328457444,5313591.09884227,19512.219512195123
1577106.274321481,5315060.817129678,19024.43902439025,1.508199958295431,1576810.4807157423,5314630.5583959725,18536.658536585368,1577156.24825648,5315580.546906529,18536.658536585368,1577402.0679272194,5315491.075863383,19512.219512195123,1577056.300386482,5314541.087352826,19512.219512195123
1577452.0418622182,5316010.805640234,19024.43902439025,0.8498808952991305,1577156.24825648,5315580.546906529,18536.658536585368,1577502.0157972174,5316530.5354170855,18536.658536585368,1577747.8354679567,5316441.064373939,19512.219512195123,1577402.0679272194,5315491.075863383,19512.219512195123
1577797.809402956,5316960.794150791,19024.43902439025,1.0394016723797759,1577502.0157972174,5316530.5354170855,18536.658536585368,1577847.7833379547,5317480.523927642,18536.658536585368,1578093.6030086942,5317391.052884496,19512.219512195123,1577747.8354679567,5316441.064373939,19512.219512195123
1578143.5769436932,5317910.782661347,19024.43902439025,1.8227381796376039,1577847.7833379547,5317480.523927642,18536.658536585368,1578193.5508786924,5318430.512438199,18536.658536585368,1578439.3705494318,5318341.041395052,19512.219512195123,1578093.6030086942,5317391.052884496,19512.219512195123
1578489.3444844305,5318860.771171904,19024.43902439025,2.410781284775207,1578193.5508786924,5318430.512438199,18536.658536585368,1578539.3184194297,5319380.500948755,18536.658536585368,1578785.138090169,5319291.02990561,19512.219512195123,1578439.3705494318,5318341.041395052,19512.219512195123
1578835.1120251683,5319810.759682461,19024.43902439025,1.10956245670813,1578539.3184194297,5319380.500948755,18536.658536585368,1578885.085960167,5320330.489459312,18536.658536585368,1579130.9056309066,5320241.018416165,19512.219512195123,1578785.138090169,5319291.02990561,19512.219512195123
1579180.8795659055,5320760.748193016,19024.43902439025,0.8428266914924465,1578885.085960167,5320330.489459312,18536.658536585368,1579230.8535009047,5321280.477969868,18536.658536585368,1579476.673171644,5321191.006926723,19512.219512195123,1579130.9056309066,5320241.018416165,19512.219512195123
1579526.6471066428,5321710.736703574,19024.43902439025,1.0624937808978798,1579230.8535009047,5321280.477969868,18536.658536585368,1579576.621041642,5322230.466480425,18536.658536585368,1579822.4407123816,5322140.995437278,19512.219512195123,1579476.673171644,5321191.006926723,19512.219512195123
1579872.4146473806,5322660.72521413,19024.43902439025,2.3240663622038165,1579576.621041642,5322230.466480425,18536.658536585368,1579922.3885823796,5323180.454990981,18536.658536585368,1580168.208253119,5323090.983947836,19512.219512195123,1579822.4407123816,5322140.995437278,19512.219512195123
1580218.182188118,5323610.713724687,19024.43902439025,2.850055872088417,1579922.3885823796,5323180.454990981,18536.658536585368,1580268.156123117,5324130.443501539,18536.658536585368,1580513.9757938564,5324040.972458391,19512.219512195123,1580168.208253119,5323090.983947836,19512.219512195123
1580563.9497288552,5324560.702235243,19024.43902439025,2.633798849200705,1580268.156123117,5324130.443501539,18536.658536585368,1580613.9236638544,5325080.432012094,18536.658536585368,1580859.743334594,5324990.960968949,19512.219512195123,1580513.9757938564,5324040.972458391,19512.219512195123
1580909.717269593,5325510.6907458,19024.43902439025,2.367214628917411,1580613.9236638544,5325080.432012094,18536.658536585368,1580959.691204592,5326030.420522652,18536.658536585368,1581205.5108753315,5325940.9494795045,19512.219512195123,1580859.743334594,5324990.960968949,19512.219512195123
1581255.4848103304,5326460.679256356,19024.43902439025,1.8999049289369012,1580959.691204592,5326030.420522652,18536.658536585368,1581305.4587453294,5326980.409033207,18536.658536585368,1581551.278416069,5326890.937990062,19512.219512195123,1581205.5108753315,5325940.9494795045,19512.219512195123
1581601.252351068,5327410.667766914,19024.43902439025,2.673503809628849,1581305.4587453294,5326980.409033207,18536.658536585368,1581651.226286067,5327930.397543765,18536.658536585368,1581897.0459568063,5327840.9265006175,19512.219512195123,1581551.278416069,5326890.937990062,19512.219512195123
1581947.0198918052,5328360.656277468,19024.43902439025,2.939816289752221,1581651.226286067,5327930.397543765,18536.658536585368,1581996.9938268042,5328880.38605432,18536.658536585368,1582242.8134975438,5328790.915011175,19512.219512195123,1581897.0459568063,5327840.9265006175,19512.219512195123
1582292.7874325428,5329310.644788026,19024.43902439025,1.5674568697294093,1581996.9938268042,5328880.38605432,18536.658536585368,1582342.7613675417,5329830.374564878,18536.658536585368,1582588.5810382813,5329740.903521731,19512.219512195123,1582242.8134975438,5328790.915011175,19512.219512195123
1582638.5549732803,5330260.633298582,19024.43902439025,2.2904132117903604,1582342.7613675417,5329830.374564878,18536.658536585368,1582688.5289082793,5330780.363075433,18536.658536585368,1582934.3485790186,5330690.892032288,19512.219512195123,1582588.5810382813,5329740.903521731,19512.219512195123
1582984.3225140178,5331210.621809139,19024.43902439025,3.0801196782386184,1582688.5289082793,5330780.363075433,18536.658536585368,1583034.2964490168,5331730.351585991,18536.658536585368,1583280.1161197564,5331640.880542844,19512.219512195123,1582934.3485790186,5330690.892032288,19512.219512195123
1583330.090054755,5332160.610319695,19024.43902439025,2.468518975381731,1583034.2964490168,5331730.351585991,18536.658536585368,1583380.0639897543,5332680.340096546,18536.658536585368,1583625.8836604937,5332590.869053401,19512.219512195123,1583280.1161197564,5331640.880542844,19512.219512195123
1583675.8575954929,5333110.598830252,19024.43902439025,2.139386249374662,1583380.0639897543,5332680.340096546,18536.658536585368,1583725.8315304916,5333630.328607104,18536.658536585368,1583971.651201231,5333540.857563957,19512.219512195123,1583625.8836604937,5332590.869053401,19512.219512195123
1584021.62513623,5334060.5873408085,19024.43902439025,1.7256232706810155,1583725.8315304916,5333630.328607104,18536.658536585368,1584071.599071229,5334580.317117659,18536.658536585368,1584317.4187419685,5334490.846074514,19512.219512195123,1583971.651201231,5333540.857563957,19512.219512195123
1584367.3926769674,5335010.575851366,19024.43902439025,2.253849942623752,1584071.599071229,5334580.317117659,18536.658536585368,1584417.3666119664,5335530.305628217,18536.658536585368,1584663.186282706,5335440.83458507,19512.219512195123,1584317.4187419685,5334490.846074514,19512.219512195123
1584713.160217705,5335960.564361921,19024.43902439025,3.4087818286559033,1584417.3666119664,5335530.305628217,18536.658536585368,1584763.134152704,5336480.294138772,18536.658536585368,1585008.9538234433,5336390.823095627,19512.219512195123,1584663.186282706,5335440.83458507,19512.219512195123
1585058.9277584425,5336910.552872478,19024.43902439025,4.244532913590496,1584763.134152704,5336480.294138772,18536.658536585368,1585108.9016934414,5337430.28264933,18536.658536585368,1585354.721364181,5337340.811606183,19512.219512195123,1585008.9538234433,5336390.823095627,19512.219512195123
1585404.6952991798,5337860.541383035,19024.43902439025,5.2965984767067065,1585108.9016934414,5337430.28264933,18536.658536585368,1585454.669234179,5338380.271159885,18536.658536585368,1585700.4889049183,5338290.80011674,19512.219512195123,1585354.721364181,5337340.811606183,19512.219512195123
1565250.2300664089,5281721.748217054,20000.0,4.793408469445418,1564954.4364606708,5281291.489483348,19512.219512195123,1565300.2040014085,5282241.477993905,19512.219512195123,1565546.0236721472,5282152.006950758,20487.78048780488,1565200.2561314097,5281202.018440203,20487.78048780488
1565595.9976071464,5282671.736727609,20000.0,4.746218251667644,1565300.2040014085,5282241.477993905,19512.219512195123,1565645.9715421458,5283191.466504461,19512.219512195123,1565891.7912128845,5283101.995461316,20487.78048780488,1565546.0236721472,5282152.006950758,20487.78048780488
1565941.765147884,5283621.725238167,20000.0,6.245543343758769,1565645.9715421458,5283191.466504461,19512.219512195123,1565991.739082883,5284141.455015018,19512.219512195123,1566237.558753622,5284051.983971871,20487.78048780488,1565891.7912128845,5283101.995461316,20487.78048780488
1566287.5326886212,5284571.713748722,20000.0,9.240964214789788,1565991.739082883,5284141.455015018,19512.219512195123,1566337.5066236209,5285091.443525574,19512.219512195123,1566583.3262943595,5285001.972482429,20487.78048780488,1566237.558753622,5284051.983971871,20487.78048780488
1566633.300229359,5285521.70225928,20000.0,9.850662559513456,1566337.5066236209,5285091.443525574,19512.219512195123,1566683.2741643582,5286041.432036131,19512.219512195123,1566929.0938350968,5285951.9609929845,20487.78048780488,1566583.3262943595,5285001.972482429,20487.78048780488
1566979.0677700962,5286471.690769836,20000.0,10.61182197244322,1566683.2741643582,5286041.432036131,19512.219512195123,1567029.0417050957,5286991.420546687,19512.219512195123,1567274.8613758343,5286901.949503542,20487.78048780488,1566929.0938350968,5285951.9609929845,20487.78048780488
1567324.8353108338,5287421.679280393,20000.0,9.925869526015934,1567029.0417050957,5286991.420546687,19512.219512195123,1567374.8092458332,5287941.409057244,19512.219512195123,1567620.6289165718,5287851.9380140975,20487.78048780488,1567274.8613758343,5286901.949503542,20487.78048780488
1567670.6028515713,5288371.667790948,20000.0,9.030092926788388,1567374.8092458332,5287941.409057244,19512.219512195123,1567720.5767865705,5288891.3975678,19512.219512195123,1567966.3964573091,5288801.926524655,20487.78048780488,1567620.6289165718,5287851.9380140975,20487.78048780488
1568016.3703923086,5289321.656301506,20000.0,9.251283311436794,1567720.5767865705,5288891.3975678,19512.219512195123,1568066.344327308,5289841.386078357,19512.219512195123,1568312.1639980467,5289751.915035211,20487.78048780488,1567966.3964573091,5288801.926524655,20487.78048780488
1568362.137933046,5290271.644812061,20000.0,6.8227916824616255,1568066.344327308,5289841.386078357,19512.219512195123,1568412.1118680455,5290791.374588913,19512.219512195123,1568657.9315387842,5290701.903545768,20487.78048780488,1568312.1639980467,5289751.915035211,20487.78048780488
1568707.9054737838,5291221.633322619,20000.0,5.623567844706122,1568412.1118680455,5290791.374588913,19512.219512195123,1568757.879408783,5291741.36309947,19512.219512195123,1569003.6990795215,5291651.892056324,20487.78048780488,1568657.9315387842,5290701.903545768,20487.78048780488
1569053.673014521,5292171.6218331745,20000.0,4.5617631703895345,1568757.879408783,5291741.36309947,19512.219512195123,1569103.6469495206,5292691.351610026,19512.219512195123,1569349.4666202592,5292601.880566881,20487.78048780488,1569003.6990795215,5291651.892056324,20487.78048780488
1569399.4405552584,5293121.610343732,20000.0,4.215683316430085,1569103.6469495206,5292691.351610026,19512.219512195123,1569449.414490258,5293641.340120583,19512.219512195123,1569695.2341609965,5293551.869077437,20487.78048780488,1569349.4666202592,5292601.880566881,20487.78048780488
1569745.2080959962,5294071.598854288,20000.0,4.132617361070061,1569449.414490258,5293641.340120583,19512.219512195123,1569795.1820309954,5294591.328631139,19512.219512195123,1570041.0017017338,5294501.857587994,20487.78048780488,1569695.2341609965,5293551.869077437,20487.78048780488
1570090.9756367335,5295021.587364845,20000.0,5.605472389964333,1569795.1820309954,5294591.328631139,19512.219512195123,1570140.949571733,5295541.317141696,19512.219512195123,1570386.7692424715,5295451.84609855,20487.78048780488,1570041.0017017338,5294501.857587994,20487.78048780488
1570436.7431774708,5295971.575875401,20000.0,7.4799336024521486,1570140.949571733,5295541.317141696,19512.219512195123,1570486.7171124704,5296491.305652252,19512.219512195123,1570732.5367832088,5296401.834609107,20487.78048780488,1570386.7692424715,5295451.84609855,20487.78048780488
1570782.5107182085,5296921.564385958,20000.0,7.941663255323167,1570486.7171124704,5296491.305652252,19512.219512195123,1570832.4846532077,5297441.294162809,19512.219512195123,1571078.3043239464,5297351.823119663,20487.78048780488,1570732.5367832088,5296401.834609107,20487.78048780488
1571128.2782589456,5297871.552896514,20000.0,9.9021139264481,1570832.4846532077,5297441.294162809,19512.219512195123,1571178.2521939452,5298391.282673365,19512.219512195123,1571424.0718646839,5298301.81163022,20487.78048780488,1571078.3043239464,5297351.823119663,20487.78048780488
1571474.045799683,5298821.541407071,20000.0,9.272801622117958,1571178.2521939452,5298391.282673365,19512.219512195123,1571524.0197346827,5299341.271183922,19512.219512195123,1571769.8394054212,5299251.800140776,20487.78048780488,1571424.0718646839,5298301.81163022,20487.78048780488
1571819.8133404208,5299771.529917627,20000.0,9.821288340886394,1571524.0197346827,5299341.271183922,19512.219512195123,1571869.78727542,5300291.2596944785,19512.219512195123,1572115.6069461587,5300201.788651333,20487.78048780488,1571769.8394054212,5299251.800140776,20487.78048780488
1572165.5808811581,5300721.518428184,20000.0,10.882815964886511,1571869.78727542,5300291.2596944785,19512.219512195123,1572215.5548161576,5301241.248205035,19512.219512195123,1572461.3744868962,5301151.777161889,20487.78048780488,1572115.6069461587,5300201.788651333,20487.78048780488
1572511.3484218954,5301671.506938741,20000.0,8.930413304643357,1572215.5548161576,5301241.248205035,19512.219512195123,1572561.322356895,5302191.2367155915,19512.219512195123,1572807.1420276337,5302101.765672446,20487.78048780488,1572461.3744868962,5301151.777161889,20487.78048780488
1572857.1159626332,5302621.495449297,20000.0,7.062307968231213,1572561.322356895,5302191.2367155915,19512.219512195123,1572907.0898976324,5303141.225226148,19512.219512195123,1573152.909568371,5303051.754183002,20487.78048780488,1572807.1420276337,5302101.765672446,20487.78048780488
1573202.8835033702,5303571.483959853,20000.0,7.008506424879576,1572907.0898976324,5303141.225226148,19512.219512195123,1573252.85743837,5304091.213736705,19512.219512195123,1573498.6771091085,5304001.742693558,20487.78048780488,1573152.909568371,5303051.754183002,20487.78048780488
1573548.6510441077,5304521.47247041,20000.0,7.090265099233806,1573252.85743837,5304091.213736705,19512.219512195123,1573598.6249791074,5305041.202247261,19512.219512195123,1573844.4446498458,5304951.731204115,20487.78048780488,1573498.6771091085,5304001.742693558,20487.78048780488
1573894.4185848455,5305471.460980966,20000.0,5.32629900997656,1573598.6249791074,5305041.202247261,19512.219512195123,1573944.3925198447,5305991.190757818,19512.219512195123,1574190.2121905833,5305901.719714672,20487.78048780488,1573844.4446498458,5304951.731204115,20487.78048780488
1574240.1861255828,5306421.449491523,20000.0,4.3513603258620694,1573944.3925198447,5305991.190757818,19512.219512195123,1574290.1600605824,5306941.179268374,19512.219512195123,1574535.9797313209,5306851.708225228,20487.78048780488,1574190.2121905833,5305901.719714672,20487.78048780488
1574585.95366632,5307371.438002079,20000.0,4.237679788030512,1574290.1600605824,5306941.179268374,19512.219512195123,1574635.9276013197,5307891.167778931,19512.219512195123,1574881.7472720584,5307801.696735785,20487.78048780488,1574535.9797313209,5306851.708225228,20487.78048780488
1574931.7212070578,5308321.426512636,20000.0,4.40363598069202,1574635.9276013197,5307891.167778931,19512.219512195123,1574981.695142057,5308841.156289487,19512.219512195123,1575227.5148127957,5308751.685246341,20487.78048780488,1574881.7472720584,5307801.696735785,20487.78048780488
1575277.488747795,5309271.415023193,20000.0,5.870164385365903,1574981.695142057,5308841.156289487,19512.219512195123,1575327.4626827948,5309791.144800044,19512.219512195123,1575573.2823535332,5309701.673756897,20487.78048780488,1575227.5148127957,5308751.685246341,20487.78048780488
1575623.2562885324,5310221.403533748,20000.0,4.934599361002719,1575327.4626827948,5309791.144800044,19512.219512195123,1575673.230223532,5310741.1333106,19512.219512195123,1575919.0498942707,5310651.662267454,20487.78048780488,1575573.2823535332,5309701.673756897,20487.78048780488
1575969.0238292702,5311171.392044305,20000.0,3.960012453331119,1575673.230223532,5310741.1333106,19512.219512195123,1576018.9977642696,5311691.121821157,19512.219512195123,1576264.8174350082,5311601.650778011,20487.78048780488,1575919.0498942707,5310651.662267454,20487.78048780488
1576314.7913700077,5312121.380554862,20000.0,3.841268037726541,1576018.9977642696,5311691.121821157,19512.219512195123,1576364.765305007,5312641.110331713,19512.219512195123,1576610.5849757458,5312551.639288567,20487.78048780488,1576264.8174350082,5311601.650778011,20487.78048780488
1576660.558910745,5313071.369065418,20000.0,2.7844233362587154,1576364.765305007,5312641.110331713,19512.219512195123,1576710.5328457444,5313591.09884227,19512.219512195123,1576956.352516483,5313501.627799124,20487.78048780488,1576610.5849757458,5312551.639288567,20487.78048780488
1577006.3264514825,5314021.357575975,20000.0,2.8708357992294,1576710.5328457444,5313591.09884227,19512.219512195123,1577056.300386482,5314541.087352826,19512.219512195123,1577302.1200572206,5314451.61630968,20487.78048780488,1576956.352516483,5313501.627799124,20487.78048780488
1577352.09399222,5314971.346086532,20000.0,1.7014444936460071,1577056.300386482,5314541.087352826,19512.219512195123,1577402.0679272194,5315491.075863383,19512.219512195123,1577647.887597958,5315401.604820237,20487.78048780488,1577302.1200572206,5314451.61630968,20487.78048780488
1577697.8615329573,5315921.334597088,20000.0,0.9102816607039262,1577402.0679272194,5315491.075863383,19512.219512195123,1577747.8354679567,5316441.064373939,19512.219512195123,1577993.6551386954,5316351.593330793,20487.78048780488,1577647.887597958,5315401.604820237,20487.78048780488
1578043.629073695,5316871.323107645,20000.0,0.7604946723490942,1577747.8354679567,5316441.064373939,19512.219512195123,1578093.6030086942,5317391.052884496,19512.219512195123,1578339.4226794331,5317301.5818413505,20487.78048780488,1577993.6551386954,5316351.593330793,20487.78048780488
1578389.3966144323,5317821.311618201,20000.0,1.258092791699856,1578093.6030086942,5317391.052884496,19512.219512195123,1578439.3705494318,5318341.041395052,19512.219512195123,1578685.1902201704,5318251.570351907,20487.78048780488,1578339.4226794331,5317301.5818413505,20487.78048780488
1578735.1641551699,5318771.300128758,20000.0,1.3292125508923958,1578439.3705494318,5318341.041395052,19512.219512195123,1578785.138090169,5319291.02990561,19512.219512195123,1579030.9577609077,5319201.558862463,20487.78048780488,1578685.1902201704,5318251.570351907,20487.78048780488
1579080.9316959071,5319721.2886393145,20000.0,0.9116072688048705,1578785.138090169,5319291.02990561,19512.219512195123,1579130.9056309066,5320241.018416165,19512.219512195123,1579376.7253016455,5320151.54737302,20487.78048780488,1579030.9577609077,5319201.558862463,20487.78048780488
1579426.6992366447,5320671.277149871,20000.0,1.325454939215224,1579130.9056309066,5320241.018416165,19512.219512195123,1579476.673171644,5321191.006926723,19512.219512195123,1579722.4928423828,5321101.535883576,20487.78048780488,1579376.7253016455,5320151.54737302,20487.78048780488
1579772.4667773822,5321621.2656604275,20000.0,2.0394880850438275,1579476.673171644,5321191.006926723,19512.219512195123,1579822.4407123816,5322140.995437278,19512.219512195123,1580068.26038312,5322051.524394133,20487.78048780488,1579722.4928423828,5321101.535883576,20487.78048780488
1580118.2343181197,5322571.254170984,20000.0,3.079480543023276,1579822.4407123816,5322140.995437278,19512.219512195123,1580168.208253119,5323090.983947836,19512.219512195123,1580414.0279238578,5323001.51290469,20487.78048780488,1580068.26038312,5322051.524394133,20487.78048780488
1580464.001858857,5323521.242681541,20000.0,3.176636767927499,1580168.208253119,5323090.983947836,19512.219512195123,1580513.9757938564,5324040.972458391,19512.219512195123,1580759.795464595,5323951.501415246,20487.78048780488,1580414.0279238578,5323001.51290469,20487.78048780488
1580809.7693995947,5324471.231192098,20000.0,2.555227662283886,1580513.9757938564,5324040.972458391,19512.219512195123,1580859.743334594,5324990.960968949,19512.219512195123,1581105.5630053324,5324901.489925802,20487.78048780488,1580759.795464595,5323951.501415246,20487.78048780488
1581155.5369403318,5325421.219702653,20000.0,1.710144199320328,1580859.743334594,5324990.960968949,19512.219512195123,1581205.5108753315,5325940.9494795045,19512.219512195123,1581451.3305460701,5325851.478436359,20487.78048780488,1581105.5630053324,5324901.489925802,20487.78048780488
1581501.3044810693,5326371.20821321,20000.0,1.4122867663297494,1581205.5108753315,5325940.9494795045,19512.219512195123,1581551.278416069,5326890.937990062,19512.219512195123,1581797.0980868074,5326801.466946915,20487.78048780488,1581451.3305460701,5325851.478436359,20487.78048780488
1581847.072021807,5327321.196723767,20000.0,1.8697530719928883,1581551.278416069,5326890.937990062,19512.219512195123,1581897.0459568063,5327840.9265006175,19512.219512195123,1582142.865627545,5327751.455457472,20487.78048780488,1581797.0980868074,5326801.466946915,20487.78048780488
1582192.8395625444,5328271.185234323,20000.0,2.477715965477823,1581897.0459568063,5327840.9265006175,19512.219512195123,1582242.8134975438,5328790.915011175,19512.219512195123,1582488.6331682825,5328701.443968028,20487.78048780488,1582142.865627545,5327751.455457472,20487.78048780488
1582538.6071032817,5329221.17374488,20000.0,1.2955026235407938,1582242.8134975438,5328790.915011175,19512.219512195123,1582588.5810382813,5329740.903521731,19512.219512195123,1582834.4007090197,5329651.432478585,20487.78048780488,1582488.6331682825,5328701.443968028,20487.78048780488
1582884.3746440194,5330171.162255436,20000.0,0.6846528634768674,1582588.5810382813,5329740.903521731,19512.219512195123,1582934.3485790186,5330690.892032288,19512.219512195123,1583180.1682497573,5330601.420989141,20487.78048780488,1582834.4007090197,5329651.432478585,20487.78048780488
1583230.1421847567,5331121.150765993,20000.0,1.0292387621611512,1582934.3485790186,5330690.892032288,19512.219512195123,1583280.1161197564,5331640.880542844,19512.219512195123,1583525.9357904948,5331551.409499698,20487.78048780488,1583180.1682497573,5330601.420989141,20487.78048780488
1583575.909725494,5332071.13927655,20000.0,1.857818877080125,1583280.1161197564,5331640.880542844,19512.219512195123,1583625.8836604937,5332590.869053401,19512.219512195123,1583871.7033312323,5332501.398010254,20487.78048780488,1583525.9357904948,5331551.409499698,20487.78048780488
1583921.6772662317,5333021.127787105,20000.0,1.4203559198085174,1583625.8836604937,5332590.869053401,19512.219512195123,1583971.651201231,5333540.857563957,19512.219512195123,1584217.4708719696,5333451.386520811,20487.78048780488,1583871.7033312323,5332501.398010254,20487.78048780488
1584267.444806969,5333971.116297662,20000.0,1.9540311354097102,1583971.651201231,5333540.857563957,19512.219512195123,1584317.4187419685,5334490.846074514,19512.219512195123,1584563.238412707,5334401.375031367,20487.78048780488,1584217.4708719696,5333451.386520811,20487.78048780488
1584613.2123477063,5334921.104808219,20000.0,2.7142058692603546,1584317.4187419685,5334490.846074514,19512.219512195123,1584663.186282706,5335440.83458507,19512.219512195123,1584909.0059534446,5335351.363541924,20487.78048780488,1584563.238412707,5334401.375031367,20487.78048780488
1584958.979888444,5335871.093318775,20000.0,2.959518353846222,1584663.186282706,5335440.83458507,19512.219512195123,1585008.9538234433,5336390.823095627,19512.219512195123,1585254.773494182,5336301.35205248,20487.78048780488,1584909.0059534446,5335351.363541924,20487.78048780488
1585304.7474291814,5336821.081829332,20000.0,3.1972375040583487,1585008.9538234433,5336390.823095627,19512.219512195123,1585354.721364181,5337340.811606183,19512.219512195123,1585600.5410349194,5337251.340563037,20487.78048780488,1585254.773494182,5336301.35205248,20487.78048780488
1585650.5149699186,5337771.070339888,20000.0,4.256621869972783,1585354.721364181,5337340.811606183,19512.219512195123,1585700.4889049183,5338290.80011674,19512.219512195123,1585946.308575657,5338201.329073593,20487.78048780488,1585600.5410349194,5337251.340563037,20487.78048780488
1565496.049737148,5281632.2771739075,20975.56097560976,5.416148319307133,1565200.2561314097,5281202.018440203,20487.78048780488,1565546.0236721472,5282152.006950758,20487.78048780488,1565791.8433428865,5282062.535907613,21463.341463414636,1565446.0758021493,5281112.547397056,21463.341463414636
1565841.8172778857,5282582.265684464,20975.56097560976,7.169037037230542,1565546.0236721472,5282152.006950758,20487.78048780488,1565891.7912128845,5283101.995461316,20487.78048780488,1566137.6108836238,5283012.524418169,21463.341463414636,1565791.8433428865,5282062.535907613,21463.341463414636
1566187.584818623,5283532.2541950205,20975.56097560976,7.493708448798784,1565891.7912128845,5283101.995461316,20487.78048780488,1566237.558753622,5284051.983971871,20487.78048780488,1566483.3784243616,5283962.512928725,21463.341463414636,1566137.6108836238,5283012.524418169,21463.341463414636
1566533.3523593603,5284482.242705577,20975.56097560976,8.947041862984673,1566237.558753622,5284051.983971871,20487.78048780488,1566583.3262943595,5285001.972482429,20487.78048780488,1566829.1459650989,5284912.501439282,21463.341463414636,1566483.3784243616,5283962.512928725,21463.341463414636
1566879.119900098,5285432.231216134,20975.56097560976,7.635285717523857,1566583.3262943595,5285001.972482429,20487.78048780488,1566929.0938350968,5285951.9609929845,20487.78048780488,1567174.9135058362,5285862.489949839,21463.341463414636,1566829.1459650989,5284912.501439282,21463.341463414636
1567224.8874408351,5286382.219726691,20975.56097560976,8.253772823528747,1566929.0938350968,5285951.9609929845,20487.78048780488,1567274.8613758343,5286901.949503542,20487.78048780488,1567520.681046574,5286812.478460395,21463.341463414636,1567174.9135058362,5285862.489949839,21463.341463414636
1567570.6549815726,5287332.208237246,20975.56097560976,9.924323039932029,1567274.8613758343,5286901.949503542,20487.78048780488,1567620.6289165718,5287851.9380140975,20487.78048780488,1567866.4485873112,5287762.466970952,21463.341463414636,1567520.681046574,5286812.478460395,21463.341463414636
1567916.4225223104,5288282.196747803,20975.56097560976,10.167344763119464,1567620.6289165718,5287851.9380140975,20487.78048780488,1567966.3964573091,5288801.926524655,20487.78048780488,1568212.2161280485,5288712.455481508,21463.341463414636,1567866.4485873112,5287762.466970952,21463.341463414636
1568262.1900630477,5289232.18525836,20975.56097560976,9.463349704873318,1567966.3964573091,5288801.926524655,20487.78048780488,1568312.1639980467,5289751.915035211,20487.78048780488,1568557.9836687862,5289662.443992064,21463.341463414636,1568212.2161280485,5288712.455481508,21463.341463414636
1568607.957603785,5290182.173768916,20975.56097560976,9.519509079454195,1568312.1639980467,5289751.915035211,20487.78048780488,1568657.9315387842,5290701.903545768,20487.78048780488,1568903.7512095235,5290612.432502621,21463.341463414636,1568557.9836687862,5289662.443992064,21463.341463414636
1568953.7251445227,5291132.162279473,20975.56097560976,6.300389254620466,1568657.9315387842,5290701.903545768,20487.78048780488,1569003.6990795215,5291651.892056324,20487.78048780488,1569249.518750261,5291562.421013178,21463.341463414636,1568903.7512095235,5290612.432502621,21463.341463414636
1569299.49268526,5292082.150790029,20975.56097560976,4.759757628402487,1569003.6990795215,5291651.892056324,20487.78048780488,1569349.4666202592,5292601.880566881,20487.78048780488,1569595.2862909986,5292512.409523734,21463.341463414636,1569249.518750261,5291562.421013178,21463.341463414636
1569645.2602259973,5293032.139300586,20975.56097560976,4.2876620169587785,1569349.4666202592,5292601.880566881,20487.78048780488,1569695.2341609965,5293551.869077437,20487.78048780488,1569941.053831736,5293462.398034291,21463.341463414636,1569595.2862909986,5292512.409523734,21463.341463414636
1569991.027766735,5293982.127811143,20975.56097560976,4.848794489763792,1569695.2341609965,5293551.869077437,20487.78048780488,1570041.0017017338,5294501.857587994,20487.78048780488,1570286.8213724734,5294412.386544847,21463.341463414636,1569941.053831736,5293462.398034291,21463.341463414636
1570336.7953074723,5294932.116321698,20975.56097560976,4.193907994980098,1570041.0017017338,5294501.857587994,20487.78048780488,1570386.7692424715,5295451.84609855,20487.78048780488,1570632.588913211,5295362.375055403,21463.341463414636,1570286.8213724734,5294412.386544847,21463.341463414636
1570682.5628482096,5295882.104832255,20975.56097560976,5.937220346636855,1570386.7692424715,5295451.84609855,20487.78048780488,1570732.5367832088,5296401.834609107,20487.78048780488,1570978.3564539484,5296312.36356596,21463.341463414636,1570632.588913211,5295362.375055403,21463.341463414636
1571028.3303889474,5296832.093342812,20975.56097560976,6.990533318509361,1570732.5367832088,5296401.834609107,20487.78048780488,1571078.3043239464,5297351.823119663,20487.78048780488,1571324.1239946857,5297262.352076517,21463.341463414636,1570978.3564539484,5296312.36356596,21463.341463414636
1571374.097929685,5297782.081853368,20975.56097560976,6.917443444411801,1571078.3043239464,5297351.823119663,20487.78048780488,1571424.0718646839,5298301.81163022,20487.78048780488,1571669.8915354235,5298212.340587073,21463.341463414636,1571324.1239946857,5297262.352076517,21463.341463414636
1571719.8654704222,5298732.070363925,20975.56097560976,8.697911686966428,1571424.0718646839,5298301.81163022,20487.78048780488,1571769.8394054212,5299251.800140776,20487.78048780488,1572015.6590761608,5299162.3290976295,21463.341463414636,1571669.8915354235,5298212.340587073,21463.341463414636
1572065.6330111597,5299682.058874481,20975.56097560976,9.452774363287363,1571769.8394054212,5299251.800140776,20487.78048780488,1572115.6069461587,5300201.788651333,20487.78048780488,1572361.426616898,5300112.317608186,21463.341463414636,1572015.6590761608,5299162.3290976295,21463.341463414636
1572411.400551897,5300632.047385038,20975.56097560976,8.030925970952877,1572115.6069461587,5300201.788651333,20487.78048780488,1572461.3744868962,5301151.777161889,20487.78048780488,1572707.1941576356,5301062.306118743,21463.341463414636,1572361.426616898,5300112.317608186,21463.341463414636
1572757.1680926348,5301582.035895595,20975.56097560976,6.167741130011228,1572461.3744868962,5301151.777161889,20487.78048780488,1572807.1420276337,5302101.765672446,20487.78048780488,1573052.961698373,5302012.294629299,21463.341463414636,1572707.1941576356,5301062.306118743,21463.341463414636
1573102.935633372,5302532.02440615,20975.56097560976,4.076197491278579,1572807.1420276337,5302101.765672446,20487.78048780488,1573152.909568371,5303051.754183002,20487.78048780488,1573398.7292391104,5302962.2831398565,21463.341463414636,1573052.961698373,5302012.294629299,21463.341463414636
1573448.7031741096,5303482.012916707,20975.56097560976,4.631405686735165,1573152.909568371,5303051.754183002,20487.78048780488,1573498.6771091085,5304001.742693558,20487.78048780488,1573744.496779848,5303912.271650412,21463.341463414636,1573398.7292391104,5302962.2831398565,21463.341463414636
1573794.4707148466,5304432.001427263,20975.56097560976,4.419857056306418,1573498.6771091085,5304001.742693558,20487.78048780488,1573844.4446498458,5304951.731204115,20487.78048780488,1574090.2643205854,5304862.260160969,21463.341463414636,1573744.496779848,5303912.271650412,21463.341463414636
1574140.2382555844,5305381.9899378205,20975.56097560976,3.4987858656553463,1573844.4446498458,5304951.731204115,20487.78048780488,1574190.2121905833,5305901.719714672,20487.78048780488,1574436.031861323,5305812.248671525,21463.341463414636,1574090.2643205854,5304862.260160969,21463.341463414636
1574486.005796322,5306331.978448377,20975.56097560976,3.1825355691481434,1574190.2121905833,5305901.719714672,20487.78048780488,1574535.9797313209,5306851.708225228,20487.78048780488,1574781.7994020605,5306762.237182082,21463.341463414636,1574436.031861323,5305812.248671525,21463.341463414636
1574831.7733370594,5307281.9669589335,20975.56097560976,3.1976239319935083,1574535.9797313209,5306851.708225228,20487.78048780488,1574881.7472720584,5307801.696735785,20487.78048780488,1575127.5669427977,5307712.225692638,21463.341463414636,1574781.7994020605,5306762.237182082,21463.341463414636
1575177.5408777967,5308231.95546949,20975.56097560976,3.7673927152226385,1574881.7472720584,5307801.696735785,20487.78048780488,1575227.5148127957,5308751.685246341,20487.78048780488,1575473.3344835353,5308662.214203195,21463.341463414636,1575127.5669427977,5307712.225692638,21463.341463414636
1575523.3084185342,5309181.943980047,20975.56097560976,5.2760702782224,1575227.5148127957,5308751.685246341,20487.78048780488,1575573.2823535332,5309701.673756897,20487.78048780488,1575819.1020242728,5309612.202713751,21463.341463414636,1575473.3344835353,5308662.214203195,21463.341463414636
1575869.0759592718,5310131.932490602,20975.56097560976,5.866296487469583,1575573.2823535332,5309701.673756897,20487.78048780488,1575919.0498942707,5310651.662267454,20487.78048780488,1576164.86956501,5310562.191224308,21463.341463414636,1575819.1020242728,5309612.202713751,21463.341463414636
1576214.8435000093,5311081.92100116,20975.56097560976,6.206163716581667,1575919.0498942707,5310651.662267454,20487.78048780488,1576264.8174350082,5311601.650778011,20487.78048780488,1576510.6371057478,5311512.179734864,21463.341463414636,1576164.86956501,5310562.191224308,21463.341463414636
1576560.6110407466,5312031.909511716,20975.56097560976,5.492729756974351,1576264.8174350082,5311601.650778011,20487.78048780488,1576610.5849757458,5312551.639288567,20487.78048780488,1576856.404646485,5312462.168245421,21463.341463414636,1576510.6371057478,5311512.179734864,21463.341463414636
1576906.3785814843,5312981.898022273,20975.56097560976,3.2206052362227844,1576610.5849757458,5312551.639288567,20487.78048780488,1576956.352516483,5313501.627799124,20487.78048780488,1577202.1721872226,5313412.156755978,21463.341463414636,1576856.404646485,5312462.168245421,21463.341463414636
1577252.1461222214,5313931.886532829,20975.56097560976,2.3239943410478983,1576956.352516483,5313501.627799124,20487.78048780488,1577302.1200572206,5314451.61630968,20487.78048780488,1577547.9397279602,5314362.145266534,21463.341463414636,1577202.1721872226,5313412.156755978,21463.341463414636
1577597.913662959,5314881.875043385,20975.56097560976,1.83619203449731,1577302.1200572206,5314451.61630968,20487.78048780488,1577647.887597958,5315401.604820237,20487.78048780488,1577893.7072686974,5315312.133777091,21463.341463414636,1577547.9397279602,5314362.145266534,21463.341463414636
1577943.6812036966,5315831.863553942,20975.56097560976,2.059931397010193,1577647.887597958,5315401.604820237,20487.78048780488,1577993.6551386954,5316351.593330793,20487.78048780488,1578239.474809435,5316262.122287647,21463.341463414636,1577893.7072686974,5315312.133777091,21463.341463414636
1578289.448744434,5316781.8520645,20975.56097560976,1.6078820144365957,1577993.6551386954,5316351.593330793,20487.78048780488,1578339.4226794331,5317301.5818413505,20487.78048780488,1578585.2423501725,5317212.110798204,21463.341463414636,1578239.474809435,5316262.122287647,21463.341463414636
1578635.2162851712,5317731.840575055,20975.56097560976,1.9729035429248551,1578339.4226794331,5317301.5818413505,20487.78048780488,1578685.1902201704,5318251.570351907,20487.78048780488,1578931.0098909098,5318162.09930876,21463.341463414636,1578585.2423501725,5317212.110798204,21463.341463414636
1578980.983825909,5318681.829085612,20975.56097560976,1.4565748966264187,1578685.1902201704,5318251.570351907,20487.78048780488,1579030.9577609077,5319201.558862463,20487.78048780488,1579276.7774316473,5319112.087819317,21463.341463414636,1578931.0098909098,5318162.09930876,21463.341463414636
1579326.7513666463,5319631.817596168,20975.56097560976,1.9518007080700566,1579030.9577609077,5319201.558862463,20487.78048780488,1579376.7253016455,5320151.54737302,20487.78048780488,1579622.5449723848,5320062.076329873,21463.341463414636,1579276.7774316473,5319112.087819317,21463.341463414636
1579672.5189073835,5320581.806106725,20975.56097560976,1.8745750246735198,1579376.7253016455,5320151.54737302,20487.78048780488,1579722.4928423828,5321101.535883576,20487.78048780488,1579968.312513122,5321012.06484043,21463.341463414636,1579622.5449723848,5320062.076329873,21463.341463414636
1580018.2864481213,5321531.794617282,20975.56097560976,2.259174801471081,1579722.4928423828,5321101.535883576,20487.78048780488,1580068.26038312,5322051.524394133,20487.78048780488,1580314.0800538596,5321962.053350986,21463.341463414636,1579968.312513122,5321012.06484043,21463.341463414636
1580364.0539888586,5322481.783127838,20975.56097560976,3.0366939638548174,1580068.26038312,5322051.524394133,20487.78048780488,1580414.0279238578,5323001.51290469,20487.78048780488,1580659.8475945971,5322912.041861543,21463.341463414636,1580314.0800538596,5321962.053350986,21463.341463414636
1580709.8215295959,5323431.771638395,20975.56097560976,2.9278955972275713,1580414.0279238578,5323001.51290469,20487.78048780488,1580759.795464595,5323951.501415246,20487.78048780488,1581005.6151353344,5323862.030372099,21463.341463414636,1580659.8475945971,5322912.041861543,21463.341463414636
1581055.5890703336,5324381.760148951,20975.56097560976,2.7568390500028555,1580759.795464595,5323951.501415246,20487.78048780488,1581105.5630053324,5324901.489925802,20487.78048780488,1581351.382676072,5324812.0188826565,21463.341463414636,1581005.6151353344,5323862.030372099,21463.341463414636
1581401.356611071,5325331.748659507,20975.56097560976,2.6564939399421204,1581105.5630053324,5324901.489925802,20487.78048780488,1581451.3305460701,5325851.478436359,20487.78048780488,1581697.1502168095,5325762.007393212,21463.341463414636,1581351.382676072,5324812.0188826565,21463.341463414636
1581747.1241518082,5326281.737170064,20975.56097560976,1.2967428170781172,1581451.3305460701,5325851.478436359,20487.78048780488,1581797.0980868074,5326801.466946915,20487.78048780488,1582042.917757547,5326711.9959037695,21463.341463414636,1581697.1502168095,5325762.007393212,21463.341463414636
1582092.891692546,5327231.72568062,20975.56097560976,1.85739248372454,1581797.0980868074,5326801.466946915,20487.78048780488,1582142.865627545,5327751.455457472,20487.78048780488,1582388.6852982843,5327661.984414325,21463.341463414636,1582042.917757547,5326711.9959037695,21463.341463414636
1582438.6592332833,5328181.714191177,20975.56097560976,1.826653462467332,1582142.865627545,5327751.455457472,20487.78048780488,1582488.6331682825,5328701.443968028,20487.78048780488,1582734.4528390218,5328611.972924883,21463.341463414636,1582388.6852982843,5327661.984414325,21463.341463414636
1582784.4267740205,5329131.702701734,20975.56097560976,0.9473040460583383,1582488.6331682825,5328701.443968028,20487.78048780488,1582834.4007090197,5329651.432478585,20487.78048780488,1583080.2203797593,5329561.961435438,21463.341463414636,1582734.4528390218,5328611.972924883,21463.341463414636
1583130.1943147583,5330081.691212289,20975.56097560976,0.44827417176873463,1582834.4007090197,5329651.432478585,20487.78048780488,1583180.1682497573,5330601.420989141,20487.78048780488,1583425.9879204966,5330511.949945996,21463.341463414636,1583080.2203797593,5329561.961435438,21463.341463414636
1583475.9618554958,5331031.6797228465,20975.56097560976,0.3139960331029463,1583180.1682497573,5330601.420989141,20487.78048780488,1583525.9357904948,5331551.409499698,20487.78048780488,1583771.7554612344,5331461.938456551,21463.341463414636,1583425.9879204966,5330511.949945996,21463.341463414636
1583821.729396233,5331981.668233403,20975.56097560976,0.651432177348752,1583525.9357904948,5331551.409499698,20487.78048780488,1583871.7033312323,5332501.398010254,20487.78048780488,1584117.5230019717,5332411.926967109,21463.341463414636,1583771.7554612344,5331461.938456551,21463.341463414636
1584167.4969369706,5332931.6567439595,20975.56097560976,0.5911102558242909,1583871.7033312323,5332501.398010254,20487.78048780488,1584217.4708719696,5333451.386520811,20487.78048780488,1584463.290542709,5333361.915477664,21463.341463414636,1584117.5230019717,5332411.926967109,21463.341463414636
1584513.2644777081,5333881.645254516,20975.56097560976,1.1124734897535895,1584217.4708719696,5333451.386520811,20487.78048780488,1584563.238412707,5334401.375031367,20487.78048780488,1584809.0580834467,5334311.903988222,21463.341463414636,1584463.290542709,5333361.915477664,21463.341463414636
1584859.0320184457,5334831.633765073,20975.56097560976,2.2349969521204622,1584563.238412707,5334401.375031367,20487.78048780488,1584909.0059534446,5335351.363541924,20487.78048780488,1585154.825624184,5335261.892498777,21463.341463414636,1584809.0580834467,5334311.903988222,21463.341463414636
1585204.799559183,5335781.622275629,20975.56097560976,2.7332588540128144,1584909.0059534446,5335351.363541924,20487.78048780488,1585254.773494182,5336301.35205248,20487.78048780488,1585500.5931649213,5336211.881009335,21463.341463414636,1585154.825624184,5335261.892498777,21463.341463414636
1585550.5670999205,5336731.6107861865,20975.56097560976,3.7999322208931146,1585254.773494182,5336301.35205248,20487.78048780488,1585600.5410349194,5337251.340563037,20487.78048780488,1585846.360705659,5337161.86951989,21463.341463414636,1585500.5931649213,5336211.881009335,21463.341463414636
1585896.3346406578,5337681.599296741,20975.56097560976,3.743921283398528,1585600.5410349194,5337251.340563037,20487.78048780488,1585946.308575657,5338201.329073593,20487.78048780488,1586192.1282463963,5338111.858030448,21463.341463414636,1585846.360705659,5337161.86951989,21463.341463414636
1565741.8694078873,5281542.806130761,21951.121951219513,7.380624437487542,1565446.0758021493,5281112.547397056,21463.341463414636,1565791.8433428865,5282062.535907613,21463.341463414636,1566037.663013626,5281973.064864466,22438.902439024394,1565691.8954728886,5281023.076353909,22438.902439024394
1566087.636948625,5282492.794641318,21951.121951219513,7.236977093263163,1565791.8433428865,5282062.535907613,21463.341463414636,1566137.6108836238,5283012.524418169,21463.341463414636,1566383.4305543634,5282923.053375023,22438.902439024394,1566037.663013626,5281973.064864466,22438.902439024394
1566433.4044893624,5283442.783151874,21951.121951219513,7.502138208791988,1566137.6108836238,5283012.524418169,21463.341463414636,1566483.3784243616,5283962.512928725,21463.341463414636,1566729.198095101,5283873.041885579,22438.902439024394,1566383.4305543634,5282923.053375023,22438.902439024394
1566779.1720300997,5284392.77166243,21951.121951219513,8.34899994527941,1566483.3784243616,5283962.512928725,21463.341463414636,1566829.1459650989,5284912.501439282,21463.341463414636,1567074.9656358382,5284823.0303961355,22438.902439024394,1566729.198095101,5283873.041885579,22438.902439024394
1567124.9395708374,5285342.760172987,21951.121951219513,7.593273260021058,1566829.1459650989,5284912.501439282,21463.341463414636,1567174.9135058362,5285862.489949839,21463.341463414636,1567420.7331765757,5285773.018906692,22438.902439024394,1567074.9656358382,5284823.0303961355,22438.902439024394
1567470.7071115747,5286292.748683544,21951.121951219513,6.547706462428116,1567174.9135058362,5285862.489949839,21463.341463414636,1567520.681046574,5286812.478460395,21463.341463414636,1567766.5007173133,5286723.007417249,22438.902439024394,1567420.7331765757,5285773.018906692,22438.902439024394
1567816.474652312,5287242.7371941,21951.121951219513,6.852711071412445,1567520.681046574,5286812.478460395,21463.341463414636,1567866.4485873112,5287762.466970952,21463.341463414636,1568112.2682580508,5287672.995927805,22438.902439024394,1567766.5007173133,5286723.007417249,22438.902439024394
1568162.2421930498,5288192.725704657,21951.121951219513,7.9228253844075285,1567866.4485873112,5287762.466970952,21463.341463414636,1568212.2161280485,5288712.455481508,21463.341463414636,1568458.035798788,5288622.984438362,22438.902439024394,1568112.2682580508,5287672.995927805,22438.902439024394
1568508.009733787,5289142.7142152125,21951.121951219513,8.328368039263717,1568212.2161280485,5288712.455481508,21463.341463414636,1568557.9836687862,5289662.443992064,21463.341463414636,1568803.8033395256,5289572.972948918,22438.902439024394,1568458.035798788,5288622.984438362,22438.902439024394
1568853.7772745243,5290092.702725769,21951.121951219513,8.77537235271316,1568557.9836687862,5289662.443992064,21463.341463414636,1568903.7512095235,5290612.432502621,21463.341463414636,1569149.570880263,5290522.961459475,22438.902439024394,1568803.8033395256,5289572.972948918,22438.902439024394
1569199.544815262,5291042.691236327,21951.121951219513,4.959626245029666,1568903.7512095235,5290612.432502621,21463.341463414636,1569249.518750261,5291562.421013178,21463.341463414636,1569495.3384210004,5291472.949970031,22438.902439024394,1569149.570880263,5290522.961459475,22438.902439024394
1569545.3123559996,5291992.679746882,21951.121951219513,4.464056247920324,1569249.518750261,5291562.421013178,21463.341463414636,1569595.2862909986,5292512.409523734,21463.341463414636,1569841.1059617382,5292422.938480588,22438.902439024394,1569495.3384210004,5291472.949970031,22438.902439024394
1569891.079896737,5292942.6682574395,21951.121951219513,4.728529482163482,1569595.2862909986,5292512.409523734,21463.341463414636,1569941.053831736,5293462.398034291,21463.341463414636,1570186.8735024754,5293372.926991144,22438.902439024394,1569841.1059617382,5292422.938480588,22438.902439024394
1570236.8474374744,5293892.656767996,21951.121951219513,5.1848429123639175,1569941.053831736,5293462.398034291,21463.341463414636,1570286.8213724734,5294412.386544847,21463.341463414636,1570532.6410432127,5294322.915501701,22438.902439024394,1570186.8735024754,5293372.926991144,22438.902439024394
1570582.614978212,5294842.645278553,21951.121951219513,3.276573522751565,1570286.8213724734,5294412.386544847,21463.341463414636,1570632.588913211,5295362.375055403,21463.341463414636,1570878.4085839505,5295272.904012257,22438.902439024394,1570532.6410432127,5294322.915501701,22438.902439024394
1570928.3825189495,5295792.633789109,21951.121951219513,3.5313433616541383,1570632.588913211,5295362.375055403,21463.341463414636,1570978.3564539484,5296312.36356596,21463.341463414636,1571224.1761246878,5296222.892522814,22438.902439024394,1570878.4085839505,5295272.904012257,22438.902439024394
1571274.1500596867,5296742.622299666,21951.121951219513,6.96806163098702,1570978.3564539484,5296312.36356596,21463.341463414636,1571324.1239946857,5297262.352076517,21463.341463414636,1571569.943665425,5297172.88103337,22438.902439024394,1571224.1761246878,5296222.892522814,22438.902439024394
1571619.9176004243,5297692.610810222,21951.121951219513,6.124180851987803,1571324.1239946857,5297262.352076517,21463.341463414636,1571669.8915354235,5298212.340587073,21463.341463414636,1571915.7112061628,5298122.869543928,22438.902439024394,1571569.943665425,5297172.88103337,22438.902439024394
1571965.6851411618,5298642.599320779,21951.121951219513,5.712628534724568,1571669.8915354235,5298212.340587073,21463.341463414636,1572015.6590761608,5299162.3290976295,21463.341463414636,1572261.4787469,5299072.858054483,22438.902439024394,1571915.7112061628,5298122.869543928,22438.902439024394
1572311.452681899,5299592.587831334,21951.121951219513,6.4594364104824535,1572015.6590761608,5299162.3290976295,21463.341463414636,1572361.426616898,5300112.317608186,21463.341463414636,1572607.2462876376,5300022.84656504,22438.902439024394,1572261.4787469,5299072.858054483,22438.902439024394
1572657.2202226366,5300542.576341892,21951.121951219513,6.194641984788865,1572361.426616898,5300112.317608186,21463.341463414636,1572707.1941576356,5301062.306118743,21463.341463414636,1572953.0138283751,5300972.835075596,22438.902439024394,1572607.2462876376,5300022.84656504,22438.902439024394
1573002.987763374,5301492.564852447,21951.121951219513,5.705127579350786,1572707.1941576356,5301062.306118743,21463.341463414636,1573052.961698373,5302012.294629299,21463.341463414636,1573298.7813691124,5301922.823586153,22438.902439024394,1572953.0138283751,5300972.835075596,22438.902439024394
1573348.7553041114,5302442.553363005,21951.121951219513,4.7951101092515795,1573052.961698373,5302012.294629299,21463.341463414636,1573398.7292391104,5302962.2831398565,21463.341463414636,1573644.5489098502,5302872.812096709,22438.902439024394,1573298.7813691124,5301922.823586153,22438.902439024394
1573694.522844849,5303392.541873561,21951.121951219513,3.7506440866510258,1573398.7292391104,5302962.2831398565,21463.341463414636,1573744.496779848,5303912.271650412,21463.341463414636,1573990.3164505875,5303822.800607266,22438.902439024394,1573644.5489098502,5302872.812096709,22438.902439024394
1574040.2903855864,5304342.530384117,21951.121951219513,3.34621561781635,1573744.496779848,5303912.271650412,21463.341463414636,1574090.2643205854,5304862.260160969,21463.341463414636,1574336.0839913248,5304772.789117822,22438.902439024394,1573990.3164505875,5303822.800607266,22438.902439024394
1574386.057926324,5305292.518894673,21951.121951219513,3.6994493913243844,1574090.2643205854,5304862.260160969,21463.341463414636,1574436.031861323,5305812.248671525,21463.341463414636,1574681.8515320625,5305722.777628379,22438.902439024394,1574336.0839913248,5304772.789117822,22438.902439024394
1574731.8254670613,5306242.507405231,21951.121951219513,3.7850200806582825,1574436.031861323,5305812.248671525,21463.341463414636,1574781.7994020605,5306762.237182082,21463.341463414636,1575027.6190727998,5306672.766138935,22438.902439024394,1574681.8515320625,5305722.777628379,22438.902439024394
1575077.593007799,5307192.495915786,21951.121951219513,2.8718618688692557,1574781.7994020605,5306762.237182082,21463.341463414636,1575127.5669427977,5307712.225692638,21463.341463414636,1575373.3866135373,5307622.754649492,22438.902439024394,1575027.6190727998,5306672.766138935,22438.902439024394
1575423.360548536,5308142.484426344,21951.121951219513,3.1613277783179177,1575127.5669427977,5307712.225692638,21463.341463414636,1575473.3344835353,5308662.214203195,21463.341463414636,1575719.1541542748,5308572.7431600485,22438.902439024394,1575373.3866135373,5307622.754649492,22438.902439024394
1575769.1280892736,5309092.4729369,21951.121951219513,3.359750430764561,1575473.3344835353,5308662.214203195,21463.341463414636,1575819.1020242728,5309612.202713751,21463.341463414636,1576064.9216950121,5309522.731670605,22438.902439024394,1575719.1541542748,5308572.7431600485,22438.902439024394
1576114.8956300113,5310042.461447457,21951.121951219513,5.030268651343237,1575819.1020242728,5309612.202713751,21463.341463414636,1576164.86956501,5310562.191224308,21463.341463414636,1576410.6892357497,5310472.720181162,22438.902439024394,1576064.9216950121,5309522.731670605,22438.902439024394
1576460.6631707486,5310992.449958013,21951.121951219513,6.323351229477488,1576164.86956501,5310562.191224308,21463.341463414636,1576510.6371057478,5311512.179734864,21463.341463414636,1576756.4567764872,5311422.708691718,22438.902439024394,1576410.6892357497,5310472.720181162,22438.902439024394
1576806.430711486,5311942.438468569,21951.121951219513,6.774670051160486,1576510.6371057478,5311512.179734864,21463.341463414636,1576856.404646485,5312462.168245421,21463.341463414636,1577102.2243172247,5312372.6972022755,22438.902439024394,1576756.4567764872,5311422.708691718,22438.902439024394
1577152.1982522237,5312892.426979126,21951.121951219513,5.0116301376573755,1576856.404646485,5312462.168245421,21463.341463414636,1577202.1721872226,5313412.156755978,21463.341463414636,1577447.991857962,5313322.685712831,22438.902439024394,1577102.2243172247,5312372.6972022755,22438.902439024394
1577497.9657929612,5313842.415489683,21951.121951219513,4.184247307730379,1577202.1721872226,5313412.156755978,21463.341463414636,1577547.9397279602,5314362.145266534,21463.341463414636,1577793.7593986995,5314272.674223389,22438.902439024394,1577447.991857962,5313322.685712831,22438.902439024394
1577843.7333336982,5314792.404000239,21951.121951219513,3.2610690034890624,1577547.9397279602,5314362.145266534,21463.341463414636,1577893.7072686974,5315312.133777091,21463.341463414636,1578139.526939437,5315222.662733944,22438.902439024394,1577793.7593986995,5314272.674223389,22438.902439024394
1578189.500874436,5315742.392510796,21951.121951219513,2.8712947767321597,1577893.7072686974,5315312.133777091,21463.341463414636,1578239.474809435,5316262.122287647,21463.341463414636,1578485.2944801743,5316172.651244502,22438.902439024394,1578139.526939437,5315222.662733944,22438.902439024394
1578535.2684151733,5316692.3810213525,21951.121951219513,2.816818759608255,1578239.474809435,5316262.122287647,21463.341463414636,1578585.2423501725,5317212.110798204,21463.341463414636,1578831.0620209118,5317122.639755057,22438.902439024394,1578485.2944801743,5316172.651244502,22438.902439024394
1578881.0359559106,5317642.369531909,21951.121951219513,3.2100025717041225,1578585.2423501725,5317212.110798204,21463.341463414636,1578931.0098909098,5318162.09930876,21463.341463414636,1579176.8295616494,5318072.628265615,22438.902439024394,1578831.0620209118,5317122.639755057,22438.902439024394
1579226.8034966483,5318592.358042466,21951.121951219513,1.9956468882311509,1578931.0098909098,5318162.09930876,21463.341463414636,1579276.7774316473,5319112.087819317,21463.341463414636,1579522.5971023866,5319022.61677617,22438.902439024394,1579176.8295616494,5318072.628265615,22438.902439024394
1579572.5710373858,5319542.346553021,21951.121951219513,2.6719169696098417,1579276.7774316473,5319112.087819317,21463.341463414636,1579622.5449723848,5320062.076329873,21463.341463414636,1579868.3646431242,5319972.605286728,22438.902439024394,1579522.5971023866,5319022.61677617,22438.902439024394
1579918.338578123,5320492.335063579,21951.121951219513,1.6728704670207368,1579622.5449723848,5320062.076329873,21463.341463414636,1579968.312513122,5321012.06484043,21463.341463414636,1580214.1321838617,5320922.593797283,22438.902439024394,1579868.3646431242,5319972.605286728,22438.902439024394
1580264.1061188607,5321442.323574135,21951.121951219513,1.2970623609900531,1579968.312513122,5321012.06484043,21463.341463414636,1580314.0800538596,5321962.053350986,21463.341463414636,1580559.899724599,5321872.582307841,22438.902439024394,1580214.1321838617,5320922.593797283,22438.902439024394
1580609.8736595982,5322392.312084692,21951.121951219513,1.6906772249585011,1580314.0800538596,5321962.053350986,21463.341463414636,1580659.8475945971,5322912.041861543,21463.341463414636,1580905.6672653367,5322822.570818396,22438.902439024394,1580559.899724599,5321872.582307841,22438.902439024394
1580955.6412003355,5323342.300595248,21951.121951219513,1.2278645278975866,1580659.8475945971,5322912.041861543,21463.341463414636,1581005.6151353344,5323862.030372099,21463.341463414636,1581251.434806074,5323772.559328954,22438.902439024394,1580905.6672653367,5322822.570818396,22438.902439024394
1581301.408741073,5324292.289105805,21951.121951219513,1.4394030938694873,1581005.6151353344,5323862.030372099,21463.341463414636,1581351.382676072,5324812.0188826565,21463.341463414636,1581597.2023468113,5324722.547839509,22438.902439024394,1581251.434806074,5323772.559328954,22438.902439024394
1581647.1762818105,5325242.277616361,21951.121951219513,0.963904551432328,1581351.382676072,5324812.0188826565,21463.341463414636,1581697.1502168095,5325762.007393212,21463.341463414636,1581942.969887549,5325672.536350067,22438.902439024394,1581597.2023468113,5324722.547839509,22438.902439024394
1581992.9438225478,5326192.266126919,21951.121951219513,0.5886172702642454,1581697.1502168095,5325762.007393212,21463.341463414636,1582042.917757547,5326711.9959037695,21463.341463414636,1582288.7374282863,5326622.524860622,22438.902439024394,1581942.969887549,5325672.536350067,22438.902439024394
1582338.7113632855,5327142.254637473,21951.121951219513,0.5264969489823862,1582042.917757547,5326711.9959037695,21463.341463414636,1582388.6852982843,5327661.984414325,21463.341463414636,1582634.5049690239,5327572.51337118,22438.902439024394,1582288.7374282863,5326622.524860622,22438.902439024394
1582684.4789040228,5328092.243148031,21951.121951219513,0.8153860767704545,1582388.6852982843,5327661.984414325,21463.341463414636,1582734.4528390218,5328611.972924883,21463.341463414636,1582980.2725097614,5328522.501881735,22438.902439024394,1582634.5049690239,5327572.51337118,22438.902439024394
1583030.2464447604,5329042.231658587,21951.121951219513,1.724249405469543,1582734.4528390218,5328611.972924883,21463.341463414636,1583080.2203797593,5329561.961435438,21463.341463414636,1583326.0400504987,5329472.490392293,22438.902439024394,1582980.2725097614,5328522.501881735,22438.902439024394
1583376.0139854976,5329992.220169144,21951.121951219513,0.806312103982054,1583080.2203797593,5329561.961435438,21463.341463414636,1583425.9879204966,5330511.949945996,21463.341463414636,1583671.8075912362,5330422.478902848,22438.902439024394,1583326.0400504987,5329472.490392293,22438.902439024394
1583721.7815262352,5330942.2086797,21951.121951219513,0.3353383715412998,1583425.9879204966,5330511.949945996,21463.341463414636,1583771.7554612344,5331461.938456551,21463.341463414636,1584017.5751319737,5331372.467413406,22438.902439024394,1583671.8075912362,5330422.478902848,22438.902439024394
1584067.5490669727,5331892.197190257,21951.121951219513,0.42905209150186585,1583771.7554612344,5331461.938456551,21463.341463414636,1584117.5230019717,5332411.926967109,21463.341463414636,1584363.342672711,5332322.4559239615,22438.902439024394,1584017.5751319737,5331372.467413406,22438.902439024394
1584413.3166077102,5332842.185700813,21951.121951219513,0.5126776534880235,1584117.5230019717,5332411.926967109,21463.341463414636,1584463.290542709,5333361.915477664,21463.341463414636,1584709.1102134485,5333272.444434519,22438.902439024394,1584363.342672711,5332322.4559239615,22438.902439024394
1584759.0841484475,5333792.174211371,21951.121951219513,1.7836217021731215,1584463.290542709,5333361.915477664,21463.341463414636,1584809.0580834467,5334311.903988222,21463.341463414636,1585054.877754186,5334222.4329450745,22438.902439024394,1584709.1102134485,5333272.444434519,22438.902439024394
1585104.851689185,5334742.162721925,21951.121951219513,2.5721505106594273,1584809.0580834467,5334311.903988222,21463.341463414636,1585154.825624184,5335261.892498777,21463.341463414636,1585400.6452949233,5335172.421455632,22438.902439024394,1585054.877754186,5334222.4329450745,22438.902439024394
1585450.6192299223,5335692.151232483,21951.121951219513,2.4673818044360103,1585154.825624184,5335261.892498777,21463.341463414636,1585500.5931649213,5336211.881009335,21463.341463414636,1585746.412835661,5336122.409966188,22438.902439024394,1585400.6452949233,5335172.421455632,22438.902439024394
1585796.3867706598,5336642.139743039,21951.121951219513,3.1022994848016707,1585500.5931649213,5336211.881009335,21463.341463414636,1585846.360705659,5337161.86951989,21463.341463414636,1586092.1803763984,5337072.398476745,22438.902439024394,1585746.412835661,5336122.409966188,22438.902439024394
1586142.1543113976,5337592.128253596,21951.121951219513,2.563806980683915,1585846.360705659,5337161.86951989,21463.341463414636,1586192.1282463963,5338111.858030448,21463.341463414636,1586437.947917136,5338022.386987301,22438.902439024394,1586092.1803763984,5337072.398476745,22438.902439024394
1565987.6890786265,5281453.335087614,22926.68292682927,7.413314956877807,1565691.8954728886,5281023.076353909,22438.902439024394,1566037.663013626,5281973.064864466,22438.902439024394,1566283.4826843645,5281883.593821321,23414.46341463415,1565937.7151436273,5280933.605310763,23414.46341463415
1566333.456619364,5282403.323598172,22926.68292682927,7.55654026585988,1566037.663013626,5281973.064864466,22438.902439024394,1566383.4305543634,5282923.053375023,22438.902439024394,1566629.250225102,5282833.582331876,23414.46341463415,1566283.4826843645,5281883.593821321,23414.46341463415
1566679.2241601015,5283353.312108728,22926.68292682927,8.187043939080631,1566383.4305543634,5282923.053375023,22438.902439024394,1566729.198095101,5283873.041885579,22438.902439024394,1566975.0177658396,5283783.570842434,23414.46341463415,1566629.250225102,5282833.582331876,23414.46341463415
1567024.9917008388,5284303.300619285,22926.68292682927,7.1105518402767895,1566729.198095101,5283873.041885579,22438.902439024394,1567074.9656358382,5284823.0303961355,22438.902439024394,1567320.7853065769,5284733.559352989,23414.46341463415,1566975.0177658396,5283783.570842434,23414.46341463415
1567370.7592415765,5285253.289129841,22926.68292682927,9.675940837793688,1567074.9656358382,5284823.0303961355,22438.902439024394,1567420.7331765757,5285773.018906692,22438.902439024394,1567666.5528473144,5285683.547863547,23414.46341463415,1567320.7853065769,5284733.559352989,23414.46341463415
1567716.5267823138,5286203.277640398,22926.68292682927,9.464754558919878,1567420.7331765757,5285773.018906692,22438.902439024394,1567766.5007173133,5286723.007417249,22438.902439024394,1568012.320388052,5286633.536374102,23414.46341463415,1567666.5528473144,5285683.547863547,23414.46341463415
1568062.2943230513,5287153.266150953,22926.68292682927,9.918912651585106,1567766.5007173133,5286723.007417249,22438.902439024394,1568112.2682580508,5287672.995927805,22438.902439024394,1568358.0879287892,5287583.52488466,23414.46341463415,1568012.320388052,5286633.536374102,23414.46341463415
1568408.0618637886,5288103.254661511,22926.68292682927,9.059940019323074,1568112.2682580508,5287672.995927805,22438.902439024394,1568458.035798788,5288622.984438362,22438.902439024394,1568703.855469527,5288533.513395215,23414.46341463415,1568358.0879287892,5287583.52488466,23414.46341463415
1568753.8294045262,5289053.243172066,22926.68292682927,10.466990594081537,1568458.035798788,5288622.984438362,22438.902439024394,1568803.8033395256,5289572.972948918,22438.902439024394,1569049.6230102642,5289483.501905773,23414.46341463415,1568703.855469527,5288533.513395215,23414.46341463415
1569099.5969452634,5290003.231682624,22926.68292682927,10.71226734687369,1568803.8033395256,5289572.972948918,22438.902439024394,1569149.570880263,5290522.961459475,22438.902439024394,1569395.3905510015,5290433.490416328,23414.46341463415,1569049.6230102642,5289483.501905773,23414.46341463415
1569445.3644860012,5290953.220193179,22926.68292682927,9.322256644271253,1569149.570880263,5290522.961459475,22438.902439024394,1569495.3384210004,5291472.949970031,22438.902439024394,1569741.1580917393,5291383.478926886,23414.46341463415,1569395.3905510015,5290433.490416328,23414.46341463415
1569791.1320267385,5291903.208703737,22926.68292682927,7.029558410342867,1569495.3384210004,5291472.949970031,22438.902439024394,1569841.1059617382,5292422.938480588,22438.902439024394,1570086.9256324766,5292333.467437441,23414.46341463415,1569741.1580917393,5291383.478926886,23414.46341463415
1570136.899567476,5292853.197214293,22926.68292682927,6.341782700243251,1569841.1059617382,5292422.938480588,22438.902439024394,1570186.8735024754,5293372.926991144,22438.902439024394,1570432.693173214,5293283.455947999,23414.46341463415,1570086.9256324766,5292333.467437441,23414.46341463415
1570482.6671082133,5293803.18572485,22926.68292682927,4.5085968836776,1570186.8735024754,5293372.926991144,22438.902439024394,1570532.6410432127,5294322.915501701,22438.902439024394,1570778.4607139516,5294233.4444585545,23414.46341463415,1570432.693173214,5293283.455947999,23414.46341463415
1570828.4346489508,5294753.174235405,22926.68292682927,3.165862761898109,1570532.6410432127,5294322.915501701,22438.902439024394,1570878.4085839505,5295272.904012257,22438.902439024394,1571124.228254689,5295183.432969112,23414.46341463415,1570778.4607139516,5294233.4444585545,23414.46341463415
1571174.2021896886,5295703.162745963,22926.68292682927,3.573336176014294,1570878.4085839505,5295272.904012257,22438.902439024394,1571224.1761246878,5296222.892522814,22438.902439024394,1571469.9957954264,5296133.421479668,23414.46341463415,1571124.228254689,5295183.432969112,23414.46341463415
1571519.9697304259,5296653.151256518,22926.68292682927,4.587120754292394,1571224.1761246878,5296222.892522814,22438.902439024394,1571569.943665425,5297172.88103337,22438.902439024394,1571815.763336164,5297083.409990225,23414.46341463415,1571469.9957954264,5296133.421479668,23414.46341463415
1571865.7372711631,5297603.139767076,22926.68292682927,5.757774909347727,1571569.943665425,5297172.88103337,22438.902439024394,1571915.7112061628,5298122.869543928,22438.902439024394,1572161.5308769015,5298033.398500781,23414.46341463415,1571815.763336164,5297083.409990225,23414.46341463415
1572211.504811901,5298553.128277632,22926.68292682927,4.872921519801223,1571915.7112061628,5298122.869543928,22438.902439024394,1572261.4787469,5299072.858054483,22438.902439024394,1572507.2984176388,5298983.387011338,23414.46341463415,1572161.5308769015,5298033.398500781,23414.46341463415
1572557.272352638,5299503.116788189,22926.68292682927,3.8732887476060776,1572261.4787469,5299072.858054483,22438.902439024394,1572607.2462876376,5300022.84656504,22438.902439024394,1572853.0659583763,5299933.375521894,23414.46341463415,1572507.2984176388,5298983.387011338,23414.46341463415
1572903.0398933755,5300453.105298745,22926.68292682927,4.344162393052471,1572607.2462876376,5300022.84656504,22438.902439024394,1572953.0138283751,5300972.835075596,22438.902439024394,1573198.8334991138,5300883.364032451,23414.46341463415,1572853.0659583763,5299933.375521894,23414.46341463415
1573248.8074341132,5301403.093809302,22926.68292682927,4.151246789669836,1572953.0138283751,5300972.835075596,22438.902439024394,1573298.7813691124,5301922.823586153,22438.902439024394,1573544.601039851,5301833.352543007,23414.46341463415,1573198.8334991138,5300883.364032451,23414.46341463415
1573594.5749748505,5302353.082319858,22926.68292682927,4.126704636005776,1573298.7813691124,5301922.823586153,22438.902439024394,1573644.5489098502,5302872.812096709,22438.902439024394,1573890.3685805886,5302783.341053564,23414.46341463415,1573544.601039851,5301833.352543007,23414.46341463415
1573940.3425155878,5303303.070830415,22926.68292682927,3.733960279440242,1573644.5489098502,5302872.812096709,22438.902439024394,1573990.3164505875,5303822.800607266,22438.902439024394,1574236.1361213261,5303733.32956412,23414.46341463415,1573890.3685805886,5302783.341053564,23414.46341463415
1574286.1100563256,5304253.059340971,22926.68292682927,4.1961945403479834,1573990.3164505875,5303822.800607266,22438.902439024394,1574336.0839913248,5304772.789117822,22438.902439024394,1574581.9036620634,5304683.318074677,23414.46341463415,1574236.1361213261,5303733.32956412,23414.46341463415
1574631.8775970628,5305203.047851528,22926.68292682927,3.8943648908251554,1574336.0839913248,5304772.789117822,22438.902439024394,1574681.8515320625,5305722.777628379,22438.902439024394,1574927.671202801,5305633.306585233,23414.46341463415,1574581.9036620634,5304683.318074677,23414.46341463415
1574977.6451378001,5306153.036362084,22926.68292682927,2.8934818237481523,1574681.8515320625,5305722.777628379,22438.902439024394,1575027.6190727998,5306672.766138935,22438.902439024394,1575273.4387435385,5306583.29509579,23414.46341463415,1574927.671202801,5305633.306585233,23414.46341463415
1575323.412678538,5307103.024872641,22926.68292682927,2.267498345872081,1575027.6190727998,5306672.766138935,22438.902439024394,1575373.3866135373,5307622.754649492,22438.902439024394,1575619.2062842757,5307533.283606347,23414.46341463415,1575273.4387435385,5306583.29509579,23414.46341463415
1575669.1802192752,5308053.013383198,22926.68292682927,2.2819722415039645,1575373.3866135373,5307622.754649492,22438.902439024394,1575719.1541542748,5308572.7431600485,22438.902439024394,1575964.9738250133,5308483.272116902,23414.46341463415,1575619.2062842757,5307533.283606347,23414.46341463415
1576014.9477600125,5309003.001893753,22926.68292682927,2.8165033239199624,1575719.1541542748,5308572.7431600485,22438.902439024394,1576064.9216950121,5309522.731670605,22438.902439024394,1576310.7413657508,5309433.26062746,23414.46341463415,1575964.9738250133,5308483.272116902,23414.46341463415
1576360.7153007502,5309952.990404311,22926.68292682927,3.7189458594456863,1576064.9216950121,5309522.731670605,22438.902439024394,1576410.6892357497,5310472.720181162,22438.902439024394,1576656.508906488,5310383.249138016,23414.46341463415,1576310.7413657508,5309433.26062746,23414.46341463415
1576706.4828414877,5310902.978914867,22926.68292682927,4.534040934898755,1576410.6892357497,5310472.720181162,22438.902439024394,1576756.4567764872,5311422.708691718,22438.902439024394,1577002.2764472258,5311333.237648573,23414.46341463415,1576656.508906488,5310383.249138016,23414.46341463415
1577052.250382225,5311852.967425424,22926.68292682927,4.090879581133702,1576756.4567764872,5311422.708691718,22438.902439024394,1577102.2243172247,5312372.6972022755,22438.902439024394,1577348.043987963,5312283.226159129,23414.46341463415,1577002.2764472258,5311333.237648573,23414.46341463415
1577398.0179229628,5312802.95593598,22926.68292682927,5.02970353889997,1577102.2243172247,5312372.6972022755,22438.902439024394,1577447.991857962,5313322.685712831,22438.902439024394,1577693.8115287006,5313233.214669686,23414.46341463415,1577348.043987963,5312283.226159129,23414.46341463415
1577743.7854637,5313752.944446537,22926.68292682927,6.369714285224585,1577447.991857962,5313322.685712831,22438.902439024394,1577793.7593986995,5314272.674223389,22438.902439024394,1578039.5790694382,5314183.203180242,23414.46341463415,1577693.8115287006,5313233.214669686,23414.46341463415
1578089.5530044376,5314702.932957093,22926.68292682927,4.50675853774381,1577793.7593986995,5314272.674223389,22438.902439024394,1578139.526939437,5315222.662733944,22438.902439024394,1578385.3466101754,5315133.191690799,23414.46341463415,1578039.5790694382,5314183.203180242,23414.46341463415
1578435.3205451749,5315652.921467651,22926.68292682927,3.5452106401677925,1578139.526939437,5315222.662733944,22438.902439024394,1578485.2944801743,5316172.651244502,22438.902439024394,1578731.114150913,5316083.180201355,23414.46341463415,1578385.3466101754,5315133.191690799,23414.46341463415
1578781.0880859124,5316602.909978206,22926.68292682927,3.222501992538741,1578485.2944801743,5316172.651244502,22438.902439024394,1578831.0620209118,5317122.639755057,22438.902439024394,1579076.8816916505,5317033.168711912,23414.46341463415,1578731.114150913,5316083.180201355,23414.46341463415
1579126.8556266497,5317552.898488763,22926.68292682927,1.6851119222115787,1578831.0620209118,5317122.639755057,22438.902439024394,1579176.8295616494,5318072.628265615,22438.902439024394,1579422.6492323878,5317983.157222468,23414.46341463415,1579076.8816916505,5317033.168711912,23414.46341463415
1579472.6231673874,5318502.886999319,22926.68292682927,0.8903837387370546,1579176.8295616494,5318072.628265615,22438.902439024394,1579522.5971023866,5319022.61677617,22438.902439024394,1579768.4167731253,5318933.145733025,23414.46341463415,1579422.6492323878,5317983.157222468,23414.46341463415
1579818.3907081247,5319452.875509876,22926.68292682927,1.31446246459331,1579522.5971023866,5319022.61677617,22438.902439024394,1579868.3646431242,5319972.605286728,22438.902439024394,1580114.1843138628,5319883.134243581,23414.46341463415,1579768.4167731253,5318933.145733025,23414.46341463415
1580164.1582488623,5320402.864020432,22926.68292682927,1.4071150593615986,1579868.3646431242,5319972.605286728,22438.902439024394,1580214.1321838617,5320922.593797283,22438.902439024394,1580459.9518546,5320833.122754138,23414.46341463415,1580114.1843138628,5319883.134243581,23414.46341463415
1580509.9257895995,5321352.852530989,22926.68292682927,1.8150469657137691,1580214.1321838617,5320922.593797283,22438.902439024394,1580559.899724599,5321872.582307841,22438.902439024394,1580805.7193953379,5321783.1112646945,23414.46341463415,1580459.9518546,5320833.122754138,23414.46341463415
1580855.693330337,5322302.841041545,22926.68292682927,1.4159473600173746,1580559.899724599,5321872.582307841,22438.902439024394,1580905.6672653367,5322822.570818396,22438.902439024394,1581151.4869360751,5322733.099775251,23414.46341463415,1580805.7193953379,5321783.1112646945,23414.46341463415
1581201.4608710746,5323252.829552103,22926.68292682927,1.683917257493225,1580905.6672653367,5322822.570818396,22438.902439024394,1581251.434806074,5323772.559328954,22438.902439024394,1581497.2544768124,5323683.088285807,23414.46341463415,1581151.4869360751,5322733.099775251,23414.46341463415
1581547.228411812,5324202.8180626575,22926.68292682927,1.6206997025481693,1581251.434806074,5323772.559328954,22438.902439024394,1581597.2023468113,5324722.547839509,22438.902439024394,1581843.0220175502,5324633.076796364,23414.46341463415,1581497.2544768124,5323683.088285807,23414.46341463415
1581892.9959525494,5325152.806573215,22926.68292682927,1.4098473337119146,1581597.2023468113,5324722.547839509,22438.902439024394,1581942.969887549,5325672.536350067,22438.902439024394,1582188.7895582875,5325583.065306921,23414.46341463415,1581843.0220175502,5324633.076796364,23414.46341463415
1582238.763493287,5326102.795083771,22926.68292682927,1.4922053468010796,1581942.969887549,5325672.536350067,22438.902439024394,1582288.7374282863,5326622.524860622,22438.902439024394,1582534.557099025,5326533.053817477,23414.46341463415,1582188.7895582875,5325583.065306921,23414.46341463415
1582584.5310340244,5327052.783594328,22926.68292682927,1.4477667767242544,1582288.7374282863,5326622.524860622,22438.902439024394,1582634.5049690239,5327572.51337118,22438.902439024394,1582880.3246397625,5327483.042328034,23414.46341463415,1582534.557099025,5326533.053817477,23414.46341463415
1582930.2985747617,5328002.7721048845,22926.68292682927,1.7171013323133797,1582634.5049690239,5327572.51337118,22438.902439024394,1582980.2725097614,5328522.501881735,22438.902439024394,1583226.0921804998,5328433.03083859,23414.46341463415,1582880.3246397625,5327483.042328034,23414.46341463415
1583276.0661154995,5328952.760615441,22926.68292682927,2.231595716096963,1582980.2725097614,5328522.501881735,22438.902439024394,1583326.0400504987,5329472.490392293,22438.902439024394,1583571.8597212373,5329383.019349146,23414.46341463415,1583226.0921804998,5328433.03083859,23414.46341463415
1583621.8336562368,5329902.749125998,22926.68292682927,1.0918751067035737,1583326.0400504987,5329472.490392293,22438.902439024394,1583671.8075912362,5330422.478902848,22438.902439024394,1583917.6272619748,5330333.007859703,23414.46341463415,1583571.8597212373,5329383.019349146,23414.46341463415
1583967.601196974,5330852.737636555,22926.68292682927,0.5397260886426354,1583671.8075912362,5330422.478902848,22438.902439024394,1584017.5751319737,5331372.467413406,22438.902439024394,1584263.3948027124,5331282.99637026,23414.46341463415,1583917.6272619748,5330333.007859703,23414.46341463415
1584313.3687377118,5331802.726147111,22926.68292682927,0.43641118927959505,1584017.5751319737,5331372.467413406,22438.902439024394,1584363.342672711,5332322.4559239615,22438.902439024394,1584609.1623434497,5332232.984880816,23414.46341463415,1584263.3948027124,5331282.99637026,23414.46341463415
1584659.136278449,5332752.714657667,22926.68292682927,1.1833550838338471,1584363.342672711,5332322.4559239615,22438.902439024394,1584709.1102134485,5333272.444434519,22438.902439024394,1584954.9298841874,5333182.973391373,23414.46341463415,1584609.1623434497,5332232.984880816,23414.46341463415
1585004.9038191866,5333702.703168224,22926.68292682927,1.9210494861622605,1584709.1102134485,5333272.444434519,22438.902439024394,1585054.877754186,5334222.4329450745,22438.902439024394,1585300.6974249247,5334132.961901929,23414.46341463415,1584954.9298841874,5333182.973391373,23414.46341463415
1585350.6713599241,5334652.69167878,22926.68292682927,1.6044892671403268,1585054.877754186,5334222.4329450745,22438.902439024394,1585400.6452949233,5335172.421455632,22438.902439024394,1585646.464965662,5335082.950412485,23414.46341463415,1585300.6974249247,5334132.961901929,23414.46341463415
1585696.4389006614,5335602.680189337,22926.68292682927,1.4949122972801219,1585400.6452949233,5335172.421455632,22438.902439024394,1585746.412835661,5336122.409966188,22438.902439024394,1585992.2325063997,5336032.938923042,23414.46341463415,1585646.464965662,5335082.950412485,23414.46341463415
1586042.206441399,5336552.668699893,22926.68292682927,2.4093658124017736,1585746.412835661,5336122.409966188,22438.902439024394,1586092.1803763984,5337072.398476745,22438.902439024394,1586338.000047137,5336982.927433599,23414.46341463415,1585992.2325063997,5336032.938923042,23414.46341463415
1586387.9739821365,5337502.65721045,22926.68292682927,2.9778202963676366,1586092.1803763984,5337072.398476745,22438.902439024394,1586437.947917136,5338022.386987301,22438.902439024394,1586683.7675878743,5337932.915944155,23414.46341463415,1586338.000047137,5336982.927433599,23414.46341463415
1566233.5087493656,5281363.864044469,23902.24390243903,10.553971596648319,1565937.7151436273,5280933.605310763,23414.46341463415,1566283.4826843645,5281883.593821321,23414.46341463415,1566529.3023551041,5281794.122778174,24390.024390243903,1566183.5348143666,5280844.134267618,24390.024390243903
1566579.276290103,5282313.852555025,23902.24390243903,11.228582461033263,1566283.4826843645,5281883.593821321,23414.46341463415,1566629.250225102,5282833.582331876,23414.46341463415,1566875.0698958416,5282744.111288731,24390.024390243903,1566529.3023551041,5281794.122778174,24390.024390243903
1566925.0438308404,5283263.841065582,23902.24390243903,11.172506582401764,1566629.250225102,5282833.582331876,23414.46341463415,1566975.0177658396,5283783.570842434,23414.46341463415,1567220.837436579,5283694.099799287,24390.024390243903,1566875.0698958416,5282744.111288731,24390.024390243903
1567270.811371578,5284213.829576138,23902.24390243903,9.384451675800818,1566975.0177658396,5283783.570842434,23414.46341463415,1567320.7853065769,5284733.559352989,23414.46341463415,1567566.6049773165,5284644.088309844,24390.024390243903,1567220.837436579,5283694.099799287,24390.024390243903
1567616.5789123154,5285163.818086696,23902.24390243903,8.803195477252759,1567320.7853065769,5284733.559352989,23414.46341463415,1567666.5528473144,5285683.547863547,23414.46341463415,1567912.372518054,5285594.0768204,24390.024390243903,1567566.6049773165,5284644.088309844,24390.024390243903
1567962.3464530527,5286113.8065972505,23902.24390243903,8.714232207596739,1567666.5528473144,5285683.547863547,23414.46341463415,1568012.320388052,5286633.536374102,23414.46341463415,1568258.1400587913,5286544.065330957,24390.024390243903,1567912.372518054,5285594.0768204,24390.024390243903
1568308.1139937905,5287063.795107808,23902.24390243903,8.712558772348475,1568012.320388052,5286633.536374102,23414.46341463415,1568358.0879287892,5287583.52488466,23414.46341463415,1568603.9075995288,5287494.053841513,24390.024390243903,1568258.1400587913,5286544.065330957,24390.024390243903
1568653.8815345278,5288013.7836183645,23902.24390243903,9.403785795168572,1568358.0879287892,5287583.52488466,23414.46341463415,1568703.855469527,5288533.513395215,23414.46341463415,1568949.6751402663,5288444.04235207,24390.024390243903,1568603.9075995288,5287494.053841513,24390.024390243903
1568999.649075265,5288963.772128921,23902.24390243903,9.812674769849377,1568703.855469527,5288533.513395215,23414.46341463415,1569049.6230102642,5289483.501905773,23414.46341463415,1569295.4426810036,5289394.030862626,24390.024390243903,1568949.6751402663,5288444.04235207,24390.024390243903
1569345.4166160028,5289913.7606394775,23902.24390243903,11.484301313014544,1569049.6230102642,5289483.501905773,23414.46341463415,1569395.3905510015,5290433.490416328,23414.46341463415,1569641.210221741,5290344.019373183,24390.024390243903,1569295.4426810036,5289394.030862626,24390.024390243903
1569691.18415674,5290863.749150034,23902.24390243903,11.05718482697945,1569395.3905510015,5290433.490416328,23414.46341463415,1569741.1580917393,5291383.478926886,23414.46341463415,1569986.9777624786,5291294.007883739,24390.024390243903,1569641.210221741,5290344.019373183,24390.024390243903
1570036.9516974774,5291813.737660591,23902.24390243903,9.497852544704458,1569741.1580917393,5291383.478926886,23414.46341463415,1570086.9256324766,5292333.467437441,23414.46341463415,1570332.7453032162,5292243.996394296,24390.024390243903,1569986.9777624786,5291294.007883739,24390.024390243903
1570382.7192382151,5292763.726171148,23902.24390243903,7.158936618779858,1570086.9256324766,5292333.467437441,23414.46341463415,1570432.693173214,5293283.455947999,23414.46341463415,1570678.5128439534,5293193.984904852,24390.024390243903,1570332.7453032162,5292243.996394296,24390.024390243903
1570728.4867789526,5293713.714681703,23902.24390243903,4.791627748667755,1570432.693173214,5293283.455947999,23414.46341463415,1570778.4607139516,5294233.4444585545,23414.46341463415,1571024.280384691,5294143.973415409,24390.024390243903,1570678.5128439534,5293193.984904852,24390.024390243903
1571074.2543196897,5294663.70319226,23902.24390243903,4.011946817458877,1570778.4607139516,5294233.4444585545,23414.46341463415,1571124.228254689,5295183.432969112,23414.46341463415,1571370.0479254285,5295093.961925965,24390.024390243903,1571024.280384691,5294143.973415409,24390.024390243903
1571420.0218604275,5295613.691702817,23902.24390243903,4.760893101344362,1571124.228254689,5295183.432969112,23414.46341463415,1571469.9957954264,5296133.421479668,23414.46341463415,1571715.8154661658,5296043.950436522,24390.024390243903,1571370.0479254285,5295093.961925965,24390.024390243903
1571765.789401165,5296563.680213373,23902.24390243903,5.027420351358102,1571469.9957954264,5296133.421479668,23414.46341463415,1571815.763336164,5297083.409990225,23414.46341463415,1572061.5830069035,5296993.938947078,24390.024390243903,1571715.8154661658,5296043.950436522,24390.024390243903
1572111.5569419025,5297513.66872393,23902.24390243903,5.550580721565826,1571815.763336164,5297083.409990225,23414.46341463415,1572161.5308769015,5298033.398500781,23414.46341463415,1572407.3505476408,5297943.927457635,24390.024390243903,1572061.5830069035,5296993.938947078,24390.024390243903
1572457.3244826398,5298463.657234486,23902.24390243903,4.830923289236203,1572161.5308769015,5298033.398500781,23414.46341463415,1572507.2984176388,5298983.387011338,23414.46341463415,1572753.118088378,5298893.915968191,24390.024390243903,1572407.3505476408,5297943.927457635,24390.024390243903
1572803.0920233773,5299413.645745043,23902.24390243903,4.8918804473502515,1572507.2984176388,5298983.387011338,23414.46341463415,1572853.0659583763,5299933.375521894,23414.46341463415,1573098.8856291159,5299843.904478748,24390.024390243903,1572753.118088378,5298893.915968191,24390.024390243903
1573148.8595641146,5300363.6342556,23902.24390243903,3.9515173041228024,1572853.0659583763,5299933.375521894,23414.46341463415,1573198.8334991138,5300883.364032451,23414.46341463415,1573444.6531698531,5300793.892989304,24390.024390243903,1573098.8856291159,5299843.904478748,24390.024390243903
1573494.627104852,5301313.622766155,23902.24390243903,3.274858593879617,1573198.8334991138,5300883.364032451,23414.46341463415,1573544.601039851,5301833.352543007,23414.46341463415,1573790.4207105904,5301743.881499861,24390.024390243903,1573444.6531698531,5300793.892989304,24390.024390243903
1573840.3946455896,5302263.611276712,23902.24390243903,2.914698113998306,1573544.601039851,5301833.352543007,23414.46341463415,1573890.3685805886,5302783.341053564,23414.46341463415,1574136.1882513282,5302693.870010417,24390.024390243903,1573790.4207105904,5301743.881499861,24390.024390243903
1574186.1621863272,5303213.599787269,23902.24390243903,3.498038861578588,1573890.3685805886,5302783.341053564,23414.46341463415,1574236.1361213261,5303733.32956412,23414.46341463415,1574481.9557920655,5303643.8585209735,24390.024390243903,1574136.1882513282,5302693.870010417,24390.024390243903
1574531.9297270644,5304163.588297825,23902.24390243903,3.078819029956644,1574236.1361213261,5303733.32956412,23414.46341463415,1574581.9036620634,5304683.318074677,23414.46341463415,1574827.7233328028,5304593.84703153,24390.024390243903,1574481.9557920655,5303643.8585209735,24390.024390243903
1574877.697267802,5305113.576808382,23902.24390243903,3.3162056456912716,1574581.9036620634,5304683.318074677,23414.46341463415,1574927.671202801,5305633.306585233,23414.46341463415,1575173.4908735405,5305543.835542087,24390.024390243903,1574827.7233328028,5304593.84703153,24390.024390243903
1575223.4648085393,5306063.565318938,23902.24390243903,2.3922210352721196,1574927.671202801,5305633.306585233,23414.46341463415,1575273.4387435385,5306583.29509579,23414.46341463415,1575519.2584142778,5306493.824052644,24390.024390243903,1575173.4908735405,5305543.835542087,24390.024390243903
1575569.232349277,5307013.553829495,23902.24390243903,2.8997300767147687,1575273.4387435385,5306583.29509579,23414.46341463415,1575619.2062842757,5307533.283606347,23414.46341463415,1575865.0259550153,5307443.8125632005,24390.024390243903,1575519.2584142778,5306493.824052644,24390.024390243903
1575914.9998900143,5307963.542340051,23902.24390243903,3.8453840188265462,1575619.2062842757,5307533.283606347,23414.46341463415,1575964.9738250133,5308483.272116902,23414.46341463415,1576210.7934957528,5308393.801073757,24390.024390243903,1575865.0259550153,5307443.8125632005,24390.024390243903
1576260.7674307518,5308913.530850608,23902.24390243903,4.198497439081366,1575964.9738250133,5308483.272116902,23414.46341463415,1576310.7413657508,5309433.26062746,23414.46341463415,1576556.5610364901,5309343.789584313,24390.024390243903,1576210.7934957528,5308393.801073757,24390.024390243903
1576606.534971489,5309863.519361164,23902.24390243903,4.971870882114366,1576310.7413657508,5309433.26062746,23414.46341463415,1576656.508906488,5310383.249138016,23414.46341463415,1576902.3285772277,5310293.77809487,24390.024390243903,1576556.5610364901,5309343.789584313,24390.024390243903
1576952.3025122266,5310813.507871722,23902.24390243903,4.937951255198064,1576656.508906488,5310383.249138016,23414.46341463415,1577002.2764472258,5311333.237648573,23414.46341463415,1577248.0961179652,5311243.766605427,24390.024390243903,1576902.3285772277,5310293.77809487,24390.024390243903
1577298.0700529641,5311763.496382277,23902.24390243903,4.043147368311459,1577002.2764472258,5311333.237648573,23414.46341463415,1577348.043987963,5312283.226159129,23414.46341463415,1577593.8636587027,5312193.755115983,24390.024390243903,1577248.0961179652,5311243.766605427,24390.024390243903
1577643.8375937017,5312713.484892835,23902.24390243903,4.8482565285078705,1577348.043987963,5312283.226159129,23414.46341463415,1577693.8115287006,5313233.214669686,23414.46341463415,1577939.63119944,5313143.74362654,24390.024390243903,1577593.8636587027,5312193.755115983,24390.024390243903
1577989.605134439,5313663.4734033905,23902.24390243903,5.944668599902928,1577693.8115287006,5313233.214669686,23414.46341463415,1578039.5790694382,5314183.203180242,23414.46341463415,1578285.3987401775,5314093.732137096,24390.024390243903,1577939.63119944,5313143.74362654,24390.024390243903
1578335.3726751765,5314613.461913948,23902.24390243903,5.538708887170528,1578039.5790694382,5314183.203180242,23414.46341463415,1578385.3466101754,5315133.191690799,23414.46341463415,1578631.166280915,5315043.720647652,24390.024390243903,1578285.3987401775,5314093.732137096,24390.024390243903
1578681.140215914,5315563.4504245045,23902.24390243903,3.711055363465009,1578385.3466101754,5315133.191690799,23414.46341463415,1578731.114150913,5316083.180201355,23414.46341463415,1578976.9338216526,5315993.709158209,24390.024390243903,1578631.166280915,5315043.720647652,24390.024390243903
1579026.9077566513,5316513.43893506,23902.24390243903,2.3988522370603964,1578731.114150913,5316083.180201355,23414.46341463415,1579076.8816916505,5317033.168711912,23414.46341463415,1579322.7013623898,5316943.697668766,24390.024390243903,1578976.9338216526,5315993.709158209,24390.024390243903
1579372.6752973888,5317463.427445617,23902.24390243903,1.3510146992194465,1579076.8816916505,5317033.168711912,23414.46341463415,1579422.6492323878,5317983.157222468,23414.46341463415,1579668.4689031274,5317893.686179322,24390.024390243903,1579322.7013623898,5316943.697668766,24390.024390243903
1579718.4428381263,5318413.415956174,23902.24390243903,1.0647972224822995,1579422.6492323878,5317983.157222468,23414.46341463415,1579768.4167731253,5318933.145733025,23414.46341463415,1580014.2364438649,5318843.674689878,24390.024390243903,1579668.4689031274,5317893.686179322,24390.024390243903
1580064.2103788636,5319363.40446673,23902.24390243903,0.6444099235934782,1579768.4167731253,5318933.145733025,23414.46341463415,1580114.1843138628,5319883.134243581,23414.46341463415,1580360.0039846022,5319793.663200435,24390.024390243903,1580014.2364438649,5318843.674689878,24390.024390243903
1580409.9779196014,5320313.392977287,23902.24390243903,0.8230057788630352,1580114.1843138628,5319883.134243581,23414.46341463415,1580459.9518546,5320833.122754138,23414.46341463415,1580705.7715253397,5320743.651710991,24390.024390243903,1580360.0039846022,5319793.663200435,24390.024390243903
1580755.7454603387,5321263.381487843,23902.24390243903,0.747020945736459,1580459.9518546,5320833.122754138,23414.46341463415,1580805.7193953379,5321783.1112646945,23414.46341463415,1581051.5390660772,5321693.640221548,24390.024390243903,1580705.7715253397,5320743.651710991,24390.024390243903
1581101.513001076,5322213.3699984,23902.24390243903,1.2507710346894994,1580805.7193953379,5321783.1112646945,23414.46341463415,1581151.4869360751,5322733.099775251,23414.46341463415,1581397.3066068147,5322643.628732105,24390.024390243903,1581051.5390660772,5321693.640221548,24390.024390243903
1581447.2805418137,5323163.358508956,23902.24390243903,2.6400637873361448,1581151.4869360751,5322733.099775251,23414.46341463415,1581497.2544768124,5323683.088285807,23414.46341463415,1581743.074147552,5323593.617242661,24390.024390243903,1581397.3066068147,5322643.628732105,24390.024390243903
1581793.048082551,5324113.347019512,23902.24390243903,2.867652266263356,1581497.2544768124,5323683.088285807,23414.46341463415,1581843.0220175502,5324633.076796364,23414.46341463415,1582088.8416882895,5324543.605753217,24390.024390243903,1581743.074147552,5323593.617242661,24390.024390243903
1582138.8156232883,5325063.335530069,23902.24390243903,2.410916453643491,1581843.0220175502,5324633.076796364,23414.46341463415,1582188.7895582875,5325583.065306921,23414.46341463415,1582434.609229027,5325493.594263774,24390.024390243903,1582088.8416882895,5324543.605753217,24390.024390243903
1582484.583164026,5326013.324040626,23902.24390243903,2.082480827648367,1582188.7895582875,5325583.065306921,23414.46341463415,1582534.557099025,5326533.053817477,23414.46341463415,1582780.3767697643,5326443.58277433,24390.024390243903,1582434.609229027,5325493.594263774,24390.024390243903
1582830.3507047636,5326963.312551182,23902.24390243903,1.930925107577913,1582534.557099025,5326533.053817477,23414.46341463415,1582880.3246397625,5327483.042328034,23414.46341463415,1583126.144310502,5327393.571284887,24390.024390243903,1582780.3767697643,5326443.58277433,24390.024390243903
1583176.1182455008,5327913.301061739,23902.24390243903,1.2056141291028397,1582880.3246397625,5327483.042328034,23414.46341463415,1583226.0921804998,5328433.03083859,23414.46341463415,1583471.9118512394,5328343.559795443,24390.024390243903,1583126.144310502,5327393.571284887,24390.024390243903
1583521.8857862384,5328863.289572294,23902.24390243903,0.8142737383355824,1583226.0921804998,5328433.03083859,23414.46341463415,1583571.8597212373,5329383.019349146,23414.46341463415,1583817.6793919767,5329293.548306,24390.024390243903,1583471.9118512394,5328343.559795443,24390.024390243903
1583867.6533269759,5329813.278082851,23902.24390243903,0.7683799311124337,1583571.8597212373,5329383.019349146,23414.46341463415,1583917.6272619748,5330333.007859703,23414.46341463415,1584163.4469327144,5330243.536816556,24390.024390243903,1583817.6793919767,5329293.548306,24390.024390243903
1584213.4208677134,5330763.266593409,23902.24390243903,0.8752554123446795,1583917.6272619748,5330333.007859703,23414.46341463415,1584263.3948027124,5331282.99637026,23414.46341463415,1584509.2144734517,5331193.525327113,24390.024390243903,1584163.4469327144,5330243.536816556,24390.024390243903
1584559.1884084507,5331713.255103964,23902.24390243903,0.9456490042859272,1584263.3948027124,5331282.99637026,23414.46341463415,1584609.1623434497,5332232.984880816,23414.46341463415,1584854.9820141892,5332143.513837669,24390.024390243903,1584509.2144734517,5331193.525327113,24390.024390243903
1584904.9559491882,5332663.243614521,23902.24390243903,0.8510576788426407,1584609.1623434497,5332232.984880816,23414.46341463415,1584954.9298841874,5333182.973391373,23414.46341463415,1585200.7495549268,5333093.5023482265,24390.024390243903,1584854.9820141892,5332143.513837669,24390.024390243903
1585250.7234899257,5333613.232125078,23902.24390243903,1.986105483776979,1584954.9298841874,5333182.973391373,23414.46341463415,1585300.6974249247,5334132.961901929,23414.46341463415,1585546.517095664,5334043.490858782,24390.024390243903,1585200.7495549268,5333093.5023482265,24390.024390243903
1585596.4910306633,5334563.220635634,23902.24390243903,1.8694681934326514,1585300.6974249247,5334132.961901929,23414.46341463415,1585646.464965662,5335082.950412485,23414.46341463415,1585892.2846364016,5334993.4793693395,24390.024390243903,1585546.517095664,5334043.490858782,24390.024390243903
1585942.2585714005,5335513.209146191,23902.24390243903,1.347675914035404,1585646.464965662,5335082.950412485,23414.46341463415,1585992.2325063997,5336032.938923042,23414.46341463415,1586238.052177139,5335943.467879895,24390.024390243903,1585892.2846364016,5334993.4793693395,24390.024390243903
1586288.026112138,5336463.197656747,23902.24390243903,1.9801123426895963,1585992.2325063997,5336032.938923042,23414.46341463415,1586338.000047137,5336982.927433599,23414.46341463415,1586583.8197178764,5336893.456390453,24390.024390243903,1586238.052177139,5335943.467879895,24390.024390243903
1586633.7936528753,5337413.186167304,23902.24390243903,3.604861997219398,1586338.000047137,5336982.927433599,23414.46341463415,1586683.7675878743,5337932.915944155,23414.46341463415,1586929.587258614,5337843.444901008,24390.024390243903,1586583.8197178764,5336893.456390453,24390.024390243903
1566479.3284201052,5281274.393001323,24877.804878048784,9.020311617244799,1566183.5348143666,5280844.134267618,24390.024390243903,1566529.3023551041,5281794.122778174,24390.024390243903,1566775.1220258435,5281704.651735028,25365.58536585366,1566429.3544851062,5280754.663224471,25365.58536585366
1566825.0959608427,5282224.38151188,24877.804878048784,10.739044507131414,1566529.3023551041,5281794.122778174,24390.024390243903,1566875.0698958416,5282744.111288731,24390.024390243903,1567120.889566581,5282654.640245584,25365.58536585366,1566775.1220258435,5281704.651735028,25365.58536585366
1567170.8635015797,5283174.370022435,24877.804878048784,10.68782298403678,1566875.0698958416,5282744.111288731,24390.024390243903,1567220.837436579,5283694.099799287,24390.024390243903,1567466.6571073183,5283604.62875614,25365.58536585366,1567120.889566581,5282654.640245584,25365.58536585366
1567516.6310423175,5284124.358532992,24877.804878048784,8.613501438081672,1567220.837436579,5283694.099799287,24390.024390243903,1567566.6049773165,5284644.088309844,24390.024390243903,1567812.4246480558,5284554.617266697,25365.58536585366,1567466.6571073183,5283604.62875614,25365.58536585366
1567862.3985830548,5285074.347043549,24877.804878048784,7.492581423839303,1567566.6049773165,5284644.088309844,24390.024390243903,1567912.372518054,5285594.0768204,24390.024390243903,1568158.1921887933,5285504.605777254,25365.58536585366,1567812.4246480558,5284554.617266697,25365.58536585366
1568208.166123792,5286024.335554105,24877.804878048784,7.908352343795143,1567912.372518054,5285594.0768204,24390.024390243903,1568258.1400587913,5286544.065330957,24390.024390243903,1568503.9597295308,5286454.59428781,25365.58536585366,1568158.1921887933,5285504.605777254,25365.58536585366
1568553.9336645298,5286974.324064662,24877.804878048784,8.961004067613372,1568258.1400587913,5286544.065330957,24390.024390243903,1568603.9075995288,5287494.053841513,24390.024390243903,1568849.7272702681,5287404.582798367,25365.58536585366,1568503.9597295308,5286454.59428781,25365.58536585366
1568899.7012052673,5287924.312575218,24877.804878048784,7.740551557147926,1568603.9075995288,5287494.053841513,24390.024390243903,1568949.6751402663,5288444.04235207,24390.024390243903,1569195.4948110057,5288354.571308923,25365.58536585366,1568849.7272702681,5287404.582798367,25365.58536585366
1569245.4687460044,5288874.301085775,24877.804878048784,9.217380731732693,1568949.6751402663,5288444.04235207,24390.024390243903,1569295.4426810036,5289394.030862626,24390.024390243903,1569541.2623517432,5289304.5598194795,25365.58536585366,1569195.4948110057,5288354.571308923,25365.58536585366
1569591.2362867421,5289824.289596332,24877.804878048784,10.836859041114092,1569295.4426810036,5289394.030862626,24390.024390243903,1569641.210221741,5290344.019373183,24390.024390243903,1569887.0298924805,5290254.548330036,25365.58536585366,1569541.2623517432,5289304.5598194795,25365.58536585366
1569937.0038274797,5290774.278106887,24877.804878048784,10.917626196065367,1569641.210221741,5290344.019373183,24390.024390243903,1569986.9777624786,5291294.007883739,24390.024390243903,1570232.7974332182,5291204.536840593,25365.58536585366,1569887.0298924805,5290254.548330036,25365.58536585366
1570282.7713682172,5291724.266617444,24877.804878048784,11.078303763310426,1569986.9777624786,5291294.007883739,24390.024390243903,1570332.7453032162,5292243.996394296,24390.024390243903,1570578.5649739555,5292154.525351149,25365.58536585366,1570232.7974332182,5291204.536840593,25365.58536585366
1570628.5389089545,5292674.255128001,24877.804878048784,9.65546873884831,1570332.7453032162,5292243.996394296,24390.024390243903,1570678.5128439534,5293193.984904852,24390.024390243903,1570924.332514693,5293104.5138617065,25365.58536585366,1570578.5649739555,5292154.525351149,25365.58536585366
1570974.306449692,5293624.243638557,24877.804878048784,8.366104574936157,1570678.5128439534,5293193.984904852,24390.024390243903,1571024.280384691,5294143.973415409,24390.024390243903,1571270.1000554306,5294054.502372262,25365.58536585366,1570924.332514693,5293104.5138617065,25365.58536585366
1571320.0739904293,5294574.232149114,24877.804878048784,6.7215276622763565,1571024.280384691,5294143.973415409,24390.024390243903,1571370.0479254285,5295093.961925965,24390.024390243903,1571615.8675961678,5295004.490882819,25365.58536585366,1571270.1000554306,5294054.502372262,25365.58536585366
1571665.841531167,5295524.22065967,24877.804878048784,6.1706012706392075,1571370.0479254285,5295093.961925965,24390.024390243903,1571715.8154661658,5296043.950436522,24390.024390243903,1571961.6351369054,5295954.479393375,25365.58536585366,1571615.8675961678,5295004.490882819,25365.58536585366
1572011.6090719043,5296474.209170227,24877.804878048784,5.194710933834901,1571715.8154661658,5296043.950436522,24390.024390243903,1572061.5830069035,5296993.938947078,24390.024390243903,1572307.4026776429,5296904.467903933,25365.58536585366,1571961.6351369054,5295954.479393375,25365.58536585366
1572357.3766126418,5297424.197680784,24877.804878048784,4.986036212669696,1572061.5830069035,5296993.938947078,24390.024390243903,1572407.3505476408,5297943.927457635,24390.024390243903,1572653.1702183802,5297854.456414488,25365.58536585366,1572307.4026776429,5296904.467903933,25365.58536585366
1572703.1441533791,5298374.186191339,24877.804878048784,4.801613047504674,1572407.3505476408,5297943.927457635,24390.024390243903,1572753.118088378,5298893.915968191,24390.024390243903,1572998.9377591177,5298804.444925045,25365.58536585366,1572653.1702183802,5297854.456414488,25365.58536585366
1573048.9116941167,5299324.1747018965,24877.804878048784,4.576852256695978,1572753.118088378,5298893.915968191,24390.024390243903,1573098.8856291159,5299843.904478748,24390.024390243903,1573344.7052998552,5299754.433435601,25365.58536585366,1572998.9377591177,5298804.444925045,25365.58536585366
1573394.6792348542,5300274.163212453,24877.804878048784,3.922065521264249,1573098.8856291159,5299843.904478748,24390.024390243903,1573444.6531698531,5300793.892989304,24390.024390243903,1573690.4728405925,5300704.421946158,25365.58536585366,1573344.7052998552,5299754.433435601,25365.58536585366
1573740.4467755917,5301224.1517230095,24877.804878048784,3.872877759619877,1573444.6531698531,5300793.892989304,24390.024390243903,1573790.4207105904,5301743.881499861,24390.024390243903,1574036.24038133,5301654.410456715,25365.58536585366,1573690.4728405925,5300704.421946158,25365.58536585366
1574086.214316329,5302174.140233566,24877.804878048784,3.8965297491460165,1573790.4207105904,5301743.881499861,24390.024390243903,1574136.1882513282,5302693.870010417,24390.024390243903,1574382.0079220675,5302604.398967272,25365.58536585366,1574036.24038133,5301654.410456715,25365.58536585366
1574431.9818570665,5303124.128744123,24877.804878048784,3.8796728126034474,1574136.1882513282,5302693.870010417,24390.024390243903,1574481.9557920655,5303643.8585209735,24390.024390243903,1574727.7754628048,5303554.387477828,25365.58536585366,1574382.0079220675,5302604.398967272,25365.58536585366
1574777.7493978038,5304074.117254679,24877.804878048784,2.406417675333197,1574481.9557920655,5303643.8585209735,24390.024390243903,1574827.7233328028,5304593.84703153,24390.024390243903,1575073.5430035423,5304504.375988384,25365.58536585366,1574727.7754628048,5303554.387477828,25365.58536585366
1575123.5169385413,5305024.105765237,24877.804878048784,1.980431815104705,1574827.7233328028,5304593.84703153,24390.024390243903,1575173.4908735405,5305543.835542087,24390.024390243903,1575419.3105442799,5305454.364498941,25365.58536585366,1575073.5430035423,5304504.375988384,25365.58536585366
1575469.2844792788,5305974.094275792,24877.804878048784,2.7059236867981276,1575173.4908735405,5305543.835542087,24390.024390243903,1575519.2584142778,5306493.824052644,24390.024390243903,1575765.0780850174,5306404.353009497,25365.58536585366,1575419.3105442799,5305454.364498941,25365.58536585366
1575815.0520200164,5306924.082786349,24877.804878048784,3.4501819589167866,1575519.2584142778,5306493.824052644,24390.024390243903,1575865.0259550153,5307443.8125632005,24390.024390243903,1576110.8456257547,5307354.341520054,25365.58536585366,1575765.0780850174,5306404.353009497,25365.58536585366
1576160.8195607536,5307874.071296906,24877.804878048784,4.539565292989464,1575865.0259550153,5307443.8125632005,24390.024390243903,1576210.7934957528,5308393.801073757,24390.024390243903,1576456.6131664922,5308304.33003061,25365.58536585366,1576110.8456257547,5307354.341520054,25365.58536585366
1576506.5871014912,5308824.059807462,24877.804878048784,5.394461055088647,1576210.7934957528,5308393.801073757,24390.024390243903,1576556.5610364901,5309343.789584313,24390.024390243903,1576802.3807072297,5309254.318541167,25365.58536585366,1576456.6131664922,5308304.33003061,25365.58536585366
1576852.3546422287,5309774.048318019,24877.804878048784,4.47431610691514,1576556.5610364901,5309343.789584313,24390.024390243903,1576902.3285772277,5310293.77809487,24390.024390243903,1577148.1482479672,5310204.307051723,25365.58536585366,1576802.3807072297,5309254.318541167,25365.58536585366
1577198.122182966,5310724.036828575,24877.804878048784,3.8819534045258215,1576902.3285772277,5310293.77809487,24390.024390243903,1577248.0961179652,5311243.766605427,24390.024390243903,1577493.9157887048,5311154.29556228,25365.58536585366,1577148.1482479672,5310204.307051723,25365.58536585366
1577543.8897237037,5311674.025339132,24877.804878048784,2.9367339673869512,1577248.0961179652,5311243.766605427,24390.024390243903,1577593.8636587027,5312193.755115983,24390.024390243903,1577839.683329442,5312104.284072836,25365.58536585366,1577493.9157887048,5311154.29556228,25365.58536585366
1577889.657264441,5312624.013849689,24877.804878048784,3.8534002868826533,1577593.8636587027,5312193.755115983,24390.024390243903,1577939.63119944,5313143.74362654,24390.024390243903,1578185.4508701796,5313054.272583393,25365.58536585366,1577839.683329442,5312104.284072836,25365.58536585366
1578235.4248051783,5313574.002360244,24877.804878048784,4.459395324160873,1577939.63119944,5313143.74362654,24390.024390243903,1578285.3987401775,5314093.732137096,24390.024390243903,1578531.218410917,5314004.261093949,25365.58536585366,1578185.4508701796,5313054.272583393,25365.58536585366
1578581.192345916,5314523.990870801,24877.804878048784,5.484195033222134,1578285.3987401775,5314093.732137096,24390.024390243903,1578631.166280915,5315043.720647652,24390.024390243903,1578876.9859516544,5314954.249604506,25365.58536585366,1578531.218410917,5314004.261093949,25365.58536585366
1578926.9598866536,5315473.979381357,24877.804878048784,5.329966123907555,1578631.166280915,5315043.720647652,24390.024390243903,1578976.9338216526,5315993.709158209,24390.024390243903,1579222.753492392,5315904.238115062,25365.58536585366,1578876.9859516544,5314954.249604506,25365.58536585366
1579272.7274273906,5316423.967891914,24877.804878048784,3.37461694981553,1578976.9338216526,5315993.709158209,24390.024390243903,1579322.7013623898,5316943.697668766,24390.024390243903,1579568.5210331294,5316854.226625619,25365.58536585366,1579222.753492392,5315904.238115062,25365.58536585366
1579618.4949681284,5317373.956402471,24877.804878048784,2.070198286115752,1579322.7013623898,5316943.697668766,24390.024390243903,1579668.4689031274,5317893.686179322,24390.024390243903,1579914.2885738667,5317804.215136175,25365.58536585366,1579568.5210331294,5316854.226625619,25365.58536585366
1579964.2625088657,5318323.944913026,24877.804878048784,1.4156653715827983,1579668.4689031274,5317893.686179322,24390.024390243903,1580014.2364438649,5318843.674689878,24390.024390243903,1580260.0561146042,5318754.2036467325,25365.58536585366,1579914.2885738667,5317804.215136175,25365.58536585366
1580310.030049603,5319273.933423583,24877.804878048784,1.6653844656740577,1580014.2364438649,5318843.674689878,24390.024390243903,1580360.0039846022,5319793.663200435,24390.024390243903,1580605.8236553418,5319704.192157288,25365.58536585366,1580260.0561146042,5318754.2036467325,25365.58536585366
1580655.7975903407,5320223.92193414,24877.804878048784,1.781616719820806,1580360.0039846022,5319793.663200435,24390.024390243903,1580705.7715253397,5320743.651710991,24390.024390243903,1580951.591196079,5320654.1806678455,25365.58536585366,1580605.8236553418,5319704.192157288,25365.58536585366
1581001.5651310782,5321173.910444696,24877.804878048784,1.1895848879106867,1580705.7715253397,5320743.651710991,24390.024390243903,1581051.5390660772,5321693.640221548,24390.024390243903,1581297.3587368168,5321604.169178401,25365.58536585366,1580951.591196079,5320654.1806678455,25365.58536585366
1581347.3326718155,5322123.898955253,24877.804878048784,1.6360517381975748,1581051.5390660772,5321693.640221548,24390.024390243903,1581397.3066068147,5322643.628732105,24390.024390243903,1581643.126277554,5322554.157688959,25365.58536585366,1581297.3587368168,5321604.169178401,25365.58536585366
1581693.100212553,5323073.88746581,24877.804878048784,3.289695760672988,1581397.3066068147,5322643.628732105,24390.024390243903,1581743.074147552,5323593.617242661,24390.024390243903,1581988.8938182914,5323504.146199514,25365.58536585366,1581643.126277554,5322554.157688959,25365.58536585366
1582038.8677532906,5324023.875976366,24877.804878048784,3.5251305368408263,1581743.074147552,5323593.617242661,24390.024390243903,1582088.8416882895,5324543.605753217,24390.024390243903,1582334.6613590291,5324454.134710072,25365.58536585366,1581988.8938182914,5323504.146199514,25365.58536585366
1582384.635294028,5324973.864486923,24877.804878048784,3.4195841324905767,1582088.8416882895,5324543.605753217,24390.024390243903,1582434.609229027,5325493.594263774,24390.024390243903,1582680.4288997664,5325404.123220627,25365.58536585366,1582334.6613590291,5324454.134710072,25365.58536585366
1582730.4028347654,5325923.852997478,24877.804878048784,3.137204773478081,1582434.609229027,5325493.594263774,24390.024390243903,1582780.3767697643,5326443.58277433,24390.024390243903,1583026.196440504,5326354.111731185,25365.58536585366,1582680.4288997664,5325404.123220627,25365.58536585366
1583076.170375503,5326873.841508036,24877.804878048784,2.1262444393302355,1582780.3767697643,5326443.58277433,24390.024390243903,1583126.144310502,5327393.571284887,24390.024390243903,1583371.9639812415,5327304.10024174,25365.58536585366,1583026.196440504,5326354.111731185,25365.58536585366
1583421.9379162404,5327823.830018592,24877.804878048784,1.4802822563662221,1583126.144310502,5327393.571284887,24390.024390243903,1583471.9118512394,5328343.559795443,24390.024390243903,1583717.7315219787,5328254.088752298,25365.58536585366,1583371.9639812415,5327304.10024174,25365.58536585366
1583767.705456978,5328773.818529149,24877.804878048784,0.8901820201696355,1583471.9118512394,5328343.559795443,24390.024390243903,1583817.6793919767,5329293.548306,24390.024390243903,1584063.4990627163,5329204.077262853,25365.58536585366,1583717.7315219787,5328254.088752298,25365.58536585366
1584113.4729977152,5329723.807039705,24877.804878048784,0.4573147171240291,1583817.6793919767,5329293.548306,24390.024390243903,1584163.4469327144,5330243.536816556,24390.024390243903,1584409.2666034538,5330154.065773411,25365.58536585366,1584063.4990627163,5329204.077262853,25365.58536585366
1584459.2405384528,5330673.795550262,24877.804878048784,0.6462904454068432,1584163.4469327144,5330243.536816556,24390.024390243903,1584509.2144734517,5331193.525327113,24390.024390243903,1584755.034144191,5331104.054283966,25365.58536585366,1584409.2666034538,5330154.065773411,25365.58536585366
1584805.0080791903,5331623.784060818,24877.804878048784,1.3180991738972931,1584509.2144734517,5331193.525327113,24390.024390243903,1584854.9820141892,5332143.513837669,24390.024390243903,1585100.8016849286,5332054.042794524,25365.58536585366,1584755.034144191,5331104.054283966,25365.58536585366
1585150.7756199276,5332573.772571376,24877.804878048784,1.5430152343652235,1584854.9820141892,5332143.513837669,24390.024390243903,1585200.7495549268,5333093.5023482265,24390.024390243903,1585446.569225666,5333004.031305079,25365.58536585366,1585100.8016849286,5332054.042794524,25365.58536585366
1585496.543160665,5333523.76108193,24877.804878048784,1.620056331390588,1585200.7495549268,5333093.5023482265,24390.024390243903,1585546.517095664,5334043.490858782,24390.024390243903,1585792.3367664034,5333954.019815637,25365.58536585366,1585446.569225666,5333004.031305079,25365.58536585366
1585842.3107014026,5334473.749592488,24877.804878048784,1.757054341902274,1585546.517095664,5334043.490858782,24390.024390243903,1585892.2846364016,5334993.4793693395,24390.024390243903,1586138.104307141,5334904.008326192,25365.58536585366,1585792.3367664034,5333954.019815637,25365.58536585366
1586188.07824214,5335423.738103044,24877.804878048784,2.240309061253548,1585892.2846364016,5334993.4793693395,24390.024390243903,1586238.052177139,5335943.467879895,24390.024390243903,1586483.8718478784,5335853.99683675,25365.58536585366,1586138.104307141,5334904.008326192,25365.58536585366
1586533.8457828774,5336373.726613601,24877.804878048784,2.8088176182165556,1586238.052177139,5335943.467879895,24390.024390243903,1586583.8197178764,5336893.456390453,24390.024390243903,1586829.639388616,5336803.985347305,25365.58536585366,1586483.8718478784,5335853.99683675,25365.58536585366
1586879.613323615,5337323.715124157,24877.804878048784,2.525110542113627,1586583.8197178764,5336893.456390453,24390.024390243903,1586929.587258614,5337843.444901008,24390.024390243903,1587175.4069293533,5337753.973857863,25365.58536585366,1586829.639388616,5336803.985347305,25365.58536585366
1566725.1480908443,5281184.921958176,25853.36585365854,6.206121757615784,1566429.3544851062,5280754.663224471,25365.58536585366,1566775.1220258435,5281704.651735028,25365.58536585366,1567020.9416965821,5281615.180691881,26341.146341463416,1566675.1741558446,5280665.1921813255,26341.146341463416
1567070.9156315816,5282134.910468733,25853.36585365854,6.083891103410041,1566775.1220258435,5281704.651735028,25365.58536585366,1567120.889566581,5282654.640245584,25365.58536585366,1567366.7092373197,5282565.169202439,26341.146341463416,1567020.9416965821,5281615.180691881,26341.146341463416
1567416.6831723189,5283084.898979289,25853.36585365854,6.68178974005902,1567120.889566581,5282654.640245584,25365.58536585366,1567466.6571073183,5283604.62875614,25365.58536585366,1567712.476778057,5283515.157712994,26341.146341463416,1567366.7092373197,5282565.169202439,26341.146341463416
1567762.4507130564,5284034.887489846,25853.36585365854,4.596642471323029,1567466.6571073183,5283604.62875614,25365.58536585366,1567812.4246480558,5284554.617266697,25365.58536585366,1568058.2443187945,5284465.146223552,26341.146341463416,1567712.476778057,5283515.157712994,26341.146341463416
1568108.218253794,5284984.8760004025,25853.36585365854,5.307846854852633,1567812.4246480558,5284554.617266697,25365.58536585366,1568158.1921887933,5285504.605777254,25365.58536585366,1568404.011859532,5285415.134734107,26341.146341463416,1568058.2443187945,5284465.146223552,26341.146341463416
1568453.9857945312,5285934.864510959,25853.36585365854,6.6339653578482745,1568158.1921887933,5285504.605777254,25365.58536585366,1568503.9597295308,5286454.59428781,25365.58536585366,1568749.7794002693,5286365.123244665,26341.146341463416,1568404.011859532,5285415.134734107,26341.146341463416
1568799.753335269,5286884.853021516,25853.36585365854,9.168875660606387,1568503.9597295308,5286454.59428781,25365.58536585366,1568849.7272702681,5287404.582798367,25365.58536585366,1569095.5469410068,5287315.11175522,26341.146341463416,1568749.7794002693,5286365.123244665,26341.146341463416
1569145.5208760062,5287834.841532071,25853.36585365854,8.250768755291995,1568849.7272702681,5287404.582798367,25365.58536585366,1569195.4948110057,5288354.571308923,25365.58536585366,1569441.3144817443,5288265.100265778,26341.146341463416,1569095.5469410068,5287315.11175522,26341.146341463416
1569491.2884167437,5288784.830042629,25853.36585365854,9.481301199697711,1569195.4948110057,5288354.571308923,25365.58536585366,1569541.2623517432,5289304.5598194795,25365.58536585366,1569787.0820224816,5289215.088776333,26341.146341463416,1569441.3144817443,5288265.100265778,26341.146341463416
1569837.055957481,5289734.818553184,25853.36585365854,9.289539322082785,1569541.2623517432,5289304.5598194795,25365.58536585366,1569887.0298924805,5290254.548330036,25365.58536585366,1570132.8495632191,5290165.077286891,26341.146341463416,1569787.0820224816,5289215.088776333,26341.146341463416
1570182.8234982186,5290684.807063742,25853.36585365854,8.832511797380928,1569887.0298924805,5290254.548330036,25365.58536585366,1570232.7974332182,5291204.536840593,25365.58536585366,1570478.6171039566,5291115.065797446,26341.146341463416,1570132.8495632191,5290165.077286891,26341.146341463416
1570528.591038956,5291634.795574298,25853.36585365854,7.746662743340628,1570232.7974332182,5291204.536840593,25365.58536585366,1570578.5649739555,5292154.525351149,25365.58536585366,1570824.3846446942,5292065.054308004,26341.146341463416,1570478.6171039566,5291115.065797446,26341.146341463416
1570874.3585796936,5292584.784084855,25853.36585365854,7.456190711738123,1570578.5649739555,5292154.525351149,25365.58536585366,1570924.332514693,5293104.5138617065,25365.58536585366,1571170.1521854314,5293015.042818559,26341.146341463416,1570824.3846446942,5292065.054308004,26341.146341463416
1571220.1261204309,5293534.772595411,25853.36585365854,8.573679763688553,1570924.332514693,5293104.5138617065,25365.58536585366,1571270.1000554306,5294054.502372262,25365.58536585366,1571515.919726169,5293965.031329117,26341.146341463416,1571170.1521854314,5293015.042818559,26341.146341463416
1571565.8936611684,5294484.761105968,25853.36585365854,8.78202069851897,1571270.1000554306,5294054.502372262,25365.58536585366,1571615.8675961678,5295004.490882819,25365.58536585366,1571861.6872669065,5294915.019839672,26341.146341463416,1571515.919726169,5293965.031329117,26341.146341463416
1571911.661201906,5295434.749616523,25853.36585365854,6.83549676333005,1571615.8675961678,5295004.490882819,25365.58536585366,1571961.6351369054,5295954.479393375,25365.58536585366,1572207.454807644,5295865.00835023,26341.146341463416,1571861.6872669065,5294915.019839672,26341.146341463416
1572257.4287426432,5296384.738127081,25853.36585365854,5.763640708380117,1571961.6351369054,5295954.479393375,25365.58536585366,1572307.4026776429,5296904.467903933,25365.58536585366,1572553.2223483815,5296814.996860785,26341.146341463416,1572207.454807644,5295865.00835023,26341.146341463416
1572603.1962833807,5297334.726637637,25853.36585365854,4.424370138504322,1572307.4026776429,5296904.467903933,25365.58536585366,1572653.1702183802,5297854.456414488,25365.58536585366,1572898.9898891188,5297764.985371343,26341.146341463416,1572553.2223483815,5296814.996860785,26341.146341463416
1572948.9638241183,5298284.715148194,25853.36585365854,4.509820963397997,1572653.1702183802,5297854.456414488,25365.58536585366,1572998.9377591177,5298804.444925045,25365.58536585366,1573244.7574298563,5298714.973881898,26341.146341463416,1572898.9898891188,5297764.985371343,26341.146341463416
1573294.7313648555,5299234.70365875,25853.36585365854,3.7795055424637303,1572998.9377591177,5298804.444925045,25365.58536585366,1573344.7052998552,5299754.433435601,25365.58536585366,1573590.5249705939,5299664.962392456,26341.146341463416,1573244.7574298563,5298714.973881898,26341.146341463416
1573640.498905593,5300184.692169307,25853.36585365854,3.472417726620391,1573344.7052998552,5299754.433435601,25365.58536585366,1573690.4728405925,5300704.421946158,25365.58536585366,1573936.2925113312,5300614.950903012,26341.146341463416,1573590.5249705939,5299664.962392456,26341.146341463416
1573986.2664463306,5301134.680679863,25853.36585365854,3.638925896763327,1573690.4728405925,5300704.421946158,25365.58536585366,1574036.24038133,5301654.410456715,25365.58536585366,1574282.060052069,5301564.939413569,26341.146341463416,1573936.2925113312,5300614.950903012,26341.146341463416
1574332.033987068,5302084.669190421,25853.36585365854,3.112360822735305,1574036.24038133,5301654.410456715,25365.58536585366,1574382.0079220675,5302604.398967272,25365.58536585366,1574627.8275928062,5302514.927924125,26341.146341463416,1574282.060052069,5301564.939413569,26341.146341463416
1574677.8015278056,5303034.657700976,25853.36585365854,2.7990414498375906,1574382.0079220675,5302604.398967272,25365.58536585366,1574727.7754628048,5303554.387477828,25365.58536585366,1574973.5951335435,5303464.916434682,26341.146341463416,1574627.8275928062,5302514.927924125,26341.146341463416
1575023.569068543,5303984.646211533,25853.36585365854,1.7502070352870889,1574727.7754628048,5303554.387477828,25365.58536585366,1575073.5430035423,5304504.375988384,25365.58536585366,1575319.362674281,5304414.9049452385,26341.146341463416,1574973.5951335435,5303464.916434682,26341.146341463416
1575369.3366092802,5304934.634722089,25853.36585365854,2.342636939159367,1575073.5430035423,5304504.375988384,25365.58536585366,1575419.3105442799,5305454.364498941,25365.58536585366,1575665.1302150185,5305364.893455795,26341.146341463416,1575319.362674281,5304414.9049452385,26341.146341463416
1575715.104150018,5305884.623232646,25853.36585365854,2.4311708003018224,1575419.3105442799,5305454.364498941,25365.58536585366,1575765.0780850174,5306404.353009497,25365.58536585366,1576010.8977557558,5306314.8819663515,26341.146341463416,1575665.1302150185,5305364.893455795,26341.146341463416
1576060.8716907555,5306834.611743203,25853.36585365854,1.8777769285333925,1575765.0780850174,5306404.353009497,25365.58536585366,1576110.8456257547,5307354.341520054,25365.58536585366,1576356.6652964936,5307264.870476908,26341.146341463416,1576010.8977557558,5306314.8819663515,26341.146341463416
1576406.6392314928,5307784.600253759,25853.36585365854,2.5381497625966367,1576110.8456257547,5307354.341520054,25365.58536585366,1576456.6131664922,5308304.33003061,25365.58536585366,1576702.4328372309,5308214.858987465,26341.146341463416,1576356.6652964936,5307264.870476908,26341.146341463416
1576752.4067722303,5308734.5887643155,25853.36585365854,2.0082678637980433,1576456.6131664922,5308304.33003061,25365.58536585366,1576802.3807072297,5309254.318541167,25365.58536585366,1577048.2003779681,5309164.847498021,26341.146341463416,1576702.4328372309,5308214.858987465,26341.146341463416
1577098.1743129678,5309684.577274872,25853.36585365854,2.0452780999872497,1576802.3807072297,5309254.318541167,25365.58536585366,1577148.1482479672,5310204.307051723,25365.58536585366,1577393.967918706,5310114.836008578,26341.146341463416,1577048.2003779681,5309164.847498021,26341.146341463416
1577443.9418537053,5310634.5657854285,25853.36585365854,1.6224740215285987,1577148.1482479672,5310204.307051723,25365.58536585366,1577493.9157887048,5311154.29556228,25365.58536585366,1577739.7354594432,5311064.824519134,26341.146341463416,1577393.967918706,5310114.836008578,26341.146341463416
1577789.7093944426,5311584.554295985,25853.36585365854,2.4167948087585907,1577493.9157887048,5311154.29556228,25365.58536585366,1577839.683329442,5312104.284072836,25365.58536585366,1578085.5030001807,5312014.813029691,26341.146341463416,1577739.7354594432,5311064.824519134,26341.146341463416
1578135.4769351801,5312534.542806542,25853.36585365854,3.269282666090688,1577839.683329442,5312104.284072836,25365.58536585366,1578185.4508701796,5313054.272583393,25365.58536585366,1578431.2705409182,5312964.801540247,26341.146341463416,1578085.5030001807,5312014.813029691,26341.146341463416
1578481.2444759174,5313484.531317098,25853.36585365854,3.0485090218875492,1578185.4508701796,5313054.272583393,25365.58536585366,1578531.218410917,5314004.261093949,25365.58536585366,1578777.0380816555,5313914.790050804,26341.146341463416,1578431.2705409182,5312964.801540247,26341.146341463416
1578827.0120166552,5314434.5198276555,25853.36585365854,3.886955392952941,1578531.218410917,5314004.261093949,25365.58536585366,1578876.9859516544,5314954.249604506,25365.58536585366,1579122.805622393,5314864.77856136,26341.146341463416,1578777.0380816555,5313914.790050804,26341.146341463416
1579172.7795573925,5315384.508338211,25853.36585365854,4.355378432068899,1578876.9859516544,5314954.249604506,25365.58536585366,1579222.753492392,5315904.238115062,25365.58536585366,1579468.5731631306,5315814.767071917,26341.146341463416,1579122.805622393,5314864.77856136,26341.146341463416
1579518.54709813,5316334.496848768,25853.36585365854,3.1832187447017573,1579222.753492392,5315904.238115062,25365.58536585366,1579568.5210331294,5316854.226625619,25365.58536585366,1579814.340703868,5316764.755582473,26341.146341463416,1579468.5731631306,5315814.767071917,26341.146341463416
1579864.3146388673,5317284.485359324,25853.36585365854,2.3795883657335195,1579568.5210331294,5316854.226625619,25365.58536585366,1579914.2885738667,5317804.215136175,25365.58536585366,1580160.1082446054,5317714.74409303,26341.146341463416,1579814.340703868,5316764.755582473,26341.146341463416
1580210.0821796048,5318234.473869881,25853.36585365854,1.7130914991029558,1579914.2885738667,5317804.215136175,25365.58536585366,1580260.0561146042,5318754.2036467325,25365.58536585366,1580505.8757853429,5318664.732603586,26341.146341463416,1580160.1082446054,5317714.74409303,26341.146341463416
1580555.8497203423,5319184.462380437,25853.36585365854,2.107950366297451,1580260.0561146042,5318754.2036467325,25365.58536585366,1580605.8236553418,5319704.192157288,25365.58536585366,1580851.6433260804,5319614.721114143,26341.146341463416,1580505.8757853429,5318664.732603586,26341.146341463416
1580901.6172610798,5320134.450890994,25853.36585365854,3.184274822091329,1580605.8236553418,5319704.192157288,25365.58536585366,1580951.591196079,5320654.1806678455,25365.58536585366,1581197.4108668177,5320564.709624699,26341.146341463416,1580851.6433260804,5319614.721114143,26341.146341463416
1581247.3848018171,5321084.43940155,25853.36585365854,3.5646176600153323,1580951.591196079,5320654.1806678455,25365.58536585366,1581297.3587368168,5321604.169178401,25365.58536585366,1581543.1784075552,5321514.698135256,26341.146341463416,1581197.4108668177,5320564.709624699,26341.146341463416
1581593.1523425546,5322034.427912108,25853.36585365854,2.68279311386172,1581297.3587368168,5321604.169178401,25365.58536585366,1581643.126277554,5322554.157688959,25365.58536585366,1581888.9459482927,5322464.686645812,26341.146341463416,1581543.1784075552,5321514.698135256,26341.146341463416
1581938.919883292,5322984.416422663,25853.36585365854,2.801379891495901,1581643.126277554,5322554.157688959,25365.58536585366,1581988.8938182914,5323504.146199514,25365.58536585366,1582234.71348903,5323414.675156369,26341.146341463416,1581888.9459482927,5322464.686645812,26341.146341463416
1582284.6874240295,5323934.40493322,25853.36585365854,3.728234750012252,1581988.8938182914,5323504.146199514,25365.58536585366,1582334.6613590291,5324454.134710072,25365.58536585366,1582580.4810297675,5324364.663666925,26341.146341463416,1582234.71348903,5323414.675156369,26341.146341463416
1582630.454964767,5324884.393443776,25853.36585365854,2.416882722595111,1582334.6613590291,5324454.134710072,25365.58536585366,1582680.4288997664,5325404.123220627,25365.58536585366,1582926.248570505,5325314.652177482,26341.146341463416,1582580.4810297675,5324364.663666925,26341.146341463416
1582976.2225055045,5325834.381954333,25853.36585365854,2.65036767673339,1582680.4288997664,5325404.123220627,25365.58536585366,1583026.196440504,5326354.111731185,25365.58536585366,1583272.0161112424,5326264.640688038,26341.146341463416,1582926.248570505,5325314.652177482,26341.146341463416
1583321.9900462418,5326784.370464889,25853.36585365854,2.3558014051075844,1583026.196440504,5326354.111731185,25365.58536585366,1583371.9639812415,5327304.10024174,25365.58536585366,1583617.78365198,5327214.629198595,26341.146341463416,1583272.0161112424,5326264.640688038,26341.146341463416
1583667.7575869793,5327734.358975446,25853.36585365854,1.856072048936582,1583371.9639812415,5327304.10024174,25365.58536585366,1583717.7315219787,5328254.088752298,25365.58536585366,1583963.5511927174,5328164.617709151,26341.146341463416,1583617.78365198,5327214.629198595,26341.146341463416
1584013.5251277168,5328684.347486002,25853.36585365854,1.4001892596194423,1583717.7315219787,5328254.088752298,25365.58536585366,1584063.4990627163,5329204.077262853,25365.58536585366,1584309.318733455,5329114.606219708,26341.146341463416,1583963.5511927174,5328164.617709151,26341.146341463416
1584359.292668454,5329634.33599656,25853.36585365854,1.0260043417754432,1584063.4990627163,5329204.077262853,25365.58536585366,1584409.2666034538,5330154.065773411,25365.58536585366,1584655.0862741924,5330064.5947302645,26341.146341463416,1584309.318733455,5329114.606219708,26341.146341463416
1584705.0602091916,5330584.324507115,25853.36585365854,1.2021935137168112,1584409.2666034538,5330154.065773411,25365.58536585366,1584755.034144191,5331104.054283966,25365.58536585366,1585000.8538149297,5331014.583240821,26341.146341463416,1584655.0862741924,5330064.5947302645,26341.146341463416
1585050.8277499292,5331534.313017672,25853.36585365854,1.365181311169923,1584755.034144191,5331104.054283966,25365.58536585366,1585100.8016849286,5332054.042794524,25365.58536585366,1585346.6213556675,5331964.571751378,26341.146341463416,1585000.8538149297,5331014.583240821,26341.146341463416
1585396.5952906667,5332484.301528228,25853.36585365854,1.2753619405193515,1585100.8016849286,5332054.042794524,25365.58536585366,1585446.569225666,5333004.031305079,25365.58536585366,1585692.3888964048,5332914.560261934,26341.146341463416,1585346.6213556675,5331964.571751378,26341.146341463416
1585742.362831404,5333434.290038785,25853.36585365854,1.4664491082665334,1585446.569225666,5333004.031305079,25365.58536585366,1585792.3367664034,5333954.019815637,25365.58536585366,1586038.156437142,5333864.54877249,26341.146341463416,1585692.3888964048,5332914.560261934,26341.146341463416
1586088.1303721415,5334384.2785493415,25853.36585365854,2.0966077714681077,1585792.3367664034,5333954.019815637,25365.58536585366,1586138.104307141,5334904.008326192,25365.58536585366,1586383.9239778798,5334814.537283047,26341.146341463416,1586038.156437142,5333864.54877249,26341.146341463416
1586433.897912879,5335334.267059898,25853.36585365854,2.392029255144598,1586138.104307141,5334904.008326192,25365.58536585366,1586483.8718478784,5335853.99683675,25365.58536585366,1586729.691518617,5335764.525793604,26341.146341463416,1586383.9239778798,5334814.537283047,26341.146341463416
1586779.6654536165,5336284.2555704545,25853.36585365854,3.2978455237788307,1586483.8718478784,5335853.99683675,25365.58536585366,1586829.639388616,5336803.985347305,25365.58536585366,1587075.4590593544,5336714.51430416,26341.146341463416,1586729.691518617,5335764.525793604,26341.146341463416
1587125.432994354,5337234.244081012,25853.36585365854,2.692533237833167,1586829.639388616,5336803.985347305,25365.58536585366,1587175.4069293533,5337753.973857863,25365.58536585366,1587421.2266000921,5337664.502814717,26341.146341463416,1587075.4590593544,5336714.51430416,26341.146341463416
1566970.9677615832,5281095.45091503,26828.926829268297,6.405068094194698,1566675.1741558446,5280665.1921813255,26341.146341463416,1567020.9416965821,5281615.180691881,26341.146341463416,1567266.7613673215,5281525.709648736,27316.707317073175,1566920.9938265842,5280575.721138178,27316.707317073175
1567316.7353023204,5282045.439425587,26828.926829268297,6.866886833563447,1567020.9416965821,5281615.180691881,26341.146341463416,1567366.7092373197,5282565.169202439,26341.146341463416,1567612.528908059,5282475.698159291,27316.707317073175,1567266.7613673215,5281525.709648736,27316.707317073175
1567662.502843058,5282995.427936143,26828.926829268297,6.078048875487781,1567366.7092373197,5282565.169202439,26341.146341463416,1567712.476778057,5283515.157712994,26341.146341463416,1567958.2964487965,5283425.686669849,27316.707317073175,1567612.528908059,5282475.698159291,27316.707317073175
1568008.2703837955,5283945.416446701,26828.926829268297,5.116396936293375,1567712.476778057,5283515.157712994,26341.146341463416,1568058.2443187945,5284465.146223552,26341.146341463416,1568304.0639895338,5284375.675180404,27316.707317073175,1567958.2964487965,5283425.686669849,27316.707317073175
1568354.0379245328,5284895.404957255,26828.926829268297,4.833522651259922,1568058.2443187945,5284465.146223552,26341.146341463416,1568404.011859532,5285415.134734107,26341.146341463416,1568649.8315302713,5285325.663690962,27316.707317073175,1568304.0639895338,5284375.675180404,27316.707317073175
1568699.8054652703,5285845.393467813,26828.926829268297,4.545928821014138,1568404.011859532,5285415.134734107,26341.146341463416,1568749.7794002693,5286365.123244665,26341.146341463416,1568995.5990710089,5286275.6522015175,27316.707317073175,1568649.8315302713,5285325.663690962,27316.707317073175
1569045.5730060078,5286795.381978369,26828.926829268297,5.578553858319873,1568749.7794002693,5286365.123244665,26341.146341463416,1569095.5469410068,5287315.11175522,26341.146341463416,1569341.3666117461,5287225.640712075,27316.707317073175,1568995.5990710089,5286275.6522015175,27316.707317073175
1569391.340546745,5287745.370488926,26828.926829268297,8.471230705023878,1569095.5469410068,5287315.11175522,26341.146341463416,1569441.3144817443,5288265.100265778,26341.146341463416,1569687.1341524837,5288175.6292226305,27316.707317073175,1569341.3666117461,5287225.640712075,27316.707317073175
1569737.1080874826,5288695.358999482,26828.926829268297,10.72506121663265,1569441.3144817443,5288265.100265778,26341.146341463416,1569787.0820224816,5289215.088776333,26341.146341463416,1570032.9016932212,5289125.617733188,27316.707317073175,1569687.1341524837,5288175.6292226305,27316.707317073175
1570082.8756282202,5289645.347510039,26828.926829268297,8.933966870486122,1569787.0820224816,5289215.088776333,26341.146341463416,1570132.8495632191,5290165.077286891,26341.146341463416,1570378.6692339587,5290075.606243744,27316.707317073175,1570032.9016932212,5289125.617733188,27316.707317073175
1570428.6431689574,5290595.336020595,26828.926829268297,7.803995655075772,1570132.8495632191,5290165.077286891,26341.146341463416,1570478.6171039566,5291115.065797446,26341.146341463416,1570724.4367746962,5291025.594754301,27316.707317073175,1570378.6692339587,5290075.606243744,27316.707317073175
1570774.410709695,5291545.324531153,26828.926829268297,6.755941427114115,1570478.6171039566,5291115.065797446,26341.146341463416,1570824.3846446942,5292065.054308004,26341.146341463416,1571070.2043154335,5291975.583264857,27316.707317073175,1570724.4367746962,5291025.594754301,27316.707317073175
1571120.1782504327,5292495.3130417075,26828.926829268297,6.664759965790127,1570824.3846446942,5292065.054308004,26341.146341463416,1571170.1521854314,5293015.042818559,26341.146341463416,1571415.9718561713,5292925.571775414,27316.707317073175,1571070.2043154335,5291975.583264857,27316.707317073175
1571465.94579117,5293445.301552265,26828.926829268297,7.52369452526427,1571170.1521854314,5293015.042818559,26341.146341463416,1571515.919726169,5293965.031329117,26341.146341463416,1571761.7393969086,5293875.56028597,27316.707317073175,1571415.9718561713,5292925.571775414,27316.707317073175
1571811.7133319075,5294395.2900628215,26828.926829268297,7.763235110202829,1571515.919726169,5293965.031329117,26341.146341463416,1571861.6872669065,5294915.019839672,26341.146341463416,1572107.5069376458,5294825.548796527,27316.707317073175,1571761.7393969086,5293875.56028597,27316.707317073175
1572157.480872645,5295345.278573378,26828.926829268297,7.903646155617857,1571861.6872669065,5294915.019839672,26341.146341463416,1572207.454807644,5295865.00835023,26341.146341463416,1572453.2744783836,5295775.537307084,27316.707317073175,1572107.5069376458,5294825.548796527,27316.707317073175
1572503.2484133823,5296295.2670839345,26828.926829268297,4.888860304535249,1572207.454807644,5295865.00835023,26341.146341463416,1572553.2223483815,5296814.996860785,26341.146341463416,1572799.0420191209,5296725.52581764,27316.707317073175,1572453.2744783836,5295775.537307084,27316.707317073175
1572849.01595412,5297245.255594491,26828.926829268297,3.9829772434562902,1572553.2223483815,5296814.996860785,26341.146341463416,1572898.9898891188,5297764.985371343,26341.146341463416,1573144.8095598584,5297675.514328197,27316.707317073175,1572799.0420191209,5296725.52581764,27316.707317073175
1573194.7834948574,5298195.244105048,26828.926829268297,2.3879551741970704,1572898.9898891188,5297764.985371343,26341.146341463416,1573244.7574298563,5298714.973881898,26341.146341463416,1573490.577100596,5298625.502838753,27316.707317073175,1573144.8095598584,5297675.514328197,27316.707317073175
1573540.551035595,5299145.232615605,26828.926829268297,2.5830191592841145,1573244.7574298563,5298714.973881898,26341.146341463416,1573590.5249705939,5299664.962392456,26341.146341463416,1573836.3446413332,5299575.49134931,27316.707317073175,1573490.577100596,5298625.502838753,27316.707317073175
1573886.3185763322,5300095.221126161,26828.926829268297,2.7891302059865835,1573590.5249705939,5299664.962392456,26341.146341463416,1573936.2925113312,5300614.950903012,26341.146341463416,1574182.1121820705,5300525.479859866,27316.707317073175,1573836.3446413332,5299575.49134931,27316.707317073175
1574232.0861170697,5301045.209636717,26828.926829268297,2.9646615225094566,1573936.2925113312,5300614.950903012,26341.146341463416,1574282.060052069,5301564.939413569,26341.146341463416,1574527.8797228083,5301475.468370423,27316.707317073175,1574182.1121820705,5300525.479859866,27316.707317073175
1574577.8536578072,5301995.198147275,26828.926829268297,2.1105979276278224,1574282.060052069,5301564.939413569,26341.146341463416,1574627.8275928062,5302514.927924125,26341.146341463416,1574873.6472635455,5302425.456880979,27316.707317073175,1574527.8797228083,5301475.468370423,27316.707317073175
1574923.6211985445,5302945.18665783,26828.926829268297,2.083248869451617,1574627.8275928062,5302514.927924125,26341.146341463416,1574973.5951335435,5303464.916434682,26341.146341463416,1575219.4148042828,5303375.445391536,27316.707317073175,1574873.6472635455,5302425.456880979,27316.707317073175
1575269.388739282,5303895.175168388,26828.926829268297,1.809783909795432,1574973.5951335435,5303464.916434682,26341.146341463416,1575319.362674281,5304414.9049452385,26341.146341463416,1575565.1823450206,5304325.433902092,27316.707317073175,1575219.4148042828,5303375.445391536,27316.707317073175
1575615.1562800196,5304845.163678943,26828.926829268297,2.043163029969339,1575319.362674281,5304414.9049452385,26341.146341463416,1575665.1302150185,5305364.893455795,26341.146341463416,1575910.9498857579,5305275.422412649,27316.707317073175,1575565.1823450206,5304325.433902092,27316.707317073175
1575960.9238207568,5305795.152189501,26828.926829268297,0.7311156338057208,1575665.1302150185,5305364.893455795,26341.146341463416,1576010.8977557558,5306314.8819663515,26341.146341463416,1576256.7174264954,5306225.410923205,27316.707317073175,1575910.9498857579,5305275.422412649,27316.707317073175
1576306.6913614944,5306745.140700057,26828.926829268297,0.6608895882310163,1576010.8977557558,5306314.8819663515,26341.146341463416,1576356.6652964936,5307264.870476908,26341.146341463416,1576602.484967233,5307175.399433762,27316.707317073175,1576256.7174264954,5306225.410923205,27316.707317073175
1576652.4589022319,5307695.129210613,26828.926829268297,0.7995088626191491,1576356.6652964936,5307264.870476908,26341.146341463416,1576702.4328372309,5308214.858987465,26341.146341463416,1576948.2525079702,5308125.387944317,27316.707317073175,1576602.484967233,5307175.399433762,27316.707317073175
1576998.2264429694,5308645.117721169,26828.926829268297,1.191943474743918,1576702.4328372309,5308214.858987465,26341.146341463416,1577048.2003779681,5309164.847498021,26341.146341463416,1577294.0200487077,5309075.376454875,27316.707317073175,1576948.2525079702,5308125.387944317,27316.707317073175
1577343.9939837067,5309595.106231727,26828.926829268297,0.7238109590759103,1577048.2003779681,5309164.847498021,26341.146341463416,1577393.967918706,5310114.836008578,26341.146341463416,1577639.7875894452,5310025.364965431,27316.707317073175,1577294.0200487077,5309075.376454875,27316.707317073175
1577689.7615244442,5310545.094742282,26828.926829268297,1.0830450031925574,1577393.967918706,5310114.836008578,26341.146341463416,1577739.7354594432,5311064.824519134,26341.146341463416,1577985.5551301828,5310975.353475988,27316.707317073175,1577639.7875894452,5310025.364965431,27316.707317073175
1578035.5290651817,5311495.08325284,26828.926829268297,1.6048195515680228,1577739.7354594432,5311064.824519134,26341.146341463416,1578085.5030001807,5312014.813029691,26341.146341463416,1578331.32267092,5311925.341986544,27316.707317073175,1577985.5551301828,5310975.353475988,27316.707317073175
1578381.296605919,5312445.071763395,26828.926829268297,2.1698120341262386,1578085.5030001807,5312014.813029691,26341.146341463416,1578431.2705409182,5312964.801540247,26341.146341463416,1578677.0902116578,5312875.330497101,27316.707317073175,1578331.32267092,5311925.341986544,27316.707317073175
1578727.0641466565,5313395.060273953,26828.926829268297,2.1889085863970426,1578431.2705409182,5312964.801540247,26341.146341463416,1578777.0380816555,5313914.790050804,26341.146341463416,1579022.857752395,5313825.3190076575,27316.707317073175,1578677.0902116578,5312875.330497101,27316.707317073175
1579072.831687394,5314345.048784509,26828.926829268297,2.872824616276784,1578777.0380816555,5313914.790050804,26341.146341463416,1579122.805622393,5314864.77856136,26341.146341463416,1579368.6252931324,5314775.307518214,27316.707317073175,1579022.857752395,5313825.3190076575,27316.707317073175
1579418.5992281314,5315295.037295065,26828.926829268297,3.2935129748583702,1579122.805622393,5314864.77856136,26341.146341463416,1579468.5731631306,5315814.767071917,26341.146341463416,1579714.3928338701,5315725.2960287705,27316.707317073175,1579368.6252931324,5314775.307518214,27316.707317073175
1579764.3667688689,5316245.025805621,26828.926829268297,2.2475463845411285,1579468.5731631306,5315814.767071917,26341.146341463416,1579814.340703868,5316764.755582473,26341.146341463416,1580060.1603746074,5316675.284539327,27316.707317073175,1579714.3928338701,5315725.2960287705,27316.707317073175
1580110.1343096066,5317195.014316179,26828.926829268297,2.373950081350667,1579814.340703868,5316764.755582473,26341.146341463416,1580160.1082446054,5317714.74409303,26341.146341463416,1580405.9279153447,5317625.273049884,27316.707317073175,1580060.1603746074,5316675.284539327,27316.707317073175
1580455.9018503437,5318145.002826734,26828.926829268297,2.471081689390677,1580160.1082446054,5317714.74409303,26341.146341463416,1580505.8757853429,5318664.732603586,26341.146341463416,1580751.6954560825,5318575.26156044,27316.707317073175,1580405.9279153447,5317625.273049884,27316.707317073175
1580801.6693910812,5319094.991337292,26828.926829268297,3.1131948905719553,1580505.8757853429,5318664.732603586,26341.146341463416,1580851.6433260804,5319614.721114143,26341.146341463416,1581097.4629968198,5319525.250070997,27316.707317073175,1580751.6954560825,5318575.26156044,27316.707317073175
1581147.4369318187,5320044.9798478475,26828.926829268297,4.43039941405698,1580851.6433260804,5319614.721114143,26341.146341463416,1581197.4108668177,5320564.709624699,26341.146341463416,1581443.230537557,5320475.238581553,27316.707317073175,1581097.4629968198,5319525.250070997,27316.707317073175
1581493.204472556,5320994.968358405,26828.926829268297,5.465068299135308,1581197.4108668177,5320564.709624699,26341.146341463416,1581543.1784075552,5321514.698135256,26341.146341463416,1581788.9980782948,5321425.22709211,27316.707317073175,1581443.230537557,5320475.238581553,27316.707317073175
1581838.9720132935,5321944.956868961,26828.926829268297,5.034656014749235,1581543.1784075552,5321514.698135256,26341.146341463416,1581888.9459482927,5322464.686645812,26341.146341463416,1582134.765619032,5322375.215602666,27316.707317073175,1581788.9980782948,5321425.22709211,27316.707317073175
1582184.7395540313,5322894.945379517,26828.926829268297,4.237982824258355,1581888.9459482927,5322464.686645812,26341.146341463416,1582234.71348903,5323414.675156369,26341.146341463416,1582480.5331597696,5323325.204113222,27316.707317073175,1582134.765619032,5322375.215602666,27316.707317073175
1582530.5070947683,5323844.933890074,26828.926829268297,3.8827500304345897,1582234.71348903,5323414.675156369,26341.146341463416,1582580.4810297675,5324364.663666925,26341.146341463416,1582826.3007005071,5324275.192623779,27316.707317073175,1582480.5331597696,5323325.204113222,27316.707317073175
1582876.2746355059,5324794.922400631,26828.926829268297,2.843985476581309,1582580.4810297675,5324364.663666925,26341.146341463416,1582926.248570505,5325314.652177482,26341.146341463416,1583172.0682412444,5325225.181134336,27316.707317073175,1582826.3007005071,5324275.192623779,27316.707317073175
1583222.0421762436,5325744.910911187,26828.926829268297,2.787290195177181,1582926.248570505,5325314.652177482,26341.146341463416,1583272.0161112424,5326264.640688038,26341.146341463416,1583517.8357819822,5326175.169644892,27316.707317073175,1583172.0682412444,5325225.181134336,27316.707317073175
1583567.8097169811,5326694.899421744,26828.926829268297,2.101536896966573,1583272.0161112424,5326264.640688038,26341.146341463416,1583617.78365198,5327214.629198595,26341.146341463416,1583863.6033227195,5327125.158155449,27316.707317073175,1583517.8357819822,5326175.169644892,27316.707317073175
1583913.5772577184,5327644.8879323,26828.926829268297,2.473491347138203,1583617.78365198,5327214.629198595,26341.146341463416,1583963.5511927174,5328164.617709151,26341.146341463416,1584209.3708634567,5328075.146666005,27316.707317073175,1583863.6033227195,5327125.158155449,27316.707317073175
1584259.344798456,5328594.876442856,26828.926829268297,1.9973452762842883,1583963.5511927174,5328164.617709151,26341.146341463416,1584309.318733455,5329114.606219708,26341.146341463416,1584555.1384041945,5329025.135176561,27316.707317073175,1584209.3708634567,5328075.146666005,27316.707317073175
1584605.1123391932,5329544.864953414,26828.926829268297,0.9436542945385172,1584309.318733455,5329114.606219708,26341.146341463416,1584655.0862741924,5330064.5947302645,26341.146341463416,1584900.9059449318,5329975.123687118,27316.707317073175,1584555.1384041945,5329025.135176561,27316.707317073175
1584950.879879931,5330494.853463969,26828.926829268297,0.9115100023397977,1584655.0862741924,5330064.5947302645,26341.146341463416,1585000.8538149297,5331014.583240821,26341.146341463416,1585246.6734856693,5330925.112197675,27316.707317073175,1584900.9059449318,5329975.123687118,27316.707317073175
1585296.6474206683,5331444.841974526,26828.926829268297,0.9754214626086333,1585000.8538149297,5331014.583240821,26341.146341463416,1585346.6213556675,5331964.571751378,26341.146341463416,1585592.4410264068,5331875.100708231,27316.707317073175,1585246.6734856693,5330925.112197675,27316.707317073175
1585642.4149614058,5332394.830485083,26828.926829268297,1.0226521950139567,1585346.6213556675,5331964.571751378,26341.146341463416,1585692.3888964048,5332914.560261934,26341.146341463416,1585938.208567144,5332825.089218788,27316.707317073175,1585592.4410264068,5331875.100708231,27316.707317073175
1585988.182502143,5333344.818995639,26828.926829268297,1.4099874744777114,1585692.3888964048,5332914.560261934,26341.146341463416,1586038.156437142,5333864.54877249,26341.146341463416,1586283.9761078816,5333775.077729344,27316.707317073175,1585938.208567144,5332825.089218788,27316.707317073175
1586333.9500428806,5334294.807506196,26828.926829268297,2.1488327490889207,1586038.156437142,5333864.54877249,26341.146341463416,1586383.9239778798,5334814.537283047,26341.146341463416,1586629.7436486192,5334725.0662399,27316.707317073175,1586283.9761078816,5333775.077729344,27316.707317073175
1586679.7175836181,5335244.796016752,26828.926829268297,2.3222614076246586,1586383.9239778798,5334814.537283047,26341.146341463416,1586729.691518617,5335764.525793604,26341.146341463416,1586975.5111893564,5335675.054750457,27316.707317073175,1586629.7436486192,5334725.0662399,27316.707317073175
1587025.4851243556,5336194.784527309,26828.926829268297,2.1875437487542087,1586729.691518617,5335764.525793604,26341.146341463416,1587075.4590593544,5336714.51430416,26341.146341463416,1587321.278730094,5336625.043261014,27316.707317073175,1586975.5111893564,5335675.054750457,27316.707317073175
1587371.252665093,5337144.773037866,26828.926829268297,2.04686111754627,1587075.4590593544,5336714.51430416,26341.146341463416,1587421.2266000921,5337664.502814717,26341.146341463416,1587667.0462708315,5337575.03177157,27316.707317073175,1587321.278730094,5336625.043261014,27316.707317073175
1567216.7874323225,5281005.979871885,27804.487804878052,7.211945967465733,1566920.9938265842,5280575.721138178,27316.707317073175,1567266.7613673215,5281525.709648736,27316.707317073175,1567512.5810380608,5281436.238605589,28292.26829268293,1567166.8134973235,5280486.250095033,28292.26829268293
1567562.5549730598,5281955.96838244,27804.487804878052,8.547492044219744,1567266.7613673215,5281525.709648736,27316.707317073175,1567612.528908059,5282475.698159291,27316.707317073175,1567858.3485787986,5282386.227116146,28292.26829268293,1567512.5810380608,5281436.238605589,28292.26829268293
1567908.3225137973,5282905.956892997,27804.487804878052,8.336355452494574,1567612.528908059,5282475.698159291,27316.707317073175,1567958.2964487965,5283425.686669849,27316.707317073175,1568204.1161195359,5283336.215626702,28292.26829268293,1567858.3485787986,5282386.227116146,28292.26829268293
1568254.090054535,5283855.945403554,27804.487804878052,8.266396827129087,1567958.2964487965,5283425.686669849,27316.707317073175,1568304.0639895338,5284375.675180404,27316.707317073175,1568549.8836602734,5284286.204137259,28292.26829268293,1568204.1161195359,5283336.215626702,28292.26829268293
1568599.8575952721,5284805.93391411,27804.487804878052,6.278583088620207,1568304.0639895338,5284375.675180404,27316.707317073175,1568649.8315302713,5285325.663690962,27316.707317073175,1568895.651201011,5285236.192647815,28292.26829268293,1568549.8836602734,5284286.204137259,28292.26829268293
1568945.6251360099,5285755.922424667,27804.487804878052,5.038779801443952,1568649.8315302713,5285325.663690962,27316.707317073175,1568995.5990710089,5286275.6522015175,27316.707317073175,1569241.4187417482,5286186.181158372,28292.26829268293,1568895.651201011,5285236.192647815,28292.26829268293
1569291.3926767474,5286705.910935223,27804.487804878052,6.455718038679955,1568995.5990710089,5286275.6522015175,27316.707317073175,1569341.3666117461,5287225.640712075,27316.707317073175,1569587.186282486,5287136.169668928,28292.26829268293,1569241.4187417482,5286186.181158372,28292.26829268293
1569637.1602174847,5287655.89944578,27804.487804878052,9.139450309169316,1569341.3666117461,5287225.640712075,27316.707317073175,1569687.1341524837,5288175.6292226305,27316.707317073175,1569932.9538232232,5288086.158179485,28292.26829268293,1569587.186282486,5287136.169668928,28292.26829268293
1569982.9277582222,5288605.887956337,27804.487804878052,7.682529456900135,1569687.1341524837,5288175.6292226305,27316.707317073175,1570032.9016932212,5289125.617733188,27316.707317073175,1570278.7213639605,5289036.146690041,28292.26829268293,1569932.9538232232,5288086.158179485,28292.26829268293
1570328.6952989597,5289555.876466892,27804.487804878052,8.653935071856964,1570032.9016932212,5289125.617733188,27316.707317073175,1570378.6692339587,5290075.606243744,27316.707317073175,1570624.4889046983,5289986.135200598,28292.26829268293,1570278.7213639605,5289036.146690041,28292.26829268293
1570674.462839697,5290505.864977449,27804.487804878052,8.13379494179947,1570378.6692339587,5290075.606243744,27316.707317073175,1570724.4367746962,5291025.594754301,27316.707317073175,1570970.2564454356,5290936.123711154,28292.26829268293,1570624.4889046983,5289986.135200598,28292.26829268293
1571020.2303804348,5291455.853488006,27804.487804878052,9.559681044876553,1570724.4367746962,5291025.594754301,27316.707317073175,1571070.2043154335,5291975.583264857,27316.707317073175,1571316.023986173,5291886.112221711,28292.26829268293,1570970.2564454356,5290936.123711154,28292.26829268293
1571365.997921172,5292405.841998562,27804.487804878052,8.82212421803987,1571070.2043154335,5291975.583264857,27316.707317073175,1571415.9718561713,5292925.571775414,27316.707317073175,1571661.7915269106,5292836.100732267,28292.26829268293,1571316.023986173,5291886.112221711,28292.26829268293
1571711.7654619096,5293355.830509119,27804.487804878052,7.32927451667667,1571415.9718561713,5292925.571775414,27316.707317073175,1571761.7393969086,5293875.56028597,27316.707317073175,1572007.559067648,5293786.089242824,28292.26829268293,1571661.7915269106,5292836.100732267,28292.26829268293
1572057.5330026469,5294305.819019675,27804.487804878052,7.846630053216661,1571761.7393969086,5293875.56028597,27316.707317073175,1572107.5069376458,5294825.548796527,27316.707317073175,1572353.3266083854,5294736.077753381,28292.26829268293,1572007.559067648,5293786.089242824,28292.26829268293
1572403.3005433844,5295255.807530232,27804.487804878052,8.092139102859798,1572107.5069376458,5294825.548796527,27316.707317073175,1572453.2744783836,5295775.537307084,27316.707317073175,1572699.094149123,5295686.066263937,28292.26829268293,1572353.3266083854,5294736.077753381,28292.26829268293
1572749.068084122,5296205.796040789,27804.487804878052,5.990073313349393,1572453.2744783836,5295775.537307084,27316.707317073175,1572799.0420191209,5296725.52581764,27316.707317073175,1573044.8616898602,5296636.054774494,28292.26829268293,1572699.094149123,5295686.066263937,28292.26829268293
1573094.8356248594,5297155.784551345,27804.487804878052,4.29625045344339,1572799.0420191209,5296725.52581764,27316.707317073175,1573144.8095598584,5297675.514328197,27316.707317073175,1573390.6292305978,5297586.04328505,28292.26829268293,1573044.8616898602,5296636.054774494,28292.26829268293
1573440.6031655967,5298105.773061901,27804.487804878052,2.7170239952267035,1573144.8095598584,5297675.514328197,27316.707317073175,1573490.577100596,5298625.502838753,27316.707317073175,1573736.3967713353,5298536.031795607,28292.26829268293,1573390.6292305978,5297586.04328505,28292.26829268293
1573786.3707063342,5299055.761572459,27804.487804878052,2.659122482183232,1573490.577100596,5298625.502838753,27316.707317073175,1573836.3446413332,5299575.49134931,27316.707317073175,1574082.1643120726,5299486.0203061635,28292.26829268293,1573736.3967713353,5298536.031795607,28292.26829268293
1574132.1382470715,5300005.750083014,27804.487804878052,2.30123506399,1573836.3446413332,5299575.49134931,27316.707317073175,1574182.1121820705,5300525.479859866,27316.707317073175,1574427.93185281,5300436.00881672,28292.26829268293,1574082.1643120726,5299486.0203061635,28292.26829268293
1574477.905787809,5300955.738593572,27804.487804878052,2.3119173916453493,1574182.1121820705,5300525.479859866,27316.707317073175,1574527.8797228083,5301475.468370423,27316.707317073175,1574773.6993935476,5301385.9973272765,28292.26829268293,1574427.93185281,5300436.00881672,28292.26829268293
1574823.6733285466,5301905.727104127,27804.487804878052,2.1353624132376567,1574527.8797228083,5301475.468370423,27316.707317073175,1574873.6472635455,5302425.456880979,27316.707317073175,1575119.4669342851,5302335.985837833,28292.26829268293,1574773.6993935476,5301385.9973272765,28292.26829268293
1575169.440869284,5302855.715614685,27804.487804878052,1.983518374075449,1574873.6472635455,5302425.456880979,27316.707317073175,1575219.4148042828,5303375.445391536,27316.707317073175,1575465.2344750224,5303285.974348389,28292.26829268293,1575119.4669342851,5302335.985837833,28292.26829268293
1575515.2084100214,5303805.704125241,27804.487804878052,1.0852868217152754,1575219.4148042828,5303375.445391536,27316.707317073175,1575565.1823450206,5304325.433902092,27316.707317073175,1575811.00201576,5304235.962858946,28292.26829268293,1575465.2344750224,5303285.974348389,28292.26829268293
1575860.975950759,5304755.692635797,27804.487804878052,0.6533551215968034,1575565.1823450206,5304325.433902092,27316.707317073175,1575910.9498857579,5305275.422412649,27316.707317073175,1576156.7695564975,5305185.951369503,28292.26829268293,1575811.00201576,5304235.962858946,28292.26829268293
1576206.7434914964,5305705.6811463535,27804.487804878052,0.27274069040791316,1575910.9498857579,5305275.422412649,27316.707317073175,1576256.7174264954,5306225.410923205,27316.707317073175,1576502.5370972347,5306135.939880059,28292.26829268293,1576156.7695564975,5305185.951369503,28292.26829268293
1576552.5110322337,5306655.669656911,27804.487804878052,0.45049109688428857,1576256.7174264954,5306225.410923205,27316.707317073175,1576602.484967233,5307175.399433762,27316.707317073175,1576848.3046379725,5307085.928390616,28292.26829268293,1576502.5370972347,5306135.939880059,28292.26829268293
1576898.2785729712,5307605.6581674665,27804.487804878052,0.23866612636567072,1576602.484967233,5307175.399433762,27316.707317073175,1576948.2525079702,5308125.387944317,27316.707317073175,1577194.0721787098,5308035.916901172,28292.26829268293,1576848.3046379725,5307085.928390616,28292.26829268293
1577244.0461137088,5308555.646678024,27804.487804878052,0.5339432302372529,1576948.2525079702,5308125.387944317,27316.707317073175,1577294.0200487077,5309075.376454875,27316.707317073175,1577539.839719447,5308985.905411728,28292.26829268293,1577194.0721787098,5308035.916901172,28292.26829268293
1577589.813654446,5309505.63518858,27804.487804878052,1.0112141374369146,1577294.0200487077,5309075.376454875,27316.707317073175,1577639.7875894452,5310025.364965431,27316.707317073175,1577885.6072601848,5309935.893922285,28292.26829268293,1577539.839719447,5308985.905411728,28292.26829268293
1577935.5811951836,5310455.623699137,27804.487804878052,2.427512871699003,1577639.7875894452,5310025.364965431,27316.707317073175,1577985.5551301828,5310975.353475988,27316.707317073175,1578231.374800922,5310885.882432842,28292.26829268293,1577885.6072601848,5309935.893922285,28292.26829268293
1578281.3487359213,5311405.6122096935,27804.487804878052,2.1456333668644145,1577985.5551301828,5310975.353475988,27316.707317073175,1578331.32267092,5311925.341986544,27316.707317073175,1578577.1423416596,5311835.870943398,28292.26829268293,1578231.374800922,5310885.882432842,28292.26829268293
1578627.1162766586,5312355.600720249,27804.487804878052,1.3635007541326754,1578331.32267092,5311925.341986544,27316.707317073175,1578677.0902116578,5312875.330497101,27316.707317073175,1578922.9098823972,5312785.859453955,28292.26829268293,1578577.1423416596,5311835.870943398,28292.26829268293
1578972.883817396,5313305.589230806,27804.487804878052,1.503443573100794,1578677.0902116578,5312875.330497101,27316.707317073175,1579022.857752395,5313825.3190076575,27316.707317073175,1579268.6774231344,5313735.847964511,28292.26829268293,1578922.9098823972,5312785.859453955,28292.26829268293
1579318.6513581336,5314255.577741363,27804.487804878052,1.4727690148921104,1579022.857752395,5313825.3190076575,27316.707317073175,1579368.6252931324,5314775.307518214,27316.707317073175,1579614.444963872,5314685.836475067,28292.26829268293,1579268.6774231344,5313735.847964511,28292.26829268293
1579664.4188988712,5315205.566251919,27804.487804878052,1.0801589349868126,1579368.6252931324,5314775.307518214,27316.707317073175,1579714.3928338701,5315725.2960287705,27316.707317073175,1579960.2125046095,5315635.824985624,28292.26829268293,1579614.444963872,5314685.836475067,28292.26829268293
1580010.1864396082,5316155.554762476,27804.487804878052,1.851932308156191,1579714.3928338701,5315725.2960287705,27316.707317073175,1580060.1603746074,5316675.284539327,27316.707317073175,1580305.9800453468,5316585.813496181,28292.26829268293,1579960.2125046095,5315635.824985624,28292.26829268293
1580355.953980346,5317105.543273032,27804.487804878052,2.7008313967836237,1580060.1603746074,5316675.284539327,27316.707317073175,1580405.9279153447,5317625.273049884,27316.707317073175,1580651.7475860843,5317535.802006737,28292.26829268293,1580305.9800453468,5316585.813496181,28292.26829268293
1580701.7215210833,5318055.531783589,27804.487804878052,2.5821419122550093,1580405.9279153447,5317625.273049884,27316.707317073175,1580751.6954560825,5318575.26156044,27316.707317073175,1580997.5151268218,5318485.790517293,28292.26829268293,1580651.7475860843,5317535.802006737,28292.26829268293
1581047.4890618208,5319005.520294146,27804.487804878052,3.2488719264598878,1580751.6954560825,5318575.26156044,27316.707317073175,1581097.4629968198,5319525.250070997,27316.707317073175,1581343.282667559,5319435.77902785,28292.26829268293,1580997.5151268218,5318485.790517293,28292.26829268293
1581393.2566025583,5319955.508804701,27804.487804878052,4.370682676791478,1581097.4629968198,5319525.250070997,27316.707317073175,1581443.230537557,5320475.238581553,27316.707317073175,1581689.0502082969,5320385.767538406,28292.26829268293,1581343.282667559,5319435.77902785,28292.26829268293
1581739.0241432958,5320905.497315258,27804.487804878052,5.979530567986883,1581443.230537557,5320475.238581553,27316.707317073175,1581788.9980782948,5321425.22709211,27316.707317073175,1582034.8177490341,5321335.756048963,28292.26829268293,1581689.0502082969,5320385.767538406,28292.26829268293
1582084.791684033,5321855.485825815,27804.487804878052,6.60617822806787,1581788.9980782948,5321425.22709211,27316.707317073175,1582134.765619032,5322375.215602666,27316.707317073175,1582380.5852897717,5322285.74455952,28292.26829268293,1582034.8177490341,5321335.756048963,28292.26829268293
1582430.5592247706,5322805.474336371,27804.487804878052,5.689491441473783,1582134.765619032,5322375.215602666,27316.707317073175,1582480.5331597696,5323325.204113222,27316.707317073175,1582726.3528305092,5323235.733070076,28292.26829268293,1582380.5852897717,5322285.74455952,28292.26829268293
1582776.326765508,5323755.462846928,27804.487804878052,4.904692990740437,1582480.5331597696,5323325.204113222,27316.707317073175,1582826.3007005071,5324275.192623779,27316.707317073175,1583072.1203712465,5324185.721580632,28292.26829268293,1582726.3528305092,5323235.733070076,28292.26829268293
1583122.0943062457,5324705.451357484,27804.487804878052,4.10579063286396,1582826.3007005071,5324275.192623779,27316.707317073175,1583172.0682412444,5325225.181134336,27316.707317073175,1583417.887911984,5325135.7100911895,28292.26829268293,1583072.1203712465,5324185.721580632,28292.26829268293
1583467.861846983,5325655.439868041,27804.487804878052,3.5484789514929878,1583172.0682412444,5325225.181134336,27316.707317073175,1583517.8357819822,5326175.169644892,27316.707317073175,1583763.6554527215,5326085.698601745,28292.26829268293,1583417.887911984,5325135.7100911895,28292.26829268293
1583813.6293877205,5326605.428378598,27804.487804878052,3.0252666467201887,1583517.8357819822,5326175.169644892,27316.707317073175,1583863.6033227195,5327125.158155449,27316.707317073175,1584109.422993459,5327035.6871123025,28292.26829268293,1583763.6554527215,5326085.698601745,28292.26829268293
1584159.3969284578,5327555.416889153,27804.487804878052,2.3039552264187333,1583863.6033227195,5327125.158155449,27316.707317073175,1584209.3708634567,5328075.146666005,27316.707317073175,1584455.1905341963,5327985.675622858,28292.26829268293,1584109.422993459,5327035.6871123025,28292.26829268293
1584505.1644691953,5328505.40539971,27804.487804878052,1.688056581241001,1584209.3708634567,5328075.146666005,27316.707317073175,1584555.1384041945,5329025.135176561,27316.707317073175,1584800.9580749338,5328935.664133416,28292.26829268293,1584455.1905341963,5327985.675622858,28292.26829268293
1584850.9320099328,5329455.393910266,27804.487804878052,0.9826360409681884,1584555.1384041945,5329025.135176561,27316.707317073175,1584900.9059449318,5329975.123687118,27316.707317073175,1585146.7256156714,5329885.652643971,28292.26829268293,1584800.9580749338,5328935.664133416,28292.26829268293
1585196.6995506703,5330405.382420823,27804.487804878052,1.6103847842255141,1584900.9059449318,5329975.123687118,27316.707317073175,1585246.6734856693,5330925.112197675,27316.707317073175,1585492.4931564087,5330835.641154529,28292.26829268293,1585146.7256156714,5329885.652643971,28292.26829268293
1585542.4670914076,5331355.37093138,27804.487804878052,1.8946955278586646,1585246.6734856693,5330925.112197675,27316.707317073175,1585592.4410264068,5331875.100708231,27316.707317073175,1585838.2606971462,5331785.629665084,28292.26829268293,1585492.4931564087,5330835.641154529,28292.26829268293
1585888.2346321451,5332305.359441936,27804.487804878052,1.5157498209994822,1585592.4410264068,5331875.100708231,27316.707317073175,1585938.208567144,5332825.089218788,27316.707317073175,1586184.0282378837,5332735.618175642,28292.26829268293,1585838.2606971462,5331785.629665084,28292.26829268293
1586234.0021728827,5333255.3479524935,27804.487804878052,2.297007201849164,1585938.208567144,5332825.089218788,27316.707317073175,1586283.9761078816,5333775.077729344,27316.707317073175,1586529.795778621,5333685.606686197,28292.26829268293,1586184.0282378837,5332735.618175642,28292.26829268293
1586579.76971362,5334205.336463049,27804.487804878052,2.120353680659305,1586283.9761078816,5333775.077729344,27316.707317073175,1586629.7436486192,5334725.0662399,27316.707317073175,1586875.5633193585,5334635.595196755,28292.26829268293,1586529.795778621,5333685.606686197,28292.26829268293
1586925.5372543575,5335155.324973606,27804.487804878052,2.8349816216190935,1586629.7436486192,5334725.0662399,27316.707317073175,1586975.5111893564,5335675.054750457,27316.707317073175,1587221.330860096,5335585.58370731,28292.26829268293,1586875.5633193585,5334635.595196755,28292.26829268293
1587271.304795095,5336105.313484162,27804.487804878052,2.9987978535833797,1586975.5111893564,5335675.054750457,27316.707317073175,1587321.278730094,5336625.043261014,27316.707317073175,1587567.0984008333,5336535.572217868,28292.26829268293,1587221.330860096,5335585.58370731,28292.26829268293
1587617.0723358323,5337055.30199472,27804.487804878052,2.3444880962808075,1587321.278730094,5336625.043261014,27316.707317073175,1587667.0462708315,5337575.03177157,27316.707317073175,1587912.865941571,5337485.560728423,28292.26829268293,1587567.0984008333,5336535.572217868,28292.26829268293
1567462.607103062,5280916.508828738,28780.04878048781,6.8047757537187605,1567166.8134973235,5280486.250095033,28292.26829268293,1567512.5810380608,5281436.238605589,28292.26829268293,1567758.4007088006,5281346.767562443,29267.829268292688,1567412.633168063,5280396.779051886,29267.829268292688
1567808.3746437996,5281866.497339294,28780.04878048781,8.841114603233962,1567512.5810380608,5281436.238605589,28292.26829268293,1567858.3485787986,5282386.227116146,28292.26829268293,1568104.168249538,5282296.756072999,29267.829268292688,1567758.4007088006,5281346.767562443,29267.829268292688
1568154.142184537,5282816.485849851,28780.04878048781,9.922568493303153,1567858.3485787986,5282386.227116146,28292.26829268293,1568204.1161195359,5283336.215626702,28292.26829268293,1568449.9357902752,5283246.7445835555,29267.829268292688,1568104.168249538,5282296.756072999,29267.829268292688
1568499.9097252744,5283766.474360407,28780.04878048781,7.40411188000751,1568204.1161195359,5283336.215626702,28292.26829268293,1568549.8836602734,5284286.204137259,28292.26829268293,1568795.703331013,5284196.733094112,29267.829268292688,1568449.9357902752,5283246.7445835555,29267.829268292688
1568845.6772660117,5284716.462870964,28780.04878048781,8.988907275422182,1568549.8836602734,5284286.204137259,28292.26829268293,1568895.651201011,5285236.192647815,28292.26829268293,1569141.4708717503,5285146.7216046695,29267.829268292688,1568795.703331013,5284196.733094112,29267.829268292688
1569191.4448067495,5285666.451381521,28780.04878048781,8.821845973890694,1568895.651201011,5285236.192647815,28292.26829268293,1569241.4187417482,5286186.181158372,28292.26829268293,1569487.2384124878,5286096.710115225,29267.829268292688,1569141.4708717503,5285146.7216046695,29267.829268292688
1569537.2123474868,5286616.439892076,28780.04878048781,8.04390670657084,1569241.4187417482,5286186.181158372,28292.26829268293,1569587.186282486,5287136.169668928,28292.26829268293,1569833.0059532253,5287046.6986257825,29267.829268292688,1569487.2384124878,5286096.710115225,29267.829268292688
1569882.9798882243,5287566.428402633,28780.04878048781,8.620890124572593,1569587.186282486,5287136.169668928,28292.26829268293,1569932.9538232232,5288086.158179485,28292.26829268293,1570178.7734939626,5287996.687136338,29267.829268292688,1569833.0059532253,5287046.6986257825,29267.829268292688
1570228.7474289616,5288516.41691319,28780.04878048781,9.203375717449683,1569932.9538232232,5288086.158179485,28292.26829268293,1570278.7213639605,5289036.146690041,28292.26829268293,1570524.5410347,5288946.675646895,29267.829268292688,1570178.7734939626,5287996.687136338,29267.829268292688
1570574.514969699,5289466.405423746,28780.04878048781,9.592257217002018,1570278.7213639605,5289036.146690041,28292.26829268293,1570624.4889046983,5289986.135200598,28292.26829268293,1570870.3085754376,5289896.664157452,29267.829268292688,1570524.5410347,5288946.675646895,29267.829268292688
1570920.2825104366,5290416.393934303,28780.04878048781,8.085255540066031,1570624.4889046983,5289986.135200598,28292.26829268293,1570970.2564454356,5290936.123711154,28292.26829268293,1571216.0761161752,5290846.652668009,29267.829268292688,1570870.3085754376,5289896.664157452,29267.829268292688
1571266.0500511741,5291366.3824448595,28780.04878048781,8.633624147769137,1570970.2564454356,5290936.123711154,28292.26829268293,1571316.023986173,5291886.112221711,28292.26829268293,1571561.8436569124,5291796.641178565,29267.829268292688,1571216.0761161752,5290846.652668009,29267.829268292688
1571611.8175919114,5292316.370955416,28780.04878048781,8.98443773924848,1571316.023986173,5291886.112221711,28292.26829268293,1571661.7915269106,5292836.100732267,28292.26829268293,1571907.61119765,5292746.629689122,29267.829268292688,1571561.8436569124,5291796.641178565,29267.829268292688
1571957.585132649,5293266.359465973,28780.04878048781,10.310196418668513,1571661.7915269106,5292836.100732267,28292.26829268293,1572007.559067648,5293786.089242824,28292.26829268293,1572253.3787383875,5293696.618199678,29267.829268292688,1571907.61119765,5292746.629689122,29267.829268292688
1572303.3526733865,5294216.347976529,28780.04878048781,10.137902386412996,1572007.559067648,5293786.089242824,28292.26829268293,1572353.3266083854,5294736.077753381,28292.26829268293,1572599.1462791248,5294646.606710234,29267.829268292688,1572253.3787383875,5293696.618199678,29267.829268292688
1572649.1202141237,5295166.336487086,28780.04878048781,9.476509271348007,1572353.3266083854,5294736.077753381,28292.26829268293,1572699.094149123,5295686.066263937,28292.26829268293,1572944.9138198623,5295596.595220791,29267.829268292688,1572599.1462791248,5294646.606710234,29267.829268292688
1572994.8877548613,5296116.324997643,28780.04878048781,7.458877653425796,1572699.094149123,5295686.066263937,28292.26829268293,1573044.8616898602,5296636.054774494,28292.26829268293,1573290.6813605998,5296546.583731348,29267.829268292688,1572944.9138198623,5295596.595220791,29267.829268292688
1573340.6552955988,5297066.313508199,28780.04878048781,5.036713442777585,1573044.8616898602,5296636.054774494,28292.26829268293,1573390.6292305978,5297586.04328505,28292.26829268293,1573636.448901337,5297496.572241904,29267.829268292688,1573290.6813605998,5296546.583731348,29267.829268292688
1573686.422836336,5298016.302018756,28780.04878048781,3.2776333885082147,1573390.6292305978,5297586.04328505,28292.26829268293,1573736.3967713353,5298536.031795607,28292.26829268293,1573982.2164420746,5298446.56075246,29267.829268292688,1573636.448901337,5297496.572241904,29267.829268292688
1574032.1903770736,5298966.290529312,28780.04878048781,2.330985192245246,1573736.3967713353,5298536.031795607,28292.26829268293,1574082.1643120726,5299486.0203061635,28292.26829268293,1574327.9839828121,5299396.549263017,29267.829268292688,1573982.2164420746,5298446.56075246,29267.829268292688
1574377.957917811,5299916.279039869,28780.04878048781,1.8568331229395927,1574082.1643120726,5299486.0203061635,28292.26829268293,1574427.93185281,5300436.00881672,28292.26829268293,1574673.7515235494,5300346.537773573,29267.829268292688,1574327.9839828121,5299396.549263017,29267.829268292688
1574723.7254585484,5300866.267550426,28780.04878048781,1.0824696699155405,1574427.93185281,5300436.00881672,28292.26829268293,1574773.6993935476,5301385.9973272765,28292.26829268293,1575019.5190642872,5301296.52628413,29267.829268292688,1574673.7515235494,5300346.537773573,29267.829268292688
1575069.492999286,5301816.256060981,28780.04878048781,1.1307913838120043,1574773.6993935476,5301385.9973272765,28292.26829268293,1575119.4669342851,5302335.985837833,28292.26829268293,1575365.2866050245,5302246.514794687,29267.829268292688,1575019.5190642872,5301296.52628413,29267.829268292688
1575415.2605400234,5302766.244571538,28780.04878048781,1.050336966218516,1575119.4669342851,5302335.985837833,28292.26829268293,1575465.2344750224,5303285.974348389,28292.26829268293,1575711.0541457618,5303196.503305243,29267.829268292688,1575365.2866050245,5302246.514794687,29267.829268292688
1575761.0280807607,5303716.233082094,28780.04878048781,0.9898966330542815,1575465.2344750224,5303285.974348389,28292.26829268293,1575811.00201576,5304235.962858946,28292.26829268293,1576056.8216864995,5304146.491815799,29267.829268292688,1575711.0541457618,5303196.503305243,29267.829268292688
1576106.7956214983,5304666.221592651,28780.04878048781,0.7253995509544462,1575811.00201576,5304235.962858946,28292.26829268293,1576156.7695564975,5305185.951369503,28292.26829268293,1576402.5892272368,5305096.480326356,29267.829268292688,1576056.8216864995,5304146.491815799,29267.829268292688
1576452.563162236,5305616.210103208,28780.04878048781,0.5395570314597374,1576156.7695564975,5305185.951369503,28292.26829268293,1576502.5370972347,5306135.939880059,28292.26829268293,1576748.3567679743,5306046.468836912,29267.829268292688,1576402.5892272368,5305096.480326356,29267.829268292688
1576798.3307029733,5306566.198613764,28780.04878048781,0.5085793989874646,1576502.5370972347,5306135.939880059,28292.26829268293,1576848.3046379725,5307085.928390616,28292.26829268293,1577094.1243087118,5306996.457347469,29267.829268292688,1576748.3567679743,5306046.468836912,29267.829268292688
1577144.0982437106,5307516.187124321,28780.04878048781,0.2251240275893133,1576848.3046379725,5307085.928390616,28292.26829268293,1577194.0721787098,5308035.916901172,28292.26829268293,1577439.8918494491,5307946.445858025,29267.829268292688,1577094.1243087118,5306996.457347469,29267.829268292688
1577489.8657844483,5308466.175634877,28780.04878048781,1.0703256716797498,1577194.0721787098,5308035.916901172,28292.26829268293,1577539.839719447,5308985.905411728,28292.26829268293,1577785.6593901867,5308896.434368582,29267.829268292688,1577439.8918494491,5307946.445858025,29267.829268292688
1577835.6333251859,5309416.164145433,28780.04878048781,1.5203755894503401,1577539.839719447,5308985.905411728,28292.26829268293,1577885.6072601848,5309935.893922285,28292.26829268293,1578131.4269309242,5309846.422879138,29267.829268292688,1577785.6593901867,5308896.434368582,29267.829268292688
1578181.400865923,5310366.15265599,28780.04878048781,1.0902326078294,1577885.6072601848,5309935.893922285,28292.26829268293,1578231.374800922,5310885.882432842,28292.26829268293,1578477.1944716617,5310796.4113896955,29267.829268292688,1578131.4269309242,5309846.422879138,29267.829268292688
1578527.1684066607,5311316.141166547,28780.04878048781,0.9811254129067614,1578231.374800922,5310885.882432842,28292.26829268293,1578577.1423416596,5311835.870943398,28292.26829268293,1578822.962012399,5311746.399900251,29267.829268292688,1578477.1944716617,5310796.4113896955,29267.829268292688
1578872.9359473982,5312266.129677103,28780.04878048781,1.7381269989037225,1578577.1423416596,5311835.870943398,28292.26829268293,1578922.9098823972,5312785.859453955,28292.26829268293,1579168.7295531365,5312696.3884108085,29267.829268292688,1578822.962012399,5311746.399900251,29267.829268292688
1579218.7034881352,5313216.11818766,28780.04878048781,1.7626230206640257,1578922.9098823972,5312785.859453955,28292.26829268293,1579268.6774231344,5313735.847964511,28292.26829268293,1579514.4970938738,5313646.376921364,29267.829268292688,1579168.7295531365,5312696.3884108085,29267.829268292688
1579564.471028873,5314166.106698215,28780.04878048781,0.8355453758133136,1579268.6774231344,5313735.847964511,28292.26829268293,1579614.444963872,5314685.836475067,28292.26829268293,1579860.2646346116,5314596.365431922,29267.829268292688,1579514.4970938738,5313646.376921364,29267.829268292688
1579910.2385696105,5315116.095208772,28780.04878048781,0.581193962371088,1579614.444963872,5314685.836475067,28292.26829268293,1579960.2125046095,5315635.824985624,28292.26829268293,1580206.0321753488,5315546.353942477,29267.829268292688,1579860.2646346116,5314596.365431922,29267.829268292688
1580256.0061103478,5316066.08371933,28780.04878048781,1.5959605290316026,1579960.2125046095,5315635.824985624,28292.26829268293,1580305.9800453468,5316585.813496181,28292.26829268293,1580551.7997160864,5316496.342453035,29267.829268292688,1580206.0321753488,5315546.353942477,29267.829268292688
1580601.7736510853,5317016.0722298855,28780.04878048781,1.4310862679500456,1580305.9800453468,5316585.813496181,28292.26829268293,1580651.7475860843,5317535.802006737,28292.26829268293,1580897.5672568239,5317446.33096359,29267.829268292688,1580551.7997160864,5316496.342453035,29267.829268292688
1580947.5411918228,5317966.060740442,28780.04878048781,1.6594172987250726,1580651.7475860843,5317535.802006737,28292.26829268293,1580997.5151268218,5318485.790517293,28292.26829268293,1581243.3347975612,5318396.319474148,29267.829268292688,1580897.5672568239,5317446.33096359,29267.829268292688
1581293.3087325604,5318916.0492509985,28780.04878048781,2.5236946153786404,1580997.5151268218,5318485.790517293,28292.26829268293,1581343.282667559,5319435.77902785,28292.26829268293,1581589.1023382987,5319346.307984703,29267.829268292688,1581243.3347975612,5318396.319474148,29267.829268292688
1581639.0762732977,5319866.037761555,28780.04878048781,3.620977095215207,1581343.282667559,5319435.77902785,28292.26829268293,1581689.0502082969,5320385.767538406,28292.26829268293,1581934.8698790362,5320296.296495261,29267.829268292688,1581589.1023382987,5319346.307984703,29267.829268292688
1581984.8438140352,5320816.0262721125,28780.04878048781,3.7976812096937818,1581689.0502082969,5320385.767538406,28292.26829268293,1582034.8177490341,5321335.756048963,28292.26829268293,1582280.6374197737,5321246.285005816,29267.829268292688,1581934.8698790362,5320296.296495261,29267.829268292688
1582330.6113547727,5321766.014782668,28780.04878048781,4.633533715556734,1582034.8177490341,5321335.756048963,28292.26829268293,1582380.5852897717,5322285.74455952,28292.26829268293,1582626.404960511,5322196.273516374,29267.829268292688,1582280.6374197737,5321246.285005816,29267.829268292688
1582676.37889551,5322716.003293226,28780.04878048781,5.5465494319954916,1582380.5852897717,5322285.74455952,28292.26829268293,1582726.3528305092,5323235.733070076,28292.26829268293,1582972.1725012485,5323146.262026929,29267.829268292688,1582626.404960511,5322196.273516374,29267.829268292688
1583022.1464362475,5323665.991803781,28780.04878048781,4.895566621435578,1582726.3528305092,5323235.733070076,28292.26829268293,1583072.1203712465,5324185.721580632,28292.26829268293,1583317.940041986,5324096.250537487,29267.829268292688,1582972.1725012485,5323146.262026929,29267.829268292688
1583367.913976985,5324615.980314338,28780.04878048781,3.717425611101654,1583072.1203712465,5324185.721580632,28292.26829268293,1583417.887911984,5325135.7100911895,28292.26829268293,1583663.7075827233,5325046.239048042,29267.829268292688,1583317.940041986,5324096.250537487,29267.829268292688
1583713.6815177223,5325565.968824894,28780.04878048781,3.2625231131561456,1583417.887911984,5325135.7100911895,28292.26829268293,1583763.6554527215,5326085.698601745,28292.26829268293,1584009.475123461,5325996.2275586,29267.829268292688,1583663.7075827233,5325046.239048042,29267.829268292688
1584059.4490584598,5326515.957335451,28780.04878048781,3.4735719700338894,1583763.6554527215,5326085.698601745,28292.26829268293,1584109.422993459,5327035.6871123025,28292.26829268293,1584355.2426641984,5326946.216069155,29267.829268292688,1584009.475123461,5325996.2275586,29267.829268292688
1584405.2165991976,5327465.945846007,28780.04878048781,3.1950748678373184,1584109.422993459,5327035.6871123025,28292.26829268293,1584455.1905341963,5327985.675622858,28292.26829268293,1584701.0102049357,5327896.204579713,29267.829268292688,1584355.2426641984,5326946.216069155,29267.829268292688
1584750.9841399346,5328415.934356565,28780.04878048781,3.1227042528842675,1584455.1905341963,5327985.675622858,28292.26829268293,1584800.9580749338,5328935.664133416,28292.26829268293,1585046.7777456734,5328846.193090268,29267.829268292688,1584701.0102049357,5327896.204579713,29267.829268292688
1585096.7516806722,5329365.922867119,28780.04878048781,1.4698807466815957,1584800.9580749338,5328935.664133416,28292.26829268293,1585146.7256156714,5329885.652643971,28292.26829268293,1585392.5452864107,5329796.181600826,29267.829268292688,1585046.7777456734,5328846.193090268,29267.829268292688
1585442.5192214097,5330315.911377677,28780.04878048781,1.1283747526921566,1585146.7256156714,5329885.652643971,28292.26829268293,1585492.4931564087,5330835.641154529,28292.26829268293,1585738.312827148,5330746.170111381,29267.829268292688,1585392.5452864107,5329796.181600826,29267.829268292688
1585788.286762147,5331265.899888233,28780.04878048781,1.7906945777413816,1585492.4931564087,5330835.641154529,28292.26829268293,1585838.2606971462,5331785.629665084,28292.26829268293,1586084.0803678858,5331696.158621939,29267.829268292688,1585738.312827148,5330746.170111381,29267.829268292688
1586134.0543028845,5332215.88839879,28780.04878048781,1.749047862590966,1585838.2606971462,5331785.629665084,28292.26829268293,1586184.0282378837,5332735.618175642,28292.26829268293,1586429.847908623,5332646.1471324945,29267.829268292688,1586084.0803678858,5331696.158621939,29267.829268292688
1586479.8218436223,5333165.876909346,28780.04878048781,1.8738770528849724,1586184.0282378837,5332735.618175642,28292.26829268293,1586529.795778621,5333685.606686197,28292.26829268293,1586775.6154493603,5333596.135643052,29267.829268292688,1586429.847908623,5332646.1471324945,29267.829268292688
1586825.5893843593,5334115.865419903,28780.04878048781,1.9843371438781352,1586529.795778621,5333685.606686197,28292.26829268293,1586875.5633193585,5334635.595196755,28292.26829268293,1587121.382990098,5334546.1241536075,29267.829268292688,1586775.6154493603,5333596.135643052,29267.829268292688
1587171.3569250968,5335065.853930459,28780.04878048781,1.6658126938319957,1586875.5633193585,5334635.595196755,28292.26829268293,1587221.330860096,5335585.58370731,28292.26829268293,1587467.1505308354,5335496.112664165,29267.829268292688,1587121.382990098,5334546.1241536075,29267.829268292688
1587517.1244658346,5336015.842441017,28780.04878048781,2.7759930963491426,1587221.330860096,5335585.58370731,28292.26829268293,1587567.0984008333,5336535.572217868,28292.26829268293,1587812.918071573,5336446.101174721,29267.829268292688,1587467.1505308354,5335496.112664165,29267.829268292688
1587862.892006572,5336965.830951571,28780.04878048781,2.780145049044137,1587567.0984008333,5336535.572217868,28292.26829268293,1587912.865941571,5337485.560728423,28292.26829268293,1588158.6856123104,5337396.089685278,29267.829268292688,1587812.918071573,5336446.101174721,29267.829268292688
1567708.426773801,5280827.037785592,29755.60975609756,5.3340260536333215,1567412.633168063,5280396.779051886,29267.829268292688,1567758.4007088006,5281346.767562443,29267.829268292688,1568004.2203795393,5281257.296519296,30243.390243902442,1567658.4528388015,5280307.308008741,30243.390243902442
1568054.1943145385,5281777.026296148,29755.60975609756,6.828945484101265,1567758.4007088006,5281346.767562443,29267.829268292688,1568104.168249538,5282296.756072999,29267.829268292688,1568349.9879202766,5282207.285029854,30243.390243902442,1568004.2203795393,5281257.296519296,30243.390243902442
1568399.961855276,5282727.014806705,29755.60975609756,7.866033494249577,1568104.168249538,5282296.756072999,29267.829268292688,1568449.9357902752,5283246.7445835555,29267.829268292688,1568695.7554610139,5283157.273540409,30243.390243902442,1568349.9879202766,5282207.285029854,30243.390243902442
1568745.7293960133,5283677.00331726,29755.60975609756,10.312960796726827,1568449.9357902752,5283246.7445835555,29267.829268292688,1568795.703331013,5284196.733094112,29267.829268292688,1569041.5230017516,5284107.262050967,30243.390243902442,1568695.7554610139,5283157.273540409,30243.390243902442
1569091.4969367508,5284626.991827818,29755.60975609756,9.714714929202552,1568795.703331013,5284196.733094112,29267.829268292688,1569141.4708717503,5285146.7216046695,29267.829268292688,1569387.290542489,5285057.250561522,30243.390243902442,1569041.5230017516,5284107.262050967,30243.390243902442
1569437.2644774884,5285576.980338374,29755.60975609756,9.00683074322032,1569141.4708717503,5285146.7216046695,29267.829268292688,1569487.2384124878,5286096.710115225,29267.829268292688,1569733.0580832262,5286007.23907208,30243.390243902442,1569387.290542489,5285057.250561522,30243.390243902442
1569783.0320182256,5286526.968848931,29755.60975609756,7.16391889597214,1569487.2384124878,5286096.710115225,29267.829268292688,1569833.0059532253,5287046.6986257825,29267.829268292688,1570078.825623964,5286957.227582635,30243.390243902442,1569733.0580832262,5286007.23907208,30243.390243902442
1570128.7995589632,5287476.957359487,29755.60975609756,5.285161848486754,1569833.0059532253,5287046.6986257825,29267.829268292688,1570178.7734939626,5287996.687136338,29267.829268292688,1570424.5931647012,5287907.216093193,30243.390243902442,1570078.825623964,5286957.227582635,30243.390243902442
1570474.5670997007,5288426.945870044,29755.60975609756,5.542594675115511,1570178.7734939626,5287996.687136338,29267.829268292688,1570524.5410347,5288946.675646895,29267.829268292688,1570770.3607054385,5288857.204603749,30243.390243902442,1570424.5931647012,5287907.216093193,30243.390243902442
1570820.334640438,5289376.9343806,29755.60975609756,5.951451937228834,1570524.5410347,5288946.675646895,29267.829268292688,1570870.3085754376,5289896.664157452,29267.829268292688,1571116.1282461763,5289807.193114306,30243.390243902442,1570770.3607054385,5288857.204603749,30243.390243902442
1571166.1021811755,5290326.922891158,29755.60975609756,7.227889101038137,1570870.3085754376,5289896.664157452,29267.829268292688,1571216.0761161752,5290846.652668009,29267.829268292688,1571461.8957869136,5290757.181624862,30243.390243902442,1571116.1282461763,5289807.193114306,30243.390243902442
1571511.8697219132,5291276.911401713,29755.60975609756,9.130107274800372,1571216.0761161752,5290846.652668009,29267.829268292688,1571561.8436569124,5291796.641178565,29267.829268292688,1571807.663327651,5291707.170135419,30243.390243902442,1571461.8957869136,5290757.181624862,30243.390243902442
1571857.6372626505,5292226.89991227,29755.60975609756,9.555227471411824,1571561.8436569124,5291796.641178565,29267.829268292688,1571907.61119765,5292746.629689122,29267.829268292688,1572153.4308683886,5292657.158645975,30243.390243902442,1571807.663327651,5291707.170135419,30243.390243902442
1572203.4048033878,5293176.888422827,29755.60975609756,9.373225189322246,1571907.61119765,5292746.629689122,29267.829268292688,1572253.3787383875,5293696.618199678,29267.829268292688,1572499.198409126,5293607.147156532,30243.390243902442,1572153.4308683886,5292657.158645975,30243.390243902442
1572549.1723441256,5294126.876933383,29755.60975609756,9.731133591171291,1572253.3787383875,5293696.618199678,29267.829268292688,1572599.1462791248,5294646.606710234,29267.829268292688,1572844.9659498634,5294557.135667088,30243.390243902442,1572499.198409126,5293607.147156532,30243.390243902442
1572894.9398848629,5295076.86544394,29755.60975609756,6.443980547542954,1572599.1462791248,5294646.606710234,29267.829268292688,1572944.9138198623,5295596.595220791,29267.829268292688,1573190.733490601,5295507.124177645,30243.390243902442,1572844.9659498634,5294557.135667088,30243.390243902442
1573240.7074256002,5296026.853954496,29755.60975609756,5.241727247218661,1572944.9138198623,5295596.595220791,29267.829268292688,1573290.6813605998,5296546.583731348,29267.829268292688,1573536.5010313385,5296457.1126882015,30243.390243902442,1573190.733490601,5295507.124177645,30243.390243902442
1573586.474966338,5296976.842465053,29755.60975609756,4.959431424737911,1573290.6813605998,5296546.583731348,29267.829268292688,1573636.448901337,5297496.572241904,29267.829268292688,1573882.2685720758,5297407.101198758,30243.390243902442,1573536.5010313385,5296457.1126882015,30243.390243902442
1573932.2425070752,5297926.830975609,29755.60975609756,4.291993830304066,1573636.448901337,5297496.572241904,29267.829268292688,1573982.2164420746,5298446.56075246,29267.829268292688,1574228.0361128133,5298357.0897093145,30243.390243902442,1573882.2685720758,5297407.101198758,30243.390243902442
1574278.0100478127,5298876.819486165,29755.60975609756,3.471724403402688,1573982.2164420746,5298446.56075246,29267.829268292688,1574327.9839828121,5299396.549263017,29267.829268292688,1574573.8036535508,5299307.078219871,30243.390243902442,1574228.0361128133,5298357.0897093145,30243.390243902442
1574623.7775885502,5299826.807996722,29755.60975609756,2.697769885504106,1574327.9839828121,5299396.549263017,29267.829268292688,1574673.7515235494,5300346.537773573,29267.829268292688,1574919.5711942883,5300257.066730428,30243.390243902442,1574573.8036535508,5299307.078219871,30243.390243902442
1574969.5451292878,5300776.796507278,29755.60975609756,1.5615672625347776,1574673.7515235494,5300346.537773573,29267.829268292688,1575019.5190642872,5301296.52628413,29267.829268292688,1575265.3387350256,5301207.055240984,30243.390243902442,1574919.5711942883,5300257.066730428,30243.390243902442
1575315.3126700248,5301726.785017835,29755.60975609756,0.8931579986083604,1575019.5190642872,5301296.52628413,29267.829268292688,1575365.2866050245,5302246.514794687,29267.829268292688,1575611.1062757631,5302157.043751541,30243.390243902442,1575265.3387350256,5301207.055240984,30243.390243902442
1575661.0802107626,5302676.773528392,29755.60975609756,0.4443066156706482,1575365.2866050245,5302246.514794687,29267.829268292688,1575711.0541457618,5303196.503305243,29267.829268292688,1575956.8738165007,5303107.032262097,30243.390243902442,1575611.1062757631,5302157.043751541,30243.390243902442
1576006.8477514999,5303626.762038948,29755.60975609756,1.584633430872294,1575711.0541457618,5303196.503305243,29267.829268292688,1576056.8216864995,5304146.491815799,29267.829268292688,1576302.641357238,5304057.020772654,30243.390243902442,1575956.8738165007,5303107.032262097,30243.390243902442
1576352.6152922374,5304576.7505495045,29755.60975609756,1.303026923325239,1576056.8216864995,5304146.491815799,29267.829268292688,1576402.5892272368,5305096.480326356,29267.829268292688,1576648.4088979755,5305007.00928321,30243.390243902442,1576302.641357238,5304057.020772654,30243.390243902442
1576698.382832975,5305526.739060061,29755.60975609756,0.5662091580746368,1576402.5892272368,5305096.480326356,29267.829268292688,1576748.3567679743,5306046.468836912,29267.829268292688,1576994.176438713,5305956.997793767,30243.390243902442,1576648.4088979755,5305007.00928321,30243.390243902442
1577044.1503737124,5306476.727570618,29755.60975609756,0.5333830558015722,1576748.3567679743,5306046.468836912,29267.829268292688,1577094.1243087118,5306996.457347469,29267.829268292688,1577339.9439794505,5306906.986304323,30243.390243902442,1576994.176438713,5305956.997793767,30243.390243902442
1577389.9179144497,5307426.716081174,29755.60975609756,0.29554600557237837,1577094.1243087118,5306996.457347469,29267.829268292688,1577439.8918494491,5307946.445858025,29267.829268292688,1577685.7115201878,5307856.97481488,30243.390243902442,1577339.9439794505,5306906.986304323,30243.390243902442
1577735.6854551872,5308376.704591731,29755.60975609756,0.5923056693462476,1577439.8918494491,5307946.445858025,29267.829268292688,1577785.6593901867,5308896.434368582,29267.829268292688,1578031.4790609253,5308806.963325436,30243.390243902442,1577685.7115201878,5307856.97481488,30243.390243902442
1578081.4529959247,5309326.693102287,29755.60975609756,0.3858760641816714,1577785.6593901867,5308896.434368582,29267.829268292688,1578131.4269309242,5309846.422879138,29267.829268292688,1578377.2466016628,5309756.951835993,30243.390243902442,1578031.4790609253,5308806.963325436,30243.390243902442
1578427.2205366623,5310276.681612845,29755.60975609756,0.3764216131511989,1578131.4269309242,5309846.422879138,29267.829268292688,1578477.1944716617,5310796.4113896955,29267.829268292688,1578723.0141424001,5310706.940346549,30243.390243902442,1578377.2466016628,5309756.951835993,30243.390243902442
1578772.9880773996,5311226.6701234,29755.60975609756,0.6841465039527682,1578477.1944716617,5310796.4113896955,29267.829268292688,1578822.962012399,5311746.399900251,29267.829268292688,1579068.7816831379,5311656.928857106,30243.390243902442,1578723.0141424001,5310706.940346549,30243.390243902442
1579118.755618137,5312176.658633957,29755.60975609756,2.433180644866246,1578822.962012399,5311746.399900251,29267.829268292688,1579168.7295531365,5312696.3884108085,29267.829268292688,1579414.5492238752,5312606.917367662,30243.390243902442,1579068.7816831379,5311656.928857106,30243.390243902442
1579464.5231588744,5313126.647144513,29755.60975609756,2.2045094713140463,1579168.7295531365,5312696.3884108085,29267.829268292688,1579514.4970938738,5313646.376921364,29267.829268292688,1579760.3167646124,5313556.905878219,30243.390243902442,1579414.5492238752,5312606.917367662,30243.390243902442
1579810.290699612,5314076.63565507,29755.60975609756,1.0873705013656514,1579514.4970938738,5313646.376921364,29267.829268292688,1579860.2646346116,5314596.365431922,29267.829268292688,1580106.0843053502,5314506.894388775,30243.390243902442,1579760.3167646124,5313556.905878219,30243.390243902442
1580156.0582403494,5315026.624165626,29755.60975609756,1.059577493587826,1579860.2646346116,5314596.365431922,29267.829268292688,1580206.0321753488,5315546.353942477,29267.829268292688,1580451.8518460875,5315456.882899332,30243.390243902442,1580106.0843053502,5314506.894388775,30243.390243902442
1580501.825781087,5315976.612676183,29755.60975609756,1.2752671866445007,1580206.0321753488,5315546.353942477,29267.829268292688,1580551.7997160864,5316496.342453035,29267.829268292688,1580797.6193868248,5316406.871409888,30243.390243902442,1580451.8518460875,5315456.882899332,30243.390243902442
1580847.5933218242,5316926.601186739,29755.60975609756,1.0577245922644247,1580551.7997160864,5316496.342453035,29267.829268292688,1580897.5672568239,5317446.33096359,29267.829268292688,1581143.3869275625,5317356.859920445,30243.390243902442,1580797.6193868248,5316406.871409888,30243.390243902442
1581193.3608625617,5317876.589697297,29755.60975609756,1.7724744900164329,1580897.5672568239,5317446.33096359,29267.829268292688,1581243.3347975612,5318396.319474148,29267.829268292688,1581489.1544682998,5318306.848431001,30243.390243902442,1581143.3869275625,5317356.859920445,30243.390243902442
1581539.1284032993,5318826.578207852,29755.60975609756,1.971385641263682,1581243.3347975612,5318396.319474148,29267.829268292688,1581589.1023382987,5319346.307984703,29267.829268292688,1581834.922009037,5319256.836941558,30243.390243902442,1581489.1544682998,5318306.848431001,30243.390243902442
1581884.8959440365,5319776.566718409,29755.60975609756,2.5974088447957597,1581589.1023382987,5319346.307984703,29267.829268292688,1581934.8698790362,5320296.296495261,29267.829268292688,1582180.6895497749,5320206.825452114,30243.390243902442,1581834.922009037,5319256.836941558,30243.390243902442
1582230.663484774,5320726.555228965,29755.60975609756,3.5785298570616737,1581934.8698790362,5320296.296495261,29267.829268292688,1582280.6374197737,5321246.285005816,29267.829268292688,1582526.4570905122,5321156.813962671,30243.390243902442,1582180.6895497749,5320206.825452114,30243.390243902442
1582576.4310255118,5321676.543739522,29755.60975609756,4.561227591315391,1582280.6374197737,5321246.285005816,29267.829268292688,1582626.404960511,5322196.273516374,29267.829268292688,1582872.2246312497,5322106.8024732275,30243.390243902442,1582526.4570905122,5321156.813962671,30243.390243902442
1582922.198566249,5322626.532250078,29755.60975609756,5.195515466527872,1582626.404960511,5322196.273516374,29267.829268292688,1582972.1725012485,5323146.262026929,29267.829268292688,1583217.9921719872,5323056.790983784,30243.390243902442,1582872.2246312497,5322106.8024732275,30243.390243902442
1583267.9661069864,5323576.520760635,29755.60975609756,4.008779831187971,1582972.1725012485,5323146.262026929,29267.829268292688,1583317.940041986,5324096.250537487,29267.829268292688,1583563.7597127245,5324006.7794943405,30243.390243902442,1583217.9921719872,5323056.790983784,30243.390243902442
1583613.7336477241,5324526.509271191,29755.60975609756,4.21210549059679,1583317.940041986,5324096.250537487,29267.829268292688,1583663.7075827233,5325046.239048042,29267.829268292688,1583909.527253462,5324956.768004897,30243.390243902442,1583563.7597127245,5324006.7794943405,30243.390243902442
1583959.5011884614,5325476.497781749,29755.60975609756,3.656994554354089,1583663.7075827233,5325046.239048042,29267.829268292688,1584009.475123461,5325996.2275586,29267.829268292688,1584255.2947941995,5325906.756515454,30243.390243902442,1583909.527253462,5324956.768004897,30243.390243902442
1584305.268729199,5326426.4862923045,29755.60975609756,2.518785541799314,1584009.475123461,5325996.2275586,29267.829268292688,1584355.2426641984,5326946.216069155,29267.829268292688,1584601.062334937,5326856.74502601,30243.390243902442,1584255.2947941995,5325906.756515454,30243.390243902442
1584651.0362699365,5327376.474802861,29755.60975609756,2.996836769291162,1584355.2426641984,5326946.216069155,29267.829268292688,1584701.0102049357,5327896.204579713,29267.829268292688,1584946.8298756743,5327806.733536566,30243.390243902442,1584601.062334937,5326856.74502601,30243.390243902442
1584996.803810674,5328326.4633134175,29755.60975609756,3.1239847915264716,1584701.0102049357,5327896.204579713,29267.829268292688,1585046.7777456734,5328846.193090268,29267.829268292688,1585292.5974164119,5328756.722047123,30243.390243902442,1584946.8298756743,5327806.733536566,30243.390243902442
1585342.571351411,5329276.451823974,29755.60975609756,2.110758053520986,1585046.7777456734,5328846.193090268,29267.829268292688,1585392.5452864107,5329796.181600826,29267.829268292688,1585638.3649571494,5329706.71055768,30243.390243902442,1585292.5974164119,5328756.722047123,30243.390243902442
1585688.3388921488,5330226.440334531,29755.60975609756,1.3290190900147494,1585392.5452864107,5329796.181600826,29267.829268292688,1585738.312827148,5330746.170111381,29267.829268292688,1585984.1324978867,5330656.699068236,30243.390243902442,1585638.3649571494,5329706.71055768,30243.390243902442
1586034.1064328863,5331176.428845087,29755.60975609756,1.9327727204285812,1585738.312827148,5330746.170111381,29267.829268292688,1586084.0803678858,5331696.158621939,29267.829268292688,1586329.9000386244,5331606.687578793,30243.390243902442,1585984.1324978867,5330656.699068236,30243.390243902442
1586379.8739736236,5332126.417355644,29755.60975609756,0.9916714741344265,1586084.0803678858,5331696.158621939,29267.829268292688,1586429.847908623,5332646.1471324945,29267.829268292688,1586675.6675793617,5332556.676089349,30243.390243902442,1586329.9000386244,5331606.687578793,30243.390243902442
1586725.6415143611,5333076.405866201,29755.60975609756,0.9801061371865113,1586429.847908623,5332646.1471324945,29267.829268292688,1586775.6154493603,5333596.135643052,29267.829268292688,1587021.4351200992,5333506.664599905,30243.390243902442,1586675.6675793617,5332556.676089349,30243.390243902442
1587071.4090550987,5334026.394376756,29755.60975609756,1.2752418664186724,1586775.6154493603,5333596.135643052,29267.829268292688,1587121.382990098,5334546.1241536075,29267.829268292688,1587367.2026608365,5334456.653110462,30243.390243902442,1587021.4351200992,5333506.664599905,30243.390243902442
1587417.1765958357,5334976.382887313,29755.60975609756,1.0324240673701834,1587121.382990098,5334546.1241536075,29267.829268292688,1587467.1505308354,5335496.112664165,29267.829268292688,1587712.970201574,5335406.641621019,30243.390243902442,1587367.2026608365,5334456.653110462,30243.390243902442
1587762.9441365735,5335926.37139787,29755.60975609756,1.9405292378066727,1587467.1505308354,5335496.112664165,29267.829268292688,1587812.918071573,5336446.101174721,29267.829268292688,1588058.7377423116,5336356.630131575,30243.390243902442,1587712.970201574,5335406.641621019,30243.390243902442
1588108.711677311,5336876.359908426,29755.60975609756,2.255982517530439,1587812.918071573,5336446.101174721,29267.829268292688,1588158.6856123104,5337396.089685278,29267.829268292688,1588404.505283049,5337306.618642132,30243.390243902442,1588058.7377423116,5336356.630131575,30243.390243902442
1567954.2464445399,5280737.566742444,30731.170731707323,6.61774425588747,1567658.4528388015,5280307.308008741,30243.390243902442,1568004.2203795393,5281257.296519296,30243.390243902442,1568250.0400502787,5281167.825476151,31218.9512195122,1567904.272509541,5280217.8369655935,31218.9512195122
1568300.0139852774,5281687.555253002,30731.170731707323,6.59174432510058,1568004.2203795393,5281257.296519296,30243.390243902442,1568349.9879202766,5282207.285029854,30243.390243902442,1568595.807591016,5282117.813986707,31218.9512195122,1568250.0400502787,5281167.825476151,31218.9512195122
1568645.781526015,5282637.543763558,30731.170731707323,7.219905488152203,1568349.9879202766,5282207.285029854,30243.390243902442,1568695.7554610139,5283157.273540409,30243.390243902442,1568941.5751317532,5283067.802497264,31218.9512195122,1568595.807591016,5282117.813986707,31218.9512195122
1568991.5490667527,5283587.532274115,30731.170731707323,8.623064139128822,1568695.7554610139,5283157.273540409,30243.390243902442,1569041.5230017516,5284107.262050967,30243.390243902442,1569287.342672491,5284017.7910078205,31218.9512195122,1568941.5751317532,5283067.802497264,31218.9512195122
1569337.3166074897,5284537.520784671,30731.170731707323,7.768447705875187,1569041.5230017516,5284107.262050967,30243.390243902442,1569387.290542489,5285057.250561522,30243.390243902442,1569633.1102132283,5284967.779518377,31218.9512195122,1569287.342672491,5284017.7910078205,31218.9512195122
1569683.0841482275,5285487.509295228,30731.170731707323,7.064350209931324,1569387.290542489,5285057.250561522,30243.390243902442,1569733.0580832262,5286007.23907208,30243.390243902442,1569978.8777539658,5285917.768028934,31218.9512195122,1569633.1102132283,5284967.779518377,31218.9512195122
1570028.8516889648,5286437.497805784,30731.170731707323,4.713371487013152,1569733.0580832262,5286007.23907208,30243.390243902442,1570078.825623964,5286957.227582635,30243.390243902442,1570324.6452947033,5286867.75653949,31218.9512195122,1569978.8777539658,5285917.768028934,31218.9512195122
1570374.619229702,5287387.486316342,30731.170731707323,4.547443934965901,1570078.825623964,5286957.227582635,30243.390243902442,1570424.5931647012,5287907.216093193,30243.390243902442,1570670.4128354406,5287817.745050047,31218.9512195122,1570324.6452947033,5286867.75653949,31218.9512195122
1570720.3867704398,5288337.4748268975,30731.170731707323,5.286095603827462,1570424.5931647012,5287907.216093193,30243.390243902442,1570770.3607054385,5288857.204603749,30243.390243902442,1571016.1803761781,5288767.733560603,31218.9512195122,1570670.4128354406,5287817.745050047,31218.9512195122
1571066.1543111773,5289287.463337454,30731.170731707323,5.009282991791565,1570770.3607054385,5288857.204603749,30243.390243902442,1571116.1282461763,5289807.193114306,30243.390243902442,1571361.9479169156,5289717.72207116,31218.9512195122,1571016.1803761781,5288767.733560603,31218.9512195122
1571411.9218519144,5290237.451848011,30731.170731707323,5.269332652564046,1571116.1282461763,5289807.193114306,30243.390243902442,1571461.8957869136,5290757.181624862,30243.390243902442,1571707.7154576532,5290667.710581716,31218.9512195122,1571361.9479169156,5289717.72207116,31218.9512195122
1571757.6893926521,5291187.440358567,30731.170731707323,5.8035149074398,1571461.8957869136,5290757.181624862,30243.390243902442,1571807.663327651,5291707.170135419,30243.390243902442,1572053.4829983904,5291617.699092273,31218.9512195122,1571707.7154576532,5290667.710581716,31218.9512195122
1572103.4569333897,5292137.4288691245,30731.170731707323,6.758068137373556,1571807.663327651,5291707.170135419,30243.390243902442,1572153.4308683886,5292657.158645975,30243.390243902442,1572399.2505391282,5292567.687602829,31218.9512195122,1572053.4829983904,5291617.699092273,31218.9512195122
1572449.224474127,5293087.41737968,30731.170731707323,5.296217244215988,1572153.4308683886,5292657.158645975,30243.390243902442,1572499.198409126,5293607.147156532,30243.390243902442,1572745.0180798655,5293517.676113386,31218.9512195122,1572399.2505391282,5292567.687602829,31218.9512195122
1572794.9920148645,5294037.405890238,30731.170731707323,4.652393294611956,1572499.198409126,5293607.147156532,30243.390243902442,1572844.9659498634,5294557.135667088,30243.390243902442,1573090.785620603,5294467.664623942,31218.9512195122,1572745.0180798655,5293517.676113386,31218.9512195122
1573140.759555602,5294987.394400794,30731.170731707323,3.9888929490116936,1572844.9659498634,5294557.135667088,30243.390243902442,1573190.733490601,5295507.124177645,30243.390243902442,1573436.5531613405,5295417.653134499,31218.9512195122,1573090.785620603,5294467.664623942,31218.9512195122
1573486.5270963395,5295937.38291135,30731.170731707323,4.3418026079719745,1573190.733490601,5295507.124177645,30243.390243902442,1573536.5010313385,5296457.1126882015,30243.390243902442,1573782.3207020778,5296367.641645055,31218.9512195122,1573436.5531613405,5295417.653134499,31218.9512195122
1573832.2946370768,5296887.371421906,30731.170731707323,3.2688213172149174,1573536.5010313385,5296457.1126882015,30243.390243902442,1573882.2685720758,5297407.101198758,30243.390243902442,1574128.0882428153,5297317.630155612,31218.9512195122,1573782.3207020778,5296367.641645055,31218.9512195122
1574178.0621778143,5297837.359932464,30731.170731707323,2.808882007625111,1573882.2685720758,5297407.101198758,30243.390243902442,1574228.0361128133,5298357.0897093145,30243.390243902442,1574473.8557835529,5298267.618666168,31218.9512195122,1574128.0882428153,5297317.630155612,31218.9512195122
1574523.8297185518,5298787.348443019,30731.170731707323,3.6197159890807757,1574228.0361128133,5298357.0897093145,30243.390243902442,1574573.8036535508,5299307.078219871,30243.390243902442,1574819.6233242902,5299217.607176725,31218.9512195122,1574473.8557835529,5298267.618666168,31218.9512195122
1574869.5972592891,5299737.336953577,30731.170731707323,1.9891261702619698,1574573.8036535508,5299307.078219871,30243.390243902442,1574919.5711942883,5300257.066730428,30243.390243902442,1575165.3908650277,5300167.595687281,31218.9512195122,1574819.6233242902,5299217.607176725,31218.9512195122
1575215.3648000266,5300687.325464132,30731.170731707323,0.8594849691379078,1574919.5711942883,5300257.066730428,30243.390243902442,1575265.3387350256,5301207.055240984,30243.390243902442,1575511.1584057652,5301117.584197838,31218.9512195122,1575165.3908650277,5300167.595687281,31218.9512195122
1575561.1323407642,5301637.31397469,30731.170731707323,0.9562366543972755,1575265.3387350256,5301207.055240984,30243.390243902442,1575611.1062757631,5302157.043751541,30243.390243902442,1575856.9259465025,5302067.572708394,31218.9512195122,1575511.1584057652,5301117.584197838,31218.9512195122
1575906.8998815014,5302587.302485246,30731.170731707323,0.7595778060874819,1575611.1062757631,5302157.043751541,30243.390243902442,1575956.8738165007,5303107.032262097,30243.390243902442,1576202.69348724,5303017.561218951,31218.9512195122,1575856.9259465025,5302067.572708394,31218.9512195122
1576252.667422239,5303537.290995802,30731.170731707323,0.7275699499505828,1575956.8738165007,5303107.032262097,30243.390243902442,1576302.641357238,5304057.020772654,30243.390243902442,1576548.4610279775,5303967.549729507,31218.9512195122,1576202.69348724,5303017.561218951,31218.9512195122
1576598.4349629765,5304487.279506358,30731.170731707323,1.058759388165932,1576302.641357238,5304057.020772654,30243.390243902442,1576648.4088979755,5305007.00928321,30243.390243902442,1576894.2285687148,5304917.538240064,31218.9512195122,1576548.4610279775,5303967.549729507,31218.9512195122
1576944.2025037138,5305437.268016916,30731.170731707323,0.6339057366831632,1576648.4088979755,5305007.00928321,30243.390243902442,1576994.176438713,5305956.997793767,30243.390243902442,1577239.9961094526,5305867.52675062,31218.9512195122,1576894.2285687148,5304917.538240064,31218.9512195122
1577289.9700444513,5306387.256527471,30731.170731707323,0.5437987370004445,1576994.176438713,5305956.997793767,30243.390243902442,1577339.9439794505,5306906.986304323,30243.390243902442,1577585.7636501899,5306817.515261177,31218.9512195122,1577239.9961094526,5305867.52675062,31218.9512195122
1577635.737585189,5307337.245038029,30731.170731707323,0.17997098490379276,1577339.9439794505,5306906.986304323,30243.390243902442,1577685.7115201878,5307856.97481488,30243.390243902442,1577931.5311909271,5307767.503771733,31218.9512195122,1577585.7636501899,5306817.515261177,31218.9512195122
1577981.505125926,5308287.233548584,30731.170731707323,0.3844200741558812,1577685.7115201878,5307856.97481488,30243.390243902442,1578031.4790609253,5308806.963325436,30243.390243902442,1578277.298731665,5308717.49228229,31218.9512195122,1577931.5311909271,5307767.503771733,31218.9512195122
1578327.2726666636,5309237.222059142,30731.170731707323,0.6900982624146779,1578031.4790609253,5308806.963325436,30243.390243902442,1578377.2466016628,5309756.951835993,30243.390243902442,1578623.0662724022,5309667.4807928465,31218.9512195122,1578277.298731665,5308717.49228229,31218.9512195122
1578673.0402074014,5310187.210569698,30731.170731707323,0.5338734893331992,1578377.2466016628,5309756.951835993,30243.390243902442,1578723.0141424001,5310706.940346549,30243.390243902442,1578968.8338131397,5310617.469303403,31218.9512195122,1578623.0662724022,5309667.4807928465,31218.9512195122
1579018.807748139,5311137.199080254,30731.170731707323,1.1586072702841892,1578723.0141424001,5310706.940346549,30243.390243902442,1579068.7816831379,5311656.928857106,30243.390243902442,1579314.6013538772,5311567.45781396,31218.9512195122,1578968.8338131397,5310617.469303403,31218.9512195122
1579364.575288876,5312087.1875908105,30731.170731707323,2.1234314928448743,1579068.7816831379,5311656.928857106,30243.390243902442,1579414.5492238752,5312606.917367662,30243.390243902442,1579660.3688946145,5312517.446324516,31218.9512195122,1579314.6013538772,5311567.45781396,31218.9512195122
1579710.3428296137,5313037.176101368,30731.170731707323,2.2264554756969948,1579414.5492238752,5312606.917367662,30243.390243902442,1579760.3167646124,5313556.905878219,30243.390243902442,1580006.136435352,5313467.434835073,31218.9512195122,1579660.3688946145,5312517.446324516,31218.9512195122
1580056.110370351,5313987.1646119235,30731.170731707323,1.43231647463685,1579760.3167646124,5313556.905878219,30243.390243902442,1580106.0843053502,5314506.894388775,30243.390243902442,1580351.9039760896,5314417.423345629,31218.9512195122,1580006.136435352,5313467.434835073,31218.9512195122
1580401.8779110883,5314937.153122481,30731.170731707323,0.8387800429975607,1580106.0843053502,5314506.894388775,30243.390243902442,1580451.8518460875,5315456.882899332,30243.390243902442,1580697.6715168268,5315367.411856186,31218.9512195122,1580351.9039760896,5314417.423345629,31218.9512195122
1580747.645451826,5315887.141633037,30731.170731707323,0.8860509547012361,1580451.8518460875,5315456.882899332,30243.390243902442,1580797.6193868248,5316406.871409888,30243.390243902442,1581043.4390575644,5316317.400366742,31218.9512195122,1580697.6715168268,5315367.411856186,31218.9512195122
1581093.4129925636,5316837.130143594,30731.170731707323,1.5949572190115886,1580797.6193868248,5316406.871409888,30243.390243902442,1581143.3869275625,5317356.859920445,30243.390243902442,1581389.206598302,5317267.388877299,31218.9512195122,1581043.4390575644,5316317.400366742,31218.9512195122
1581439.1805333006,5317787.1186541505,30731.170731707323,1.7335981285362232,1581143.3869275625,5317356.859920445,30243.390243902442,1581489.1544682998,5318306.848431001,30243.390243902442,1581734.9741390392,5318217.377387855,31218.9512195122,1581389.206598302,5317267.388877299,31218.9512195122
1581784.9480740384,5318737.107164706,30731.170731707323,1.5989898137727157,1581489.1544682998,5318306.848431001,30243.390243902442,1581834.922009037,5319256.836941558,30243.390243902442,1582080.7416797767,5319167.365898412,31218.9512195122,1581734.9741390392,5318217.377387855,31218.9512195122
1582130.7156147757,5319687.095675263,30731.170731707323,1.962055587043097,1581834.922009037,5319256.836941558,30243.390243902442,1582180.6895497749,5320206.825452114,30243.390243902442,1582426.5092205142,5320117.354408968,31218.9512195122,1582080.7416797767,5319167.365898412,31218.9512195122
1582476.4831555132,5320637.08418582,30731.170731707323,3.077952534699127,1582180.6895497749,5320206.825452114,30243.390243902442,1582526.4570905122,5321156.813962671,30243.390243902442,1582772.2767612517,5321067.342919525,31218.9512195122,1582426.5092205142,5320117.354408968,31218.9512195122
1582822.2506962507,5321587.072696376,30731.170731707323,4.427904868266049,1582526.4570905122,5321156.813962671,30243.390243902442,1582872.2246312497,5322106.8024732275,30243.390243902442,1583118.044301989,5322017.331430081,31218.9512195122,1582772.2767612517,5321067.342919525,31218.9512195122
1583168.0182369882,5322537.061206933,30731.170731707323,4.5609181864624375,1582872.2246312497,5322106.8024732275,30243.390243902442,1583217.9921719872,5323056.790983784,30243.390243902442,1583463.8118427265,5322967.319940637,31218.9512195122,1583118.044301989,5322017.331430081,31218.9512195122
1583513.7857777253,5323487.049717489,30731.170731707323,4.127560737392835,1583217.9921719872,5323056.790983784,30243.390243902442,1583563.7597127245,5324006.7794943405,30243.390243902442,1583809.579383464,5323917.308451194,31218.9512195122,1583463.8118427265,5322967.319940637,31218.9512195122
1583859.553318463,5324437.038228046,30731.170731707323,5.737607193248938,1583563.7597127245,5324006.7794943405,30243.390243902442,1583909.527253462,5324956.768004897,30243.390243902442,1584155.3469242014,5324867.296961751,31218.9512195122,1583809.579383464,5323917.308451194,31218.9512195122
1584205.3208592006,5325387.026738603,30731.170731707323,4.007620528524498,1583909.527253462,5324956.768004897,30243.390243902442,1584255.2947941995,5325906.756515454,30243.390243902442,1584501.114464939,5325817.285472307,31218.9512195122,1584155.3469242014,5324867.296961751,31218.9512195122
1584551.0883999378,5326337.015249158,30731.170731707323,2.6793899102397383,1584255.2947941995,5325906.756515454,30243.390243902442,1584601.062334937,5326856.74502601,30243.390243902442,1584846.8820056764,5326767.273982864,31218.9512195122,1584501.114464939,5325817.285472307,31218.9512195122
1584896.8559406754,5327287.003759715,30731.170731707323,2.4370750969759545,1584601.062334937,5326856.74502601,30243.390243902442,1584946.8298756743,5327806.733536566,30243.390243902442,1585192.649546414,5327717.26249342,31218.9512195122,1584846.8820056764,5326767.273982864,31218.9512195122
1585242.623481413,5328236.992270271,30731.170731707323,0.846185386230516,1584946.8298756743,5327806.733536566,30243.390243902442,1585292.5974164119,5328756.722047123,30243.390243902442,1585538.4170871514,5328667.251003976,31218.9512195122,1585192.649546414,5327717.26249342,31218.9512195122
1585588.3910221504,5329186.980780828,30731.170731707323,0.7326046767815818,1585292.5974164119,5328756.722047123,30243.390243902442,1585638.3649571494,5329706.71055768,30243.390243902442,1585884.1846278887,5329617.239514533,31218.9512195122,1585538.4170871514,5328667.251003976,31218.9512195122
1585934.1585628877,5330136.969291385,30731.170731707323,0.5797705109837098,1585638.3649571494,5329706.71055768,30243.390243902442,1585984.1324978867,5330656.699068236,30243.390243902442,1586229.9521686265,5330567.22802509,31218.9512195122,1585884.1846278887,5329617.239514533,31218.9512195122
1586279.9261036252,5331086.957801941,30731.170731707323,0.8209211174533257,1585984.1324978867,5330656.699068236,30243.390243902442,1586329.9000386244,5331606.687578793,30243.390243902442,1586575.7197093638,5331517.2165356465,31218.9512195122,1586229.9521686265,5330567.22802509,31218.9512195122
1586625.6936443627,5332036.946312498,30731.170731707323,0.2060297389691114,1586329.9000386244,5331606.687578793,30243.390243902442,1586675.6675793617,5332556.676089349,30243.390243902442,1586921.487250101,5332467.205046203,31218.9512195122,1586575.7197093638,5331517.2165356465,31218.9512195122
1586971.4611851,5332986.934823054,30731.170731707323,0.08517699194066419,1586675.6675793617,5332556.676089349,30243.390243902442,1587021.4351200992,5333506.664599905,30243.390243902442,1587267.2547908386,5333417.1935567595,31218.9512195122,1586921.487250101,5332467.205046203,31218.9512195122
1587317.2287258375,5333936.92333361,30731.170731707323,0.09254112951085841,1587021.4351200992,5333506.664599905,30243.390243902442,1587367.2026608365,5334456.653110462,30243.390243902442,1587613.022331576,5334367.182067315,31218.9512195122,1587267.2547908386,5333417.1935567595,31218.9512195122
1587662.996266575,5334886.911844167,30731.170731707323,0.6713088732327306,1587367.2026608365,5334456.653110462,30243.390243902442,1587712.970201574,5335406.641621019,30243.390243902442,1587958.7898723134,5335317.170577873,31218.9512195122,1587613.022331576,5334367.182067315,31218.9512195122
1588008.7638073124,5335836.900354724,30731.170731707323,1.0018043976521231,1587712.970201574,5335406.641621019,30243.390243902442,1588058.7377423116,5336356.630131575,30243.390243902442,1588304.5574130511,5336267.159088429,31218.9512195122,1587958.7898723134,5335317.170577873,31218.9512195122
1588354.5313480499,5336786.88886528,30731.170731707323,0.547768755177451,1588058.7377423116,5336356.630131575,30243.390243902442,1588404.505283049,5337306.618642132,30243.390243902442,1588650.3249537884,5337217.147598986,31218.9512195122,1588304.5574130511,5336267.159088429,31218.9512195122
1568200.0661152794,5280648.095699299,31706.731707317074,7.181144354275009,1567904.272509541,5280217.8369655935,31218.9512195122,1568250.0400502787,5281167.825476151,31218.9512195122,1568495.859721018,5281078.354433004,32194.51219512195,1568150.0921802805,5280128.365922448,32194.51219512195
1568545.833656017,5281598.084209856,31706.731707317074,5.412279046140236,1568250.0400502787,5281167.825476151,31218.9512195122,1568595.807591016,5282117.813986707,31218.9512195122,1568841.6272617555,5282028.342943561,32194.51219512195,1568495.859721018,5281078.354433004,32194.51219512195
1568891.6011967545,5282548.072720412,31706.731707317074,6.083519182566671,1568595.807591016,5282117.813986707,31218.9512195122,1568941.5751317532,5283067.802497264,31218.9512195122,1569187.3948024928,5282978.331454118,32194.51219512195,1568841.6272617555,5282028.342943561,32194.51219512195
1569237.368737492,5283498.061230969,31706.731707317074,5.5840504609158605,1568941.5751317532,5283067.802497264,31218.9512195122,1569287.342672491,5284017.7910078205,31218.9512195122,1569533.1623432303,5283928.319964674,32194.51219512195,1569187.3948024928,5282978.331454118,32194.51219512195
1569583.136278229,5284448.049741526,31706.731707317074,5.997981246246465,1569287.342672491,5284017.7910078205,31218.9512195122,1569633.1102132283,5284967.779518377,31218.9512195122,1569878.9298839679,5284878.308475231,32194.51219512195,1569533.1623432303,5283928.319964674,32194.51219512195
1569928.9038189668,5285398.038252082,31706.731707317074,4.5748192656206275,1569633.1102132283,5284967.779518377,31218.9512195122,1569978.8777539658,5285917.768028934,31218.9512195122,1570224.6974247051,5285828.296985787,32194.51219512195,1569878.9298839679,5284878.308475231,32194.51219512195
1570274.6713597043,5286348.026762638,31706.731707317074,3.8734407938779762,1569978.8777539658,5285917.768028934,31218.9512195122,1570324.6452947033,5286867.75653949,31218.9512195122,1570570.464965443,5286778.285496344,32194.51219512195,1570224.6974247051,5285828.296985787,32194.51219512195
1570620.4389004416,5287298.015273196,31706.731707317074,4.130102168922112,1570324.6452947033,5286867.75653949,31218.9512195122,1570670.4128354406,5287817.745050047,31218.9512195122,1570916.2325061802,5287728.2740069,32194.51219512195,1570570.464965443,5286778.285496344,32194.51219512195
1570966.2064411792,5288248.003783751,31706.731707317074,4.550354395960244,1570670.4128354406,5287817.745050047,31218.9512195122,1571016.1803761781,5288767.733560603,31218.9512195122,1571262.0000469177,5288678.262517457,32194.51219512195,1570916.2325061802,5287728.2740069,32194.51219512195
1571311.9739819167,5289197.992294309,31706.731707317074,6.4245063298313445,1571016.1803761781,5288767.733560603,31218.9512195122,1571361.9479169156,5289717.72207116,31218.9512195122,1571607.7675876552,5289628.251028013,32194.51219512195,1571262.0000469177,5288678.262517457,32194.51219512195
1571657.7415226542,5290147.980804864,31706.731707317074,5.250377182645036,1571361.9479169156,5289717.72207116,31218.9512195122,1571707.7154576532,5290667.710581716,31218.9512195122,1571953.5351283925,5290578.23953857,32194.51219512195,1571607.7675876552,5289628.251028013,32194.51219512195
1572003.5090633915,5291097.969315422,31706.731707317074,4.025741875583253,1571707.7154576532,5290667.710581716,31218.9512195122,1572053.4829983904,5291617.699092273,31218.9512195122,1572299.3026691303,5291528.228049126,32194.51219512195,1571953.5351283925,5290578.23953857,32194.51219512195
1572349.276604129,5292047.957825978,31706.731707317074,2.4177782376882835,1572053.4829983904,5291617.699092273,31218.9512195122,1572399.2505391282,5292567.687602829,31218.9512195122,1572645.0702098676,5292478.216559683,32194.51219512195,1572299.3026691303,5291528.228049126,32194.51219512195
1572695.0441448665,5292997.946336534,31706.731707317074,4.062466609925506,1572399.2505391282,5292567.687602829,31218.9512195122,1572745.0180798655,5293517.676113386,31218.9512195122,1572990.8377506048,5293428.2050702395,32194.51219512195,1572645.0702098676,5292478.216559683,32194.51219512195
1573040.8116856038,5293947.93484709,31706.731707317074,3.9868904962427547,1572745.0180798655,5293517.676113386,31218.9512195122,1573090.785620603,5294467.664623942,31218.9512195122,1573336.6052913426,5294378.193580796,32194.51219512195,1572990.8377506048,5293428.2050702395,32194.51219512195
1573386.5792263413,5294897.923357648,31706.731707317074,3.8672938546932265,1573090.785620603,5294467.664623942,31218.9512195122,1573436.5531613405,5295417.653134499,31218.9512195122,1573682.37283208,5295328.1820913525,32194.51219512195,1573336.6052913426,5294378.193580796,32194.51219512195
1573732.346767079,5295847.911868203,31706.731707317074,4.068534279123911,1573436.5531613405,5295417.653134499,31218.9512195122,1573782.3207020778,5296367.641645055,31218.9512195122,1574028.1403728172,5296278.170601909,32194.51219512195,1573682.37283208,5295328.1820913525,32194.51219512195
1574078.1143078161,5296797.900378761,31706.731707317074,2.951473914241304,1573782.3207020778,5296367.641645055,31218.9512195122,1574128.0882428153,5297317.630155612,31218.9512195122,1574373.907913555,5297228.159112466,32194.51219512195,1574028.1403728172,5296278.170601909,32194.51219512195
1574423.8818485537,5297747.8888893165,31706.731707317074,2.335346379431876,1574128.0882428153,5297317.630155612,31218.9512195122,1574473.8557835529,5298267.618666168,31218.9512195122,1574719.6754542922,5298178.147623022,32194.51219512195,1574373.907913555,5297228.159112466,32194.51219512195
1574769.6493892912,5298697.877399874,31706.731707317074,1.3311106855063704,1574473.8557835529,5298267.618666168,31218.9512195122,1574819.6233242902,5299217.607176725,31218.9512195122,1575065.4429950295,5299128.136133579,32194.51219512195,1574719.6754542922,5298178.147623022,32194.51219512195
1575115.4169300285,5299647.86591043,31706.731707317074,0.6884755105340079,1574819.6233242902,5299217.607176725,31218.9512195122,1575165.3908650277,5300167.595687281,31218.9512195122,1575411.2105357673,5300078.124644135,32194.51219512195,1575065.4429950295,5299128.136133579,32194.51219512195
1575461.184470766,5300597.854420986,31706.731707317074,0.4268153241072232,1575165.3908650277,5300167.595687281,31218.9512195122,1575511.1584057652,5301117.584197838,31218.9512195122,1575756.9780765045,5301028.113154692,32194.51219512195,1575411.2105357673,5300078.124644135,32194.51219512195
1575806.9520115037,5301547.842931543,31706.731707317074,0.3398671247872841,1575511.1584057652,5301117.584197838,31218.9512195122,1575856.9259465025,5302067.572708394,31218.9512195122,1576102.745617242,5301978.101665248,32194.51219512195,1575756.9780765045,5301028.113154692,32194.51219512195
1576152.719552241,5302497.8314421,31706.731707317074,0.8653931567701791,1575856.9259465025,5302067.572708394,31218.9512195122,1576202.69348724,5303017.561218951,31218.9512195122,1576448.5131579796,5302928.090175804,32194.51219512195,1576102.745617242,5301978.101665248,32194.51219512195
1576498.4870929783,5303447.819952656,31706.731707317074,1.128119045641803,1576202.69348724,5303017.561218951,31218.9512195122,1576548.4610279775,5303967.549729507,31218.9512195122,1576794.2806987169,5303878.078686361,32194.51219512195,1576448.5131579796,5302928.090175804,32194.51219512195
1576844.254633716,5304397.808463213,31706.731707317074,0.43499404629980226,1576548.4610279775,5303967.549729507,31218.9512195122,1576894.2285687148,5304917.538240064,31218.9512195122,1577140.0482394544,5304828.067196918,32194.51219512195,1576794.2806987169,5303878.078686361,32194.51219512195
1577190.0221744536,5305347.796973769,31706.731707317074,0.4058647571566338,1576894.2285687148,5304917.538240064,31218.9512195122,1577239.9961094526,5305867.52675062,31218.9512195122,1577485.815780192,5305778.055707474,32194.51219512195,1577140.0482394544,5304828.067196918,32194.51219512195
1577535.7897151907,5306297.785484326,31706.731707317074,0.232189741287281,1577239.9961094526,5305867.52675062,31218.9512195122,1577585.7636501899,5306817.515261177,31218.9512195122,1577831.5833209294,5306728.044218031,32194.51219512195,1577485.815780192,5305778.055707474,32194.51219512195
1577881.5572559284,5307247.773994882,31706.731707317074,0.2339378135175485,1577585.7636501899,5306817.515261177,31218.9512195122,1577931.5311909271,5307767.503771733,31218.9512195122,1578177.3508616667,5307678.032728587,32194.51219512195,1577831.5833209294,5306728.044218031,32194.51219512195
1578227.3247966657,5308197.762505438,31706.731707317074,0.5738713042960681,1577931.5311909271,5307767.503771733,31218.9512195122,1578277.298731665,5308717.49228229,31218.9512195122,1578523.1184024042,5308628.021239143,32194.51219512195,1578177.3508616667,5307678.032728587,32194.51219512195
1578573.0923374032,5309147.751015995,31706.731707317074,1.8769248377032268,1578277.298731665,5308717.49228229,31218.9512195122,1578623.0662724022,5309667.4807928465,31218.9512195122,1578868.8859431418,5309578.0097497,32194.51219512195,1578523.1184024042,5308628.021239143,32194.51219512195
1578918.8598781407,5310097.739526552,31706.731707317074,3.0835399179547465,1578623.0662724022,5309667.4807928465,31218.9512195122,1578968.8338131397,5310617.469303403,31218.9512195122,1579214.653483879,5310527.998260257,32194.51219512195,1578868.8859431418,5309578.0097497,32194.51219512195
1579264.6274188783,5311047.728037108,31706.731707317074,3.076509665375864,1578968.8338131397,5310617.469303403,31218.9512195122,1579314.6013538772,5311567.45781396,31218.9512195122,1579560.4210246166,5311477.986770813,32194.51219512195,1579214.653483879,5310527.998260257,32194.51219512195
1579610.3949596153,5311997.716547665,31706.731707317074,1.9170369899014734,1579314.6013538772,5311567.45781396,31218.9512195122,1579660.3688946145,5312517.446324516,31218.9512195122,1579906.188565354,5312427.97528137,32194.51219512195,1579560.4210246166,5311477.986770813,32194.51219512195
1579956.162500353,5312947.705058221,31706.731707317074,2.278562140952904,1579660.3688946145,5312517.446324516,31218.9512195122,1580006.136435352,5313467.434835073,31218.9512195122,1580251.9561060914,5313377.963791926,32194.51219512195,1579906.188565354,5312427.97528137,32194.51219512195
1580301.9300410906,5313897.693568778,31706.731707317074,1.849905616118242,1580006.136435352,5313467.434835073,31218.9512195122,1580351.9039760896,5314417.423345629,31218.9512195122,1580597.723646829,5314327.952302482,32194.51219512195,1580251.9561060914,5313377.963791926,32194.51219512195
1580647.6975818279,5314847.682079335,31706.731707317074,1.4044146859374722,1580351.9039760896,5314417.423345629,31218.9512195122,1580697.6715168268,5315367.411856186,31218.9512195122,1580943.4911875664,5315277.940813039,32194.51219512195,1580597.723646829,5314327.952302482,32194.51219512195
1580993.4651225654,5315797.67058989,31706.731707317074,1.2573889624389551,1580697.6715168268,5315367.411856186,31218.9512195122,1581043.4390575644,5316317.400366742,31218.9512195122,1581289.2587283037,5316227.929323596,32194.51219512195,1580943.4911875664,5315277.940813039,32194.51219512195
1581339.232663303,5316747.659100447,31706.731707317074,1.3405071900846663,1581043.4390575644,5316317.400366742,31218.9512195122,1581389.206598302,5317267.388877299,31218.9512195122,1581635.0262690415,5317177.9178341525,32194.51219512195,1581289.2587283037,5316227.929323596,32194.51219512195
1581685.00020404,5317697.647611004,31706.731707317074,1.4484003667676777,1581389.206598302,5317267.388877299,31218.9512195122,1581734.9741390392,5318217.377387855,31218.9512195122,1581980.7938097788,5318127.906344708,32194.51219512195,1581635.0262690415,5317177.9178341525,32194.51219512195
1582030.7677447777,5318647.63612156,31706.731707317074,1.8529850776467485,1581734.9741390392,5318217.377387855,31218.9512195122,1582080.7416797767,5319167.365898412,31218.9512195122,1582326.561350516,5319077.8948552655,32194.51219512195,1581980.7938097788,5318127.906344708,32194.51219512195
1582376.5352855152,5319597.624632117,31706.731707317074,2.146361967109227,1582080.7416797767,5319167.365898412,31218.9512195122,1582426.5092205142,5320117.354408968,31218.9512195122,1582672.3288912538,5320027.883365821,32194.51219512195,1582326.561350516,5319077.8948552655,32194.51219512195
1582722.3028262525,5320547.613142673,31706.731707317074,2.5592631188551462,1582426.5092205142,5320117.354408968,31218.9512195122,1582772.2767612517,5321067.342919525,31218.9512195122,1583018.096431991,5320977.871876379,32194.51219512195,1582672.3288912538,5320027.883365821,32194.51219512195
1583068.07036699,5321497.60165323,31706.731707317074,4.409817141562988,1582772.2767612517,5321067.342919525,31218.9512195122,1583118.044301989,5322017.331430081,31218.9512195122,1583363.8639727286,5321927.860386935,32194.51219512195,1583018.096431991,5320977.871876379,32194.51219512195
1583413.8379077276,5322447.590163786,31706.731707317074,4.3509107725431315,1583118.044301989,5322017.331430081,31218.9512195122,1583463.8118427265,5322967.319940637,31218.9512195122,1583709.6315134661,5322877.848897492,32194.51219512195,1583363.8639727286,5321927.860386935,32194.51219512195
1583759.605448465,5323397.5786743425,31706.731707317074,4.345690383963135,1583463.8118427265,5322967.319940637,31218.9512195122,1583809.579383464,5323917.308451194,31218.9512195122,1584055.3990542034,5323827.837408047,32194.51219512195,1583709.6315134661,5322877.848897492,32194.51219512195
1584105.3729892024,5324347.567184899,31706.731707317074,4.439676812103008,1583809.579383464,5323917.308451194,31218.9512195122,1584155.3469242014,5324867.296961751,31218.9512195122,1584401.1665949412,5324777.825918605,32194.51219512195,1584055.3990542034,5323827.837408047,32194.51219512195
1584451.14052994,5325297.555695456,31706.731707317074,3.68690932568269,1584155.3469242014,5324867.296961751,31218.9512195122,1584501.114464939,5325817.285472307,31218.9512195122,1584746.9341356785,5325727.81442916,32194.51219512195,1584401.1665949412,5324777.825918605,32194.51219512195
1584796.9080706774,5326247.544206012,31706.731707317074,1.591955152288466,1584501.114464939,5325817.285472307,31218.9512195122,1584846.8820056764,5326767.273982864,31218.9512195122,1585092.7016764157,5326677.802939718,32194.51219512195,1584746.9341356785,5325727.81442916,32194.51219512195
1585142.6756114147,5327197.5327165695,31706.731707317074,0.8031500718954655,1584846.8820056764,5326767.273982864,31218.9512195122,1585192.649546414,5327717.26249342,31218.9512195122,1585438.4692171535,5327627.791450273,32194.51219512195,1585092.7016764157,5326677.802939718,32194.51219512195
1585488.4431521522,5328147.521227124,31706.731707317074,0.19249159186565667,1585192.649546414,5327717.26249342,31218.9512195122,1585538.4170871514,5328667.251003976,31218.9512195122,1585784.2367578908,5328577.779960831,32194.51219512195,1585438.4692171535,5327627.791450273,32194.51219512195
1585834.21069289,5329097.509737682,31706.731707317074,0.3662369488899517,1585538.4170871514,5328667.251003976,31218.9512195122,1585884.1846278887,5329617.239514533,31218.9512195122,1586130.004298628,5329527.768471386,32194.51219512195,1585784.2367578908,5328577.779960831,32194.51219512195
1586179.978233627,5330047.498248239,31706.731707317074,0.23591326947630706,1585884.1846278887,5329617.239514533,31218.9512195122,1586229.9521686265,5330567.22802509,31218.9512195122,1586475.7718393658,5330477.756981944,32194.51219512195,1586130.004298628,5329527.768471386,32194.51219512195
1586525.7457743646,5330997.486758795,31706.731707317074,0.20276451911477314,1586229.9521686265,5330567.22802509,31218.9512195122,1586575.7197093638,5331517.2165356465,31218.9512195122,1586821.5393801031,5331427.745492499,32194.51219512195,1586475.7718393658,5330477.756981944,32194.51219512195
1586871.5133151023,5331947.475269351,31706.731707317074,0.06938631813554397,1586575.7197093638,5331517.2165356465,31218.9512195122,1586921.487250101,5332467.205046203,31218.9512195122,1587167.3069208406,5332377.734003057,32194.51219512195,1586821.5393801031,5331427.745492499,32194.51219512195
1587217.2808558396,5332897.463779909,31706.731707317074,0.03815067795255759,1586921.487250101,5332467.205046203,31218.9512195122,1587267.2547908386,5333417.1935567595,31218.9512195122,1587513.0744615782,5333327.722513612,32194.51219512195,1587167.3069208406,5332377.734003057,32194.51219512195
1587563.048396577,5333847.452290464,31706.731707317074,0.0229377910301867,1587267.2547908386,5333417.1935567595,31218.9512195122,1587613.022331576,5334367.182067315,31218.9512195122,1587858.8420023154,5334277.71102417,32194.51219512195,1587513.0744615782,5333327.722513612,32194.51219512195
1587908.8159373146,5334797.440801022,31706.731707317074,0.08962858246859709,1587613.022331576,5334367.182067315,31218.9512195122,1587958.7898723134,5335317.170577873,31218.9512195122,1588204.609543053,5335227.699534725,32194.51219512195,1587858.8420023154,5334277.71102417,32194.51219512195
1588254.583478052,5335747.429311577,31706.731707317074,0.16632439157300244,1587958.7898723134,5335317.170577873,31218.9512195122,1588304.5574130511,5336267.159088429,31218.9512195122,1588550.3770837905,5336177.688045283,32194.51219512195,1588204.609543053,5335227.699534725,32194.51219512195
1588600.3510187895,5336697.417822135,31706.731707317074,0.0941983714437763,1588304.5574130511,5336267.159088429,31218.9512195122,1588650.3249537884,5337217.147598986,31218.9512195122,1588896.144624528,5337127.676555838,32194.51219512195,1588550.3770837905,5336177.688045283,32194.51219512195
1568445.8857860186,5280558.624656153,32682.29268292683,6.03357839097341,1568150.0921802805,5280128.365922448,32194.51219512195,1568495.859721018,5281078.354433004,32194.51219512195,1568741.6793917567,5280988.8833898585,33170.0731707317,1568395.9118510194,5280038.894879302,33170.0731707317
1568791.653326756,5281508.61316671,32682.29268292683,4.09104603991791,1568495.859721018,5281078.354433004,32194.51219512195,1568841.6272617555,5282028.342943561,32194.51219512195,1569087.446932494,5281938.871900415,33170.0731707317,1568741.6793917567,5280988.8833898585,33170.0731707317
1569137.4208674934,5282458.601677266,32682.29268292683,2.5626588633812304,1568841.6272617555,5282028.342943561,32194.51219512195,1569187.3948024928,5282978.331454118,32194.51219512195,1569433.2144732317,5282888.860410972,33170.0731707317,1569087.446932494,5281938.871900415,33170.0731707317
1569483.188408231,5283408.5901878225,32682.29268292683,2.6886380578674105,1569187.3948024928,5282978.331454118,32194.51219512195,1569533.1623432303,5283928.319964674,32194.51219512195,1569778.982013969,5283838.848921528,33170.0731707317,1569433.2144732317,5282888.860410972,33170.0731707317
1569828.9559489684,5284358.57869838,32682.29268292683,3.884353221286399,1569533.1623432303,5283928.319964674,32194.51219512195,1569878.9298839679,5284878.308475231,32194.51219512195,1570124.7495547063,5284788.837432085,33170.0731707317,1569778.982013969,5283838.848921528,33170.0731707317
1570174.7234897057,5285308.5672089355,32682.29268292683,5.082889570229621,1569878.9298839679,5284878.308475231,32194.51219512195,1570224.6974247051,5285828.296985787,32194.51219512195,1570470.517095444,5285738.825942641,33170.0731707317,1570124.7495547063,5284788.837432085,33170.0731707317
1570520.4910304432,5286258.555719493,32682.29268292683,5.804910650533496,1570224.6974247051,5285828.296985787,32194.51219512195,1570570.464965443,5286778.285496344,32194.51219512195,1570816.2846361813,5286688.814453198,33170.0731707317,1570470.517095444,5285738.825942641,33170.0731707317
1570866.258571181,5287208.544230049,32682.29268292683,4.850253444817936,1570570.464965443,5286778.285496344,32194.51219512195,1570916.2325061802,5287728.2740069,32194.51219512195,1571162.0521769186,5287638.802963754,33170.0731707317,1570816.2846361813,5286688.814453198,33170.0731707317
1571212.026111918,5288158.532740606,32682.29268292683,4.855395381800887,1570916.2325061802,5287728.2740069,32194.51219512195,1571262.0000469177,5288678.262517457,32194.51219512195,1571507.8197176564,5288588.791474311,33170.0731707317,1571162.0521769186,5287638.802963754,33170.0731707317
1571557.7936526556,5289108.5212511625,32682.29268292683,4.529620084139234,1571262.0000469177,5288678.262517457,32194.51219512195,1571607.7675876552,5289628.251028013,32194.51219512195,1571853.5872583936,5289538.779984867,33170.0731707317,1571507.8197176564,5288588.791474311,33170.0731707317
1571903.5611933933,5290058.509761718,32682.29268292683,4.580320998957931,1571607.7675876552,5289628.251028013,32194.51219512195,1571953.5351283925,5290578.23953857,32194.51219512195,1572199.3547991312,5290488.768495424,33170.0731707317,1571853.5872583936,5289538.779984867,33170.0731707317
1572249.3287341308,5291008.498272275,32682.29268292683,3.897168634009666,1571953.5351283925,5290578.23953857,32194.51219512195,1572299.3026691303,5291528.228049126,32194.51219512195,1572545.1223398687,5291438.75700598,33170.0731707317,1572199.3547991312,5290488.768495424,33170.0731707317
1572595.096274868,5291958.486782832,32682.29268292683,2.9684264188694534,1572299.3026691303,5291528.228049126,32194.51219512195,1572645.0702098676,5292478.216559683,32194.51219512195,1572890.8898806062,5292388.745516537,33170.0731707317,1572545.1223398687,5291438.75700598,33170.0731707317
1572940.8638156056,5292908.475293388,32682.29268292683,3.4263888928184194,1572645.0702098676,5292478.216559683,32194.51219512195,1572990.8377506048,5293428.2050702395,32194.51219512195,1573236.6574213435,5293338.734027093,33170.0731707317,1572890.8898806062,5292388.745516537,33170.0731707317
1573286.631356343,5293858.463803945,32682.29268292683,3.2987684438734237,1572990.8377506048,5293428.2050702395,32194.51219512195,1573336.6052913426,5294378.193580796,32194.51219512195,1573582.424962081,5294288.72253765,33170.0731707317,1573236.6574213435,5293338.734027093,33170.0731707317
1573632.3988970804,5294808.452314501,32682.29268292683,3.1884511968969407,1573336.6052913426,5294378.193580796,32194.51219512195,1573682.37283208,5295328.1820913525,32194.51219512195,1573928.1925028185,5295238.711048206,33170.0731707317,1573582.424962081,5294288.72253765,33170.0731707317
1573978.166437818,5295758.440825058,32682.29268292683,3.723361002225401,1573682.37283208,5295328.1820913525,32194.51219512195,1574028.1403728172,5296278.170601909,32194.51219512195,1574273.9600435558,5296188.699558763,33170.0731707317,1573928.1925028185,5295238.711048206,33170.0731707317
1574323.9339785555,5296708.429335615,32682.29268292683,2.8447553611887857,1574028.1403728172,5296278.170601909,32194.51219512195,1574373.907913555,5297228.159112466,32194.51219512195,1574619.7275842936,5297138.688069319,33170.0731707317,1574273.9600435558,5296188.699558763,33170.0731707317
1574669.7015192925,5297658.41784617,32682.29268292683,1.0070131102671986,1574373.907913555,5297228.159112466,32194.51219512195,1574719.6754542922,5298178.147623022,32194.51219512195,1574965.4951250309,5298088.676579876,33170.0731707317,1574619.7275842936,5297138.688069319,33170.0731707317
1575015.4690600303,5298608.406356727,32682.29268292683,0.5578954024990033,1574719.6754542922,5298178.147623022,32194.51219512195,1575065.4429950295,5299128.136133579,32194.51219512195,1575311.2626657682,5299038.665090432,33170.0731707317,1574965.4951250309,5298088.676579876,33170.0731707317
1575361.2366007676,5299558.394867284,32682.29268292683,0.24964117273490824,1575065.4429950295,5299128.136133579,32194.51219512195,1575411.2105357673,5300078.124644135,32194.51219512195,1575657.0302065057,5299988.653600989,33170.0731707317,1575311.2626657682,5299038.665090432,33170.0731707317
1575707.004141505,5300508.38337784,32682.29268292683,0.12693501557036754,1575411.2105357673,5300078.124644135,32194.51219512195,1575756.9780765045,5301028.113154692,32194.51219512195,1576002.7977472432,5300938.642111545,33170.0731707317,1575657.0302065057,5299988.653600989,33170.0731707317
1576052.7716822426,5301458.371888397,32682.29268292683,0.08548891688620366,1575756.9780765045,5301028.113154692,32194.51219512195,1576102.745617242,5301978.101665248,32194.51219512195,1576348.5652879805,5301888.630622102,33170.0731707317,1576002.7977472432,5300938.642111545,33170.0731707317
1576398.5392229802,5302408.360398953,32682.29268292683,0.19348824323090455,1576102.745617242,5301978.101665248,32194.51219512195,1576448.5131579796,5302928.090175804,32194.51219512195,1576694.332828718,5302838.6191326585,33170.0731707317,1576348.5652879805,5301888.630622102,33170.0731707317
1576744.3067637172,5303358.348909509,32682.29268292683,0.12286919318294637,1576448.5131579796,5302928.090175804,32194.51219512195,1576794.2806987169,5303878.078686361,32194.51219512195,1577040.1003694555,5303788.607643215,33170.0731707317,1576694.332828718,5302838.6191326585,33170.0731707317
1577090.074304455,5304308.337420067,32682.29268292683,0.0743230854403858,1576794.2806987169,5303878.078686361,32194.51219512195,1577140.0482394544,5304828.067196918,32194.51219512195,1577385.8679101928,5304738.5961537715,33170.0731707317,1577040.1003694555,5303788.607643215,33170.0731707317
1577435.8418451925,5305258.325930622,32682.29268292683,0.1595312159690058,1577140.0482394544,5304828.067196918,32194.51219512195,1577485.815780192,5305778.055707474,32194.51219512195,1577731.6354509306,5305688.584664328,33170.0731707317,1577385.8679101928,5304738.5961537715,33170.0731707317
1577781.6093859298,5306208.314441179,32682.29268292683,0.3346674425956009,1577485.815780192,5305778.055707474,32194.51219512195,1577831.5833209294,5306728.044218031,32194.51219512195,1578077.4029916679,5306638.573174885,33170.0731707317,1577731.6354509306,5305688.584664328,33170.0731707317
1578127.3769266673,5307158.302951736,32682.29268292683,0.4053224633196074,1577831.5833209294,5306728.044218031,32194.51219512195,1578177.3508616667,5307678.032728587,32194.51219512195,1578423.1705324054,5307588.561685441,33170.0731707317,1578077.4029916679,5306638.573174885,33170.0731707317
1578473.1444674048,5308108.291462292,32682.29268292683,1.2026835007932317,1578177.3508616667,5307678.032728587,32194.51219512195,1578523.1184024042,5308628.021239143,32194.51219512195,1578768.938073143,5308538.550195998,33170.0731707317,1578423.1705324054,5307588.561685441,33170.0731707317
1578818.912008142,5309058.279972849,32682.29268292683,2.490958196488193,1578523.1184024042,5308628.021239143,32194.51219512195,1578868.8859431418,5309578.0097497,32194.51219512195,1579114.7056138802,5309488.538706554,33170.0731707317,1578768.938073143,5308538.550195998,33170.0731707317
1579164.6795488796,5310008.268483405,32682.29268292683,2.870287012695813,1578868.8859431418,5309578.0097497,32194.51219512195,1579214.653483879,5310527.998260257,32194.51219512195,1579460.473154618,5310438.527217111,33170.0731707317,1579114.7056138802,5309488.538706554,33170.0731707317
1579510.4470896171,5310958.256993962,32682.29268292683,3.266382734983578,1579214.653483879,5310527.998260257,32194.51219512195,1579560.4210246166,5311477.986770813,32194.51219512195,1579806.2406953552,5311388.515727667,33170.0731707317,1579460.473154618,5310438.527217111,33170.0731707317
1579856.2146303544,5311908.245504519,32682.29268292683,2.062899218246951,1579560.4210246166,5311477.986770813,32194.51219512195,1579906.188565354,5312427.97528137,32194.51219512195,1580152.0082360927,5312338.504238224,33170.0731707317,1579806.2406953552,5311388.515727667,33170.0731707317
1580201.9821710922,5312858.234015075,32682.29268292683,1.5334254962294809,1579906.188565354,5312427.97528137,32194.51219512195,1580251.9561060914,5313377.963791926,32194.51219512195,1580497.7757768303,5313288.49274878,33170.0731707317,1580152.0082360927,5312338.504238224,33170.0731707317
1580547.7497118295,5313808.222525631,32682.29268292683,1.6869608102792084,1580251.9561060914,5313377.963791926,32194.51219512195,1580597.723646829,5314327.952302482,32194.51219512195,1580843.5433175676,5314238.481259337,33170.0731707317,1580497.7757768303,5313288.49274878,33170.0731707317
1580893.517252567,5314758.211036188,32682.29268292683,2.0237845655564572,1580597.723646829,5314327.952302482,32194.51219512195,1580943.4911875664,5315277.940813039,32194.51219512195,1581189.310858305,5315188.469769893,33170.0731707317,1580843.5433175676,5314238.481259337,33170.0731707317
1581239.2847933045,5315708.199546744,32682.29268292683,1.4736943867868677,1580943.4911875664,5315277.940813039,32194.51219512195,1581289.2587283037,5316227.929323596,32194.51219512195,1581535.0783990426,5316138.45828045,33170.0731707317,1581189.310858305,5315188.469769893,33170.0731707317
1581585.0523340418,5316658.188057302,32682.29268292683,1.0569837017720694,1581289.2587283037,5316227.929323596,32194.51219512195,1581635.0262690415,5317177.9178341525,32194.51219512195,1581880.84593978,5317088.446791006,33170.0731707317,1581535.0783990426,5316138.45828045,33170.0731707317
1581930.8198747796,5317608.176567857,32682.29268292683,1.640435842602402,1581635.0262690415,5317177.9178341525,32194.51219512195,1581980.7938097788,5318127.906344708,32194.51219512195,1582226.6134805174,5318038.435301563,33170.0731707317,1581880.84593978,5317088.446791006,33170.0731707317
1582276.5874155168,5318558.165078414,32682.29268292683,2.063440624913663,1581980.7938097788,5318127.906344708,32194.51219512195,1582326.561350516,5319077.8948552655,32194.51219512195,1582572.381021255,5318988.423812119,33170.0731707317,1582226.6134805174,5318038.435301563,33170.0731707317
1582622.3549562541,5319508.15358897,32682.29268292683,2.618563443847829,1582326.561350516,5319077.8948552655,32194.51219512195,1582672.3288912538,5320027.883365821,32194.51219512195,1582918.1485619922,5319938.412322676,33170.0731707317,1582572.381021255,5318988.423812119,33170.0731707317
1582968.122496992,5320458.142099527,32682.29268292683,2.7939105972982734,1582672.3288912538,5320027.883365821,32194.51219512195,1583018.096431991,5320977.871876379,32194.51219512195,1583263.9161027297,5320888.400833232,33170.0731707317,1582918.1485619922,5319938.412322676,33170.0731707317
1583313.8900377292,5321408.130610083,32682.29268292683,3.0984851673887337,1583018.096431991,5320977.871876379,32194.51219512195,1583363.8639727286,5321927.860386935,32194.51219512195,1583609.6836434673,5321838.389343789,33170.0731707317,1583263.9161027297,5320888.400833232,33170.0731707317
1583659.6575784665,5322358.119120641,32682.29268292683,3.3386699965769164,1583363.8639727286,5321927.860386935,32194.51219512195,1583709.6315134661,5322877.848897492,32194.51219512195,1583955.4511842045,5322788.377854345,33170.0731707317,1583609.6836434673,5321838.389343789,33170.0731707317
1584005.4251192042,5323308.107631196,32682.29268292683,3.541071898100109,1583709.6315134661,5322877.848897492,32194.51219512195,1584055.3990542034,5323827.837408047,32194.51219512195,1584301.218724942,5323738.366364902,33170.0731707317,1583955.4511842045,5322788.377854345,33170.0731707317
1584351.1926599417,5324258.096141754,32682.29268292683,4.147665840222626,1584055.3990542034,5323827.837408047,32194.51219512195,1584401.1665949412,5324777.825918605,32194.51219512195,1584646.9862656796,5324688.354875458,33170.0731707317,1584301.218724942,5323738.366364902,33170.0731707317
1584696.9602006788,5325208.084652309,32682.29268292683,3.6384782684148265,1584401.1665949412,5324777.825918605,32194.51219512195,1584746.9341356785,5325727.81442916,32194.51219512195,1584992.753806417,5325638.343386015,33170.0731707317,1584646.9862656796,5324688.354875458,33170.0731707317
1585042.7277414165,5326158.073162866,32682.29268292683,1.2292229282936347,1584746.9341356785,5325727.81442916,32194.51219512195,1585092.7016764157,5326677.802939718,32194.51219512195,1585338.5213471544,5326588.331896571,33170.0731707317,1584992.753806417,5325638.343386015,33170.0731707317
1585388.4952821538,5327108.061673422,32682.29268292683,0.6397912112326729,1585092.7016764157,5326677.802939718,32194.51219512195,1585438.4692171535,5327627.791450273,32194.51219512195,1585684.288887892,5327538.320407128,33170.0731707317,1585338.5213471544,5326588.331896571,33170.0731707317
1585734.2628228914,5328058.050183979,32682.29268292683,0.4325994337668522,1585438.4692171535,5327627.791450273,32194.51219512195,1585784.2367578908,5328577.779960831,32194.51219512195,1586030.0564286294,5328488.3089176845,33170.0731707317,1585684.288887892,5327538.320407128,33170.0731707317
1586080.0303636289,5329008.038694535,32682.29268292683,0.4963122295526682,1585784.2367578908,5328577.779960831,32194.51219512195,1586130.004298628,5329527.768471386,32194.51219512195,1586375.8239693667,5329438.297428241,33170.0731707317,1586030.0564286294,5328488.3089176845,33170.0731707317
1586425.7979043664,5329958.027205092,32682.29268292683,0.3674746174650609,1586130.004298628,5329527.768471386,32194.51219512195,1586475.7718393658,5330477.756981944,32194.51219512195,1586721.5915101045,5330388.2859387975,33170.0731707317,1586375.8239693667,5329438.297428241,33170.0731707317
1586771.5654451034,5330908.015715648,32682.29268292683,0.28883982452238477,1586475.7718393658,5330477.756981944,32194.51219512195,1586821.5393801031,5331427.745492499,32194.51219512195,1587067.3590508418,5331338.274449354,33170.0731707317,1586721.5915101045,5330388.2859387975,33170.0731707317
1587117.3329858412,5331858.004226206,32682.29268292683,0.18988155222722508,1586821.5393801031,5331427.745492499,32194.51219512195,1587167.3069208406,5332377.734003057,32194.51219512195,1587413.126591579,5332288.262959911,33170.0731707317,1587067.3590508418,5331338.274449354,33170.0731707317
1587463.1005265787,5332807.992736761,32682.29268292683,0.04328252380233625,1587167.3069208406,5332377.734003057,32194.51219512195,1587513.0744615782,5333327.722513612,32194.51219512195,1587758.8941323168,5333238.251470467,33170.0731707317,1587413.126591579,5332288.262959911,33170.0731707317
1587808.868067316,5333757.981247318,32682.29268292683,0.043180118693870645,1587513.0744615782,5333327.722513612,32194.51219512195,1587858.8420023154,5334277.71102417,32194.51219512195,1588104.661673054,5334188.239981024,33170.0731707317,1587758.8941323168,5333238.251470467,33170.0731707317
1588154.6356080535,5334707.9697578745,32682.29268292683,0.04062493397283532,1587858.8420023154,5334277.71102417,32194.51219512195,1588204.609543053,5335227.699534725,32194.51219512195,1588450.4292137914,5335138.22849158,33170.0731707317,1588104.661673054,5334188.239981024,33170.0731707317
1588500.403148791,5335657.958268431,32682.29268292683,0.010264271860573873,1588204.609543053,5335227.699534725,32194.51219512195,1588550.3770837905,5336177.688045283,32194.51219512195,1588796.1967545291,5336088.217002137,33170.0731707317,1588450.4292137914,5335138.22849158,33170.0731707317
1588846.1706895283,5336607.946778988,32682.29268292683,0.01579052342547583,1588550.3770837905,5336177.688045283,32194.51219512195,1588896.144624528,5337127.676555838,32194.51219512195,1589141.9642952664,5337038.205512693,33170.0731707317,1588796.1967545291,5336088.217002137,33170.0731707317
1568691.7054567575,5280469.153613007,33657.85365853658,3.7091671264903723,1568395.9118510194,5280038.894879302,33170.0731707317,1568741.6793917567,5280988.8833898585,33170.0731707317,1568987.499062496,5280899.412346712,34145.634146341465,1568641.7315217587,5279949.423836156,34145.634146341465
1569037.4729974952,5281419.142123564,33657.85365853658,2.0609577141834174,1568741.6793917567,5280988.8833898585,33170.0731707317,1569087.446932494,5281938.871900415,33170.0731707317,1569333.2666032335,5281849.400857269,34145.634146341465,1568987.499062496,5280899.412346712,34145.634146341465
1569383.2405382325,5282369.13063412,33657.85365853658,1.482960083512306,1569087.446932494,5281938.871900415,33170.0731707317,1569433.2144732317,5282888.860410972,33170.0731707317,1569679.034143971,5282799.389367825,34145.634146341465,1569333.2666032335,5281849.400857269,34145.634146341465
1569729.0080789698,5283319.119144677,33657.85365853658,1.9044271468938652,1569433.2144732317,5282888.860410972,33170.0731707317,1569778.982013969,5283838.848921528,33170.0731707317,1570024.8016847083,5283749.377878382,34145.634146341465,1569679.034143971,5282799.389367825,34145.634146341465
1570074.7756197075,5284269.107655233,33657.85365853658,2.6531957886065967,1569778.982013969,5283838.848921528,33170.0731707317,1570124.7495547063,5284788.837432085,33170.0731707317,1570370.5692254459,5284699.366388938,34145.634146341465,1570024.8016847083,5283749.377878382,34145.634146341465
1570420.543160445,5285219.09616579,33657.85365853658,3.706411316290819,1570124.7495547063,5284788.837432085,33170.0731707317,1570470.517095444,5285738.825942641,33170.0731707317,1570716.3367661834,5285649.354899495,34145.634146341465,1570370.5692254459,5284699.366388938,34145.634146341465
1570766.310701182,5286169.084676347,33657.85365853658,4.459457789194376,1570470.517095444,5285738.825942641,33170.0731707317,1570816.2846361813,5286688.814453198,33170.0731707317,1571062.104306921,5286599.343410051,34145.634146341465,1570716.3367661834,5285649.354899495,34145.634146341465
1571112.0782419199,5287119.073186902,33657.85365853658,4.800827982703591,1570816.2846361813,5286688.814453198,33170.0731707317,1571162.0521769186,5287638.802963754,33170.0731707317,1571407.8718476582,5287549.331920608,34145.634146341465,1571062.104306921,5286599.343410051,34145.634146341465
1571457.8457826572,5288069.061697459,33657.85365853658,5.649047804501325,1571162.0521769186,5287638.802963754,33170.0731707317,1571507.8197176564,5288588.791474311,33170.0731707317,1571753.6393883957,5288499.3204311645,34145.634146341465,1571407.8718476582,5287549.331920608,34145.634146341465
1571803.6133233947,5289019.050208016,33657.85365853658,4.980718879216572,1571507.8197176564,5288588.791474311,33170.0731707317,1571853.5872583936,5289538.779984867,33170.0731707317,1572099.4069291332,5289449.308941721,34145.634146341465,1571753.6393883957,5288499.3204311645,34145.634146341465
1572149.3808641322,5289969.038718572,33657.85365853658,3.208550339856266,1571853.5872583936,5289538.779984867,33170.0731707317,1572199.3547991312,5290488.768495424,33170.0731707317,1572445.1744698705,5290399.2974522775,34145.634146341465,1572099.4069291332,5289449.308941721,34145.634146341465
1572495.1484048697,5290919.027229129,33657.85365853658,3.3764292820778556,1572199.3547991312,5290488.768495424,33170.0731707317,1572545.1223398687,5291438.75700598,33170.0731707317,1572790.9420106083,5291349.285962834,34145.634146341465,1572445.1744698705,5290399.2974522775,34145.634146341465
1572840.915945607,5291869.015739685,33657.85365853658,2.597244286606428,1572545.1223398687,5291438.75700598,33170.0731707317,1572890.8898806062,5292388.745516537,33170.0731707317,1573136.7095513456,5292299.274473391,34145.634146341465,1572790.9420106083,5291349.285962834,34145.634146341465
1573186.6834863445,5292819.004250242,33657.85365853658,1.544126241081086,1572890.8898806062,5292388.745516537,33170.0731707317,1573236.6574213435,5293338.734027093,33170.0731707317,1573482.4770920828,5293249.262983947,34145.634146341465,1573136.7095513456,5292299.274473391,34145.634146341465
1573532.451027082,5293768.992760799,33657.85365853658,1.3411829438899412,1573236.6574213435,5293338.734027093,33170.0731707317,1573582.424962081,5294288.72253765,33170.0731707317,1573828.2446328206,5294199.251494504,34145.634146341465,1573482.4770920828,5293249.262983947,34145.634146341465
1573878.2185678193,5294718.9812713545,33657.85365853658,1.4213044519019509,1573582.424962081,5294288.72253765,33170.0731707317,1573928.1925028185,5295238.711048206,33170.0731707317,1574174.012173558,5295149.24000506,34145.634146341465,1573828.2446328206,5294199.251494504,34145.634146341465
1574223.9861085569,5295668.969781911,33657.85365853658,1.9311763838463871,1573928.1925028185,5295238.711048206,33170.0731707317,1574273.9600435558,5296188.699558763,33170.0731707317,1574519.7797142952,5296099.228515617,34145.634146341465,1574174.012173558,5295149.24000506,34145.634146341465
1574569.7536492944,5296618.958292468,33657.85365853658,1.5914397281935764,1574273.9600435558,5296188.699558763,33170.0731707317,1574619.7275842936,5297138.688069319,33170.0731707317,1574865.547255033,5297049.217026173,34145.634146341465,1574519.7797142952,5296099.228515617,34145.634146341465
1574915.521190032,5297568.946803024,33657.85365853658,0.6019300039564888,1574619.7275842936,5297138.688069319,33170.0731707317,1574965.4951250309,5298088.676579876,33170.0731707317,1575211.3147957702,5297999.20553673,34145.634146341465,1574865.547255033,5297049.217026173,34145.634146341465
1575261.2887307692,5298518.9353135815,33657.85365853658,0.49466303089311014,1574965.4951250309,5298088.676579876,33170.0731707317,1575311.2626657682,5299038.665090432,33170.0731707317,1575557.0823365075,5298949.194047286,34145.634146341465,1575211.3147957702,5297999.20553673,34145.634146341465
1575607.0562715067,5299468.923824137,33657.85365853658,0.2504789414099855,1575311.2626657682,5299038.665090432,33170.0731707317,1575657.0302065057,5299988.653600989,33170.0731707317,1575902.8498772453,5299899.182557843,34145.634146341465,1575557.0823365075,5298949.194047286,34145.634146341465
1575952.823812244,5300418.9123346945,33657.85365853658,0.12903373370811777,1575657.0302065057,5299988.653600989,33170.0731707317,1576002.7977472432,5300938.642111545,33170.0731707317,1576248.6174179825,5300849.171068399,34145.634146341465,1575902.8498772453,5299899.182557843,34145.634146341465
1576298.5913529815,5301368.900845251,33657.85365853658,0.03591390656743965,1576002.7977472432,5300938.642111545,33170.0731707317,1576348.5652879805,5301888.630622102,33170.0731707317,1576594.3849587203,5301799.159578956,34145.634146341465,1576248.6174179825,5300849.171068399,34145.634146341465
1576644.358893719,5302318.889355807,33657.85365853658,0.007162335886065993,1576348.5652879805,5301888.630622102,33170.0731707317,1576694.332828718,5302838.6191326585,33170.0731707317,1576940.1524994576,5302749.148089512,34145.634146341465,1576594.3849587203,5301799.159578956,34145.634146341465
1576990.1264344566,5303268.877866363,33657.85365853658,0.04288053366001925,1576694.332828718,5302838.6191326585,33170.0731707317,1577040.1003694555,5303788.607643215,33170.0731707317,1577285.9200401949,5303699.136600069,34145.634146341465,1576940.1524994576,5302749.148089512,34145.634146341465
1577335.8939751938,5304218.866376921,33657.85365853658,0.10767575055161104,1577040.1003694555,5303788.607643215,33170.0731707317,1577385.8679101928,5304738.5961537715,33170.0731707317,1577631.6875809326,5304649.125110625,34145.634146341465,1577285.9200401949,5303699.136600069,34145.634146341465
1577681.6615159314,5305168.854887476,33657.85365853658,0.40065399161434506,1577385.8679101928,5304738.5961537715,33170.0731707317,1577731.6354509306,5305688.584664328,33170.0731707317,1577977.45512167,5305599.113621182,34145.634146341465,1577631.6875809326,5304649.125110625,34145.634146341465
1578027.4290566691,5306118.843398034,33657.85365853658,0.8551769046461597,1577731.6354509306,5305688.584664328,33170.0731707317,1578077.4029916679,5306638.573174885,33170.0731707317,1578323.2226624074,5306549.102131738,34145.634146341465,1577977.45512167,5305599.113621182,34145.634146341465
1578373.1965974064,5307068.831908589,33657.85365853658,1.0657721860529439,1578077.4029916679,5306638.573174885,33170.0731707317,1578423.1705324054,5307588.561685441,33170.0731707317,1578668.990203145,5307499.090642295,34145.634146341465,1578323.2226624074,5306549.102131738,34145.634146341465
1578718.9641381437,5308018.820419147,33657.85365853658,0.7739408598376973,1578423.1705324054,5307588.561685441,33170.0731707317,1578768.938073143,5308538.550195998,33170.0731707317,1579014.7577438822,5308449.079152851,34145.634146341465,1578668.990203145,5307499.090642295,34145.634146341465
1579064.7316788814,5308968.808929703,33657.85365853658,2.243887422558444,1578768.938073143,5308538.550195998,33170.0731707317,1579114.7056138802,5309488.538706554,33170.0731707317,1579360.5252846198,5309399.067663408,34145.634146341465,1579014.7577438822,5308449.079152851,34145.634146341465
1579410.4992196187,5309918.797440259,33657.85365853658,2.381572312991605,1579114.7056138802,5309488.538706554,33170.0731707317,1579460.473154618,5310438.527217111,33170.0731707317,1579706.2928253573,5310349.056173964,34145.634146341465,1579360.5252846198,5309399.067663408,34145.634146341465
1579756.2667603563,5310868.785950815,33657.85365853658,2.4954804992043025,1579460.473154618,5310438.527217111,33170.0731707317,1579806.2406953552,5311388.515727667,33170.0731707317,1580052.0603660948,5311299.044684521,34145.634146341465,1579706.2928253573,5310349.056173964,34145.634146341465
1580102.0343010938,5311818.774461373,33657.85365853658,2.374023780576103,1579806.2406953552,5311388.515727667,33170.0731707317,1580152.0082360927,5312338.504238224,33170.0731707317,1580397.827906832,5312249.033195077,34145.634146341465,1580052.0603660948,5311299.044684521,34145.634146341465
1580447.8018418313,5312768.762971928,33657.85365853658,1.5936980595388823,1580152.0082360927,5312338.504238224,33170.0731707317,1580497.7757768303,5313288.49274878,33170.0731707317,1580743.5954475696,5313199.021705634,34145.634146341465,1580397.827906832,5312249.033195077,34145.634146341465
1580793.5693825684,5313718.751482486,33657.85365853658,1.78352245490922,1580497.7757768303,5313288.49274878,33170.0731707317,1580843.5433175676,5314238.481259337,33170.0731707317,1581089.3629883071,5314149.0102161905,34145.634146341465,1580743.5954475696,5313199.021705634,34145.634146341465
1581139.336923306,5314668.739993041,33657.85365853658,1.4701861460212104,1580843.5433175676,5314238.481259337,33170.0731707317,1581189.310858305,5315188.469769893,33170.0731707317,1581435.1305290444,5315098.998726747,34145.634146341465,1581089.3629883071,5314149.0102161905,34145.634146341465
1581485.1044640436,5315618.728503599,33657.85365853658,0.6265352395480317,1581189.310858305,5315188.469769893,33170.0731707317,1581535.0783990426,5316138.45828045,33170.0731707317,1581780.898069782,5316048.9872373035,34145.634146341465,1581435.1305290444,5315098.998726747,34145.634146341465
1581830.872004781,5316568.717014155,33657.85365853658,0.9537731325236434,1581535.0783990426,5316138.45828045,33170.0731707317,1581880.84593978,5317088.446791006,33170.0731707317,1582126.6656105195,5316998.97574786,34145.634146341465,1581780.898069782,5316048.9872373035,34145.634146341465
1582176.6395455184,5317518.705524711,33657.85365853658,0.8011147595148425,1581880.84593978,5317088.446791006,33170.0731707317,1582226.6134805174,5318038.435301563,33170.0731707317,1582472.4331512568,5317948.964258417,34145.634146341465,1582126.6656105195,5316998.97574786,34145.634146341465
1582522.407086256,5318468.694035267,33657.85365853658,1.1669288440150913,1582226.6134805174,5318038.435301563,33170.0731707317,1582572.381021255,5318988.423812119,33170.0731707317,1582818.2006919943,5318898.952768973,34145.634146341465,1582472.4331512568,5317948.964258417,34145.634146341465
1582868.174626993,5319418.682545825,33657.85365853658,1.789744459850889,1582572.381021255,5318988.423812119,33170.0731707317,1582918.1485619922,5319938.412322676,33170.0731707317,1583163.9682327318,5319848.94127953,34145.634146341465,1582818.2006919943,5318898.952768973,34145.634146341465
1583213.9421677308,5320368.6710563805,33657.85365853658,2.484623210933818,1582918.1485619922,5319938.412322676,33170.0731707317,1583263.9161027297,5320888.400833232,33170.0731707317,1583509.735773469,5320798.929790086,34145.634146341465,1583163.9682327318,5319848.94127953,34145.634146341465
1583559.7097084683,5321318.659566938,33657.85365853658,2.4898120109989477,1583263.9161027297,5320888.400833232,33170.0731707317,1583609.6836434673,5321838.389343789,33170.0731707317,1583855.5033142068,5321748.918300643,34145.634146341465,1583509.735773469,5320798.929790086,34145.634146341465
1583905.4772492056,5322268.6480774935,33657.85365853658,3.5776250505706106,1583609.6836434673,5321838.389343789,33170.0731707317,1583955.4511842045,5322788.377854345,33170.0731707317,1584201.2708549441,5322698.906811199,34145.634146341465,1583855.5033142068,5321748.918300643,34145.634146341465
1584251.244789943,5323218.636588051,33657.85365853658,3.7527807361884555,1583955.4511842045,5322788.377854345,33170.0731707317,1584301.218724942,5323738.366364902,33170.0731707317,1584547.0383956814,5323648.895321756,34145.634146341465,1584201.2708549441,5322698.906811199,34145.634146341465
1584597.0123306806,5324168.6250986075,33657.85365853658,2.8608368971023936,1584301.218724942,5323738.366364902,33170.0731707317,1584646.9862656796,5324688.354875458,33170.0731707317,1584892.8059364192,5324598.883832312,34145.634146341465,1584547.0383956814,5323648.895321756,34145.634146341465
1584942.779871418,5325118.613609163,33657.85365853658,1.6797342406565021,1584646.9862656796,5324688.354875458,33170.0731707317,1584992.753806417,5325638.343386015,33170.0731707317,1585238.5734771565,5325548.872342869,34145.634146341465,1584892.8059364192,5324598.883832312,34145.634146341465
1585288.5474121554,5326068.60211972,33657.85365853658,0.25535442187146035,1584992.753806417,5325638.343386015,33170.0731707317,1585338.5213471544,5326588.331896571,33170.0731707317,1585584.341017894,5326498.860853425,34145.634146341465,1585238.5734771565,5325548.872342869,34145.634146341465
1585634.314952893,5327018.590630277,33657.85365853658,0.1049927713744466,1585338.5213471544,5326588.331896571,33170.0731707317,1585684.288887892,5327538.320407128,33170.0731707317,1585930.1085586315,5327448.849363981,34145.634146341465,1585584.341017894,5326498.860853425,34145.634146341465
1585980.0824936302,5327968.579140833,33657.85365853658,0.3457603191148874,1585684.288887892,5327538.320407128,33170.0731707317,1586030.0564286294,5328488.3089176845,33170.0731707317,1586275.8760993688,5328398.837874538,34145.634146341465,1585930.1085586315,5327448.849363981,34145.634146341465
1586325.8500343678,5328918.56765139,33657.85365853658,0.3905760658159444,1586030.0564286294,5328488.3089176845,33170.0731707317,1586375.8239693667,5329438.297428241,33170.0731707317,1586621.6436401063,5329348.826385095,34145.634146341465,1586275.8760993688,5328398.837874538,34145.634146341465
1586671.6175751053,5329868.556161946,33657.85365853658,0.3524555470814626,1586375.8239693667,5329438.297428241,33170.0731707317,1586721.5915101045,5330388.2859387975,33170.0731707317,1586967.4111808438,5330298.814895651,34145.634146341465,1586621.6436401063,5329348.826385095,34145.634146341465
1587017.3851158428,5330818.544672503,33657.85365853658,0.43173092847486505,1586721.5915101045,5330388.2859387975,33170.0731707317,1587067.3590508418,5331338.274449354,33170.0731707317,1587313.1787215811,5331248.803406208,34145.634146341465,1586967.4111808438,5330298.814895651,34145.634146341465
1587363.15265658,5331768.53318306,33657.85365853658,0.20047956392865665,1587067.3590508418,5331338.274449354,33170.0731707317,1587413.126591579,5332288.262959911,33170.0731707317,1587658.9462623186,5332198.791916764,34145.634146341465,1587313.1787215811,5331248.803406208,34145.634146341465
1587708.9201973176,5332718.521693615,33657.85365853658,0.10413171253321171,1587413.126591579,5332288.262959911,33170.0731707317,1587758.8941323168,5333238.251470467,33170.0731707317,1588004.7138030562,5333148.78042732,34145.634146341465,1587658.9462623186,5332198.791916764,34145.634146341465
1588054.687738055,5333668.510204172,33657.85365853658,0.19818977859082565,1587758.8941323168,5333238.251470467,33170.0731707317,1588104.661673054,5334188.239981024,33170.0731707317,1588350.4813437934,5334098.768937877,34145.634146341465,1588004.7138030562,5333148.78042732,34145.634146341465
1588400.4552787924,5334618.498714729,33657.85365853658,0.022993931751493873,1588104.661673054,5334188.239981024,33170.0731707317,1588450.4292137914,5335138.22849158,33170.0731707317,1588696.2488845312,5335048.757448434,34145.634146341465,1588350.4813437934,5334098.768937877,34145.634146341465
1588746.22281953,5335568.487225285,33657.85365853658,0.003675701630594933,1588450.4292137914,5335138.22849158,33170.0731707317,1588796.1967545291,5336088.217002137,33170.0731707317,1589042.0164252685,5335998.74595899,34145.634146341465,1588696.2488845312,5335048.757448434,34145.634146341465
1589091.9903602675,5336518.475735842,33657.85365853658,0.004591364688814125,1588796.1967545291,5336088.217002137,33170.0731707317,1589141.9642952664,5337038.205512693,33170.0731707317,1589387.783966006,5336948.734469547,34145.634146341465,1589042.0164252685,5335998.74595899,34145.634146341465
1568937.5251274968,5280379.682569861,34633.41463414634,4.076690912868784,1568641.7315217587,5279949.423836156,34145.634146341465,1568987.499062496,5280899.412346712,34145.634146341465,1569233.3187332356,5280809.941303566,35121.19512195122,1568887.551192498,5279859.95279301,35121.19512195122
1569283.2926682346,5281329.671080417,34633.41463414634,2.803526664197499,1568987.499062496,5280899.412346712,34145.634146341465,1569333.2666032335,5281849.400857269,34145.634146341465,1569579.0862739729,5281759.929814123,35121.19512195122,1569233.3187332356,5280809.941303566,35121.19512195122
1569629.060208972,5282279.659590974,34633.41463414634,2.592909064267832,1569333.2666032335,5281849.400857269,34145.634146341465,1569679.034143971,5282799.389367825,34145.634146341465,1569924.8538147104,5282709.918324679,35121.19512195122,1569579.0862739729,5281759.929814123,35121.19512195122
1569974.8277497094,5283229.648101531,34633.41463414634,2.4624211297526126,1569679.034143971,5282799.389367825,34145.634146341465,1570024.8016847083,5283749.377878382,34145.634146341465,1570270.621355448,5283659.906835236,35121.19512195122,1569924.8538147104,5282709.918324679,35121.19512195122
1570320.595290447,5284179.636612087,34633.41463414634,2.2844342573672765,1570024.8016847083,5283749.377878382,34145.634146341465,1570370.5692254459,5284699.366388938,34145.634146341465,1570616.3888961852,5284609.895345792,35121.19512195122,1570270.621355448,5283659.906835236,35121.19512195122
1570666.3628311844,5285129.625122643,34633.41463414634,2.6798157485885814,1570370.5692254459,5284699.366388938,34145.634146341465,1570716.3367661834,5285649.354899495,34145.634146341465,1570962.156436923,5285559.883856349,35121.19512195122,1570616.3888961852,5284609.895345792,35121.19512195122
1571012.1303719217,5286079.6136332005,34633.41463414634,3.4079848519371647,1570716.3367661834,5285649.354899495,34145.634146341465,1571062.104306921,5286599.343410051,34145.634146341465,1571307.9239776602,5286509.872366905,35121.19512195122,1570962.156436923,5285559.883856349,35121.19512195122
1571357.8979126592,5287029.602143756,34633.41463414634,4.566792714289547,1571062.104306921,5286599.343410051,34145.634146341465,1571407.8718476582,5287549.331920608,34145.634146341465,1571653.6915183975,5287459.860877462,35121.19512195122,1571307.9239776602,5286509.872366905,35121.19512195122
1571703.6654533967,5287979.590654314,34633.41463414634,5.4175190100355,1571407.8718476582,5287549.331920608,34145.634146341465,1571753.6393883957,5288499.3204311645,34145.634146341465,1571999.4590591353,5288409.849388018,35121.19512195122,1571653.6915183975,5287459.860877462,35121.19512195122
1572049.432994134,5288929.579164869,34633.41463414634,4.2786250198649824,1571753.6393883957,5288499.3204311645,34145.634146341465,1572099.4069291332,5289449.308941721,34145.634146341465,1572345.2265998726,5289359.837898575,35121.19512195122,1571999.4590591353,5288409.849388018,35121.19512195122
1572395.2005348715,5289879.567675427,34633.41463414634,2.385856719845899,1572099.4069291332,5289449.308941721,34145.634146341465,1572445.1744698705,5290399.2974522775,34145.634146341465,1572690.99414061,5290309.826409131,35121.19512195122,1572345.2265998726,5289359.837898575,35121.19512195122
1572740.968075609,5290829.556185983,34633.41463414634,1.8352273430320807,1572445.1744698705,5290399.2974522775,34145.634146341465,1572790.9420106083,5291349.285962834,34145.634146341465,1573036.7616813476,5291259.814919688,35121.19512195122,1572690.99414061,5290309.826409131,35121.19512195122
1573086.7356163466,5291779.544696539,34633.41463414634,0.9164443677556134,1572790.9420106083,5291349.285962834,34145.634146341465,1573136.7095513456,5292299.274473391,34145.634146341465,1573382.529222085,5292209.803430244,35121.19512195122,1573036.7616813476,5291259.814919688,35121.19512195122
1573432.5031570839,5292729.533207095,34633.41463414634,0.5849586111680697,1573136.7095513456,5292299.274473391,34145.634146341465,1573482.4770920828,5293249.262983947,34145.634146341465,1573728.2967628224,5293159.791940801,35121.19512195122,1573382.529222085,5292209.803430244,35121.19512195122
1573778.2706978214,5293679.521717653,34633.41463414634,0.2877781209231894,1573482.4770920828,5293249.262983947,34145.634146341465,1573828.2446328206,5294199.251494504,34145.634146341465,1574074.06430356,5294109.780451357,35121.19512195122,1573728.2967628224,5293159.791940801,35121.19512195122
1574124.0382385587,5294629.510228208,34633.41463414634,1.0470113563552363,1573828.2446328206,5294199.251494504,34145.634146341465,1574174.012173558,5295149.24000506,34145.634146341465,1574419.8318442972,5295059.768961914,35121.19512195122,1574074.06430356,5294109.780451357,35121.19512195122
1574469.8057792962,5295579.498738766,34633.41463414634,1.192046207462732,1574174.012173558,5295149.24000506,34145.634146341465,1574519.7797142952,5296099.228515617,34145.634146341465,1574765.5993850348,5296009.75747247,35121.19512195122,1574419.8318442972,5295059.768961914,35121.19512195122
1574815.5733200337,5296529.487249321,34633.41463414634,1.3533181549828228,1574519.7797142952,5296099.228515617,34145.634146341465,1574865.547255033,5297049.217026173,34145.634146341465,1575111.3669257723,5296959.745983027,35121.19512195122,1574765.5993850348,5296009.75747247,35121.19512195122
1575161.3408607712,5297479.475759879,34633.41463414634,0.730088287733491,1574865.547255033,5297049.217026173,34145.634146341465,1575211.3147957702,5297999.20553673,34145.634146341465,1575457.1344665096,5297909.734493583,35121.19512195122,1575111.3669257723,5296959.745983027,35121.19512195122
1575507.1084015085,5298429.464270435,34633.41463414634,0.6805606616272473,1575211.3147957702,5297999.20553673,34145.634146341465,1575557.0823365075,5298949.194047286,34145.634146341465,1575802.9020072473,5298859.72300414,35121.19512195122,1575457.1344665096,5297909.734493583,35121.19512195122
1575852.875942246,5299379.452780991,34633.41463414634,0.3311856227700192,1575557.0823365075,5298949.194047286,34145.634146341465,1575902.8498772453,5299899.182557843,34145.634146341465,1576148.6695479846,5299809.7115146965,35121.19512195122,1575802.9020072473,5298859.72300414,35121.19512195122
1576198.6434829838,5300329.441291547,34633.41463414634,0.2452491785605512,1575902.8498772453,5299899.182557843,34145.634146341465,1576248.6174179825,5300849.171068399,34145.634146341465,1576494.4370887221,5300759.700025253,35121.19512195122,1576148.6695479846,5299809.7115146965,35121.19512195122
1576544.4110237213,5301279.429802105,34633.41463414634,0.06669665911468,1576248.6174179825,5300849.171068399,34145.634146341465,1576594.3849587203,5301799.159578956,34145.634146341465,1576840.2046294597,5301709.6885358095,35121.19512195122,1576494.4370887221,5300759.700025253,35121.19512195122
1576890.1785644584,5302229.41831266,34633.41463414634,0.032222011700319325,1576594.3849587203,5301799.159578956,34145.634146341465,1576940.1524994576,5302749.148089512,34145.634146341465,1577185.972170197,5302659.677046366,35121.19512195122,1576840.2046294597,5301709.6885358095,35121.19512195122
1577235.9461051961,5303179.406823218,34633.41463414634,0.11277757533459848,1576940.1524994576,5302749.148089512,34145.634146341465,1577285.9200401949,5303699.136600069,34145.634146341465,1577531.7397109345,5303609.665556923,35121.19512195122,1577185.972170197,5302659.677046366,35121.19512195122
1577581.7136459334,5304129.395333773,34633.41463414634,0.07681769975224949,1577285.9200401949,5303699.136600069,34145.634146341465,1577631.6875809326,5304649.125110625,34145.634146341465,1577877.507251672,5304559.654067479,35121.19512195122,1577531.7397109345,5303609.665556923,35121.19512195122
1577927.481186671,5305079.383844331,34633.41463414634,0.15875867168108884,1577631.6875809326,5304649.125110625,34145.634146341465,1577977.45512167,5305599.113621182,34145.634146341465,1578223.2747924095,5305509.642578036,35121.19512195122,1577877.507251672,5304559.654067479,35121.19512195122
1578273.2487274085,5306029.372354887,34633.41463414634,0.7002677536160635,1577977.45512167,5305599.113621182,34145.634146341465,1578323.2226624074,5306549.102131738,34145.634146341465,1578569.0423331468,5306459.631088592,35121.19512195122,1578223.2747924095,5305509.642578036,35121.19512195122
1578619.016268146,5306979.360865443,34633.41463414634,1.0407207007527775,1578323.2226624074,5306549.102131738,34145.634146341465,1578668.990203145,5307499.090642295,34145.634146341465,1578914.8098738843,5307409.619599148,35121.19512195122,1578569.0423331468,5306459.631088592,35121.19512195122
1578964.783808883,5307929.3493759995,34633.41463414634,0.8789515088257372,1578668.990203145,5307499.090642295,34145.634146341465,1579014.7577438822,5308449.079152851,34145.634146341465,1579260.5774146218,5308359.608109705,35121.19512195122,1578914.8098738843,5307409.619599148,35121.19512195122
1579310.5513496208,5308879.337886557,34633.41463414634,1.3887594594005324,1579014.7577438822,5308449.079152851,34145.634146341465,1579360.5252846198,5309399.067663408,34145.634146341465,1579606.3449553591,5309309.596620262,35121.19512195122,1579260.5774146218,5308359.608109705,35121.19512195122
1579656.3188903583,5309829.326397113,34633.41463414634,1.3341421429680647,1579360.5252846198,5309399.067663408,34145.634146341465,1579706.2928253573,5310349.056173964,34145.634146341465,1579952.1124960969,5310259.585130818,35121.19512195122,1579606.3449553591,5309309.596620262,35121.19512195122
1580002.0864310956,5310779.31490767,34633.41463414634,2.465409952417114,1579706.2928253573,5310349.056173964,34145.634146341465,1580052.0603660948,5311299.044684521,34145.634146341465,1580297.8800368342,5311209.573641375,35121.19512195122,1579952.1124960969,5310259.585130818,35121.19512195122
1580347.8539718331,5311729.303418226,34633.41463414634,2.299464973042004,1580052.0603660948,5311299.044684521,34145.634146341465,1580397.827906832,5312249.033195077,34145.634146341465,1580643.6475775714,5312159.562151931,35121.19512195122,1580297.8800368342,5311209.573641375,35121.19512195122
1580693.6215125707,5312679.291928783,34633.41463414634,1.4307027459111488,1580397.827906832,5312249.033195077,34145.634146341465,1580743.5954475696,5313199.021705634,34145.634146341465,1580989.415118309,5313109.550662488,35121.19512195122,1580643.6475775714,5312159.562151931,35121.19512195122
1581039.389053308,5313629.28043934,34633.41463414634,1.1729813027426765,1580743.5954475696,5313199.021705634,34145.634146341465,1581089.3629883071,5314149.0102161905,34145.634146341465,1581335.1826590465,5314059.539173044,35121.19512195122,1580989.415118309,5313109.550662488,35121.19512195122
1581385.1565940455,5314579.268949895,34633.41463414634,0.6750208576245561,1581089.3629883071,5314149.0102161905,34145.634146341465,1581435.1305290444,5315098.998726747,34145.634146341465,1581680.9501997838,5315009.527683601,35121.19512195122,1581335.1826590465,5314059.539173044,35121.19512195122
1581730.924134783,5315529.257460452,34633.41463414634,0.45071589875008666,1581435.1305290444,5315098.998726747,34145.634146341465,1581780.898069782,5316048.9872373035,34145.634146341465,1582026.7177405215,5315959.516194157,35121.19512195122,1581680.9501997838,5315009.527683601,35121.19512195122
1582076.6916755203,5316479.245971009,34633.41463414634,0.47203183384302727,1581780.898069782,5316048.9872373035,34145.634146341465,1582126.6656105195,5316998.97574786,34145.634146341465,1582372.4852812588,5316909.504704714,35121.19512195122,1582026.7177405215,5315959.516194157,35121.19512195122
1582422.4592162578,5317429.234481565,34633.41463414634,0.26812724212288863,1582126.6656105195,5316998.97574786,34145.634146341465,1582472.4331512568,5317948.964258417,34145.634146341465,1582718.252821996,5317859.49321527,35121.19512195122,1582372.4852812588,5316909.504704714,35121.19512195122
1582768.2267569953,5318379.222992122,34633.41463414634,0.6137558436174886,1582472.4331512568,5317948.964258417,34145.634146341465,1582818.2006919943,5318898.952768973,34145.634146341465,1583064.0203627339,5318809.481725827,35121.19512195122,1582718.252821996,5317859.49321527,35121.19512195122
1583113.9942977326,5319329.211502678,34633.41463414634,0.9353223511555753,1582818.2006919943,5318898.952768973,34145.634146341465,1583163.9682327318,5319848.94127953,34145.634146341465,1583409.7879034712,5319759.470236383,35121.19512195122,1583064.0203627339,5318809.481725827,35121.19512195122
1583459.7618384701,5320279.200013235,34633.41463414634,1.9427122881553283,1583163.9682327318,5319848.94127953,34145.634146341465,1583509.735773469,5320798.929790086,34145.634146341465,1583755.5554442087,5320709.45874694,35121.19512195122,1583409.7879034712,5319759.470236383,35121.19512195122
1583805.5293792076,5321229.188523792,34633.41463414634,2.5383923246447107,1583509.735773469,5320798.929790086,34145.634146341465,1583855.5033142068,5321748.918300643,34145.634146341465,1584101.3229849462,5321659.447257496,35121.19512195122,1583755.5554442087,5320709.45874694,35121.19512195122
1584151.296919945,5322179.177034347,34633.41463414634,2.497982747490595,1583855.5033142068,5321748.918300643,34145.634146341465,1584201.2708549441,5322698.906811199,34145.634146341465,1584447.0905256835,5322609.435768052,35121.19512195122,1584101.3229849462,5321659.447257496,35121.19512195122
1584497.0644606824,5323129.165544904,34633.41463414634,2.628121502227076,1584201.2708549441,5322698.906811199,34145.634146341465,1584547.0383956814,5323648.895321756,34145.634146341465,1584792.858066421,5323559.424278609,35121.19512195122,1584447.0905256835,5322609.435768052,35121.19512195122
1584842.83200142,5324079.154055461,34633.41463414634,1.8902808972880893,1584547.0383956814,5323648.895321756,34145.634146341465,1584892.8059364192,5324598.883832312,34145.634146341465,1585138.6256071585,5324509.412789166,35121.19512195122,1584792.858066421,5323559.424278609,35121.19512195122
1585188.5995421575,5325029.142566017,34633.41463414634,2.1634534623166353,1584892.8059364192,5324598.883832312,34145.634146341465,1585238.5734771565,5325548.872342869,34145.634146341465,1585484.393147896,5325459.4012997225,35121.19512195122,1585138.6256071585,5324509.412789166,35121.19512195122
1585534.367082895,5325979.131076574,34633.41463414634,0.5343994760615314,1585238.5734771565,5325548.872342869,34145.634146341465,1585584.341017894,5326498.860853425,34145.634146341465,1585830.1606886333,5326409.389810279,35121.19512195122,1585484.393147896,5325459.4012997225,35121.19512195122
1585880.1346236323,5326929.11958713,34633.41463414634,0.2538104748553634,1585584.341017894,5326498.860853425,34145.634146341465,1585930.1085586315,5327448.849363981,34145.634146341465,1586175.9282293709,5327359.3783208355,35121.19512195122,1585830.1606886333,5326409.389810279,35121.19512195122
1586225.9021643698,5327879.108097686,34633.41463414634,0.38276570142824273,1585930.1085586315,5327448.849363981,34145.634146341465,1586275.8760993688,5328398.837874538,34145.634146341465,1586521.6957701084,5328309.366831391,35121.19512195122,1586175.9282293709,5327359.3783208355,35121.19512195122
1586571.6697051076,5328829.096608244,34633.41463414634,0.6787073386410661,1586275.8760993688,5328398.837874538,34145.634146341465,1586621.6436401063,5329348.826385095,34145.634146341465,1586867.4633108457,5329259.355341949,35121.19512195122,1586521.6957701084,5328309.366831391,35121.19512195122
1586917.4372458446,5329779.0851187995,34633.41463414634,0.5528048982762576,1586621.6436401063,5329348.826385095,34145.634146341465,1586967.4111808438,5330298.814895651,34145.634146341465,1587213.2308515832,5330209.343852505,35121.19512195122,1586867.4633108457,5329259.355341949,35121.19512195122
1587263.2047865822,5330729.073629356,34633.41463414634,0.9025437826573838,1586967.4111808438,5330298.814895651,34145.634146341465,1587313.1787215811,5331248.803406208,34145.634146341465,1587558.9983923207,5331159.332363062,35121.19512195122,1587213.2308515832,5330209.343852505,35121.19512195122
1587608.9723273197,5331679.062139913,34633.41463414634,0.30478635411946675,1587313.1787215811,5331248.803406208,34145.634146341465,1587658.9462623186,5332198.791916764,34145.634146341465,1587904.7659330582,5332109.320873618,35121.19512195122,1587558.9983923207,5331159.332363062,35121.19512195122
1587954.739868057,5332629.050650469,34633.41463414634,0.12747462023916611,1587658.9462623186,5332198.791916764,34145.634146341465,1588004.7138030562,5333148.78042732,34145.634146341465,1588250.5334737955,5333059.309384175,35121.19512195122,1587904.7659330582,5332109.320873618,35121.19512195122
1588300.5074087947,5333579.0391610265,34633.41463414634,0.053963411417628504,1588004.7138030562,5333148.78042732,34145.634146341465,1588350.4813437934,5334098.768937877,34145.634146341465,1588596.301014533,5334009.29789473,35121.19512195122,1588250.5334737955,5333059.309384175,35121.19512195122
1588646.2749495322,5334529.027671582,34633.41463414634,0.020198759531990025,1588350.4813437934,5334098.768937877,34145.634146341465,1588696.2488845312,5335048.757448434,34145.634146341465,1588942.0685552706,5334959.286405288,35121.19512195122,1588596.301014533,5334009.29789473,35121.19512195122
1588992.0424902693,5335479.0161821395,34633.41463414634,0.004976055498365787,1588696.2488845312,5335048.757448434,34145.634146341465,1589042.0164252685,5335998.74595899,34145.634146341465,1589287.836096008,5335909.274915844,35121.19512195122,1588942.0685552706,5334959.286405288,35121.19512195122
1589337.810031007,5336429.004692696,34633.41463414634,0.02782000305780005,1589042.0164252685,5335998.74595899,34145.634146341465,1589387.783966006,5336948.734469547,34145.634146341465,1589633.6036367454,5336859.263426401,35121.19512195122,1589287.836096008,5335909.274915844,35121.19512195122
1569183.344798236,5280290.211526715,35608.975609756104,4.177614281470151,1568887.551192498,5279859.95279301,35121.19512195122,1569233.3187332356,5280809.941303566,35121.19512195122,1569479.1384039742,5280720.470260421,36096.756097560974,1569133.3708632367,5279770.481749863,36096.756097560974
1569529.1123389737,5281240.200037272,35608.975609756104,3.7569026582567413,1569233.3187332356,5280809.941303566,35121.19512195122,1569579.0862739729,5281759.929814123,35121.19512195122,1569824.9059447115,5281670.458770976,36096.756097560974,1569479.1384039742,5280720.470260421,36096.756097560974
1569874.879879711,5282190.188547827,35608.975609756104,2.45593007928896,1569579.0862739729,5281759.929814123,35121.19512195122,1569924.8538147104,5282709.918324679,35121.19512195122,1570170.673485449,5282620.447281533,36096.756097560974,1569824.9059447115,5281670.458770976,36096.756097560974
1570220.6474204483,5283140.177058385,35608.975609756104,1.148359355816622,1569924.8538147104,5282709.918324679,35121.19512195122,1570270.621355448,5283659.906835236,35121.19512195122,1570516.4410261866,5283570.435792089,36096.756097560974,1570170.673485449,5282620.447281533,36096.756097560974
1570566.414961186,5284090.16556894,35608.975609756104,1.0376054208026477,1570270.621355448,5283659.906835236,35121.19512195122,1570616.3888961852,5284609.895345792,35121.19512195122,1570862.208566924,5284520.424302646,36096.756097560974,1570516.4410261866,5283570.435792089,36096.756097560974
1570912.1825019233,5285040.154079498,35608.975609756104,1.2216596756252476,1570616.3888961852,5284609.895345792,35121.19512195122,1570962.156436923,5285559.883856349,35121.19512195122,1571207.9761076614,5285470.4128132025,36096.756097560974,1570862.208566924,5284520.424302646,36096.756097560974
1571257.9500426608,5285990.142590053,35608.975609756104,2.4036491258630535,1570962.156436923,5285559.883856349,35121.19512195122,1571307.9239776602,5286509.872366905,35121.19512195122,1571553.743648399,5286420.40132376,36096.756097560974,1571207.9761076614,5285470.4128132025,36096.756097560974
1571603.7175833983,5286940.131100611,35608.975609756104,3.103728899172445,1571307.9239776602,5286509.872366905,35121.19512195122,1571653.6915183975,5287459.860877462,35121.19512195122,1571899.5111891364,5287370.3898343155,36096.756097560974,1571553.743648399,5286420.40132376,36096.756097560974
1571949.4851241356,5287890.119611167,35608.975609756104,3.867012219396178,1571653.6915183975,5287459.860877462,35121.19512195122,1571999.4590591353,5288409.849388018,35121.19512195122,1572245.2787298737,5288320.378344872,36096.756097560974,1571899.5111891364,5287370.3898343155,36096.756097560974
1572295.2526648734,5288840.108121723,35608.975609756104,4.994460368384305,1571999.4590591353,5288409.849388018,35121.19512195122,1572345.2265998726,5289359.837898575,35121.19512195122,1572591.0462706112,5289270.366855429,36096.756097560974,1572245.2787298737,5288320.378344872,36096.756097560974
1572641.0202056107,5289790.096632279,35608.975609756104,2.6116274867787093,1572345.2265998726,5289359.837898575,35121.19512195122,1572690.99414061,5290309.826409131,35121.19512195122,1572936.8138113488,5290220.355365985,36096.756097560974,1572591.0462706112,5289270.366855429,36096.756097560974
1572986.7877463482,5290740.085142837,35608.975609756104,1.6264695971796237,1572690.99414061,5290309.826409131,35121.19512195122,1573036.7616813476,5291259.814919688,35121.19512195122,1573282.5813520863,5291170.343876542,36096.756097560974,1572936.8138113488,5290220.355365985,36096.756097560974
1573332.5552870857,5291690.0736533925,35608.975609756104,1.8515500405374592,1573036.7616813476,5291259.814919688,35121.19512195122,1573382.529222085,5292209.803430244,35121.19512195122,1573628.3488928236,5292120.332387099,36096.756097560974,1573282.5813520863,5291170.343876542,36096.756097560974
1573678.3228278232,5292640.06216395,35608.975609756104,1.7686426416786483,1573382.529222085,5292209.803430244,35121.19512195122,1573728.2967628224,5293159.791940801,35121.19512195122,1573974.116433561,5293070.320897655,36096.756097560974,1573628.3488928236,5292120.332387099,36096.756097560974
1574024.0903685603,5293590.0506745055,35608.975609756104,0.6987948817917374,1573728.2967628224,5293159.791940801,35121.19512195122,1574074.06430356,5294109.780451357,35121.19512195122,1574319.8839742986,5294020.309408211,36096.756097560974,1573974.116433561,5293070.320897655,36096.756097560974
1574369.857909298,5294540.039185063,35608.975609756104,0.6652906344181062,1574074.06430356,5294109.780451357,35121.19512195122,1574419.8318442972,5295059.768961914,35121.19512195122,1574665.651515036,5294970.297918768,36096.756097560974,1574319.8839742986,5294020.309408211,36096.756097560974
1574715.6254500356,5295490.0276956195,35608.975609756104,0.39191042820129696,1574419.8318442972,5295059.768961914,35121.19512195122,1574765.5993850348,5296009.75747247,35121.19512195122,1575011.4190557736,5295920.286429324,36096.756097560974,1574665.651515036,5294970.297918768,36096.756097560974
1575061.3929907728,5296440.016206175,35608.975609756104,0.5627438509028282,1574765.5993850348,5296009.75747247,35121.19512195122,1575111.3669257723,5296959.745983027,35121.19512195122,1575357.186596511,5296870.274939881,36096.756097560974,1575011.4190557736,5295920.286429324,36096.756097560974
1575407.1605315104,5297390.004716732,35608.975609756104,0.2666976792542892,1575111.3669257723,5296959.745983027,35121.19512195122,1575457.1344665096,5297909.734493583,35121.19512195122,1575702.9541372482,5297820.263450437,36096.756097560974,1575357.186596511,5296870.274939881,36096.756097560974
1575752.928072248,5298339.993227289,35608.975609756104,0.19191087848843405,1575457.1344665096,5297909.734493583,35121.19512195122,1575802.9020072473,5298859.72300414,35121.19512195122,1576048.721677986,5298770.251960994,36096.756097560974,1575702.9541372482,5297820.263450437,36096.756097560974
1576098.695612985,5299289.981737845,35608.975609756104,0.14992791678183018,1575802.9020072473,5298859.72300414,35121.19512195122,1576148.6695479846,5299809.7115146965,35121.19512195122,1576394.4892187233,5299720.24047155,36096.756097560974,1576048.721677986,5298770.251960994,36096.756097560974
1576444.4631537227,5300239.970248402,35608.975609756104,0.07227606327409303,1576148.6695479846,5299809.7115146965,35121.19512195122,1576494.4370887221,5300759.700025253,35121.19512195122,1576740.2567594605,5300670.228982107,36096.756097560974,1576394.4892187233,5299720.24047155,36096.756097560974
1576790.2306944602,5301189.958758958,35608.975609756104,0.05720577700928414,1576494.4370887221,5300759.700025253,35121.19512195122,1576840.2046294597,5301709.6885358095,35121.19512195122,1577086.0243001983,5301620.217492663,36096.756097560974,1576740.2567594605,5300670.228982107,36096.756097560974
1577135.9982351975,5302139.947269515,35608.975609756104,0.05857687739935241,1576840.2046294597,5301709.6885358095,35121.19512195122,1577185.972170197,5302659.677046366,35121.19512195122,1577431.7918409356,5302570.20600322,36096.756097560974,1577086.0243001983,5301620.217492663,36096.756097560974
1577481.765775935,5303089.935780072,35608.975609756104,0.14643935481404546,1577185.972170197,5302659.677046366,35121.19512195122,1577531.7397109345,5303609.665556923,35121.19512195122,1577777.5593816729,5303520.194513776,36096.756097560974,1577431.7918409356,5302570.20600322,36096.756097560974
1577827.5333166725,5304039.924290627,35608.975609756104,0.07113166476168035,1577531.7397109345,5303609.665556923,35121.19512195122,1577877.507251672,5304559.654067479,35121.19512195122,1578123.3269224106,5304470.183024333,36096.756097560974,1577777.5593816729,5303520.194513776,36096.756097560974
1578173.3008574098,5304989.912801184,35608.975609756104,0.2487868367540622,1577877.507251672,5304559.654067479,35121.19512195122,1578223.2747924095,5305509.642578036,35121.19512195122,1578469.094463148,5305420.171534889,36096.756097560974,1578123.3269224106,5304470.183024333,36096.756097560974
1578519.0683981474,5305939.901311741,35608.975609756104,0.9240463152585787,1578223.2747924095,5305509.642578036,35121.19512195122,1578569.0423331468,5306459.631088592,35121.19512195122,1578814.8620038854,5306370.160045446,36096.756097560974,1578469.094463148,5305420.171534889,36096.756097560974
1578864.8359388849,5306889.889822297,35608.975609756104,0.754222166495616,1578569.0423331468,5306459.631088592,35121.19512195122,1578914.8098738843,5307409.619599148,35121.19512195122,1579160.629544623,5307320.148556002,36096.756097560974,1578814.8620038854,5306370.160045446,36096.756097560974
1579210.6034796222,5307839.878332854,35608.975609756104,1.5621637968245665,1578914.8098738843,5307409.619599148,35121.19512195122,1579260.5774146218,5308359.608109705,35121.19512195122,1579506.3970853603,5308270.137066559,36096.756097560974,1579160.629544623,5307320.148556002,36096.756097560974
1579556.3710203597,5308789.86684341,35608.975609756104,2.5361142085518127,1579260.5774146218,5308359.608109705,35121.19512195122,1579606.3449553591,5309309.596620262,35121.19512195122,1579852.1646260978,5309220.125577115,36096.756097560974,1579506.3970853603,5308270.137066559,36096.756097560974
1579902.1385610972,5309739.855353967,35608.975609756104,1.9276229496353174,1579606.3449553591,5309309.596620262,35121.19512195122,1579952.1124960969,5310259.585130818,35121.19512195122,1580197.9321668353,5310170.114087672,36096.756097560974,1579852.1646260978,5309220.125577115,36096.756097560974
1580247.9061018347,5310689.843864524,35608.975609756104,0.7416535114018846,1579952.1124960969,5310259.585130818,35121.19512195122,1580297.8800368342,5311209.573641375,35121.19512195122,1580543.6997075728,5311120.1025982285,36096.756097560974,1580197.9321668353,5310170.114087672,36096.756097560974
1580593.6736425722,5311639.832375079,35608.975609756104,1.1528571549861273,1580297.8800368342,5311209.573641375,35121.19512195122,1580643.6475775714,5312159.562151931,35121.19512195122,1580889.46724831,5312070.091108785,36096.756097560974,1580543.6997075728,5311120.1025982285,36096.756097560974
1580939.4411833095,5312589.820885636,35608.975609756104,1.5454368282426785,1580643.6475775714,5312159.562151931,35121.19512195122,1580989.415118309,5313109.550662488,35121.19512195122,1581235.2347890476,5313020.0796193415,36096.756097560974,1580889.46724831,5312070.091108785,36096.756097560974
1581285.2087240468,5313539.809396193,35608.975609756104,0.9252909867353417,1580989.415118309,5313109.550662488,35121.19512195122,1581335.1826590465,5314059.539173044,35121.19512195122,1581581.0023297851,5313970.068129898,36096.756097560974,1581235.2347890476,5313020.0796193415,36096.756097560974
1581630.9762647846,5314489.797906749,35608.975609756104,0.2783349941875307,1581335.1826590465,5314059.539173044,35121.19512195122,1581680.9501997838,5315009.527683601,35121.19512195122,1581926.7698705224,5314920.056640455,36096.756097560974,1581581.0023297851,5313970.068129898,36096.756097560974
1581976.7438055219,5315439.786417306,35608.975609756104,0.1315581462639197,1581680.9501997838,5315009.527683601,35121.19512195122,1582026.7177405215,5315959.516194157,35121.19512195122,1582272.53741126,5315870.045151011,36096.756097560974,1581926.7698705224,5314920.056640455,36096.756097560974
1582322.5113462594,5316389.774927862,35608.975609756104,0.16871218436572472,1582026.7177405215,5315959.516194157,35121.19512195122,1582372.4852812588,5316909.504704714,35121.19512195122,1582618.3049519975,5316820.033661568,36096.756097560974,1582272.53741126,5315870.045151011,36096.756097560974
1582668.278886997,5317339.763438419,35608.975609756104,0.059594694172786934,1582372.4852812588,5316909.504704714,35121.19512195122,1582718.252821996,5317859.49321527,35121.19512195122,1582964.072492735,5317770.022172124,36096.756097560974,1582618.3049519975,5316820.033661568,36096.756097560974
1583014.0464277342,5318289.751948976,35608.975609756104,0.1374794398276106,1582718.252821996,5317859.49321527,35121.19512195122,1583064.0203627339,5318809.481725827,35121.19512195122,1583309.8400334723,5318720.010682681,36096.756097560974,1582964.072492735,5317770.022172124,36096.756097560974
1583359.8139684717,5319239.740459532,35608.975609756104,0.5679938625363069,1583064.0203627339,5318809.481725827,35121.19512195122,1583409.7879034712,5319759.470236383,35121.19512195122,1583655.6075742098,5319669.999193237,36096.756097560974,1583309.8400334723,5318720.010682681,36096.756097560974
1583705.5815092095,5320189.728970088,35608.975609756104,0.8343753858991787,1583409.7879034712,5319759.470236383,35121.19512195122,1583755.5554442087,5320709.45874694,35121.19512195122,1584001.3751149473,5320619.987703794,36096.756097560974,1583655.6075742098,5319669.999193237,36096.756097560974
1584051.3490499465,5321139.7174806455,35608.975609756104,0.9331180842739243,1583755.5554442087,5320709.45874694,35121.19512195122,1584101.3229849462,5321659.447257496,35121.19512195122,1584347.1426556848,5321569.97621435,36096.756097560974,1584001.3751149473,5320619.987703794,36096.756097560974
1584397.1165906843,5322089.705991201,35608.975609756104,0.949791451308394,1584101.3229849462,5321659.447257496,35121.19512195122,1584447.0905256835,5322609.435768052,35121.19512195122,1584692.9101964221,5322519.964724907,36096.756097560974,1584347.1426556848,5321569.97621435,36096.756097560974
1584742.8841314216,5323039.694501759,35608.975609756104,0.8357614062363878,1584447.0905256835,5322609.435768052,35121.19512195122,1584792.858066421,5323559.424278609,35121.19512195122,1585038.6777371597,5323469.953235463,36096.756097560974,1584692.9101964221,5322519.964724907,36096.756097560974
1585088.651672159,5323989.683012314,35608.975609756104,0.5113488228462565,1584792.858066421,5323559.424278609,35121.19512195122,1585138.6256071585,5324509.412789166,35121.19512195122,1585384.4452778972,5324419.94174602,36096.756097560974,1585038.6777371597,5323469.953235463,36096.756097560974
1585434.4192128966,5324939.671522872,35608.975609756104,0.5771562842896617,1585138.6256071585,5324509.412789166,35121.19512195122,1585484.393147896,5325459.4012997225,35121.19512195122,1585730.2128186345,5325369.930256576,36096.756097560974,1585384.4452778972,5324419.94174602,36096.756097560974
1585780.1867536341,5325889.660033428,35608.975609756104,0.2700812662160582,1585484.393147896,5325459.4012997225,35121.19512195122,1585830.1606886333,5326409.389810279,35121.19512195122,1586075.9803593722,5326319.918767133,36096.756097560974,1585730.2128186345,5325369.930256576,36096.756097560974
1586125.9542943712,5326839.648543984,35608.975609756104,0.2132613295723715,1585830.1606886333,5326409.389810279,35121.19512195122,1586175.9282293709,5327359.3783208355,35121.19512195122,1586421.7479001095,5327269.907277689,36096.756097560974,1586075.9803593722,5326319.918767133,36096.756097560974
1586471.721835109,5327789.63705454,35608.975609756104,0.1700382040131209,1586175.9282293709,5327359.3783208355,35121.19512195122,1586521.6957701084,5328309.366831391,35121.19512195122,1586767.5154408468,5328219.895788246,36096.756097560974,1586421.7479001095,5327269.907277689,36096.756097560974
1586817.4893758465,5328739.625565097,35608.975609756104,0.5304241583789844,1586521.6957701084,5328309.366831391,35121.19512195122,1586867.4633108457,5329259.355341949,35121.19512195122,1587113.2829815845,5329169.884298802,36096.756097560974,1586767.5154408468,5328219.895788246,36096.756097560974
1587163.2569165837,5329689.614075653,35608.975609756104,0.8145416182942596,1586867.4633108457,5329259.355341949,35121.19512195122,1587213.2308515832,5330209.343852505,35121.19512195122,1587459.0505223218,5330119.872809359,36096.756097560974,1587113.2829815845,5329169.884298802,36096.756097560974
1587509.0244573213,5330639.602586211,35608.975609756104,0.4433484780260066,1587213.2308515832,5330209.343852505,35121.19512195122,1587558.9983923207,5331159.332363062,35121.19512195122,1587804.8180630594,5331069.861319915,36096.756097560974,1587459.0505223218,5330119.872809359,36096.756097560974
1587854.7919980588,5331589.591096766,35608.975609756104,0.2749057250718809,1587558.9983923207,5331159.332363062,35121.19512195122,1587904.7659330582,5332109.320873618,35121.19512195122,1588150.5856037969,5332019.849830472,36096.756097560974,1587804.8180630594,5331069.861319915,36096.756097560974
1588200.5595387958,5332539.579607324,35608.975609756104,0.06855659290180065,1587904.7659330582,5332109.320873618,35121.19512195122,1588250.5334737955,5333059.309384175,35121.19512195122,1588496.3531445342,5332969.838341028,36096.756097560974,1588150.5856037969,5332019.849830472,36096.756097560974
1588546.3270795336,5333489.568117879,35608.975609756104,0.0621249201393958,1588250.5334737955,5333059.309384175,35121.19512195122,1588596.301014533,5334009.29789473,35121.19512195122,1588842.1206852717,5333919.826851585,36096.756097560974,1588496.3531445342,5332969.838341028,36096.756097560974
1588892.0946202711,5334439.556628436,35608.975609756104,0.0675787414642863,1588596.301014533,5334009.29789473,35121.19512195122,1588942.0685552706,5334959.286405288,35121.19512195122,1589187.8882260092,5334869.8153621415,36096.756097560974,1588842.1206852717,5333919.826851585,36096.756097560974
1589237.8621610084,5335389.545138992,35608.975609756104,0.01176505114885126,1588942.0685552706,5334959.286405288,35121.19512195122,1589287.836096008,5335909.274915844,35121.19512195122,1589533.6557667465,5335819.803872698,36096.756097560974,1589187.8882260092,5334869.8153621415,36096.756097560974
1589583.629701746,5336339.53364955,35608.975609756104,0.03203508881607969,1589287.836096008,5335909.274915844,35121.19512195122,1589633.6036367454,5336859.263426401,35121.19512195122,1589879.423307484,5336769.7923832545,36096.756097560974,1589533.6557667465,5335819.803872698,36096.756097560974
1569429.1644689753,5280200.74048357,36584.53658536585,2.142274973181581,1569133.3708632367,5279770.481749863,36096.756097560974,1569479.1384039742,5280720.470260421,36096.756097560974,1569724.9580747136,5280630.999217274,37072.31707317073,1569379.1905339763,5279681.010706717,37072.31707317073
1569774.9320097128,5281150.728994125,36584.53658536585,2.2706313622445027,1569479.1384039742,5280720.470260421,36096.756097560974,1569824.9059447115,5281670.458770976,36096.756097560974,1570070.725615451,5281580.98772783,37072.31707317073,1569724.9580747136,5280630.999217274,37072.31707317073
1570120.6995504498,5282100.717504682,36584.53658536585,2.746344730411207,1569824.9059447115,5281670.458770976,36096.756097560974,1570170.673485449,5282620.447281533,36096.756097560974,1570416.4931561884,5282530.976238387,37072.31707317073,1570070.725615451,5281580.98772783,37072.31707317073
1570466.4670911876,5283050.706015238,36584.53658536585,1.0749119133181075,1570170.673485449,5282620.447281533,36096.756097560974,1570516.4410261866,5283570.435792089,36096.756097560974,1570762.260696926,5283480.964748943,37072.31707317073,1570416.4931561884,5282530.976238387,37072.31707317073
1570812.2346319251,5284000.694525795,36584.53658536585,1.3091512150622866,1570516.4410261866,5283570.435792089,36096.756097560974,1570862.208566924,5284520.424302646,36096.756097560974,1571108.0282376634,5284430.9532595,37072.31707317073,1570762.260696926,5283480.964748943,37072.31707317073
1571158.0021726624,5284950.683036352,36584.53658536585,1.3137894298227957,1570862.208566924,5284520.424302646,36096.756097560974,1571207.9761076614,5285470.4128132025,36096.756097560974,1571453.795778401,5285380.941770056,37072.31707317073,1571108.0282376634,5284430.9532595,37072.31707317073
1571503.7697134,5285900.671546908,36584.53658536585,2.0876033041390163,1571207.9761076614,5285470.4128132025,36096.756097560974,1571553.743648399,5286420.40132376,36096.756097560974,1571799.5633191383,5286330.930280613,37072.31707317073,1571453.795778401,5285380.941770056,37072.31707317073
1571849.5372541375,5286850.660057465,36584.53658536585,3.346780892661374,1571553.743648399,5286420.40132376,36096.756097560974,1571899.5111891364,5287370.3898343155,36096.756097560974,1572145.3308598758,5287280.918791169,37072.31707317073,1571799.5633191383,5286330.930280613,37072.31707317073
1572195.3047948745,5287800.648568021,36584.53658536585,4.158635388424745,1571899.5111891364,5287370.3898343155,36096.756097560974,1572245.2787298737,5288320.378344872,36096.756097560974,1572491.0984006133,5288230.907301726,37072.31707317073,1572145.3308598758,5287280.918791169,37072.31707317073
1572541.0723356123,5288750.637078577,36584.53658536585,4.852903929403474,1572245.2787298737,5288320.378344872,36096.756097560974,1572591.0462706112,5289270.366855429,36096.756097560974,1572836.8659413506,5289180.895812282,37072.31707317073,1572491.0984006133,5288230.907301726,37072.31707317073
1572886.8398763498,5289700.625589134,36584.53658536585,3.4788738024061323,1572591.0462706112,5289270.366855429,36096.756097560974,1572936.8138113488,5290220.355365985,36096.756097560974,1573182.6334820883,5290130.884322839,37072.31707317073,1572836.8659413506,5289180.895812282,37072.31707317073
1573232.607417087,5290650.61409969,36584.53658536585,2.741433841022211,1572936.8138113488,5290220.355365985,36096.756097560974,1573282.5813520863,5291170.343876542,36096.756097560974,1573528.4010228256,5291080.872833395,37072.31707317073,1573182.6334820883,5290130.884322839,37072.31707317073
1573578.3749578246,5291600.602610247,36584.53658536585,2.3763183595485518,1573282.5813520863,5291170.343876542,36096.756097560974,1573628.3488928236,5292120.332387099,36096.756097560974,1573874.1685635631,5292030.861343952,37072.31707317073,1573528.4010228256,5291080.872833395,37072.31707317073
1573924.142498562,5292550.591120804,36584.53658536585,1.6464165501821724,1573628.3488928236,5292120.332387099,36096.756097560974,1573974.116433561,5293070.320897655,36096.756097560974,1574219.9361043007,5292980.849854508,37072.31707317073,1573874.1685635631,5292030.861343952,37072.31707317073
1574269.9100392994,5293500.579631359,36584.53658536585,0.7233873510197654,1573974.116433561,5293070.320897655,36096.756097560974,1574319.8839742986,5294020.309408211,36096.756097560974,1574565.703645038,5293930.838365065,37072.31707317073,1574219.9361043007,5292980.849854508,37072.31707317073
1574615.677580037,5294450.568141916,36584.53658536585,0.6851332181751898,1574319.8839742986,5294020.309408211,36096.756097560974,1574665.651515036,5294970.297918768,36096.756097560974,1574911.4711857755,5294880.826875621,37072.31707317073,1574565.703645038,5293930.838365065,37072.31707317073
1574961.4451207744,5295400.556652473,36584.53658536585,0.23760410022638714,1574665.651515036,5294970.297918768,36096.756097560974,1575011.4190557736,5295920.286429324,36096.756097560974,1575257.238726513,5295830.815386178,37072.31707317073,1574911.4711857755,5294880.826875621,37072.31707317073
1575307.2126615117,5296350.545163029,36584.53658536585,0.10137740360258304,1575011.4190557736,5295920.286429324,36096.756097560974,1575357.186596511,5296870.274939881,36096.756097560974,1575603.0062672503,5296780.8038967345,37072.31707317073,1575257.238726513,5295830.815386178,37072.31707317073
1575652.9802022493,5297300.533673586,36584.53658536585,0.03361281736801435,1575357.186596511,5296870.274939881,36096.756097560974,1575702.9541372482,5297820.263450437,36096.756097560974,1575948.7738079878,5297730.792407291,37072.31707317073,1575603.0062672503,5296780.8038967345,37072.31707317073
1575998.7477429868,5298250.522184142,36584.53658536585,0.04221651415048462,1575702.9541372482,5297820.263450437,36096.756097560974,1576048.721677986,5298770.251960994,36096.756097560974,1576294.5413487253,5298680.7809178475,37072.31707317073,1575948.7738079878,5297730.792407291,37072.31707317073
1576344.5152837243,5299200.510694699,36584.53658536585,0.14325281772175796,1576048.721677986,5298770.251960994,36096.756097560974,1576394.4892187233,5299720.24047155,36096.756097560974,1576640.3088894626,5299630.769428404,37072.31707317073,1576294.5413487253,5298680.7809178475,37072.31707317073
1576690.2828244616,5300150.499205256,36584.53658536585,0.06917864522091098,1576394.4892187233,5299720.24047155,36096.756097560974,1576740.2567594605,5300670.228982107,36096.756097560974,1576986.0764302001,5300580.757938961,37072.31707317073,1576640.3088894626,5299630.769428404,37072.31707317073
1577036.050365199,5301100.4877158115,36584.53658536585,0.06507579998942684,1576740.2567594605,5300670.228982107,36096.756097560974,1577086.0243001983,5301620.217492663,36096.756097560974,1577331.8439709377,5301530.746449517,37072.31707317073,1576986.0764302001,5300580.757938961,37072.31707317073
1577381.8179059364,5302050.476226368,36584.53658536585,0.15921080770892274,1577086.0243001983,5301620.217492663,36096.756097560974,1577431.7918409356,5302570.20600322,36096.756097560974,1577677.611511675,5302480.734960074,37072.31707317073,1577331.8439709377,5301530.746449517,37072.31707317073
1577727.585446674,5303000.464736925,36584.53658536585,0.9385746679502599,1577431.7918409356,5302570.20600322,36096.756097560974,1577777.5593816729,5303520.194513776,36096.756097560974,1578023.3790524125,5303430.72347063,37072.31707317073,1577677.611511675,5302480.734960074,37072.31707317073
1578073.3529874114,5303950.453247481,36584.53658536585,0.8046156878580979,1577777.5593816729,5303520.194513776,36096.756097560974,1578123.3269224106,5304470.183024333,36096.756097560974,1578369.14659315,5304380.711981187,37072.31707317073,1578023.3790524125,5303430.72347063,37072.31707317073
1578419.120528149,5304900.4417580385,36584.53658536585,1.0504763142002185,1578123.3269224106,5304470.183024333,36096.756097560974,1578469.094463148,5305420.171534889,36096.756097560974,1578714.9141338875,5305330.700491743,37072.31707317073,1578369.14659315,5304380.711981187,37072.31707317073
1578764.8880688865,5305850.430268594,36584.53658536585,1.437571090401975,1578469.094463148,5305420.171534889,36096.756097560974,1578814.8620038854,5306370.160045446,36096.756097560974,1579060.6816746248,5306280.6890023,37072.31707317073,1578714.9141338875,5305330.700491743,37072.31707317073
1579110.6556096238,5306800.4187791515,36584.53658536585,2.236380155141581,1578814.8620038854,5306370.160045446,36096.756097560974,1579160.629544623,5307320.148556002,36096.756097560974,1579406.4492153623,5307230.677512856,37072.31707317073,1579060.6816746248,5306280.6890023,37072.31707317073
1579456.4231503613,5307750.407289708,36584.53658536585,1.4476303685785925,1579160.629544623,5307320.148556002,36096.756097560974,1579506.3970853603,5308270.137066559,36096.756097560974,1579752.2167560998,5308180.666023413,37072.31707317073,1579406.4492153623,5307230.677512856,37072.31707317073
1579802.190691099,5308700.395800264,36584.53658536585,1.3044332944964454,1579506.3970853603,5308270.137066559,36096.756097560974,1579852.1646260978,5309220.125577115,36096.756097560974,1580097.9842968374,5309130.654533969,37072.31707317073,1579752.2167560998,5308180.666023413,37072.31707317073
1580147.958231836,5309650.38431082,36584.53658536585,1.453274884755403,1579852.1646260978,5309220.125577115,36096.756097560974,1580197.9321668353,5310170.114087672,36096.756097560974,1580443.7518375749,5310080.643044526,37072.31707317073,1580097.9842968374,5309130.654533969,37072.31707317073
1580493.7257725736,5310600.372821378,36584.53658536585,0.5311935748149262,1580197.9321668353,5310170.114087672,36096.756097560974,1580543.6997075728,5311120.1025982285,36096.756097560974,1580789.5193783122,5311030.631555082,37072.31707317073,1580443.7518375749,5310080.643044526,37072.31707317073
1580839.4933133114,5311550.361331933,36584.53658536585,0.26708437792466583,1580543.6997075728,5311120.1025982285,36096.756097560974,1580889.46724831,5312070.091108785,36096.756097560974,1581135.2869190497,5311980.620065639,37072.31707317073,1580789.5193783122,5311030.631555082,37072.31707317073
1581185.2608540487,5312500.349842491,36584.53658536585,0.862218932817559,1580889.46724831,5312070.091108785,36096.756097560974,1581235.2347890476,5313020.0796193415,36096.756097560974,1581481.0544597872,5312930.608576195,37072.31707317073,1581135.2869190497,5311980.620065639,37072.31707317073
1581531.0283947862,5313450.338353046,36584.53658536585,0.3193516564674302,1581235.2347890476,5313020.0796193415,36096.756097560974,1581581.0023297851,5313970.068129898,36096.756097560974,1581826.8220005245,5313880.597086752,37072.31707317073,1581481.0544597872,5312930.608576195,37072.31707317073
1581876.7959355237,5314400.326863604,36584.53658536585,0.10622163025978507,1581581.0023297851,5313970.068129898,36096.756097560974,1581926.7698705224,5314920.056640455,36096.756097560974,1582172.589541262,5314830.585597308,37072.31707317073,1581826.8220005245,5313880.597086752,37072.31707317073
1582222.5634762608,5315350.31537416,36584.53658536585,0.09339564557957297,1581926.7698705224,5314920.056640455,36096.756097560974,1582272.53741126,5315870.045151011,36096.756097560974,1582518.3570819995,5315780.574107865,37072.31707317073,1582172.589541262,5314830.585597308,37072.31707317073
1582568.3310169985,5316300.303884716,36584.53658536585,0.0393481404712698,1582272.53741126,5315870.045151011,36096.756097560974,1582618.3049519975,5316820.033661568,36096.756097560974,1582864.1246227368,5316730.562618421,37072.31707317073,1582518.3570819995,5315780.574107865,37072.31707317073
1582914.098557736,5317250.292395272,36584.53658536585,0.08716915662536885,1582618.3049519975,5316820.033661568,36096.756097560974,1582964.072492735,5317770.022172124,36096.756097560974,1583209.8921634743,5317680.551128978,37072.31707317073,1582864.1246227368,5316730.562618421,37072.31707317073
1583259.8660984733,5318200.28090583,36584.53658536585,0.10982208825683135,1582964.072492735,5317770.022172124,36096.756097560974,1583309.8400334723,5318720.010682681,36096.756097560974,1583555.6597042119,5318630.539639534,37072.31707317073,1583209.8921634743,5317680.551128978,37072.31707317073
1583605.6336392108,5319150.269416385,36584.53658536585,0.11643867467428501,1583309.8400334723,5318720.010682681,36096.756097560974,1583655.6075742098,5319669.999193237,36096.756097560974,1583901.4272449492,5319580.528150091,37072.31707317073,1583555.6597042119,5318630.539639534,37072.31707317073
1583951.4011799484,5320100.257926943,36584.53658536585,0.2645463182799234,1583655.6075742098,5319669.999193237,36096.756097560974,1584001.3751149473,5320619.987703794,36096.756097560974,1584247.194785687,5320530.5166606475,37072.31707317073,1583901.4272449492,5319580.528150091,37072.31707317073
1584297.1687206856,5321050.246437498,36584.53658536585,0.28138453172364747,1584001.3751149473,5320619.987703794,36096.756097560974,1584347.1426556848,5321569.97621435,36096.756097560974,1584592.9623264242,5321480.505171204,37072.31707317073,1584247.194785687,5320530.5166606475,37072.31707317073
1584642.9362614232,5322000.234948056,36584.53658536585,0.2137784326731075,1584347.1426556848,5321569.97621435,36096.756097560974,1584692.9101964221,5322519.964724907,36096.756097560974,1584938.7298671615,5322430.4936817605,37072.31707317073,1584592.9623264242,5321480.505171204,37072.31707317073
1584988.7038021607,5322950.223458612,36584.53658536585,0.12015034906091956,1584692.9101964221,5322519.964724907,36096.756097560974,1585038.6777371597,5323469.953235463,36096.756097560974,1585284.4974078992,5323380.482192317,37072.31707317073,1584938.7298671615,5322430.4936817605,37072.31707317073
1585334.471342898,5323900.211969168,36584.53658536585,0.17390611684275384,1585038.6777371597,5323469.953235463,36096.756097560974,1585384.4452778972,5324419.94174602,36096.756097560974,1585630.2649486365,5324330.470702874,37072.31707317073,1585284.4974078992,5323380.482192317,37072.31707317073
1585680.2388836355,5324850.200479724,36584.53658536585,0.27988364654640113,1585384.4452778972,5324419.94174602,36096.756097560974,1585730.2128186345,5325369.930256576,36096.756097560974,1585976.032489374,5325280.45921343,37072.31707317073,1585630.2649486365,5324330.470702874,37072.31707317073
1586026.006424373,5325800.188990282,36584.53658536585,0.5845304507352531,1585730.2128186345,5325369.930256576,36096.756097560974,1586075.9803593722,5326319.918767133,36096.756097560974,1586321.8000301116,5326230.447723987,37072.31707317073,1585976.032489374,5325280.45921343,37072.31707317073
1586371.7739651105,5326750.1775008375,36584.53658536585,0.7919415532263095,1586075.9803593722,5326319.918767133,36096.756097560974,1586421.7479001095,5327269.907277689,36096.756097560974,1586667.5675708489,5327180.436234543,37072.31707317073,1586321.8000301116,5326230.447723987,37072.31707317073
1586717.5415058478,5327700.166011395,36584.53658536585,0.43799556300867465,1586421.7479001095,5327269.907277689,36096.756097560974,1586767.5154408468,5328219.895788246,36096.756097560974,1587013.3351115864,5328130.4247451,37072.31707317073,1586667.5675708489,5327180.436234543,37072.31707317073
1587063.3090465853,5328650.1545219505,36584.53658536585,0.547105147899393,1586767.5154408468,5328219.895788246,36096.756097560974,1587113.2829815845,5329169.884298802,36096.756097560974,1587359.102652324,5329080.413255656,37072.31707317073,1587013.3351115864,5328130.4247451,37072.31707317073
1587409.0765873226,5329600.143032508,36584.53658536585,0.6605956248059839,1587113.2829815845,5329169.884298802,36096.756097560974,1587459.0505223218,5330119.872809359,36096.756097560974,1587704.8701930612,5330030.401766213,37072.31707317073,1587359.102652324,5329080.413255656,37072.31707317073
1587754.8441280606,5330550.1315430645,36584.53658536585,0.25328569145364577,1587459.0505223218,5330119.872809359,36096.756097560974,1587804.8180630594,5331069.861319915,36096.756097560974,1588050.6377337987,5330980.390276769,37072.31707317073,1587704.8701930612,5330030.401766213,37072.31707317073
1588100.6116687977,5331500.12005362,36584.53658536585,0.4553247881091148,1587804.8180630594,5331069.861319915,36096.756097560974,1588150.5856037969,5332019.849830472,36096.756097560974,1588396.4052745362,5331930.378787326,37072.31707317073,1588050.6377337987,5330980.390276769,37072.31707317073
1588446.3792095352,5332450.108564177,36584.53658536585,0.29981173340471795,1588150.5856037969,5332019.849830472,36096.756097560974,1588496.3531445342,5332969.838341028,36096.756097560974,1588742.1728152735,5332880.367297882,37072.31707317073,1588396.4052745362,5331930.378787326,37072.31707317073
1588792.1467502725,5333400.097074734,36584.53658536585,0.40615964806962446,1588496.3531445342,5332969.838341028,36096.756097560974,1588842.1206852717,5333919.826851585,36096.756097560974,1589087.940356011,5333830.355808439,37072.31707317073,1588742.1728152735,5332880.367297882,37072.31707317073
1589137.91429101,5334350.08558529,36584.53658536585,0.5604146861840218,1588842.1206852717,5333919.826851585,36096.756097560974,1589187.8882260092,5334869.8153621415,36096.756097560974,1589433.7078967486,5334780.344318995,37072.31707317073,1589087.940356011,5333830.355808439,37072.31707317073
1589483.6818317475,5335300.074095847,36584.53658536585,0.8110525116497725,1589187.8882260092,5334869.8153621415,36096.756097560974,1589533.6557667465,5335819.803872698,36096.756097560974,1589779.475437486,5335730.332829552,37072.31707317073,1589433.7078967486,5334780.344318995,37072.31707317073
1589829.4493724853,5336250.062606403,36584.53658536585,0.39740676865963603,1589533.6557667465,5335819.803872698,36096.756097560974,1589879.423307484,5336769.7923832545,36096.756097560974,1590125.2429782234,5336680.321340108,37072.31707317073,1589779.475437486,5335730.332829552,37072.31707317073
1569674.9841397146,5280111.269440422,37560.097560975606,3.6334478599442455,1569379.1905339763,5279681.010706717,37072.31707317073,1569724.9580747136,5280630.999217274,37072.31707317073,1569970.777745453,5280541.528174127,38047.87804878049,1569625.0102047157,5279591.539663571,38047.87804878049
1570020.7516804521,5281061.257950979,37560.097560975606,3.5071032404262272,1569724.9580747136,5280630.999217274,37072.31707317073,1570070.725615451,5281580.98772783,37072.31707317073,1570316.5452861907,5281491.516684684,38047.87804878049,1569970.777745453,5280541.528174127,38047.87804878049
1570366.5192211892,5282011.246461536,37560.097560975606,2.999551855789129,1570070.725615451,5281580.98772783,37072.31707317073,1570416.4931561884,5282530.976238387,37072.31707317073,1570662.312826928,5282441.5051952405,38047.87804878049,1570316.5452861907,5281491.516684684,38047.87804878049
1570712.286761927,5282961.234972091,37560.097560975606,1.711350772085835,1570416.4931561884,5282530.976238387,37072.31707317073,1570762.260696926,5283480.964748943,37072.31707317073,1571008.0803676653,5283391.493705797,38047.87804878049,1570662.312826928,5282441.5051952405,38047.87804878049
1571058.0543026645,5283911.223482648,37560.097560975606,1.1345082157717992,1570762.260696926,5283480.964748943,37072.31707317073,1571108.0282376634,5284430.9532595,37072.31707317073,1571353.847908403,5284341.4822163535,38047.87804878049,1571008.0803676653,5283391.493705797,38047.87804878049
1571403.8218434018,5284861.211993205,37560.097560975606,1.1715514548202992,1571108.0282376634,5284430.9532595,37072.31707317073,1571453.795778401,5285380.941770056,37072.31707317073,1571699.6154491403,5285291.47072691,38047.87804878049,1571353.847908403,5284341.4822163535,38047.87804878049
1571749.5893841393,5285811.200503761,37560.097560975606,2.0464168683796355,1571453.795778401,5285380.941770056,37072.31707317073,1571799.5633191383,5286330.930280613,37072.31707317073,1572045.3829898778,5286241.459237467,38047.87804878049,1571699.6154491403,5285291.47072691,38047.87804878049
1572095.3569248768,5286761.189014318,37560.097560975606,2.629861713292349,1571799.5633191383,5286330.930280613,37072.31707317073,1572145.3308598758,5287280.918791169,37072.31707317073,1572391.1505306154,5287191.447748023,38047.87804878049,1572045.3829898778,5286241.459237467,38047.87804878049
1572441.124465614,5287711.177524874,37560.097560975606,3.7788160796400563,1572145.3308598758,5287280.918791169,37072.31707317073,1572491.0984006133,5288230.907301726,37072.31707317073,1572736.9180713526,5288141.43625858,38047.87804878049,1572391.1505306154,5287191.447748023,38047.87804878049
1572786.8920063516,5288661.166035431,37560.097560975606,3.4627605742130347,1572491.0984006133,5288230.907301726,37072.31707317073,1572836.8659413506,5289180.895812282,37072.31707317073,1573082.6856120902,5289091.424769136,38047.87804878049,1572736.9180713526,5288141.43625858,38047.87804878049
1573132.6595470891,5289611.154545988,37560.097560975606,2.4380874070688074,1572836.8659413506,5289180.895812282,37072.31707317073,1573182.6334820883,5290130.884322839,37072.31707317073,1573428.4531528277,5290041.413279693,38047.87804878049,1573082.6856120902,5289091.424769136,38047.87804878049
1573478.4270878267,5290561.143056544,37560.097560975606,1.8933611682748988,1573182.6334820883,5290130.884322839,37072.31707317073,1573528.4010228256,5291080.872833395,37072.31707317073,1573774.2206935652,5290991.401790249,38047.87804878049,1573428.4531528277,5290041.413279693,38047.87804878049
1573824.1946285644,5291511.1315671,37560.097560975606,1.1147198264884814,1573528.4010228256,5291080.872833395,37072.31707317073,1573874.1685635631,5292030.861343952,37072.31707317073,1574119.9882343025,5291941.390300806,38047.87804878049,1573774.2206935652,5290991.401790249,38047.87804878049
1574169.9621693015,5292461.1200776575,37560.097560975606,0.4777969702959339,1573874.1685635631,5292030.861343952,37072.31707317073,1574219.9361043007,5292980.849854508,37072.31707317073,1574465.75577504,5292891.378811362,38047.87804878049,1574119.9882343025,5291941.390300806,38047.87804878049
1574515.729710039,5293411.108588213,37560.097560975606,0.2748415765955367,1574219.9361043007,5292980.849854508,37072.31707317073,1574565.703645038,5293930.838365065,37072.31707317073,1574811.5233157775,5293841.367321919,38047.87804878049,1574465.75577504,5292891.378811362,38047.87804878049
1574861.4972507765,5294361.097098771,37560.097560975606,0.2997773194541456,1574565.703645038,5293930.838365065,37072.31707317073,1574911.4711857755,5294880.826875621,37072.31707317073,1575157.2908565148,5294791.355832475,38047.87804878049,1574811.5233157775,5293841.367321919,38047.87804878049
1575207.2647915138,5295311.085609326,37560.097560975606,0.2791099768924289,1574911.4711857755,5294880.826875621,37072.31707317073,1575257.238726513,5295830.815386178,37072.31707317073,1575503.0583972523,5295741.344343032,38047.87804878049,1575157.2908565148,5294791.355832475,38047.87804878049
1575553.0323322513,5296261.074119884,37560.097560975606,0.15079098685339765,1575257.238726513,5295830.815386178,37072.31707317073,1575603.0062672503,5296780.8038967345,37072.31707317073,1575848.8259379899,5296691.332853588,38047.87804878049,1575503.0583972523,5295741.344343032,38047.87804878049
1575898.799872989,5297211.06263044,37560.097560975606,0.15551916342139002,1575603.0062672503,5296780.8038967345,37072.31707317073,1575948.7738079878,5297730.792407291,37072.31707317073,1576194.5934787272,5297641.321364145,38047.87804878049,1575848.8259379899,5296691.332853588,38047.87804878049
1576244.5674137261,5298161.051140996,37560.097560975606,0.10559685405609062,1575948.7738079878,5297730.792407291,37072.31707317073,1576294.5413487253,5298680.7809178475,37072.31707317073,1576540.3610194647,5298591.309874701,38047.87804878049,1576194.5934787272,5297641.321364145,38047.87804878049
1576590.3349544636,5299111.039651552,37560.097560975606,0.22618587622887296,1576294.5413487253,5298680.7809178475,37072.31707317073,1576640.3088894626,5299630.769428404,37072.31707317073,1576886.1285602022,5299541.298385258,38047.87804878049,1576540.3610194647,5298591.309874701,38047.87804878049
1576936.1024952012,5300061.02816211,37560.097560975606,0.07582342056020389,1576640.3088894626,5299630.769428404,37072.31707317073,1576986.0764302001,5300580.757938961,37072.31707317073,1577231.8961009395,5300491.286895814,38047.87804878049,1576886.1285602022,5299541.298385258,38047.87804878049
1577281.8700359387,5301011.016672665,37560.097560975606,0.05849904628816209,1576986.0764302001,5300580.757938961,37072.31707317073,1577331.8439709377,5301530.746449517,37072.31707317073,1577577.6636416772,5301441.275406371,38047.87804878049,1577231.8961009395,5300491.286895814,38047.87804878049
1577627.637576676,5301961.005183223,37560.097560975606,0.22230136158527708,1577331.8439709377,5301530.746449517,37072.31707317073,1577677.611511675,5302480.734960074,37072.31707317073,1577923.4311824145,5302391.263916927,38047.87804878049,1577577.6636416772,5301441.275406371,38047.87804878049
1577973.4051174137,5302910.993693778,37560.097560975606,0.70133440280777,1577677.611511675,5302480.734960074,37072.31707317073,1578023.3790524125,5303430.72347063,37072.31707317073,1578269.1987231518,5303341.252427484,38047.87804878049,1577923.4311824145,5302391.263916927,38047.87804878049
1578319.1726581508,5303860.982204336,37560.097560975606,1.1269675564823058,1578023.3790524125,5303430.72347063,37072.31707317073,1578369.14659315,5304380.711981187,37072.31707317073,1578614.9662638896,5304291.24093804,38047.87804878049,1578269.1987231518,5303341.252427484,38047.87804878049
1578664.9401988883,5304810.970714892,37560.097560975606,0.7937625745755887,1578369.14659315,5304380.711981187,37072.31707317073,1578714.9141338875,5305330.700491743,37072.31707317073,1578960.7338046269,5305241.229448597,38047.87804878049,1578614.9662638896,5304291.24093804,38047.87804878049
1579010.707739626,5305760.959225448,37560.097560975606,0.5013879521799227,1578714.9141338875,5305330.700491743,37072.31707317073,1579060.6816746248,5306280.6890023,37072.31707317073,1579306.5013453646,5306191.2179591535,38047.87804878049,1578960.7338046269,5305241.229448597,38047.87804878049
1579356.4752803633,5306710.947736004,37560.097560975606,1.1898472555835724,1579060.6816746248,5306280.6890023,37072.31707317073,1579406.4492153623,5307230.677512856,37072.31707317073,1579652.268886102,5307141.20646971,38047.87804878049,1579306.5013453646,5306191.2179591535,38047.87804878049
1579702.2428211009,5307660.936246562,37560.097560975606,1.5547486833175321,1579406.4492153623,5307230.677512856,37072.31707317073,1579752.2167560998,5308180.666023413,37072.31707317073,1579998.0364268392,5308091.1949802665,38047.87804878049,1579652.268886102,5307141.20646971,38047.87804878049
1580048.0103618384,5308610.924757117,37560.097560975606,1.3295843296893435,1579752.2167560998,5308180.666023413,37072.31707317073,1580097.9842968374,5309130.654533969,37072.31707317073,1580343.803967577,5309041.183490823,38047.87804878049,1579998.0364268392,5308091.1949802665,38047.87804878049
1580393.7779025757,5309560.913267675,37560.097560975606,0.9533423606525251,1580097.9842968374,5309130.654533969,37072.31707317073,1580443.7518375749,5310080.643044526,37072.31707317073,1580689.5715083142,5309991.17200138,38047.87804878049,1580343.803967577,5309041.183490823,38047.87804878049
1580739.5454433132,5310510.90177823,37560.097560975606,0.6729282449262528,1580443.7518375749,5310080.643044526,37072.31707317073,1580789.5193783122,5311030.631555082,37072.31707317073,1581035.3390490515,5310941.160511936,38047.87804878049,1580689.5715083142,5309991.17200138,38047.87804878049
1581085.3129840507,5311460.890288788,37560.097560975606,0.5209833685023133,1580789.5193783122,5311030.631555082,37072.31707317073,1581135.2869190497,5311980.620065639,37072.31707317073,1581381.1065897893,5311891.149022493,38047.87804878049,1581035.3390490515,5310941.160511936,38047.87804878049
1581431.080524788,5312410.878799344,37560.097560975606,0.24424275776721022,1581135.2869190497,5311980.620065639,37072.31707317073,1581481.0544597872,5312930.608576195,37072.31707317073,1581726.8741305266,5312841.137533049,38047.87804878049,1581381.1065897893,5311891.149022493,38047.87804878049
1581776.8480655255,5313360.8673099,37560.097560975606,0.11140625957406214,1581481.0544597872,5312930.608576195,37072.31707317073,1581826.8220005245,5313880.597086752,37072.31707317073,1582072.6416712638,5313791.126043606,38047.87804878049,1581726.8741305266,5312841.137533049,38047.87804878049
1582122.615606263,5314310.8558204565,37560.097560975606,0.1390322032769488,1581826.8220005245,5313880.597086752,37072.31707317073,1582172.589541262,5314830.585597308,37072.31707317073,1582418.4092120016,5314741.114554162,38047.87804878049,1582072.6416712638,5313791.126043606,38047.87804878049
1582468.3831470003,5315260.844331014,37560.097560975606,0.2647676168334273,1582172.589541262,5314830.585597308,37072.31707317073,1582518.3570819995,5315780.574107865,37072.31707317073,1582764.176752739,5315691.103064719,38047.87804878049,1582418.4092120016,5314741.114554162,38047.87804878049
1582814.1506877379,5316210.83284157,37560.097560975606,0.0713428262869497,1582518.3570819995,5315780.574107865,37072.31707317073,1582864.1246227368,5316730.562618421,37072.31707317073,1583109.9442934764,5316641.091575275,38047.87804878049,1582764.176752739,5315691.103064719,38047.87804878049
1583159.9182284754,5317160.821352127,37560.097560975606,0.10228373030940272,1582864.1246227368,5316730.562618421,37072.31707317073,1583209.8921634743,5317680.551128978,37072.31707317073,1583455.711834214,5317591.080085832,38047.87804878049,1583109.9442934764,5316641.091575275,38047.87804878049
1583505.6857692127,5318110.809862683,37560.097560975606,0.2585228017219261,1583209.8921634743,5317680.551128978,37072.31707317073,1583555.6597042119,5318630.539639534,37072.31707317073,1583801.4793749512,5318541.068596388,38047.87804878049,1583455.711834214,5317591.080085832,38047.87804878049
1583851.4533099502,5319060.79837324,37560.097560975606,0.20422751264730368,1583555.6597042119,5318630.539639534,37072.31707317073,1583901.4272449492,5319580.528150091,37072.31707317073,1584147.2469156887,5319491.057106945,38047.87804878049,1583801.4793749512,5318541.068596388,38047.87804878049
1584197.2208506877,5320010.786883797,37560.097560975606,0.08579690336062817,1583901.4272449492,5319580.528150091,37072.31707317073,1584247.194785687,5320530.5166606475,37072.31707317073,1584493.0144564263,5320441.045617501,38047.87804878049,1584147.2469156887,5319491.057106945,38047.87804878049
1584542.9883914252,5320960.775394352,37560.097560975606,0.16775473009568173,1584247.194785687,5320530.5166606475,37072.31707317073,1584592.9623264242,5321480.505171204,37072.31707317073,1584838.7819971638,5321391.034128058,38047.87804878049,1584493.0144564263,5320441.045617501,38047.87804878049
1584888.7559321627,5321910.763904909,37560.097560975606,0.2502389190526766,1584592.9623264242,5321480.505171204,37072.31707317073,1584938.7298671615,5322430.4936817605,37072.31707317073,1585184.549537901,5322341.022638614,38047.87804878049,1584838.7819971638,5321391.034128058,38047.87804878049
1585234.5234729,5322860.752415466,37560.097560975606,0.37811347132745826,1584938.7298671615,5322430.4936817605,37072.31707317073,1585284.4974078992,5323380.482192317,37072.31707317073,1585530.3170786386,5323291.011149171,38047.87804878049,1585184.549537901,5322341.022638614,38047.87804878049
1585580.2910136376,5323810.740926022,37560.097560975606,0.8606418318817362,1585284.4974078992,5323380.482192317,37072.31707317073,1585630.2649486365,5324330.470702874,37072.31707317073,1585876.084619376,5324240.999659727,38047.87804878049,1585530.3170786386,5323291.011149171,38047.87804878049
1585926.0585543753,5324760.729436579,37560.097560975606,1.3321641616238795,1585630.2649486365,5324330.470702874,37072.31707317073,1585976.032489374,5325280.45921343,37072.31707317073,1586221.8521601134,5325190.988170284,38047.87804878049,1585876.084619376,5324240.999659727,38047.87804878049
1586271.8260951124,5325710.717947135,37560.097560975606,2.1177811078948454,1585976.032489374,5325280.45921343,37072.31707317073,1586321.8000301116,5326230.447723987,37072.31707317073,1586567.6197008512,5326140.97668084,38047.87804878049,1586221.8521601134,5325190.988170284,38047.87804878049
1586617.59363585,5326660.706457692,37560.097560975606,1.4454050082993375,1586321.8000301116,5326230.447723987,37072.31707317073,1586667.5675708489,5327180.436234543,37072.31707317073,1586913.3872415884,5327090.965191396,38047.87804878049,1586567.6197008512,5326140.97668084,38047.87804878049
1586963.3611765874,5327610.694968249,37560.097560975606,0.6333734082215562,1586667.5675708489,5327180.436234543,37072.31707317073,1587013.3351115864,5328130.4247451,37072.31707317073,1587259.1547823257,5328040.953701953,38047.87804878049,1586913.3872415884,5327090.965191396,38047.87804878049
1587309.1287173247,5328560.683478804,37560.097560975606,0.5874247670927075,1587013.3351115864,5328130.4247451,37072.31707317073,1587359.102652324,5329080.413255656,37072.31707317073,1587604.9223230632,5328990.94221251,38047.87804878049,1587259.1547823257,5328040.953701953,38047.87804878049
1587654.8962580622,5329510.671989361,37560.097560975606,0.44998797085538084,1587359.102652324,5329080.413255656,37072.31707317073,1587704.8701930612,5330030.401766213,37072.31707317073,1587950.6898638008,5329940.930723066,38047.87804878049,1587604.9223230632,5328990.94221251,38047.87804878049
1588000.6637988,5330460.660499918,37560.097560975606,0.5726455970965926,1587704.8701930612,5330030.401766213,37072.31707317073,1588050.6377337987,5330980.390276769,37072.31707317073,1588296.457404538,5330890.919233623,38047.87804878049,1587950.6898638008,5329940.930723066,38047.87804878049
1588346.431339537,5331410.649010474,37560.097560975606,0.8372332421719437,1588050.6377337987,5330980.390276769,37072.31707317073,1588396.4052745362,5331930.378787326,37072.31707317073,1588642.2249452758,5331840.9077441795,38047.87804878049,1588296.457404538,5330890.919233623,38047.87804878049
1588692.1988802745,5332360.637521031,37560.097560975606,1.047250924151922,1588396.4052745362,5331930.378787326,37072.31707317073,1588742.1728152735,5332880.367297882,37072.31707317073,1588987.992486013,5332790.896254735,38047.87804878049,1588642.2249452758,5331840.9077441795,38047.87804878049
1589037.966421012,5333310.626031587,37560.097560975606,1.759677702350502,1588742.1728152735,5332880.367297882,37072.31707317073,1589087.940356011,5333830.355808439,37072.31707317073,1589333.7600267504,5333740.8847652925,38047.87804878049,1588987.992486013,5332790.896254735,38047.87804878049
1589383.7339617496,5334260.614542144,37560.097560975606,1.8881649996993348,1589087.940356011,5333830.355808439,37072.31707317073,1589433.7078967486,5334780.344318995,37072.31707317073,1589679.5275674881,5334690.873275849,38047.87804878049,1589333.7600267504,5333740.8847652925,38047.87804878049
1589729.5015024869,5335210.603052701,37560.097560975606,0.7751028588279871,1589433.7078967486,5334780.344318995,37072.31707317073,1589779.475437486,5335730.332829552,37072.31707317073,1590025.2951082254,5335640.861786406,38047.87804878049,1589679.5275674881,5334690.873275849,38047.87804878049
1590075.2690432246,5336160.591563256,37560.097560975606,1.003164133361535,1589779.475437486,5335730.332829552,37072.31707317073,1590125.2429782234,5336680.321340108,37072.31707317073,1590371.062648963,5336590.850296962,38047.87804878049,1590025.2951082254,5335640.861786406,38047.87804878049
1569920.8038104537,5280021.798397277,38535.65853658537,5.389051152376187,1569625.0102047157,5279591.539663571,38047.87804878049,1569970.777745453,5280541.528174127,38047.87804878049,1570216.5974161916,5280452.057130981,39023.439024390245,1569870.8298754543,5279502.068620426,39023.439024390245
1570266.571351191,5280971.786907832,38535.65853658537,3.8793840301677305,1569970.777745453,5280541.528174127,38047.87804878049,1570316.5452861907,5281491.516684684,38047.87804878049,1570562.364956929,5281402.045641539,39023.439024390245,1570216.5974161916,5280452.057130981,39023.439024390245
1570612.3388919285,5281921.77541839,38535.65853658537,3.00398974406428,1570316.5452861907,5281491.516684684,38047.87804878049,1570662.312826928,5282441.5051952405,38047.87804878049,1570908.1324976666,5282352.034152094,39023.439024390245,1570562.364956929,5281402.045641539,39023.439024390245
1570958.106432666,5282871.763928945,38535.65853658537,2.037584390155538,1570662.312826928,5282441.5051952405,38047.87804878049,1571008.0803676653,5283391.493705797,38047.87804878049,1571253.900038404,5283302.022662652,39023.439024390245,1570908.1324976666,5282352.034152094,39023.439024390245
1571303.8739734034,5283821.752439503,38535.65853658537,0.941118248625923,1571008.0803676653,5283391.493705797,38047.87804878049,1571353.847908403,5284341.4822163535,38047.87804878049,1571599.6675791414,5284252.011173207,39023.439024390245,1571253.900038404,5283302.022662652,39023.439024390245
1571649.6415141409,5284771.740950058,38535.65853658537,0.9296161365792559,1571353.847908403,5284341.4822163535,38047.87804878049,1571699.6154491403,5285291.47072691,38047.87804878049,1571945.435119879,5285201.999683765,39023.439024390245,1571599.6675791414,5284252.011173207,39023.439024390245
1571995.4090548784,5285721.729460616,38535.65853658537,2.1444642963053218,1571699.6154491403,5285291.47072691,38047.87804878049,1572045.3829898778,5286241.459237467,38047.87804878049,1572291.2026606163,5286151.98819432,39023.439024390245,1571945.435119879,5285201.999683765,39023.439024390245
1572341.1765956157,5286671.717971172,38535.65853658537,1.8857201091753395,1572045.3829898778,5286241.459237467,38047.87804878049,1572391.1505306154,5287191.447748023,38047.87804878049,1572636.9702013538,5287101.976704877,39023.439024390245,1572291.2026606163,5286151.98819432,39023.439024390245
1572686.9441363532,5287621.706481728,38535.65853658537,2.3545359992195807,1572391.1505306154,5287191.447748023,38047.87804878049,1572736.9180713526,5288141.43625858,38047.87804878049,1572982.7377420913,5288051.965215433,39023.439024390245,1572636.9702013538,5287101.976704877,39023.439024390245
1573032.711677091,5288571.694992284,38535.65853658537,2.811896766502025,1572736.9180713526,5288141.43625858,38047.87804878049,1573082.6856120902,5289091.424769136,38047.87804878049,1573328.5052828286,5289001.953725991,39023.439024390245,1572982.7377420913,5288051.965215433,39023.439024390245
1573378.479217828,5289521.683502842,38535.65853658537,2.1834790938615125,1573082.6856120902,5289091.424769136,38047.87804878049,1573428.4531528277,5290041.413279693,38047.87804878049,1573674.2728235663,5289951.942236546,39023.439024390245,1573328.5052828286,5289001.953725991,39023.439024390245
1573724.2467585655,5290471.672013397,38535.65853658537,1.0331844464931872,1573428.4531528277,5290041.413279693,38047.87804878049,1573774.2206935652,5290991.401790249,38047.87804878049,1574020.0403643036,5290901.930747104,39023.439024390245,1573674.2728235663,5289951.942236546,39023.439024390245
1574070.0142993033,5291421.660523955,38535.65853658537,0.5718412786499557,1573774.2206935652,5290991.401790249,38047.87804878049,1574119.9882343025,5291941.390300806,38047.87804878049,1574365.8079050414,5291851.919257659,39023.439024390245,1574020.0403643036,5290901.930747104,39023.439024390245
1574415.7818400406,5292371.64903451,38535.65853658537,0.33717315782292995,1574119.9882343025,5291941.390300806,38047.87804878049,1574465.75577504,5292891.378811362,38047.87804878049,1574711.5754457787,5292801.907768216,39023.439024390245,1574365.8079050414,5291851.919257659,39023.439024390245
1574761.5493807779,5293321.637545068,38535.65853658537,0.08219912468335484,1574465.75577504,5292891.378811362,38047.87804878049,1574811.5233157775,5293841.367321919,38047.87804878049,1575057.342986516,5293751.8962787725,39023.439024390245,1574711.5754457787,5292801.907768216,39023.439024390245
1575107.3169215156,5294271.626055624,38535.65853658537,0.09501699803475905,1574811.5233157775,5293841.367321919,38047.87804878049,1575157.2908565148,5294791.355832475,38047.87804878049,1575403.1105272537,5294701.88478933,39023.439024390245,1575057.342986516,5293751.8962787725,39023.439024390245
1575453.0844622527,5295221.614566181,38535.65853658537,0.19193608911271962,1575157.2908565148,5294791.355832475,38047.87804878049,1575503.0583972523,5295741.344343032,38047.87804878049,1575748.878067991,5295651.873299886,39023.439024390245,1575403.1105272537,5294701.88478933,39023.439024390245
1575798.8520029904,5296171.603076736,38535.65853658537,0.22637650759189776,1575503.0583972523,5295741.344343032,38047.87804878049,1575848.8259379899,5296691.332853588,38047.87804878049,1576094.6456087285,5296601.861810443,39023.439024390245,1575748.878067991,5295651.873299886,39023.439024390245
1576144.619543728,5297121.591587294,38535.65853658537,0.1706133649216463,1575848.8259379899,5296691.332853588,38047.87804878049,1576194.5934787272,5297641.321364145,38047.87804878049,1576440.413149466,5297551.850320999,39023.439024390245,1576094.6456087285,5296601.861810443,39023.439024390245
1576490.3870844652,5298071.5800978495,38535.65853658537,0.15869896042652853,1576194.5934787272,5297641.321364145,38047.87804878049,1576540.3610194647,5298591.309874701,38047.87804878049,1576786.1806902033,5298501.838831555,39023.439024390245,1576440.413149466,5297551.850320999,39023.439024390245
1576836.1546252028,5299021.568608407,38535.65853658537,0.16110026276226583,1576540.3610194647,5298591.309874701,38047.87804878049,1576886.1285602022,5299541.298385258,38047.87804878049,1577131.9482309406,5299451.827342112,39023.439024390245,1576786.1806902033,5298501.838831555,39023.439024390245
1577181.9221659403,5299971.5571189625,38535.65853658537,0.07869246749309523,1576886.1285602022,5299541.298385258,38047.87804878049,1577231.8961009395,5300491.286895814,38047.87804878049,1577477.7157716784,5300401.815852669,39023.439024390245,1577131.9482309406,5299451.827342112,39023.439024390245
1577527.6897066776,5300921.54562952,38535.65853658537,0.048738632602809015,1577231.8961009395,5300491.286895814,38047.87804878049,1577577.6636416772,5301441.275406371,38047.87804878049,1577823.4833124157,5301351.804363225,39023.439024390245,1577477.7157716784,5300401.815852669,39023.439024390245
1577873.457247415,5301871.5341400765,38535.65853658537,0.3017541826643579,1577577.6636416772,5301441.275406371,38047.87804878049,1577923.4311824145,5302391.263916927,38047.87804878049,1578169.250853153,5302301.792873781,39023.439024390245,1577823.4833124157,5301351.804363225,39023.439024390245
1578219.2247881526,5302821.522650632,38535.65853658537,1.7355072177957358,1577923.4311824145,5302391.263916927,38047.87804878049,1578269.1987231518,5303341.252427484,38047.87804878049,1578515.0183938907,5303251.781384338,39023.439024390245,1578169.250853153,5302301.792873781,39023.439024390245
1578564.99232889,5303771.511161189,38535.65853658537,1.1270143949105293,1578269.1987231518,5303341.252427484,38047.87804878049,1578614.9662638896,5304291.24093804,38047.87804878049,1578860.785934628,5304201.769894894,39023.439024390245,1578515.0183938907,5303251.781384338,39023.439024390245
1578910.7598696274,5304721.499671746,38535.65853658537,1.5109615842560498,1578614.9662638896,5304291.24093804,38047.87804878049,1578960.7338046269,5305241.229448597,38047.87804878049,1579206.5534753655,5305151.758405451,39023.439024390245,1578860.785934628,5304201.769894894,39023.439024390245
1579256.527410365,5305671.488182302,38535.65853658537,1.5573517629174232,1578960.7338046269,5305241.229448597,38047.87804878049,1579306.5013453646,5306191.2179591535,38047.87804878049,1579552.321016103,5306101.746916008,39023.439024390245,1579206.5534753655,5305151.758405451,39023.439024390245
1579602.2949511025,5306621.476692859,38535.65853658537,0.8548651793766706,1579306.5013453646,5306191.2179591535,38047.87804878049,1579652.268886102,5307141.20646971,38047.87804878049,1579898.0885568403,5307051.735426564,39023.439024390245,1579552.321016103,5306101.746916008,39023.439024390245
1579948.0624918398,5307571.465203415,38535.65853658537,1.194216353179939,1579652.268886102,5307141.20646971,38047.87804878049,1579998.0364268392,5308091.1949802665,38047.87804878049,1580243.8560975778,5308001.72393712,39023.439024390245,1579898.0885568403,5307051.735426564,39023.439024390245
1580293.8300325773,5308521.453713972,38535.65853658537,1.3997788276416858,1579998.0364268392,5308091.1949802665,38047.87804878049,1580343.803967577,5309041.183490823,38047.87804878049,1580589.6236383154,5308951.712447677,39023.439024390245,1580243.8560975778,5308001.72393712,39023.439024390245
1580639.5975733148,5309471.442224529,38535.65853658537,2.1025724136514485,1580343.803967577,5309041.183490823,38047.87804878049,1580689.5715083142,5309991.17200138,38047.87804878049,1580935.3911790529,5309901.700958233,39023.439024390245,1580589.6236383154,5308951.712447677,39023.439024390245
1580985.3651140523,5310421.430735084,38535.65853658537,0.8640663945654108,1580689.5715083142,5309991.17200138,38047.87804878049,1581035.3390490515,5310941.160511936,38047.87804878049,1581281.1587197902,5310851.68946879,39023.439024390245,1580935.3911790529,5309901.700958233,39023.439024390245
1581331.1326547896,5311371.419245641,38535.65853658537,0.15758934282503667,1581035.3390490515,5310941.160511936,38047.87804878049,1581381.1065897893,5311891.149022493,38047.87804878049,1581626.926260528,5311801.677979347,39023.439024390245,1581281.1587197902,5310851.68946879,39023.439024390245
1581676.9001955271,5312321.407756198,38535.65853658537,0.08610744384194456,1581381.1065897893,5311891.149022493,38047.87804878049,1581726.8741305266,5312841.137533049,38047.87804878049,1581972.6938012652,5312751.666489903,39023.439024390245,1581626.926260528,5311801.677979347,39023.439024390245
1582022.6677362646,5313271.396266754,38535.65853658537,0.17893117016942214,1581726.8741305266,5312841.137533049,38047.87804878049,1582072.6416712638,5313791.126043606,38047.87804878049,1582318.4613420025,5313701.655000459,39023.439024390245,1581972.6938012652,5312751.666489903,39023.439024390245
1582368.4352770022,5314221.384777311,38535.65853658537,0.23600761729542583,1582072.6416712638,5313791.126043606,38047.87804878049,1582418.4092120016,5314741.114554162,38047.87804878049,1582664.2288827403,5314651.643511016,39023.439024390245,1582318.4613420025,5313701.655000459,39023.439024390245
1582714.2028177395,5315171.373287867,38535.65853658537,0.33686373688855775,1582418.4092120016,5314741.114554162,38047.87804878049,1582764.176752739,5315691.103064719,38047.87804878049,1583009.9964234775,5315601.632021572,39023.439024390245,1582664.2288827403,5314651.643511016,39023.439024390245
1583059.9703584772,5316121.361798424,38535.65853658537,0.3406580331816495,1582764.176752739,5315691.103064719,38047.87804878049,1583109.9442934764,5316641.091575275,38047.87804878049,1583355.7639642148,5316551.620532129,39023.439024390245,1583009.9964234775,5315601.632021572,39023.439024390245
1583405.7378992143,5317071.350308981,38535.65853658537,0.1423862232131021,1583109.9442934764,5316641.091575275,38047.87804878049,1583455.711834214,5317591.080085832,38047.87804878049,1583701.5315049526,5317501.6090426855,39023.439024390245,1583355.7639642148,5316551.620532129,39023.439024390245
1583751.5054399518,5318021.338819536,38535.65853658537,0.08503025396886074,1583455.711834214,5317591.080085832,38047.87804878049,1583801.4793749512,5318541.068596388,38047.87804878049,1584047.2990456899,5318451.597553242,39023.439024390245,1583701.5315049526,5317501.6090426855,39023.439024390245
1584097.2729806893,5318971.327330093,38535.65853658537,0.2346462060708033,1583801.4793749512,5318541.068596388,38047.87804878049,1584147.2469156887,5319491.057106945,38047.87804878049,1584393.0665864272,5319401.5860637985,39023.439024390245,1584047.2990456899,5318451.597553242,39023.439024390245
1584443.0405214268,5319921.31584065,38535.65853658537,0.24831503504164587,1584147.2469156887,5319491.057106945,38047.87804878049,1584493.0144564263,5320441.045617501,38047.87804878049,1584738.834127165,5320351.574574355,39023.439024390245,1584393.0665864272,5319401.5860637985,39023.439024390245
1584788.808062164,5320871.304351206,38535.65853658537,0.2404708388223216,1584493.0144564263,5320441.045617501,38047.87804878049,1584838.7819971638,5321391.034128058,38047.87804878049,1585084.6016679022,5321301.563084912,39023.439024390245,1584738.834127165,5320351.574574355,39023.439024390245
1585134.5756029019,5321821.292861763,38535.65853658537,0.4041234116039314,1584838.7819971638,5321391.034128058,38047.87804878049,1585184.549537901,5322341.022638614,38047.87804878049,1585430.3692086395,5322251.551595468,39023.439024390245,1585084.6016679022,5321301.563084912,39023.439024390245
1585480.343143639,5322771.281372319,38535.65853658537,0.8011094988082541,1585184.549537901,5322341.022638614,38047.87804878049,1585530.3170786386,5323291.011149171,38047.87804878049,1585776.1367493772,5323201.540106025,39023.439024390245,1585430.3692086395,5322251.551595468,39023.439024390245
1585826.1106843764,5323721.269882876,38535.65853658537,1.8118287801500663,1585530.3170786386,5323291.011149171,38047.87804878049,1585876.084619376,5324240.999659727,38047.87804878049,1586121.9042901145,5324151.528616581,39023.439024390245,1585776.1367493772,5323201.540106025,39023.439024390245
1586171.8782251142,5324671.258393433,38535.65853658537,1.7054584060416653,1585876.084619376,5324240.999659727,38047.87804878049,1586221.8521601134,5325190.988170284,38047.87804878049,1586467.6718308523,5325101.517127138,39023.439024390245,1586121.9042901145,5324151.528616581,39023.439024390245
1586517.6457658515,5325621.2469039885,38535.65853658537,1.656792410031944,1586221.8521601134,5325190.988170284,38047.87804878049,1586567.6197008512,5326140.97668084,38047.87804878049,1586813.4393715896,5326051.505637694,39023.439024390245,1586467.6718308523,5325101.517127138,39023.439024390245
1586863.4133065888,5326571.235414545,38535.65853658537,0.9945818728452736,1586567.6197008512,5326140.97668084,38047.87804878049,1586913.3872415884,5327090.965191396,38047.87804878049,1587159.2069123269,5327001.494148251,39023.439024390245,1586813.4393715896,5326051.505637694,39023.439024390245
1587209.1808473265,5327521.223925102,38535.65853658537,0.41603627286416595,1586913.3872415884,5327090.965191396,38047.87804878049,1587259.1547823257,5328040.953701953,38047.87804878049,1587504.9744530646,5327951.482658807,39023.439024390245,1587159.2069123269,5327001.494148251,39023.439024390245
1587554.9483880636,5328471.212435658,38535.65853658537,0.2843852408937578,1587259.1547823257,5328040.953701953,38047.87804878049,1587604.9223230632,5328990.94221251,38047.87804878049,1587850.741993802,5328901.471169364,39023.439024390245,1587504.9744530646,5327951.482658807,39023.439024390245
1587900.7159288013,5329421.200946216,38535.65853658537,0.37553884024825557,1587604.9223230632,5328990.94221251,38047.87804878049,1587950.6898638008,5329940.930723066,38047.87804878049,1588196.5095345394,5329851.45967992,39023.439024390245,1587850.741993802,5328901.471169364,39023.439024390245
1588246.4834695389,5330371.189456771,38535.65853658537,0.838408936089429,1587950.6898638008,5329940.930723066,38047.87804878049,1588296.457404538,5330890.919233623,38047.87804878049,1588542.277075277,5330801.448190477,39023.439024390245,1588196.5095345394,5329851.45967992,39023.439024390245
1588592.2510102761,5331321.177967329,38535.65853658537,0.6874329416355028,1588296.457404538,5330890.919233623,38047.87804878049,1588642.2249452758,5331840.9077441795,38047.87804878049,1588888.0446160142,5331751.436701033,39023.439024390245,1588542.277075277,5330801.448190477,39023.439024390245
1588938.0185510137,5332271.166477884,38535.65853658537,0.7640533695105386,1588642.2249452758,5331840.9077441795,38047.87804878049,1588987.992486013,5332790.896254735,38047.87804878049,1589233.8121567518,5332701.42521159,39023.439024390245,1588888.0446160142,5331751.436701033,39023.439024390245
1589283.7860917512,5333221.154988441,38535.65853658537,1.331243299461328,1588987.992486013,5332790.896254735,38047.87804878049,1589333.7600267504,5333740.8847652925,38047.87804878049,1589579.5796974893,5333651.413722146,39023.439024390245,1589233.8121567518,5332701.42521159,39023.439024390245
1589629.5536324885,5334171.143498997,38535.65853658537,1.5450575685381744,1589333.7600267504,5333740.8847652925,38047.87804878049,1589679.5275674881,5334690.873275849,38047.87804878049,1589925.3472382266,5334601.402232703,39023.439024390245,1589579.5796974893,5333651.413722146,39023.439024390245
1589975.321173226,5335121.132009555,38535.65853658537,0.6992675959675372,1589679.5275674881,5334690.873275849,38047.87804878049,1590025.2951082254,5335640.861786406,38047.87804878049,1590271.114778964,5335551.390743259,39023.439024390245,1589925.3472382266,5334601.402232703,39023.439024390245
1590321.0887139635,5336071.12052011,38535.65853658537,0.5311101697304417,1590025.2951082254,5335640.861786406,38047.87804878049,1590371.062648963,5336590.850296962,38047.87804878049,1590616.8823197016,5336501.379253816,39023.439024390245,1590271.114778964,5335551.390743259,39023.439024390245
1570166.6234811929,5279932.327354129,39511.21951219512,4.314866785397634,1569870.8298754543,5279502.068620426,39023.439024390245,1570216.5974161916,5280452.057130981,39023.439024390245,1570462.417086931,5280362.586087836,39999.0,1570116.6495461937,5279412.5975772785,39999.0
1570512.3910219301,5280882.315864687,39511.21951219512,3.4657190054716356,1570216.5974161916,5280452.057130981,39023.439024390245,1570562.364956929,5281402.045641539,39023.439024390245,1570808.1846276687,5281312.574598392,39999.0,1570462.417086931,5280362.586087836,39999.0
1570858.1585626674,5281832.304375243,39511.21951219512,2.01583259341592,1570562.364956929,5281402.045641539,39023.439024390245,1570908.1324976666,5282352.034152094,39023.439024390245,1571153.952168406,5282262.563108948,39999.0,1570808.1846276687,5281312.574598392,39999.0
1571203.9261034052,5282782.2928858,39511.21951219512,1.3454421835984591,1570908.1324976666,5282352.034152094,39023.439024390245,1571253.900038404,5283302.022662652,39023.439024390245,1571499.7197091435,5283212.551619505,39999.0,1571153.952168406,5282262.563108948,39999.0
1571549.6936441422,5283732.281396356,39511.21951219512,1.4898494087224747,1571253.900038404,5283302.022662652,39023.439024390245,1571599.6675791414,5284252.011173207,39023.439024390245,1571845.487249881,5284162.540130061,39999.0,1571499.7197091435,5283212.551619505,39999.0
1571895.4611848798,5284682.269906913,39511.21951219512,1.7251107383589506,1571599.6675791414,5284252.011173207,39023.439024390245,1571945.435119879,5285201.999683765,39023.439024390245,1572191.2547906183,5285112.528640618,39999.0,1571845.487249881,5284162.540130061,39999.0
1572241.2287256175,5285632.258417469,39511.21951219512,0.7370749334820896,1571945.435119879,5285201.999683765,39023.439024390245,1572291.2026606163,5286151.98819432,39023.439024390245,1572537.022331356,5286062.517151175,39999.0,1572191.2547906183,5285112.528640618,39999.0
1572586.9962663548,5286582.246928026,39511.21951219512,0.5820680531983581,1572291.2026606163,5286151.98819432,39023.439024390245,1572636.9702013538,5287101.976704877,39023.439024390245,1572882.7898720934,5287012.505661731,39999.0,1572537.022331356,5286062.517151175,39999.0
1572932.7638070923,5287532.235438582,39511.21951219512,0.9397204518790367,1572636.9702013538,5287101.976704877,39023.439024390245,1572982.7377420913,5288051.965215433,39023.439024390245,1573228.5574128306,5287962.494172287,39999.0,1572882.7898720934,5287012.505661731,39999.0
1573278.5313478298,5288482.223949139,39511.21951219512,1.5774946434977755,1572982.7377420913,5288051.965215433,39023.439024390245,1573328.5052828286,5289001.953725991,39023.439024390245,1573574.3249535684,5288912.482682844,39999.0,1573228.5574128306,5287962.494172287,39999.0
1573624.2988885671,5289432.2124596955,39511.21951219512,1.615752686076101,1573328.5052828286,5289001.953725991,39023.439024390245,1573674.2728235663,5289951.942236546,39023.439024390245,1573920.0924943057,5289862.4711934,39999.0,1573574.3249535684,5288912.482682844,39999.0
1573970.0664293047,5290382.200970252,39511.21951219512,1.2284425442267357,1573674.2728235663,5289951.942236546,39023.439024390245,1574020.0403643036,5290901.930747104,39023.439024390245,1574265.8600350432,5290812.459703957,39999.0,1573920.0924943057,5289862.4711934,39999.0
1574315.8339700422,5291332.189480809,39511.21951219512,0.4195467080144635,1574020.0403643036,5290901.930747104,39023.439024390245,1574365.8079050414,5291851.919257659,39023.439024390245,1574611.6275757807,5291762.448214514,39999.0,1574265.8600350432,5290812.459703957,39999.0
1574661.6015107795,5292282.177991365,39511.21951219512,0.3010771187531016,1574365.8079050414,5291851.919257659,39023.439024390245,1574711.5754457787,5292801.907768216,39023.439024390245,1574957.395116518,5292712.43672507,39999.0,1574611.6275757807,5291762.448214514,39999.0
1575007.369051517,5293232.166501921,39511.21951219512,0.1332104810947953,1574711.5754457787,5292801.907768216,39023.439024390245,1575057.342986516,5293751.8962787725,39023.439024390245,1575303.1626572555,5293662.425235626,39999.0,1574957.395116518,5292712.43672507,39999.0
1575353.1365922545,5294182.155012479,39511.21951219512,0.12470390772155718,1575057.342986516,5293751.8962787725,39023.439024390245,1575403.1105272537,5294701.88478933,39023.439024390245,1575648.930197993,5294612.413746183,39999.0,1575303.1626572555,5293662.425235626,39999.0
1575698.904132992,5295132.143523034,39511.21951219512,0.6851192420657612,1575403.1105272537,5294701.88478933,39023.439024390245,1575748.878067991,5295651.873299886,39023.439024390245,1575994.6977387303,5295562.402256739,39999.0,1575648.930197993,5294612.413746183,39999.0
1576044.6716737293,5296082.132033591,39511.21951219512,0.8761699835323725,1575748.878067991,5295651.873299886,39023.439024390245,1576094.6456087285,5296601.861810443,39023.439024390245,1576340.4652794679,5296512.390767296,39999.0,1575994.6977387303,5295562.402256739,39999.0
1576390.4392144668,5297032.120544148,39511.21951219512,0.6767856276505225,1576094.6456087285,5296601.861810443,39023.439024390245,1576440.413149466,5297551.850320999,39023.439024390245,1576686.2328202054,5297462.379277852,39999.0,1576340.4652794679,5296512.390767296,39999.0
1576736.2067552041,5297982.109054704,39511.21951219512,0.617466996327637,1576440.413149466,5297551.850320999,39023.439024390245,1576786.1806902033,5298501.838831555,39023.439024390245,1577032.0003609427,5298412.367788409,39999.0,1576686.2328202054,5297462.379277852,39999.0
1577081.9742959416,5298932.097565261,39511.21951219512,0.6212569136002258,1576786.1806902033,5298501.838831555,39023.439024390245,1577131.9482309406,5299451.827342112,39023.439024390245,1577377.7679016802,5299362.356298965,39999.0,1577032.0003609427,5298412.367788409,39999.0
1577427.7418366792,5299882.086075817,39511.21951219512,0.7151683170306772,1577131.9482309406,5299451.827342112,39023.439024390245,1577477.7157716784,5300401.815852669,39023.439024390245,1577723.5354424177,5300312.344809522,39999.0,1577377.7679016802,5299362.356298965,39999.0
1577773.5093774167,5300832.074586374,39511.21951219512,0.9542575681926663,1577477.7157716784,5300401.815852669,39023.439024390245,1577823.4833124157,5301351.804363225,39023.439024390245,1578069.3029831552,5301262.333320078,39999.0,1577723.5354424177,5300312.344809522,39999.0
1578119.2769181542,5301782.06309693,39511.21951219512,1.2810570892970627,1577823.4833124157,5301351.804363225,39023.439024390245,1578169.250853153,5302301.792873781,39023.439024390245,1578415.0705238925,5302212.321830635,39999.0,1578069.3029831552,5301262.333320078,39999.0
1578465.0444588915,5302732.051607486,39511.21951219512,1.3256564748009534,1578169.250853153,5302301.792873781,39023.439024390245,1578515.0183938907,5303251.781384338,39023.439024390245,1578760.83806463,5303162.3103411915,39999.0,1578415.0705238925,5302212.321830635,39999.0
1578810.811999629,5303682.040118043,39511.21951219512,2.1064929029284185,1578515.0183938907,5303251.781384338,39023.439024390245,1578860.785934628,5304201.769894894,39023.439024390245,1579106.6056053676,5304112.298851748,39999.0,1578760.83806463,5303162.3103411915,39999.0
1579156.5795403668,5304632.028628599,39511.21951219512,1.7799248294503778,1578860.785934628,5304201.769894894,39023.439024390245,1579206.5534753655,5305151.758405451,39023.439024390245,1579452.3731461049,5305062.2873623045,39999.0,1579106.6056053676,5304112.298851748,39999.0
1579502.3470811038,5305582.017139156,39511.21951219512,1.089321879659394,1579206.5534753655,5305151.758405451,39023.439024390245,1579552.321016103,5306101.746916008,39023.439024390245,1579798.1406868426,5306012.275872861,39999.0,1579452.3731461049,5305062.2873623045,39999.0
1579848.1146218413,5306532.005649713,39511.21951219512,1.0169864877978585,1579552.321016103,5306101.746916008,39023.439024390245,1579898.0885568403,5307051.735426564,39023.439024390245,1580143.90822758,5306962.264383418,39999.0,1579798.1406868426,5306012.275872861,39999.0
1580193.8821625789,5307481.994160268,39511.21951219512,1.13513115560478,1579898.0885568403,5307051.735426564,39023.439024390245,1580243.8560975778,5308001.72393712,39023.439024390245,1580489.6757683172,5307912.252893974,39999.0,1580143.90822758,5306962.264383418,39999.0
1580539.6497033164,5308431.982670825,39511.21951219512,0.9510629144695348,1580243.8560975778,5308001.72393712,39023.439024390245,1580589.6236383154,5308951.712447677,39023.439024390245,1580835.443309055,5308862.241404531,39999.0,1580489.6757683172,5307912.252893974,39999.0
1580885.4172440537,5309381.971181382,39511.21951219512,1.269408161573427,1580589.6236383154,5308951.712447677,39023.439024390245,1580935.3911790529,5309901.700958233,39023.439024390245,1581181.2108497922,5309812.229915087,39999.0,1580835.443309055,5308862.241404531,39999.0
1581231.1847847914,5310331.959691938,39511.21951219512,0.7445244577442381,1580935.3911790529,5309901.700958233,39023.439024390245,1581281.1587197902,5310851.68946879,39023.439024390245,1581526.9783905298,5310762.218425644,39999.0,1581181.2108497922,5309812.229915087,39999.0
1581576.9523255287,5311281.948202495,39511.21951219512,0.3392221552814968,1581281.1587197902,5310851.68946879,39023.439024390245,1581626.926260528,5311801.677979347,39023.439024390245,1581872.7459312673,5311712.2069362,39999.0,1581526.9783905298,5310762.218425644,39999.0
1581922.719866266,5312231.936713052,39511.21951219512,0.4264795892770774,1581626.926260528,5311801.677979347,39023.439024390245,1581972.6938012652,5312751.666489903,39023.439024390245,1582218.5134720046,5312662.195446757,39999.0,1581872.7459312673,5311712.2069362,39999.0
1582268.4874070038,5313181.9252236085,39511.21951219512,0.3880560692751857,1581972.6938012652,5312751.666489903,39023.439024390245,1582318.4613420025,5313701.655000459,39023.439024390245,1582564.281012742,5313612.183957313,39999.0,1582218.5134720046,5312662.195446757,39999.0
1582614.254947741,5314131.913734165,39511.21951219512,0.6479168570654118,1582318.4613420025,5313701.655000459,39023.439024390245,1582664.2288827403,5314651.643511016,39023.439024390245,1582910.0485534796,5314562.17246787,39999.0,1582564.281012742,5313612.183957313,39999.0
1582960.0224884783,5315081.902244721,39511.21951219512,0.5580509121620366,1582664.2288827403,5314651.643511016,39023.439024390245,1583009.9964234775,5315601.632021572,39023.439024390245,1583255.816094217,5315512.160978426,39999.0,1582910.0485534796,5314562.17246787,39999.0
1583305.790029216,5316031.890755277,39511.21951219512,0.325580536726593,1583009.9964234775,5315601.632021572,39023.439024390245,1583355.7639642148,5316551.620532129,39023.439024390245,1583601.5836349544,5316462.149488983,39999.0,1583255.816094217,5315512.160978426,39999.0
1583651.5575699534,5316981.879265835,39511.21951219512,0.11290235767106946,1583355.7639642148,5316551.620532129,39023.439024390245,1583701.5315049526,5317501.6090426855,39023.439024390245,1583947.351175692,5317412.137999539,39999.0,1583601.5836349544,5316462.149488983,39999.0
1583997.3251106907,5317931.86777639,39511.21951219512,0.18759739801162972,1583701.5315049526,5317501.6090426855,39023.439024390245,1584047.2990456899,5318451.597553242,39023.439024390245,1584293.1187164292,5318362.126510096,39999.0,1583947.351175692,5317412.137999539,39999.0
1584343.0926514284,5318881.856286948,39511.21951219512,0.4998548708718465,1584047.2990456899,5318451.597553242,39023.439024390245,1584393.0665864272,5319401.5860637985,39023.439024390245,1584638.886257167,5319312.115020652,39999.0,1584293.1187164292,5318362.126510096,39999.0
1584688.8601921657,5319831.844797503,39511.21951219512,0.33253581980586544,1584393.0665864272,5319401.5860637985,39023.439024390245,1584738.834127165,5320351.574574355,39023.439024390245,1584984.6537979043,5320262.103531209,39999.0,1584638.886257167,5319312.115020652,39999.0
1585034.6277329032,5320781.833308061,39511.21951219512,0.30290163403020914,1584738.834127165,5320351.574574355,39023.439024390245,1585084.6016679022,5321301.563084912,39023.439024390245,1585330.4213386418,5321212.092041765,39999.0,1584984.6537979043,5320262.103531209,39999.0
1585380.3952736408,5321731.821818617,39511.21951219512,0.7572366283073485,1585084.6016679022,5321301.563084912,39023.439024390245,1585430.3692086395,5322251.551595468,39023.439024390245,1585676.1888793793,5322162.080552322,39999.0,1585330.4213386418,5321212.092041765,39999.0
1585726.162814378,5322681.810329173,39511.21951219512,0.6293576750578919,1585430.3692086395,5322251.551595468,39023.439024390245,1585776.1367493772,5323201.540106025,39023.439024390245,1586021.9564201166,5323112.069062878,39999.0,1585676.1888793793,5322162.080552322,39999.0
1586071.9303551156,5323631.798839729,39511.21951219512,0.3911494569780153,1585776.1367493772,5323201.540106025,39023.439024390245,1586121.9042901145,5324151.528616581,39023.439024390245,1586367.723960854,5324062.057573435,39999.0,1586021.9564201166,5323112.069062878,39999.0
1586417.697895853,5324581.787350287,39511.21951219512,0.6182569380121482,1586121.9042901145,5324151.528616581,39023.439024390245,1586467.6718308523,5325101.517127138,39023.439024390245,1586713.4915015916,5325012.046083991,39999.0,1586367.723960854,5324062.057573435,39999.0
1586763.4654365906,5325531.775860842,39511.21951219512,0.6552597412703641,1586467.6718308523,5325101.517127138,39023.439024390245,1586813.4393715896,5326051.505637694,39023.439024390245,1587059.2590423292,5325962.034594548,39999.0,1586713.4915015916,5325012.046083991,39999.0
1587109.2329773281,5326481.7643714,39511.21951219512,0.3572279139116405,1586813.4393715896,5326051.505637694,39023.439024390245,1587159.2069123269,5327001.494148251,39023.439024390245,1587405.0265830664,5326912.023105104,39999.0,1587059.2590423292,5325962.034594548,39999.0
1587455.0005180654,5327431.752881955,39511.21951219512,0.30381834330799773,1587159.2069123269,5327001.494148251,39023.439024390245,1587504.9744530646,5327951.482658807,39023.439024390245,1587750.794123804,5327862.011615661,39999.0,1587405.0265830664,5326912.023105104,39999.0
1587800.768058803,5328381.741392513,39511.21951219512,0.37962790484670306,1587504.9744530646,5327951.482658807,39023.439024390245,1587850.741993802,5328901.471169364,39023.439024390245,1588096.5616645415,5328812.0001262175,39999.0,1587750.794123804,5327862.011615661,39999.0
1588146.5355995405,5329331.729903069,39511.21951219512,0.28219529600574533,1587850.741993802,5328901.471169364,39023.439024390245,1588196.5095345394,5329851.45967992,39023.439024390245,1588442.3292052788,5329761.988636774,39999.0,1588096.5616645415,5328812.0001262175,39999.0
1588492.3031402777,5330281.718413625,39511.21951219512,0.4699450340594487,1588196.5095345394,5329851.45967992,39023.439024390245,1588542.277075277,5330801.448190477,39023.439024390245,1588788.0967460163,5330711.9771473305,39999.0,1588442.3292052788,5329761.988636774,39999.0
1588838.0706810153,5331231.706924181,39511.21951219512,0.7091741605494369,1588542.277075277,5330801.448190477,39023.439024390245,1588888.0446160142,5331751.436701033,39023.439024390245,1589133.8642867538,5331661.965657887,39999.0,1588788.0967460163,5330711.9771473305,39999.0
1589183.838221753,5332181.695434739,39511.21951219512,0.5300580988231078,1588888.0446160142,5331751.436701033,39023.439024390245,1589233.8121567518,5332701.42521159,39023.439024390245,1589479.631827491,5332611.954168444,39999.0,1589133.8642867538,5331661.965657887,39999.0
1589529.60576249,5333131.6839452945,39511.21951219512,0.33009479686126014,1589233.8121567518,5332701.42521159,39023.439024390245,1589579.5796974893,5333651.413722146,39023.439024390245,1589825.3993682286,5333561.942679,39999.0,1589479.631827491,5332611.954168444,39999.0
1589875.3733032276,5334081.672455852,39511.21951219512,0.32437551756774524,1589579.5796974893,5333651.413722146,39023.439024390245,1589925.3472382266,5334601.402232703,39023.439024390245,1590171.1669089661,5334511.931189557,39999.0,1589825.3993682286,5333561.942679,39999.0
1590221.140843965,5335031.6609664075,39511.21951219512,0.3093396685751492,1589925.3472382266,5334601.402232703,39023.439024390245,1590271.114778964,5335551.390743259,39023.439024390245,1590516.9344497034,5335461.919700113,39999.0,1590171.1669089661,5334511.931189557,39999.0
1590566.9083847026,5335981.649476965,39511.21951219512,0.034998087431052795,1590271.114778964,5335551.390743259,39023.439024390245,1590616.8823197016,5336501.379253816,39023.439024390245,1590862.7019904412,5336411.90821067,39999.0,1590516.9344497034,5335461.919700113,39999.0
