clon,clat,cdep,slip,lon1,lat1,dep1,lon2,lat2,dep2,lon3,lat3,dep3,lon4,lat4,dep4
1542131.6366503215,5241335.3458705,488.7804878048781,1.151089441684476,1541837.3066582344,5240909.108382254,1.0,1542180.146971669,5241851.054401894,1.0,1542425.9666424086,5241761.583358748,976.5609756097562,1542083.1263289738,5240819.637339108,976.5609756097562
1542474.4769637561,5242277.291890142,488.7804878048781,1.2819963035038453,1542180.146971669,5241851.054401894,1.0,1542522.9872851039,5242793.000421536,1.0,1542768.8069558435,5242703.529378389,976.5609756097562,1542425.9666424086,5241761.583358748,976.5609756097562
1542817.317277191,5243219.237909784,488.7804878048781,1.4997346991817446,1542522.9872851039,5242793.000421536,1.0,1542865.8275985387,5243734.946441176,1.0,1543111.647269278,5243645.47539803,976.5609756097562,1542768.8069558435,5242703.529378389,976.5609756097562
1543160.1575906258,5244161.183929424,488.7804878048781,2.0418299960572432,1542865.8275985387,5243734.946441176,1.0,1543208.6679119735,5244676.892460817,1.0,1543454.487582713,5244587.421417671,976.5609756097562,1543111.647269278,5243645.47539803,976.5609756097562
1543502.9979040606,5245103.129949064,488.7804878048781,2.973628192119109,1543208.6679119735,5244676.892460817,1.0,1543551.5082254084,5245618.838480459,1.0,1543797.327896148,5245529.367437311,976.5609756097562,1543454.487582713,5244587.421417671,976.5609756097562
1543845.8382174957,5246045.075968705,488.7804878048781,3.770361774366124,1543551.5082254084,5245618.838480459,1.0,1543894.3485388432,5246560.784500099,1.0,1544140.1682095828,5246471.313456953,976.5609756097562,1543797.327896148,5245529.367437311,976.5609756097562
1544188.6785309305,5246987.021988346,488.7804878048781,4.248312081363164,1543894.3485388432,5246560.784500099,1.0,1544237.188852278,5247502.73051974,1.0,1544483.0085230176,5247413.259476594,976.5609756097562,1544140.1682095828,5246471.313456953,976.5609756097562
1544531.5188443654,5247928.968007987,488.7804878048781,4.007303277880384,1544237.188852278,5247502.73051974,1.0,1544580.029165713,5248444.67653938,1.0,1544825.8488364522,5248355.205496235,976.5609756097562,1544483.0085230176,5247413.259476594,976.5609756097562
1544874.3591578,5248870.914027628,488.7804878048781,3.9472045350404725,1544580.029165713,5248444.67653938,1.0,1544922.8694791477,5249386.622559022,1.0,1545168.689149887,5249297.151515875,976.5609756097562,1544825.8488364522,5248355.205496235,976.5609756097562
1545217.1994712348,5249812.860047269,488.7804878048781,4.011385167547459,1544922.8694791477,5249386.622559022,1.0,1545265.7097925823,5250328.568578662,1.0,1545511.529463322,5250239.097535516,976.5609756097562,1545168.689149887,5249297.151515875,976.5609756097562
1545560.0397846696,5250754.80606691,488.7804878048781,3.6501933609306363,1545265.7097925823,5250328.568578662,1.0,1545608.5501060172,5251270.5145983035,1.0,1545854.3697767567,5251181.043555157,976.5609756097562,1545511.529463322,5250239.097535516,976.5609756097562
1545902.8800981045,5251696.752086551,488.7804878048781,3.9245684072197498,1545608.5501060172,5251270.5145983035,1.0,1545951.390419452,5252212.460617944,1.0,1546197.2100901913,5252122.989574798,976.5609756097562,1545854.3697767567,5251181.043555157,976.5609756097562
1546245.7204115393,5252638.698106191,488.7804878048781,3.8702234718152613,1545951.390419452,5252212.460617944,1.0,1546294.230732887,5253154.406637586,1.0,1546540.0504036264,5253064.935594439,976.5609756097562,1546197.2100901913,5252122.989574798,976.5609756097562
1546588.560724974,5253580.644125833,488.7804878048781,3.7734273078284346,1546294.230732887,5253154.406637586,1.0,1546637.0710463217,5254096.352657226,1.0,1546882.8907170612,5254006.88161408,976.5609756097562,1546540.0504036264,5253064.935594439,976.5609756097562
1546931.4010384087,5254522.590145473,488.7804878048781,4.260791782812429,1546637.0710463217,5254096.352657226,1.0,1546979.9113597565,5255038.298676867,1.0,1547225.731030496,5254948.827633721,976.5609756097562,1546882.8907170612,5254006.88161408,976.5609756097562
1547274.2413518436,5255464.5361651145,488.7804878048781,5.025916293932528,1546979.9113597565,5255038.298676867,1.0,1547322.7516731913,5255980.244696508,1.0,1547568.5713439307,5255890.773653361,976.5609756097562,1547225.731030496,5254948.827633721,976.5609756097562
1547617.0816652784,5256406.482184755,488.7804878048781,5.456239405337916,1547322.7516731913,5255980.244696508,1.0,1547665.5919866262,5256922.190716149,1.0,1547911.4116573657,5256832.719673002,976.5609756097562,1547568.5713439307,5255890.773653361,976.5609756097562
1547959.9219787132,5257348.428204396,488.7804878048781,5.3006367483864745,1547665.5919866262,5256922.190716149,1.0,1548008.432300061,5257864.1367357895,1.0,1548254.2519708003,5257774.665692644,976.5609756097562,1547911.4116573657,5256832.719673002,976.5609756097562
1548302.762292148,5258290.374224037,488.7804878048781,6.059091728054103,1548008.432300061,5257864.1367357895,1.0,1548351.2726134958,5258806.082755431,1.0,1548597.0922842352,5258716.611712284,976.5609756097562,1548254.2519708003,5257774.665692644,976.5609756097562
1548645.602605583,5259232.320243678,488.7804878048781,8.076046433082746,1548351.2726134958,5258806.082755431,1.0,1548694.1129269304,5259748.028775072,1.0,1548939.9325976702,5259658.5577319255,976.5609756097562,1548597.0922842352,5258716.611712284,976.5609756097562
1548988.442919018,5260174.266263319,488.7804878048781,8.683961174545903,1548694.1129269304,5259748.028775072,1.0,1549036.9532403655,5260689.974794713,1.0,1549282.772911105,5260600.503751566,976.5609756097562,1548939.9325976702,5259658.5577319255,976.5609756097562
1549331.2832324526,5261116.21228296,488.7804878048781,8.213310664562986,1549036.9532403655,5260689.974794713,1.0,1549379.7935538003,5261631.920814353,1.0,1549625.6132245397,5261542.449771208,976.5609756097562,1549282.772911105,5260600.503751566,976.5609756097562
1549674.1235458874,5262058.1583026005,488.7804878048781,8.456212557845463,1549379.7935538003,5261631.920814353,1.0,1549722.6338672352,5262573.866833994,1.0,1549968.4535379745,5262484.395790848,976.5609756097562,1549625.6132245397,5261542.449771208,976.5609756097562
1550016.9638593222,5263000.104322242,488.7804878048781,9.001898856859423,1549722.6338672352,5262573.866833994,1.0,1550065.47418067,5263515.812853635,1.0,1550311.2938514093,5263426.341810488,976.5609756097562,1549968.4535379745,5262484.395790848,976.5609756097562
1550359.804172757,5263942.050341883,488.7804878048781,8.37532575487486,1550065.47418067,5263515.812853635,1.0,1550408.3144941046,5264457.758873276,1.0,1550654.1341648442,5264368.287830129,976.5609756097562,1550311.2938514093,5263426.341810488,976.5609756097562
1550702.6444861917,5264883.996361523,488.7804878048781,7.913253446159498,1550408.3144941046,5264457.758873276,1.0,1550751.1548075394,5265399.704892917,1.0,1550996.9744782788,5265310.23384977,976.5609756097562,1550654.1341648442,5264368.287830129,976.5609756097562
1551045.4847996265,5265825.942381163,488.7804878048781,7.215901627131897,1550751.1548075394,5265399.704892917,1.0,1551093.9951209743,5266341.650912558,1.0,1551339.8147917136,5266252.1798694115,976.5609756097562,1550996.9744782788,5265310.23384977,976.5609756097562
1551388.3251130613,5266767.888400804,488.7804878048781,5.714293101378881,1551093.9951209743,5266341.650912558,1.0,1551436.835434409,5267283.596932199,1.0,1551682.6551051487,5267194.125889052,976.5609756097562,1551339.8147917136,5266252.1798694115,976.5609756097562
1551731.1654264964,5267709.834420446,488.7804878048781,5.410928727330452,1551436.835434409,5267283.596932199,1.0,1551779.675747844,5268225.542951839,1.0,1552025.4954185835,5268136.071908694,976.5609756097562,1551682.6551051487,5267194.125889052,976.5609756097562
1552074.0057399312,5268651.7804400865,488.7804878048781,4.226421833238789,1551779.675747844,5268225.542951839,1.0,1552122.5160612788,5269167.48897148,1.0,1552368.3357320183,5269078.017928334,976.5609756097562,1552025.4954185835,5268136.071908694,976.5609756097562
1552416.846053366,5269593.726459728,488.7804878048781,3.324637554269926,1552122.5160612788,5269167.48897148,1.0,1552465.3563747136,5270109.434991121,1.0,1552711.176045453,5270019.963947975,976.5609756097562,1552368.3357320183,5269078.017928334,976.5609756097562
1552759.6863668007,5270535.672479368,488.7804878048781,4.439477498821216,1552465.3563747136,5270109.434991121,1.0,1552808.1966881484,5271051.381010762,1.0,1553054.0163588878,5270961.909967615,976.5609756097562,1552711.176045453,5270019.963947975,976.5609756097562
1553102.5266802353,5271477.61849901,488.7804878048781,4.34830151735091,1552808.1966881484,5271051.381010762,1.0,1553151.037001583,5271993.327030403,1.0,1553396.8566723226,5271903.855987257,976.5609756097562,1553054.0163588878,5270961.909967615,976.5609756097562
1553445.3669936701,5272419.56451865,488.7804878048781,4.227427806888237,1553151.037001583,5271993.327030403,1.0,1553493.8773150179,5272935.273050044,1.0,1553739.6969857574,5272845.8020068975,976.5609756097562,1553396.8566723226,5271903.855987257,976.5609756097562
1553788.207307105,5273361.51053829,488.7804878048781,3.5181329214011487,1553493.8773150179,5272935.273050044,1.0,1553836.7176284527,5273877.219069685,1.0,1554082.537299192,5273787.748026539,976.5609756097562,1553739.6969857574,5272845.8020068975,976.5609756097562
1554131.04762054,5274303.456557932,488.7804878048781,3.7322664420949714,1553836.7176284527,5273877.219069685,1.0,1554179.5579418878,5274819.165089326,1.0,1554425.377612627,5274729.694046179,976.5609756097562,1554082.537299192,5273787.748026539,976.5609756097562
1554473.8879339749,5275245.402577573,488.7804878048781,3.508433019123955,1554179.5579418878,5274819.165089326,1.0,1554522.3982553226,5275761.111108966,1.0,1554768.217926062,5275671.640065821,976.5609756097562,1554425.377612627,5274729.694046179,976.5609756097562
1554816.7282474097,5276187.348597214,488.7804878048781,3.9286927844335158,1554522.3982553226,5275761.111108966,1.0,1554865.2385687572,5276703.057128607,1.0,1555111.0582394968,5276613.586085461,976.5609756097562,1554768.217926062,5275671.640065821,976.5609756097562
1555159.5685608443,5277129.294616854,488.7804878048781,4.573048608485674,1554865.2385687572,5276703.057128607,1.0,1555208.078882192,5277645.003148248,1.0,1555453.8985529314,5277555.532105101,976.5609756097562,1555111.0582394968,5276613.586085461,976.5609756097562
1555502.4088742791,5278071.240636496,488.7804878048781,4.635908938396627,1555208.078882192,5277645.003148248,1.0,1555550.9191956269,5278586.94916789,1.0,1555796.7388663662,5278497.478124743,976.5609756097562,1555453.8985529314,5277555.532105101,976.5609756097562
1555845.249187714,5279013.186656137,488.7804878048781,5.413702414646433,1555550.9191956269,5278586.94916789,1.0,1555893.7595090617,5279528.89518753,1.0,1556139.579179801,5279439.4241443835,976.5609756097562,1555796.7388663662,5278497.478124743,976.5609756097562
1556188.0895011488,5279955.132675777,488.7804878048781,5.901848498029259,1555893.7595090617,5279528.89518753,1.0,1556236.5998224963,5280470.841207171,1.0,1556482.4194932359,5280381.370164025,976.5609756097562,1556139.579179801,5279439.4241443835,976.5609756097562
1556530.9298145836,5280897.078695417,488.7804878048781,6.494150222330841,1556236.5998224963,5280470.841207171,1.0,1556579.4401359311,5281412.787226812,1.0,1556825.2598066707,5281323.316183665,976.5609756097562,1556482.4194932359,5280381.370164025,976.5609756097562
1556873.7701280187,5281839.0247150585,488.7804878048781,6.248086570919972,1556579.4401359311,5281412.787226812,1.0,1556922.2804493662,5282354.733246452,1.0,1557168.1001201055,5282265.262203307,976.5609756097562,1556825.2598066707,5281323.316183665,976.5609756097562
1557216.6104414533,5282780.9707347,488.7804878048781,5.736988701224804,1556922.2804493662,5282354.733246452,1.0,1557265.120762801,5283296.679266093,1.0,1557510.9404335404,5283207.208222947,976.5609756097562,1557168.1001201055,5282265.262203307,976.5609756097562
1557559.4507548881,5283722.916754341,488.7804878048781,5.980278367629422,1557265.120762801,5283296.679266093,1.0,1557607.9610762356,5284238.625285734,1.0,1557853.7807469752,5284149.154242588,976.5609756097562,1557510.9404335404,5283207.208222947,976.5609756097562
1557902.291068323,5284664.862773982,488.7804878048781,6.01881059654424,1557607.9610762356,5284238.625285734,1.0,1557950.8013896705,5285180.571305376,1.0,1558196.62106041,5285091.100262228,976.5609756097562,1557853.7807469752,5284149.154242588,976.5609756097562
1558245.1313817578,5285606.808793623,488.7804878048781,6.749518264160132,1557950.8013896705,5285180.571305376,1.0,1558293.6417031053,5286122.517325017,1.0,1558539.4613738449,5286033.04628187,976.5609756097562,1558196.62106041,5285091.100262228,976.5609756097562
1558587.9716951926,5286548.754813264,488.7804878048781,7.531651616650025,1558293.6417031053,5286122.517325017,1.0,1558636.4820165401,5287064.463344657,1.0,1558882.3016872795,5286974.992301511,976.5609756097562,1558539.4613738449,5286033.04628187,976.5609756097562
1558930.8120086272,5287490.700832904,488.7804878048781,7.897010401087379,1558636.4820165401,5287064.463344657,1.0,1558979.322329975,5288006.409364298,1.0,1559225.1420007143,5287916.938321152,976.5609756097562,1558882.3016872795,5286974.992301511,976.5609756097562
1559273.652322062,5288432.646852545,488.7804878048781,7.463941892776791,1558979.322329975,5288006.409364298,1.0,1559322.1626434098,5288948.355383939,1.0,1559567.9823141494,5288858.884340793,976.5609756097562,1559225.1420007143,5287916.938321152,976.5609756097562
1559616.492635497,5289374.592872186,488.7804878048781,6.506981317721002,1559322.1626434098,5288948.355383939,1.0,1559665.0029568446,5289890.301403579,1.0,1559910.8226275842,5289800.830360434,976.5609756097562,1559567.9823141494,5288858.884340793,976.5609756097562
1559959.3329489317,5290316.538891827,488.7804878048781,6.446506819895803,1559665.0029568446,5289890.301403579,1.0,1560007.8432702795,5290832.247423221,1.0,1560253.662941019,5290742.776380074,976.5609756097562,1559910.8226275842,5289800.830360434,976.5609756097562
1560302.1732623666,5291258.484911468,488.7804878048781,6.110489189697589,1560007.8432702795,5290832.247423221,1.0,1560350.6835837143,5291774.193442862,1.0,1560596.5032544537,5291684.722399715,976.5609756097562,1560253.662941019,5290742.776380074,976.5609756097562
1560645.0135758014,5292200.430931109,488.7804878048781,7.724019472272246,1560350.6835837143,5291774.193442862,1.0,1560693.5238971491,5292716.139462503,1.0,1560939.3435678885,5292626.668419356,976.5609756097562,1560596.5032544537,5291684.722399715,976.5609756097562
1560987.8538892362,5293142.37695075,488.7804878048781,11.272926538714431,1560693.5238971491,5292716.139462503,1.0,1561036.3642105837,5293658.085482143,1.0,1561282.1838813233,5293568.614438998,976.5609756097562,1560939.3435678885,5292626.668419356,976.5609756097562
1561330.694202671,5294084.32297039,488.7804878048781,11.623252737672878,1561036.3642105837,5293658.085482143,1.0,1561379.2045240186,5294600.031501785,1.0,1561625.0241947582,5294510.560458638,976.5609756097562,1561282.1838813233,5293568.614438998,976.5609756097562
1561673.5345161057,5295026.268990031,488.7804878048781,10.41375422928731,1561379.2045240186,5294600.031501785,1.0,1561722.0448374534,5295541.977521425,1.0,1561967.8645081928,5295452.506478279,976.5609756097562,1561625.0241947582,5294510.560458638,976.5609756097562
1562016.3748295405,5295968.215009673,488.7804878048781,11.220422359644903,1561722.0448374534,5295541.977521425,1.0,1562064.8851508885,5296483.923541066,1.0,1562310.7048216278,5296394.45249792,976.5609756097562,1561967.8645081928,5295452.506478279,976.5609756097562
1562359.2151429756,5296910.161029313,488.7804878048781,15.071664807976575,1562064.8851508885,5296483.923541066,1.0,1562407.7254643233,5297425.869560706,1.0,1562653.5451350627,5297336.398517561,976.5609756097562,1562310.7048216278,5296394.45249792,976.5609756097562
1562702.0554564104,5297852.107048954,488.7804878048781,16.03120571011357,1562407.7254643233,5297425.869560706,1.0,1562750.565777758,5298367.8155803485,1.0,1562996.3854484975,5298278.344537201,976.5609756097562,1562653.5451350627,5297336.398517561,976.5609756097562
1563044.895769845,5298794.053068596,488.7804878048781,18.451283736832867,1562750.565777758,5298367.8155803485,1.0,1563093.4060911927,5299309.761599989,1.0,1563339.225761932,5299220.2905568415,976.5609756097562,1562996.3854484975,5298278.344537201,976.5609756097562
1563387.7360832798,5299735.999088236,488.7804878048781,19.615136692254225,1563093.4060911927,5299309.761599989,1.0,1563436.2464046276,5300251.70761963,1.0,1563682.066075367,5300162.236576484,976.5609756097562,1563339.225761932,5299220.2905568415,976.5609756097562
1563730.5763967147,5300677.945107876,488.7804878048781,19.594623775560024,1563436.2464046276,5300251.70761963,1.0,1563779.0867180624,5301193.65363927,1.0,1564024.9063888018,5301104.182596124,976.5609756097562,1563682.066075367,5300162.236576484,976.5609756097562
1564073.4167101495,5301619.891127517,488.7804878048781,21.536394248993368,1563779.0867180624,5301193.65363927,1.0,1564121.927031497,5302135.599658911,1.0,1564367.7467022366,5302046.128615765,976.5609756097562,1564024.9063888018,5301104.182596124,976.5609756097562
1564416.2570235843,5302561.837147159,488.7804878048781,22.222956733371642,1564121.927031497,5302135.599658911,1.0,1564464.7673449318,5303077.545678552,1.0,1564710.5870156714,5302988.074635406,976.5609756097562,1564367.7467022366,5302046.128615765,976.5609756097562
1564759.0973370194,5303503.7831668,488.7804878048781,22.394993450193034,1564464.7673449318,5303077.545678552,1.0,1564807.607658367,5304019.491698192,1.0,1565053.4273291063,5303930.020655047,976.5609756097562,1564710.5870156714,5302988.074635406,976.5609756097562
1565101.937650454,5304445.72918644,488.7804878048781,21.990443129942932,1564807.607658367,5304019.491698192,1.0,1565150.4479718017,5304961.4377178345,1.0,1565396.267642541,5304871.966674687,976.5609756097562,1565053.4273291063,5303930.020655047,976.5609756097562
1565444.7779638886,5305387.67520608,488.7804878048781,16.67061247089904,1565150.4479718017,5304961.4377178345,1.0,1565493.2882852363,5305903.383737475,1.0,1565739.107955976,5305813.912694328,976.5609756097562,1565396.267642541,5304871.966674687,976.5609756097562
1565787.6182773234,5306329.621225722,488.7804878048781,14.042895385398452,1565493.2882852363,5305903.383737475,1.0,1565836.1285986712,5306845.329757116,1.0,1566081.9482694108,5306755.85871397,976.5609756097562,1565739.107955976,5305813.912694328,976.5609756097562
1566130.4585907583,5307271.567245363,488.7804878048781,13.396968486821608,1565836.1285986712,5306845.329757116,1.0,1566178.968912106,5307787.275776756,1.0,1566424.7885828454,5307697.804733611,976.5609756097562,1566081.9482694108,5306755.85871397,976.5609756097562
1566473.298904193,5308213.513265003,488.7804878048781,12.654790706125466,1566178.968912106,5307787.275776756,1.0,1566521.8092255408,5308729.221796398,1.0,1566767.6288962802,5308639.750753251,976.5609756097562,1566424.7885828454,5307697.804733611,976.5609756097562
1566816.139217628,5309155.4592846455,488.7804878048781,15.612133058335791,1566521.8092255408,5308729.221796398,1.0,1566864.6495389757,5309671.167816038,1.0,1567110.469209715,5309581.696772892,976.5609756097562,1566767.6288962802,5308639.750753251,976.5609756097562
1567158.9795310628,5310097.405304286,488.7804878048781,17.502158890075815,1566864.6495389757,5309671.167816038,1.0,1567207.4898524103,5310613.113835679,1.0,1567453.30952315,5310523.642792533,976.5609756097562,1567110.469209715,5309581.696772892,976.5609756097562
1567501.8198444976,5311039.351323927,488.7804878048781,17.41094413527552,1567207.4898524103,5310613.113835679,1.0,1567550.3301658453,5311555.05985532,1.0,1567796.1498365847,5311465.588812174,976.5609756097562,1567453.30952315,5310523.642792533,976.5609756097562
1567844.6601579324,5311981.297343567,488.7804878048781,18.494911350774448,1567550.3301658453,5311555.05985532,1.0,1567893.1704792802,5312497.005874962,1.0,1568138.9901500195,5312407.5348318145,976.5609756097562,1567796.1498365847,5311465.588812174,976.5609756097562
1568187.5004713673,5312923.243363208,488.7804878048781,19.201788079125407,1567893.1704792802,5312497.005874962,1.0,1568236.010792715,5313438.951894602,1.0,1568481.8304634544,5313349.4808514565,976.5609756097562,1568138.9901500195,5312407.5348318145,976.5609756097562
1568530.340784802,5313865.189382849,488.7804878048781,19.255284986132253,1568236.010792715,5313438.951894602,1.0,1568578.8511061496,5314380.897914243,1.0,1568824.6707768892,5314291.426871097,976.5609756097562,1568481.8304634544,5313349.4808514565,976.5609756097562
1568873.181098237,5314807.13540249,488.7804878048781,18.414947616117264,1568578.8511061496,5314380.897914243,1.0,1568921.6914195844,5315322.843933884,1.0,1569167.511090324,5315233.372890737,976.5609756097562,1568824.6707768892,5314291.426871097,976.5609756097562
1569216.0214116718,5315749.081422131,488.7804878048781,17.196413796835074,1568921.6914195844,5315322.843933884,1.0,1569264.5317330193,5316264.789953524,1.0,1569510.3514037586,5316175.318910378,976.5609756097562,1569167.511090324,5315233.372890737,976.5609756097562
1569558.8617251064,5316691.027441772,488.7804878048781,20.454434193799845,1569264.5317330193,5316264.789953524,1.0,1569607.372046454,5317206.735973165,1.0,1569853.1917171935,5317117.264930019,976.5609756097562,1569510.3514037586,5316175.318910378,976.5609756097562
1569901.7020385412,5317632.973461413,488.7804878048781,20.993076294663222,1569607.372046454,5317206.735973165,1.0,1569950.2123598892,5318148.6819928065,1.0,1570196.0320306285,5318059.21094966,976.5609756097562,1569853.1917171935,5317117.264930019,976.5609756097562
1570244.5423519763,5318574.919481054,488.7804878048781,19.776456233549094,1569950.2123598892,5318148.6819928065,1.0,1570293.052673324,5319090.628012448,1.0,1570538.8723440634,5319001.156969301,976.5609756097562,1570196.0320306285,5318059.21094966,976.5609756097562
1570587.382665411,5319516.865500695,488.7804878048781,17.344433146053035,1570293.052673324,5319090.628012448,1.0,1570635.8929867586,5320032.574032089,1.0,1570881.7126574982,5319943.102988942,976.5609756097562,1570538.8723440634,5319001.156969301,976.5609756097562
1570930.222978846,5320458.811520335,488.7804878048781,15.732909605184453,1570635.8929867586,5320032.574032089,1.0,1570978.7333001934,5320974.520051729,1.0,1571224.552970933,5320885.049008583,976.5609756097562,1570881.7126574982,5319943.102988942,976.5609756097562
1571273.0632922808,5321400.757539976,488.7804878048781,15.69763820024443,1570978.7333001934,5320974.520051729,1.0,1571321.5736136283,5321916.46607137,1.0,1571567.3932843676,5321826.995028224,976.5609756097562,1571224.552970933,5320885.049008583,976.5609756097562
1571615.9036057154,5322342.7035596175,488.7804878048781,13.801525040240831,1571321.5736136283,5321916.46607137,1.0,1571664.413927063,5322858.412091011,1.0,1571910.2335978025,5322768.941047864,976.5609756097562,1571567.3932843676,5321826.995028224,976.5609756097562
1571958.74391915,5323284.649579259,488.7804878048781,14.020416075362217,1571664.413927063,5322858.412091011,1.0,1572007.2542404977,5323800.358110651,1.0,1572253.0739112373,5323710.887067505,976.5609756097562,1571910.2335978025,5322768.941047864,976.5609756097562
1572301.5842325848,5324226.595598899,488.7804878048781,14.485492310694779,1572007.2542404977,5323800.358110651,1.0,1572350.0945539325,5324742.3041302925,1.0,1572595.9142246721,5324652.833087146,976.5609756097562,1572253.0739112373,5323710.887067505,976.5609756097562
1572644.4245460199,5325168.54161854,488.7804878048781,13.998804549716162,1572350.0945539325,5324742.3041302925,1.0,1572692.9348673676,5325684.250149934,1.0,1572938.754538107,5325594.779106787,976.5609756097562,1572595.9142246721,5324652.833087146,976.5609756097562
1572987.2648594547,5326110.48763818,488.7804878048781,10.996788626081496,1572692.9348673676,5325684.250149934,1.0,1573035.7751808024,5326626.196169575,1.0,1573281.5948515418,5326536.725126428,976.5609756097562,1572938.754538107,5325594.779106787,976.5609756097562
1573330.1051728895,5327052.433657822,488.7804878048781,10.071935560154628,1573035.7751808024,5326626.196169575,1.0,1573378.615494237,5327568.142189215,1.0,1573624.4351649766,5327478.67114607,976.5609756097562,1573281.5948515418,5326536.725126428,976.5609756097562
1573672.9454863244,5327994.379677462,488.7804878048781,9.106924700348873,1573378.615494237,5327568.142189215,1.0,1573721.4558076719,5328510.088208856,1.0,1573967.2754784115,5328420.61716571,976.5609756097562,1573624.4351649766,5327478.67114607,976.5609756097562
1574015.785799759,5328936.325697103,488.7804878048781,9.284960966924077,1573721.4558076719,5328510.088208856,1.0,1574064.2961211067,5329452.034228497,1.0,1574310.115791846,5329362.563185351,976.5609756097562,1573967.2754784115,5328420.61716571,976.5609756097562
1574358.6261131938,5329878.271716744,488.7804878048781,8.669587982780431,1574064.2961211067,5329452.034228497,1.0,1574407.1364345415,5330393.980248138,1.0,1574652.956105281,5330304.509204991,976.5609756097562,1574310.115791846,5329362.563185351,976.5609756097562
1574701.4664266286,5330820.217736386,488.7804878048781,8.538801774258115,1574407.1364345415,5330393.980248138,1.0,1574749.9767479764,5331335.9262677785,1.0,1574995.7964187157,5331246.455224633,976.5609756097562,1574652.956105281,5330304.509204991,976.5609756097562
1575044.3067400635,5331762.163756026,488.7804878048781,8.39281341204101,1574749.9767479764,5331335.9262677785,1.0,1575092.817061411,5332277.87228742,1.0,1575338.6367321508,5332188.401244273,976.5609756097562,1574995.7964187157,5331246.455224633,976.5609756097562
1575387.1470534985,5332704.109775667,488.7804878048781,6.930572581394539,1575092.817061411,5332277.87228742,1.0,1575435.657374846,5333219.818307061,1.0,1575681.4770455856,5333130.3472639145,976.5609756097562,1575338.6367321508,5332188.401244273,976.5609756097562
1575729.9873669331,5333646.055795308,488.7804878048781,5.951285161568064,1575435.657374846,5333219.818307061,1.0,1575778.497688281,5334161.764326702,1.0,1576024.3173590202,5334072.293283555,976.5609756097562,1575681.4770455856,5333130.3472639145,976.5609756097562
1576072.827680368,5334588.001814949,488.7804878048781,5.461879509285701,1575778.497688281,5334161.764326702,1.0,1576121.3380017157,5335103.710346342,1.0,1576367.157672455,5335014.239303197,976.5609756097562,1576024.3173590202,5334072.293283555,976.5609756097562
1576415.6679938028,5335529.9478345895,488.7804878048781,4.663640160672408,1576121.3380017157,5335103.710346342,1.0,1576464.1783151503,5336045.656365983,1.0,1576709.99798589,5335956.185322837,976.5609756097562,1576367.157672455,5335014.239303197,976.5609756097562
1576758.5083072376,5336471.89385423,488.7804878048781,4.131341893846937,1576464.1783151503,5336045.656365983,1.0,1576807.0186285852,5336987.602385624,1.0,1577052.8382993247,5336898.131342477,976.5609756097562,1576709.99798589,5335956.185322837,976.5609756097562
1577101.3486206725,5337413.839873872,488.7804878048781,4.631150766647928,1576807.0186285852,5336987.602385624,1.0,1577149.85894202,5337929.548405265,1.0,1577395.6786127593,5337840.077362119,976.5609756097562,1577052.8382993247,5336898.131342477,976.5609756097562
1577444.188934107,5338355.785893513,488.7804878048781,5.66400490752323,1577149.85894202,5337929.548405265,1.0,1577492.6992554548,5338871.494424906,1.0,1577738.5189261942,5338782.023381759,976.5609756097562,1577395.6786127593,5337840.077362119,976.5609756097562
1577787.029247542,5339297.731913153,488.7804878048781,5.742095126260904,1577492.6992554548,5338871.494424906,1.0,1577835.5395688897,5339813.440444547,1.0,1578081.3592396292,5339723.969401401,976.5609756097562,1577738.5189261942,5338782.023381759,976.5609756097562
1578129.8695609767,5340239.677932793,488.7804878048781,5.5511124651695205,1577835.5395688897,5339813.440444547,1.0,1578178.3798823245,5340755.386464188,1.0,1578424.199553064,5340665.915421041,976.5609756097562,1578081.3592396292,5339723.969401401,976.5609756097562
1578472.7098744116,5341181.623952435,488.7804878048781,4.773983982354713,1578178.3798823245,5340755.386464188,1.0,1578521.2201957593,5341697.332483828,1.0,1578767.0398664987,5341607.861440683,976.5609756097562,1578424.199553064,5340665.915421041,976.5609756097562
1578815.5501878464,5342123.5699720755,488.7804878048781,5.553837420652712,1578521.2201957593,5341697.332483828,1.0,1578864.0605091942,5342639.278503469,1.0,1579109.8801799335,5342549.807460323,976.5609756097562,1578767.0398664987,5341607.861440683,976.5609756097562
1579158.3905012812,5343065.515991717,488.7804878048781,6.849481395445847,1578864.0605091942,5342639.278503469,1.0,1579206.900822629,5343581.22452311,1.0,1579452.7204933683,5343491.753479964,976.5609756097562,1579109.8801799335,5342549.807460323,976.5609756097562
1579501.230814716,5344007.462011358,488.7804878048781,8.125116995732338,1579206.900822629,5343581.22452311,1.0,1579549.7411360636,5344523.170542751,1.0,1579795.5608068032,5344433.699499604,976.5609756097562,1579452.7204933683,5343491.753479964,976.5609756097562
1579844.0711281507,5344949.408030998,488.7804878048781,7.338300656187179,1579549.7411360636,5344523.170542751,1.0,1579892.5814494984,5345465.116562392,1.0,1580138.401120238,5345375.645519246,976.5609756097562,1579795.5608068032,5344433.699499604,976.5609756097562
1580186.9114415855,5345891.354050639,488.7804878048781,6.258753803360048,1579892.5814494984,5345465.116562392,1.0,1580235.4217629333,5346407.062582033,1.0,1580481.2414336728,5346317.591538887,976.5609756097562,1580138.401120238,5345375.645519246,976.5609756097562
1580529.7517550206,5346833.30007028,488.7804878048781,5.574154057847506,1580235.4217629333,5346407.062582033,1.0,1580578.2620763683,5347349.008601674,1.0,1580824.0817471077,5347259.537558528,976.5609756097562,1580481.2414336728,5346317.591538887,976.5609756097562
1580872.5920684554,5347775.246089921,488.7804878048781,5.6851580854591655,1580578.2620763683,5347349.008601674,1.0,1580921.1023898032,5348290.954621315,1.0,1581166.9220605425,5348201.483578169,976.5609756097562,1580824.0817471077,5347259.537558528,976.5609756097562
1581215.4323818902,5348717.192109562,488.7804878048781,6.700609261922191,1580921.1023898032,5348290.954621315,1.0,1581263.9427032378,5349232.900640955,1.0,1581509.7623739773,5349143.42959781,976.5609756097562,1581166.9220605425,5348201.483578169,976.5609756097562
1581558.272695325,5349659.138129203,488.7804878048781,8.862344758898654,1581263.9427032378,5349232.900640955,1.0,1581606.7830166726,5350174.846660597,1.0,1581852.6026874122,5350085.37561745,976.5609756097562,1581509.7623739773,5349143.42959781,976.5609756097562
1581901.11300876,5350601.084148844,488.7804878048781,9.120725658727187,1581606.7830166726,5350174.846660597,1.0,1581949.6233301074,5351116.792680237,1.0,1582195.4430008468,5351027.321637091,976.5609756097562,1581852.6026874122,5350085.37561745,976.5609756097562
1582243.9533221945,5351543.030168485,488.7804878048781,7.953745239179528,1581949.6233301074,5351116.792680237,1.0,1582292.4636435423,5352058.738699879,1.0,1582538.2833142816,5351969.267656732,976.5609756097562,1582195.4430008468,5351027.321637091,976.5609756097562
1582586.7936356294,5352484.976188125,488.7804878048781,7.221125455195409,1582292.4636435423,5352058.738699879,1.0,1582635.303956977,5353000.684719519,1.0,1582881.1236277164,5352911.2136763735,976.5609756097562,1582538.2833142816,5351969.267656732,976.5609756097562
1582929.6339490642,5353426.922207766,488.7804878048781,7.466441343573196,1582635.303956977,5353000.684719519,1.0,1582978.1442704117,5353942.630739161,1.0,1583223.9639411515,5353853.159696014,976.5609756097562,1582881.1236277164,5352911.2136763735,976.5609756097562
1583272.4742624993,5354368.868227407,488.7804878048781,8.790156593743275,1582978.1442704117,5353942.630739161,1.0,1583320.9845838468,5354884.576758801,1.0,1583566.8042545863,5354795.105715655,976.5609756097562,1583223.9639411515,5353853.159696014,976.5609756097562
1583615.314575934,5355310.814247048,488.7804878048781,8.638203448895991,1583320.9845838468,5354884.576758801,1.0,1583663.8248972816,5355826.522778442,1.0,1583909.644568021,5355737.051735296,976.5609756097562,1583566.8042545863,5354795.105715655,976.5609756097562
1583958.1548893687,5356252.76026669,488.7804878048781,8.205815308969358,1583663.8248972816,5355826.522778442,1.0,1584006.6652107164,5356768.468798082,1.0,1584252.4848814558,5356678.997754937,976.5609756097562,1583909.644568021,5355737.051735296,976.5609756097562
1584300.9952028033,5357194.70628633,488.7804878048781,7.89192092716095,1584006.6652107164,5356768.468798082,1.0,1584349.505524151,5357710.414817724,1.0,1584595.3251948906,5357620.943774577,976.5609756097562,1584252.4848814558,5356678.997754937,976.5609756097562
1584643.8355162381,5358136.652305972,488.7804878048781,6.279726666568694,1584349.505524151,5357710.414817724,1.0,1584692.3458375859,5358652.360837365,1.0,1584938.1655083254,5358562.889794217,976.5609756097562,1584595.3251948906,5357620.943774577,976.5609756097562
1584986.675829673,5359078.598325612,488.7804878048781,4.078450313817916,1584692.3458375859,5358652.360837365,1.0,1585035.1861510207,5359594.306857005,1.0,1585281.00582176,5359504.8358138595,976.5609756097562,1584938.1655083254,5358562.889794217,976.5609756097562
1585329.5161431078,5360020.544345252,488.7804878048781,2.5173766065289134,1585035.1861510207,5359594.306857005,1.0,1585378.0264644555,5360536.252876647,1.0,1585623.8461351949,5360446.7818335,976.5609756097562,1585281.00582176,5359504.8358138595,976.5609756097562
1585672.3564565426,5360962.490364892,488.7804878048781,2.0045996648675932,1585378.0264644555,5360536.252876647,1.0,1585720.8667778904,5361478.198896287,1.0,1585966.68644863,5361388.727853141,976.5609756097562,1585623.8461351949,5360446.7818335,976.5609756097562
1586015.1967699777,5361904.436384534,488.7804878048781,1.8372025364782445,1585720.8667778904,5361478.198896287,1.0,1586063.7070913252,5362420.144915928,1.0,1586309.5267620648,5362330.673872782,976.5609756097562,1585966.68644863,5361388.727853141,976.5609756097562
1586358.0370834123,5362846.382404176,488.7804878048781,1.9469743770324668,1586063.7070913252,5362420.144915928,1.0,1586406.54740476,5363362.090935568,1.0,1586652.3670754994,5363272.619892423,976.5609756097562,1586309.5267620648,5362330.673872782,976.5609756097562
1586700.8773968471,5363788.328423816,488.7804878048781,1.9233560291490104,1586406.54740476,5363362.090935568,1.0,1586749.3877181949,5364304.03695521,1.0,1586995.2073889342,5364214.565912063,976.5609756097562,1586652.3670754994,5363272.619892423,976.5609756097562
1587043.717710282,5364730.274443457,488.7804878048781,2.0515703872004503,1586749.3877181949,5364304.03695521,1.0,1587092.2280316297,5365245.982974851,1.0,1587338.047702369,5365156.511931704,976.5609756097562,1586995.2073889342,5364214.565912063,976.5609756097562
1587386.5580237168,5365672.220463098,488.7804878048781,2.9541233995735117,1587092.2280316297,5365245.982974851,1.0,1587435.0683450643,5366187.928994492,1.0,1587680.8880158039,5366098.4579513455,976.5609756097562,1587338.047702369,5365156.511931704,976.5609756097562
1587729.3983371516,5366614.166482739,488.7804878048781,2.839144812139881,1587435.0683450643,5366187.928994492,1.0,1587777.9086584991,5367129.875014132,1.0,1588023.7283292387,5367040.403970987,976.5609756097562,1587680.8880158039,5366098.4579513455,976.5609756097562
1588072.2386505862,5367556.112502379,488.7804878048781,2.8920770897572172,1587777.9086584991,5367129.875014132,1.0,1588120.748971934,5368071.821033774,1.0,1588366.5686426733,5367982.349990627,976.5609756097562,1588023.7283292387,5367040.403970987,976.5609756097562
1588415.0789640213,5368498.0585220205,488.7804878048781,2.9861394661533534,1588120.748971934,5368071.821033774,1.0,1588463.589285369,5369013.767053414,1.0,1588709.4089561084,5368924.296010268,976.5609756097562,1588366.5686426733,5367982.349990627,976.5609756097562
1588757.9192774561,5369440.004541662,488.7804878048781,3.2799223559664665,1588463.589285369,5369013.767053414,1.0,1588806.4295988036,5369955.713073055,1.0,1589052.2492695432,5369866.242029909,976.5609756097562,1588709.4089561084,5368924.296010268,976.5609756097562
1589100.759590891,5370381.950561303,488.7804878048781,2.7417906287630016,1588806.4295988036,5369955.713073055,1.0,1589149.2699122385,5370897.659092695,1.0,1589395.089582978,5370808.18804955,976.5609756097562,1589052.2492695432,5369866.242029909,976.5609756097562
1589443.5999043258,5371323.896580943,488.7804878048781,3.5489238942208647,1589149.2699122385,5370897.659092695,1.0,1589492.1102256733,5371839.6051123375,1.0,1589737.9298964127,5371750.13406919,976.5609756097562,1589395.089582978,5370808.18804955,976.5609756097562
1589786.4402177604,5372265.842600584,488.7804878048781,3.754646363846182,1589492.1102256733,5371839.6051123375,1.0,1589834.9505391081,5372781.551131978,1.0,1590080.7702098475,5372692.0800888315,976.5609756097562,1589737.9298964127,5371750.13406919,976.5609756097562
1590129.280531195,5373207.788620225,488.7804878048781,3.074893311104969,1589834.9505391081,5372781.551131978,1.0,1590177.7908525427,5373723.497151619,1.0,1590423.6105232823,5373634.026108473,976.5609756097562,1590080.7702098475,5372692.0800888315,976.5609756097562
1590472.1208446298,5374149.734639866,488.7804878048781,2.138205126738889,1590177.7908525427,5373723.497151619,1.0,1590520.6311659776,5374665.44317126,1.0,1590766.4508367172,5374575.972128113,976.5609756097562,1590423.6105232823,5373634.026108473,976.5609756097562
1590814.9611580647,5375091.6806595065,488.7804878048781,1.5992329929766582,1590520.6311659776,5374665.44317126,1.0,1590863.4714794124,5375607.3891909,1.0,1591109.291150152,5375517.918147754,976.5609756097562,1590766.4508367172,5374575.972128113,976.5609756097562
1591157.8014714997,5376033.626679148,488.7804878048781,1.2221238518477058,1590863.4714794124,5375607.3891909,1.0,1591206.3117928475,5376549.335210541,1.0,1591452.1314635868,5376459.864167395,976.5609756097562,1591109.291150152,5375517.918147754,976.5609756097562
1591500.6417849346,5376975.572698788,488.7804878048781,1.1772182742250308,1591206.3117928475,5376549.335210541,1.0,1591549.1521062823,5377491.281230181,1.0,1591794.9717770217,5377401.810187036,976.5609756097562,1591452.1314635868,5376459.864167395,976.5609756097562
1591843.4820983694,5377917.518718429,488.7804878048781,1.6364879586381107,1591549.1521062823,5377491.281230181,1.0,1591891.992419717,5378433.2272498235,1.0,1592137.8120904565,5378343.756206676,976.5609756097562,1591794.9717770217,5377401.810187036,976.5609756097562
1592186.322411804,5378859.464738071,488.7804878048781,1.7442433572573384,1591891.992419717,5378433.2272498235,1.0,1592234.8327331517,5379375.173269465,1.0,1592480.6524038913,5379285.7022263175,976.5609756097562,1592137.8120904565,5378343.756206676,976.5609756097562
1592529.1627252388,5379801.410757711,488.7804878048781,1.7778751576492045,1592234.8327331517,5379375.173269465,1.0,1592577.6730465866,5380317.119289105,1.0,1592823.4927173262,5380227.648245959,976.5609756097562,1592480.6524038913,5379285.7022263175,976.5609756097562
1592872.0030386737,5380743.356777352,488.7804878048781,1.5799788192001583,1592577.6730465866,5380317.119289105,1.0,1592920.5133600214,5381259.065308746,1.0,1593166.3330307608,5381169.5942656,976.5609756097562,1592823.4927173262,5380227.648245959,976.5609756097562
1593214.8433521085,5381685.302796993,488.7804878048781,1.143220035604836,1592920.5133600214,5381259.065308746,1.0,1593263.3536734562,5382201.011328387,1.0,1593509.1733441956,5382111.54028524,976.5609756097562,1593166.3330307608,5381169.5942656,976.5609756097562
1593557.6836655433,5382627.2488166345,488.7804878048781,0.8548064345018375,1593263.3536734562,5382201.011328387,1.0,1593606.193986891,5383142.957348027,1.0,1593852.0136576307,5383053.486304881,976.5609756097562,1593509.1733441956,5382111.54028524,976.5609756097562
1593900.5239789784,5383569.194836275,488.7804878048781,0.7727521346768855,1593606.193986891,5383142.957348027,1.0,1593949.034300326,5384084.903367668,1.0,1594194.8539710655,5383995.432324522,976.5609756097562,1593852.0136576307,5383053.486304881,976.5609756097562
1542377.4563210604,5241245.874827355,1464.3414634146343,1.1958468572318066,1542083.1263289738,5240819.637339108,976.5609756097562,1542425.9666424086,5241761.583358748,976.5609756097562,1542671.7863131473,5241672.112315603,1952.1219512195123,1542328.9459997125,5240730.1662959615,1952.1219512195123
1542720.2966344953,5242187.820846995,1464.3414634146343,1.3778798860828356,1542425.9666424086,5241761.583358748,976.5609756097562,1542768.8069558435,5242703.529378389,976.5609756097562,1543014.626626582,5242614.058335244,1952.1219512195123,1542671.7863131473,5241672.112315603,1952.1219512195123
1543063.13694793,5243129.766866636,1464.3414634146343,1.859044547031183,1542768.8069558435,5242703.529378389,976.5609756097562,1543111.647269278,5243645.47539803,976.5609756097562,1543357.4669400167,5243556.004354884,1952.1219512195123,1543014.626626582,5242614.058335244,1952.1219512195123
1543405.977261365,5244071.712886278,1464.3414634146343,2.397226816439431,1543111.647269278,5243645.47539803,976.5609756097562,1543454.487582713,5244587.421417671,976.5609756097562,1543700.3072534518,5244497.950374525,1952.1219512195123,1543357.4669400167,5243556.004354884,1952.1219512195123
1543748.8175748,5245013.658905919,1464.3414634146343,2.2067341589325675,1543454.487582713,5244587.421417671,976.5609756097562,1543797.327896148,5245529.367437311,976.5609756097562,1544043.1475668866,5245439.896394166,1952.1219512195123,1543700.3072534518,5244497.950374525,1952.1219512195123
1544091.6578882346,5245955.60492556,1464.3414634146343,2.3897804469730097,1543797.327896148,5245529.367437311,976.5609756097562,1544140.1682095828,5246471.313456953,976.5609756097562,1544385.9878803212,5246381.842413807,1952.1219512195123,1544043.1475668866,5245439.896394166,1952.1219512195123
1544434.4982016694,5246897.5509452,1464.3414634146343,3.193958487058782,1544140.1682095828,5246471.313456953,976.5609756097562,1544483.0085230176,5247413.259476594,976.5609756097562,1544728.828193756,5247323.7884334475,1952.1219512195123,1544385.9878803212,5246381.842413807,1952.1219512195123
1544777.3385151043,5247839.496964841,1464.3414634146343,3.140603271609882,1544483.0085230176,5247413.259476594,976.5609756097562,1544825.8488364522,5248355.205496235,976.5609756097562,1545071.668507191,5248265.734453088,1952.1219512195123,1544728.828193756,5247323.7884334475,1952.1219512195123
1545120.178828539,5248781.442984482,1464.3414634146343,3.351544335667962,1544825.8488364522,5248355.205496235,976.5609756097562,1545168.689149887,5249297.151515875,976.5609756097562,1545414.5088206257,5249207.68047273,1952.1219512195123,1545071.668507191,5248265.734453088,1952.1219512195123
1545463.0191419737,5249723.3890041225,1464.3414634146343,3.918562048320886,1545168.689149887,5249297.151515875,976.5609756097562,1545511.529463322,5250239.097535516,976.5609756097562,1545757.3491340603,5250149.62649237,1952.1219512195123,1545414.5088206257,5249207.68047273,1952.1219512195123
1545805.8594554085,5250665.335023763,1464.3414634146343,4.486450983536356,1545511.529463322,5250239.097535516,976.5609756097562,1545854.3697767567,5251181.043555157,976.5609756097562,1546100.1894474952,5251091.572512011,1952.1219512195123,1545757.3491340603,5250149.62649237,1952.1219512195123
1546148.6997688434,5251607.281043405,1464.3414634146343,4.124903697673153,1545854.3697767567,5251181.043555157,976.5609756097562,1546197.2100901913,5252122.989574798,976.5609756097562,1546443.0297609302,5252033.518531651,1952.1219512195123,1546100.1894474952,5251091.572512011,1952.1219512195123
1546491.5400822784,5252549.227063046,1464.3414634146343,4.006013845584949,1546197.2100901913,5252122.989574798,976.5609756097562,1546540.0504036264,5253064.935594439,976.5609756097562,1546785.870074365,5252975.464551293,1952.1219512195123,1546443.0297609302,5252033.518531651,1952.1219512195123
1546834.3803957133,5253491.173082686,1464.3414634146343,4.319322488197716,1546540.0504036264,5253064.935594439,976.5609756097562,1546882.8907170612,5254006.88161408,976.5609756097562,1547128.7103878,5253917.4105709335,1952.1219512195123,1546785.870074365,5252975.464551293,1952.1219512195123
1547177.220709148,5254433.119102327,1464.3414634146343,4.555780529613347,1546882.8907170612,5254006.88161408,976.5609756097562,1547225.731030496,5254948.827633721,976.5609756097562,1547471.5507012345,5254859.356590575,1952.1219512195123,1547128.7103878,5253917.4105709335,1952.1219512195123
1547520.0610225825,5255375.065121968,1464.3414634146343,5.279373251780408,1547225.731030496,5254948.827633721,976.5609756097562,1547568.5713439307,5255890.773653361,976.5609756097562,1547814.3910146693,5255801.302610216,1952.1219512195123,1547471.5507012345,5254859.356590575,1952.1219512195123
1547862.9013360173,5256317.011141609,1464.3414634146343,5.897276769705655,1547568.5713439307,5255890.773653361,976.5609756097562,1547911.4116573657,5256832.719673002,976.5609756097562,1548157.2313281042,5256743.248629857,1952.1219512195123,1547814.3910146693,5255801.302610216,1952.1219512195123
1548205.7416494521,5257258.95716125,1464.3414634146343,5.643754891060659,1547911.4116573657,5256832.719673002,976.5609756097562,1548254.2519708003,5257774.665692644,976.5609756097562,1548500.071641539,5257685.194649497,1952.1219512195123,1548157.2313281042,5256743.248629857,1952.1219512195123
1548548.581962887,5258200.90318089,1464.3414634146343,5.132855415257018,1548254.2519708003,5257774.665692644,976.5609756097562,1548597.0922842352,5258716.611712284,976.5609756097562,1548842.911954974,5258627.140669138,1952.1219512195123,1548500.071641539,5257685.194649497,1952.1219512195123
1548891.422276322,5259142.849200532,1464.3414634146343,6.2637083760994345,1548597.0922842352,5258716.611712284,976.5609756097562,1548939.9325976702,5259658.5577319255,976.5609756097562,1549185.752268409,5259569.086688779,1952.1219512195123,1548842.911954974,5258627.140669138,1952.1219512195123
1549234.2625897569,5260084.795220173,1464.3414634146343,8.278230126026378,1548939.9325976702,5259658.5577319255,976.5609756097562,1549282.772911105,5260600.503751566,976.5609756097562,1549528.5925818435,5260511.03270842,1952.1219512195123,1549185.752268409,5259569.086688779,1952.1219512195123
1549577.1029031917,5261026.741239813,1464.3414634146343,10.130997451466277,1549282.772911105,5260600.503751566,976.5609756097562,1549625.6132245397,5261542.449771208,976.5609756097562,1549871.4328952783,5261452.978728061,1952.1219512195123,1549528.5925818435,5260511.03270842,1952.1219512195123
1549919.9432166263,5261968.687259455,1464.3414634146343,11.492979305808282,1549625.6132245397,5261542.449771208,976.5609756097562,1549968.4535379745,5262484.395790848,976.5609756097562,1550214.2732087132,5262394.924747702,1952.1219512195123,1549871.4328952783,5261452.978728061,1952.1219512195123
1550262.7835300611,5262910.633279095,1464.3414634146343,11.171887649487486,1549968.4535379745,5262484.395790848,976.5609756097562,1550311.2938514093,5263426.341810488,976.5609756097562,1550557.113522148,5263336.870767343,1952.1219512195123,1550214.2732087132,5262394.924747702,1952.1219512195123
1550605.623843496,5263852.5792987365,1464.3414634146343,10.376640997788535,1550311.2938514093,5263426.341810488,976.5609756097562,1550654.1341648442,5264368.287830129,976.5609756097562,1550899.9538355826,5264278.816786984,1952.1219512195123,1550557.113522148,5263336.870767343,1952.1219512195123
1550948.4641569308,5264794.525318377,1464.3414634146343,10.885721745668844,1550654.1341648442,5264368.287830129,976.5609756097562,1550996.9744782788,5265310.23384977,976.5609756097562,1551242.7941490174,5265220.762806624,1952.1219512195123,1550899.9538355826,5264278.816786984,1952.1219512195123
1551291.3044703656,5265736.471338018,1464.3414634146343,10.074496058132,1550996.9744782788,5265310.23384977,976.5609756097562,1551339.8147917136,5266252.1798694115,976.5609756097562,1551585.6344624525,5266162.708826266,1952.1219512195123,1551242.7941490174,5265220.762806624,1952.1219512195123
1551634.1447838007,5266678.417357659,1464.3414634146343,7.912279485102308,1551339.8147917136,5266252.1798694115,976.5609756097562,1551682.6551051487,5267194.125889052,976.5609756097562,1551928.4747758873,5267104.654845906,1952.1219512195123,1551585.6344624525,5266162.708826266,1952.1219512195123
1551976.9850972355,5267620.3633773,1464.3414634146343,5.3307632603783475,1551682.6551051487,5267194.125889052,976.5609756097562,1552025.4954185835,5268136.071908694,976.5609756097562,1552271.315089322,5268046.600865548,1952.1219512195123,1551928.4747758873,5267104.654845906,1952.1219512195123
1552319.8254106701,5268562.30939694,1464.3414634146343,4.601822034885549,1552025.4954185835,5268136.071908694,976.5609756097562,1552368.3357320183,5269078.017928334,976.5609756097562,1552614.1554027568,5268988.546885188,1952.1219512195123,1552271.315089322,5268046.600865548,1952.1219512195123
1552662.665724105,5269504.255416581,1464.3414634146343,4.46631800029992,1552368.3357320183,5269078.017928334,976.5609756097562,1552711.176045453,5270019.963947975,976.5609756097562,1552956.9957161916,5269930.492904829,1952.1219512195123,1552614.1554027568,5268988.546885188,1952.1219512195123
1553005.5060375398,5270446.2014362225,1464.3414634146343,4.622257310699142,1552711.176045453,5270019.963947975,976.5609756097562,1553054.0163588878,5270961.909967615,976.5609756097562,1553299.8360296264,5270872.43892447,1952.1219512195123,1552956.9957161916,5269930.492904829,1952.1219512195123
1553348.3463509746,5271388.147455863,1464.3414634146343,4.260107204039541,1553054.0163588878,5270961.909967615,976.5609756097562,1553396.8566723226,5271903.855987257,976.5609756097562,1553642.6763430613,5271814.38494411,1952.1219512195123,1553299.8360296264,5270872.43892447,1952.1219512195123
1553691.1866644095,5272330.093475505,1464.3414634146343,3.620618991386104,1553396.8566723226,5271903.855987257,976.5609756097562,1553739.6969857574,5272845.8020068975,976.5609756097562,1553985.5166564959,5272756.330963751,1952.1219512195123,1553642.6763430613,5271814.38494411,1952.1219512195123
1554034.0269778438,5273272.039495145,1464.3414634146343,3.957905369885896,1553739.6969857574,5272845.8020068975,976.5609756097562,1554082.537299192,5273787.748026539,976.5609756097562,1554328.356969931,5273698.276983392,1952.1219512195123,1553985.5166564959,5272756.330963751,1952.1219512195123
1554376.867291279,5274213.985514785,1464.3414634146343,4.24026689582884,1554082.537299192,5273787.748026539,976.5609756097562,1554425.377612627,5274729.694046179,976.5609756097562,1554671.1972833658,5274640.223003034,1952.1219512195123,1554328.356969931,5273698.276983392,1952.1219512195123
1554719.7076047137,5275155.931534426,1464.3414634146343,4.785305562476427,1554425.377612627,5274729.694046179,976.5609756097562,1554768.217926062,5275671.640065821,976.5609756097562,1555014.0375968006,5275582.169022674,1952.1219512195123,1554671.1972833658,5274640.223003034,1952.1219512195123
1555062.5479181486,5276097.877554068,1464.3414634146343,5.628915584350314,1554768.217926062,5275671.640065821,976.5609756097562,1555111.0582394968,5276613.586085461,976.5609756097562,1555356.8779102352,5276524.115042315,1952.1219512195123,1555014.0375968006,5275582.169022674,1952.1219512195123
1555405.3882315834,5277039.8235737085,1464.3414634146343,5.476318428474335,1555111.0582394968,5276613.586085461,976.5609756097562,1555453.8985529314,5277555.532105101,976.5609756097562,1555699.71822367,5277466.061061956,1952.1219512195123,1555356.8779102352,5276524.115042315,1952.1219512195123
1555748.2285450182,5277981.76959335,1464.3414634146343,6.007064663158906,1555453.8985529314,5277555.532105101,976.5609756097562,1555796.7388663662,5278497.478124743,976.5609756097562,1556042.5585371049,5278408.007081597,1952.1219512195123,1555699.71822367,5277466.061061956,1952.1219512195123
1556091.068858453,5278923.71561299,1464.3414634146343,6.870299746492805,1555796.7388663662,5278497.478124743,976.5609756097562,1556139.579179801,5279439.4241443835,976.5609756097562,1556385.3988505397,5279349.953101237,1952.1219512195123,1556042.5585371049,5278408.007081597,1952.1219512195123
1556433.9091718877,5279865.661632632,1464.3414634146343,7.474058519799243,1556139.579179801,5279439.4241443835,976.5609756097562,1556482.4194932359,5280381.370164025,976.5609756097562,1556728.2391639745,5280291.899120879,1952.1219512195123,1556385.3988505397,5279349.953101237,1952.1219512195123
1556776.7494853227,5280807.607652272,1464.3414634146343,7.789668076443286,1556482.4194932359,5280381.370164025,976.5609756097562,1556825.2598066707,5281323.316183665,976.5609756097562,1557071.0794774094,5281233.84514052,1952.1219512195123,1556728.2391639745,5280291.899120879,1952.1219512195123
1557119.5897987576,5281749.553671912,1464.3414634146343,6.573221817214644,1556825.2598066707,5281323.316183665,976.5609756097562,1557168.1001201055,5282265.262203307,976.5609756097562,1557413.9197908442,5282175.791160161,1952.1219512195123,1557071.0794774094,5281233.84514052,1952.1219512195123
1557462.4301121924,5282691.499691553,1464.3414634146343,6.178185102688907,1557168.1001201055,5282265.262203307,976.5609756097562,1557510.9404335404,5283207.208222947,976.5609756097562,1557756.760104279,5283117.737179801,1952.1219512195123,1557413.9197908442,5282175.791160161,1952.1219512195123
1557805.2704256272,5283633.4457111955,1464.3414634146343,5.981166602693851,1557510.9404335404,5283207.208222947,976.5609756097562,1557853.7807469752,5284149.154242588,976.5609756097562,1558099.6004177139,5284059.683199443,1952.1219512195123,1557756.760104279,5283117.737179801,1952.1219512195123
1558148.1107390618,5284575.391730836,1464.3414634146343,6.882085074623692,1557853.7807469752,5284149.154242588,976.5609756097562,1558196.62106041,5285091.100262228,976.5609756097562,1558442.4407311485,5285001.629219083,1952.1219512195123,1558099.6004177139,5284059.683199443,1952.1219512195123
1558490.9510524967,5285517.337750477,1464.3414634146343,6.325494085537884,1558196.62106041,5285091.100262228,976.5609756097562,1558539.4613738449,5286033.04628187,976.5609756097562,1558785.2810445833,5285943.575238724,1952.1219512195123,1558442.4407311485,5285001.629219083,1952.1219512195123
1558833.7913659315,5286459.283770118,1464.3414634146343,6.574051588587381,1558539.4613738449,5286033.04628187,976.5609756097562,1558882.3016872795,5286974.992301511,976.5609756097562,1559128.1213580181,5286885.521258364,1952.1219512195123,1558785.2810445833,5285943.575238724,1952.1219512195123
1559176.6316793663,5287401.229789759,1464.3414634146343,7.992614854675805,1558882.3016872795,5286974.992301511,976.5609756097562,1559225.1420007143,5287916.938321152,976.5609756097562,1559470.9616714532,5287827.4672780065,1952.1219512195123,1559128.1213580181,5286885.521258364,1952.1219512195123
1559519.4719928014,5288343.175809399,1464.3414634146343,9.381886939705698,1559225.1420007143,5287916.938321152,976.5609756097562,1559567.9823141494,5288858.884340793,976.5609756097562,1559813.801984888,5288769.413297647,1952.1219512195123,1559470.9616714532,5287827.4672780065,1952.1219512195123
1559862.3123062362,5289285.121829039,1464.3414634146343,9.280719844741515,1559567.9823141494,5288858.884340793,976.5609756097562,1559910.8226275842,5289800.830360434,976.5609756097562,1560156.6422983226,5289711.359317288,1952.1219512195123,1559813.801984888,5288769.413297647,1952.1219512195123
1560205.1526196708,5290227.0678486815,1464.3414634146343,9.770679731367883,1559910.8226275842,5289800.830360434,976.5609756097562,1560253.662941019,5290742.776380074,976.5609756097562,1560499.4826117575,5290653.305336929,1952.1219512195123,1560156.6422983226,5289711.359317288,1952.1219512195123
1560547.9929331054,5291169.013868323,1464.3414634146343,10.112629014059632,1560253.662941019,5290742.776380074,976.5609756097562,1560596.5032544537,5291684.722399715,976.5609756097562,1560842.3229251923,5291595.25135657,1952.1219512195123,1560499.4826117575,5290653.305336929,1952.1219512195123
1560890.8332465403,5292110.959887963,1464.3414634146343,10.324266717332975,1560596.5032544537,5291684.722399715,976.5609756097562,1560939.3435678885,5292626.668419356,976.5609756097562,1561185.1632386271,5292537.19737621,1952.1219512195123,1560842.3229251923,5291595.25135657,1952.1219512195123
1561233.673559975,5293052.905907603,1464.3414634146343,10.426502691582948,1560939.3435678885,5292626.668419356,976.5609756097562,1561282.1838813233,5293568.614438998,976.5609756097562,1561528.003552062,5293479.14339585,1952.1219512195123,1561185.1632386271,5292537.19737621,1952.1219512195123
1561576.51387341,5293994.851927245,1464.3414634146343,12.00276225226186,1561282.1838813233,5293568.614438998,976.5609756097562,1561625.0241947582,5294510.560458638,976.5609756097562,1561870.8438654966,5294421.0894154925,1952.1219512195123,1561528.003552062,5293479.14339585,1952.1219512195123
1561919.3541868448,5294936.797946885,1464.3414634146343,12.053732720828195,1561625.0241947582,5294510.560458638,976.5609756097562,1561967.8645081928,5295452.506478279,976.5609756097562,1562213.6841789316,5295363.035435133,1952.1219512195123,1561870.8438654966,5294421.0894154925,1952.1219512195123
1562262.1945002796,5295878.743966526,1464.3414634146343,14.019465227720858,1561967.8645081928,5295452.506478279,976.5609756097562,1562310.7048216278,5296394.45249792,976.5609756097562,1562556.5244923665,5296304.981454774,1952.1219512195123,1562213.6841789316,5295363.035435133,1952.1219512195123
1562605.0348137144,5296820.6899861675,1464.3414634146343,15.348086696335251,1562310.7048216278,5296394.45249792,976.5609756097562,1562653.5451350627,5297336.398517561,976.5609756097562,1562899.3648058013,5297246.927474414,1952.1219512195123,1562556.5244923665,5296304.981454774,1952.1219512195123
1562947.8751271493,5297762.636005808,1464.3414634146343,17.595253711117376,1562653.5451350627,5297336.398517561,976.5609756097562,1562996.3854484975,5298278.344537201,976.5609756097562,1563242.205119236,5298188.873494056,1952.1219512195123,1562899.3648058013,5297246.927474414,1952.1219512195123
1563290.715440584,5298704.582025449,1464.3414634146343,17.78790549364296,1562996.3854484975,5298278.344537201,976.5609756097562,1563339.225761932,5299220.2905568415,976.5609756097562,1563585.0454326707,5299130.819513696,1952.1219512195123,1563242.205119236,5298188.873494056,1952.1219512195123
1563633.555754019,5299646.52804509,1464.3414634146343,16.875529456586396,1563339.225761932,5299220.2905568415,976.5609756097562,1563682.066075367,5300162.236576484,976.5609756097562,1563927.8857461056,5300072.765533337,1952.1219512195123,1563585.0454326707,5299130.819513696,1952.1219512195123
1563976.3960674538,5300588.474064731,1464.3414634146343,18.958142328886453,1563682.066075367,5300162.236576484,976.5609756097562,1564024.9063888018,5301104.182596124,976.5609756097562,1564270.7260595404,5301014.7115529785,1952.1219512195123,1563927.8857461056,5300072.765533337,1952.1219512195123
1564319.2363808886,5301530.420084372,1464.3414634146343,18.637467770944,1564024.9063888018,5301104.182596124,976.5609756097562,1564367.7467022366,5302046.128615765,976.5609756097562,1564613.5663729752,5301956.65757262,1952.1219512195123,1564270.7260595404,5301014.7115529785,1952.1219512195123
1564662.0766943232,5302472.366104012,1464.3414634146343,20.405706152985953,1564367.7467022366,5302046.128615765,976.5609756097562,1564710.5870156714,5302988.074635406,976.5609756097562,1564956.40668641,5302898.60359226,1952.1219512195123,1564613.5663729752,5301956.65757262,1952.1219512195123
1565004.9170077583,5303414.3121236535,1464.3414634146343,21.295994495817546,1564710.5870156714,5302988.074635406,976.5609756097562,1565053.4273291063,5303930.020655047,976.5609756097562,1565299.246999845,5303840.549611901,1952.1219512195123,1564956.40668641,5302898.60359226,1952.1219512195123
1565347.757321193,5304356.258143295,1464.3414634146343,21.28268746009926,1565053.4273291063,5303930.020655047,976.5609756097562,1565396.267642541,5304871.966674687,976.5609756097562,1565642.0873132797,5304782.495631542,1952.1219512195123,1565299.246999845,5303840.549611901,1952.1219512195123
1565690.597634628,5305298.204162935,1464.3414634146343,17.295045019399858,1565396.267642541,5304871.966674687,976.5609756097562,1565739.107955976,5305813.912694328,976.5609756097562,1565984.9276267146,5305724.441651183,1952.1219512195123,1565642.0873132797,5304782.495631542,1952.1219512195123
1566033.4379480628,5306240.150182576,1464.3414634146343,14.833717549045389,1565739.107955976,5305813.912694328,976.5609756097562,1566081.9482694108,5306755.85871397,976.5609756097562,1566327.7679401492,5306666.387670823,1952.1219512195123,1565984.9276267146,5305724.441651183,1952.1219512195123
1566376.2782614972,5307182.096202217,1464.3414634146343,14.248351464993004,1566081.9482694108,5306755.85871397,976.5609756097562,1566424.7885828454,5307697.804733611,976.5609756097562,1566670.608253584,5307608.333690464,1952.1219512195123,1566327.7679401492,5306666.387670823,1952.1219512195123
1566719.118574932,5308124.042221858,1464.3414634146343,14.847840517806103,1566424.7885828454,5307697.804733611,976.5609756097562,1566767.6288962802,5308639.750753251,976.5609756097562,1567013.4485670188,5308550.279710106,1952.1219512195123,1566670.608253584,5307608.333690464,1952.1219512195123
1567061.9588883668,5309065.988241498,1464.3414634146343,14.103923540179254,1566767.6288962802,5308639.750753251,976.5609756097562,1567110.469209715,5309581.696772892,976.5609756097562,1567356.288880454,5309492.225729746,1952.1219512195123,1567013.4485670188,5308550.279710106,1952.1219512195123
1567404.799201802,5310007.9342611395,1464.3414634146343,14.850221120031174,1567110.469209715,5309581.696772892,976.5609756097562,1567453.30952315,5310523.642792533,976.5609756097562,1567699.1291938885,5310434.171749387,1952.1219512195123,1567356.288880454,5309492.225729746,1952.1219512195123
1567747.6395152367,5310949.880280781,1464.3414634146343,18.026824207667953,1567453.30952315,5310523.642792533,976.5609756097562,1567796.1498365847,5311465.588812174,976.5609756097562,1568041.9695073233,5311376.117769027,1952.1219512195123,1567699.1291938885,5310434.171749387,1952.1219512195123
1568090.4798286716,5311891.826300422,1464.3414634146343,20.012219516593255,1567796.1498365847,5311465.588812174,976.5609756097562,1568138.9901500195,5312407.5348318145,976.5609756097562,1568384.8098207582,5312318.063788669,1952.1219512195123,1568041.9695073233,5311376.117769027,1952.1219512195123
1568433.3201421064,5312833.772320062,1464.3414634146343,21.297612715079882,1568138.9901500195,5312407.5348318145,976.5609756097562,1568481.8304634544,5313349.4808514565,976.5609756097562,1568727.650134193,5313260.009808309,1952.1219512195123,1568384.8098207582,5312318.063788669,1952.1219512195123
1568776.160455541,5313775.718339702,1464.3414634146343,17.452147502018743,1568481.8304634544,5313349.4808514565,976.5609756097562,1568824.6707768892,5314291.426871097,976.5609756097562,1569070.4904476276,5314201.9558279505,1952.1219512195123,1568727.650134193,5313260.009808309,1952.1219512195123
1569119.0007689758,5314717.664359344,1464.3414634146343,16.08355378700253,1568824.6707768892,5314291.426871097,976.5609756097562,1569167.511090324,5315233.372890737,976.5609756097562,1569413.3307610624,5315143.901847592,1952.1219512195123,1569070.4904476276,5314201.9558279505,1952.1219512195123
1569461.8410824107,5315659.610378985,1464.3414634146343,13.24323536747339,1569167.511090324,5315233.372890737,976.5609756097562,1569510.3514037586,5316175.318910378,976.5609756097562,1569756.1710744973,5316085.847867233,1952.1219512195123,1569413.3307610624,5315143.901847592,1952.1219512195123
1569804.6813958455,5316601.5563986255,1464.3414634146343,13.984404916656121,1569510.3514037586,5316175.318910378,976.5609756097562,1569853.1917171935,5317117.264930019,976.5609756097562,1570099.0113879323,5317027.793886873,1952.1219512195123,1569756.1710744973,5316085.847867233,1952.1219512195123
1570147.5217092806,5317543.502418267,1464.3414634146343,13.856467501885472,1569853.1917171935,5317117.264930019,976.5609756097562,1570196.0320306285,5318059.21094966,976.5609756097562,1570441.8517013672,5317969.739906514,1952.1219512195123,1570099.0113879323,5317027.793886873,1952.1219512195123
1570490.3620227154,5318485.448437908,1464.3414634146343,12.905807284300348,1570196.0320306285,5318059.21094966,976.5609756097562,1570538.8723440634,5319001.156969301,976.5609756097562,1570784.692014802,5318911.685926155,1952.1219512195123,1570441.8517013672,5317969.739906514,1952.1219512195123
1570833.20233615,5319427.394457549,1464.3414634146343,12.990904500977477,1570538.8723440634,5319001.156969301,976.5609756097562,1570881.7126574982,5319943.102988942,976.5609756097562,1571127.5323282366,5319853.631945796,1952.1219512195123,1570784.692014802,5318911.685926155,1952.1219512195123
1571176.0426495848,5320369.340477189,1464.3414634146343,12.340066831958145,1570881.7126574982,5319943.102988942,976.5609756097562,1571224.552970933,5320885.049008583,976.5609756097562,1571470.3726416714,5320795.5779654365,1952.1219512195123,1571127.5323282366,5319853.631945796,1952.1219512195123
1571518.8829630197,5321311.28649683,1464.3414634146343,12.48332429218293,1571224.552970933,5320885.049008583,976.5609756097562,1571567.3932843676,5321826.995028224,976.5609756097562,1571813.2129551063,5321737.523985078,1952.1219512195123,1571470.3726416714,5320795.5779654365,1952.1219512195123
1571861.7232764545,5322253.232516471,1464.3414634146343,12.220678921561502,1571567.3932843676,5321826.995028224,976.5609756097562,1571910.2335978025,5322768.941047864,976.5609756097562,1572156.053268541,5322679.470004719,1952.1219512195123,1571813.2129551063,5321737.523985078,1952.1219512195123
1572204.5635898893,5323195.178536112,1464.3414634146343,13.630632432424775,1571910.2335978025,5322768.941047864,976.5609756097562,1572253.0739112373,5323710.887067505,976.5609756097562,1572498.893581976,5323621.41602436,1952.1219512195123,1572156.053268541,5322679.470004719,1952.1219512195123
1572547.403903324,5324137.124555753,1464.3414634146343,13.933224707363138,1572253.0739112373,5323710.887067505,976.5609756097562,1572595.9142246721,5324652.833087146,976.5609756097562,1572841.7338954108,5324563.362044,1952.1219512195123,1572498.893581976,5323621.41602436,1952.1219512195123
1572890.2442167588,5325079.070575395,1464.3414634146343,15.411451934639107,1572595.9142246721,5324652.833087146,976.5609756097562,1572938.754538107,5325594.779106787,976.5609756097562,1573184.5742088456,5325505.308063642,1952.1219512195123,1572841.7338954108,5324563.362044,1952.1219512195123
1573233.0845301936,5326021.016595035,1464.3414634146343,15.44217729353003,1572938.754538107,5325594.779106787,976.5609756097562,1573281.5948515418,5326536.725126428,976.5609756097562,1573527.4145222805,5326447.254083282,1952.1219512195123,1573184.5742088456,5325505.308063642,1952.1219512195123
1573575.9248436284,5326962.962614676,1464.3414634146343,13.511783312313451,1573281.5948515418,5326536.725126428,976.5609756097562,1573624.4351649766,5327478.67114607,976.5609756097562,1573870.2548357153,5327389.200102923,1952.1219512195123,1573527.4145222805,5326447.254083282,1952.1219512195123
1573918.7651570633,5327904.908634316,1464.3414634146343,11.799220769334504,1573624.4351649766,5327478.67114607,976.5609756097562,1573967.2754784115,5328420.61716571,976.5609756097562,1574213.09514915,5328331.146122564,1952.1219512195123,1573870.2548357153,5327389.200102923,1952.1219512195123
1574261.605470498,5328846.854653957,1464.3414634146343,10.97294935024928,1573967.2754784115,5328420.61716571,976.5609756097562,1574310.115791846,5329362.563185351,976.5609756097562,1574555.9354625847,5329273.092142205,1952.1219512195123,1574213.09514915,5328331.146122564,1952.1219512195123
1574604.4457839327,5329788.8006735975,1464.3414634146343,9.77202679599449,1574310.115791846,5329362.563185351,976.5609756097562,1574652.956105281,5330304.509204991,976.5609756097562,1574898.7757760196,5330215.038161846,1952.1219512195123,1574555.9354625847,5329273.092142205,1952.1219512195123
1574947.2860973675,5330730.746693239,1464.3414634146343,9.840273510795425,1574652.956105281,5330304.509204991,976.5609756097562,1574995.7964187157,5331246.455224633,976.5609756097562,1575241.6160894546,5331156.984181486,1952.1219512195123,1574898.7757760196,5330215.038161846,1952.1219512195123
1575290.1264108026,5331672.692712881,1464.3414634146343,9.528995151284395,1574995.7964187157,5331246.455224633,976.5609756097562,1575338.6367321508,5332188.401244273,976.5609756097562,1575584.4564028892,5332098.930201127,1952.1219512195123,1575241.6160894546,5331156.984181486,1952.1219512195123
1575632.9667242374,5332614.638732521,1464.3414634146343,9.771418666478926,1575338.6367321508,5332188.401244273,976.5609756097562,1575681.4770455856,5333130.3472639145,976.5609756097562,1575927.296716324,5333040.876220768,1952.1219512195123,1575584.4564028892,5332098.930201127,1952.1219512195123
1575975.8070376723,5333556.584752162,1464.3414634146343,8.275807221075707,1575681.4770455856,5333130.3472639145,976.5609756097562,1576024.3173590202,5334072.293283555,976.5609756097562,1576270.137029759,5333982.822240409,1952.1219512195123,1575927.296716324,5333040.876220768,1952.1219512195123
1576318.647351107,5334498.530771802,1464.3414634146343,7.443514722747601,1576024.3173590202,5334072.293283555,976.5609756097562,1576367.157672455,5335014.239303197,976.5609756097562,1576612.9773431937,5334924.76826005,1952.1219512195123,1576270.137029759,5333982.822240409,1952.1219512195123
1576661.487664542,5335440.476791444,1464.3414634146343,7.286325687384235,1576367.157672455,5335014.239303197,976.5609756097562,1576709.99798589,5335956.185322837,976.5609756097562,1576955.8176566283,5335866.714279691,1952.1219512195123,1576612.9773431937,5334924.76826005,1952.1219512195123
1577004.3279779765,5336382.422811084,1464.3414634146343,6.131162727938371,1576709.99798589,5335956.185322837,976.5609756097562,1577052.8382993247,5336898.131342477,976.5609756097562,1577298.6579700632,5336808.660299332,1952.1219512195123,1576955.8176566283,5335866.714279691,1952.1219512195123
1577347.1682914114,5337324.368830725,1464.3414634146343,5.124820410529896,1577052.8382993247,5336898.131342477,976.5609756097562,1577395.6786127593,5337840.077362119,976.5609756097562,1577641.498283498,5337750.606318973,1952.1219512195123,1577298.6579700632,5336808.660299332,1952.1219512195123
1577690.0086048462,5338266.314850366,1464.3414634146343,4.893153366661641,1577395.6786127593,5337840.077362119,976.5609756097562,1577738.5189261942,5338782.023381759,976.5609756097562,1577984.338596933,5338692.552338613,1952.1219512195123,1577641.498283498,5337750.606318973,1952.1219512195123
1578032.8489182813,5339208.260870008,1464.3414634146343,4.475361870336263,1577738.5189261942,5338782.023381759,976.5609756097562,1578081.3592396292,5339723.969401401,976.5609756097562,1578327.178910368,5339634.498358255,1952.1219512195123,1577984.338596933,5338692.552338613,1952.1219512195123
1578375.689231716,5340150.206889648,1464.3414634146343,4.045075115625329,1578081.3592396292,5339723.969401401,976.5609756097562,1578424.199553064,5340665.915421041,976.5609756097562,1578670.0192238025,5340576.444377895,1952.1219512195123,1578327.178910368,5339634.498358255,1952.1219512195123
1578718.5295451505,5341092.152909289,1464.3414634146343,4.6787820418402655,1578424.199553064,5340665.915421041,976.5609756097562,1578767.0398664987,5341607.861440683,976.5609756097562,1579012.8595372373,5341518.390397537,1952.1219512195123,1578670.0192238025,5340576.444377895,1952.1219512195123
1579061.3698585853,5342034.09892893,1464.3414634146343,5.876117400530218,1578767.0398664987,5341607.861440683,976.5609756097562,1579109.8801799335,5342549.807460323,976.5609756097562,1579355.6998506722,5342460.336417177,1952.1219512195123,1579012.8595372373,5341518.390397537,1952.1219512195123
1579404.2101720201,5342976.04494857,1464.3414634146343,6.2766516029622546,1579109.8801799335,5342549.807460323,976.5609756097562,1579452.7204933683,5343491.753479964,976.5609756097562,1579698.540164107,5343402.282436818,1952.1219512195123,1579355.6998506722,5342460.336417177,1952.1219512195123
1579747.050485455,5343917.990968212,1464.3414634146343,6.491980735791066,1579452.7204933683,5343491.753479964,976.5609756097562,1579795.5608068032,5344433.699499604,976.5609756097562,1580041.3804775416,5344344.228456459,1952.1219512195123,1579698.540164107,5343402.282436818,1952.1219512195123
1580089.8907988898,5344859.936987852,1464.3414634146343,6.541760897073642,1579795.5608068032,5344433.699499604,976.5609756097562,1580138.401120238,5345375.645519246,976.5609756097562,1580384.2207909767,5345286.1744761,1952.1219512195123,1580041.3804775416,5344344.228456459,1952.1219512195123
1580432.7311123246,5345801.883007494,1464.3414634146343,7.1901591760087085,1580138.401120238,5345375.645519246,976.5609756097562,1580481.2414336728,5346317.591538887,976.5609756097562,1580727.0611044115,5346228.12049574,1952.1219512195123,1580384.2207909767,5345286.1744761,1952.1219512195123
1580775.5714257597,5346743.829027135,1464.3414634146343,7.2160969093536895,1580481.2414336728,5346317.591538887,976.5609756097562,1580824.0817471077,5347259.537558528,976.5609756097562,1581069.9014178463,5347170.066515382,1952.1219512195123,1580727.0611044115,5346228.12049574,1952.1219512195123
1581118.4117391945,5347685.775046775,1464.3414634146343,7.413581943898369,1580824.0817471077,5347259.537558528,976.5609756097562,1581166.9220605425,5348201.483578169,976.5609756097562,1581412.7417312812,5348112.012535023,1952.1219512195123,1581069.9014178463,5347170.066515382,1952.1219512195123
1581461.2520526294,5348627.721066416,1464.3414634146343,8.916654892344393,1581166.9220605425,5348201.483578169,976.5609756097562,1581509.7623739773,5349143.42959781,976.5609756097562,1581755.582044716,5349053.958554664,1952.1219512195123,1581412.7417312812,5348112.012535023,1952.1219512195123
1581804.092366064,5349569.667086057,1464.3414634146343,8.75581525467232,1581509.7623739773,5349143.42959781,976.5609756097562,1581852.6026874122,5350085.37561745,976.5609756097562,1582098.4223581506,5349995.904574305,1952.1219512195123,1581755.582044716,5349053.958554664,1952.1219512195123
1582146.9326794988,5350511.613105698,1464.3414634146343,9.784966699949594,1581852.6026874122,5350085.37561745,976.5609756097562,1582195.4430008468,5351027.321637091,976.5609756097562,1582441.2626715854,5350937.850593945,1952.1219512195123,1582098.4223581506,5349995.904574305,1952.1219512195123
1582489.7729929336,5351453.559125339,1464.3414634146343,9.09557612779297,1582195.4430008468,5351027.321637091,976.5609756097562,1582538.2833142816,5351969.267656732,976.5609756097562,1582784.1029850203,5351879.796613586,1952.1219512195123,1582441.2626715854,5350937.850593945,1952.1219512195123
1582832.6133063685,5352395.505144979,1464.3414634146343,7.72018811609304,1582538.2833142816,5351969.267656732,976.5609756097562,1582881.1236277164,5352911.2136763735,976.5609756097562,1583126.9432984553,5352821.742633226,1952.1219512195123,1582784.1029850203,5351879.796613586,1952.1219512195123
1583175.4536198033,5353337.45116462,1464.3414634146343,5.7433480773079,1582881.1236277164,5352911.2136763735,976.5609756097562,1583223.9639411515,5353853.159696014,976.5609756097562,1583469.78361189,5353763.688652868,1952.1219512195123,1583126.9432984553,5352821.742633226,1952.1219512195123
1583518.2939332381,5354279.397184261,1464.3414634146343,5.057050925016481,1583223.9639411515,5353853.159696014,976.5609756097562,1583566.8042545863,5354795.105715655,976.5609756097562,1583812.6239253248,5354705.634672509,1952.1219512195123,1583469.78361189,5353763.688652868,1952.1219512195123
1583861.134246673,5355221.343203902,1464.3414634146343,4.683217697979965,1583566.8042545863,5354795.105715655,976.5609756097562,1583909.644568021,5355737.051735296,976.5609756097562,1584155.4642387596,5355647.58069215,1952.1219512195123,1583812.6239253248,5354705.634672509,1952.1219512195123
1584203.9745601078,5356163.289223543,1464.3414634146343,3.6500707478206085,1583909.644568021,5355737.051735296,976.5609756097562,1584252.4848814558,5356678.997754937,976.5609756097562,1584498.3045521944,5356589.52671179,1952.1219512195123,1584155.4642387596,5355647.58069215,1952.1219512195123
1584546.8148735426,5357105.2352431845,1464.3414634146343,2.899005466846978,1584252.4848814558,5356678.997754937,976.5609756097562,1584595.3251948906,5357620.943774577,976.5609756097562,1584841.1448656293,5357531.472731432,1952.1219512195123,1584498.3045521944,5356589.52671179,1952.1219512195123
1584889.6551869775,5358047.181262825,1464.3414634146343,1.9080019753023991,1584595.3251948906,5357620.943774577,976.5609756097562,1584938.1655083254,5358562.889794217,976.5609756097562,1585183.9851790639,5358473.418751072,1952.1219512195123,1584841.1448656293,5357531.472731432,1952.1219512195123
1585232.4955004118,5358989.127282466,1464.3414634146343,1.8679230991587816,1584938.1655083254,5358562.889794217,976.5609756097562,1585281.00582176,5359504.8358138595,976.5609756097562,1585526.8254924987,5359415.364770713,1952.1219512195123,1585183.9851790639,5358473.418751072,1952.1219512195123
1585575.3358138467,5359931.073302107,1464.3414634146343,1.9975014546329435,1585281.00582176,5359504.8358138595,976.5609756097562,1585623.8461351949,5360446.7818335,976.5609756097562,1585869.6658059338,5360357.310790354,1952.1219512195123,1585526.8254924987,5359415.364770713,1952.1219512195123
1585918.1761272817,5360873.019321747,1464.3414634146343,2.055381724420228,1585623.8461351949,5360446.7818335,976.5609756097562,1585966.68644863,5361388.727853141,976.5609756097562,1586212.5061193686,5361299.2568099955,1952.1219512195123,1585869.6658059338,5360357.310790354,1952.1219512195123
1586261.0164407166,5361814.965341388,1464.3414634146343,2.1054165837102863,1585966.68644863,5361388.727853141,976.5609756097562,1586309.5267620648,5362330.673872782,976.5609756097562,1586555.3464328032,5362241.202829636,1952.1219512195123,1586212.5061193686,5361299.2568099955,1952.1219512195123
1586603.8567541514,5362756.911361029,1464.3414634146343,2.3829746510415672,1586309.5267620648,5362330.673872782,976.5609756097562,1586652.3670754994,5363272.619892423,976.5609756097562,1586898.186746238,5363183.148849277,1952.1219512195123,1586555.3464328032,5362241.202829636,1952.1219512195123
1586946.697067586,5363698.8573806705,1464.3414634146343,2.154434677947022,1586652.3670754994,5363272.619892423,976.5609756097562,1586995.2073889342,5364214.565912063,976.5609756097562,1587241.0270596729,5364125.094868918,1952.1219512195123,1586898.186746238,5363183.148849277,1952.1219512195123
1587289.5373810208,5364640.803400311,1464.3414634146343,2.1055719622094053,1586995.2073889342,5364214.565912063,976.5609756097562,1587338.047702369,5365156.511931704,976.5609756097562,1587583.8673731077,5365067.040888558,1952.1219512195123,1587241.0270596729,5364125.094868918,1952.1219512195123
1587632.3776944557,5365582.749419952,1464.3414634146343,2.75651170799344,1587338.047702369,5365156.511931704,976.5609756097562,1587680.8880158039,5366098.4579513455,976.5609756097562,1587926.7076865423,5366008.986908199,1952.1219512195123,1587583.8673731077,5365067.040888558,1952.1219512195123
1587975.2180078905,5366524.695439593,1464.3414634146343,2.8430155273442343,1587680.8880158039,5366098.4579513455,976.5609756097562,1588023.7283292387,5367040.403970987,976.5609756097562,1588269.5479999771,5366950.932927839,1952.1219512195123,1587926.7076865423,5366008.986908199,1952.1219512195123
1588318.0583213253,5367466.641459234,1464.3414634146343,3.2705105261363046,1588023.7283292387,5367040.403970987,976.5609756097562,1588366.5686426733,5367982.349990627,976.5609756097562,1588612.3883134122,5367892.8789474815,1952.1219512195123,1588269.5479999771,5366950.932927839,1952.1219512195123
1588660.8986347604,5368408.587478874,1464.3414634146343,3.582271313489267,1588366.5686426733,5367982.349990627,976.5609756097562,1588709.4089561084,5368924.296010268,976.5609756097562,1588955.228626847,5368834.824967122,1952.1219512195123,1588612.3883134122,5367892.8789474815,1952.1219512195123
1589003.7389481952,5369350.533498514,1464.3414634146343,3.8966370888032524,1588709.4089561084,5368924.296010268,976.5609756097562,1589052.2492695432,5369866.242029909,976.5609756097562,1589298.0689402816,5369776.770986763,1952.1219512195123,1588955.228626847,5368834.824967122,1952.1219512195123
1589346.5792616298,5370292.4795181565,1464.3414634146343,2.700104099915628,1589052.2492695432,5369866.242029909,976.5609756097562,1589395.089582978,5370808.18804955,976.5609756097562,1589640.9092537165,5370718.717006404,1952.1219512195123,1589298.0689402816,5369776.770986763,1952.1219512195123
1589689.4195750647,5371234.425537798,1464.3414634146343,2.2596775001335105,1589395.089582978,5370808.18804955,976.5609756097562,1589737.9298964127,5371750.13406919,976.5609756097562,1589983.7495671513,5371660.663026045,1952.1219512195123,1589640.9092537165,5370718.717006404,1952.1219512195123
1590032.2598884995,5372176.371557438,1464.3414634146343,3.0173635681145368,1589737.9298964127,5371750.13406919,976.5609756097562,1590080.7702098475,5372692.0800888315,976.5609756097562,1590326.5898805861,5372602.609045685,1952.1219512195123,1589983.7495671513,5371660.663026045,1952.1219512195123
1590375.1002019343,5373118.317577079,1464.3414634146343,3.362273240939619,1590080.7702098475,5372692.0800888315,976.5609756097562,1590423.6105232823,5373634.026108473,976.5609756097562,1590669.430194021,5373544.555065326,1952.1219512195123,1590326.5898805861,5372602.609045685,1952.1219512195123
1590717.9405153692,5374060.26359672,1464.3414634146343,3.074723153951744,1590423.6105232823,5373634.026108473,976.5609756097562,1590766.4508367172,5374575.972128113,976.5609756097562,1591012.2705074558,5374486.5010849675,1952.1219512195123,1590669.430194021,5373544.555065326,1952.1219512195123
1591060.7808288038,5375002.209616361,1464.3414634146343,2.3181342362764834,1590766.4508367172,5374575.972128113,976.5609756097562,1591109.291150152,5375517.918147754,976.5609756097562,1591355.1108208906,5375428.447104609,1952.1219512195123,1591012.2705074558,5374486.5010849675,1952.1219512195123
1591403.6211422386,5375944.155636001,1464.3414634146343,2.4254305522464388,1591109.291150152,5375517.918147754,976.5609756097562,1591452.1314635868,5376459.864167395,976.5609756097562,1591697.9511343255,5376370.393124249,1952.1219512195123,1591355.1108208906,5375428.447104609,1952.1219512195123
1591746.4614556734,5376886.1016556425,1464.3414634146343,2.2807581317548915,1591452.1314635868,5376459.864167395,976.5609756097562,1591794.9717770217,5377401.810187036,976.5609756097562,1592040.7914477603,5377312.33914389,1952.1219512195123,1591697.9511343255,5376370.393124249,1952.1219512195123
1592089.3017691083,5377828.047675284,1464.3414634146343,2.2692744747136926,1591794.9717770217,5377401.810187036,976.5609756097562,1592137.8120904565,5378343.756206676,976.5609756097562,1592383.631761195,5378254.285163531,1952.1219512195123,1592040.7914477603,5377312.33914389,1952.1219512195123
1592432.142082543,5378769.993694925,1464.3414634146343,1.9650426404191559,1592137.8120904565,5378343.756206676,976.5609756097562,1592480.6524038913,5379285.7022263175,976.5609756097562,1592726.47207463,5379196.231183172,1952.1219512195123,1592383.631761195,5378254.285163531,1952.1219512195123
1592774.982395978,5379711.939714565,1464.3414634146343,1.2992629223933334,1592480.6524038913,5379285.7022263175,976.5609756097562,1592823.4927173262,5380227.648245959,976.5609756097562,1593069.3123880646,5380138.177202812,1952.1219512195123,1592726.47207463,5379196.231183172,1952.1219512195123
1593117.8227094128,5380653.885734207,1464.3414634146343,0.8356385163814801,1592823.4927173262,5380227.648245959,976.5609756097562,1593166.3330307608,5381169.5942656,976.5609756097562,1593412.1527014994,5381080.1232224535,1952.1219512195123,1593069.3123880646,5380138.177202812,1952.1219512195123
1593460.6630228476,5381595.831753847,1464.3414634146343,0.7241548646852373,1593166.3330307608,5381169.5942656,976.5609756097562,1593509.1733441956,5382111.54028524,976.5609756097562,1593754.9930149345,5382022.069242095,1952.1219512195123,1593412.1527014994,5381080.1232224535,1952.1219512195123
1593803.5033362827,5382537.777773488,1464.3414634146343,0.7122194785604062,1593509.1733441956,5382111.54028524,976.5609756097562,1593852.0136576307,5383053.486304881,976.5609756097562,1594097.8333283693,5382964.015261736,1952.1219512195123,1593754.9930149345,5382022.069242095,1952.1219512195123
1594146.3436497173,5383479.7237931285,1464.3414634146343,0.6979526513718701,1593852.0136576307,5383053.486304881,976.5609756097562,1594194.8539710655,5383995.432324522,976.5609756097562,1594440.673641804,5383905.961281376,1952.1219512195123,1594097.8333283693,5382964.015261736,1952.1219512195123
1542623.2759917995,5241156.403784209,2439.9024390243903,1.9031686196304043,1542328.9459997125,5240730.1662959615,1952.1219512195123,1542671.7863131473,5241672.112315603,1952.1219512195123,1542917.6059838866,5241582.641272456,2927.682926829268,1542574.7656704518,5240640.695252815,2927.682926829268
1542966.1163052341,5242098.349803849,2439.9024390243903,2.2432977115226427,1542671.7863131473,5241672.112315603,1952.1219512195123,1543014.626626582,5242614.058335244,1952.1219512195123,1543260.4462973215,5242524.587292097,2927.682926829268,1542917.6059838866,5241582.641272456,2927.682926829268
1543308.956618669,5243040.29582349,2439.9024390243903,1.6813182891502296,1543014.626626582,5242614.058335244,1952.1219512195123,1543357.4669400167,5243556.004354884,1952.1219512195123,1543603.2866107563,5243466.533311739,2927.682926829268,1543260.4462973215,5242524.587292097,2927.682926829268
1543651.796932104,5243982.241843131,2439.9024390243903,1.3272965910155716,1543357.4669400167,5243556.004354884,1952.1219512195123,1543700.3072534518,5244497.950374525,1952.1219512195123,1543946.1269241911,5244408.479331379,2927.682926829268,1543603.2866107563,5243466.533311739,2927.682926829268
1543994.6372455389,5244924.1878627725,2439.9024390243903,1.4303086570131636,1543700.3072534518,5244497.950374525,1952.1219512195123,1544043.1475668866,5245439.896394166,1952.1219512195123,1544288.967237626,5245350.42535102,2927.682926829268,1543946.1269241911,5244408.479331379,2927.682926829268
1544337.4775589737,5245866.133882413,2439.9024390243903,2.1105038801722236,1544043.1475668866,5245439.896394166,1952.1219512195123,1544385.9878803212,5246381.842413807,1952.1219512195123,1544631.8075510608,5246292.37137066,2927.682926829268,1544288.967237626,5245350.42535102,2927.682926829268
1544680.3178724085,5246808.079902054,2439.9024390243903,3.0851448345377497,1544385.9878803212,5246381.842413807,1952.1219512195123,1544728.828193756,5247323.7884334475,1952.1219512195123,1544974.6478644956,5247234.317390301,2927.682926829268,1544631.8075510608,5246292.37137066,2927.682926829268
1545023.1581858431,5247750.025921695,2439.9024390243903,3.413999620812128,1544728.828193756,5247323.7884334475,1952.1219512195123,1545071.668507191,5248265.734453088,1952.1219512195123,1545317.4881779302,5248176.263409942,2927.682926829268,1544974.6478644956,5247234.317390301,2927.682926829268
1545365.998499278,5248691.971941335,2439.9024390243903,3.1433174944710367,1545071.668507191,5248265.734453088,1952.1219512195123,1545414.5088206257,5249207.68047273,1952.1219512195123,1545660.328491365,5249118.209429583,2927.682926829268,1545317.4881779302,5248176.263409942,2927.682926829268
1545708.8388127128,5249633.917960977,2439.9024390243903,3.2251565066751784,1545414.5088206257,5249207.68047273,1952.1219512195123,1545757.3491340603,5250149.62649237,1952.1219512195123,1546003.1688048,5250060.155449224,2927.682926829268,1545660.328491365,5249118.209429583,2927.682926829268
1546051.6791261476,5250575.863980617,2439.9024390243903,3.3587445651379553,1545757.3491340603,5250149.62649237,1952.1219512195123,1546100.1894474952,5251091.572512011,1952.1219512195123,1546346.009118235,5251002.101468865,2927.682926829268,1546003.1688048,5250060.155449224,2927.682926829268
1546394.5194395825,5251517.810000258,2439.9024390243903,3.516164300202136,1546100.1894474952,5251091.572512011,1952.1219512195123,1546443.0297609302,5252033.518531651,1952.1219512195123,1546688.8494316696,5251944.047488506,2927.682926829268,1546346.009118235,5251002.101468865,2927.682926829268
1546737.3597530173,5252459.756019899,2439.9024390243903,4.209974361078289,1546443.0297609302,5252033.518531651,1952.1219512195123,1546785.870074365,5252975.464551293,1952.1219512195123,1547031.6897451044,5252885.993508146,2927.682926829268,1546688.8494316696,5251944.047488506,2927.682926829268
1547080.2000664521,5253401.702039541,2439.9024390243903,4.939637486070694,1546785.870074365,5252975.464551293,1952.1219512195123,1547128.7103878,5253917.4105709335,1952.1219512195123,1547374.5300585392,5253827.939527788,2927.682926829268,1547031.6897451044,5252885.993508146,2927.682926829268
1547423.040379887,5254343.648059181,2439.9024390243903,5.361100791410552,1547128.7103878,5253917.4105709335,1952.1219512195123,1547471.5507012345,5254859.356590575,1952.1219512195123,1547717.370371974,5254769.885547428,2927.682926829268,1547374.5300585392,5253827.939527788,2927.682926829268
1547765.8806933218,5255285.594078822,2439.9024390243903,6.3767362528532,1547471.5507012345,5254859.356590575,1952.1219512195123,1547814.3910146693,5255801.302610216,1952.1219512195123,1548060.210685409,5255711.8315670695,2927.682926829268,1547717.370371974,5254769.885547428,2927.682926829268
1548108.7210067566,5256227.540098462,2439.9024390243903,6.02187387149398,1547814.3910146693,5255801.302610216,1952.1219512195123,1548157.2313281042,5256743.248629857,1952.1219512195123,1548403.0509988437,5256653.77758671,2927.682926829268,1548060.210685409,5255711.8315670695,2927.682926829268
1548451.5613201915,5257169.486118104,2439.9024390243903,5.2997508843230055,1548157.2313281042,5256743.248629857,1952.1219512195123,1548500.071641539,5257685.194649497,1952.1219512195123,1548745.8913122783,5257595.723606352,2927.682926829268,1548403.0509988437,5256653.77758671,2927.682926829268
1548794.401633626,5258111.4321377445,2439.9024390243903,5.612365969009451,1548500.071641539,5257685.194649497,1952.1219512195123,1548842.911954974,5258627.140669138,1952.1219512195123,1549088.7316257134,5258537.669625992,2927.682926829268,1548745.8913122783,5257595.723606352,2927.682926829268
1549137.2419470611,5259053.378157385,2439.9024390243903,5.450992166839446,1548842.911954974,5258627.140669138,1952.1219512195123,1549185.752268409,5259569.086688779,1952.1219512195123,1549431.5719391482,5259479.615645633,2927.682926829268,1549088.7316257134,5258537.669625992,2927.682926829268
1549480.0822604958,5259995.324177027,2439.9024390243903,5.4807647582346855,1549185.752268409,5259569.086688779,1952.1219512195123,1549528.5925818435,5260511.03270842,1952.1219512195123,1549774.412252583,5260421.561665273,2927.682926829268,1549431.5719391482,5259479.615645633,2927.682926829268
1549822.9225739306,5260937.270196668,2439.9024390243903,7.33645615676427,1549528.5925818435,5260511.03270842,1952.1219512195123,1549871.4328952783,5261452.978728061,1952.1219512195123,1550117.2525660177,5261363.507684915,2927.682926829268,1549774.412252583,5260421.561665273,2927.682926829268
1550165.7628873654,5261879.216216308,2439.9024390243903,8.303070682553807,1549871.4328952783,5261452.978728061,1952.1219512195123,1550214.2732087132,5262394.924747702,1952.1219512195123,1550460.0928794525,5262305.4537045555,2927.682926829268,1550117.2525660177,5261363.507684915,2927.682926829268
1550508.6032008003,5262821.162235949,2439.9024390243903,8.01782555407334,1550214.2732087132,5262394.924747702,1952.1219512195123,1550557.113522148,5263336.870767343,1952.1219512195123,1550802.9331928873,5263247.399724197,2927.682926829268,1550460.0928794525,5262305.4537045555,2927.682926829268
1550851.443514235,5263763.10825559,2439.9024390243903,7.8626017761832445,1550557.113522148,5263336.870767343,1952.1219512195123,1550899.9538355826,5264278.816786984,1952.1219512195123,1551145.7735063222,5264189.345743837,2927.682926829268,1550802.9331928873,5263247.399724197,2927.682926829268
1551194.2838276697,5264705.054275231,2439.9024390243903,7.033652787145431,1550899.9538355826,5264278.816786984,1952.1219512195123,1551242.7941490174,5265220.762806624,1952.1219512195123,1551488.613819757,5265131.291763479,2927.682926829268,1551145.7735063222,5264189.345743837,2927.682926829268
1551537.1241411048,5265647.000294872,2439.9024390243903,8.986028160991117,1551242.7941490174,5265220.762806624,1952.1219512195123,1551585.6344624525,5266162.708826266,1952.1219512195123,1551831.4541331918,5266073.237783119,2927.682926829268,1551488.613819757,5265131.291763479,2927.682926829268
1551879.9644545396,5266588.946314512,2439.9024390243903,7.360819044211912,1551585.6344624525,5266162.708826266,1952.1219512195123,1551928.4747758873,5267104.654845906,1952.1219512195123,1552174.2944466267,5267015.18380276,2927.682926829268,1551831.4541331918,5266073.237783119,2927.682926829268
1552222.8047679744,5267530.892334154,2439.9024390243903,5.782601631817365,1551928.4747758873,5267104.654845906,1952.1219512195123,1552271.315089322,5268046.600865548,1952.1219512195123,1552517.1347600615,5267957.129822401,2927.682926829268,1552174.2944466267,5267015.18380276,2927.682926829268
1552565.6450814093,5268472.838353795,2439.9024390243903,4.288515937189009,1552271.315089322,5268046.600865548,1952.1219512195123,1552614.1554027568,5268988.546885188,1952.1219512195123,1552859.9750734963,5268899.0758420415,2927.682926829268,1552517.1347600615,5267957.129822401,2927.682926829268
1552908.485394844,5269414.784373435,2439.9024390243903,4.188681253014335,1552614.1554027568,5268988.546885188,1952.1219512195123,1552956.9957161916,5269930.492904829,1952.1219512195123,1553202.815386931,5269841.021861683,2927.682926829268,1552859.9750734963,5268899.0758420415,2927.682926829268
1553251.3257082787,5270356.730393076,2439.9024390243903,3.7190613069369363,1552956.9957161916,5269930.492904829,1952.1219512195123,1553299.8360296264,5270872.43892447,1952.1219512195123,1553545.6557003658,5270782.967881323,2927.682926829268,1553202.815386931,5269841.021861683,2927.682926829268
1553594.1660217135,5271298.676412717,2439.9024390243903,3.2515383442684813,1553299.8360296264,5270872.43892447,1952.1219512195123,1553642.6763430613,5271814.38494411,1952.1219512195123,1553888.4960138006,5271724.913900965,2927.682926829268,1553545.6557003658,5270782.967881323,2927.682926829268
1553937.0063351484,5272240.622432358,2439.9024390243903,4.262386756735872,1553642.6763430613,5271814.38494411,1952.1219512195123,1553985.5166564959,5272756.330963751,1952.1219512195123,1554231.3363272357,5272666.859920605,2927.682926829268,1553888.4960138006,5271724.913900965,2927.682926829268
1554279.8466485834,5273182.568451999,2439.9024390243903,5.11472157562373,1553985.5166564959,5272756.330963751,1952.1219512195123,1554328.356969931,5273698.276983392,1952.1219512195123,1554574.1766406703,5273608.805940246,2927.682926829268,1554231.3363272357,5272666.859920605,2927.682926829268
1554622.686962018,5274124.51447164,2439.9024390243903,4.756374960532461,1554328.356969931,5273698.276983392,1952.1219512195123,1554671.1972833658,5274640.223003034,1952.1219512195123,1554917.016954105,5274550.751959886,2927.682926829268,1554574.1766406703,5273608.805940246,2927.682926829268
1554965.5272754529,5275066.46049128,2439.9024390243903,4.957551332274106,1554671.1972833658,5274640.223003034,1952.1219512195123,1555014.0375968006,5275582.169022674,1952.1219512195123,1555259.85726754,5275492.697979528,2927.682926829268,1554917.016954105,5274550.751959886,2927.682926829268
1555308.3675888875,5276008.406510921,2439.9024390243903,5.362793686251768,1555014.0375968006,5275582.169022674,1952.1219512195123,1555356.8779102352,5276524.115042315,1952.1219512195123,1555602.6975809748,5276434.643999169,2927.682926829268,1555259.85726754,5275492.697979528,2927.682926829268
1555651.2079023223,5276950.352530562,2439.9024390243903,5.6624965805945395,1555356.8779102352,5276524.115042315,1952.1219512195123,1555699.71822367,5277466.061061956,1952.1219512195123,1555945.5378944096,5277376.59001881,2927.682926829268,1555602.6975809748,5276434.643999169,2927.682926829268
1555994.0482157571,5277892.298550203,2439.9024390243903,5.978220919995194,1555699.71822367,5277466.061061956,1952.1219512195123,1556042.5585371049,5278408.007081597,1952.1219512195123,1556288.3782078442,5278318.536038451,2927.682926829268,1555945.5378944096,5277376.59001881,2927.682926829268
1556336.888529192,5278834.244569845,2439.9024390243903,7.341081724007126,1556042.5585371049,5278408.007081597,1952.1219512195123,1556385.3988505397,5279349.953101237,1952.1219512195123,1556631.218521279,5279260.482058092,2927.682926829268,1556288.3782078442,5278318.536038451,2927.682926829268
1556679.7288426268,5279776.190589485,2439.9024390243903,7.71530313084063,1556385.3988505397,5279349.953101237,1952.1219512195123,1556728.2391639745,5280291.899120879,1952.1219512195123,1556974.0588347141,5280202.428077732,2927.682926829268,1556631.218521279,5279260.482058092,2927.682926829268
1557022.5691560619,5280718.136609126,2439.9024390243903,8.72785764398677,1556728.2391639745,5280291.899120879,1952.1219512195123,1557071.0794774094,5281233.84514052,1952.1219512195123,1557316.899148149,5281144.374097373,2927.682926829268,1556974.0588347141,5280202.428077732,2927.682926829268
1557365.4094694965,5281660.082628767,2439.9024390243903,8.820337875807184,1557071.0794774094,5281233.84514052,1952.1219512195123,1557413.9197908442,5282175.791160161,1952.1219512195123,1557659.7394615836,5282086.320117014,2927.682926829268,1557316.899148149,5281144.374097373,2927.682926829268
1557708.2497829313,5282602.028648407,2439.9024390243903,8.515149482572966,1557413.9197908442,5282175.791160161,1952.1219512195123,1557756.760104279,5283117.737179801,1952.1219512195123,1558002.5797750184,5283028.266136655,2927.682926829268,1557659.7394615836,5282086.320117014,2927.682926829268
1558051.0900963661,5283543.974668048,2439.9024390243903,8.264451005373726,1557756.760104279,5283117.737179801,1952.1219512195123,1558099.6004177139,5284059.683199443,1952.1219512195123,1558345.4200884532,5283970.212156296,2927.682926829268,1558002.5797750184,5283028.266136655,2927.682926829268
1558393.930409801,5284485.92068769,2439.9024390243903,7.381185236053285,1558099.6004177139,5284059.683199443,1952.1219512195123,1558442.4407311485,5285001.629219083,1952.1219512195123,1558688.260401888,5284912.158175936,2927.682926829268,1558345.4200884532,5283970.212156296,2927.682926829268
1558736.7707232358,5285427.866707331,2439.9024390243903,7.122796717385805,1558442.4407311485,5285001.629219083,1952.1219512195123,1558785.2810445833,5285943.575238724,1952.1219512195123,1559031.100715323,5285854.104195578,2927.682926829268,1558688.260401888,5284912.158175936,2927.682926829268
1559079.6110366706,5286369.812726972,2439.9024390243903,6.584546125854788,1558785.2810445833,5285943.575238724,1952.1219512195123,1559128.1213580181,5286885.521258364,1952.1219512195123,1559373.9410287577,5286796.050215219,2927.682926829268,1559031.100715323,5285854.104195578,2927.682926829268
1559422.4513501055,5287311.758746612,2439.9024390243903,7.592676800593328,1559128.1213580181,5286885.521258364,1952.1219512195123,1559470.9616714532,5287827.4672780065,1952.1219512195123,1559716.7813421926,5287737.996234859,2927.682926829268,1559373.9410287577,5286796.050215219,2927.682926829268
1559765.2916635403,5288253.704766254,2439.9024390243903,8.95635934509713,1559470.9616714532,5287827.4672780065,1952.1219512195123,1559813.801984888,5288769.413297647,1952.1219512195123,1560059.6216556274,5288679.9422545,2927.682926829268,1559716.7813421926,5287737.996234859,2927.682926829268
1560108.1319769751,5289195.650785894,2439.9024390243903,10.25917205089244,1559813.801984888,5288769.413297647,1952.1219512195123,1560156.6422983226,5289711.359317288,1952.1219512195123,1560402.4619690622,5289621.888274142,2927.682926829268,1560059.6216556274,5288679.9422545,2927.682926829268
1560450.97229041,5290137.596805534,2439.9024390243903,9.40615030177174,1560156.6422983226,5289711.359317288,1952.1219512195123,1560499.4826117575,5290653.305336929,1952.1219512195123,1560745.302282497,5290563.834293782,2927.682926829268,1560402.4619690622,5289621.888274142,2927.682926829268
1560793.8126038448,5291079.542825175,2439.9024390243903,10.005228085845305,1560499.4826117575,5290653.305336929,1952.1219512195123,1560842.3229251923,5291595.25135657,1952.1219512195123,1561088.1425959317,5291505.780313423,2927.682926829268,1560745.302282497,5290563.834293782,2927.682926829268
1561136.6529172794,5292021.4888448175,2439.9024390243903,12.220228908033768,1560842.3229251923,5291595.25135657,1952.1219512195123,1561185.1632386271,5292537.19737621,1952.1219512195123,1561430.9829093665,5292447.726333064,2927.682926829268,1561088.1425959317,5291505.780313423,2927.682926829268
1561479.4932307142,5292963.434864458,2439.9024390243903,13.499313835467149,1561185.1632386271,5292537.19737621,1952.1219512195123,1561528.003552062,5293479.14339585,1952.1219512195123,1561773.8232228013,5293389.672352705,2927.682926829268,1561430.9829093665,5292447.726333064,2927.682926829268
1561822.3335441488,5293905.380884098,2439.9024390243903,13.506472963979002,1561528.003552062,5293479.14339585,1952.1219512195123,1561870.8438654966,5294421.0894154925,1952.1219512195123,1562116.6635362364,5294331.618372345,2927.682926829268,1561773.8232228013,5293389.672352705,2927.682926829268
1562165.173857584,5294847.32690374,2439.9024390243903,14.716440266054438,1561870.8438654966,5294421.0894154925,1952.1219512195123,1562213.6841789316,5295363.035435133,1952.1219512195123,1562459.503849671,5295273.5643919865,2927.682926829268,1562116.6635362364,5294331.618372345,2927.682926829268
1562508.0141710187,5295789.27292338,2439.9024390243903,15.33249829164866,1562213.6841789316,5295363.035435133,1952.1219512195123,1562556.5244923665,5296304.981454774,1952.1219512195123,1562802.3441631058,5296215.510411628,2927.682926829268,1562459.503849671,5295273.5643919865,2927.682926829268
1562850.8544844536,5296731.218943021,2439.9024390243903,18.55424882162165,1562556.5244923665,5296304.981454774,1952.1219512195123,1562899.3648058013,5297246.927474414,1952.1219512195123,1563145.1844765407,5297157.456431269,2927.682926829268,1562802.3441631058,5296215.510411628,2927.682926829268
1563193.6947978884,5297673.164962661,2439.9024390243903,20.190304814387183,1562899.3648058013,5297246.927474414,1952.1219512195123,1563242.205119236,5298188.873494056,1952.1219512195123,1563488.0247899755,5298099.402450909,2927.682926829268,1563145.1844765407,5297157.456431269,2927.682926829268
1563536.535111323,5298615.110982303,2439.9024390243903,22.180359107251476,1563242.205119236,5298188.873494056,1952.1219512195123,1563585.0454326707,5299130.819513696,1952.1219512195123,1563830.8651034103,5299041.34847055,2927.682926829268,1563488.0247899755,5298099.402450909,2927.682926829268
1563879.3754247578,5299557.057001944,2439.9024390243903,22.52995513522189,1563585.0454326707,5299130.819513696,1952.1219512195123,1563927.8857461056,5300072.765533337,1952.1219512195123,1564173.705416845,5299983.294490191,2927.682926829268,1563830.8651034103,5299041.34847055,2927.682926829268
1564222.2157381927,5300499.003021585,2439.9024390243903,22.322965709798485,1563927.8857461056,5300072.765533337,1952.1219512195123,1564270.7260595404,5301014.7115529785,1952.1219512195123,1564516.5457302798,5300925.240509832,2927.682926829268,1564173.705416845,5299983.294490191,2927.682926829268
1564565.0560516275,5301440.949041225,2439.9024390243903,21.620752428388865,1564270.7260595404,5301014.7115529785,1952.1219512195123,1564613.5663729752,5301956.65757262,1952.1219512195123,1564859.3860437148,5301867.1865294725,2927.682926829268,1564516.5457302798,5300925.240509832,2927.682926829268
1564907.8963650626,5302382.895060867,2439.9024390243903,16.48427120940093,1564613.5663729752,5301956.65757262,1952.1219512195123,1564956.40668641,5302898.60359226,1952.1219512195123,1565202.2263571497,5302809.1325491145,2927.682926829268,1564859.3860437148,5301867.1865294725,2927.682926829268
1565250.7366784974,5303324.841080507,2439.9024390243903,13.790289330875188,1564956.40668641,5302898.60359226,1952.1219512195123,1565299.246999845,5303840.549611901,1952.1219512195123,1565545.0666705843,5303751.078568755,2927.682926829268,1565202.2263571497,5302809.1325491145,2927.682926829268
1565593.576991932,5304266.787100148,2439.9024390243903,11.307652761524476,1565299.246999845,5303840.549611901,1952.1219512195123,1565642.0873132797,5304782.495631542,1952.1219512195123,1565887.906984019,5304693.024588395,2927.682926829268,1565545.0666705843,5303751.078568755,2927.682926829268
1565936.4173053668,5305208.733119789,2439.9024390243903,11.94370376863058,1565642.0873132797,5304782.495631542,1952.1219512195123,1565984.9276267146,5305724.441651183,1952.1219512195123,1566230.747297454,5305634.970608036,2927.682926829268,1565887.906984019,5304693.024588395,2927.682926829268
1566279.2576188017,5306150.67913943,2439.9024390243903,13.856581451219615,1565984.9276267146,5305724.441651183,1952.1219512195123,1566327.7679401492,5306666.387670823,1952.1219512195123,1566573.5876108888,5306576.916627677,2927.682926829268,1566230.747297454,5305634.970608036,2927.682926829268
1566622.0979322365,5307092.62515907,2439.9024390243903,14.317468263805043,1566327.7679401492,5306666.387670823,1952.1219512195123,1566670.608253584,5307608.333690464,1952.1219512195123,1566916.4279243234,5307518.862647318,2927.682926829268,1566573.5876108888,5306576.916627677,2927.682926829268
1566964.938245671,5308034.571178711,2439.9024390243903,13.924892616819946,1566670.608253584,5307608.333690464,1952.1219512195123,1567013.4485670188,5308550.279710106,1952.1219512195123,1567259.2682377582,5308460.8086669585,2927.682926829268,1566916.4279243234,5307518.862647318,2927.682926829268
1567307.7785591062,5308976.517198353,2439.9024390243903,13.953391599447896,1567013.4485670188,5308550.279710106,1952.1219512195123,1567356.288880454,5309492.225729746,1952.1219512195123,1567602.1085511933,5309402.7546866,2927.682926829268,1567259.2682377582,5308460.8086669585,2927.682926829268
1567650.6188725408,5309918.463217993,2439.9024390243903,13.199728660687136,1567356.288880454,5309492.225729746,1952.1219512195123,1567699.1291938885,5310434.171749387,1952.1219512195123,1567944.948864628,5310344.700706241,2927.682926829268,1567602.1085511933,5309402.7546866,2927.682926829268
1567993.4591859756,5310860.409237634,2439.9024390243903,15.491682403479809,1567699.1291938885,5310434.171749387,1952.1219512195123,1568041.9695073233,5311376.117769027,1952.1219512195123,1568287.789178063,5311286.646725882,2927.682926829268,1567944.948864628,5310344.700706241,2927.682926829268
1568336.2994994104,5311802.355257275,2439.9024390243903,17.51463270574046,1568041.9695073233,5311376.117769027,1952.1219512195123,1568384.8098207582,5312318.063788669,1952.1219512195123,1568630.6294914975,5312228.592745522,2927.682926829268,1568287.789178063,5311286.646725882,2927.682926829268
1568679.1398128453,5312744.301276917,2439.9024390243903,15.858741350840884,1568384.8098207582,5312318.063788669,1952.1219512195123,1568727.650134193,5313260.009808309,1952.1219512195123,1568973.4698049324,5313170.538765164,2927.682926829268,1568630.6294914975,5312228.592745522,2927.682926829268
1569021.98012628,5313686.247296557,2439.9024390243903,14.7389749212771,1568727.650134193,5313260.009808309,1952.1219512195123,1569070.4904476276,5314201.9558279505,1952.1219512195123,1569316.3101183672,5314112.484784804,2927.682926829268,1568973.4698049324,5313170.538765164,2927.682926829268
1569364.820439715,5314628.193316197,2439.9024390243903,13.270198921091355,1569070.4904476276,5314201.9558279505,1952.1219512195123,1569413.3307610624,5315143.901847592,1952.1219512195123,1569659.150431802,5315054.430804445,2927.682926829268,1569316.3101183672,5314112.484784804,2927.682926829268
1569707.6607531495,5315570.139335838,2439.9024390243903,14.114195757624076,1569413.3307610624,5315143.901847592,1952.1219512195123,1569756.1710744973,5316085.847867233,1952.1219512195123,1570001.9907452369,5315996.376824086,2927.682926829268,1569659.150431802,5315054.430804445,2927.682926829268
1570050.5010665846,5316512.08535548,2439.9024390243903,12.043377655934355,1569756.1710744973,5316085.847867233,1952.1219512195123,1570099.0113879323,5317027.793886873,1952.1219512195123,1570344.8310586717,5316938.322843728,2927.682926829268,1570001.9907452369,5315996.376824086,2927.682926829268
1570393.3413800194,5317454.03137512,2439.9024390243903,12.64645701086304,1570099.0113879323,5317027.793886873,1952.1219512195123,1570441.8517013672,5317969.739906514,1952.1219512195123,1570687.6713721065,5317880.268863368,2927.682926829268,1570344.8310586717,5316938.322843728,2927.682926829268
1570736.1816934543,5318395.9773947615,2439.9024390243903,14.197223157562354,1570441.8517013672,5317969.739906514,1952.1219512195123,1570784.692014802,5318911.685926155,1952.1219512195123,1571030.5116855414,5318822.214883009,2927.682926829268,1570687.6713721065,5317880.268863368,2927.682926829268
1571079.022006889,5319337.923414403,2439.9024390243903,12.863244999838614,1570784.692014802,5318911.685926155,1952.1219512195123,1571127.5323282366,5319853.631945796,1952.1219512195123,1571373.3519989762,5319764.160902649,2927.682926829268,1571030.5116855414,5318822.214883009,2927.682926829268
1571421.862320324,5320279.869434044,2439.9024390243903,12.255984531054425,1571127.5323282366,5319853.631945796,1952.1219512195123,1571470.3726416714,5320795.5779654365,1952.1219512195123,1571716.192312411,5320706.106922291,2927.682926829268,1571373.3519989762,5319764.160902649,2927.682926829268
1571764.7026337585,5321221.815453684,2439.9024390243903,15.182310671679632,1571470.3726416714,5320795.5779654365,1952.1219512195123,1571813.2129551063,5321737.523985078,1952.1219512195123,1572059.0326258456,5321648.052941931,2927.682926829268,1571716.192312411,5320706.106922291,2927.682926829268
1572107.5429471934,5322163.761473324,2439.9024390243903,14.29931206886656,1571813.2129551063,5321737.523985078,1952.1219512195123,1572156.053268541,5322679.470004719,1952.1219512195123,1572401.8729392805,5322589.998961573,2927.682926829268,1572059.0326258456,5321648.052941931,2927.682926829268
1572450.3832606282,5323105.707492966,2439.9024390243903,15.570474141109337,1572156.053268541,5322679.470004719,1952.1219512195123,1572498.893581976,5323621.41602436,1952.1219512195123,1572744.7132527155,5323531.944981214,2927.682926829268,1572401.8729392805,5322589.998961573,2927.682926829268
1572793.2235740633,5324047.653512607,2439.9024390243903,16.05384837739688,1572498.893581976,5323621.41602436,1952.1219512195123,1572841.7338954108,5324563.362044,1952.1219512195123,1573087.5535661504,5324473.891000855,2927.682926829268,1572744.7132527155,5323531.944981214,2927.682926829268
1573136.063887498,5324989.5995322475,2439.9024390243903,18.417352830392993,1572841.7338954108,5324563.362044,1952.1219512195123,1573184.5742088456,5325505.308063642,1952.1219512195123,1573430.393879585,5325415.837020495,2927.682926829268,1573087.5535661504,5324473.891000855,2927.682926829268
1573478.9042009327,5325931.545551888,2439.9024390243903,16.071415863157224,1573184.5742088456,5325505.308063642,1952.1219512195123,1573527.4145222805,5326447.254083282,1952.1219512195123,1573773.2341930198,5326357.783040135,2927.682926829268,1573430.393879585,5325415.837020495,2927.682926829268
1573821.7445143675,5326873.49157153,2439.9024390243903,11.787717969272972,1573527.4145222805,5326447.254083282,1952.1219512195123,1573870.2548357153,5327389.200102923,1952.1219512195123,1574116.0745064546,5327299.729059777,2927.682926829268,1573773.2341930198,5326357.783040135,2927.682926829268
1574164.5848278021,5327815.437591171,2439.9024390243903,9.40704269711266,1573870.2548357153,5327389.200102923,1952.1219512195123,1574213.09514915,5328331.146122564,1952.1219512195123,1574458.9148198895,5328241.675079417,2927.682926829268,1574116.0745064546,5327299.729059777,2927.682926829268
1574507.425141237,5328757.383610811,2439.9024390243903,8.415034058055115,1574213.09514915,5328331.146122564,1952.1219512195123,1574555.9354625847,5329273.092142205,1952.1219512195123,1574801.7551333243,5329183.621099059,2927.682926829268,1574458.9148198895,5328241.675079417,2927.682926829268
1574850.2654546718,5329699.329630452,2439.9024390243903,8.318044489820519,1574555.9354625847,5329273.092142205,1952.1219512195123,1574898.7757760196,5330215.038161846,1952.1219512195123,1575144.595446759,5330125.567118699,2927.682926829268,1574801.7551333243,5329183.621099059,2927.682926829268
1575193.1057681069,5330641.275650092,2439.9024390243903,8.5631377201259,1574898.7757760196,5330215.038161846,1952.1219512195123,1575241.6160894546,5331156.984181486,1952.1219512195123,1575487.435760194,5331067.513138341,2927.682926829268,1575144.595446759,5330125.567118699,2927.682926829268
1575535.9460815417,5331583.2216697335,2439.9024390243903,7.000052753365298,1575241.6160894546,5331156.984181486,1952.1219512195123,1575584.4564028892,5332098.930201127,1952.1219512195123,1575830.2760736288,5332009.459157981,2927.682926829268,1575487.435760194,5331067.513138341,2927.682926829268
1575878.7863949763,5332525.167689375,2439.9024390243903,7.332792211511711,1575584.4564028892,5332098.930201127,1952.1219512195123,1575927.296716324,5333040.876220768,1952.1219512195123,1576173.1163870636,5332951.405177622,2927.682926829268,1575830.2760736288,5332009.459157981,2927.682926829268
1576221.6267084111,5333467.113709016,2439.9024390243903,7.350619307078197,1575927.296716324,5333040.876220768,1952.1219512195123,1576270.137029759,5333982.822240409,1952.1219512195123,1576515.9567004982,5333893.351197262,2927.682926829268,1576173.1163870636,5332951.405177622,2927.682926829268
1576564.467021846,5334409.059728657,2439.9024390243903,6.935079436129996,1576270.137029759,5333982.822240409,1952.1219512195123,1576612.9773431937,5334924.76826005,1952.1219512195123,1576858.797013933,5334835.297216904,2927.682926829268,1576515.9567004982,5333893.351197262,2927.682926829268
1576907.3073352808,5335351.005748297,2439.9024390243903,5.55305350328087,1576612.9773431937,5334924.76826005,1952.1219512195123,1576955.8176566283,5335866.714279691,1952.1219512195123,1577201.637327368,5335777.243236545,2927.682926829268,1576858.797013933,5334835.297216904,2927.682926829268
1577250.1476487156,5336292.951767938,2439.9024390243903,4.751078100535902,1576955.8176566283,5335866.714279691,1952.1219512195123,1577298.6579700632,5336808.660299332,1952.1219512195123,1577544.4776408027,5336719.189256186,2927.682926829268,1577201.637327368,5335777.243236545,2927.682926829268
1577592.9879621505,5337234.897787579,2439.9024390243903,4.320432390727087,1577298.6579700632,5336808.660299332,1952.1219512195123,1577641.498283498,5337750.606318973,1952.1219512195123,1577887.3179542376,5337661.135275827,2927.682926829268,1577544.4776408027,5336719.189256186,2927.682926829268
1577935.8282755853,5338176.8438072195,2439.9024390243903,4.002696869353507,1577641.498283498,5337750.606318973,1952.1219512195123,1577984.338596933,5338692.552338613,1952.1219512195123,1578230.1582676724,5338603.081295468,2927.682926829268,1577887.3179542376,5337661.135275827,2927.682926829268
1578278.6685890201,5339118.789826861,2439.9024390243903,4.1804382675110805,1577984.338596933,5338692.552338613,1952.1219512195123,1578327.178910368,5339634.498358255,1952.1219512195123,1578572.9985811072,5339545.027315108,2927.682926829268,1578230.1582676724,5338603.081295468,2927.682926829268
1578621.508902455,5340060.735846502,2439.9024390243903,4.415880479299593,1578327.178910368,5339634.498358255,1952.1219512195123,1578670.0192238025,5340576.444377895,1952.1219512195123,1578915.838894542,5340486.973334749,2927.682926829268,1578572.9985811072,5339545.027315108,2927.682926829268
1578964.3492158898,5341002.681866143,2439.9024390243903,4.681627995010235,1578670.0192238025,5340576.444377895,1952.1219512195123,1579012.8595372373,5341518.390397537,1952.1219512195123,1579258.679207977,5341428.91935439,2927.682926829268,1578915.838894542,5340486.973334749,2927.682926829268
1579307.1895293246,5341944.627885783,2439.9024390243903,4.942257353298947,1579012.8595372373,5341518.390397537,1952.1219512195123,1579355.6998506722,5342460.336417177,1952.1219512195123,1579601.5195214115,5342370.865374031,2927.682926829268,1579258.679207977,5341428.91935439,2927.682926829268
1579650.0298427592,5342886.573905424,2439.9024390243903,5.0768122801477915,1579355.6998506722,5342460.336417177,1952.1219512195123,1579698.540164107,5343402.282436818,1952.1219512195123,1579944.3598348463,5343312.811393672,2927.682926829268,1579601.5195214115,5342370.865374031,2927.682926829268
1579992.8701561939,5343828.519925065,2439.9024390243903,4.997619659014913,1579698.540164107,5343402.282436818,1952.1219512195123,1580041.3804775416,5344344.228456459,1952.1219512195123,1580287.2001482812,5344254.757413312,2927.682926829268,1579944.3598348463,5343312.811393672,2927.682926829268
1580335.7104696287,5344770.465944706,2439.9024390243903,5.13738720100285,1580041.3804775416,5344344.228456459,1952.1219512195123,1580384.2207909767,5345286.1744761,1952.1219512195123,1580630.0404617162,5345196.703432954,2927.682926829268,1580287.2001482812,5344254.757413312,2927.682926829268
1580678.5507830638,5345712.411964347,2439.9024390243903,5.5116456230023925,1580384.2207909767,5345286.1744761,1952.1219512195123,1580727.0611044115,5346228.12049574,1952.1219512195123,1580972.880775151,5346138.649452595,2927.682926829268,1580630.0404617162,5345196.703432954,2927.682926829268
1581021.3910964986,5346654.357983988,2439.9024390243903,6.584851455750621,1580727.0611044115,5346228.12049574,1952.1219512195123,1581069.9014178463,5347170.066515382,1952.1219512195123,1581315.7210885857,5347080.595472235,2927.682926829268,1580972.880775151,5346138.649452595,2927.682926829268
1581364.2314099334,5347596.30400363,2439.9024390243903,5.86903532440061,1581069.9014178463,5347170.066515382,1952.1219512195123,1581412.7417312812,5348112.012535023,1952.1219512195123,1581658.5614020205,5348022.541491876,2927.682926829268,1581315.7210885857,5347080.595472235,2927.682926829268
1581707.0717233683,5348538.25002327,2439.9024390243903,5.511154418535976,1581412.7417312812,5348112.012535023,1952.1219512195123,1581755.582044716,5349053.958554664,1952.1219512195123,1582001.4017154553,5348964.4875115175,2927.682926829268,1581658.5614020205,5348022.541491876,2927.682926829268
1582049.912036803,5349480.19604291,2439.9024390243903,5.448291892957131,1581755.582044716,5349053.958554664,1952.1219512195123,1582098.4223581506,5349995.904574305,1952.1219512195123,1582344.2420288902,5349906.433531158,2927.682926829268,1582001.4017154553,5348964.4875115175,2927.682926829268
1582392.752350238,5350422.142062551,2439.9024390243903,6.049967026356718,1582098.4223581506,5349995.904574305,1952.1219512195123,1582441.2626715854,5350937.850593945,1952.1219512195123,1582687.082342325,5350848.379550799,2927.682926829268,1582344.2420288902,5349906.433531158,2927.682926829268
1582735.5926636725,5351364.0880821925,2439.9024390243903,6.773472962898999,1582441.2626715854,5350937.850593945,1952.1219512195123,1582784.1029850203,5351879.796613586,1952.1219512195123,1583029.9226557596,5351790.32557044,2927.682926829268,1582687.082342325,5350848.379550799,2927.682926829268
1583078.4329771074,5352306.034101834,2439.9024390243903,7.342595565357217,1582784.1029850203,5351879.796613586,1952.1219512195123,1583126.9432984553,5352821.742633226,1952.1219512195123,1583372.7629691947,5352732.271590081,2927.682926829268,1583029.9226557596,5351790.32557044,2927.682926829268
1583421.2732905424,5353247.980121474,2439.9024390243903,5.874536307542665,1583126.9432984553,5352821.742633226,1952.1219512195123,1583469.78361189,5353763.688652868,1952.1219512195123,1583715.6032826295,5353674.217609721,2927.682926829268,1583372.7629691947,5352732.271590081,2927.682926829268
1583764.1136039773,5354189.926141115,2439.9024390243903,4.02683441710031,1583469.78361189,5353763.688652868,1952.1219512195123,1583812.6239253248,5354705.634672509,1952.1219512195123,1584058.4435960643,5354616.163629362,2927.682926829268,1583715.6032826295,5353674.217609721,2927.682926829268
1584106.9539174119,5355131.872160756,2439.9024390243903,2.7511637162109026,1583812.6239253248,5354705.634672509,1952.1219512195123,1584155.4642387596,5355647.58069215,1952.1219512195123,1584401.283909499,5355558.1096490035,2927.682926829268,1584058.4435960643,5354616.163629362,2927.682926829268
1584449.7942308467,5356073.818180397,2439.9024390243903,2.0275396732771664,1584155.4642387596,5355647.58069215,1952.1219512195123,1584498.3045521944,5356589.52671179,1952.1219512195123,1584744.1242229338,5356500.055668645,2927.682926829268,1584401.283909499,5355558.1096490035,2927.682926829268
1584792.6345442815,5357015.764200037,2439.9024390243903,1.8009818705568152,1584498.3045521944,5356589.52671179,1952.1219512195123,1584841.1448656293,5357531.472731432,1952.1219512195123,1585086.9645363686,5357442.001688285,2927.682926829268,1584744.1242229338,5356500.055668645,2927.682926829268
1585135.4748577164,5357957.710219679,2439.9024390243903,2.100429890246663,1584841.1448656293,5357531.472731432,1952.1219512195123,1585183.9851790639,5358473.418751072,1952.1219512195123,1585429.8048498034,5358383.947707926,2927.682926829268,1585086.9645363686,5357442.001688285,2927.682926829268
1585478.3151711512,5358899.65623932,2439.9024390243903,2.0761756340983264,1585183.9851790639,5358473.418751072,1952.1219512195123,1585526.8254924987,5359415.364770713,1952.1219512195123,1585772.6451632383,5359325.893727567,2927.682926829268,1585429.8048498034,5358383.947707926,2927.682926829268
1585821.155484586,5359841.602258961,2439.9024390243903,1.9490401453625996,1585526.8254924987,5359415.364770713,1952.1219512195123,1585869.6658059338,5360357.310790354,1952.1219512195123,1586115.485476673,5360267.839747208,2927.682926829268,1585772.6451632383,5359325.893727567,2927.682926829268
1586163.9957980209,5360783.548278601,2439.9024390243903,2.0314301958515624,1585869.6658059338,5360357.310790354,1952.1219512195123,1586212.5061193686,5361299.2568099955,1952.1219512195123,1586458.325790108,5361209.785766848,2927.682926829268,1586115.485476673,5360267.839747208,2927.682926829268
1586506.8361114555,5361725.494298242,2439.9024390243903,1.3636961354143353,1586212.5061193686,5361299.2568099955,1952.1219512195123,1586555.3464328032,5362241.202829636,1952.1219512195123,1586801.1661035428,5362151.7317864895,2927.682926829268,1586458.325790108,5361209.785766848,2927.682926829268
1586849.6764248903,5362667.440317883,2439.9024390243903,1.5602959479045657,1586555.3464328032,5362241.202829636,1952.1219512195123,1586898.186746238,5363183.148849277,1952.1219512195123,1587144.0064169776,5363093.677806131,2927.682926829268,1586801.1661035428,5362151.7317864895,2927.682926829268
1587192.5167383251,5363609.386337524,2439.9024390243903,1.8673068950966007,1586898.186746238,5363183.148849277,1952.1219512195123,1587241.0270596729,5364125.094868918,1952.1219512195123,1587486.8467304122,5364035.623825771,2927.682926829268,1587144.0064169776,5363093.677806131,2927.682926829268
1587535.35705176,5364551.3323571645,2439.9024390243903,2.199532234414133,1587241.0270596729,5364125.094868918,1952.1219512195123,1587583.8673731077,5365067.040888558,1952.1219512195123,1587829.687043847,5364977.569845412,2927.682926829268,1587486.8467304122,5364035.623825771,2927.682926829268
1587878.1973651948,5365493.278376806,2439.9024390243903,2.1359282941819817,1587583.8673731077,5365067.040888558,1952.1219512195123,1587926.7076865423,5366008.986908199,1952.1219512195123,1588172.527357282,5365919.515865053,2927.682926829268,1587829.687043847,5364977.569845412,2927.682926829268
1588221.0376786294,5366435.224396447,2439.9024390243903,2.257782046868045,1587926.7076865423,5366008.986908199,1952.1219512195123,1588269.5479999771,5366950.932927839,1952.1219512195123,1588515.367670717,5366861.461884694,2927.682926829268,1588172.527357282,5365919.515865053,2927.682926829268
1588563.8779920645,5367377.170416087,2439.9024390243903,2.3691286357859234,1588269.5479999771,5366950.932927839,1952.1219512195123,1588612.3883134122,5367892.8789474815,1952.1219512195123,1588858.2079841516,5367803.407904334,2927.682926829268,1588515.367670717,5366861.461884694,2927.682926829268
1588906.7183054993,5368319.116435729,2439.9024390243903,2.225467765041476,1588612.3883134122,5367892.8789474815,1952.1219512195123,1588955.228626847,5368834.824967122,1952.1219512195123,1589201.0482975864,5368745.3539239755,2927.682926829268,1588858.2079841516,5367803.407904334,2927.682926829268
1589249.5586189341,5369261.062455369,2439.9024390243903,1.9419959658509467,1588955.228626847,5368834.824967122,1952.1219512195123,1589298.0689402816,5369776.770986763,1952.1219512195123,1589543.8886110212,5369687.299943617,2927.682926829268,1589201.0482975864,5368745.3539239755,2927.682926829268
1589592.398932369,5370203.008475009,2439.9024390243903,1.6217081363829904,1589298.0689402816,5369776.770986763,1952.1219512195123,1589640.9092537165,5370718.717006404,1952.1219512195123,1589886.728924456,5370629.245963258,2927.682926829268,1589543.8886110212,5369687.299943617,2927.682926829268
1589935.2392458038,5371144.9544946505,2439.9024390243903,1.6499470988574445,1589640.9092537165,5370718.717006404,1952.1219512195123,1589983.7495671513,5371660.663026045,1952.1219512195123,1590229.5692378907,5371571.191982898,2927.682926829268,1589886.728924456,5370629.245963258,2927.682926829268
1590278.0795592384,5372086.9005142925,2439.9024390243903,1.718811228095614,1589983.7495671513,5371660.663026045,1952.1219512195123,1590326.5898805861,5372602.609045685,1952.1219512195123,1590572.4095513255,5372513.13800254,2927.682926829268,1590229.5692378907,5371571.191982898,2927.682926829268
1590620.9198726732,5373028.846533933,2439.9024390243903,1.6379410101987442,1590326.5898805861,5372602.609045685,1952.1219512195123,1590669.430194021,5373544.555065326,1952.1219512195123,1590915.2498647603,5373455.08402218,2927.682926829268,1590572.4095513255,5372513.13800254,2927.682926829268
1590963.760186108,5373970.792553574,2439.9024390243903,1.6222857129410435,1590669.430194021,5373544.555065326,1952.1219512195123,1591012.2705074558,5374486.5010849675,1952.1219512195123,1591258.0901781954,5374397.030041821,2927.682926829268,1590915.2498647603,5373455.08402218,2927.682926829268
1591306.6004995431,5374912.738573214,2439.9024390243903,1.8860081629972099,1591012.2705074558,5374486.5010849675,1952.1219512195123,1591355.1108208906,5375428.447104609,1952.1219512195123,1591600.9304916302,5375338.9760614615,2927.682926829268,1591258.0901781954,5374397.030041821,2927.682926829268
1591649.440812978,5375854.684592856,2439.9024390243903,1.9711841627035023,1591355.1108208906,5375428.447104609,1952.1219512195123,1591697.9511343255,5376370.393124249,1952.1219512195123,1591943.7708050648,5376280.922081104,2927.682926829268,1591600.9304916302,5375338.9760614615,2927.682926829268
1591992.2811264126,5376796.630612496,2439.9024390243903,2.611763104711343,1591697.9511343255,5376370.393124249,1952.1219512195123,1592040.7914477603,5377312.33914389,1952.1219512195123,1592286.6111184997,5377222.868100744,2927.682926829268,1591943.7708050648,5376280.922081104,2927.682926829268
1592335.1214398472,5377738.5766321365,2439.9024390243903,2.5717725103320244,1592040.7914477603,5377312.33914389,1952.1219512195123,1592383.631761195,5378254.285163531,1952.1219512195123,1592629.4514319345,5378164.814120384,2927.682926829268,1592286.6111184997,5377222.868100744,2927.682926829268
1592677.961753282,5378680.5226517785,2439.9024390243903,1.7473820535696474,1592383.631761195,5378254.285163531,1952.1219512195123,1592726.47207463,5379196.231183172,1952.1219512195123,1592972.2917453693,5379106.760140025,2927.682926829268,1592629.4514319345,5378164.814120384,2927.682926829268
1593020.8020667168,5379622.46867142,2439.9024390243903,1.127709964521214,1592726.47207463,5379196.231183172,1952.1219512195123,1593069.3123880646,5380138.177202812,1952.1219512195123,1593315.1320588042,5380048.706159667,2927.682926829268,1592972.2917453693,5379106.760140025,2927.682926829268
1593363.6423801517,5380564.41469106,2439.9024390243903,0.7762093208532316,1593069.3123880646,5380138.177202812,1952.1219512195123,1593412.1527014994,5381080.1232224535,1952.1219512195123,1593657.972372239,5380990.652179307,2927.682926829268,1593315.1320588042,5380048.706159667,2927.682926829268
1593706.4826935867,5381506.360710701,2439.9024390243903,0.6443653611098662,1593412.1527014994,5381080.1232224535,1952.1219512195123,1593754.9930149345,5382022.069242095,1952.1219512195123,1594000.8126856738,5381932.598198948,2927.682926829268,1593657.972372239,5380990.652179307,2927.682926829268
1594049.3230070216,5382448.306730342,2439.9024390243903,0.6050178388875085,1593754.9930149345,5382022.069242095,1952.1219512195123,1594097.8333283693,5382964.015261736,1952.1219512195123,1594343.6529991087,5382874.54421859,2927.682926829268,1594000.8126856738,5381932.598198948,2927.682926829268
1594392.1633204564,5383390.252749983,2439.9024390243903,0.5694064074881827,1594097.8333283693,5382964.015261736,1952.1219512195123,1594440.673641804,5383905.961281376,1952.1219512195123,1594686.4933125435,5383816.490238231,2927.682926829268,1594343.6529991087,5382874.54421859,2927.682926829268
1542869.0956625391,5241066.932741063,3415.4634146341464,2.0817718986980336,1542574.7656704518,5240640.695252815,2927.682926829268,1542917.6059838866,5241582.641272456,2927.682926829268,1543163.425654626,5241493.17022931,3903.2439024390246,1542820.5853411914,5240551.224209669,3903.2439024390246
1543211.9359759737,5242008.878760704,3415.4634146341464,2.6009166977398324,1542917.6059838866,5241582.641272456,2927.682926829268,1543260.4462973215,5242524.587292097,2927.682926829268,1543506.2659680608,5242435.116248951,3903.2439024390246,1543163.425654626,5241493.17022931,3903.2439024390246
1543554.7762894086,5242950.824780344,3415.4634146341464,2.5381691653465754,1543260.4462973215,5242524.587292097,2927.682926829268,1543603.2866107563,5243466.533311739,2927.682926829268,1543849.106281496,5243377.0622685915,3903.2439024390246,1543506.2659680608,5242435.116248951,3903.2439024390246
1543897.6166028434,5243892.770799984,3415.4634146341464,2.6629605207535736,1543603.2866107563,5243466.533311739,2927.682926829268,1543946.1269241911,5244408.479331379,2927.682926829268,1544191.9465949307,5244319.008288232,3903.2439024390246,1543849.106281496,5243377.0622685915,3903.2439024390246
1544240.4569162782,5244834.716819626,3415.4634146341464,2.9845487670128774,1543946.1269241911,5244408.479331379,2927.682926829268,1544288.967237626,5245350.42535102,2927.682926829268,1544534.7869083653,5245260.954307874,3903.2439024390246,1544191.9465949307,5244319.008288232,3903.2439024390246
1544583.297229713,5245776.662839267,3415.4634146341464,3.45541510729411,1544288.967237626,5245350.42535102,2927.682926829268,1544631.8075510608,5246292.37137066,2927.682926829268,1544877.6272218002,5246202.900327514,3903.2439024390246,1544534.7869083653,5245260.954307874,3903.2439024390246
1544926.137543148,5246718.608858908,3415.4634146341464,4.287180690559747,1544631.8075510608,5246292.37137066,2927.682926829268,1544974.6478644956,5247234.317390301,2927.682926829268,1545220.467535235,5247144.846347155,3903.2439024390246,1544877.6272218002,5246202.900327514,3903.2439024390246
1545268.9778565827,5247660.554878549,3415.4634146341464,4.63631133732744,1544974.6478644956,5247234.317390301,2927.682926829268,1545317.4881779302,5248176.263409942,2927.682926829268,1545563.3078486698,5248086.792366795,3903.2439024390246,1545220.467535235,5247144.846347155,3903.2439024390246
1545611.8181700176,5248602.50089819,3415.4634146341464,4.828651132437601,1545317.4881779302,5248176.263409942,2927.682926829268,1545660.328491365,5249118.209429583,2927.682926829268,1545906.1481621047,5249028.738386437,3903.2439024390246,1545563.3078486698,5248086.792366795,3903.2439024390246
1545954.6584834522,5249544.44691783,3415.4634146341464,4.909492446309594,1545660.328491365,5249118.209429583,2927.682926829268,1546003.1688048,5250060.155449224,2927.682926829268,1546248.9884755393,5249970.6844060775,3903.2439024390246,1545906.1481621047,5249028.738386437,3903.2439024390246
1546297.498796887,5250486.392937471,3415.4634146341464,4.0207195134047895,1546003.1688048,5250060.155449224,2927.682926829268,1546346.009118235,5251002.101468865,2927.682926829268,1546591.8287889743,5250912.630425719,3903.2439024390246,1546248.9884755393,5249970.6844060775,3903.2439024390246
1546640.339110322,5251428.338957112,3415.4634146341464,3.7324714469321987,1546346.009118235,5251002.101468865,2927.682926829268,1546688.8494316696,5251944.047488506,2927.682926829268,1546934.6691024092,5251854.57644536,3903.2439024390246,1546591.8287889743,5250912.630425719,3903.2439024390246
1546983.179423757,5252370.2849767525,3415.4634146341464,4.5546825374333615,1546688.8494316696,5251944.047488506,2927.682926829268,1547031.6897451044,5252885.993508146,2927.682926829268,1547277.509415844,5252796.522465001,3903.2439024390246,1546934.6691024092,5251854.57644536,3903.2439024390246
1547326.0197371915,5253312.230996394,3415.4634146341464,5.46857285366536,1547031.6897451044,5252885.993508146,2927.682926829268,1547374.5300585392,5253827.939527788,2927.682926829268,1547620.3497292786,5253738.468484641,3903.2439024390246,1547277.509415844,5252796.522465001,3903.2439024390246
1547668.8600506263,5254254.177016035,3415.4634146341464,5.5454631502092555,1547374.5300585392,5253827.939527788,2927.682926829268,1547717.370371974,5254769.885547428,2927.682926829268,1547963.1900427134,5254680.414504282,3903.2439024390246,1547620.3497292786,5253738.468484641,3903.2439024390246
1548011.7003640612,5255196.123035676,3415.4634146341464,6.047854024152245,1547717.370371974,5254769.885547428,2927.682926829268,1548060.210685409,5255711.8315670695,2927.682926829268,1548306.0303561483,5255622.360523923,3903.2439024390246,1547963.1900427134,5254680.414504282,3903.2439024390246
1548354.540677496,5256138.069055317,3415.4634146341464,6.529547708549573,1548060.210685409,5255711.8315670695,2927.682926829268,1548403.0509988437,5256653.77758671,2927.682926829268,1548648.870669583,5256564.306543564,3903.2439024390246,1548306.0303561483,5255622.360523923,3903.2439024390246
1548697.3809909308,5257080.015074957,3415.4634146341464,6.307984954591473,1548403.0509988437,5256653.77758671,2927.682926829268,1548745.8913122783,5257595.723606352,2927.682926829268,1548991.710983018,5257506.252563205,3903.2439024390246,1548648.870669583,5256564.306543564,3903.2439024390246
1549040.221304366,5258021.961094598,3415.4634146341464,6.127980298430684,1548745.8913122783,5257595.723606352,2927.682926829268,1549088.7316257134,5258537.669625992,2927.682926829268,1549334.551296453,5258448.198582846,3903.2439024390246,1548991.710983018,5257506.252563205,3903.2439024390246
1549383.0616178007,5258963.907114239,3415.4634146341464,5.929715120150702,1549088.7316257134,5258537.669625992,2927.682926829268,1549431.5719391482,5259479.615645633,2927.682926829268,1549677.3916098876,5259390.144602487,3903.2439024390246,1549334.551296453,5258448.198582846,3903.2439024390246
1549725.9019312353,5259905.85313388,3415.4634146341464,6.472722964709246,1549431.5719391482,5259479.615645633,2927.682926829268,1549774.412252583,5260421.561665273,2927.682926829268,1550020.2319233224,5260332.090622128,3903.2439024390246,1549677.3916098876,5259390.144602487,3903.2439024390246
1550068.74224467,5260847.799153521,3415.4634146341464,5.238408191067318,1549774.412252583,5260421.561665273,2927.682926829268,1550117.2525660177,5261363.507684915,2927.682926829268,1550363.0722367573,5261274.036641768,3903.2439024390246,1550020.2319233224,5260332.090622128,3903.2439024390246
1550411.5825581048,5261789.745173163,3415.4634146341464,5.015647719376366,1550117.2525660177,5261363.507684915,2927.682926829268,1550460.0928794525,5262305.4537045555,2927.682926829268,1550705.912550192,5262215.982661409,3903.2439024390246,1550363.0722367573,5261274.036641768,3903.2439024390246
1550754.4228715396,5262731.691192803,3415.4634146341464,4.824510692444263,1550460.0928794525,5262305.4537045555,2927.682926829268,1550802.9331928873,5263247.399724197,2927.682926829268,1551048.7528636267,5263157.92868105,3903.2439024390246,1550705.912550192,5262215.982661409,3903.2439024390246
1551097.2631849744,5263673.637212444,3415.4634146341464,5.094673246065824,1550802.9331928873,5263247.399724197,2927.682926829268,1551145.7735063222,5264189.345743837,2927.682926829268,1551391.5931770615,5264099.874700692,3903.2439024390246,1551048.7528636267,5263157.92868105,3903.2439024390246
1551440.1034984093,5264615.583232084,3415.4634146341464,5.444798969517384,1551145.7735063222,5264189.345743837,2927.682926829268,1551488.613819757,5265131.291763479,2927.682926829268,1551734.4334904966,5265041.820720332,3903.2439024390246,1551391.5931770615,5264099.874700692,3903.2439024390246
1551782.9438118443,5265557.529251726,3415.4634146341464,5.632471534377236,1551488.613819757,5265131.291763479,2927.682926829268,1551831.4541331918,5266073.237783119,2927.682926829268,1552077.2738039314,5265983.766739973,3903.2439024390246,1551734.4334904966,5265041.820720332,3903.2439024390246
1552125.784125279,5266499.475271367,3415.4634146341464,6.9702336938273195,1551831.4541331918,5266073.237783119,2927.682926829268,1552174.2944466267,5267015.18380276,2927.682926829268,1552420.1141173663,5266925.712759614,3903.2439024390246,1552077.2738039314,5265983.766739973,3903.2439024390246
1552468.6244387138,5267441.421291007,3415.4634146341464,6.556198561900047,1552174.2944466267,5267015.18380276,2927.682926829268,1552517.1347600615,5267957.129822401,2927.682926829268,1552762.9544308009,5267867.658779254,3903.2439024390246,1552420.1141173663,5266925.712759614,3903.2439024390246
1552811.4647521486,5268383.367310647,3415.4634146341464,5.4485544579316585,1552517.1347600615,5267957.129822401,2927.682926829268,1552859.9750734963,5268899.0758420415,2927.682926829268,1553105.7947442357,5268809.604798895,3903.2439024390246,1552762.9544308009,5267867.658779254,3903.2439024390246
1553154.3050655834,5269325.313330289,3415.4634146341464,4.98960510767375,1552859.9750734963,5268899.0758420415,2927.682926829268,1553202.815386931,5269841.021861683,2927.682926829268,1553448.6350576705,5269751.550818536,3903.2439024390246,1553105.7947442357,5268809.604798895,3903.2439024390246
1553497.1453790183,5270267.25934993,3415.4634146341464,4.750746785320102,1553202.815386931,5269841.021861683,2927.682926829268,1553545.6557003658,5270782.967881323,2927.682926829268,1553791.4753711054,5270693.496838178,3903.2439024390246,1553448.6350576705,5269751.550818536,3903.2439024390246
1553839.985692453,5271209.20536957,3415.4634146341464,5.198384443388293,1553545.6557003658,5270782.967881323,2927.682926829268,1553888.4960138006,5271724.913900965,2927.682926829268,1554134.31568454,5271635.442857818,3903.2439024390246,1553791.4753711054,5270693.496838178,3903.2439024390246
1554182.8260058877,5272151.151389212,3415.4634146341464,5.923907683471274,1553888.4960138006,5271724.913900965,2927.682926829268,1554231.3363272357,5272666.859920605,2927.682926829268,1554477.155997975,5272577.388877459,3903.2439024390246,1554134.31568454,5271635.442857818,3903.2439024390246
1554525.6663193228,5273093.097408853,3415.4634146341464,5.648534792859063,1554231.3363272357,5272666.859920605,2927.682926829268,1554574.1766406703,5273608.805940246,2927.682926829268,1554819.9963114099,5273519.3348971,3903.2439024390246,1554477.155997975,5272577.388877459,3903.2439024390246
1554868.5066327576,5274035.043428494,3415.4634146341464,5.999937710381011,1554574.1766406703,5273608.805940246,2927.682926829268,1554917.016954105,5274550.751959886,2927.682926829268,1555162.8366248447,5274461.280916741,3903.2439024390246,1554819.9963114099,5273519.3348971,3903.2439024390246
1555211.3469461924,5274976.989448134,3415.4634146341464,6.66591545596564,1554917.016954105,5274550.751959886,2927.682926829268,1555259.85726754,5275492.697979528,2927.682926829268,1555505.6769382793,5275403.226936381,3903.2439024390246,1555162.8366248447,5274461.280916741,3903.2439024390246
1555554.187259627,5275918.935467775,3415.4634146341464,6.344798300099571,1555259.85726754,5275492.697979528,2927.682926829268,1555602.6975809748,5276434.643999169,2927.682926829268,1555848.5172517141,5276345.172956023,3903.2439024390246,1555505.6769382793,5275403.226936381,3903.2439024390246
1555897.0275730619,5276860.881487416,3415.4634146341464,6.07991215012009,1555602.6975809748,5276434.643999169,2927.682926829268,1555945.5378944096,5277376.59001881,2927.682926829268,1556191.357565149,5277287.118975664,3903.2439024390246,1555848.5172517141,5276345.172956023,3903.2439024390246
1556239.8678864965,5277802.827507057,3415.4634146341464,6.260401694478196,1555945.5378944096,5277376.59001881,2927.682926829268,1556288.3782078442,5278318.536038451,2927.682926829268,1556534.1978785838,5278229.064995305,3903.2439024390246,1556191.357565149,5277287.118975664,3903.2439024390246
1556582.7081999313,5278744.773526697,3415.4634146341464,8.018186325147974,1556288.3782078442,5278318.536038451,2927.682926829268,1556631.218521279,5279260.482058092,2927.682926829268,1556877.0381920184,5279171.011014945,3903.2439024390246,1556534.1978785838,5278229.064995305,3903.2439024390246
1556925.5485133664,5279686.719546339,3415.4634146341464,9.910162895770577,1556631.218521279,5279260.482058092,2927.682926829268,1556974.0588347141,5280202.428077732,2927.682926829268,1557219.8785054535,5280112.957034586,3903.2439024390246,1556877.0381920184,5279171.011014945,3903.2439024390246
1557268.3888268012,5280628.66556598,3415.4634146341464,10.190452921591584,1556974.0588347141,5280202.428077732,2927.682926829268,1557316.899148149,5281144.374097373,2927.682926829268,1557562.7188188883,5281054.903054227,3903.2439024390246,1557219.8785054535,5280112.957034586,3903.2439024390246
1557611.229140236,5281570.611585621,3415.4634146341464,9.232189810002179,1557316.899148149,5281144.374097373,2927.682926829268,1557659.7394615836,5282086.320117014,2927.682926829268,1557905.5591323231,5281996.849073867,3903.2439024390246,1557562.7188188883,5281054.903054227,3903.2439024390246
1557954.0694536709,5282512.557605262,3415.4634146341464,9.942783806369928,1557659.7394615836,5282086.320117014,2927.682926829268,1558002.5797750184,5283028.266136655,2927.682926829268,1558248.399445758,5282938.795093508,3903.2439024390246,1557905.5591323231,5281996.849073867,3903.2439024390246
1558296.9097671055,5283454.503624902,3415.4634146341464,10.05698431814964,1558002.5797750184,5283028.266136655,2927.682926829268,1558345.4200884532,5283970.212156296,2927.682926829268,1558591.2397591926,5283880.74111315,3903.2439024390246,1558248.399445758,5282938.795093508,3903.2439024390246
1558639.7500805403,5284396.449644542,3415.4634146341464,8.241650226712403,1558345.4200884532,5283970.212156296,2927.682926829268,1558688.260401888,5284912.158175936,2927.682926829268,1558934.0800726274,5284822.687132791,3903.2439024390246,1558591.2397591926,5283880.74111315,3903.2439024390246
1558982.5903939751,5285338.395664184,3415.4634146341464,7.691940092933321,1558688.260401888,5284912.158175936,2927.682926829268,1559031.100715323,5285854.104195578,2927.682926829268,1559276.9203860622,5285764.633152432,3903.2439024390246,1558934.0800726274,5284822.687132791,3903.2439024390246
1559325.43070741,5286280.3416838255,3415.4634146341464,9.372908833022695,1559031.100715323,5285854.104195578,2927.682926829268,1559373.9410287577,5286796.050215219,2927.682926829268,1559619.7606994973,5286706.579172072,3903.2439024390246,1559276.9203860622,5285764.633152432,3903.2439024390246
1559668.271020845,5287222.287703466,3415.4634146341464,10.929625336062914,1559373.9410287577,5286796.050215219,2927.682926829268,1559716.7813421926,5287737.996234859,2927.682926829268,1559962.6010129321,5287648.525191713,3903.2439024390246,1559619.7606994973,5286706.579172072,3903.2439024390246
1560011.1113342799,5288164.233723107,3415.4634146341464,11.843602998299891,1559716.7813421926,5287737.996234859,2927.682926829268,1560059.6216556274,5288679.9422545,2927.682926829268,1560305.441326367,5288590.471211354,3903.2439024390246,1559962.6010129321,5287648.525191713,3903.2439024390246
1560353.9516477145,5289106.179742748,3415.4634146341464,11.83606497556396,1560059.6216556274,5288679.9422545,2927.682926829268,1560402.4619690622,5289621.888274142,2927.682926829268,1560648.2816398016,5289532.417230994,3903.2439024390246,1560305.441326367,5288590.471211354,3903.2439024390246
1560696.7919611493,5290048.125762389,3415.4634146341464,11.437729455910322,1560402.4619690622,5289621.888274142,2927.682926829268,1560745.302282497,5290563.834293782,2927.682926829268,1560991.1219532364,5290474.3632506365,3903.2439024390246,1560648.2816398016,5289532.417230994,3903.2439024390246
1561039.6322745841,5290990.071782029,3415.4634146341464,11.968120047712427,1560745.302282497,5290563.834293782,2927.682926829268,1561088.1425959317,5291505.780313423,2927.682926829268,1561333.9622666712,5291416.309270277,3903.2439024390246,1560991.1219532364,5290474.3632506365,3903.2439024390246
1561382.472588019,5291932.017801669,3415.4634146341464,13.495167362643086,1561088.1425959317,5291505.780313423,2927.682926829268,1561430.9829093665,5292447.726333064,2927.682926829268,1561676.802580106,5292358.255289918,3903.2439024390246,1561333.9622666712,5291416.309270277,3903.2439024390246
1561725.3129014538,5292873.963821311,3415.4634146341464,13.955523688886005,1561430.9829093665,5292447.726333064,2927.682926829268,1561773.8232228013,5293389.672352705,2927.682926829268,1562019.6428935407,5293300.201309558,3903.2439024390246,1561676.802580106,5292358.255289918,3903.2439024390246
1562068.1532148884,5293815.909840953,3415.4634146341464,16.360141495338144,1561773.8232228013,5293389.672352705,2927.682926829268,1562116.6635362364,5294331.618372345,2927.682926829268,1562362.4832069757,5294242.1473292,3903.2439024390246,1562019.6428935407,5293300.201309558,3903.2439024390246
1562410.9935283232,5294757.855860593,3415.4634146341464,19.83968631821903,1562116.6635362364,5294331.618372345,2927.682926829268,1562459.503849671,5295273.5643919865,2927.682926829268,1562705.3235204106,5295184.09334884,3903.2439024390246,1562362.4832069757,5294242.1473292,3903.2439024390246
1562753.833841758,5295699.801880234,3415.4634146341464,20.906258400005207,1562459.503849671,5295273.5643919865,2927.682926829268,1562802.3441631058,5296215.510411628,2927.682926829268,1563048.1638338454,5296126.039368481,3903.2439024390246,1562705.3235204106,5295184.09334884,3903.2439024390246
1563096.674155193,5296641.747899875,3415.4634146341464,20.900154576139194,1562802.3441631058,5296215.510411628,2927.682926829268,1563145.1844765407,5297157.456431269,2927.682926829268,1563391.00414728,5297067.985388122,3903.2439024390246,1563048.1638338454,5296126.039368481,3903.2439024390246
1563439.5144686277,5297583.693919516,3415.4634146341464,20.674171037298546,1563145.1844765407,5297157.456431269,2927.682926829268,1563488.0247899755,5298099.402450909,2927.682926829268,1563733.8444607148,5298009.931407764,3903.2439024390246,1563391.00414728,5297067.985388122,3903.2439024390246
1563782.3547820626,5298525.639939156,3415.4634146341464,19.79069908829516,1563488.0247899755,5298099.402450909,2927.682926829268,1563830.8651034103,5299041.34847055,2927.682926829268,1564076.6847741497,5298951.877427404,3903.2439024390246,1563733.8444607148,5298009.931407764,3903.2439024390246
1564125.1950954974,5299467.585958797,3415.4634146341464,16.553197790840063,1563830.8651034103,5299041.34847055,2927.682926829268,1564173.705416845,5299983.294490191,2927.682926829268,1564419.5250875845,5299893.823447045,3903.2439024390246,1564076.6847741497,5298951.877427404,3903.2439024390246
1564468.035408932,5300409.531978439,3415.4634146341464,14.287926918810578,1564173.705416845,5299983.294490191,2927.682926829268,1564516.5457302798,5300925.240509832,2927.682926829268,1564762.3654010193,5300835.769466686,3903.2439024390246,1564419.5250875845,5299893.823447045,3903.2439024390246
1564810.875722367,5301351.47799808,3415.4634146341464,11.210813089752985,1564516.5457302798,5300925.240509832,2927.682926829268,1564859.3860437148,5301867.1865294725,2927.682926829268,1565105.2057144542,5301777.715486326,3903.2439024390246,1564762.3654010193,5300835.769466686,3903.2439024390246
1565153.716035802,5302293.42401772,3415.4634146341464,9.578010942685648,1564859.3860437148,5301867.1865294725,2927.682926829268,1565202.2263571497,5302809.1325491145,2927.682926829268,1565448.046027889,5302719.661505967,3903.2439024390246,1565105.2057144542,5301777.715486326,3903.2439024390246
1565496.5563492368,5303235.37003736,3415.4634146341464,11.65256403990645,1565202.2263571497,5302809.1325491145,2927.682926829268,1565545.0666705843,5303751.078568755,2927.682926829268,1565790.8863413238,5303661.607525608,3903.2439024390246,1565448.046027889,5302719.661505967,3903.2439024390246
1565839.3966626716,5304177.316057002,3415.4634146341464,10.388606144639772,1565545.0666705843,5303751.078568755,2927.682926829268,1565887.906984019,5304693.024588395,2927.682926829268,1566133.7266547587,5304603.55354525,3903.2439024390246,1565790.8863413238,5303661.607525608,3903.2439024390246
1566182.2369761064,5305119.262076642,3415.4634146341464,10.145013974664362,1565887.906984019,5304693.024588395,2927.682926829268,1566230.747297454,5305634.970608036,2927.682926829268,1566476.5669681933,5305545.49956489,3903.2439024390246,1566133.7266547587,5304603.55354525,3903.2439024390246
1566525.077289541,5306061.2080962835,3415.4634146341464,11.06497830186724,1566230.747297454,5305634.970608036,2927.682926829268,1566573.5876108888,5306576.916627677,2927.682926829268,1566819.407281628,5306487.445584531,3903.2439024390246,1566476.5669681933,5305545.49956489,3903.2439024390246
1566867.9176029759,5307003.154115925,3415.4634146341464,13.53935068509297,1566573.5876108888,5306576.916627677,2927.682926829268,1566916.4279243234,5307518.862647318,2927.682926829268,1567162.247595063,5307429.391604171,3903.2439024390246,1566819.407281628,5306487.445584531,3903.2439024390246
1567210.7579164107,5307945.100135565,3415.4634146341464,15.770887418916974,1566916.4279243234,5307518.862647318,2927.682926829268,1567259.2682377582,5308460.8086669585,2927.682926829268,1567505.087908498,5308371.337623813,3903.2439024390246,1567162.247595063,5307429.391604171,3903.2439024390246
1567553.5982298458,5308887.046155206,3415.4634146341464,16.106739919669888,1567259.2682377582,5308460.8086669585,2927.682926829268,1567602.1085511933,5309402.7546866,2927.682926829268,1567847.9282219326,5309313.283643453,3903.2439024390246,1567505.087908498,5308371.337623813,3903.2439024390246
1567896.4385432804,5309828.992174847,3415.4634146341464,17.103160553979194,1567602.1085511933,5309402.7546866,2927.682926829268,1567944.948864628,5310344.700706241,2927.682926829268,1568190.7685353674,5310255.2296630945,3903.2439024390246,1567847.9282219326,5309313.283643453,3903.2439024390246
1568239.2788567152,5310770.938194488,3415.4634146341464,18.67090975278774,1567944.948864628,5310344.700706241,2927.682926829268,1568287.789178063,5311286.646725882,2927.682926829268,1568533.6088488023,5311197.175682736,3903.2439024390246,1568190.7685353674,5310255.2296630945,3903.2439024390246
1568582.1191701498,5311712.884214129,3415.4634146341464,20.37764264921131,1568287.789178063,5311286.646725882,2927.682926829268,1568630.6294914975,5312228.592745522,2927.682926829268,1568876.449162237,5312139.121702377,3903.2439024390246,1568533.6088488023,5311197.175682736,3903.2439024390246
1568924.9594835846,5312654.8302337695,3415.4634146341464,20.820392376603646,1568630.6294914975,5312228.592745522,2927.682926829268,1568973.4698049324,5313170.538765164,2927.682926829268,1569219.289475672,5313081.067722017,3903.2439024390246,1568876.449162237,5312139.121702377,3903.2439024390246
1569267.7997970195,5313596.776253411,3415.4634146341464,19.105074735817606,1568973.4698049324,5313170.538765164,2927.682926829268,1569316.3101183672,5314112.484784804,2927.682926829268,1569562.1297891065,5314023.013741658,3903.2439024390246,1569219.289475672,5313081.067722017,3903.2439024390246
1569610.6401104543,5314538.722273052,3415.4634146341464,18.581736969141886,1569316.3101183672,5314112.484784804,2927.682926829268,1569659.150431802,5315054.430804445,2927.682926829268,1569904.9701025414,5314964.959761299,3903.2439024390246,1569562.1297891065,5314023.013741658,3903.2439024390246
1569953.4804238891,5315480.668292692,3415.4634146341464,16.982809623671585,1569659.150431802,5315054.430804445,2927.682926829268,1570001.9907452369,5315996.376824086,2927.682926829268,1570247.8104159764,5315906.905780939,3903.2439024390246,1569904.9701025414,5314964.959761299,3903.2439024390246
1570296.3207373242,5316422.614312333,3415.4634146341464,15.063547546393428,1570001.9907452369,5315996.376824086,2927.682926829268,1570344.8310586717,5316938.322843728,2927.682926829268,1570590.6507294113,5316848.8518005805,3903.2439024390246,1570247.8104159764,5315906.905780939,3903.2439024390246
1570639.161050759,5317364.560331974,3415.4634146341464,15.991632417715191,1570344.8310586717,5316938.322843728,2927.682926829268,1570687.6713721065,5317880.268863368,2927.682926829268,1570933.491042846,5317790.797820222,3903.2439024390246,1570590.6507294113,5316848.8518005805,3903.2439024390246
1570982.0013641936,5318306.506351615,3415.4634146341464,15.590564309742657,1570687.6713721065,5317880.268863368,2927.682926829268,1571030.5116855414,5318822.214883009,2927.682926829268,1571276.3313562807,5318732.743839863,3903.2439024390246,1570933.491042846,5317790.797820222,3903.2439024390246
1571324.8416776285,5319248.452371256,3415.4634146341464,16.558741700907298,1571030.5116855414,5318822.214883009,2927.682926829268,1571373.3519989762,5319764.160902649,2927.682926829268,1571619.1716697155,5319674.689859504,3903.2439024390246,1571276.3313562807,5318732.743839863,3903.2439024390246
1571667.6819910633,5320190.398390897,3415.4634146341464,15.963645731301357,1571373.3519989762,5319764.160902649,2927.682926829268,1571716.192312411,5320706.106922291,2927.682926829268,1571962.0119831504,5320616.635879144,3903.2439024390246,1571619.1716697155,5319674.689859504,3903.2439024390246
1572010.5223044981,5321132.344410539,3415.4634146341464,15.08750958884161,1571716.192312411,5320706.106922291,2927.682926829268,1572059.0326258456,5321648.052941931,2927.682926829268,1572304.8522965852,5321558.581898785,3903.2439024390246,1571962.0119831504,5320616.635879144,3903.2439024390246
1572353.362617933,5322074.290430179,3415.4634146341464,15.239355199365127,1572059.0326258456,5321648.052941931,2927.682926829268,1572401.8729392805,5322589.998961573,2927.682926829268,1572647.69261002,5322500.527918426,3903.2439024390246,1572304.8522965852,5321558.581898785,3903.2439024390246
1572696.2029313678,5323016.236449819,3415.4634146341464,14.453423881462685,1572401.8729392805,5322589.998961573,2927.682926829268,1572744.7132527155,5323531.944981214,2927.682926829268,1572990.532923455,5323442.4739380665,3903.2439024390246,1572647.69261002,5322500.527918426,3903.2439024390246
1573039.0432448026,5323958.18246946,3415.4634146341464,14.288048097747263,1572744.7132527155,5323531.944981214,2927.682926829268,1573087.5535661504,5324473.891000855,2927.682926829268,1573333.3732368897,5324384.419957708,3903.2439024390246,1572990.532923455,5323442.4739380665,3903.2439024390246
1573381.8835582375,5324900.128489102,3415.4634146341464,11.438536556482513,1573087.5535661504,5324473.891000855,2927.682926829268,1573430.393879585,5325415.837020495,2927.682926829268,1573676.2135503246,5325326.365977349,3903.2439024390246,1573333.3732368897,5324384.419957708,3903.2439024390246
1573724.7238716723,5325842.074508742,3415.4634146341464,8.85073325298902,1573430.393879585,5325415.837020495,2927.682926829268,1573773.2341930198,5326357.783040135,2927.682926829268,1574019.0538637594,5326268.31199699,3903.2439024390246,1573676.2135503246,5325326.365977349,3903.2439024390246
1574067.5641851071,5326784.020528383,3415.4634146341464,8.263317240964518,1573773.2341930198,5326357.783040135,2927.682926829268,1574116.0745064546,5327299.729059777,2927.682926829268,1574361.894177194,5327210.25801663,3903.2439024390246,1574019.0538637594,5326268.31199699,3903.2439024390246
1574410.4044985417,5327725.966548024,3415.4634146341464,7.475623070431328,1574116.0745064546,5327299.729059777,2927.682926829268,1574458.9148198895,5328241.675079417,2927.682926829268,1574704.7344906288,5328152.204036271,3903.2439024390246,1574361.894177194,5327210.25801663,3903.2439024390246
1574753.2448119766,5328667.912567665,3415.4634146341464,7.692815781024092,1574458.9148198895,5328241.675079417,2927.682926829268,1574801.7551333243,5329183.621099059,2927.682926829268,1575047.5748040637,5329094.150055912,3903.2439024390246,1574704.7344906288,5328152.204036271,3903.2439024390246
1575096.0851254112,5329609.858587306,3415.4634146341464,8.072009045185744,1574801.7551333243,5329183.621099059,2927.682926829268,1575144.595446759,5330125.567118699,2927.682926829268,1575390.4151174987,5330036.096075553,3903.2439024390246,1575047.5748040637,5329094.150055912,3903.2439024390246
1575438.9254388462,5330551.804606946,3415.4634146341464,7.32317864611722,1575144.595446759,5330125.567118699,2927.682926829268,1575487.435760194,5331067.513138341,2927.682926829268,1575733.2554309333,5330978.042095194,3903.2439024390246,1575390.4151174987,5330036.096075553,3903.2439024390246
1575781.765752281,5331493.750626587,3415.4634146341464,8.073661140454153,1575487.435760194,5331067.513138341,2927.682926829268,1575830.2760736288,5332009.459157981,2927.682926829268,1576076.0957443682,5331919.988114835,3903.2439024390246,1575733.2554309333,5330978.042095194,3903.2439024390246
1576124.606065716,5332435.696646228,3415.4634146341464,8.020091452230197,1575830.2760736288,5332009.459157981,2927.682926829268,1576173.1163870636,5332951.405177622,2927.682926829268,1576418.936057803,5332861.934134476,3903.2439024390246,1576076.0957443682,5331919.988114835,3903.2439024390246
1576467.4463791507,5333377.64266587,3415.4634146341464,7.401289520056808,1576173.1163870636,5332951.405177622,2927.682926829268,1576515.9567004982,5333893.351197262,2927.682926829268,1576761.7763712378,5333803.880154117,3903.2439024390246,1576418.936057803,5332861.934134476,3903.2439024390246
1576810.2866925853,5334319.58868551,3415.4634146341464,6.540613785017356,1576515.9567004982,5333893.351197262,2927.682926829268,1576858.797013933,5334835.297216904,2927.682926829268,1577104.6166846727,5334745.826173757,3903.2439024390246,1576761.7763712378,5333803.880154117,3903.2439024390246
1577153.1270060202,5335261.534705152,3415.4634146341464,5.6854419111946655,1576858.797013933,5334835.297216904,2927.682926829268,1577201.637327368,5335777.243236545,2927.682926829268,1577447.4569981073,5335687.772193399,3903.2439024390246,1577104.6166846727,5334745.826173757,3903.2439024390246
1577495.967319455,5336203.480724792,3415.4634146341464,5.79335109457496,1577201.637327368,5335777.243236545,2927.682926829268,1577544.4776408027,5336719.189256186,2927.682926829268,1577790.297311542,5336629.718213039,3903.2439024390246,1577447.4569981073,5335687.772193399,3903.2439024390246
1577838.8076328898,5337145.426744433,3415.4634146341464,5.357200980810847,1577544.4776408027,5336719.189256186,2927.682926829268,1577887.3179542376,5337661.135275827,2927.682926829268,1578133.1376249772,5337571.664232681,3903.2439024390246,1577790.297311542,5336629.718213039,3903.2439024390246
1578181.647946325,5338087.372764073,3415.4634146341464,4.907254390810132,1577887.3179542376,5337661.135275827,2927.682926829268,1578230.1582676724,5338603.081295468,2927.682926829268,1578475.977938412,5338513.610252321,3903.2439024390246,1578133.1376249772,5337571.664232681,3903.2439024390246
1578524.4882597597,5339029.318783714,3415.4634146341464,4.161331417325002,1578230.1582676724,5338603.081295468,2927.682926829268,1578572.9985811072,5339545.027315108,2927.682926829268,1578818.8182518466,5339455.556271962,3903.2439024390246,1578475.977938412,5338513.610252321,3903.2439024390246
1578867.3285731943,5339971.264803356,3415.4634146341464,4.255486022636707,1578572.9985811072,5339545.027315108,2927.682926829268,1578915.838894542,5340486.973334749,2927.682926829268,1579161.6585652814,5340397.502291603,3903.2439024390246,1578818.8182518466,5339455.556271962,3903.2439024390246
1579210.1688866292,5340913.210822997,3415.4634146341464,4.561198781732704,1578915.838894542,5340486.973334749,2927.682926829268,1579258.679207977,5341428.91935439,2927.682926829268,1579504.4988787163,5341339.448311243,3903.2439024390246,1579161.6585652814,5340397.502291603,3903.2439024390246
1579553.009200064,5341855.156842638,3415.4634146341464,5.294048029992853,1579258.679207977,5341428.91935439,2927.682926829268,1579601.5195214115,5342370.865374031,2927.682926829268,1579847.339192151,5342281.394330884,3903.2439024390246,1579504.4988787163,5341339.448311243,3903.2439024390246
1579895.8495134988,5342797.102862278,3415.4634146341464,5.73593729252629,1579601.5195214115,5342370.865374031,2927.682926829268,1579944.3598348463,5343312.811393672,2927.682926829268,1580190.1795055857,5343223.340350525,3903.2439024390246,1579847.339192151,5342281.394330884,3903.2439024390246
1580238.6898269334,5343739.048881919,3415.4634146341464,5.65655929474095,1579944.3598348463,5343312.811393672,2927.682926829268,1580287.2001482812,5344254.757413312,2927.682926829268,1580533.0198190205,5344165.286370167,3903.2439024390246,1580190.1795055857,5343223.340350525,3903.2439024390246
1580581.5301403685,5344680.994901559,3415.4634146341464,5.378167431796342,1580287.2001482812,5344254.757413312,2927.682926829268,1580630.0404617162,5345196.703432954,2927.682926829268,1580875.8601324556,5345107.232389807,3903.2439024390246,1580533.0198190205,5344165.286370167,3903.2439024390246
1580924.3704538033,5345622.940921201,3415.4634146341464,5.058536339248775,1580630.0404617162,5345196.703432954,2927.682926829268,1580972.880775151,5346138.649452595,2927.682926829268,1581218.7004458904,5346049.178409448,3903.2439024390246,1580875.8601324556,5345107.232389807,3903.2439024390246
1581267.210767238,5346564.886940842,3415.4634146341464,5.385569749505839,1580972.880775151,5346138.649452595,2927.682926829268,1581315.7210885857,5347080.595472235,2927.682926829268,1581561.5407593253,5346991.124429089,3903.2439024390246,1581218.7004458904,5346049.178409448,3903.2439024390246
1581610.0510806728,5347506.832960482,3415.4634146341464,5.624254246674205,1581315.7210885857,5347080.595472235,2927.682926829268,1581658.5614020205,5348022.541491876,2927.682926829268,1581904.38107276,5347933.07044873,3903.2439024390246,1581561.5407593253,5346991.124429089,3903.2439024390246
1581952.8913941076,5348448.778980123,3415.4634146341464,5.886020970143695,1581658.5614020205,5348022.541491876,2927.682926829268,1582001.4017154553,5348964.4875115175,2927.682926829268,1582247.2213861947,5348875.01646837,3903.2439024390246,1581904.38107276,5347933.07044873,3903.2439024390246
1582295.7317075424,5349390.724999765,3415.4634146341464,6.3218592609792825,1582001.4017154553,5348964.4875115175,2927.682926829268,1582344.2420288902,5349906.433531158,2927.682926829268,1582590.0616996295,5349816.962488012,3903.2439024390246,1582247.2213861947,5348875.01646837,3903.2439024390246
1582638.5720209773,5350332.671019405,3415.4634146341464,6.207454794026242,1582344.2420288902,5349906.433531158,2927.682926829268,1582687.082342325,5350848.379550799,2927.682926829268,1582932.9020130644,5350758.908507653,3903.2439024390246,1582590.0616996295,5349816.962488012,3903.2439024390246
1582981.412334412,5351274.617039046,3415.4634146341464,5.472462121806062,1582687.082342325,5350848.379550799,2927.682926829268,1583029.9226557596,5351790.32557044,2927.682926829268,1583275.7423264994,5351700.854527294,3903.2439024390246,1582932.9020130644,5350758.908507653,3903.2439024390246
1583324.2526478472,5352216.563058687,3415.4634146341464,5.4912354289035825,1583029.9226557596,5351790.32557044,2927.682926829268,1583372.7629691947,5352732.271590081,2927.682926829268,1583618.5826399343,5352642.800546934,3903.2439024390246,1583275.7423264994,5351700.854527294,3903.2439024390246
1583667.0929612818,5353158.5090783285,3415.4634146341464,5.558137665649695,1583372.7629691947,5352732.271590081,2927.682926829268,1583715.6032826295,5353674.217609721,2927.682926829268,1583961.4229533689,5353584.746566576,3903.2439024390246,1583618.5826399343,5352642.800546934,3903.2439024390246
1584009.9332747166,5354100.455097969,3415.4634146341464,4.921964127445362,1583715.6032826295,5353674.217609721,2927.682926829268,1584058.4435960643,5354616.163629362,2927.682926829268,1584304.2632668037,5354526.692586216,3903.2439024390246,1583961.4229533689,5353584.746566576,3903.2439024390246
1584352.7735881514,5355042.401117609,3415.4634146341464,4.183904553902609,1584058.4435960643,5354616.163629362,2927.682926829268,1584401.283909499,5355558.1096490035,2927.682926829268,1584647.1035802385,5355468.638605857,3903.2439024390246,1584304.2632668037,5354526.692586216,3903.2439024390246
1584695.6139015863,5355984.347137251,3415.4634146341464,4.053102074073717,1584401.283909499,5355558.1096490035,2927.682926829268,1584744.1242229338,5356500.055668645,2927.682926829268,1584989.9438936734,5356410.584625497,3903.2439024390246,1584647.1035802385,5355468.638605857,3903.2439024390246
1585038.4542150209,5356926.293156892,3415.4634146341464,3.1802836520506546,1584744.1242229338,5356500.055668645,2927.682926829268,1585086.9645363686,5357442.001688285,2927.682926829268,1585332.784207108,5357352.5306451395,3903.2439024390246,1584989.9438936734,5356410.584625497,3903.2439024390246
1585381.2945284557,5357868.239176532,3415.4634146341464,3.4290298811035473,1585086.9645363686,5357442.001688285,2927.682926829268,1585429.8048498034,5358383.947707926,2927.682926829268,1585675.6245205428,5358294.47666478,3903.2439024390246,1585332.784207108,5357352.5306451395,3903.2439024390246
1585724.1348418905,5358810.185196172,3415.4634146341464,3.4354380517457015,1585429.8048498034,5358383.947707926,2927.682926829268,1585772.6451632383,5359325.893727567,2927.682926829268,1586018.4648339779,5359236.42268442,3903.2439024390246,1585675.6245205428,5358294.47666478,3903.2439024390246
1586066.9751553256,5359752.1312158145,3415.4634146341464,3.726338592654385,1585772.6451632383,5359325.893727567,2927.682926829268,1586115.485476673,5360267.839747208,2927.682926829268,1586361.3051474127,5360178.368704062,3903.2439024390246,1586018.4648339779,5359236.42268442,3903.2439024390246
1586409.8154687604,5360694.077235456,3415.4634146341464,3.140841020706086,1586115.485476673,5360267.839747208,2927.682926829268,1586458.325790108,5361209.785766848,2927.682926829268,1586704.1454608473,5361120.314723702,3903.2439024390246,1586361.3051474127,5360178.368704062,3903.2439024390246
1586752.655782195,5361636.023255096,3415.4634146341464,2.2486597568881206,1586458.325790108,5361209.785766848,2927.682926829268,1586801.1661035428,5362151.7317864895,2927.682926829268,1587046.9857742821,5362062.260743343,3903.2439024390246,1586704.1454608473,5361120.314723702,3903.2439024390246
1587095.4960956299,5362577.969274736,3415.4634146341464,1.8264981781428957,1586801.1661035428,5362151.7317864895,2927.682926829268,1587144.0064169776,5363093.677806131,2927.682926829268,1587389.826087717,5363004.206762983,3903.2439024390246,1587046.9857742821,5362062.260743343,3903.2439024390246
1587438.3364090645,5363519.915294377,3415.4634146341464,1.7540348159591057,1587144.0064169776,5363093.677806131,2927.682926829268,1587486.8467304122,5364035.623825771,2927.682926829268,1587732.6664011518,5363946.1527826255,3903.2439024390246,1587389.826087717,5363004.206762983,3903.2439024390246
1587781.1767224993,5364461.861314018,3415.4634146341464,1.5381320445644293,1587486.8467304122,5364035.623825771,2927.682926829268,1587829.687043847,5364977.569845412,2927.682926829268,1588075.5067145864,5364888.098802266,3903.2439024390246,1587732.6664011518,5363946.1527826255,3903.2439024390246
1588124.0170359341,5365403.807333659,3415.4634146341464,1.4097814099876864,1587829.687043847,5364977.569845412,2927.682926829268,1588172.527357282,5365919.515865053,2927.682926829268,1588418.3470280212,5365830.044821907,3903.2439024390246,1588075.5067145864,5364888.098802266,3903.2439024390246
1588466.8573493692,5366345.7533533005,3415.4634146341464,1.2799225923553117,1588172.527357282,5365919.515865053,2927.682926829268,1588515.367670717,5366861.461884694,2927.682926829268,1588761.1873414563,5366771.990841547,3903.2439024390246,1588418.3470280212,5365830.044821907,3903.2439024390246
1588809.697662804,5367287.699372942,3415.4634146341464,1.1018151846930062,1588515.367670717,5366861.461884694,2927.682926829268,1588858.2079841516,5367803.407904334,2927.682926829268,1589104.0276548911,5367713.936861189,3903.2439024390246,1588761.1873414563,5366771.990841547,3903.2439024390246
1589152.5379762386,5368229.645392582,3415.4634146341464,1.1172733930720715,1588858.2079841516,5367803.407904334,2927.682926829268,1589201.0482975864,5368745.3539239755,2927.682926829268,1589446.867968326,5368655.882880829,3903.2439024390246,1589104.0276548911,5367713.936861189,3903.2439024390246
1589495.3782896735,5369171.591412223,3415.4634146341464,1.2733309034022746,1589201.0482975864,5368745.3539239755,2927.682926829268,1589543.8886110212,5369687.299943617,2927.682926829268,1589789.7082817606,5369597.82890047,3903.2439024390246,1589446.867968326,5368655.882880829,3903.2439024390246
1589838.2186031083,5370113.537431864,3415.4634146341464,1.4781629536968242,1589543.8886110212,5369687.299943617,2927.682926829268,1589886.728924456,5370629.245963258,2927.682926829268,1590132.5485951954,5370539.7749201115,3903.2439024390246,1589789.7082817606,5369597.82890047,3903.2439024390246
1590181.0589165431,5371055.483451504,3415.4634146341464,1.303702939031505,1589886.728924456,5370629.245963258,2927.682926829268,1590229.5692378907,5371571.191982898,2927.682926829268,1590475.3889086302,5371481.720939753,3903.2439024390246,1590132.5485951954,5370539.7749201115,3903.2439024390246
1590523.899229978,5371997.429471145,3415.4634146341464,1.1160541737976661,1590229.5692378907,5371571.191982898,2927.682926829268,1590572.4095513255,5372513.13800254,2927.682926829268,1590818.229222065,5372423.666959393,3903.2439024390246,1590475.3889086302,5371481.720939753,3903.2439024390246
1590866.7395434128,5372939.3754907865,3415.4634146341464,1.0765462440259135,1590572.4095513255,5372513.13800254,2927.682926829268,1590915.2498647603,5373455.08402218,2927.682926829268,1591161.0695355,5373365.612979034,3903.2439024390246,1590818.229222065,5372423.666959393,3903.2439024390246
1591209.5798568476,5373881.321510428,3415.4634146341464,1.233875956295136,1590915.2498647603,5373455.08402218,2927.682926829268,1591258.0901781954,5374397.030041821,2927.682926829268,1591503.9098489347,5374307.558998675,3903.2439024390246,1591161.0695355,5373365.612979034,3903.2439024390246
1591552.4201702825,5374823.267530068,3415.4634146341464,1.2545510684977619,1591258.0901781954,5374397.030041821,2927.682926829268,1591600.9304916302,5375338.9760614615,2927.682926829268,1591846.7501623696,5375249.505018315,3903.2439024390246,1591503.9098489347,5374307.558998675,3903.2439024390246
1591895.2604837173,5375765.213549709,3415.4634146341464,1.3730490003525058,1591600.9304916302,5375338.9760614615,2927.682926829268,1591943.7708050648,5376280.922081104,2927.682926829268,1592189.5904758044,5376191.451037956,3903.2439024390246,1591846.7501623696,5375249.505018315,3903.2439024390246
1592238.1007971521,5376707.159569351,3415.4634146341464,1.8916090872177327,1591943.7708050648,5376280.922081104,2927.682926829268,1592286.6111184997,5377222.868100744,2927.682926829268,1592532.4307892392,5377133.397057597,3903.2439024390246,1592189.5904758044,5376191.451037956,3903.2439024390246
1592580.941110587,5377649.105588991,3415.4634146341464,2.0713591954004,1592286.6111184997,5377222.868100744,2927.682926829268,1592629.4514319345,5378164.814120384,2927.682926829268,1592875.2711026738,5378075.343077239,3903.2439024390246,1592532.4307892392,5377133.397057597,3903.2439024390246
1592923.7814240216,5378591.051608631,3415.4634146341464,2.3103168985995644,1592629.4514319345,5378164.814120384,2927.682926829268,1592972.2917453693,5379106.760140025,2927.682926829268,1593218.1114161087,5379017.28909688,3903.2439024390246,1592875.2711026738,5378075.343077239,3903.2439024390246
1593266.6217374564,5379532.9976282725,3415.4634146341464,2.165129467660371,1592972.2917453693,5379106.760140025,2927.682926829268,1593315.1320588042,5380048.706159667,2927.682926829268,1593560.9517295435,5379959.23511652,3903.2439024390246,1593218.1114161087,5379017.28909688,3903.2439024390246
1593609.462050891,5380474.943647915,3415.4634146341464,2.0259394187259767,1593315.1320588042,5380048.706159667,2927.682926829268,1593657.972372239,5380990.652179307,2927.682926829268,1593903.7920429786,5380901.181136161,3903.2439024390246,1593560.9517295435,5379959.23511652,3903.2439024390246
1593952.302364326,5381416.889667555,3415.4634146341464,1.622712301405744,1593657.972372239,5380990.652179307,2927.682926829268,1594000.8126856738,5381932.598198948,2927.682926829268,1594246.6323564134,5381843.127155802,3903.2439024390246,1593903.7920429786,5380901.181136161,3903.2439024390246
1594295.142677761,5382358.835687195,3415.4634146341464,1.348394293654768,1594000.8126856738,5381932.598198948,2927.682926829268,1594343.6529991087,5382874.54421859,2927.682926829268,1594589.472669848,5382785.073175442,3903.2439024390246,1594246.6323564134,5381843.127155802,3903.2439024390246
1594637.9829911957,5383300.781706836,3415.4634146341464,1.0837374549808019,1594343.6529991087,5382874.54421859,2927.682926829268,1594686.4933125435,5383816.490238231,2927.682926829268,1594932.3129832828,5383727.0191950835,3903.2439024390246,1594589.472669848,5382785.073175442,3903.2439024390246
1543114.9153332785,5240977.461697916,4391.024390243902,1.4211458400273829,1542820.5853411914,5240551.224209669,3903.2439024390246,1543163.425654626,5241493.17022931,3903.2439024390246,1543409.2453253656,5241403.699186163,4878.804878048781,1543066.4050119307,5240461.753166523,4878.804878048781
1543457.7556467133,5241919.407717557,4391.024390243902,1.3841709646111269,1543163.425654626,5241493.17022931,3903.2439024390246,1543506.2659680608,5242435.116248951,3903.2439024390246,1543752.0856388004,5242345.645205804,4878.804878048781,1543409.2453253656,5241403.699186163,4878.804878048781
1543800.5959601481,5242861.353737199,4391.024390243902,1.7357523656617448,1543506.2659680608,5242435.116248951,3903.2439024390246,1543849.106281496,5243377.0622685915,3903.2439024390246,1544094.9259522352,5243287.591225445,4878.804878048781,1543752.0856388004,5242345.645205804,4878.804878048781
1544143.436273583,5243803.299756839,4391.024390243902,2.366892851926963,1543849.106281496,5243377.0622685915,3903.2439024390246,1544191.9465949307,5244319.008288232,3903.2439024390246,1544437.76626567,5244229.537245086,4878.804878048781,1544094.9259522352,5243287.591225445,4878.804878048781
1544486.2765870176,5244745.245776479,4391.024390243902,2.8691423796788107,1544191.9465949307,5244319.008288232,3903.2439024390246,1544534.7869083653,5245260.954307874,3903.2439024390246,1544780.606579105,5245171.483264727,4878.804878048781,1544437.76626567,5244229.537245086,4878.804878048781
1544829.1169004524,5245687.19179612,4391.024390243902,3.9792863480175233,1544534.7869083653,5245260.954307874,3903.2439024390246,1544877.6272218002,5246202.900327514,3903.2439024390246,1545123.4468925397,5246113.429284368,4878.804878048781,1544780.606579105,5245171.483264727,4878.804878048781
1545171.9572138872,5246629.137815761,4391.024390243902,4.783169556541905,1544877.6272218002,5246202.900327514,3903.2439024390246,1545220.467535235,5247144.846347155,3903.2439024390246,1545466.2872059743,5247055.375304009,4878.804878048781,1545123.4468925397,5246113.429284368,4878.804878048781
1545514.797527322,5247571.0838354025,4391.024390243902,5.995787757540025,1545220.467535235,5247144.846347155,3903.2439024390246,1545563.3078486698,5248086.792366795,3903.2439024390246,1545809.1275194092,5247997.32132365,4878.804878048781,1545466.2872059743,5247055.375304009,4878.804878048781
1545857.637840757,5248513.029855043,4391.024390243902,6.873812085619617,1545563.3078486698,5248086.792366795,3903.2439024390246,1545906.1481621047,5249028.738386437,3903.2439024390246,1546151.967832844,5248939.26734329,4878.804878048781,1545809.1275194092,5247997.32132365,4878.804878048781
1546200.4781541917,5249454.975874685,4391.024390243902,7.035906794863882,1545906.1481621047,5249028.738386437,3903.2439024390246,1546248.9884755393,5249970.6844060775,3903.2439024390246,1546494.8081462788,5249881.213362931,4878.804878048781,1546151.967832844,5248939.26734329,4878.804878048781
1546543.3184676268,5250396.921894325,4391.024390243902,6.734121304981467,1546248.9884755393,5249970.6844060775,3903.2439024390246,1546591.8287889743,5250912.630425719,3903.2439024390246,1546837.648459714,5250823.159382572,4878.804878048781,1546494.8081462788,5249881.213362931,4878.804878048781
1546886.1587810614,5251338.867913966,4391.024390243902,6.007288453934939,1546591.8287889743,5250912.630425719,3903.2439024390246,1546934.6691024092,5251854.57644536,3903.2439024390246,1547180.4887731485,5251765.1054022135,4878.804878048781,1546837.648459714,5250823.159382572,4878.804878048781
1547228.9990944962,5252280.813933606,4391.024390243902,6.481169929479487,1546934.6691024092,5251854.57644536,3903.2439024390246,1547277.509415844,5252796.522465001,3903.2439024390246,1547523.3290865833,5252707.051421854,4878.804878048781,1547180.4887731485,5251765.1054022135,4878.804878048781
1547571.839407931,5253222.759953247,4391.024390243902,6.437535473395358,1547277.509415844,5252796.522465001,3903.2439024390246,1547620.3497292786,5253738.468484641,3903.2439024390246,1547866.1694000182,5253648.997441496,4878.804878048781,1547523.3290865833,5252707.051421854,4878.804878048781
1547914.679721366,5254164.7059728885,4391.024390243902,5.595769979932909,1547620.3497292786,5253738.468484641,3903.2439024390246,1547963.1900427134,5254680.414504282,3903.2439024390246,1548209.009713453,5254590.943461136,4878.804878048781,1547866.1694000182,5253648.997441496,4878.804878048781
1548257.5200348005,5255106.65199253,4391.024390243902,5.4045974821687714,1547963.1900427134,5254680.414504282,3903.2439024390246,1548306.0303561483,5255622.360523923,3903.2439024390246,1548551.8500268876,5255532.889480776,4878.804878048781,1548209.009713453,5254590.943461136,4878.804878048781
1548600.3603482354,5256048.59801217,4391.024390243902,5.130803132949086,1548306.0303561483,5255622.360523923,3903.2439024390246,1548648.870669583,5256564.306543564,3903.2439024390246,1548894.6903403224,5256474.835500417,4878.804878048781,1548551.8500268876,5255532.889480776,4878.804878048781
1548943.2006616702,5256990.544031812,4391.024390243902,4.634903896711029,1548648.870669583,5256564.306543564,3903.2439024390246,1548991.710983018,5257506.252563205,3903.2439024390246,1549237.5306537575,5257416.781520059,4878.804878048781,1548894.6903403224,5256474.835500417,4878.804878048781
1549286.0409751053,5257932.490051452,4391.024390243902,4.355208818503796,1548991.710983018,5257506.252563205,3903.2439024390246,1549334.551296453,5258448.198582846,3903.2439024390246,1549580.3709671923,5258358.7275396995,4878.804878048781,1549237.5306537575,5257416.781520059,4878.804878048781
1549628.88128854,5258874.436071093,4391.024390243902,4.226153899896989,1549334.551296453,5258448.198582846,3903.2439024390246,1549677.3916098876,5259390.144602487,3903.2439024390246,1549923.2112806272,5259300.673559341,4878.804878048781,1549580.3709671923,5258358.7275396995,4878.804878048781
1549971.721601975,5259816.382090734,4391.024390243902,5.024679328528018,1549677.3916098876,5259390.144602487,3903.2439024390246,1550020.2319233224,5260332.090622128,3903.2439024390246,1550266.051594062,5260242.619578981,4878.804878048781,1549923.2112806272,5259300.673559341,4878.804878048781
1550314.5619154098,5260758.3281103745,4391.024390243902,3.9866498696450527,1550020.2319233224,5260332.090622128,3903.2439024390246,1550363.0722367573,5261274.036641768,3903.2439024390246,1550608.8919074966,5261184.565598623,4878.804878048781,1550266.051594062,5260242.619578981,4878.804878048781
1550657.4022288444,5261700.274130016,4391.024390243902,3.4893673457817287,1550363.0722367573,5261274.036641768,3903.2439024390246,1550705.912550192,5262215.982661409,3903.2439024390246,1550951.7322209314,5262126.511618263,4878.804878048781,1550608.8919074966,5261184.565598623,4878.804878048781
1551000.242542279,5262642.220149657,4391.024390243902,4.247106072984878,1550705.912550192,5262215.982661409,3903.2439024390246,1551048.7528636267,5263157.92868105,3903.2439024390246,1551294.5725343663,5263068.457637903,4878.804878048781,1550951.7322209314,5262126.511618263,4878.804878048781
1551343.0828557138,5263584.166169298,4391.024390243902,4.696689774491733,1551048.7528636267,5263157.92868105,3903.2439024390246,1551391.5931770615,5264099.874700692,3903.2439024390246,1551637.412847801,5264010.403657545,4878.804878048781,1551294.5725343663,5263068.457637903,4878.804878048781
1551685.9231691486,5264526.112188938,4391.024390243902,4.71844033632077,1551391.5931770615,5264099.874700692,3903.2439024390246,1551734.4334904966,5265041.820720332,3903.2439024390246,1551980.253161236,5264952.3496771855,4878.804878048781,1551637.412847801,5264010.403657545,4878.804878048781
1552028.7634825837,5265468.058208579,4391.024390243902,4.9647184207407475,1551734.4334904966,5265041.820720332,3903.2439024390246,1552077.2738039314,5265983.766739973,3903.2439024390246,1552323.0934746708,5265894.295696827,4878.804878048781,1551980.253161236,5264952.3496771855,4878.804878048781
1552371.6037960185,5266410.004228219,4391.024390243902,4.942764665482113,1552077.2738039314,5265983.766739973,3903.2439024390246,1552420.1141173663,5266925.712759614,3903.2439024390246,1552665.9337881056,5266836.241716467,4878.804878048781,1552323.0934746708,5265894.295696827,4878.804878048781
1552714.4441094534,5267351.950247861,4391.024390243902,5.560104411903765,1552420.1141173663,5266925.712759614,3903.2439024390246,1552762.9544308009,5267867.658779254,3903.2439024390246,1553008.7741015404,5267778.187736109,4878.804878048781,1552665.9337881056,5266836.241716467,4878.804878048781
1553057.284422888,5268293.896267502,4391.024390243902,5.744875043700154,1552762.9544308009,5267867.658779254,3903.2439024390246,1553105.7947442357,5268809.604798895,3903.2439024390246,1553351.614414975,5268720.133755749,4878.804878048781,1553008.7741015404,5267778.187736109,4878.804878048781
1553400.1247363228,5269235.842287142,4391.024390243902,5.701723234699673,1553105.7947442357,5268809.604798895,3903.2439024390246,1553448.6350576705,5269751.550818536,3903.2439024390246,1553694.4547284099,5269662.07977539,4878.804878048781,1553351.614414975,5268720.133755749,4878.804878048781
1553742.9650497576,5270177.788306784,4391.024390243902,5.300217935042982,1553448.6350576705,5269751.550818536,3903.2439024390246,1553791.4753711054,5270693.496838178,3903.2439024390246,1554037.2950418447,5270604.02579503,4878.804878048781,1553694.4547284099,5269662.07977539,4878.804878048781
1554085.8053631925,5271119.734326425,4391.024390243902,5.40335154196922,1553791.4753711054,5270693.496838178,3903.2439024390246,1554134.31568454,5271635.442857818,3903.2439024390246,1554380.1353552795,5271545.971814672,4878.804878048781,1554037.2950418447,5270604.02579503,4878.804878048781
1554428.6456766275,5272061.680346065,4391.024390243902,5.817965317387538,1554134.31568454,5271635.442857818,3903.2439024390246,1554477.155997975,5272577.388877459,3903.2439024390246,1554722.9756687146,5272487.917834313,4878.804878048781,1554380.1353552795,5271545.971814672,4878.804878048781
1554771.4859900624,5273003.626365706,4391.024390243902,5.812781636726235,1554477.155997975,5272577.388877459,3903.2439024390246,1554819.9963114099,5273519.3348971,3903.2439024390246,1555065.8159821492,5273429.863853954,4878.804878048781,1554722.9756687146,5272487.917834313,4878.804878048781
1555114.326303497,5273945.572385347,4391.024390243902,6.356117319463759,1554819.9963114099,5273519.3348971,3903.2439024390246,1555162.8366248447,5274461.280916741,3903.2439024390246,1555408.656295584,5274371.809873594,4878.804878048781,1555065.8159821492,5273429.863853954,4878.804878048781
1555457.1666169318,5274887.518404989,4391.024390243902,7.1542974515518365,1555162.8366248447,5274461.280916741,3903.2439024390246,1555505.6769382793,5275403.226936381,3903.2439024390246,1555751.4966090189,5275313.755893236,4878.804878048781,1555408.656295584,5274371.809873594,4878.804878048781
1555800.0069303666,5275829.464424629,4391.024390243902,9.165251870592952,1555505.6769382793,5275403.226936381,3903.2439024390246,1555848.5172517141,5276345.172956023,3903.2439024390246,1556094.3369224537,5276255.701912876,4878.804878048781,1555751.4966090189,5275313.755893236,4878.804878048781
1556142.8472438015,5276771.410444269,4391.024390243902,10.86263527458315,1555848.5172517141,5276345.172956023,3903.2439024390246,1556191.357565149,5277287.118975664,3903.2439024390246,1556437.1772358883,5277197.647932516,4878.804878048781,1556094.3369224537,5276255.701912876,4878.804878048781
1556485.687557236,5277713.356463911,4391.024390243902,11.47376307141358,1556191.357565149,5277287.118975664,3903.2439024390246,1556534.1978785838,5278229.064995305,3903.2439024390246,1556780.0175493232,5278139.5939521585,4878.804878048781,1556437.1772358883,5277197.647932516,4878.804878048781
1556828.5278706707,5278655.302483552,4391.024390243902,11.612692962639153,1556534.1978785838,5278229.064995305,3903.2439024390246,1556877.0381920184,5279171.011014945,3903.2439024390246,1557122.8578627582,5279081.539971799,4878.804878048781,1556780.0175493232,5278139.5939521585,4878.804878048781
1557171.3681841057,5279597.248503192,4391.024390243902,9.891012896801751,1556877.0381920184,5279171.011014945,3903.2439024390246,1557219.8785054535,5280112.957034586,3903.2439024390246,1557465.698176193,5280023.48599144,4878.804878048781,1557122.8578627582,5279081.539971799,4878.804878048781
1557514.2084975406,5280539.194522833,4391.024390243902,10.637991177504379,1557219.8785054535,5280112.957034586,3903.2439024390246,1557562.7188188883,5281054.903054227,3903.2439024390246,1557808.5384896277,5280965.43201108,4878.804878048781,1557465.698176193,5280023.48599144,4878.804878048781
1557857.0488109754,5281481.140542475,4391.024390243902,11.849486031258058,1557562.7188188883,5281054.903054227,3903.2439024390246,1557905.5591323231,5281996.849073867,3903.2439024390246,1558151.3788030625,5281907.378030722,4878.804878048781,1557808.5384896277,5280965.43201108,4878.804878048781
1558199.8891244102,5282423.086562115,4391.024390243902,11.38956678095426,1557905.5591323231,5281996.849073867,3903.2439024390246,1558248.399445758,5282938.795093508,3903.2439024390246,1558494.2191164973,5282849.324050362,4878.804878048781,1558151.3788030625,5281907.378030722,4878.804878048781
1558542.729437845,5283365.032581756,4391.024390243902,10.705740133514569,1558248.399445758,5282938.795093508,3903.2439024390246,1558591.2397591926,5283880.74111315,3903.2439024390246,1558837.0594299322,5283791.270070003,4878.804878048781,1558494.2191164973,5282849.324050362,4878.804878048781
1558885.56975128,5284306.978601397,4391.024390243902,10.801928467368821,1558591.2397591926,5283880.74111315,3903.2439024390246,1558934.0800726274,5284822.687132791,3903.2439024390246,1559179.899743367,5284733.216089644,4878.804878048781,1558837.0594299322,5283791.270070003,4878.804878048781
1559228.4100647147,5285248.924621038,4391.024390243902,10.184046545512675,1558934.0800726274,5284822.687132791,3903.2439024390246,1559276.9203860622,5285764.633152432,3903.2439024390246,1559522.7400568018,5285675.162109286,4878.804878048781,1559179.899743367,5284733.216089644,4878.804878048781
1559571.2503781493,5286190.870640679,4391.024390243902,10.66767733484835,1559276.9203860622,5285764.633152432,3903.2439024390246,1559619.7606994973,5286706.579172072,3903.2439024390246,1559865.5803702367,5286617.108128926,4878.804878048781,1559522.7400568018,5285675.162109286,4878.804878048781
1559914.0906915844,5287132.816660319,4391.024390243902,9.670932176583028,1559619.7606994973,5286706.579172072,3903.2439024390246,1559962.6010129321,5287648.525191713,3903.2439024390246,1560208.4206836715,5287559.054148567,4878.804878048781,1559865.5803702367,5286617.108128926,4878.804878048781
1560256.9310050192,5288074.762679961,4391.024390243902,9.240627430591857,1559962.6010129321,5287648.525191713,3903.2439024390246,1560305.441326367,5288590.471211354,3903.2439024390246,1560551.2609971063,5288501.000168208,4878.804878048781,1560208.4206836715,5287559.054148567,4878.804878048781
1560599.771318454,5289016.708699602,4391.024390243902,8.987570086685043,1560305.441326367,5288590.471211354,3903.2439024390246,1560648.2816398016,5289532.417230994,3903.2439024390246,1560894.1013105412,5289442.946187849,4878.804878048781,1560551.2609971063,5288501.000168208,4878.804878048781
1560942.6116318887,5289958.654719242,4391.024390243902,9.221535792489679,1560648.2816398016,5289532.417230994,3903.2439024390246,1560991.1219532364,5290474.3632506365,3903.2439024390246,1561236.9416239758,5290384.892207489,4878.804878048781,1560894.1013105412,5289442.946187849,4878.804878048781
1561285.4519453235,5290900.600738883,4391.024390243902,9.591534262017275,1560991.1219532364,5290474.3632506365,3903.2439024390246,1561333.9622666712,5291416.309270277,3903.2439024390246,1561579.7819374106,5291326.8382271305,4878.804878048781,1561236.9416239758,5290384.892207489,4878.804878048781
1561628.2922587583,5291842.546758524,4391.024390243902,10.63480255935033,1561333.9622666712,5291416.309270277,3903.2439024390246,1561676.802580106,5292358.255289918,3903.2439024390246,1561922.6222508454,5292268.784246772,4878.804878048781,1561579.7819374106,5291326.8382271305,4878.804878048781
1561971.1325721932,5292784.492778164,4391.024390243902,12.809446135111394,1561676.802580106,5292358.255289918,3903.2439024390246,1562019.6428935407,5293300.201309558,3903.2439024390246,1562265.4625642803,5293210.730266413,4878.804878048781,1561922.6222508454,5292268.784246772,4878.804878048781
1562313.9728856282,5293726.438797805,4391.024390243902,13.584255836842992,1562019.6428935407,5293300.201309558,3903.2439024390246,1562362.4832069757,5294242.1473292,3903.2439024390246,1562608.3028777153,5294152.676286053,4878.804878048781,1562265.4625642803,5293210.730266413,4878.804878048781
1562656.813199063,5294668.3848174475,4391.024390243902,16.2252635273957,1562362.4832069757,5294242.1473292,3903.2439024390246,1562705.3235204106,5295184.09334884,3903.2439024390246,1562951.14319115,5295094.622305694,4878.804878048781,1562608.3028777153,5294152.676286053,4878.804878048781
1562999.6535124977,5295610.330837088,4391.024390243902,15.524836649946613,1562705.3235204106,5295184.09334884,3903.2439024390246,1563048.1638338454,5296126.039368481,3903.2439024390246,1563293.9835045848,5296036.568325335,4878.804878048781,1562951.14319115,5295094.622305694,4878.804878048781
1563342.4938259323,5296552.276856729,4391.024390243902,14.791642803960084,1563048.1638338454,5296126.039368481,3903.2439024390246,1563391.00414728,5297067.985388122,3903.2439024390246,1563636.8238180196,5296978.514344976,4878.804878048781,1563293.9835045848,5296036.568325335,4878.804878048781
1563685.334139367,5297494.222876369,4391.024390243902,12.17391589337821,1563391.00414728,5297067.985388122,3903.2439024390246,1563733.8444607148,5298009.931407764,3903.2439024390246,1563979.6641314544,5297920.4603646165,4878.804878048781,1563636.8238180196,5296978.514344976,4878.804878048781
1564028.174452802,5298436.168896011,4391.024390243902,10.283762811219818,1563733.8444607148,5298009.931407764,3903.2439024390246,1564076.6847741497,5298951.877427404,3903.2439024390246,1564322.504444889,5298862.406384258,4878.804878048781,1563979.6641314544,5297920.4603646165,4878.804878048781
1564371.0147662368,5299378.114915651,4391.024390243902,9.58688805418976,1564076.6847741497,5298951.877427404,3903.2439024390246,1564419.5250875845,5299893.823447045,3903.2439024390246,1564665.3447583239,5299804.352403899,4878.804878048781,1564322.504444889,5298862.406384258,4878.804878048781
1564713.8550796716,5300320.060935291,4391.024390243902,9.957102720586644,1564419.5250875845,5299893.823447045,3903.2439024390246,1564762.3654010193,5300835.769466686,3903.2439024390246,1565008.185071759,5300746.298423539,4878.804878048781,1564665.3447583239,5299804.352403899,4878.804878048781
1565056.6953931067,5301262.006954932,4391.024390243902,9.80039084382249,1564762.3654010193,5300835.769466686,3903.2439024390246,1565105.2057144542,5301777.715486326,3903.2439024390246,1565351.0253851938,5301688.24444318,4878.804878048781,1565008.185071759,5300746.298423539,4878.804878048781
1565399.5357065413,5302203.952974574,4391.024390243902,9.79573548002068,1565105.2057144542,5301777.715486326,3903.2439024390246,1565448.046027889,5302719.661505967,3903.2439024390246,1565693.8656986284,5302630.190462821,4878.804878048781,1565351.0253851938,5301688.24444318,4878.804878048781
1565742.376019976,5303145.898994215,4391.024390243902,10.675053518757004,1565448.046027889,5302719.661505967,3903.2439024390246,1565790.8863413238,5303661.607525608,3903.2439024390246,1566036.7060120632,5303572.136482462,4878.804878048781,1565693.8656986284,5302630.190462821,4878.804878048781
1566085.216333411,5304087.845013855,4391.024390243902,11.905420556736368,1565790.8863413238,5303661.607525608,3903.2439024390246,1566133.7266547587,5304603.55354525,3903.2439024390246,1566379.546325498,5304514.0825021025,4878.804878048781,1566036.7060120632,5303572.136482462,4878.804878048781
1566428.0566468458,5305029.791033497,4391.024390243902,12.331185617589261,1566133.7266547587,5304603.55354525,3903.2439024390246,1566476.5669681933,5305545.49956489,3903.2439024390246,1566722.3866389329,5305456.028521744,4878.804878048781,1566379.546325498,5304514.0825021025,4878.804878048781
1566770.8969602806,5305971.737053137,4391.024390243902,12.885872015852245,1566476.5669681933,5305545.49956489,3903.2439024390246,1566819.407281628,5306487.445584531,3903.2439024390246,1567065.2269523677,5306397.974541385,4878.804878048781,1566722.3866389329,5305456.028521744,4878.804878048781
1567113.7372737154,5306913.683072778,4391.024390243902,13.30707693449185,1566819.407281628,5306487.445584531,3903.2439024390246,1567162.247595063,5307429.391604171,3903.2439024390246,1567408.0672658023,5307339.920561026,4878.804878048781,1567065.2269523677,5306397.974541385,4878.804878048781
1567456.57758715,5307855.629092419,4391.024390243902,13.569373416662408,1567162.247595063,5307429.391604171,3903.2439024390246,1567505.087908498,5308371.337623813,3903.2439024390246,1567750.9075792374,5308281.866580666,4878.804878048781,1567408.0672658023,5307339.920561026,4878.804878048781
1567799.417900585,5308797.57511206,4391.024390243902,15.243903686465355,1567505.087908498,5308371.337623813,3903.2439024390246,1567847.9282219326,5309313.283643453,3903.2439024390246,1568093.7478926722,5309223.812600307,4878.804878048781,1567750.9075792374,5308281.866580666,4878.804878048781
1568142.25821402,5309739.521131701,4391.024390243902,17.46235379758718,1567847.9282219326,5309313.283643453,3903.2439024390246,1568190.7685353674,5310255.2296630945,3903.2439024390246,1568436.588206107,5310165.758619948,4878.804878048781,1568093.7478926722,5309223.812600307,4878.804878048781
1568485.0985274548,5310681.467151342,4391.024390243902,17.368891442224356,1568190.7685353674,5310255.2296630945,3903.2439024390246,1568533.6088488023,5311197.175682736,3903.2439024390246,1568779.4285195416,5311107.704639589,4878.804878048781,1568436.588206107,5310165.758619948,4878.804878048781
1568827.9388408894,5311623.413170982,4391.024390243902,15.624328420304868,1568533.6088488023,5311197.175682736,3903.2439024390246,1568876.449162237,5312139.121702377,3903.2439024390246,1569122.2688329765,5312049.65065923,4878.804878048781,1568779.4285195416,5311107.704639589,4878.804878048781
1569170.7791543242,5312565.359190624,4391.024390243902,17.111050464261282,1568876.449162237,5312139.121702377,3903.2439024390246,1569219.289475672,5313081.067722017,3903.2439024390246,1569465.1091464113,5312991.596678872,4878.804878048781,1569122.2688329765,5312049.65065923,4878.804878048781
1569513.6194677588,5313507.305210264,4391.024390243902,15.58965985115004,1569219.289475672,5313081.067722017,3903.2439024390246,1569562.1297891065,5314023.013741658,3903.2439024390246,1569807.9494598461,5313933.542698512,4878.804878048781,1569465.1091464113,5312991.596678872,4878.804878048781
1569856.4597811936,5314449.2512299055,4391.024390243902,15.854030962822344,1569562.1297891065,5314023.013741658,3903.2439024390246,1569904.9701025414,5314964.959761299,3903.2439024390246,1570150.7897732807,5314875.488718152,4878.804878048781,1569807.9494598461,5313933.542698512,4878.804878048781
1570199.3000946287,5315391.197249546,4391.024390243902,19.92134850533272,1569904.9701025414,5314964.959761299,3903.2439024390246,1570247.8104159764,5315906.905780939,3903.2439024390246,1570493.6300867158,5315817.434737793,4878.804878048781,1570150.7897732807,5314875.488718152,4878.804878048781
1570542.1404080635,5316333.143269187,4391.024390243902,20.602574880202006,1570247.8104159764,5315906.905780939,3903.2439024390246,1570590.6507294113,5316848.8518005805,3903.2439024390246,1570836.4704001506,5316759.380757434,4878.804878048781,1570493.6300867158,5315817.434737793,4878.804878048781
1570884.9807214984,5317275.089288828,4391.024390243902,19.97390791787962,1570590.6507294113,5316848.8518005805,3903.2439024390246,1570933.491042846,5317790.797820222,3903.2439024390246,1571179.3107135855,5317701.326777075,4878.804878048781,1570836.4704001506,5316759.380757434,4878.804878048781
1571227.8210349332,5318217.035308469,4391.024390243902,18.622172507361324,1570933.491042846,5317790.797820222,3903.2439024390246,1571276.3313562807,5318732.743839863,3903.2439024390246,1571522.1510270203,5318643.272796717,4878.804878048781,1571179.3107135855,5317701.326777075,4878.804878048781
1571570.661348368,5319158.98132811,4391.024390243902,15.807387878543482,1571276.3313562807,5318732.743839863,3903.2439024390246,1571619.1716697155,5319674.689859504,3903.2439024390246,1571864.9913404551,5319585.218816357,4878.804878048781,1571522.1510270203,5318643.272796717,4878.804878048781
1571913.5016618026,5320100.92734775,4391.024390243902,17.39402928526756,1571619.1716697155,5319674.689859504,3903.2439024390246,1571962.0119831504,5320616.635879144,3903.2439024390246,1572207.8316538897,5320527.164835998,4878.804878048781,1571864.9913404551,5319585.218816357,4878.804878048781
1572256.3419752375,5321042.8733673915,4391.024390243902,16.17745620583579,1571962.0119831504,5320616.635879144,3903.2439024390246,1572304.8522965852,5321558.581898785,3903.2439024390246,1572550.6719673246,5321469.110855639,4878.804878048781,1572207.8316538897,5320527.164835998,4878.804878048781
1572599.1822886723,5321984.819387033,4391.024390243902,14.350907032870289,1572304.8522965852,5321558.581898785,3903.2439024390246,1572647.69261002,5322500.527918426,3903.2439024390246,1572893.5122807596,5322411.056875279,4878.804878048781,1572550.6719673246,5321469.110855639,4878.804878048781
1572942.0226021074,5322926.765406674,4391.024390243902,11.601142230305404,1572647.69261002,5322500.527918426,3903.2439024390246,1572990.532923455,5323442.4739380665,3903.2439024390246,1573236.3525941945,5323353.002894921,4878.804878048781,1572893.5122807596,5322411.056875279,4878.804878048781
1573284.8629155422,5323868.711426314,4391.024390243902,9.183362431291872,1572990.532923455,5323442.4739380665,3903.2439024390246,1573333.3732368897,5324384.419957708,3903.2439024390246,1573579.1929076293,5324294.948914561,4878.804878048781,1573236.3525941945,5323353.002894921,4878.804878048781
1573627.7032289768,5324810.657445954,4391.024390243902,8.556500045173646,1573333.3732368897,5324384.419957708,3903.2439024390246,1573676.2135503246,5325326.365977349,3903.2439024390246,1573922.033221064,5325236.894934203,4878.804878048781,1573579.1929076293,5324294.948914561,4878.804878048781
1573970.5435424116,5325752.603465595,4391.024390243902,7.85368117650185,1573676.2135503246,5325326.365977349,3903.2439024390246,1574019.0538637594,5326268.31199699,3903.2439024390246,1574264.8735344987,5326178.840953843,4878.804878048781,1573922.033221064,5325236.894934203,4878.804878048781
1574313.3838558465,5326694.549485237,4391.024390243902,7.650369830407861,1574019.0538637594,5326268.31199699,3903.2439024390246,1574361.894177194,5327210.25801663,3903.2439024390246,1574607.7138479336,5327120.786973485,4878.804878048781,1574264.8735344987,5326178.840953843,4878.804878048781
1574656.2241692813,5327636.4955048775,4391.024390243902,8.113361207927715,1574361.894177194,5327210.25801663,3903.2439024390246,1574704.7344906288,5328152.204036271,3903.2439024390246,1574950.5541613684,5328062.732993125,4878.804878048781,1574607.7138479336,5327120.786973485,4878.804878048781
1574999.0644827161,5328578.441524519,4391.024390243902,8.34977443518424,1574704.7344906288,5328152.204036271,3903.2439024390246,1575047.5748040637,5329094.150055912,3903.2439024390246,1575293.394474803,5329004.679012766,4878.804878048781,1574950.5541613684,5328062.732993125,4878.804878048781
1575341.9047961507,5329520.38754416,4391.024390243902,8.656456522234139,1575047.5748040637,5329094.150055912,3903.2439024390246,1575390.4151174987,5330036.096075553,3903.2439024390246,1575636.234788238,5329946.625032406,4878.804878048781,1575293.394474803,5329004.679012766,4878.804878048781
1575684.7451095856,5330462.333563801,4391.024390243902,8.638535786646226,1575390.4151174987,5330036.096075553,3903.2439024390246,1575733.2554309333,5330978.042095194,3903.2439024390246,1575979.075101673,5330888.571052048,4878.804878048781,1575636.234788238,5329946.625032406,4878.804878048781
1576027.5854230204,5331404.279583441,4391.024390243902,8.60579020760045,1575733.2554309333,5330978.042095194,3903.2439024390246,1576076.0957443682,5331919.988114835,3903.2439024390246,1576321.9154151077,5331830.517071689,4878.804878048781,1575979.075101673,5330888.571052048,4878.804878048781
1576370.4257364552,5332346.225603081,4391.024390243902,8.704891126550663,1576076.0957443682,5331919.988114835,3903.2439024390246,1576418.936057803,5332861.934134476,3903.2439024390246,1576664.7557285423,5332772.46309133,4878.804878048781,1576321.9154151077,5331830.517071689,4878.804878048781
1576713.26604989,5333288.171622723,4391.024390243902,7.262599151356885,1576418.936057803,5332861.934134476,3903.2439024390246,1576761.7763712378,5333803.880154117,3903.2439024390246,1577007.5960419772,5333714.409110971,4878.804878048781,1576664.7557285423,5332772.46309133,4878.804878048781
1577056.106363325,5334230.117642364,4391.024390243902,5.590803840456012,1576761.7763712378,5333803.880154117,3903.2439024390246,1577104.6166846727,5334745.826173757,3903.2439024390246,1577350.436355412,5334656.355130612,4878.804878048781,1577007.5960419772,5333714.409110971,4878.804878048781
1577398.9466767597,5335172.063662005,4391.024390243902,6.218616353555822,1577104.6166846727,5334745.826173757,3903.2439024390246,1577447.4569981073,5335687.772193399,3903.2439024390246,1577693.2766688468,5335598.301150252,4878.804878048781,1577350.436355412,5334656.355130612,4878.804878048781
1577741.7869901943,5336114.009681645,4391.024390243902,5.682030473104069,1577447.4569981073,5335687.772193399,3903.2439024390246,1577790.297311542,5336629.718213039,3903.2439024390246,1578036.1169822817,5336540.247169892,4878.804878048781,1577693.2766688468,5335598.301150252,4878.804878048781
1578084.6273036294,5337055.955701287,4391.024390243902,5.059328855626018,1577790.297311542,5336629.718213039,3903.2439024390246,1578133.1376249772,5337571.664232681,3903.2439024390246,1578378.9572957165,5337482.193189534,4878.804878048781,1578036.1169822817,5336540.247169892,4878.804878048781
1578427.4676170642,5337997.901720928,4391.024390243902,4.810051315549429,1578133.1376249772,5337571.664232681,3903.2439024390246,1578475.977938412,5338513.610252321,3903.2439024390246,1578721.7976091513,5338424.139209175,4878.804878048781,1578378.9572957165,5337482.193189534,4878.804878048781
1578770.307930499,5338939.847740568,4391.024390243902,5.7752494610205725,1578475.977938412,5338513.610252321,3903.2439024390246,1578818.8182518466,5339455.556271962,3903.2439024390246,1579064.6379225862,5339366.085228816,4878.804878048781,1578721.7976091513,5338424.139209175,4878.804878048781
1579113.148243934,5339881.793760209,4391.024390243902,5.442335885855062,1578818.8182518466,5339455.556271962,3903.2439024390246,1579161.6585652814,5340397.502291603,3903.2439024390246,1579407.478236021,5340308.031248456,4878.804878048781,1579064.6379225862,5339366.085228816,4878.804878048781
1579455.9885573687,5340823.73977985,4391.024390243902,5.439082653292734,1579161.6585652814,5340397.502291603,3903.2439024390246,1579504.4988787163,5341339.448311243,3903.2439024390246,1579750.3185494556,5341249.977268098,4878.804878048781,1579407.478236021,5340308.031248456,4878.804878048781
1579798.8288708034,5341765.685799491,4391.024390243902,6.560134341971101,1579504.4988787163,5341339.448311243,3903.2439024390246,1579847.339192151,5342281.394330884,3903.2439024390246,1580093.1588628904,5342191.923287738,4878.804878048781,1579750.3185494556,5341249.977268098,4878.804878048781
1580141.6691842382,5342707.631819132,4391.024390243902,8.449083974930499,1579847.339192151,5342281.394330884,3903.2439024390246,1580190.1795055857,5343223.340350525,3903.2439024390246,1580435.9991763253,5343133.869307379,4878.804878048781,1580093.1588628904,5342191.923287738,4878.804878048781
1580484.509497673,5343649.577838773,4391.024390243902,9.203379772165752,1580190.1795055857,5343223.340350525,3903.2439024390246,1580533.0198190205,5344165.286370167,3903.2439024390246,1580778.8394897603,5344075.815327019,4878.804878048781,1580435.9991763253,5343133.869307379,4878.804878048781
1580827.349811108,5344591.523858414,4391.024390243902,8.246396963515881,1580533.0198190205,5344165.286370167,3903.2439024390246,1580875.8601324556,5345107.232389807,3903.2439024390246,1581121.6798031952,5345017.7613466615,4878.804878048781,1580778.8394897603,5344075.815327019,4878.804878048781
1581170.190124543,5345533.469878054,4391.024390243902,8.460667215618965,1580875.8601324556,5345107.232389807,3903.2439024390246,1581218.7004458904,5346049.178409448,3903.2439024390246,1581464.52011663,5345959.707366302,4878.804878048781,1581121.6798031952,5345017.7613466615,4878.804878048781
1581513.0304379778,5346475.415897695,4391.024390243902,8.101273721210399,1581218.7004458904,5346049.178409448,3903.2439024390246,1581561.5407593253,5346991.124429089,3903.2439024390246,1581807.3604300646,5346901.653385943,4878.804878048781,1581464.52011663,5345959.707366302,4878.804878048781
1581855.8707514124,5347417.3619173365,4391.024390243902,7.615251944494374,1581561.5407593253,5346991.124429089,3903.2439024390246,1581904.38107276,5347933.07044873,3903.2439024390246,1582150.2007434994,5347843.599405584,4878.804878048781,1581807.3604300646,5346901.653385943,4878.804878048781
1582198.711064847,5348359.307936977,4391.024390243902,7.597036630041155,1581904.38107276,5347933.07044873,3903.2439024390246,1582247.2213861947,5348875.01646837,3903.2439024390246,1582493.0410569343,5348785.545425225,4878.804878048781,1582150.2007434994,5347843.599405584,4878.804878048781
1582541.5513782818,5349301.253956618,4391.024390243902,6.625431706953401,1582247.2213861947,5348875.01646837,3903.2439024390246,1582590.0616996295,5349816.962488012,3903.2439024390246,1582835.881370369,5349727.491444865,4878.804878048781,1582493.0410569343,5348785.545425225,4878.804878048781
1582884.3916917166,5350243.199976259,4391.024390243902,6.1196328295623035,1582590.0616996295,5349816.962488012,3903.2439024390246,1582932.9020130644,5350758.908507653,3903.2439024390246,1583178.7216838037,5350669.437464506,4878.804878048781,1582835.881370369,5349727.491444865,4878.804878048781
1583227.2320051515,5351185.1459959,4391.024390243902,5.598869015256567,1582932.9020130644,5350758.908507653,3903.2439024390246,1583275.7423264994,5351700.854527294,3903.2439024390246,1583521.5619972388,5351611.3834841475,4878.804878048781,1583178.7216838037,5350669.437464506,4878.804878048781
1583570.0723185865,5352127.092015541,4391.024390243902,5.6977198340174,1583275.7423264994,5351700.854527294,3903.2439024390246,1583618.5826399343,5352642.800546934,3903.2439024390246,1583864.4023106736,5352553.329503789,4878.804878048781,1583521.5619972388,5351611.3834841475,4878.804878048781
1583912.9126320214,5353069.038035181,4391.024390243902,5.9986059639122695,1583618.5826399343,5352642.800546934,3903.2439024390246,1583961.4229533689,5353584.746566576,3903.2439024390246,1584207.2426241084,5353495.275523429,4878.804878048781,1583864.4023106736,5352553.329503789,4878.804878048781
1584255.752945456,5354010.984054823,4391.024390243902,5.48542879360269,1583961.4229533689,5353584.746566576,3903.2439024390246,1584304.2632668037,5354526.692586216,3903.2439024390246,1584550.082937543,5354437.22154307,4878.804878048781,1584207.2426241084,5353495.275523429,4878.804878048781
1584598.5932588908,5354952.930074464,4391.024390243902,4.867455461136752,1584304.2632668037,5354526.692586216,3903.2439024390246,1584647.1035802385,5355468.638605857,3903.2439024390246,1584892.9232509779,5355379.167562711,4878.804878048781,1584550.082937543,5354437.22154307,4878.804878048781
1584941.4335723256,5355894.876094104,4391.024390243902,4.341566086413112,1584647.1035802385,5355468.638605857,3903.2439024390246,1584989.9438936734,5356410.584625497,3903.2439024390246,1585235.7635644127,5356321.113582352,4878.804878048781,1584892.9232509779,5355379.167562711,4878.804878048781
1585284.2738857605,5356836.822113745,4391.024390243902,4.556288133311,1584989.9438936734,5356410.584625497,3903.2439024390246,1585332.784207108,5357352.5306451395,3903.2439024390246,1585578.6038778475,5357263.059601992,4878.804878048781,1585235.7635644127,5356321.113582352,4878.804878048781
1585627.1141991953,5357778.768133387,4391.024390243902,5.056439358022256,1585332.784207108,5357352.5306451395,3903.2439024390246,1585675.6245205428,5358294.47666478,3903.2439024390246,1585921.4441912824,5358205.0056216335,4878.804878048781,1585578.6038778475,5357263.059601992,4878.804878048781
1585969.9545126301,5358720.714153027,4391.024390243902,5.014953948412133,1585675.6245205428,5358294.47666478,3903.2439024390246,1586018.4648339779,5359236.42268442,3903.2439024390246,1586264.2845047172,5359146.951641275,4878.804878048781,1585921.4441912824,5358205.0056216335,4878.804878048781
1586312.794826065,5359662.660172667,4391.024390243902,5.1185257488902725,1586018.4648339779,5359236.42268442,3903.2439024390246,1586361.3051474127,5360178.368704062,3903.2439024390246,1586607.124818152,5360088.897660915,4878.804878048781,1586264.2845047172,5359146.951641275,4878.804878048781
1586655.6351394998,5360604.6061923085,4391.024390243902,4.807200919911376,1586361.3051474127,5360178.368704062,3903.2439024390246,1586704.1454608473,5361120.314723702,3903.2439024390246,1586949.9651315869,5361030.843680556,4878.804878048781,1586607.124818152,5360088.897660915,4878.804878048781
1586998.4754529346,5361546.55221195,4391.024390243902,4.507613430130894,1586704.1454608473,5361120.314723702,3903.2439024390246,1587046.9857742821,5362062.260743343,3903.2439024390246,1587292.8054450217,5361972.789700197,4878.804878048781,1586949.9651315869,5361030.843680556,4878.804878048781
1587341.3157663695,5362488.498231591,4391.024390243902,4.027159704631368,1587046.9857742821,5362062.260743343,3903.2439024390246,1587389.826087717,5363004.206762983,3903.2439024390246,1587635.6457584563,5362914.735719838,4878.804878048781,1587292.8054450217,5361972.789700197,4878.804878048781
1587684.156079804,5363430.444251231,4391.024390243902,2.967363501779372,1587389.826087717,5363004.206762983,3903.2439024390246,1587732.6664011518,5363946.1527826255,3903.2439024390246,1587978.4860718912,5363856.681739478,4878.804878048781,1587635.6457584563,5362914.735719838,4878.804878048781
1588026.9963932387,5364372.390270872,4391.024390243902,2.0984173564133863,1587732.6664011518,5363946.1527826255,3903.2439024390246,1588075.5067145864,5364888.098802266,3903.2439024390246,1588321.326385326,5364798.6277591195,4878.804878048781,1587978.4860718912,5363856.681739478,4878.804878048781
1588369.8367066735,5365314.336290513,4391.024390243902,1.4651082812736362,1588075.5067145864,5364888.098802266,3903.2439024390246,1588418.3470280212,5365830.044821907,3903.2439024390246,1588664.166698761,5365740.573778761,4878.804878048781,1588321.326385326,5364798.6277591195,4878.804878048781
1588712.6770201086,5366256.282310154,4391.024390243902,1.2057316850040993,1588418.3470280212,5365830.044821907,3903.2439024390246,1588761.1873414563,5366771.990841547,3903.2439024390246,1589007.0070121957,5366682.519798402,4878.804878048781,1588664.166698761,5365740.573778761,4878.804878048781
1589055.5173335434,5367198.2283297945,4391.024390243902,1.154844997451564,1588761.1873414563,5366771.990841547,3903.2439024390246,1589104.0276548911,5367713.936861189,3903.2439024390246,1589349.8473256305,5367624.465818042,4878.804878048781,1589007.0070121957,5366682.519798402,4878.804878048781
1589398.3576469782,5368140.174349437,4391.024390243902,1.0488253131031624,1589104.0276548911,5367713.936861189,3903.2439024390246,1589446.867968326,5368655.882880829,3903.2439024390246,1589692.6876390653,5368566.411837683,4878.804878048781,1589349.8473256305,5367624.465818042,4878.804878048781
1589741.197960413,5369082.120369077,4391.024390243902,1.1345114841481152,1589446.867968326,5368655.882880829,3903.2439024390246,1589789.7082817606,5369597.82890047,3903.2439024390246,1590035.5279525002,5369508.357857324,4878.804878048781,1589692.6876390653,5368566.411837683,4878.804878048781
1590084.0382738477,5370024.066388718,4391.024390243902,1.3727323728549883,1589789.7082817606,5369597.82890047,3903.2439024390246,1590132.5485951954,5370539.7749201115,3903.2439024390246,1590378.368265935,5370450.303876965,4878.804878048781,1590035.5279525002,5369508.357857324,4878.804878048781
1590426.8785872825,5370966.012408358,4391.024390243902,1.3378193864121597,1590132.5485951954,5370539.7749201115,3903.2439024390246,1590475.3889086302,5371481.720939753,3903.2439024390246,1590721.2085793696,5371392.2498966055,4878.804878048781,1590378.368265935,5370450.303876965,4878.804878048781
1590769.7189007173,5371907.958427999,4391.024390243902,1.325315424367973,1590475.3889086302,5371481.720939753,3903.2439024390246,1590818.229222065,5372423.666959393,3903.2439024390246,1591064.0488928044,5372334.195916247,4878.804878048781,1590721.2085793696,5371392.2498966055,4878.804878048781
1591112.5592141522,5372849.90444764,4391.024390243902,1.2058423774948672,1590818.229222065,5372423.666959393,3903.2439024390246,1591161.0695355,5373365.612979034,3903.2439024390246,1591406.8892062395,5373276.141935888,4878.804878048781,1591064.0488928044,5372334.195916247,4878.804878048781
1591455.3995275872,5373791.850467281,4391.024390243902,1.13296432539684,1591161.0695355,5373365.612979034,3903.2439024390246,1591503.9098489347,5374307.558998675,3903.2439024390246,1591749.7295196743,5374218.087955528,4878.804878048781,1591406.8892062395,5373276.141935888,4878.804878048781
1591798.239841022,5374733.796486922,4391.024390243902,1.1415898479511684,1591503.9098489347,5374307.558998675,3903.2439024390246,1591846.7501623696,5375249.505018315,3903.2439024390246,1592092.569833109,5375160.033975169,4878.804878048781,1591749.7295196743,5374218.087955528,4878.804878048781
1592141.0801544567,5375675.742506563,4391.024390243902,1.6079433110664352,1591846.7501623696,5375249.505018315,3903.2439024390246,1592189.5904758044,5376191.451037956,3903.2439024390246,1592435.4101465438,5376101.97999481,4878.804878048781,1592092.569833109,5375160.033975169,4878.804878048781
1592483.9204678915,5376617.688526204,4391.024390243902,1.8904702599170708,1592189.5904758044,5376191.451037956,3903.2439024390246,1592532.4307892392,5377133.397057597,3903.2439024390246,1592778.2504599786,5377043.926014451,4878.804878048781,1592435.4101465438,5376101.97999481,4878.804878048781
1592826.7607813263,5377559.634545844,4391.024390243902,2.2364148499796204,1592532.4307892392,5377133.397057597,3903.2439024390246,1592875.2711026738,5378075.343077239,3903.2439024390246,1593121.0907734134,5377985.8720340915,4878.804878048781,1592778.2504599786,5377043.926014451,4878.804878048781
1593169.6010947612,5378501.580565486,4391.024390243902,2.525201545279606,1592875.2711026738,5378075.343077239,3903.2439024390246,1593218.1114161087,5379017.28909688,3903.2439024390246,1593463.9310868483,5378927.818053733,4878.804878048781,1593121.0907734134,5377985.8720340915,4878.804878048781
1593512.441408196,5379443.526585126,4391.024390243902,2.3169506646242013,1593218.1114161087,5379017.28909688,3903.2439024390246,1593560.9517295435,5379959.23511652,3903.2439024390246,1593806.771400283,5379869.764073374,4878.804878048781,1593463.9310868483,5378927.818053733,4878.804878048781
1593855.2817216308,5380385.472604767,4391.024390243902,1.8549192036393396,1593560.9517295435,5379959.23511652,3903.2439024390246,1593903.7920429786,5380901.181136161,3903.2439024390246,1594149.611713718,5380811.710093015,4878.804878048781,1593806.771400283,5379869.764073374,4878.804878048781
1594198.1220350657,5381327.418624409,4391.024390243902,1.9149250025272915,1593903.7920429786,5380901.181136161,3903.2439024390246,1594246.6323564134,5381843.127155802,3903.2439024390246,1594492.4520271528,5381753.656112655,4878.804878048781,1594149.611713718,5380811.710093015,4878.804878048781
1594540.9623485003,5382269.36464405,4391.024390243902,1.6208992046476138,1594246.6323564134,5381843.127155802,3903.2439024390246,1594589.472669848,5382785.073175442,3903.2439024390246,1594835.2923405876,5382695.602132297,4878.804878048781,1594492.4520271528,5381753.656112655,4878.804878048781
1594883.802661935,5383211.31066369,4391.024390243902,1.157063626918043,1594589.472669848,5382785.073175442,3903.2439024390246,1594932.3129832828,5383727.0191950835,3903.2439024390246,1595178.1326540224,5383637.548151937,4878.804878048781,1594835.2923405876,5382695.602132297,4878.804878048781
1543360.7350040174,5240887.99065477,5366.585365853659,1.9086062045574401,1543066.4050119307,5240461.753166523,4878.804878048781,1543409.2453253656,5241403.699186163,4878.804878048781,1543655.064996104,5241314.228143018,5854.365853658537,1543312.2246826694,5240372.282123377,5854.365853658537
1543703.5753174522,5241829.936674411,5366.585365853659,2.267300688904215,1543409.2453253656,5241403.699186163,4878.804878048781,1543752.0856388004,5242345.645205804,4878.804878048781,1543997.905309539,5242256.174162659,5854.365853658537,1543655.064996104,5241314.228143018,5854.365853658537
1544046.4156308873,5242771.882694052,5366.585365853659,2.7557723795487545,1543752.0856388004,5242345.645205804,4878.804878048781,1544094.9259522352,5243287.591225445,4878.804878048781,1544340.745622974,5243198.120182299,5854.365853658537,1543997.905309539,5242256.174162659,5854.365853658537
1544389.255944322,5243713.828713693,5366.585365853659,2.9039885978082576,1544094.9259522352,5243287.591225445,4878.804878048781,1544437.76626567,5244229.537245086,4878.804878048781,1544683.5859364087,5244140.06620194,5854.365853658537,1544340.745622974,5243198.120182299,5854.365853658537
1544732.096257757,5244655.774733334,5366.585365853659,3.254476159643277,1544437.76626567,5244229.537245086,4878.804878048781,1544780.606579105,5245171.483264727,4878.804878048781,1545026.4262498436,5245082.012221581,5854.365853658537,1544683.5859364087,5244140.06620194,5854.365853658537
1545074.9365711918,5245597.720752974,5366.585365853659,3.4349091723329033,1544780.606579105,5245171.483264727,4878.804878048781,1545123.4468925397,5246113.429284368,4878.804878048781,1545369.2665632782,5246023.958241222,5854.365853658537,1545026.4262498436,5245082.012221581,5854.365853658537
1545417.7768846261,5246539.666772615,5366.585365853659,3.7543314097496103,1545123.4468925397,5246113.429284368,4878.804878048781,1545466.2872059743,5247055.375304009,4878.804878048781,1545712.106876713,5246965.904260863,5854.365853658537,1545369.2665632782,5246023.958241222,5854.365853658537
1545760.617198061,5247481.612792256,5366.585365853659,4.86382334471893,1545466.2872059743,5247055.375304009,4878.804878048781,1545809.1275194092,5247997.32132365,4878.804878048781,1546054.9471901478,5247907.850280503,5854.365853658537,1545712.106876713,5246965.904260863,5854.365853658537
1546103.4575114958,5248423.558811897,5366.585365853659,6.2068003723498055,1545809.1275194092,5247997.32132365,4878.804878048781,1546151.967832844,5248939.26734329,4878.804878048781,1546397.787503583,5248849.796300145,5854.365853658537,1546054.9471901478,5247907.850280503,5854.365853658537
1546446.2978249309,5249365.504831538,5366.585365853659,6.278100420557475,1546151.967832844,5248939.26734329,4878.804878048781,1546494.8081462788,5249881.213362931,4878.804878048781,1546740.6278170175,5249791.742319785,5854.365853658537,1546397.787503583,5248849.796300145,5854.365853658537
1546789.1381383657,5250307.450851179,5366.585365853659,6.47441010321603,1546494.8081462788,5249881.213362931,4878.804878048781,1546837.648459714,5250823.159382572,4878.804878048781,1547083.4681304523,5250733.688339426,5854.365853658537,1546740.6278170175,5249791.742319785,5854.365853658537
1547131.9784518005,5251249.39687082,5366.585365853659,7.043071224731709,1546837.648459714,5250823.159382572,4878.804878048781,1547180.4887731485,5251765.1054022135,4878.804878048781,1547426.3084438872,5251675.634359067,5854.365853658537,1547083.4681304523,5250733.688339426,5854.365853658537
1547474.8187652351,5252191.342890461,5366.585365853659,6.5373145119714415,1547180.4887731485,5251765.1054022135,4878.804878048781,1547523.3290865833,5252707.051421854,4878.804878048781,1547769.148757322,5252617.580378708,5854.365853658537,1547426.3084438872,5251675.634359067,5854.365853658537
1547817.65907867,5253133.288910101,5366.585365853659,5.528788716058991,1547523.3290865833,5252707.051421854,4878.804878048781,1547866.1694000182,5253648.997441496,4878.804878048781,1548111.9890707566,5253559.526398349,5854.365853658537,1547769.148757322,5252617.580378708,5854.365853658537
1548160.4993921048,5254075.234929741,5366.585365853659,5.171507689901629,1547866.1694000182,5253648.997441496,4878.804878048781,1548209.009713453,5254590.943461136,4878.804878048781,1548454.8293841914,5254501.47241799,5854.365853658537,1548111.9890707566,5253559.526398349,5854.365853658537
1548503.3397055396,5255017.180949383,5366.585365853659,4.719351499460131,1548209.009713453,5254590.943461136,4878.804878048781,1548551.8500268876,5255532.889480776,4878.804878048781,1548797.6696976263,5255443.418437631,5854.365853658537,1548454.8293841914,5254501.47241799,5854.365853658537
1548846.1800189745,5255959.126969025,5366.585365853659,3.731635421582511,1548551.8500268876,5255532.889480776,4878.804878048781,1548894.6903403224,5256474.835500417,4878.804878048781,1549140.5100110613,5256385.364457272,5854.365853658537,1548797.6696976263,5255443.418437631,5854.365853658537
1549189.0203324095,5256901.072988665,5366.585365853659,3.105134626908379,1548894.6903403224,5256474.835500417,4878.804878048781,1549237.5306537575,5257416.781520059,4878.804878048781,1549483.3503244962,5257327.310476912,5854.365853658537,1549140.5100110613,5256385.364457272,5854.365853658537
1549531.8606458444,5257843.019008307,5366.585365853659,2.3553393261715807,1549237.5306537575,5257416.781520059,4878.804878048781,1549580.3709671923,5258358.7275396995,4878.804878048781,1549826.190637931,5258269.256496553,5854.365853658537,1549483.3503244962,5257327.310476912,5854.365853658537
1549874.7009592792,5258784.965027947,5366.585365853659,2.5940659666852968,1549580.3709671923,5258358.7275396995,4878.804878048781,1549923.2112806272,5259300.673559341,4878.804878048781,1550169.0309513656,5259211.202516194,5854.365853658537,1549826.190637931,5258269.256496553,5854.365853658537
1550217.5412727138,5259726.911047588,5366.585365853659,2.4793840316946785,1549923.2112806272,5259300.673559341,4878.804878048781,1550266.051594062,5260242.619578981,4878.804878048781,1550511.8712648004,5260153.148535836,5854.365853658537,1550169.0309513656,5259211.202516194,5854.365853658537
1550560.3815861486,5260668.857067228,5366.585365853659,2.5293753351159483,1550266.051594062,5260242.619578981,4878.804878048781,1550608.8919074966,5261184.565598623,4878.804878048781,1550854.7115782353,5261095.094555476,5854.365853658537,1550511.8712648004,5260153.148535836,5854.365853658537
1550903.2218995835,5261610.803086869,5366.585365853659,2.3821052770126063,1550608.8919074966,5261184.565598623,4878.804878048781,1550951.7322209314,5262126.511618263,4878.804878048781,1551197.55189167,5262037.040575117,5854.365853658537,1550854.7115782353,5261095.094555476,5854.365853658537
1551246.0622130183,5262552.749106511,5366.585365853659,3.0489010197651254,1550951.7322209314,5262126.511618263,4878.804878048781,1551294.5725343663,5263068.457637903,4878.804878048781,1551540.392205105,5262978.986594758,5854.365853658537,1551197.55189167,5262037.040575117,5854.365853658537
1551588.9025264531,5263494.695126152,5366.585365853659,4.107351174110702,1551294.5725343663,5263068.457637903,4878.804878048781,1551637.412847801,5264010.403657545,4878.804878048781,1551883.2325185398,5263920.932614399,5854.365853658537,1551540.392205105,5262978.986594758,5854.365853658537
1551931.7428398877,5264436.641145792,5366.585365853659,4.5638224230077915,1551637.412847801,5264010.403657545,4878.804878048781,1551980.253161236,5264952.3496771855,4878.804878048781,1552226.0728319746,5264862.878634039,5854.365853658537,1551883.2325185398,5263920.932614399,5854.365853658537
1552274.5831533226,5265378.587165434,5366.585365853659,4.523995385758039,1551980.253161236,5264952.3496771855,4878.804878048781,1552323.0934746708,5265894.295696827,4878.804878048781,1552568.9131454094,5265804.824653681,5854.365853658537,1552226.0728319746,5264862.878634039,5854.365853658537
1552617.4234667574,5266320.533185074,5366.585365853659,5.100289412608206,1552323.0934746708,5265894.295696827,4878.804878048781,1552665.9337881056,5266836.241716467,4878.804878048781,1552911.7534588443,5266746.770673322,5854.365853658537,1552568.9131454094,5265804.824653681,5854.365853658537
1552960.2637801922,5267262.479204715,5366.585365853659,5.792240845768752,1552665.9337881056,5266836.241716467,4878.804878048781,1553008.7741015404,5267778.187736109,4878.804878048781,1553254.5937722789,5267688.716692963,5854.365853658537,1552911.7534588443,5266746.770673322,5854.365853658537
1553303.104093627,5268204.425224355,5366.585365853659,5.819554640920842,1553008.7741015404,5267778.187736109,4878.804878048781,1553351.614414975,5268720.133755749,4878.804878048781,1553597.4340857137,5268630.662712603,5854.365853658537,1553254.5937722789,5267688.716692963,5854.365853658537
1553645.944407062,5269146.371243997,5366.585365853659,5.692127476701314,1553351.614414975,5268720.133755749,4878.804878048781,1553694.4547284099,5269662.07977539,4878.804878048781,1553940.2743991485,5269572.608732244,5854.365853658537,1553597.4340857137,5268630.662712603,5854.365853658537
1553988.7847204967,5270088.317263637,5366.585365853659,5.2025200488050825,1553694.4547284099,5269662.07977539,4878.804878048781,1554037.2950418447,5270604.02579503,4878.804878048781,1554283.1147125834,5270514.554751885,5854.365853658537,1553940.2743991485,5269572.608732244,5854.365853658537
1554331.6250339316,5271030.263283278,5366.585365853659,5.073186946484437,1554037.2950418447,5270604.02579503,4878.804878048781,1554380.1353552795,5271545.971814672,4878.804878048781,1554625.9550260182,5271456.500771525,5854.365853658537,1554283.1147125834,5270514.554751885,5854.365853658537
1554674.4653473664,5271972.20930292,5366.585365853659,6.6829701600464855,1554380.1353552795,5271545.971814672,4878.804878048781,1554722.9756687146,5272487.917834313,4878.804878048781,1554968.795339453,5272398.446791166,5854.365853658537,1554625.9550260182,5271456.500771525,5854.365853658537
1555017.3056608012,5272914.15532256,5366.585365853659,8.212345918251431,1554722.9756687146,5272487.917834313,4878.804878048781,1555065.8159821492,5273429.863853954,4878.804878048781,1555311.6356528879,5273340.392810808,5854.365853658537,1554968.795339453,5272398.446791166,5854.365853658537
1555360.145974236,5273856.101342201,5366.585365853659,8.498336994022623,1555065.8159821492,5273429.863853954,4878.804878048781,1555408.656295584,5274371.809873594,4878.804878048781,1555654.4759663227,5274282.338830449,5854.365853658537,1555311.6356528879,5273340.392810808,5854.365853658537
1555702.9862876707,5274798.047361841,5366.585365853659,8.560971278952724,1555408.656295584,5274371.809873594,4878.804878048781,1555751.4966090189,5275313.755893236,4878.804878048781,1555997.3162797573,5275224.284850089,5854.365853658537,1555654.4759663227,5274282.338830449,5854.365853658537
1556045.8266011055,5275739.9933814835,5366.585365853659,9.369674257432331,1555751.4966090189,5275313.755893236,4878.804878048781,1556094.3369224537,5276255.701912876,4878.804878048781,1556340.1565931921,5276166.230869731,5854.365853658537,1555997.3162797573,5275224.284850089,5854.365853658537
1556388.6669145403,5276681.939401124,5366.585365853659,12.299542303183108,1556094.3369224537,5276255.701912876,4878.804878048781,1556437.1772358883,5277197.647932516,4878.804878048781,1556682.996906627,5277108.176889371,5854.365853658537,1556340.1565931921,5276166.230869731,5854.365853658537
1556731.5072279752,5277623.885420764,5366.585365853659,12.345142412488004,1556437.1772358883,5277197.647932516,4878.804878048781,1556780.0175493232,5278139.5939521585,4878.804878048781,1557025.837220062,5278050.122909012,5854.365853658537,1556682.996906627,5277108.176889371,5854.365853658537
1557074.3475414102,5278565.831440405,5366.585365853659,11.775245058243977,1556780.0175493232,5278139.5939521585,4878.804878048781,1557122.8578627582,5279081.539971799,4878.804878048781,1557368.6775334969,5278992.068928652,5854.365853658537,1557025.837220062,5278050.122909012,5854.365853658537
1557417.187854845,5279507.777460047,5366.585365853659,11.433978440958775,1557122.8578627582,5279081.539971799,4878.804878048781,1557465.698176193,5280023.48599144,4878.804878048781,1557711.5178469315,5279934.0149482945,5854.365853658537,1557368.6775334969,5278992.068928652,5854.365853658537
1557760.0281682794,5280449.723479687,5366.585365853659,12.403144017864399,1557465.698176193,5280023.48599144,4878.804878048781,1557808.5384896277,5280965.43201108,4878.804878048781,1558054.3581603663,5280875.960967935,5854.365853658537,1557711.5178469315,5279934.0149482945,5854.365853658537
1558102.8684817143,5281391.669499328,5366.585365853659,13.73847450443967,1557808.5384896277,5280965.43201108,4878.804878048781,1558151.3788030625,5281907.378030722,4878.804878048781,1558397.1984738011,5281817.906987576,5854.365853658537,1558054.3581603663,5280875.960967935,5854.365853658537
1558445.708795149,5282333.6155189695,5366.585365853659,13.278267253094908,1558151.3788030625,5281907.378030722,4878.804878048781,1558494.2191164973,5282849.324050362,4878.804878048781,1558740.038787236,5282759.853007216,5854.365853658537,1558397.1984738011,5281817.906987576,5854.365853658537
1558788.549108584,5283275.561538611,5366.585365853659,13.176239786385993,1558494.2191164973,5282849.324050362,4878.804878048781,1558837.0594299322,5283791.270070003,4878.804878048781,1559082.8791006706,5283701.799026858,5854.365853658537,1558740.038787236,5282759.853007216,5854.365853658537
1559131.3894220188,5284217.507558251,5366.585365853659,12.725650010808254,1558837.0594299322,5283791.270070003,4878.804878048781,1559179.899743367,5284733.216089644,4878.804878048781,1559425.7194141054,5284643.745046498,5854.365853658537,1559082.8791006706,5283701.799026858,5854.365853658537
1559474.2297354536,5285159.453577891,5366.585365853659,9.009146071747585,1559179.899743367,5284733.216089644,4878.804878048781,1559522.7400568018,5285675.162109286,4878.804878048781,1559768.5597275405,5285585.691066139,5854.365853658537,1559425.7194141054,5284643.745046498,5854.365853658537
1559817.0700488887,5286101.399597533,5366.585365853659,8.260454231631227,1559522.7400568018,5285675.162109286,4878.804878048781,1559865.5803702367,5286617.108128926,4878.804878048781,1560111.4000409753,5286527.6370857805,5854.365853658537,1559768.5597275405,5285585.691066139,5854.365853658537
1560159.9103623233,5287043.345617174,5366.585365853659,7.935770979482523,1559865.5803702367,5286617.108128926,4878.804878048781,1560208.4206836715,5287559.054148567,4878.804878048781,1560454.2403544101,5287469.583105422,5854.365853658537,1560111.4000409753,5286527.6370857805,5854.365853658537
1560502.750675758,5287985.291636814,5366.585365853659,7.0855745551797895,1560208.4206836715,5287559.054148567,4878.804878048781,1560551.2609971063,5288501.000168208,4878.804878048781,1560797.080667845,5288411.529125062,5854.365853658537,1560454.2403544101,5287469.583105422,5854.365853658537
1560845.590989193,5288927.2376564555,5366.585365853659,6.787886880084677,1560551.2609971063,5288501.000168208,4878.804878048781,1560894.1013105412,5289442.946187849,4878.804878048781,1561139.9209812796,5289353.475144703,5854.365853658537,1560797.080667845,5288411.529125062,5854.365853658537
1561188.4313026278,5289869.183676097,5366.585365853659,7.198800986804134,1560894.1013105412,5289442.946187849,4878.804878048781,1561236.9416239758,5290384.892207489,4878.804878048781,1561482.7612947144,5290295.421164344,5854.365853658537,1561139.9209812796,5289353.475144703,5854.365853658537
1561531.2716160626,5290811.129695738,5366.585365853659,7.861765086148201,1561236.9416239758,5290384.892207489,4878.804878048781,1561579.7819374106,5291326.8382271305,4878.804878048781,1561825.6016081492,5291237.367183985,5854.365853658537,1561482.7612947144,5290295.421164344,5854.365853658537
1561874.1119294974,5291753.075715378,5366.585365853659,9.031802112580703,1561579.7819374106,5291326.8382271305,4878.804878048781,1561922.6222508454,5292268.784246772,4878.804878048781,1562168.441921584,5292179.313203625,5854.365853658537,1561825.6016081492,5291237.367183985,5854.365853658537
1562216.9522429323,5292695.021735019,5366.585365853659,9.40995264230303,1561922.6222508454,5292268.784246772,4878.804878048781,1562265.4625642803,5293210.730266413,4878.804878048781,1562511.282235019,5293121.259223266,5854.365853658537,1562168.441921584,5292179.313203625,5854.365853658537
1562559.792556367,5293636.967754659,5366.585365853659,10.613379987586205,1562265.4625642803,5293210.730266413,4878.804878048781,1562608.3028777153,5294152.676286053,4878.804878048781,1562854.1225484537,5294063.205242908,5854.365853658537,1562511.282235019,5293121.259223266,5854.365853658537
1562902.632869802,5294578.9137743,5366.585365853659,13.402634172969604,1562608.3028777153,5294152.676286053,4878.804878048781,1562951.14319115,5295094.622305694,4878.804878048781,1563196.9628618886,5295005.151262548,5854.365853658537,1562854.1225484537,5294063.205242908,5854.365853658537
1563245.4731832368,5295520.8597939415,5366.585365853659,13.108018854147751,1562951.14319115,5295094.622305694,4878.804878048781,1563293.9835045848,5296036.568325335,4878.804878048781,1563539.8031753234,5295947.097282189,5854.365853658537,1563196.9628618886,5295005.151262548,5854.365853658537
1563588.3134966716,5296462.805813583,5366.585365853659,10.147737019716823,1563293.9835045848,5296036.568325335,4878.804878048781,1563636.8238180196,5296978.514344976,4878.804878048781,1563882.6434887582,5296889.043301829,5854.365853658537,1563539.8031753234,5295947.097282189,5854.365853658537
1563931.1538101065,5297404.751833224,5366.585365853659,8.92211259388882,1563636.8238180196,5296978.514344976,4878.804878048781,1563979.6641314544,5297920.4603646165,4878.804878048781,1564225.4838021928,5297830.989321471,5854.365853658537,1563882.6434887582,5296889.043301829,5854.365853658537
1564273.9941235408,5298346.697852864,5366.585365853659,8.754728747042602,1563979.6641314544,5297920.4603646165,4878.804878048781,1564322.504444889,5298862.406384258,4878.804878048781,1564568.3241156277,5298772.935341111,5854.365853658537,1564225.4838021928,5297830.989321471,5854.365853658537
1564616.8344369757,5299288.643872505,5366.585365853659,8.59139810071733,1564322.504444889,5298862.406384258,4878.804878048781,1564665.3447583239,5299804.352403899,4878.804878048781,1564911.1644290627,5299714.8813607525,5854.365853658537,1564568.3241156277,5298772.935341111,5854.365853658537
1564959.6747504107,5300230.589892146,5366.585365853659,8.962354136368788,1564665.3447583239,5299804.352403899,4878.804878048781,1565008.185071759,5300746.298423539,4878.804878048781,1565254.0047424976,5300656.827380394,5854.365853658537,1564911.1644290627,5299714.8813607525,5854.365853658537
1565302.5150638456,5301172.535911786,5366.585365853659,8.277568019931104,1565008.185071759,5300746.298423539,4878.804878048781,1565351.0253851938,5301688.24444318,4878.804878048781,1565596.8450559322,5301598.773400035,5854.365853658537,1565254.0047424976,5300656.827380394,5854.365853658537
1565645.3553772804,5302114.4819314275,5366.585365853659,8.794385093712279,1565351.0253851938,5301688.24444318,4878.804878048781,1565693.8656986284,5302630.190462821,4878.804878048781,1565939.685369367,5302540.719419675,5854.365853658537,1565596.8450559322,5301598.773400035,5854.365853658537
1565988.1956907152,5303056.427951069,5366.585365853659,9.702525329483791,1565693.8656986284,5302630.190462821,4878.804878048781,1566036.7060120632,5303572.136482462,4878.804878048781,1566282.5256828018,5303482.665439316,5854.365853658537,1565939.685369367,5302540.719419675,5854.365853658537
1566331.03600415,5303998.37397071,5366.585365853659,10.328477130770493,1566036.7060120632,5303572.136482462,4878.804878048781,1566379.546325498,5304514.0825021025,4878.804878048781,1566625.3659962367,5304424.611458957,5854.365853658537,1566282.5256828018,5303482.665439316,5854.365853658537
1566673.8763175847,5304940.319990351,5366.585365853659,13.38550113251874,1566379.546325498,5304514.0825021025,4878.804878048781,1566722.3866389329,5305456.028521744,4878.804878048781,1566968.2063096713,5305366.557478598,5854.365853658537,1566625.3659962367,5304424.611458957,5854.365853658537
1567016.7166310195,5305882.266009991,5366.585365853659,11.989331147704084,1566722.3866389329,5305456.028521744,4878.804878048781,1567065.2269523677,5306397.974541385,4878.804878048781,1567311.046623106,5306308.5034982385,5854.365853658537,1566968.2063096713,5305366.557478598,5854.365853658537
1567359.5569444543,5306824.212029632,5366.585365853659,12.673363828384492,1567065.2269523677,5306397.974541385,4878.804878048781,1567408.0672658023,5307339.920561026,4878.804878048781,1567653.8869365412,5307250.449517879,5854.365853658537,1567311.046623106,5306308.5034982385,5854.365853658537
1567702.3972578894,5307766.158049273,5366.585365853659,12.29651034025351,1567408.0672658023,5307339.920561026,4878.804878048781,1567750.9075792374,5308281.866580666,4878.804878048781,1567996.727249976,5308192.395537521,5854.365853658537,1567653.8869365412,5307250.449517879,5854.365853658537
1568045.2375713242,5308708.1040689135,5366.585365853659,13.030357070684518,1567750.9075792374,5308281.866580666,4878.804878048781,1568093.7478926722,5309223.812600307,4878.804878048781,1568339.5675634108,5309134.341557161,5854.365853658537,1567996.727249976,5308192.395537521,5854.365853658537
1568388.0778847588,5309650.050088554,5366.585365853659,13.836147611193564,1568093.7478926722,5309223.812600307,4878.804878048781,1568436.588206107,5310165.758619948,4878.804878048781,1568682.4078768454,5310076.287576802,5854.365853658537,1568339.5675634108,5309134.341557161,5854.365853658537
1568730.9181981937,5310591.996108196,5366.585365853659,15.360845921104069,1568436.588206107,5310165.758619948,4878.804878048781,1568779.4285195416,5311107.704639589,4878.804878048781,1569025.2481902803,5311018.233596443,5854.365853658537,1568682.4078768454,5310076.287576802,5854.365853658537
1569073.7585116285,5311533.942127837,5366.585365853659,17.818644928378113,1568779.4285195416,5311107.704639589,4878.804878048781,1569122.2688329765,5312049.65065923,4878.804878048781,1569368.0885037151,5311960.179616084,5854.365853658537,1569025.2481902803,5311018.233596443,5854.365853658537
1569416.5988250633,5312475.888147477,5366.585365853659,15.992772180064962,1569122.2688329765,5312049.65065923,4878.804878048781,1569465.1091464113,5312991.596678872,4878.804878048781,1569710.92881715,5312902.1256357245,5854.365853658537,1569368.0885037151,5311960.179616084,5854.365853658537
1569759.4391384982,5313417.834167118,5366.585365853659,15.53012522965683,1569465.1091464113,5312991.596678872,4878.804878048781,1569807.9494598461,5313933.542698512,4878.804878048781,1570053.7691305848,5313844.071655366,5854.365853658537,1569710.92881715,5312902.1256357245,5854.365853658537
1570102.2794519328,5314359.780186759,5366.585365853659,13.746197208269331,1569807.9494598461,5313933.542698512,4878.804878048781,1570150.7897732807,5314875.488718152,4878.804878048781,1570396.6094440196,5314786.017675007,5854.365853658537,1570053.7691305848,5313844.071655366,5854.365853658537
1570445.1197653676,5315301.7262064,5366.585365853659,15.812543475339291,1570150.7897732807,5314875.488718152,4878.804878048781,1570493.6300867158,5315817.434737793,4878.804878048781,1570739.4497574545,5315727.963694648,5854.365853658537,1570396.6094440196,5314786.017675007,5854.365853658537
1570787.9600788024,5316243.672226041,5366.585365853659,16.27169205190186,1570493.6300867158,5315817.434737793,4878.804878048781,1570836.4704001506,5316759.380757434,4878.804878048781,1571082.2900708893,5316669.909714288,5854.365853658537,1570739.4497574545,5315727.963694648,5854.365853658537
1571130.8003922373,5317185.618245682,5366.585365853659,15.88714966912886,1570836.4704001506,5316759.380757434,4878.804878048781,1571179.3107135855,5317701.326777075,4878.804878048781,1571425.1303843241,5317611.855733929,5854.365853658537,1571082.2900708893,5316669.909714288,5854.365853658537
1571473.640705672,5318127.564265323,5366.585365853659,14.70611098033777,1571179.3107135855,5317701.326777075,4878.804878048781,1571522.1510270203,5318643.272796717,4878.804878048781,1571767.970697759,5318553.80175357,5854.365853658537,1571425.1303843241,5317611.855733929,5854.365853658537
1571816.481019107,5319069.510284964,5366.585365853659,12.702985199773211,1571522.1510270203,5318643.272796717,4878.804878048781,1571864.9913404551,5319585.218816357,4878.804878048781,1572110.8110111936,5319495.747773211,5854.365853658537,1571767.970697759,5318553.80175357,5854.365853658537
1572159.3213325418,5320011.456304604,5366.585365853659,12.34460159985767,1571864.9913404551,5319585.218816357,4878.804878048781,1572207.8316538897,5320527.164835998,4878.804878048781,1572453.6513246284,5320437.693792852,5854.365853658537,1572110.8110111936,5319495.747773211,5854.365853658537
1572502.1616459764,5320953.402324246,5366.585365853659,12.656766543207759,1572207.8316538897,5320527.164835998,4878.804878048781,1572550.6719673246,5321469.110855639,4878.804878048781,1572796.4916380635,5321379.639812493,5854.365853658537,1572453.6513246284,5320437.693792852,5854.365853658537
1572845.0019594114,5321895.348343886,5366.585365853659,12.86242031248824,1572550.6719673246,5321469.110855639,4878.804878048781,1572893.5122807596,5322411.056875279,4878.804878048781,1573139.3319514983,5322321.585832134,5854.365853658537,1572796.4916380635,5321379.639812493,5854.365853658537
1573187.8422728463,5322837.294363528,5366.585365853659,11.463359513665525,1572893.5122807596,5322411.056875279,4878.804878048781,1573236.3525941945,5323353.002894921,4878.804878048781,1573482.172264933,5323263.531851775,5854.365853658537,1573139.3319514983,5322321.585832134,5854.365853658537
1573530.682586281,5323779.240383168,5366.585365853659,11.002077941814816,1573236.3525941945,5323353.002894921,4878.804878048781,1573579.1929076293,5324294.948914561,4878.804878048781,1573825.0125783677,5324205.477871415,5854.365853658537,1573482.172264933,5323263.531851775,5854.365853658537
1573873.522899716,5324721.186402809,5366.585365853659,9.548965166305079,1573579.1929076293,5324294.948914561,4878.804878048781,1573922.033221064,5325236.894934203,4878.804878048781,1574167.8528918026,5325147.423891057,5854.365853658537,1573825.0125783677,5324205.477871415,5854.365853658537
1574216.3632131508,5325663.13242245,5366.585365853659,8.383925553625422,1573922.033221064,5325236.894934203,4878.804878048781,1574264.8735344987,5326178.840953843,4878.804878048781,1574510.6932052374,5326089.369910697,5854.365853658537,1574167.8528918026,5325147.423891057,5854.365853658537
1574559.2035265856,5326605.078442091,5366.585365853659,8.658823105930331,1574264.8735344987,5326178.840953843,4878.804878048781,1574607.7138479336,5327120.786973485,4878.804878048781,1574853.533518672,5327031.315930339,5854.365853658537,1574510.6932052374,5326089.369910697,5854.365853658537
1574902.0438400202,5327547.024461731,5366.585365853659,8.47526613484482,1574607.7138479336,5327120.786973485,4878.804878048781,1574950.5541613684,5328062.732993125,4878.804878048781,1575196.3738321068,5327973.261949979,5854.365853658537,1574853.533518672,5327031.315930339,5854.365853658537
1575244.884153455,5328488.970481372,5366.585365853659,7.169506337663927,1574950.5541613684,5328062.732993125,4878.804878048781,1575293.394474803,5329004.679012766,4878.804878048781,1575539.214145542,5328915.20796962,5854.365853658537,1575196.3738321068,5327973.261949979,5854.365853658537
1575587.72446689,5329430.916501014,5366.585365853659,8.169280800601284,1575293.394474803,5329004.679012766,4878.804878048781,1575636.234788238,5329946.625032406,4878.804878048781,1575882.0544589767,5329857.153989261,5854.365853658537,1575539.214145542,5328915.20796962,5854.365853658537
1575930.564780325,5330372.862520654,5366.585365853659,7.5402201025040085,1575636.234788238,5329946.625032406,4878.804878048781,1575979.075101673,5330888.571052048,4878.804878048781,1576224.8947724116,5330799.100008901,5854.365853658537,1575882.0544589767,5329857.153989261,5854.365853658537
1576273.4050937598,5331314.808540296,5366.585365853659,6.527419034920602,1575979.075101673,5330888.571052048,4878.804878048781,1576321.9154151077,5331830.517071689,4878.804878048781,1576567.7350858462,5331741.046028542,5854.365853658537,1576224.8947724116,5330799.100008901,5854.365853658537
1576616.2454071941,5332256.754559936,5366.585365853659,6.26123261034752,1576321.9154151077,5331830.517071689,4878.804878048781,1576664.7557285423,5332772.46309133,4878.804878048781,1576910.575399281,5332682.992048183,5854.365853658537,1576567.7350858462,5331741.046028542,5854.365853658537
1576959.085720629,5333198.700579576,5366.585365853659,6.047730113296145,1576664.7557285423,5332772.46309133,4878.804878048781,1577007.5960419772,5333714.409110971,4878.804878048781,1577253.4157127158,5333624.938067825,5854.365853658537,1576910.575399281,5332682.992048183,5854.365853658537
1577301.9260340638,5334140.646599217,5366.585365853659,5.984638534216789,1577007.5960419772,5333714.409110971,4878.804878048781,1577350.436355412,5334656.355130612,4878.804878048781,1577596.2560261507,5334566.884087465,5854.365853658537,1577253.4157127158,5333624.938067825,5854.365853658537
1577644.7663474986,5335082.592618859,5366.585365853659,5.74139267490084,1577350.436355412,5334656.355130612,4878.804878048781,1577693.2766688468,5335598.301150252,4878.804878048781,1577939.0963395853,5335508.830107107,5854.365853658537,1577596.2560261507,5334566.884087465,5854.365853658537
1577987.6066609335,5336024.5386385,5366.585365853659,6.226879964298896,1577693.2766688468,5335598.301150252,4878.804878048781,1578036.1169822817,5336540.247169892,4878.804878048781,1578281.9366530203,5336450.776126747,5854.365853658537,1577939.0963395853,5335508.830107107,5854.365853658537
1578330.4469743685,5336966.484658141,5366.585365853659,6.658388351796605,1578036.1169822817,5336540.247169892,4878.804878048781,1578378.9572957165,5337482.193189534,4878.804878048781,1578624.7769664552,5337392.722146388,5854.365853658537,1578281.9366530203,5336450.776126747,5854.365853658537
1578673.2872878034,5337908.430677781,5366.585365853659,5.63250449636355,1578378.9572957165,5337482.193189534,4878.804878048781,1578721.7976091513,5338424.139209175,4878.804878048781,1578967.61727989,5338334.668166028,5854.365853658537,1578624.7769664552,5337392.722146388,5854.365853658537
1579016.127601238,5338850.376697423,5366.585365853659,4.891483609516569,1578721.7976091513,5338424.139209175,4878.804878048781,1579064.6379225862,5339366.085228816,4878.804878048781,1579310.4575933246,5339276.61418567,5854.365853658537,1578967.61727989,5338334.668166028,5854.365853658537
1579358.9679146728,5339792.322717063,5366.585365853659,5.19746308353968,1579064.6379225862,5339366.085228816,4878.804878048781,1579407.478236021,5340308.031248456,4878.804878048781,1579653.2979067594,5340218.560205311,5854.365853658537,1579310.4575933246,5339276.61418567,5854.365853658537
1579701.8082281076,5340734.268736703,5366.585365853659,5.946027611921908,1579407.478236021,5340308.031248456,4878.804878048781,1579750.3185494556,5341249.977268098,4878.804878048781,1579996.1382201943,5341160.506224952,5854.365853658537,1579653.2979067594,5340218.560205311,5854.365853658537
1580044.6485415425,5341676.214756345,5366.585365853659,7.027866253181807,1579750.3185494556,5341249.977268098,4878.804878048781,1580093.1588628904,5342191.923287738,4878.804878048781,1580338.978533629,5342102.452244592,5854.365853658537,1579996.1382201943,5341160.506224952,5854.365853658537
1580387.4888549773,5342618.160775986,5366.585365853659,6.2664913410487335,1580093.1588628904,5342191.923287738,4878.804878048781,1580435.9991763253,5343133.869307379,4878.804878048781,1580681.8188470642,5343044.398264233,5854.365853658537,1580338.978533629,5342102.452244592,5854.365853658537
1580730.3291684121,5343560.106795627,5366.585365853659,5.856148226433437,1580435.9991763253,5343133.869307379,4878.804878048781,1580778.8394897603,5344075.815327019,4878.804878048781,1581024.6591604988,5343986.344283874,5854.365853658537,1580681.8188470642,5343044.398264233,5854.365853658537
1581073.169481847,5344502.052815268,5366.585365853659,5.896823446678159,1580778.8394897603,5344075.815327019,4878.804878048781,1581121.6798031952,5345017.7613466615,4878.804878048781,1581367.4994739336,5344928.290303515,5854.365853658537,1581024.6591604988,5343986.344283874,5854.365853658537
1581416.0097952818,5345443.998834909,5366.585365853659,5.781368016011547,1581121.6798031952,5345017.7613466615,4878.804878048781,1581464.52011663,5345959.707366302,4878.804878048781,1581710.3397873684,5345870.236323156,5854.365853658537,1581367.4994739336,5344928.290303515,5854.365853658537
1581758.8501087166,5346385.94485455,5366.585365853659,6.411799075660984,1581464.52011663,5345959.707366302,4878.804878048781,1581807.3604300646,5346901.653385943,4878.804878048781,1582053.1801008033,5346812.1823427975,5854.365853658537,1581710.3397873684,5345870.236323156,5854.365853658537
1582101.6904221515,5347327.89087419,5366.585365853659,6.537842942902263,1581807.3604300646,5346901.653385943,4878.804878048781,1582150.2007434994,5347843.599405584,4878.804878048781,1582396.020414238,5347754.128362438,5854.365853658537,1582053.1801008033,5346812.1823427975,5854.365853658537
1582444.5307355863,5348269.83689383,5366.585365853659,6.595617662605519,1582150.2007434994,5347843.599405584,4878.804878048781,1582493.0410569343,5348785.545425225,4878.804878048781,1582738.8607276727,5348696.074382079,5854.365853658537,1582396.020414238,5347754.128362438,5854.365853658537
1582787.371049021,5349211.7829134725,5366.585365853659,6.510638000005195,1582493.0410569343,5348785.545425225,4878.804878048781,1582835.881370369,5349727.491444865,4878.804878048781,1583081.7010411075,5349638.02040172,5854.365853658537,1582738.8607276727,5348696.074382079,5854.365853658537
1583130.2113624555,5350153.728933113,5366.585365853659,7.145731384903247,1582835.881370369,5349727.491444865,4878.804878048781,1583178.7216838037,5350669.437464506,4878.804878048781,1583424.5413545426,5350579.96642136,5854.365853658537,1583081.7010411075,5349638.02040172,5854.365853658537
1583473.0516758906,5351095.674952754,5366.585365853659,6.59983161952664,1583178.7216838037,5350669.437464506,4878.804878048781,1583521.5619972388,5351611.3834841475,4878.804878048781,1583767.3816679774,5351521.912441001,5854.365853658537,1583424.5413545426,5350579.96642136,5854.365853658537
1583815.8919893254,5352037.620972395,5366.585365853659,6.670271142697127,1583521.5619972388,5351611.3834841475,4878.804878048781,1583864.4023106736,5352553.329503789,4878.804878048781,1584110.2219814123,5352463.8584606415,5854.365853658537,1583767.3816679774,5351521.912441001,5854.365853658537
1584158.7323027602,5352979.566992036,5366.585365853659,6.026626086635128,1583864.4023106736,5352553.329503789,4878.804878048781,1584207.2426241084,5353495.275523429,4878.804878048781,1584453.0622948469,5353405.8044802835,5854.365853658537,1584110.2219814123,5352463.8584606415,5854.365853658537
1584501.572616195,5353921.513011676,5366.585365853659,5.843190093887046,1584207.2426241084,5353495.275523429,4878.804878048781,1584550.082937543,5354437.22154307,4878.804878048781,1584795.9026082817,5354347.750499924,5854.365853658537,1584453.0622948469,5353405.8044802835,5854.365853658537
1584844.4129296297,5354863.459031317,5366.585365853659,5.345064871001212,1584550.082937543,5354437.22154307,4878.804878048781,1584892.9232509779,5355379.167562711,4878.804878048781,1585138.7429217165,5355289.696519565,5854.365853658537,1584795.9026082817,5354347.750499924,5854.365853658537
1585187.2532430645,5355805.4050509585,5366.585365853659,5.323812020846316,1584892.9232509779,5355379.167562711,4878.804878048781,1585235.7635644127,5356321.113582352,4878.804878048781,1585481.5832351514,5356231.642539205,5854.365853658537,1585138.7429217165,5355289.696519565,5854.365853658537
1585530.0935564993,5356747.351070599,5366.585365853659,5.876012862887308,1585235.7635644127,5356321.113582352,4878.804878048781,1585578.6038778475,5357263.059601992,4878.804878048781,1585824.423548586,5357173.588558847,5854.365853658537,1585481.5832351514,5356231.642539205,5854.365853658537
1585872.9338699342,5357689.29709024,5366.585365853659,5.504263443428648,1585578.6038778475,5357263.059601992,4878.804878048781,1585921.4441912824,5358205.0056216335,4878.804878048781,1586167.263862021,5358115.534578487,5854.365853658537,1585824.423548586,5357173.588558847,5854.365853658537
1586215.7741833692,5358631.243109881,5366.585365853659,5.332844053043914,1585921.4441912824,5358205.0056216335,4878.804878048781,1586264.2845047172,5359146.951641275,4878.804878048781,1586510.1041754559,5359057.480598128,5854.365853658537,1586167.263862021,5358115.534578487,5854.365853658537
1586558.614496804,5359573.189129522,5366.585365853659,4.739375040109751,1586264.2845047172,5359146.951641275,4878.804878048781,1586607.124818152,5360088.897660915,4878.804878048781,1586852.9444888907,5359999.4266177695,5854.365853658537,1586510.1041754559,5359057.480598128,5854.365853658537
1586901.454810239,5360515.135149163,5366.585365853659,4.832092627540347,1586607.124818152,5360088.897660915,4878.804878048781,1586949.9651315869,5361030.843680556,4878.804878048781,1587195.7848023253,5360941.372637411,5854.365853658537,1586852.9444888907,5359999.4266177695,5854.365853658537
1587244.2951236735,5361457.081168803,5366.585365853659,4.620344159428847,1586949.9651315869,5361030.843680556,4878.804878048781,1587292.8054450217,5361972.789700197,4878.804878048781,1587538.6251157601,5361883.318657051,5854.365853658537,1587195.7848023253,5360941.372637411,5854.365853658537
1587587.1354371083,5362399.0271884445,5366.585365853659,4.646055827761007,1587292.8054450217,5361972.789700197,4878.804878048781,1587635.6457584563,5362914.735719838,4878.804878048781,1587881.465429195,5362825.264676692,5854.365853658537,1587538.6251157601,5361883.318657051,5854.365853658537
1587929.9757505432,5363340.973208086,5366.585365853659,3.91265179750148,1587635.6457584563,5362914.735719838,4878.804878048781,1587978.4860718912,5363856.681739478,4878.804878048781,1588224.3057426298,5363767.210696333,5854.365853658537,1587881.465429195,5362825.264676692,5854.365853658537
1588272.816063978,5364282.919227726,5366.585365853659,3.5307700379313487,1587978.4860718912,5363856.681739478,4878.804878048781,1588321.326385326,5364798.6277591195,4878.804878048781,1588567.1460560649,5364709.156715973,5854.365853658537,1588224.3057426298,5363767.210696333,5854.365853658537
1588615.6563774128,5365224.865247366,5366.585365853659,2.2303616278467326,1588321.326385326,5364798.6277591195,4878.804878048781,1588664.166698761,5365740.573778761,4878.804878048781,1588909.9863694995,5365651.102735614,5854.365853658537,1588567.1460560649,5364709.156715973,5854.365853658537
1588958.4966908474,5366166.811267008,5366.585365853659,1.8399521767111031,1588664.166698761,5365740.573778761,4878.804878048781,1589007.0070121957,5366682.519798402,4878.804878048781,1589252.8266829343,5366593.048755255,5854.365853658537,1588909.9863694995,5365651.102735614,5854.365853658537
1589301.3370042823,5367108.757286649,5366.585365853659,1.7097674015090125,1589007.0070121957,5366682.519798402,4878.804878048781,1589349.8473256305,5367624.465818042,4878.804878048781,1589595.6669963691,5367534.994774897,5854.365853658537,1589252.8266829343,5366593.048755255,5854.365853658537
1589644.177317717,5368050.703306289,5366.585365853659,1.6877182876023926,1589349.8473256305,5367624.465818042,4878.804878048781,1589692.6876390653,5368566.411837683,4878.804878048781,1589938.507309804,5368476.940794537,5854.365853658537,1589595.6669963691,5367534.994774897,5854.365853658537
1589987.017631152,5368992.6493259305,5366.585365853659,1.5457048110463787,1589692.6876390653,5368566.411837683,4878.804878048781,1590035.5279525002,5369508.357857324,4878.804878048781,1590281.3476232386,5369418.886814178,5854.365853658537,1589938.507309804,5368476.940794537,5854.365853658537
1590329.8579445868,5369934.595345572,5366.585365853659,1.4199137255665337,1590035.5279525002,5369508.357857324,4878.804878048781,1590378.368265935,5370450.303876965,4878.804878048781,1590624.1879366734,5370360.832833819,5854.365853658537,1590281.3476232386,5369418.886814178,5854.365853658537
1590672.6982580216,5370876.541365213,5366.585365853659,1.264172148001895,1590378.368265935,5370450.303876965,4878.804878048781,1590721.2085793696,5371392.2498966055,4878.804878048781,1590967.0282501082,5371302.77885346,5854.365853658537,1590624.1879366734,5370360.832833819,5854.365853658537
1591015.5385714564,5371818.487384853,5366.585365853659,1.0533256669306792,1590721.2085793696,5371392.2498966055,4878.804878048781,1591064.0488928044,5372334.195916247,4878.804878048781,1591309.8685635433,5372244.7248731,5854.365853658537,1590967.0282501082,5371302.77885346,5854.365853658537
1591358.3788848915,5372760.433404493,5366.585365853659,1.1973848535745943,1591064.0488928044,5372334.195916247,4878.804878048781,1591406.8892062395,5373276.141935888,4878.804878048781,1591652.7088769781,5373186.6708927415,5854.365853658537,1591309.8685635433,5372244.7248731,5854.365853658537
1591701.219198326,5373702.379424135,5366.585365853659,1.4445136595596848,1591406.8892062395,5373276.141935888,4878.804878048781,1591749.7295196743,5374218.087955528,4878.804878048781,1591995.5491904127,5374128.616912383,5854.365853658537,1591652.7088769781,5373186.6708927415,5854.365853658537
1592044.059511761,5374644.325443776,5366.585365853659,1.972983239940959,1591749.7295196743,5374218.087955528,4878.804878048781,1592092.569833109,5375160.033975169,4878.804878048781,1592338.3895038476,5375070.562932024,5854.365853658537,1591995.5491904127,5374128.616912383,5854.365853658537
1592386.8998251958,5375586.2714634165,5366.585365853659,2.1240542906758417,1592092.569833109,5375160.033975169,4878.804878048781,1592435.4101465438,5376101.97999481,4878.804878048781,1592681.2298172824,5376012.508951664,5854.365853658537,1592338.3895038476,5375070.562932024,5854.365853658537
1592729.7401386306,5376528.217483059,5366.585365853659,2.043705795703253,1592435.4101465438,5376101.97999481,4878.804878048781,1592778.2504599786,5377043.926014451,4878.804878048781,1593024.0701307172,5376954.454971305,5854.365853658537,1592681.2298172824,5376012.508951664,5854.365853658537
1593072.5804520652,5377470.163502699,5366.585365853659,2.174551443392654,1592778.2504599786,5377043.926014451,4878.804878048781,1593121.0907734134,5377985.8720340915,4878.804878048781,1593366.9104441518,5377896.400990946,5854.365853658537,1593024.0701307172,5376954.454971305,5854.365853658537
1593415.4207655,5378412.10952234,5366.585365853659,1.9427687700130443,1593121.0907734134,5377985.8720340915,4878.804878048781,1593463.9310868483,5378927.818053733,4878.804878048781,1593709.7507575867,5378838.347010587,5854.365853658537,1593366.9104441518,5377896.400990946,5854.365853658537
1593758.261078935,5379354.05554198,5366.585365853659,1.8265727195832153,1593463.9310868483,5378927.818053733,4878.804878048781,1593806.771400283,5379869.764073374,4878.804878048781,1594052.5910710217,5379780.293030228,5854.365853658537,1593709.7507575867,5378838.347010587,5854.365853658537
1594101.10139237,5380296.001561621,5366.585365853659,2.1769295759325695,1593806.771400283,5379869.764073374,4878.804878048781,1594149.611713718,5380811.710093015,4878.804878048781,1594395.4313844566,5380722.23904987,5854.365853658537,1594052.5910710217,5379780.293030228,5854.365853658537
1594443.9417058048,5381237.947581262,5366.585365853659,2.417734692657187,1594149.611713718,5380811.710093015,4878.804878048781,1594492.4520271528,5381753.656112655,4878.804878048781,1594738.2716978914,5381664.18506951,5854.365853658537,1594395.4313844566,5380722.23904987,5854.365853658537
1594786.7820192396,5382179.893600903,5366.585365853659,2.5130673219692166,1594492.4520271528,5381753.656112655,4878.804878048781,1594835.2923405876,5382695.602132297,4878.804878048781,1595081.1120113262,5382606.131089151,5854.365853658537,1594738.2716978914,5381664.18506951,5854.365853658537
1595129.6223326745,5383121.839620544,5366.585365853659,2.396259961571003,1594835.2923405876,5382695.602132297,4878.804878048781,1595178.1326540224,5383637.548151937,4878.804878048781,1595423.9523247608,5383548.077108791,5854.365853658537,1595081.1120113262,5382606.131089151,5854.365853658537
1543606.5546747565,5240798.519611624,6342.146341463415,2.6446759564983977,1543312.2246826694,5240372.282123377,5854.365853658537,1543655.064996104,5241314.228143018,5854.365853658537,1543900.8846668438,5241224.7570998715,6829.926829268294,1543558.0443534087,5240282.81108023,6829.926829268294
1543949.3949881915,5241740.465631264,6342.146341463415,2.5598409544921763,1543655.064996104,5241314.228143018,5854.365853658537,1543997.905309539,5242256.174162659,5854.365853658537,1544243.7249802786,5242166.703119512,6829.926829268294,1543900.8846668438,5241224.7570998715,6829.926829268294
1544292.2353016261,5242682.411650906,6342.146341463415,3.198083642141534,1543997.905309539,5242256.174162659,5854.365853658537,1544340.745622974,5243198.120182299,5854.365853658537,1544586.5652937132,5243108.649139154,6829.926829268294,1544243.7249802786,5242166.703119512,6829.926829268294
1544635.075615061,5243624.3576705465,6342.146341463415,4.065441217042592,1544340.745622974,5243198.120182299,5854.365853658537,1544683.5859364087,5244140.06620194,5854.365853658537,1544929.405607148,5244050.595158794,6829.926829268294,1544586.5652937132,5243108.649139154,6829.926829268294
1544977.9159284958,5244566.303690188,6342.146341463415,4.120419575204498,1544683.5859364087,5244140.06620194,5854.365853658537,1545026.4262498436,5245082.012221581,5854.365853658537,1545272.245920583,5244992.541178435,6829.926829268294,1544929.405607148,5244050.595158794,6829.926829268294
1545320.7562419306,5245508.249709829,6342.146341463415,3.7732307975343535,1545026.4262498436,5245082.012221581,5854.365853658537,1545369.2665632782,5246023.958241222,5854.365853658537,1545615.0862340177,5245934.487198075,6829.926829268294,1545272.245920583,5244992.541178435,6829.926829268294
1545663.5965553655,5246450.195729469,6342.146341463415,4.166676486307202,1545369.2665632782,5246023.958241222,5854.365853658537,1545712.106876713,5246965.904260863,5854.365853658537,1545957.9265474526,5246876.433217716,6829.926829268294,1545615.0862340177,5245934.487198075,6829.926829268294
1546006.4368688003,5247392.141749109,6342.146341463415,4.4854125468994885,1545712.106876713,5246965.904260863,5854.365853658537,1546054.9471901478,5247907.850280503,5854.365853658537,1546300.7668608872,5247818.3792373575,6829.926829268294,1545957.9265474526,5246876.433217716,6829.926829268294
1546349.277182235,5248334.08776875,6342.146341463415,4.880665379894055,1546054.9471901478,5247907.850280503,5854.365853658537,1546397.787503583,5248849.796300145,5854.365853658537,1546643.6071743222,5248760.325256998,6829.926829268294,1546300.7668608872,5247818.3792373575,6829.926829268294
1546692.1174956698,5249276.033788392,6342.146341463415,5.29511063314943,1546397.787503583,5248849.796300145,5854.365853658537,1546740.6278170175,5249791.742319785,5854.365853658537,1546986.447487757,5249702.271276639,6829.926829268294,1546643.6071743222,5248760.325256998,6829.926829268294
1547034.9578091046,5250217.9798080325,6342.146341463415,4.380340943195119,1546740.6278170175,5249791.742319785,5854.365853658537,1547083.4681304523,5250733.688339426,5854.365853658537,1547329.287801192,5250644.21729628,6829.926829268294,1546986.447487757,5249702.271276639,6829.926829268294
1547377.7981225394,5251159.925827674,6342.146341463415,4.093654063728834,1547083.4681304523,5250733.688339426,5854.365853658537,1547426.3084438872,5251675.634359067,5854.365853658537,1547672.1281146265,5251586.163315921,6829.926829268294,1547329.287801192,5250644.21729628,6829.926829268294
1547720.6384359743,5252101.871847314,6342.146341463415,4.18107640663257,1547426.3084438872,5251675.634359067,5854.365853658537,1547769.148757322,5252617.580378708,5854.365853658537,1548014.9684280613,5252528.109335561,6829.926829268294,1547672.1281146265,5251586.163315921,6829.926829268294
1548063.478749409,5253043.817866956,6342.146341463415,4.00684519963499,1547769.148757322,5252617.580378708,5854.365853658537,1548111.9890707566,5253559.526398349,5854.365853658537,1548357.8087414962,5253470.055355203,6829.926829268294,1548014.9684280613,5252528.109335561,6829.926829268294
1548406.3190628437,5253985.763886596,6342.146341463415,3.103527193632325,1548111.9890707566,5253559.526398349,5854.365853658537,1548454.8293841914,5254501.47241799,5854.365853658537,1548700.649054931,5254412.0013748435,6829.926829268294,1548357.8087414962,5253470.055355203,6829.926829268294
1548749.1593762785,5254927.709906236,6342.146341463415,2.7819183610792737,1548454.8293841914,5254501.47241799,5854.365853658537,1548797.6696976263,5255443.418437631,5854.365853658537,1549043.4893683656,5255353.947394485,6829.926829268294,1548700.649054931,5254412.0013748435,6829.926829268294
1549091.9996897136,5255869.655925877,6342.146341463415,2.4839239948302327,1548797.6696976263,5255443.418437631,5854.365853658537,1549140.5100110613,5256385.364457272,5854.365853658537,1549386.329681801,5256295.893414125,6829.926829268294,1549043.4893683656,5255353.947394485,6829.926829268294
1549434.8400031484,5256811.601945519,6342.146341463415,2.301410787502664,1549140.5100110613,5256385.364457272,5854.365853658537,1549483.3503244962,5257327.310476912,5854.365853658537,1549729.1699952355,5257237.839433767,6829.926829268294,1549386.329681801,5256295.893414125,6829.926829268294
1549777.6803165833,5257753.54796516,6342.146341463415,2.0474453009689695,1549483.3503244962,5257327.310476912,5854.365853658537,1549826.190637931,5258269.256496553,5854.365853658537,1550072.0103086703,5258179.785453407,6829.926829268294,1549729.1699952355,5257237.839433767,6829.926829268294
1550120.520630018,5258695.493984801,6342.146341463415,2.031156962780916,1549826.190637931,5258269.256496553,5854.365853658537,1550169.0309513656,5259211.202516194,5854.365853658537,1550414.8506221052,5259121.731473048,6829.926829268294,1550072.0103086703,5258179.785453407,6829.926829268294
1550463.360943453,5259637.440004442,6342.146341463415,2.565605104385564,1550169.0309513656,5259211.202516194,5854.365853658537,1550511.8712648004,5260153.148535836,5854.365853658537,1550757.69093554,5260063.677492688,6829.926829268294,1550414.8506221052,5259121.731473048,6829.926829268294
1550806.2012568878,5260579.386024083,6342.146341463415,2.936118088157536,1550511.8712648004,5260153.148535836,5854.365853658537,1550854.7115782353,5261095.094555476,5854.365853658537,1551100.5312489746,5261005.62351233,6829.926829268294,1550757.69093554,5260063.677492688,6829.926829268294
1551149.0415703224,5261521.332043723,6342.146341463415,3.338393433410562,1550854.7115782353,5261095.094555476,5854.365853658537,1551197.55189167,5262037.040575117,5854.365853658537,1551443.3715624094,5261947.569531971,6829.926829268294,1551100.5312489746,5261005.62351233,6829.926829268294
1551491.8818837572,5262463.278063363,6342.146341463415,3.7187943304265803,1551197.55189167,5262037.040575117,5854.365853658537,1551540.392205105,5262978.986594758,5854.365853658537,1551786.2118758445,5262889.515551612,6829.926829268294,1551443.3715624094,5261947.569531971,6829.926829268294
1551834.7221971923,5263405.224083005,6342.146341463415,3.8959738215857525,1551540.392205105,5262978.986594758,5854.365853658537,1551883.2325185398,5263920.932614399,5854.365853658537,1552129.0521892793,5263831.461571253,6829.926829268294,1551786.2118758445,5262889.515551612,6829.926829268294
1552177.562510627,5264347.170102647,6342.146341463415,3.608955303014698,1551883.2325185398,5263920.932614399,5854.365853658537,1552226.0728319746,5264862.878634039,5854.365853658537,1552471.892502714,5264773.407590894,6829.926829268294,1552129.0521892793,5263831.461571253,6829.926829268294
1552520.4028240617,5265289.116122287,6342.146341463415,3.7900072549014747,1552226.0728319746,5264862.878634039,5854.365853658537,1552568.9131454094,5265804.824653681,5854.365853658537,1552814.7328161488,5265715.353610534,6829.926829268294,1552471.892502714,5264773.407590894,6829.926829268294
1552863.2431374965,5266231.062141928,6342.146341463415,4.066147169839951,1552568.9131454094,5265804.824653681,5854.365853658537,1552911.7534588443,5266746.770673322,5854.365853658537,1553157.5731295836,5266657.299630175,6829.926829268294,1552814.7328161488,5265715.353610534,6829.926829268294
1553206.0834509311,5267173.008161569,6342.146341463415,4.330278020151949,1552911.7534588443,5266746.770673322,5854.365853658537,1553254.5937722789,5267688.716692963,5854.365853658537,1553500.4134430184,5267599.2456498165,6829.926829268294,1553157.5731295836,5266657.299630175,6829.926829268294
1553548.923764366,5268114.95418121,6342.146341463415,4.527625045365973,1553254.5937722789,5267688.716692963,5854.365853658537,1553597.4340857137,5268630.662712603,5854.365853658537,1553843.2537564533,5268541.191669457,6829.926829268294,1553500.4134430184,5267599.2456498165,6829.926829268294
1553891.7640778008,5269056.90020085,6342.146341463415,5.233517910206261,1553597.4340857137,5268630.662712603,5854.365853658537,1553940.2743991485,5269572.608732244,5854.365853658537,1554186.094069888,5269483.137689098,6829.926829268294,1553843.2537564533,5268541.191669457,6829.926829268294
1554234.6043912356,5269998.846220491,6342.146341463415,5.418813390392505,1553940.2743991485,5269572.608732244,5854.365853658537,1554283.1147125834,5270514.554751885,5854.365853658537,1554528.934383323,5270425.083708738,6829.926829268294,1554186.094069888,5269483.137689098,6829.926829268294
1554577.4447046707,5270940.792240132,6342.146341463415,6.258214510219256,1554283.1147125834,5270514.554751885,5854.365853658537,1554625.9550260182,5271456.500771525,5854.365853658537,1554871.7746967578,5271367.02972838,6829.926829268294,1554528.934383323,5270425.083708738,6829.926829268294
1554920.2850181055,5271882.738259773,6342.146341463415,7.103438227982857,1554625.9550260182,5271456.500771525,5854.365853658537,1554968.795339453,5272398.446791166,5854.365853658537,1555214.6150101926,5272308.97574802,6829.926829268294,1554871.7746967578,5271367.02972838,6829.926829268294
1555263.1253315401,5272824.684279414,6342.146341463415,7.488131451938319,1554968.795339453,5272398.446791166,5854.365853658537,1555311.6356528879,5273340.392810808,5854.365853658537,1555557.4553236272,5273250.921767661,6829.926829268294,1555214.6150101926,5272308.97574802,6829.926829268294
1555605.965644975,5273766.630299055,6342.146341463415,9.122910805764596,1555311.6356528879,5273340.392810808,5854.365853658537,1555654.4759663227,5274282.338830449,5854.365853658537,1555900.295637062,5274192.8677873025,6829.926829268294,1555557.4553236272,5273250.921767661,6829.926829268294
1555948.8059584098,5274708.576318696,6342.146341463415,11.10469245649476,1555654.4759663227,5274282.338830449,5854.365853658537,1555997.3162797573,5275224.284850089,5854.365853658537,1556243.135950497,5275134.813806944,6829.926829268294,1555900.295637062,5274192.8677873025,6829.926829268294
1556291.6462718446,5275650.522338336,6342.146341463415,11.760343440897913,1555997.3162797573,5275224.284850089,5854.365853658537,1556340.1565931921,5276166.230869731,5854.365853658537,1556585.9762639317,5276076.759826584,6829.926829268294,1556243.135950497,5275134.813806944,6829.926829268294
1556634.4865852792,5276592.468357977,6342.146341463415,10.898980099894512,1556340.1565931921,5276166.230869731,5854.365853658537,1556682.996906627,5277108.176889371,5854.365853658537,1556928.8165773663,5277018.705846225,6829.926829268294,1556585.9762639317,5276076.759826584,6829.926829268294
1556977.3268987143,5277534.414377619,6342.146341463415,10.548006964241704,1556682.996906627,5277108.176889371,5854.365853658537,1557025.837220062,5278050.122909012,5854.365853658537,1557271.6568908014,5277960.651865866,6829.926829268294,1556928.8165773663,5277018.705846225,6829.926829268294
1557320.1672121491,5278476.360397259,6342.146341463415,11.494700284271632,1557025.837220062,5278050.122909012,5854.365853658537,1557368.6775334969,5278992.068928652,5854.365853658537,1557614.4972042362,5278902.597885507,6829.926829268294,1557271.6568908014,5277960.651865866,6829.926829268294
1557663.007525584,5279418.3064169,6342.146341463415,12.003514302153778,1557368.6775334969,5278992.068928652,5854.365853658537,1557711.5178469315,5279934.0149482945,5854.365853658537,1557957.337517671,5279844.543905147,6829.926829268294,1557614.4972042362,5278902.597885507,6829.926829268294
1558005.8478390188,5280360.252436541,6342.146341463415,11.961860091145242,1557711.5178469315,5279934.0149482945,5854.365853658537,1558054.3581603663,5280875.960967935,5854.365853658537,1558300.177831106,5280786.4899247885,6829.926829268294,1557957.337517671,5279844.543905147,6829.926829268294
1558348.6881524536,5281302.198456182,6342.146341463415,13.033270709041563,1558054.3581603663,5280875.960967935,5854.365853658537,1558397.1984738011,5281817.906987576,5854.365853658537,1558643.0181445405,5281728.43594443,6829.926829268294,1558300.177831106,5280786.4899247885,6829.926829268294
1558691.5284658882,5282244.144475822,6342.146341463415,12.940119960380406,1558397.1984738011,5281817.906987576,5854.365853658537,1558740.038787236,5282759.853007216,5854.365853658537,1558985.8584579753,5282670.38196407,6829.926829268294,1558643.0181445405,5281728.43594443,6829.926829268294
1559034.3687793228,5283186.090495463,6342.146341463415,13.307739692158112,1558740.038787236,5282759.853007216,5854.365853658537,1559082.8791006706,5283701.799026858,5854.365853658537,1559328.6987714102,5283612.327983711,6829.926829268294,1558985.8584579753,5282670.38196407,6829.926829268294
1559377.2090927577,5284128.0365151055,6342.146341463415,11.915126810920698,1559082.8791006706,5283701.799026858,5854.365853658537,1559425.7194141054,5284643.745046498,5854.365853658537,1559671.5390848452,5284554.274003351,6829.926829268294,1559328.6987714102,5283612.327983711,6829.926829268294
1559720.0494061927,5285069.982534746,6342.146341463415,10.455713052236174,1559425.7194141054,5284643.745046498,5854.365853658537,1559768.5597275405,5285585.691066139,5854.365853658537,1560014.37939828,5285496.220022993,6829.926829268294,1559671.5390848452,5284554.274003351,6829.926829268294
1560062.8897196276,5286011.928554386,6342.146341463415,9.636438948378915,1559768.5597275405,5285585.691066139,5854.365853658537,1560111.4000409753,5286527.6370857805,5854.365853658537,1560357.2197117147,5286438.166042634,6829.926829268294,1560014.37939828,5285496.220022993,6829.926829268294
1560405.7300330624,5286953.874574027,6342.146341463415,9.51054219045936,1560111.4000409753,5286527.6370857805,5854.365853658537,1560454.2403544101,5287469.583105422,5854.365853658537,1560700.0600251495,5287380.1120622745,6829.926829268294,1560357.2197117147,5286438.166042634,6829.926829268294
1560748.5703464972,5287895.820593669,6342.146341463415,9.786603275748478,1560454.2403544101,5287469.583105422,5854.365853658537,1560797.080667845,5288411.529125062,5854.365853658537,1561042.9003385843,5288322.0580819165,6829.926829268294,1560700.0600251495,5287380.1120622745,6829.926829268294
1561091.410659932,5288837.766613309,6342.146341463415,9.487310605976615,1560797.080667845,5288411.529125062,5854.365853658537,1561139.9209812796,5289353.475144703,5854.365853658537,1561385.7406520192,5289264.004101557,6829.926829268294,1561042.9003385843,5288322.0580819165,6829.926829268294
1561434.2509733667,5289779.712632949,6342.146341463415,10.682675702689153,1561139.9209812796,5289353.475144703,5854.365853658537,1561482.7612947144,5290295.421164344,5854.365853658537,1561728.580965454,5290205.950121197,6829.926829268294,1561385.7406520192,5289264.004101557,6829.926829268294
1561777.0912868015,5290721.658652591,6342.146341463415,12.82899977957925,1561482.7612947144,5290295.421164344,5854.365853658537,1561825.6016081492,5291237.367183985,5854.365853658537,1562071.4212788886,5291147.896140838,6829.926829268294,1561728.580965454,5290205.950121197,6829.926829268294
1562119.9316002363,5291663.604672233,6342.146341463415,13.263208410322232,1561825.6016081492,5291237.367183985,5854.365853658537,1562168.441921584,5292179.313203625,5854.365853658537,1562414.2615923237,5292089.842160479,6829.926829268294,1562071.4212788886,5291147.896140838,6829.926829268294
1562462.7719136714,5292605.550691873,6342.146341463415,13.85169086604969,1562168.441921584,5292179.313203625,5854.365853658537,1562511.282235019,5293121.259223266,5854.365853658537,1562757.1019057585,5293031.78818012,6829.926829268294,1562414.2615923237,5292089.842160479,6829.926829268294
1562805.6122271062,5293547.496711513,6342.146341463415,14.841716618055514,1562511.282235019,5293121.259223266,5854.365853658537,1562854.1225484537,5294063.205242908,5854.365853658537,1563099.9422191933,5293973.7341997605,6829.926829268294,1562757.1019057585,5293031.78818012,6829.926829268294
1563148.452540541,5294489.442731154,6342.146341463415,15.072761382757934,1562854.1225484537,5294063.205242908,5854.365853658537,1563196.9628618886,5295005.151262548,5854.365853658537,1563442.782532628,5294915.680219402,6829.926829268294,1563099.9422191933,5293973.7341997605,6829.926829268294
1563491.2928539757,5295431.388750795,6342.146341463415,12.604797455513069,1563196.9628618886,5295005.151262548,5854.365853658537,1563539.8031753234,5295947.097282189,5854.365853658537,1563785.6228460628,5295857.626239043,6829.926829268294,1563442.782532628,5294915.680219402,6829.926829268294
1563834.1331674105,5296373.334770436,6342.146341463415,10.935410910117515,1563539.8031753234,5295947.097282189,5854.365853658537,1563882.6434887582,5296889.043301829,5854.365853658537,1564128.4631594976,5296799.572258684,6829.926829268294,1563785.6228460628,5295857.626239043,6829.926829268294
1564176.9734808453,5297315.280790077,6342.146341463415,11.371662143384606,1563882.6434887582,5296889.043301829,5854.365853658537,1564225.4838021928,5297830.989321471,5854.365853658537,1564471.3034729324,5297741.518278324,6829.926829268294,1564128.4631594976,5296799.572258684,6829.926829268294
1564519.8137942802,5298257.226809719,6342.146341463415,11.144461811072425,1564225.4838021928,5297830.989321471,5854.365853658537,1564568.3241156277,5298772.935341111,5854.365853658537,1564814.143786367,5298683.464297966,6829.926829268294,1564471.3034729324,5297741.518278324,6829.926829268294
1564862.654107715,5299199.172829359,6342.146341463415,9.941357453762542,1564568.3241156277,5298772.935341111,5854.365853658537,1564911.1644290627,5299714.8813607525,5854.365853658537,1565156.984099802,5299625.410317606,6829.926829268294,1564814.143786367,5298683.464297966,6829.926829268294
1565205.4944211498,5300141.118849,6342.146341463415,9.519599726439534,1564911.1644290627,5299714.8813607525,5854.365853658537,1565254.0047424976,5300656.827380394,5854.365853658537,1565499.824413237,5300567.356337247,6829.926829268294,1565156.984099802,5299625.410317606,6829.926829268294
1565548.3347345844,5301083.06486864,6342.146341463415,9.703092949374803,1565254.0047424976,5300656.827380394,5854.365853658537,1565596.8450559322,5301598.773400035,5854.365853658537,1565842.6647266718,5301509.302356888,6829.926829268294,1565499.824413237,5300567.356337247,6829.926829268294
1565891.1750480193,5302025.010888281,6342.146341463415,9.977100488826164,1565596.8450559322,5301598.773400035,5854.365853658537,1565939.685369367,5302540.719419675,5854.365853658537,1566185.5050401066,5302451.24837653,6829.926829268294,1565842.6647266718,5301509.302356888,6829.926829268294
1566234.015361454,5302966.956907922,6342.146341463415,11.649389492423051,1565939.685369367,5302540.719419675,5854.365853658537,1566282.5256828018,5303482.665439316,5854.365853658537,1566528.3453535412,5303393.19439617,6829.926829268294,1566185.5050401066,5302451.24837653,6829.926829268294
1566576.855674889,5303908.9029275635,6342.146341463415,10.915972648136616,1566282.5256828018,5303482.665439316,5854.365853658537,1566625.3659962367,5304424.611458957,5854.365853658537,1566871.185666976,5304335.14041581,6829.926829268294,1566528.3453535412,5303393.19439617,6829.926829268294
1566919.6959883238,5304850.848947205,6342.146341463415,9.105773443386225,1566625.3659962367,5304424.611458957,5854.365853658537,1566968.2063096713,5305366.557478598,5854.365853658537,1567214.0259804109,5305277.086435451,6829.926829268294,1566871.185666976,5304335.14041581,6829.926829268294
1567262.5363017586,5305792.794966845,6342.146341463415,10.404314634337798,1566968.2063096713,5305366.557478598,5854.365853658537,1567311.046623106,5306308.5034982385,5854.365853658537,1567556.8662938457,5306219.032455092,6829.926829268294,1567214.0259804109,5305277.086435451,6829.926829268294
1567605.3766151934,5306734.740986486,6342.146341463415,10.213939364043068,1567311.046623106,5306308.5034982385,5854.365853658537,1567653.8869365412,5307250.449517879,5854.365853658537,1567899.7066072805,5307160.978474733,6829.926829268294,1567556.8662938457,5306219.032455092,6829.926829268294
1567948.2169286283,5307676.687006126,6342.146341463415,9.57890932350876,1567653.8869365412,5307250.449517879,5854.365853658537,1567996.727249976,5308192.395537521,5854.365853658537,1568242.5469207154,5308102.924494374,6829.926829268294,1567899.7066072805,5307160.978474733,6829.926829268294
1568291.057242063,5308618.633025768,6342.146341463415,9.213618773838625,1567996.727249976,5308192.395537521,5854.365853658537,1568339.5675634108,5309134.341557161,5854.365853658537,1568585.3872341502,5309044.870514015,6829.926829268294,1568242.5469207154,5308102.924494374,6829.926829268294
1568633.897555498,5309560.579045408,6342.146341463415,9.759232569812774,1568339.5675634108,5309134.341557161,5854.365853658537,1568682.4078768454,5310076.287576802,5854.365853658537,1568928.227547585,5309986.816533656,6829.926829268294,1568585.3872341502,5309044.870514015,6829.926829268294
1568976.7378689325,5310502.525065049,6342.146341463415,10.547456354591686,1568682.4078768454,5310076.287576802,5854.365853658537,1569025.2481902803,5311018.233596443,5854.365853658537,1569271.0678610196,5310928.762553297,6829.926829268294,1568928.227547585,5309986.816533656,6829.926829268294
1569319.5781823674,5311444.47108469,6342.146341463415,9.716792564870337,1569025.2481902803,5311018.233596443,5854.365853658537,1569368.0885037151,5311960.179616084,5854.365853658537,1569613.9081744545,5311870.708572937,6829.926829268294,1569271.0678610196,5310928.762553297,6829.926829268294
1569662.4184958022,5312386.417104332,6342.146341463415,10.511499033512269,1569368.0885037151,5311960.179616084,5854.365853658537,1569710.92881715,5312902.1256357245,5854.365853658537,1569956.7484878893,5312812.654592579,6829.926829268294,1569613.9081744545,5311870.708572937,6829.926829268294
1570005.258809237,5313328.363123972,6342.146341463415,11.379771101448942,1569710.92881715,5312902.1256357245,5854.365853658537,1570053.7691305848,5313844.071655366,5854.365853658537,1570299.5888013244,5313754.600612219,6829.926829268294,1569956.7484878893,5312812.654592579,6829.926829268294
1570348.099122672,5314270.309143613,6342.146341463415,10.331192880889134,1570053.7691305848,5313844.071655366,5854.365853658537,1570396.6094440196,5314786.017675007,5854.365853658537,1570642.4291147592,5314696.546631861,6829.926829268294,1570299.5888013244,5313754.600612219,6829.926829268294
1570690.939436107,5315212.255163254,6342.146341463415,9.201020358896951,1570396.6094440196,5314786.017675007,5854.365853658537,1570739.4497574545,5315727.963694648,5854.365853658537,1570985.2694281938,5315638.492651501,6829.926829268294,1570642.4291147592,5314696.546631861,6829.926829268294
1571033.7797495415,5316154.201182895,6342.146341463415,7.485597431008045,1570739.4497574545,5315727.963694648,5854.365853658537,1571082.2900708893,5316669.909714288,5854.365853658537,1571328.1097416286,5316580.438671143,6829.926829268294,1570985.2694281938,5315638.492651501,6829.926829268294
1571376.6200629764,5317096.1472025355,6342.146341463415,8.05039944606848,1571082.2900708893,5316669.909714288,5854.365853658537,1571425.1303843241,5317611.855733929,5854.365853658537,1571670.9500550635,5317522.384690783,6829.926829268294,1571328.1097416286,5316580.438671143,6829.926829268294
1571719.4603764112,5318038.093222176,6342.146341463415,9.374213723096148,1571425.1303843241,5317611.855733929,5854.365853658537,1571767.970697759,5318553.80175357,5854.365853658537,1572013.7903684983,5318464.330710424,6829.926829268294,1571670.9500550635,5317522.384690783,6829.926829268294
1572062.3006898458,5318980.039241818,6342.146341463415,8.792861604734503,1571767.970697759,5318553.80175357,5854.365853658537,1572110.8110111936,5319495.747773211,5854.365853658537,1572356.6306819331,5319406.276730064,6829.926829268294,1572013.7903684983,5318464.330710424,6829.926829268294
1572405.1410032806,5319921.985261459,6342.146341463415,8.87333758926742,1572110.8110111936,5319495.747773211,5854.365853658537,1572453.6513246284,5320437.693792852,5854.365853658537,1572699.470995368,5320348.222749706,6829.926829268294,1572356.6306819331,5319406.276730064,6829.926829268294
1572747.9813167155,5320863.931281099,6342.146341463415,9.477621603581918,1572453.6513246284,5320437.693792852,5854.365853658537,1572796.4916380635,5321379.639812493,5854.365853658537,1573042.3113088028,5321290.168769347,6829.926829268294,1572699.470995368,5320348.222749706,6829.926829268294
1573090.8216301505,5321805.87730074,6342.146341463415,11.33444873464492,1572796.4916380635,5321379.639812493,5854.365853658537,1573139.3319514983,5322321.585832134,5854.365853658537,1573385.1516222376,5322232.114788988,6829.926829268294,1573042.3113088028,5321290.168769347,6829.926829268294
1573433.6619435854,5322747.823320381,6342.146341463415,12.764248919661847,1573139.3319514983,5322321.585832134,5854.365853658537,1573482.172264933,5323263.531851775,5854.365853658537,1573727.9919356725,5323174.060808629,6829.926829268294,1573385.1516222376,5322232.114788988,6829.926829268294
1573776.50225702,5323689.7693400225,6342.146341463415,12.013290791666925,1573482.172264933,5323263.531851775,5854.365853658537,1573825.0125783677,5324205.477871415,5854.365853658537,1574070.8322491073,5324116.00682827,6829.926829268294,1573727.9919356725,5323174.060808629,6829.926829268294
1574119.3425704548,5324631.715359663,6342.146341463415,10.059288862746985,1573825.0125783677,5324205.477871415,5854.365853658537,1574167.8528918026,5325147.423891057,5854.365853658537,1574413.672562542,5325057.95284791,6829.926829268294,1574070.8322491073,5324116.00682827,6829.926829268294
1574462.1828838896,5325573.661379303,6342.146341463415,9.54470187614039,1574167.8528918026,5325147.423891057,5854.365853658537,1574510.6932052374,5326089.369910697,5854.365853658537,1574756.5128759767,5325999.89886755,6829.926829268294,1574413.672562542,5325057.95284791,6829.926829268294
1574805.0231973245,5326515.607398945,6342.146341463415,9.587016200657416,1574510.6932052374,5326089.369910697,5854.365853658537,1574853.533518672,5327031.315930339,5854.365853658537,1575099.3531894116,5326941.844887192,6829.926829268294,1574756.5128759767,5325999.89886755,6829.926829268294
1575147.8635107593,5327457.553418586,6342.146341463415,10.12757294493182,1574853.533518672,5327031.315930339,5854.365853658537,1575196.3738321068,5327973.261949979,5854.365853658537,1575442.1935028464,5327883.790906833,6829.926829268294,1575099.3531894116,5326941.844887192,6829.926829268294
1575490.7038241944,5328399.499438226,6342.146341463415,8.237520116145653,1575196.3738321068,5327973.261949979,5854.365853658537,1575539.214145542,5328915.20796962,5854.365853658537,1575785.0338162812,5328825.736926474,6829.926829268294,1575442.1935028464,5327883.790906833,6829.926829268294
1575833.544137629,5329341.445457867,6342.146341463415,6.674508087084883,1575539.214145542,5328915.20796962,5854.365853658537,1575882.0544589767,5329857.153989261,5854.365853658537,1576127.874129716,5329767.682946114,6829.926829268294,1575785.0338162812,5328825.736926474,6829.926829268294
1576176.3844510638,5330283.3914775085,6342.146341463415,5.990559661123586,1575882.0544589767,5329857.153989261,5854.365853658537,1576224.8947724116,5330799.100008901,5854.365853658537,1576470.714443151,5330709.628965756,6829.926829268294,1576127.874129716,5329767.682946114,6829.926829268294
1576519.2247644986,5331225.337497149,6342.146341463415,5.977540734778712,1576224.8947724116,5330799.100008901,5854.365853658537,1576567.7350858462,5331741.046028542,5854.365853658537,1576813.5547565857,5331651.574985396,6829.926829268294,1576470.714443151,5330709.628965756,6829.926829268294
1576862.0650779335,5332167.28351679,6342.146341463415,5.838647750356219,1576567.7350858462,5331741.046028542,5854.365853658537,1576910.575399281,5332682.992048183,5854.365853658537,1577156.3950700206,5332593.521005037,6829.926829268294,1576813.5547565857,5331651.574985396,6829.926829268294
1577204.9053913683,5333109.229536431,6342.146341463415,5.991985640524486,1576910.575399281,5332682.992048183,5854.365853658537,1577253.4157127158,5333624.938067825,5854.365853658537,1577499.2353834552,5333535.467024678,6829.926829268294,1577156.3950700206,5332593.521005037,6829.926829268294
1577547.745704803,5334051.175556071,6342.146341463415,5.995853296730226,1577253.4157127158,5333624.938067825,5854.365853658537,1577596.2560261507,5334566.884087465,5854.365853658537,1577842.07569689,5334477.4130443195,6829.926829268294,1577499.2353834552,5333535.467024678,6829.926829268294
1577890.5860182375,5334993.121575712,6342.146341463415,5.067798943379825,1577596.2560261507,5334566.884087465,5854.365853658537,1577939.0963395853,5335508.830107107,5854.365853658537,1578184.916010325,5335419.35906396,6829.926829268294,1577842.07569689,5334477.4130443195,6829.926829268294
1578233.4263316726,5335935.067595353,6342.146341463415,4.370995273132999,1577939.0963395853,5335508.830107107,5854.365853658537,1578281.9366530203,5336450.776126747,5854.365853658537,1578527.75632376,5336361.305083601,6829.926829268294,1578184.916010325,5335419.35906396,6829.926829268294
1578576.2666451074,5336877.0136149945,6342.146341463415,4.894182708341828,1578281.9366530203,5336450.776126747,5854.365853658537,1578624.7769664552,5337392.722146388,5854.365853658537,1578870.5966371945,5337303.251103242,6829.926829268294,1578527.75632376,5336361.305083601,6829.926829268294
1578919.1069585423,5337818.959634636,6342.146341463415,5.100776664049913,1578624.7769664552,5337392.722146388,5854.365853658537,1578967.61727989,5338334.668166028,5854.365853658537,1579213.4369506293,5338245.197122883,6829.926829268294,1578870.5966371945,5337303.251103242,6829.926829268294
1579261.947271977,5338760.905654276,6342.146341463415,5.023875861975503,1578967.61727989,5338334.668166028,5854.365853658537,1579310.4575933246,5339276.61418567,5854.365853658537,1579556.2772640642,5339187.143142523,6829.926829268294,1579213.4369506293,5338245.197122883,6829.926829268294
1579604.787585412,5339702.851673918,6342.146341463415,5.268015469175531,1579310.4575933246,5339276.61418567,5854.365853658537,1579653.2979067594,5340218.560205311,5854.365853658537,1579899.117577499,5340129.089162164,6829.926829268294,1579556.2772640642,5339187.143142523,6829.926829268294
1579947.6278988465,5340644.797693558,6342.146341463415,5.701294254062595,1579653.2979067594,5340218.560205311,5854.365853658537,1579996.1382201943,5341160.506224952,5854.365853658537,1580241.9578909336,5341071.0351818055,6829.926829268294,1579899.117577499,5340129.089162164,6829.926829268294
1580290.4682122814,5341586.743713198,6342.146341463415,6.438608475578535,1579996.1382201943,5341160.506224952,5854.365853658537,1580338.978533629,5342102.452244592,5854.365853658537,1580584.7982043684,5342012.981201446,6829.926829268294,1580241.9578909336,5341071.0351818055,6829.926829268294
1580633.3085257162,5342528.689732838,6342.146341463415,7.228516338043549,1580338.978533629,5342102.452244592,5854.365853658537,1580681.8188470642,5343044.398264233,5854.365853658537,1580927.6385178035,5342954.927221087,6829.926829268294,1580584.7982043684,5342012.981201446,6829.926829268294
1580976.1488391513,5343470.6357524805,6342.146341463415,7.125286328757215,1580681.8188470642,5343044.398264233,5854.365853658537,1581024.6591604988,5343986.344283874,5854.365853658537,1581270.4788312383,5343896.873240728,6829.926829268294,1580927.6385178035,5342954.927221087,6829.926829268294
1581318.989152586,5344412.581772122,6342.146341463415,6.338078299543245,1581024.6591604988,5343986.344283874,5854.365853658537,1581367.4994739336,5344928.290303515,5854.365853658537,1581613.3191446732,5344838.819260369,6829.926829268294,1581270.4788312383,5343896.873240728,6829.926829268294
1581661.829466021,5345354.527791763,6342.146341463415,6.62933879613075,1581367.4994739336,5344928.290303515,5854.365853658537,1581710.3397873684,5345870.236323156,5854.365853658537,1581956.159458108,5345780.76528001,6829.926829268294,1581613.3191446732,5344838.819260369,6829.926829268294
1582004.6697794555,5346296.473811403,6342.146341463415,6.69393710036279,1581710.3397873684,5345870.236323156,5854.365853658537,1582053.1801008033,5346812.1823427975,5854.365853658537,1582298.9997715426,5346722.71129965,6829.926829268294,1581956.159458108,5345780.76528001,6829.926829268294
1582347.5100928904,5347238.419831045,6342.146341463415,7.073434120450642,1582053.1801008033,5346812.1823427975,5854.365853658537,1582396.020414238,5347754.128362438,5854.365853658537,1582641.8400849774,5347664.6573192915,6829.926829268294,1582298.9997715426,5346722.71129965,6829.926829268294
1582690.3504063252,5348180.365850685,6342.146341463415,8.7528089660078,1582396.020414238,5347754.128362438,5854.365853658537,1582738.8607276727,5348696.074382079,5854.365853658537,1582984.6803984123,5348606.603338933,6829.926829268294,1582641.8400849774,5347664.6573192915,6829.926829268294
1583033.19071976,5349122.311870325,6342.146341463415,9.971399632131062,1582738.8607276727,5348696.074382079,5854.365853658537,1583081.7010411075,5349638.02040172,5854.365853658537,1583327.520711847,5349548.549358573,6829.926829268294,1582984.6803984123,5348606.603338933,6829.926829268294
1583376.031033195,5350064.2578899665,6342.146341463415,9.036886574698174,1583081.7010411075,5349638.02040172,5854.365853658537,1583424.5413545426,5350579.96642136,5854.365853658537,1583670.361025282,5350490.495378214,6829.926829268294,1583327.520711847,5349548.549358573,6829.926829268294
1583718.8713466297,5351006.203909608,6342.146341463415,7.558343445404052,1583424.5413545426,5350579.96642136,5854.365853658537,1583767.3816679774,5351521.912441001,5854.365853658537,1584013.2013387168,5351432.441397855,6829.926829268294,1583670.361025282,5350490.495378214,6829.926829268294
1584061.7116600645,5351948.149929249,6342.146341463415,7.197358784940732,1583767.3816679774,5351521.912441001,5854.365853658537,1584110.2219814123,5352463.8584606415,5854.365853658537,1584356.0416521516,5352374.387417496,6829.926829268294,1584013.2013387168,5351432.441397855,6829.926829268294
1584404.5519734991,5352890.095948889,6342.146341463415,7.342312705216255,1584110.2219814123,5352463.8584606415,5854.365853658537,1584453.0622948469,5353405.8044802835,5854.365853658537,1584698.8819655864,5353316.333437136,6829.926829268294,1584356.0416521516,5352374.387417496,6829.926829268294
1584747.392286934,5353832.041968531,6342.146341463415,8.048227087021338,1584453.0622948469,5353405.8044802835,5854.365853658537,1584795.9026082817,5354347.750499924,5854.365853658537,1585041.7222790213,5354258.2794567775,6829.926829268294,1584698.8819655864,5353316.333437136,6829.926829268294
1585090.2326003688,5354773.987988171,6342.146341463415,7.034795247564011,1584795.9026082817,5354347.750499924,5854.365853658537,1585138.7429217165,5355289.696519565,5854.365853658537,1585384.562592456,5355200.225476419,6829.926829268294,1585041.7222790213,5354258.2794567775,6829.926829268294
1585433.0729138036,5355715.934007812,6342.146341463415,7.041111256413662,1585138.7429217165,5355289.696519565,5854.365853658537,1585481.5832351514,5356231.642539205,5854.365853658537,1585727.4029058907,5356142.17149606,6829.926829268294,1585384.562592456,5355200.225476419,6829.926829268294
1585775.9132272385,5356657.8800274525,6342.146341463415,7.05384728129386,1585481.5832351514,5356231.642539205,5854.365853658537,1585824.423548586,5357173.588558847,5854.365853658537,1586070.2432193258,5357084.1175157,6829.926829268294,1585727.4029058907,5356142.17149606,6829.926829268294
1586118.7535406733,5357599.826047094,6342.146341463415,6.551731503370885,1585824.423548586,5357173.588558847,5854.365853658537,1586167.263862021,5358115.534578487,5854.365853658537,1586413.0835327606,5358026.063535342,6829.926829268294,1586070.2432193258,5357084.1175157,6829.926829268294
1586461.5938541081,5358541.772066735,6342.146341463415,6.848167323231609,1586167.263862021,5358115.534578487,5854.365853658537,1586510.1041754559,5359057.480598128,5854.365853658537,1586755.9238461952,5358968.009554982,6829.926829268294,1586413.0835327606,5358026.063535342,6829.926829268294
1586804.434167543,5359483.718086376,6342.146341463415,6.534092664504184,1586510.1041754559,5359057.480598128,5854.365853658537,1586852.9444888907,5359999.4266177695,5854.365853658537,1587098.76415963,5359909.955574623,6829.926829268294,1586755.9238461952,5358968.009554982,6829.926829268294
1587147.2744809778,5360425.664106016,6342.146341463415,6.470270979298699,1586852.9444888907,5359999.4266177695,5854.365853658537,1587195.7848023253,5360941.372637411,5854.365853658537,1587441.604473065,5360851.9015942635,6829.926829268294,1587098.76415963,5359909.955574623,6829.926829268294
1587490.1147944126,5361367.610125657,6342.146341463415,6.192055252621773,1587195.7848023253,5360941.372637411,5854.365853658537,1587538.6251157601,5361883.318657051,5854.365853658537,1587784.4447864997,5361793.847613905,6829.926829268294,1587441.604473065,5360851.9015942635,6829.926829268294
1587832.9551078475,5362309.556145298,6342.146341463415,6.260773866825991,1587538.6251157601,5361883.318657051,5854.365853658537,1587881.465429195,5362825.264676692,5854.365853658537,1588127.2850999343,5362735.793633546,6829.926829268294,1587784.4447864997,5361793.847613905,6829.926829268294
1588175.795421282,5363251.502164939,6342.146341463415,5.346495918624348,1587881.465429195,5362825.264676692,5854.365853658537,1588224.3057426298,5363767.210696333,5854.365853658537,1588470.1254133692,5363677.739653186,6829.926829268294,1588127.2850999343,5362735.793633546,6829.926829268294
1588518.635734717,5364193.448184581,6342.146341463415,4.572290679442092,1588224.3057426298,5363767.210696333,5854.365853658537,1588567.1460560649,5364709.156715973,5854.365853658537,1588812.9657268042,5364619.685672827,6829.926829268294,1588470.1254133692,5363677.739653186,6829.926829268294
1588861.476048152,5365135.394204221,6342.146341463415,3.36784529316125,1588567.1460560649,5364709.156715973,5854.365853658537,1588909.9863694995,5365651.102735614,5854.365853658537,1589155.806040239,5365561.631692468,6829.926829268294,1588812.9657268042,5364619.685672827,6829.926829268294
1589204.3163615868,5366077.340223861,6342.146341463415,2.7214974947210733,1588909.9863694995,5365651.102735614,5854.365853658537,1589252.8266829343,5366593.048755255,5854.365853658537,1589498.646353674,5366503.577712109,6829.926829268294,1589155.806040239,5365561.631692468,6829.926829268294
1589547.1566750216,5367019.286243502,6342.146341463415,3.546819587732468,1589252.8266829343,5366593.048755255,5854.365853658537,1589595.6669963691,5367534.994774897,5854.365853658537,1589841.4866671085,5367445.5237317495,6829.926829268294,1589498.646353674,5366503.577712109,6829.926829268294
1589889.9969884562,5367961.232263144,6342.146341463415,3.505973663196715,1589595.6669963691,5367534.994774897,5854.365853658537,1589938.507309804,5368476.940794537,5854.365853658537,1590184.3269805433,5368387.469751392,6829.926829268294,1589841.4866671085,5367445.5237317495,6829.926829268294
1590232.8373018908,5368903.178282784,6342.146341463415,2.846723250132003,1589938.507309804,5368476.940794537,5854.365853658537,1590281.3476232386,5369418.886814178,5854.365853658537,1590527.1672939782,5369329.415771032,6829.926829268294,1590184.3269805433,5368387.469751392,6829.926829268294
1590575.6776153257,5369845.124302425,6342.146341463415,2.1397731234955195,1590281.3476232386,5369418.886814178,5854.365853658537,1590624.1879366734,5370360.832833819,5854.365853658537,1590870.007607413,5370271.361790673,6829.926829268294,1590527.1672939782,5369329.415771032,6829.926829268294
1590918.5179287605,5370787.070322066,6342.146341463415,1.6894703572509093,1590624.1879366734,5370360.832833819,5854.365853658537,1590967.0282501082,5371302.77885346,5854.365853658537,1591212.8479208476,5371213.307810313,6829.926829268294,1590870.007607413,5370271.361790673,6829.926829268294
1591261.3582421956,5371729.016341708,6342.146341463415,1.8538347934959896,1590967.0282501082,5371302.77885346,5854.365853658537,1591309.8685635433,5372244.7248731,5854.365853658537,1591555.6882342827,5372155.253829955,6829.926829268294,1591212.8479208476,5371213.307810313,6829.926829268294
1591604.1985556304,5372670.962361348,6342.146341463415,1.8211214285807764,1591309.8685635433,5372244.7248731,5854.365853658537,1591652.7088769781,5373186.6708927415,5854.365853658537,1591898.5285477175,5373097.199849595,6829.926829268294,1591555.6882342827,5372155.253829955,6829.926829268294
1591947.0388690652,5373612.908380988,6342.146341463415,2.0512066349983127,1591652.7088769781,5373186.6708927415,5854.365853658537,1591995.5491904127,5374128.616912383,5854.365853658537,1592241.3688611523,5374039.145869236,6829.926829268294,1591898.5285477175,5373097.199849595,6829.926829268294
1592289.8791824998,5374554.85440063,6342.146341463415,2.226079633019687,1591995.5491904127,5374128.616912383,5854.365853658537,1592338.3895038476,5375070.562932024,5854.365853658537,1592584.209174587,5374981.091888877,6829.926829268294,1592241.3688611523,5374039.145869236,6829.926829268294
1592632.7194959347,5375496.800420271,6342.146341463415,2.0917656249015835,1592338.3895038476,5375070.562932024,5854.365853658537,1592681.2298172824,5376012.508951664,5854.365853658537,1592927.0494880218,5375923.037908519,6829.926829268294,1592584.209174587,5374981.091888877,6829.926829268294
1592975.5598093695,5376438.746439911,6342.146341463415,1.850110545082762,1592681.2298172824,5376012.508951664,5854.365853658537,1593024.0701307172,5376954.454971305,5854.365853658537,1593269.8898014566,5376864.983928159,6829.926829268294,1592927.0494880218,5375923.037908519,6829.926829268294
1593318.4001228043,5377380.692459552,6342.146341463415,1.858945821265435,1593024.0701307172,5376954.454971305,5854.365853658537,1593366.9104441518,5377896.400990946,5854.365853658537,1593612.7301148914,5377806.929947799,6829.926829268294,1593269.8898014566,5376864.983928159,6829.926829268294
1593661.2404362392,5378322.638479194,6342.146341463415,1.3261630464040204,1593366.9104441518,5377896.400990946,5854.365853658537,1593709.7507575867,5378838.347010587,5854.365853658537,1593955.5704283265,5378748.87596744,6829.926829268294,1593612.7301148914,5377806.929947799,6829.926829268294
1594004.0807496742,5379264.584498835,6342.146341463415,0.9555941660114501,1593709.7507575867,5378838.347010587,5854.365853658537,1594052.5910710217,5379780.293030228,5854.365853658537,1594298.4107417613,5379690.821987082,6829.926829268294,1593955.5704283265,5378748.87596744,6829.926829268294
1594346.9210631088,5380206.530518475,6342.146341463415,0.8903712237523767,1594052.5910710217,5379780.293030228,5854.365853658537,1594395.4313844566,5380722.23904987,5854.365853658537,1594641.251055196,5380632.768006722,6829.926829268294,1594298.4107417613,5379690.821987082,6829.926829268294
1594689.7613765437,5381148.476538115,6342.146341463415,1.0675655376050472,1594395.4313844566,5380722.23904987,5854.365853658537,1594738.2716978914,5381664.18506951,5854.365853658537,1594984.0913686308,5381574.714026364,6829.926829268294,1594641.251055196,5380632.768006722,6829.926829268294
1595032.6016899785,5382090.422557757,6342.146341463415,1.3708482576807226,1594738.2716978914,5381664.18506951,5854.365853658537,1595081.1120113262,5382606.131089151,5854.365853658537,1595326.9316820656,5382516.660046005,6829.926829268294,1594984.0913686308,5381574.714026364,6829.926829268294
1595375.4420034133,5383032.368577398,6342.146341463415,1.3070647108647893,1595081.1120113262,5382606.131089151,5854.365853658537,1595423.9523247608,5383548.077108791,5854.365853658537,1595669.7719955004,5383458.606065646,6829.926829268294,1595326.9316820656,5382516.660046005,6829.926829268294
1543852.3743454958,5240709.048568478,7317.707317073172,3.4904556560025415,1543558.0443534087,5240282.81108023,6829.926829268294,1543900.8846668438,5241224.7570998715,6829.926829268294,1544146.7043375832,5241135.286056725,7805.48780487805,1543803.8640241483,5240193.340037084,7805.48780487805
1544195.214658931,5241650.994588119,7317.707317073172,3.5198378865862385,1543900.8846668438,5241224.7570998715,6829.926829268294,1544243.7249802786,5242166.703119512,6829.926829268294,1544489.544651018,5242077.232076366,7805.48780487805,1544146.7043375832,5241135.286056725,7805.48780487805
1544538.0549723657,5242592.940607759,7317.707317073172,3.340125916102874,1544243.7249802786,5242166.703119512,6829.926829268294,1544586.5652937132,5243108.649139154,6829.926829268294,1544832.3849644528,5243019.178096007,7805.48780487805,1544489.544651018,5242077.232076366,7805.48780487805
1544880.8952858006,5243534.8866274,7317.707317073172,3.3395438461241196,1544586.5652937132,5243108.649139154,6829.926829268294,1544929.405607148,5244050.595158794,6829.926829268294,1545175.2252778877,5243961.124115647,7805.48780487805,1544832.3849644528,5243019.178096007,7805.48780487805
1545223.7355992352,5244476.832647041,7317.707317073172,3.549894335630274,1544929.405607148,5244050.595158794,6829.926829268294,1545272.245920583,5244992.541178435,6829.926829268294,1545518.0655913223,5244903.070135289,7805.48780487805,1545175.2252778877,5243961.124115647,7805.48780487805
1545566.57591267,5245418.778666683,7317.707317073172,4.198566464322938,1545272.245920583,5244992.541178435,6829.926829268294,1545615.0862340177,5245934.487198075,6829.926829268294,1545860.905904757,5245845.016154929,7805.48780487805,1545518.0655913223,5244903.070135289,7805.48780487805
1545909.4162261048,5246360.724686323,7317.707317073172,4.88938737486983,1545615.0862340177,5245934.487198075,6829.926829268294,1545957.9265474526,5246876.433217716,6829.926829268294,1546203.746218192,5246786.96217457,7805.48780487805,1545860.905904757,5245845.016154929,7805.48780487805
1546252.2565395397,5247302.670705964,7317.707317073172,4.458957044196924,1545957.9265474526,5246876.433217716,6829.926829268294,1546300.7668608872,5247818.3792373575,6829.926829268294,1546546.5865316268,5247728.90819421,7805.48780487805,1546203.746218192,5246786.96217457,7805.48780487805
1546595.0968529747,5248244.616725604,7317.707317073172,3.8053631285543768,1546300.7668608872,5247818.3792373575,6829.926829268294,1546643.6071743222,5248760.325256998,6829.926829268294,1546889.4268450616,5248670.854213852,7805.48780487805,1546546.5865316268,5247728.90819421,7805.48780487805
1546937.9371664093,5249186.562745245,7317.707317073172,3.1003044327834326,1546643.6071743222,5248760.325256998,6829.926829268294,1546986.447487757,5249702.271276639,6829.926829268294,1547232.2671584964,5249612.800233493,7805.48780487805,1546889.4268450616,5248670.854213852,7805.48780487805
1547280.7774798442,5250128.508764886,7317.707317073172,3.395789630231167,1546986.447487757,5249702.271276639,6829.926829268294,1547329.287801192,5250644.21729628,6829.926829268294,1547575.1074719313,5250554.746253134,7805.48780487805,1547232.2671584964,5249612.800233493,7805.48780487805
1547623.6177932788,5251070.454784527,7317.707317073172,2.9919372907109003,1547329.287801192,5250644.21729628,6829.926829268294,1547672.1281146265,5251586.163315921,6829.926829268294,1547917.947785366,5251496.692272775,7805.48780487805,1547575.1074719313,5250554.746253134,7805.48780487805
1547966.4581067136,5252012.400804169,7317.707317073172,2.8875486732263975,1547672.1281146265,5251586.163315921,6829.926829268294,1548014.9684280613,5252528.109335561,6829.926829268294,1548260.788098801,5252438.638292416,7805.48780487805,1547917.947785366,5251496.692272775,7805.48780487805
1548309.2984201484,5252954.346823809,7317.707317073172,3.065121203110859,1548014.9684280613,5252528.109335561,6829.926829268294,1548357.8087414962,5253470.055355203,6829.926829268294,1548603.6284122355,5253380.584312056,7805.48780487805,1548260.788098801,5252438.638292416,7805.48780487805
1548652.1387335833,5253896.29284345,7317.707317073172,3.0165061086106584,1548357.8087414962,5253470.055355203,6829.926829268294,1548700.649054931,5254412.0013748435,6829.926829268294,1548946.4687256704,5254322.530331697,7805.48780487805,1548603.6284122355,5253380.584312056,7805.48780487805
1548994.979047018,5254838.238863091,7317.707317073172,3.0991775770860968,1548700.649054931,5254412.0013748435,6829.926829268294,1549043.4893683656,5255353.947394485,6829.926829268294,1549289.3090391054,5255264.476351338,7805.48780487805,1548946.4687256704,5254322.530331697,7805.48780487805
1549337.8193604532,5255780.184882731,7317.707317073172,2.4063005124434294,1549043.4893683656,5255353.947394485,6829.926829268294,1549386.329681801,5256295.893414125,6829.926829268294,1549632.1493525403,5256206.42237098,7805.48780487805,1549289.3090391054,5255264.476351338,7805.48780487805
1549680.659673888,5256722.130902372,7317.707317073172,2.437654498995157,1549386.329681801,5256295.893414125,6829.926829268294,1549729.1699952355,5257237.839433767,6829.926829268294,1549974.989665975,5257148.36839062,7805.48780487805,1549632.1493525403,5256206.42237098,7805.48780487805
1550023.4999873226,5257664.076922014,7317.707317073172,2.536336012837358,1549729.1699952355,5257237.839433767,6829.926829268294,1550072.0103086703,5258179.785453407,6829.926829268294,1550317.8299794097,5258090.314410261,7805.48780487805,1549974.989665975,5257148.36839062,7805.48780487805
1550366.3403007574,5258606.022941655,7317.707317073172,2.3025939356799325,1550072.0103086703,5258179.785453407,6829.926829268294,1550414.8506221052,5259121.731473048,6829.926829268294,1550660.6702928445,5259032.260429902,7805.48780487805,1550317.8299794097,5258090.314410261,7805.48780487805
1550709.1806141923,5259547.968961296,7317.707317073172,2.4157476401797116,1550414.8506221052,5259121.731473048,6829.926829268294,1550757.69093554,5260063.677492688,6829.926829268294,1551003.5106062794,5259974.206449543,7805.48780487805,1550660.6702928445,5259032.260429902,7805.48780487805
1551052.020927627,5260489.914980936,7317.707317073172,2.5464936284196273,1550757.69093554,5260063.677492688,6829.926829268294,1551100.5312489746,5261005.62351233,6829.926829268294,1551346.3509197142,5260916.152469183,7805.48780487805,1551003.5106062794,5259974.206449543,7805.48780487805
1551394.861241062,5261431.861000578,7317.707317073172,2.3372949459623777,1551100.5312489746,5261005.62351233,6829.926829268294,1551443.3715624094,5261947.569531971,6829.926829268294,1551689.191233149,5261858.098488824,7805.48780487805,1551346.3509197142,5260916.152469183,7805.48780487805
1551737.7015544968,5262373.807020218,7317.707317073172,2.8510069533157427,1551443.3715624094,5261947.569531971,6829.926829268294,1551786.2118758445,5262889.515551612,6829.926829268294,1552032.0315465839,5262800.044508466,7805.48780487805,1551689.191233149,5261858.098488824,7805.48780487805
1552080.5418679316,5263315.753039858,7317.707317073172,3.414553312854777,1551786.2118758445,5262889.515551612,6829.926829268294,1552129.0521892793,5263831.461571253,6829.926829268294,1552374.8718600187,5263741.990528107,7805.48780487805,1552032.0315465839,5262800.044508466,7805.48780487805
1552423.3821813664,5264257.699059499,7317.707317073172,3.352108329967481,1552129.0521892793,5263831.461571253,6829.926829268294,1552471.892502714,5264773.407590894,6829.926829268294,1552717.7121734535,5264683.936547747,7805.48780487805,1552374.8718600187,5263741.990528107,7805.48780487805
1552766.2224948013,5265199.6450791415,7317.707317073172,3.4479241435942414,1552471.892502714,5264773.407590894,6829.926829268294,1552814.7328161488,5265715.353610534,6829.926829268294,1553060.5524868884,5265625.882567388,7805.48780487805,1552717.7121734535,5264683.936547747,7805.48780487805
1553109.062808236,5266141.591098782,7317.707317073172,3.8046100804829868,1552814.7328161488,5265715.353610534,6829.926829268294,1553157.5731295836,5266657.299630175,6829.926829268294,1553403.392800323,5266567.828587029,7805.48780487805,1553060.5524868884,5265625.882567388,7805.48780487805
1553451.9031216707,5267083.537118422,7317.707317073172,4.291401050924069,1553157.5731295836,5266657.299630175,6829.926829268294,1553500.4134430184,5267599.2456498165,6829.926829268294,1553746.2331137578,5267509.774606669,7805.48780487805,1553403.392800323,5266567.828587029,7805.48780487805
1553794.7434351055,5268025.483138064,7317.707317073172,4.810340971434666,1553500.4134430184,5267599.2456498165,6829.926829268294,1553843.2537564533,5268541.191669457,6829.926829268294,1554089.0734271926,5268451.72062631,7805.48780487805,1553746.2331137578,5267509.774606669,7805.48780487805
1554137.5837485401,5268967.429157704,7317.707317073172,4.729987119763401,1553843.2537564533,5268541.191669457,6829.926829268294,1554186.094069888,5269483.137689098,6829.926829268294,1554431.9137406275,5269393.666645952,7805.48780487805,1554089.0734271926,5268451.72062631,7805.48780487805
1554480.4240619752,5269909.375177345,7317.707317073172,5.202269627038678,1554186.094069888,5269483.137689098,6829.926829268294,1554528.934383323,5270425.083708738,6829.926829268294,1554774.7540540623,5270335.612665593,7805.48780487805,1554431.9137406275,5269393.666645952,7805.48780487805
1554823.26437541,5270851.321196985,7317.707317073172,5.1764887050259585,1554528.934383323,5270425.083708738,6829.926829268294,1554871.7746967578,5271367.02972838,6829.926829268294,1555117.5943674971,5271277.558685233,7805.48780487805,1554774.7540540623,5270335.612665593,7805.48780487805
1555166.1046888449,5271793.267216627,7317.707317073172,5.29159162562216,1554871.7746967578,5271367.02972838,6829.926829268294,1555214.6150101926,5272308.97574802,6829.926829268294,1555460.434680932,5272219.504704874,7805.48780487805,1555117.5943674971,5271277.558685233,7805.48780487805
1555508.9450022797,5272735.213236268,7317.707317073172,5.826642529139446,1555214.6150101926,5272308.97574802,6829.926829268294,1555557.4553236272,5273250.921767661,6829.926829268294,1555803.2749943668,5273161.450724515,7805.48780487805,1555460.434680932,5272219.504704874,7805.48780487805
1555851.7853157145,5273677.159255909,7317.707317073172,6.102974003453238,1555557.4553236272,5273250.921767661,6829.926829268294,1555900.295637062,5274192.8677873025,6829.926829268294,1556146.1153078016,5274103.396744156,7805.48780487805,1555803.2749943668,5273161.450724515,7805.48780487805
1556194.6256291491,5274619.105275549,7317.707317073172,6.36790396919954,1555900.295637062,5274192.8677873025,6829.926829268294,1556243.135950497,5275134.813806944,6829.926829268294,1556488.9556212362,5275045.342763796,7805.48780487805,1556146.1153078016,5274103.396744156,7805.48780487805
1556537.465942584,5275561.051295191,7317.707317073172,5.756129845592343,1556243.135950497,5275134.813806944,6829.926829268294,1556585.9762639317,5276076.759826584,6829.926829268294,1556831.795934671,5275987.2887834385,7805.48780487805,1556488.9556212362,5275045.342763796,7805.48780487805
1556880.3062560188,5276502.997314831,7317.707317073172,5.0086631687227605,1556585.9762639317,5276076.759826584,6829.926829268294,1556928.8165773663,5277018.705846225,6829.926829268294,1557174.6362481061,5276929.234803079,7805.48780487805,1556831.795934671,5275987.2887834385,7805.48780487805
1557223.1465694539,5277444.943334472,7317.707317073172,5.277217196554353,1556928.8165773663,5277018.705846225,6829.926829268294,1557271.6568908014,5277960.651865866,6829.926829268294,1557517.476561541,5277871.18082272,7805.48780487805,1557174.6362481061,5276929.234803079,7805.48780487805
1557565.9868828885,5278386.889354113,7317.707317073172,6.7867938982654845,1557271.6568908014,5277960.651865866,6829.926829268294,1557614.4972042362,5278902.597885507,6829.926829268294,1557860.3168749756,5278813.12684236,7805.48780487805,1557517.476561541,5277871.18082272,7805.48780487805
1557908.8271963233,5279328.835373754,7317.707317073172,7.886387754237907,1557614.4972042362,5278902.597885507,6829.926829268294,1557957.337517671,5279844.543905147,6829.926829268294,1558203.1571884104,5279755.072862001,7805.48780487805,1557860.3168749756,5278813.12684236,7805.48780487805
1558251.6675097581,5280270.781393395,7317.707317073172,8.40335730360536,1557957.337517671,5279844.543905147,6829.926829268294,1558300.177831106,5280786.4899247885,6829.926829268294,1558545.9975018452,5280697.018881642,7805.48780487805,1558203.1571884104,5279755.072862001,7805.48780487805
1558594.507823193,5281212.727413036,7317.707317073172,9.66892491363712,1558300.177831106,5280786.4899247885,6829.926829268294,1558643.0181445405,5281728.43594443,6829.926829268294,1558888.83781528,5281638.964901282,7805.48780487805,1558545.9975018452,5280697.018881642,7805.48780487805
1558937.3481366278,5282154.673432677,7317.707317073172,9.775345445810407,1558643.0181445405,5281728.43594443,6829.926829268294,1558985.8584579753,5282670.38196407,6829.926829268294,1559231.6781287147,5282580.910920924,7805.48780487805,1558888.83781528,5281638.964901282,7805.48780487805
1559280.1884500624,5283096.619452317,7317.707317073172,9.488285703888208,1558985.8584579753,5282670.38196407,6829.926829268294,1559328.6987714102,5283612.327983711,6829.926829268294,1559574.5184421495,5283522.856940565,7805.48780487805,1559231.6781287147,5282580.910920924,7805.48780487805
1559623.0287634972,5284038.565471958,7317.707317073172,9.117212113762292,1559328.6987714102,5283612.327983711,6829.926829268294,1559671.5390848452,5284554.274003351,6829.926829268294,1559917.3587555846,5284464.802960206,7805.48780487805,1559574.5184421495,5283522.856940565,7805.48780487805
1559965.8690769323,5284980.5114915995,7317.707317073172,7.802992136602206,1559671.5390848452,5284554.274003351,6829.926829268294,1560014.37939828,5285496.220022993,6829.926829268294,1560260.1990690194,5285406.748979847,7805.48780487805,1559917.3587555846,5284464.802960206,7805.48780487805
1560308.709390367,5285922.457511241,7317.707317073172,7.758469316286318,1560014.37939828,5285496.220022993,6829.926829268294,1560357.2197117147,5286438.166042634,6829.926829268294,1560603.0393824542,5286348.694999488,7805.48780487805,1560260.1990690194,5285406.748979847,7805.48780487805
1560651.5497038017,5286864.403530881,7317.707317073172,8.4142126526683,1560357.2197117147,5286438.166042634,6829.926829268294,1560700.0600251495,5287380.1120622745,6829.926829268294,1560945.879695889,5287290.641019128,7805.48780487805,1560603.0393824542,5286348.694999488,7805.48780487805
1560994.3900172366,5287806.349550522,7317.707317073172,7.562564093391571,1560700.0600251495,5287380.1120622745,6829.926829268294,1561042.9003385843,5288322.0580819165,6829.926829268294,1561288.7200093237,5288232.587038769,7805.48780487805,1560945.879695889,5287290.641019128,7805.48780487805
1561337.2303306714,5288748.295570163,7317.707317073172,6.957209007159862,1561042.9003385843,5288322.0580819165,6829.926829268294,1561385.7406520192,5289264.004101557,6829.926829268294,1561631.5603227585,5289174.53305841,7805.48780487805,1561288.7200093237,5288232.587038769,7805.48780487805
1561680.0706441063,5289690.241589804,7317.707317073172,7.630181162816863,1561385.7406520192,5289264.004101557,6829.926829268294,1561728.580965454,5290205.950121197,6829.926829268294,1561974.4006361933,5290116.479078052,7805.48780487805,1561631.5603227585,5289174.53305841,7805.48780487805
1562022.910957541,5290632.187609444,7317.707317073172,9.313434618956261,1561728.580965454,5290205.950121197,6829.926829268294,1562071.4212788886,5291147.896140838,6829.926829268294,1562317.2409496282,5291058.425097692,7805.48780487805,1561974.4006361933,5290116.479078052,7805.48780487805
1562365.751270976,5291574.1336290855,7317.707317073172,10.928579098523725,1562071.4212788886,5291147.896140838,6829.926829268294,1562414.2615923237,5292089.842160479,6829.926829268294,1562660.0812630632,5292000.371117333,7805.48780487805,1562317.2409496282,5291058.425097692,7805.48780487805
1562708.5915844108,5292516.079648727,7317.707317073172,10.332988383115412,1562414.2615923237,5292089.842160479,6829.926829268294,1562757.1019057585,5293031.78818012,6829.926829268294,1563002.9215764978,5292942.317136973,7805.48780487805,1562660.0812630632,5292000.371117333,7805.48780487805
1563051.4318978456,5293458.025668368,7317.707317073172,11.343309374792131,1562757.1019057585,5293031.78818012,6829.926829268294,1563099.9422191933,5293973.7341997605,6829.926829268294,1563345.7618899327,5293884.263156615,7805.48780487805,1563002.9215764978,5292942.317136973,7805.48780487805
1563394.2722112804,5294399.971688008,7317.707317073172,10.337622524417899,1563099.9422191933,5293973.7341997605,6829.926829268294,1563442.782532628,5294915.680219402,6829.926829268294,1563688.6022033675,5294826.209176255,7805.48780487805,1563345.7618899327,5293884.263156615,7805.48780487805
1563737.1125247153,5295341.917707648,7317.707317073172,11.244349479362667,1563442.782532628,5294915.680219402,6829.926829268294,1563785.6228460628,5295857.626239043,6829.926829268294,1564031.4425168023,5295768.1551958965,7805.48780487805,1563688.6022033675,5294826.209176255,7805.48780487805
1564079.95283815,5296283.86372729,7317.707317073172,10.76201450778947,1563785.6228460628,5295857.626239043,6829.926829268294,1564128.4631594976,5296799.572258684,6829.926829268294,1564374.282830237,5296710.101215538,7805.48780487805,1564031.4425168023,5295768.1551958965,7805.48780487805
1564422.7931515847,5297225.809746931,7317.707317073172,9.644971833223254,1564128.4631594976,5296799.572258684,6829.926829268294,1564471.3034729324,5297741.518278324,6829.926829268294,1564717.1231436718,5297652.047235179,7805.48780487805,1564374.282830237,5296710.101215538,7805.48780487805
1564765.6334650195,5298167.7557665715,7317.707317073172,10.904287560159833,1564471.3034729324,5297741.518278324,6829.926829268294,1564814.143786367,5298683.464297966,6829.926829268294,1565059.9634571068,5298593.993254819,7805.48780487805,1564717.1231436718,5297652.047235179,7805.48780487805
1565108.4737784546,5299109.701786213,7317.707317073172,12.645319583295223,1564814.143786367,5298683.464297966,6829.926829268294,1565156.984099802,5299625.410317606,6829.926829268294,1565402.8037705417,5299535.93927446,7805.48780487805,1565059.9634571068,5298593.993254819,7805.48780487805
1565451.3140918894,5300051.647805854,7317.707317073172,12.809832636143632,1565156.984099802,5299625.410317606,6829.926829268294,1565499.824413237,5300567.356337247,6829.926829268294,1565745.6440839763,5300477.885294101,7805.48780487805,1565402.8037705417,5299535.93927446,7805.48780487805
1565794.154405324,5300993.593825495,7317.707317073172,11.941439923401118,1565499.824413237,5300567.356337247,6829.926829268294,1565842.6647266718,5301509.302356888,6829.926829268294,1566088.484397411,5301419.831313741,7805.48780487805,1565745.6440839763,5300477.885294101,7805.48780487805
1566136.9947187589,5301935.539845135,7317.707317073172,9.479318279958358,1565842.6647266718,5301509.302356888,6829.926829268294,1566185.5050401066,5302451.24837653,6829.926829268294,1566431.324710846,5302361.7773333825,7805.48780487805,1566088.484397411,5301419.831313741,7805.48780487805
1566479.8350321935,5302877.485864776,7317.707317073172,8.896907134203241,1566185.5050401066,5302451.24837653,6829.926829268294,1566528.3453535412,5303393.19439617,6829.926829268294,1566774.1650242808,5303303.723353023,7805.48780487805,1566431.324710846,5302361.7773333825,7805.48780487805
1566822.6753456283,5303819.431884416,7317.707317073172,7.189995025810769,1566528.3453535412,5303393.19439617,6829.926829268294,1566871.185666976,5304335.14041581,6829.926829268294,1567117.0053377156,5304245.669372665,7805.48780487805,1566774.1650242808,5303303.723353023,7805.48780487805
1567165.5156590631,5304761.3779040575,7317.707317073172,6.025371390897414,1566871.185666976,5304335.14041581,6829.926829268294,1567214.0259804109,5305277.086435451,6829.926829268294,1567459.8456511502,5305187.615392305,7805.48780487805,1567117.0053377156,5304245.669372665,7805.48780487805
1567508.355972498,5305703.323923699,7317.707317073172,5.765178126658202,1567214.0259804109,5305277.086435451,6829.926829268294,1567556.8662938457,5306219.032455092,6829.926829268294,1567802.6859645853,5306129.561411946,7805.48780487805,1567459.8456511502,5305187.615392305,7805.48780487805
1567851.196285933,5306645.26994334,7317.707317073172,5.450254090724326,1567556.8662938457,5306219.032455092,6829.926829268294,1567899.7066072805,5307160.978474733,6829.926829268294,1568145.52627802,5307071.507431586,7805.48780487805,1567802.6859645853,5306129.561411946,7805.48780487805
1568194.0365993679,5307587.215962981,7317.707317073172,5.1079143225763035,1567899.7066072805,5307160.978474733,6829.926829268294,1568242.5469207154,5308102.924494374,6829.926829268294,1568488.366591455,5308013.453451228,7805.48780487805,1568145.52627802,5307071.507431586,7805.48780487805
1568536.8769128025,5308529.161982621,7317.707317073172,4.461117293262979,1568242.5469207154,5308102.924494374,6829.926829268294,1568585.3872341502,5309044.870514015,6829.926829268294,1568831.2069048896,5308955.3994708685,7805.48780487805,1568488.366591455,5308013.453451228,7805.48780487805
1568879.7172262373,5309471.108002262,7317.707317073172,3.653817233418616,1568585.3872341502,5309044.870514015,6829.926829268294,1568928.227547585,5309986.816533656,6829.926829268294,1569174.0472183244,5309897.34549051,7805.48780487805,1568831.2069048896,5308955.3994708685,7805.48780487805
1569222.5575396721,5310413.054021903,7317.707317073172,3.4166034035258916,1568928.227547585,5309986.816533656,6829.926829268294,1569271.0678610196,5310928.762553297,6829.926829268294,1569516.8875317592,5310839.291510151,7805.48780487805,1569174.0472183244,5309897.34549051,7805.48780487805
1569565.397853107,5311355.0000415435,7317.707317073172,3.239941852068166,1569271.0678610196,5310928.762553297,6829.926829268294,1569613.9081744545,5311870.708572937,6829.926829268294,1569859.727845194,5311781.237529792,7805.48780487805,1569516.8875317592,5310839.291510151,7805.48780487805
1569908.2381665416,5312296.946061185,7317.707317073172,3.6807924243138093,1569613.9081744545,5311870.708572937,6829.926829268294,1569956.7484878893,5312812.654592579,6829.926829268294,1570202.5681586287,5312723.183549432,7805.48780487805,1569859.727845194,5311781.237529792,7805.48780487805
1570251.0784799766,5313238.892080826,7317.707317073172,4.400689930171697,1569956.7484878893,5312812.654592579,6829.926829268294,1570299.5888013244,5313754.600612219,6829.926829268294,1570545.4084720637,5313665.129569073,7805.48780487805,1570202.5681586287,5312723.183549432,7805.48780487805
1570593.9187934115,5314180.838100467,7317.707317073172,4.328216168983786,1570299.5888013244,5313754.600612219,6829.926829268294,1570642.4291147592,5314696.546631861,6829.926829268294,1570888.2487854986,5314607.075588714,7805.48780487805,1570545.4084720637,5313665.129569073,7805.48780487805
1570936.7591068463,5315122.784120107,7317.707317073172,4.886810338680319,1570642.4291147592,5314696.546631861,6829.926829268294,1570985.2694281938,5315638.492651501,6829.926829268294,1571231.0890989334,5315549.0216083545,7805.48780487805,1570888.2487854986,5314607.075588714,7805.48780487805
1571279.5994202811,5316064.730139748,7317.707317073172,5.732732318070573,1570985.2694281938,5315638.492651501,6829.926829268294,1571328.1097416286,5316580.438671143,6829.926829268294,1571573.9294123682,5316490.967627996,7805.48780487805,1571231.0890989334,5315549.0216083545,7805.48780487805
1571622.439733716,5317006.67615939,7317.707317073172,6.377212797842745,1571328.1097416286,5316580.438671143,6829.926829268294,1571670.9500550635,5317522.384690783,6829.926829268294,1571916.769725803,5317432.913647637,7805.48780487805,1571573.9294123682,5316490.967627996,7805.48780487805
1571965.2800471508,5317948.62217903,7317.707317073172,7.428694404370448,1571670.9500550635,5317522.384690783,6829.926829268294,1572013.7903684983,5318464.330710424,6829.926829268294,1572259.6100392377,5318374.859667278,7805.48780487805,1571916.769725803,5317432.913647637,7805.48780487805
1572308.1203605854,5318890.568198671,7317.707317073172,8.932709124732758,1572013.7903684983,5318464.330710424,6829.926829268294,1572356.6306819331,5319406.276730064,6829.926829268294,1572602.4503526725,5319316.805686919,7805.48780487805,1572259.6100392377,5318374.859667278,7805.48780487805
1572650.9606740202,5319832.514218312,7317.707317073172,9.403479708238754,1572356.6306819331,5319406.276730064,6829.926829268294,1572699.470995368,5320348.222749706,6829.926829268294,1572945.2906661076,5320258.751706559,7805.48780487805,1572602.4503526725,5319316.805686919,7805.48780487805
1572993.800987455,5320774.460237954,7317.707317073172,9.0314919056676,1572699.470995368,5320348.222749706,6829.926829268294,1573042.3113088028,5321290.168769347,6829.926829268294,1573288.1309795424,5321200.697726201,7805.48780487805,1572945.2906661076,5320258.751706559,7805.48780487805
1573336.64130089,5321716.406257594,7317.707317073172,9.757789559574574,1573042.3113088028,5321290.168769347,6829.926829268294,1573385.1516222376,5322232.114788988,6829.926829268294,1573630.971292977,5322142.643745841,7805.48780487805,1573288.1309795424,5321200.697726201,7805.48780487805
1573679.4816143247,5322658.352277234,7317.707317073172,9.464161221679634,1573385.1516222376,5322232.114788988,6829.926829268294,1573727.9919356725,5323174.060808629,6829.926829268294,1573973.8116064118,5323084.589765482,7805.48780487805,1573630.971292977,5322142.643745841,7805.48780487805
1574022.3219277596,5323600.298296875,7317.707317073172,9.000351842758956,1573727.9919356725,5323174.060808629,6829.926829268294,1574070.8322491073,5324116.00682827,6829.926829268294,1574316.6519198467,5324026.535785123,7805.48780487805,1573973.8116064118,5323084.589765482,7805.48780487805
1574365.1622411944,5324542.244316517,7317.707317073172,8.288801558507306,1574070.8322491073,5324116.00682827,6829.926829268294,1574413.672562542,5325057.95284791,6829.926829268294,1574659.4922332815,5324968.481804764,7805.48780487805,1574316.6519198467,5324026.535785123,7805.48780487805
1574708.002554629,5325484.190336158,7317.707317073172,8.117275450735136,1574413.672562542,5325057.95284791,6829.926829268294,1574756.5128759767,5325999.89886755,6829.926829268294,1575002.3325467163,5325910.427824405,7805.48780487805,1574659.4922332815,5324968.481804764,7805.48780487805
1575050.8428680638,5326426.136355798,7317.707317073172,8.742128835771197,1574756.5128759767,5325999.89886755,6829.926829268294,1575099.3531894116,5326941.844887192,6829.926829268294,1575345.172860151,5326852.373844045,7805.48780487805,1575002.3325467163,5325910.427824405,7805.48780487805
1575393.6831814987,5327368.082375439,7317.707317073172,9.252236096774853,1575099.3531894116,5326941.844887192,6829.926829268294,1575442.1935028464,5327883.790906833,6829.926829268294,1575688.013173586,5327794.319863686,7805.48780487805,1575345.172860151,5326852.373844045,7805.48780487805
1575736.5234949337,5328310.02839508,7317.707317073172,9.034966129774933,1575442.1935028464,5327883.790906833,6829.926829268294,1575785.0338162812,5328825.736926474,6829.926829268294,1576030.8534870208,5328736.265883327,7805.48780487805,1575688.013173586,5327794.319863686,7805.48780487805
1576079.3638083686,5329251.974414721,7317.707317073172,7.408561973971192,1575785.0338162812,5328825.736926474,6829.926829268294,1576127.874129716,5329767.682946114,6829.926829268294,1576373.6938004557,5329678.211902969,7805.48780487805,1576030.8534870208,5328736.265883327,7805.48780487805
1576422.2041218034,5330193.920434361,7317.707317073172,6.509788558283773,1576127.874129716,5329767.682946114,6829.926829268294,1576470.714443151,5330709.628965756,6829.926829268294,1576716.5341138903,5330620.157922609,7805.48780487805,1576373.6938004557,5329678.211902969,7805.48780487805
1576765.044435238,5331135.866454003,7317.707317073172,6.642409825726567,1576470.714443151,5330709.628965756,6829.926829268294,1576813.5547565857,5331651.574985396,6829.926829268294,1577059.374427325,5331562.10394225,7805.48780487805,1576716.5341138903,5330620.157922609,7805.48780487805
1577107.8847486728,5332077.812473644,7317.707317073172,6.483369061709206,1576813.5547565857,5331651.574985396,6829.926829268294,1577156.3950700206,5332593.521005037,6829.926829268294,1577402.21474076,5332504.049961891,7805.48780487805,1577059.374427325,5331562.10394225,7805.48780487805
1577450.7250621077,5333019.758493285,7317.707317073172,5.4388008095232205,1577156.3950700206,5332593.521005037,6829.926829268294,1577499.2353834552,5333535.467024678,6829.926829268294,1577745.0550541948,5333445.995981532,7805.48780487805,1577402.21474076,5332504.049961891,7805.48780487805
1577793.5653755425,5333961.704512925,7317.707317073172,5.500165816033201,1577499.2353834552,5333535.467024678,6829.926829268294,1577842.07569689,5334477.4130443195,6829.926829268294,1578087.8953676294,5334387.942001172,7805.48780487805,1577745.0550541948,5333445.995981532,7805.48780487805
1578136.4056889773,5334903.650532566,7317.707317073172,4.89284972015899,1577842.07569689,5334477.4130443195,6829.926829268294,1578184.916010325,5335419.35906396,6829.926829268294,1578430.7356810644,5335329.888020814,7805.48780487805,1578087.8953676294,5334387.942001172,7805.48780487805
1578479.2460024122,5335845.596552207,7317.707317073172,5.1048728346239045,1578184.916010325,5335419.35906396,6829.926829268294,1578527.75632376,5336361.305083601,6829.926829268294,1578773.5759944993,5336271.834040455,7805.48780487805,1578430.7356810644,5335329.888020814,7805.48780487805
1578822.0863158468,5336787.542571848,7317.707317073172,4.778146663803933,1578527.75632376,5336361.305083601,6829.926829268294,1578870.5966371945,5337303.251103242,6829.926829268294,1579116.416307934,5337213.780060096,7805.48780487805,1578773.5759944993,5336271.834040455,7805.48780487805
1579164.9266292816,5337729.488591488,7317.707317073172,4.224080273304371,1578870.5966371945,5337303.251103242,6829.926829268294,1579213.4369506293,5338245.197122883,6829.926829268294,1579459.256621369,5338155.726079736,7805.48780487805,1579116.416307934,5337213.780060096,7805.48780487805
1579507.7669427164,5338671.43461113,7317.707317073172,4.674068432492271,1579213.4369506293,5338245.197122883,6829.926829268294,1579556.2772640642,5339187.143142523,6829.926829268294,1579802.0969348035,5339097.672099377,7805.48780487805,1579459.256621369,5338155.726079736,7805.48780487805
1579850.6072561513,5339613.380630771,7317.707317073172,4.923881694796637,1579556.2772640642,5339187.143142523,6829.926829268294,1579899.117577499,5340129.089162164,6829.926829268294,1580144.9372482384,5340039.618119018,7805.48780487805,1579802.0969348035,5339097.672099377,7805.48780487805
1580193.447569586,5340555.326650412,7317.707317073172,4.792098077587736,1579899.117577499,5340129.089162164,6829.926829268294,1580241.9578909336,5341071.0351818055,6829.926829268294,1580487.7775616732,5340981.564138658,7805.48780487805,1580144.9372482384,5340039.618119018,7805.48780487805
1580536.287883021,5341497.272670053,7317.707317073172,5.062075565150572,1580241.9578909336,5341071.0351818055,6829.926829268294,1580584.7982043684,5342012.981201446,6829.926829268294,1580830.617875108,5341923.5101582995,7805.48780487805,1580487.7775616732,5340981.564138658,7805.48780487805
1580879.1281964558,5342439.218689693,7317.707317073172,5.868377254283463,1580584.7982043684,5342012.981201446,6829.926829268294,1580927.6385178035,5342954.927221087,6829.926829268294,1581173.4581885429,5342865.456177941,7805.48780487805,1580830.617875108,5341923.5101582995,7805.48780487805
1581221.9685098906,5343381.164709333,7317.707317073172,5.96077838056698,1580927.6385178035,5342954.927221087,6829.926829268294,1581270.4788312383,5343896.873240728,6829.926829268294,1581516.2985019777,5343807.402197582,7805.48780487805,1581173.4581885429,5342865.456177941,7805.48780487805
1581564.8088233254,5344323.110728974,7317.707317073172,6.124653810272067,1581270.4788312383,5343896.873240728,6829.926829268294,1581613.3191446732,5344838.819260369,6829.926829268294,1581859.1388154125,5344749.348217222,7805.48780487805,1581516.2985019777,5343807.402197582,7805.48780487805
1581907.6491367603,5345265.0567486165,7317.707317073172,6.42815301300112,1581613.3191446732,5344838.819260369,6829.926829268294,1581956.159458108,5345780.76528001,6829.926829268294,1582201.9791288474,5345691.294236864,7805.48780487805,1581859.1388154125,5344749.348217222,7805.48780487805
1582250.489450195,5346207.002768257,7317.707317073172,7.463334918521893,1581956.159458108,5345780.76528001,6829.926829268294,1582298.9997715426,5346722.71129965,6829.926829268294,1582544.8194422822,5346633.240256504,7805.48780487805,1582201.9791288474,5345691.294236864,7805.48780487805
1582593.32976363,5347148.948787898,7317.707317073172,9.19292342317694,1582298.9997715426,5346722.71129965,6829.926829268294,1582641.8400849774,5347664.6573192915,6829.926829268294,1582887.659755717,5347575.186276145,7805.48780487805,1582544.8194422822,5346633.240256504,7805.48780487805
1582936.1700770645,5348090.894807538,7317.707317073172,10.900508227270581,1582641.8400849774,5347664.6573192915,6829.926829268294,1582984.6803984123,5348606.603338933,6829.926829268294,1583230.5000691516,5348517.1322957855,7805.48780487805,1582887.659755717,5347575.186276145,7805.48780487805
1583279.0103904994,5349032.84082718,7317.707317073172,12.124772720629517,1582984.6803984123,5348606.603338933,6829.926829268294,1583327.520711847,5349548.549358573,6829.926829268294,1583573.3403825867,5349459.0783154275,7805.48780487805,1583230.5000691516,5348517.1322957855,7805.48780487805
1583621.8507039344,5349974.78684682,7317.707317073172,11.366623959986294,1583327.520711847,5349548.549358573,6829.926829268294,1583670.361025282,5350490.495378214,6829.926829268294,1583916.1806960215,5350401.024335068,7805.48780487805,1583573.3403825867,5349459.0783154275,7805.48780487805
1583964.6910173693,5350916.73286646,7317.707317073172,11.86618290558771,1583670.361025282,5350490.495378214,6829.926829268294,1584013.2013387168,5351432.441397855,6829.926829268294,1584259.0210094564,5351342.970354709,7805.48780487805,1583916.1806960215,5350401.024335068,7805.48780487805
1584307.531330804,5351858.6788861025,7317.707317073172,11.92252180002472,1584013.2013387168,5351432.441397855,6829.926829268294,1584356.0416521516,5352374.387417496,6829.926829268294,1584601.861322891,5352284.916374349,7805.48780487805,1584259.0210094564,5351342.970354709,7805.48780487805
1584650.3716442387,5352800.624905744,7317.707317073172,11.393739991151934,1584356.0416521516,5352374.387417496,6829.926829268294,1584698.8819655864,5353316.333437136,6829.926829268294,1584944.7016363258,5353226.862393991,7805.48780487805,1584601.861322891,5352284.916374349,7805.48780487805
1584993.2119576735,5353742.570925384,7317.707317073172,9.597133583894779,1584698.8819655864,5353316.333437136,6829.926829268294,1585041.7222790213,5354258.2794567775,6829.926829268294,1585287.5419497606,5354168.808413631,7805.48780487805,1584944.7016363258,5353226.862393991,7805.48780487805
1585336.0522711081,5354684.516945025,7317.707317073172,10.160509225733295,1585041.7222790213,5354258.2794567775,6829.926829268294,1585384.562592456,5355200.225476419,6829.926829268294,1585630.3822631955,5355110.754433272,7805.48780487805,1585287.5419497606,5354168.808413631,7805.48780487805
1585678.892584543,5355626.462964666,7317.707317073172,9.744154762804387,1585384.562592456,5355200.225476419,6829.926829268294,1585727.4029058907,5356142.17149606,6829.926829268294,1585973.22257663,5356052.7004529135,7805.48780487805,1585630.3822631955,5355110.754433272,7805.48780487805
1586021.7328979778,5356568.408984307,7317.707317073172,8.785446846965327,1585727.4029058907,5356142.17149606,6829.926829268294,1586070.2432193258,5357084.1175157,6829.926829268294,1586316.0628900651,5356994.646472555,7805.48780487805,1585973.22257663,5356052.7004529135,7805.48780487805
1586364.5732114129,5357510.355003947,7317.707317073172,9.977668077976968,1586070.2432193258,5357084.1175157,6829.926829268294,1586413.0835327606,5358026.063535342,6829.926829268294,1586658.9032035,5357936.592492195,7805.48780487805,1586316.0628900651,5356994.646472555,7805.48780487805
1586707.4135248477,5358452.301023588,7317.707317073172,9.40466069043798,1586413.0835327606,5358026.063535342,6829.926829268294,1586755.9238461952,5358968.009554982,6829.926829268294,1587001.7435169348,5358878.538511835,7805.48780487805,1586658.9032035,5357936.592492195,7805.48780487805
1587050.2538382823,5359394.24704323,7317.707317073172,9.133303248212943,1586755.9238461952,5358968.009554982,6829.926829268294,1587098.76415963,5359909.955574623,6829.926829268294,1587344.5838303696,5359820.484531477,7805.48780487805,1587001.7435169348,5358878.538511835,7805.48780487805
1587393.0941517171,5360336.193062871,7317.707317073172,9.584366244118014,1587098.76415963,5359909.955574623,6829.926829268294,1587441.604473065,5360851.9015942635,6829.926829268294,1587687.4241438042,5360762.430551117,7805.48780487805,1587344.5838303696,5359820.484531477,7805.48780487805
1587735.934465152,5361278.139082511,7317.707317073172,10.350318099068225,1587441.604473065,5360851.9015942635,6829.926829268294,1587784.4447864997,5361793.847613905,6829.926829268294,1588030.264457239,5361704.376570758,7805.48780487805,1587687.4241438042,5360762.430551117,7805.48780487805
1588078.7747785868,5362220.085102152,7317.707317073172,9.826798183756887,1587784.4447864997,5361793.847613905,6829.926829268294,1588127.2850999343,5362735.793633546,6829.926829268294,1588373.104770674,5362646.322590399,7805.48780487805,1588030.264457239,5361704.376570758,7805.48780487805
1588421.6150920216,5363162.031121793,7317.707317073172,9.046012917077672,1588127.2850999343,5362735.793633546,6829.926829268294,1588470.1254133692,5363677.739653186,6829.926829268294,1588715.9450841087,5363588.268610041,7805.48780487805,1588373.104770674,5362646.322590399,7805.48780487805
1588764.4554054567,5364103.977141433,7317.707317073172,7.151175438004305,1588470.1254133692,5363677.739653186,6829.926829268294,1588812.9657268042,5364619.685672827,6829.926829268294,1589058.7853975436,5364530.214629681,7805.48780487805,1588715.9450841087,5363588.268610041,7805.48780487805
1589107.2957188913,5365045.9231610745,7317.707317073172,6.037287463604772,1588812.9657268042,5364619.685672827,6829.926829268294,1589155.806040239,5365561.631692468,6829.926829268294,1589401.6257109784,5365472.160649322,7805.48780487805,1589058.7853975436,5364530.214629681,7805.48780487805
1589450.1360323261,5365987.869180716,7317.707317073172,5.1840917065498875,1589155.806040239,5365561.631692468,6829.926829268294,1589498.646353674,5366503.577712109,6829.926829268294,1589744.4660244132,5366414.106668962,7805.48780487805,1589401.6257109784,5365472.160649322,7805.48780487805
1589792.976345761,5366929.815200356,7317.707317073172,4.262292930461664,1589498.646353674,5366503.577712109,6829.926829268294,1589841.4866671085,5367445.5237317495,6829.926829268294,1590087.306337848,5367356.052688604,7805.48780487805,1589744.4660244132,5366414.106668962,7805.48780487805
1590135.8166591958,5367871.761219997,7317.707317073172,3.8297257968747322,1589841.4866671085,5367445.5237317495,6829.926829268294,1590184.3269805433,5368387.469751392,6829.926829268294,1590430.1466512827,5368297.998708244,7805.48780487805,1590087.306337848,5367356.052688604,7805.48780487805
1590478.6569726304,5368813.707239638,7317.707317073172,3.6647901791492172,1590184.3269805433,5368387.469751392,6829.926829268294,1590527.1672939782,5369329.415771032,6829.926829268294,1590772.9869647175,5369239.944727886,7805.48780487805,1590430.1466512827,5368297.998708244,7805.48780487805
1590821.4972860652,5369755.653259279,7317.707317073172,2.8486458386808367,1590527.1672939782,5369329.415771032,6829.926829268294,1590870.007607413,5370271.361790673,6829.926829268294,1591115.8272781523,5370181.890747527,7805.48780487805,1590772.9869647175,5369239.944727886,7805.48780487805
1591164.3375994998,5370697.59927892,7317.707317073172,2.5563678909417984,1590870.007607413,5370271.361790673,6829.926829268294,1591212.8479208476,5371213.307810313,6829.926829268294,1591458.6675915874,5371123.836767168,7805.48780487805,1591115.8272781523,5370181.890747527,7805.48780487805
1591507.177912935,5371639.5452985605,7317.707317073172,2.549547938721362,1591212.8479208476,5371213.307810313,6829.926829268294,1591555.6882342827,5372155.253829955,6829.926829268294,1591801.5079050222,5372065.782786808,7805.48780487805,1591458.6675915874,5371123.836767168,7805.48780487805
1591850.0182263697,5372581.491318202,7317.707317073172,3.065101623925739,1591555.6882342827,5372155.253829955,6829.926829268294,1591898.5285477175,5373097.199849595,6829.926829268294,1592144.3482184568,5373007.728806449,7805.48780487805,1591801.5079050222,5372065.782786808,7805.48780487805
1592192.8585398046,5373523.437337843,7317.707317073172,4.415021119731752,1591898.5285477175,5373097.199849595,6829.926829268294,1592241.3688611523,5374039.145869236,6829.926829268294,1592487.1885318917,5373949.67482609,7805.48780487805,1592144.3482184568,5373007.728806449,7805.48780487805
1592535.6988532394,5374465.383357483,7317.707317073172,4.810180528304488,1592241.3688611523,5374039.145869236,6829.926829268294,1592584.209174587,5374981.091888877,6829.926829268294,1592830.0288453265,5374891.62084573,7805.48780487805,1592487.1885318917,5373949.67482609,7805.48780487805
1592878.5391666743,5375407.329377124,7317.707317073172,4.2344970512529,1592584.209174587,5374981.091888877,6829.926829268294,1592927.0494880218,5375923.037908519,6829.926829268294,1593172.8691587613,5375833.566865372,7805.48780487805,1592830.0288453265,5374891.62084573,7805.48780487805
1593221.3794801089,5376349.275396766,7317.707317073172,2.7843583786633546,1592927.0494880218,5375923.037908519,6829.926829268294,1593269.8898014566,5376864.983928159,6829.926829268294,1593515.709472196,5376775.512885012,7805.48780487805,1593172.8691587613,5375833.566865372,7805.48780487805
1593564.2197935437,5377291.221416406,7317.707317073172,1.769309516814107,1593269.8898014566,5376864.983928159,6829.926829268294,1593612.7301148914,5377806.929947799,6829.926829268294,1593858.5497856308,5377717.458904654,7805.48780487805,1593515.709472196,5376775.512885012,7805.48780487805
1593907.0601069785,5378233.167436047,7317.707317073172,1.4006368635200006,1593612.7301148914,5377806.929947799,6829.926829268294,1593955.5704283265,5378748.87596744,6829.926829268294,1594201.3900990658,5378659.404924295,7805.48780487805,1593858.5497856308,5377717.458904654,7805.48780487805
1594249.9004204136,5379175.113455688,7317.707317073172,1.1173069598836396,1593955.5704283265,5378748.87596744,6829.926829268294,1594298.4107417613,5379690.821987082,6829.926829268294,1594544.2304125007,5379601.350943935,7805.48780487805,1594201.3900990658,5378659.404924295,7805.48780487805
1594592.7407338484,5380117.05947533,7317.707317073172,0.9986509726311146,1594298.4107417613,5379690.821987082,6829.926829268294,1594641.251055196,5380632.768006722,6829.926829268294,1594887.0707259355,5380543.296963577,7805.48780487805,1594544.2304125007,5379601.350943935,7805.48780487805
1594935.5810472833,5381059.00549497,7317.707317073172,1.150648619521745,1594641.251055196,5380632.768006722,6829.926829268294,1594984.0913686308,5381574.714026364,6829.926829268294,1595229.9110393703,5381485.242983217,7805.48780487805,1594887.0707259355,5380543.296963577,7805.48780487805
1595278.4213607179,5382000.95151461,7317.707317073172,1.5040796772873384,1594984.0913686308,5381574.714026364,6829.926829268294,1595326.9316820656,5382516.660046005,6829.926829268294,1595572.751352805,5382427.189002858,7805.48780487805,1595229.9110393703,5381485.242983217,7805.48780487805
1595621.2616741527,5382942.897534251,7317.707317073172,1.4270931398119406,1595326.9316820656,5382516.660046005,6829.926829268294,1595669.7719955004,5383458.606065646,6829.926829268294,1595915.5916662398,5383369.135022499,7805.48780487805,1595572.751352805,5382427.189002858,7805.48780487805
1544098.1940162352,5240619.577525331,8293.268292682927,3.6166798138648013,1543803.8640241483,5240193.340037084,7805.48780487805,1544146.7043375832,5241135.286056725,7805.48780487805,1544392.5240083218,5241045.815013579,8781.048780487805,1544049.683694887,5240103.868993938,8781.048780487805
1544441.0343296698,5241561.523544972,8293.268292682927,3.8631302229588798,1544146.7043375832,5241135.286056725,7805.48780487805,1544489.544651018,5242077.232076366,7805.48780487805,1544735.3643217566,5241987.761033219,8781.048780487805,1544392.5240083218,5241045.815013579,8781.048780487805
1544783.8746431046,5242503.469564614,8293.268292682927,3.941900640317354,1544489.544651018,5242077.232076366,7805.48780487805,1544832.3849644528,5243019.178096007,7805.48780487805,1545078.2046351915,5242929.707052861,8781.048780487805,1544735.3643217566,5241987.761033219,8781.048780487805
1545126.7149565395,5243445.415584254,8293.268292682927,3.1852845684582354,1544832.3849644528,5243019.178096007,7805.48780487805,1545175.2252778877,5243961.124115647,7805.48780487805,1545421.044948626,5243871.6530725015,8781.048780487805,1545078.2046351915,5242929.707052861,8781.048780487805
1545469.5552699743,5244387.361603895,8293.268292682927,2.5353641918150354,1545175.2252778877,5243961.124115647,7805.48780487805,1545518.0655913223,5244903.070135289,7805.48780487805,1545763.885262061,5244813.599092143,8781.048780487805,1545421.044948626,5243871.6530725015,8781.048780487805
1545812.3955834091,5245329.307623536,8293.268292682927,2.243447501288931,1545518.0655913223,5244903.070135289,7805.48780487805,1545860.905904757,5245845.016154929,7805.48780487805,1546106.7255754957,5245755.545111783,8781.048780487805,1545763.885262061,5244813.599092143,8781.048780487805
1546155.235896844,5246271.253643177,8293.268292682927,2.388207393501164,1545860.905904757,5245845.016154929,7805.48780487805,1546203.746218192,5246786.96217457,7805.48780487805,1546449.5658889306,5246697.491131425,8781.048780487805,1546106.7255754957,5245755.545111783,8781.048780487805
1546498.0762102788,5247213.199662818,8293.268292682927,2.4659629208637424,1546203.746218192,5246786.96217457,7805.48780487805,1546546.5865316268,5247728.90819421,7805.48780487805,1546792.4062023654,5247639.437151065,8781.048780487805,1546449.5658889306,5246697.491131425,8781.048780487805
1546840.9165237136,5248155.145682458,8293.268292682927,2.730547279240526,1546546.5865316268,5247728.90819421,7805.48780487805,1546889.4268450616,5248670.854213852,7805.48780487805,1547135.2465158002,5248581.383170706,8781.048780487805,1546792.4062023654,5247639.437151065,8781.048780487805
1547183.7568371485,5249097.0917021,8293.268292682927,2.7497396288288756,1546889.4268450616,5248670.854213852,7805.48780487805,1547232.2671584964,5249612.800233493,7805.48780487805,1547478.086829235,5249523.329190347,8781.048780487805,1547135.2465158002,5248581.383170706,8781.048780487805
1547526.5971505833,5250039.03772174,8293.268292682927,3.236938706458123,1547232.2671584964,5249612.800233493,7805.48780487805,1547575.1074719313,5250554.746253134,7805.48780487805,1547820.92714267,5250465.275209988,8781.048780487805,1547478.086829235,5249523.329190347,8781.048780487805
1547869.4374640181,5250980.983741381,8293.268292682927,3.2082148540664632,1547575.1074719313,5250554.746253134,7805.48780487805,1547917.947785366,5251496.692272775,7805.48780487805,1548163.7674561045,5251407.221229629,8781.048780487805,1547820.92714267,5250465.275209988,8781.048780487805
1548212.2777774527,5251922.929761021,8293.268292682927,2.958681406884376,1547917.947785366,5251496.692272775,7805.48780487805,1548260.788098801,5252438.638292416,7805.48780487805,1548506.6077695393,5252349.167249269,8781.048780487805,1548163.7674561045,5251407.221229629,8781.048780487805
1548555.1180908873,5252864.875780663,8293.268292682927,3.149182407903106,1548260.788098801,5252438.638292416,7805.48780487805,1548603.6284122355,5253380.584312056,7805.48780487805,1548849.4480829742,5253291.113268911,8781.048780487805,1548506.6077695393,5252349.167249269,8781.048780487805
1548897.9584043222,5253806.821800304,8293.268292682927,2.8882513474189895,1548603.6284122355,5253380.584312056,7805.48780487805,1548946.4687256704,5254322.530331697,7805.48780487805,1549192.2883964092,5254233.059288551,8781.048780487805,1548849.4480829742,5253291.113268911,8781.048780487805
1549240.7987177572,5254748.767819945,8293.268292682927,2.736099399374016,1548946.4687256704,5254322.530331697,7805.48780487805,1549289.3090391054,5255264.476351338,7805.48780487805,1549535.128709844,5255175.005308192,8781.048780487805,1549192.2883964092,5254233.059288551,8781.048780487805
1549583.639031192,5255690.713839586,8293.268292682927,2.739679383968179,1549289.3090391054,5255264.476351338,7805.48780487805,1549632.1493525403,5256206.42237098,7805.48780487805,1549877.969023279,5256116.951327833,8781.048780487805,1549535.128709844,5255175.005308192,8781.048780487805
1549926.479344627,5256632.659859227,8293.268292682927,2.0882736807641544,1549632.1493525403,5256206.42237098,7805.48780487805,1549974.989665975,5257148.36839062,7805.48780487805,1550220.8093367135,5257058.8973474745,8781.048780487805,1549877.969023279,5256116.951327833,8781.048780487805
1550269.3196580617,5257574.605878867,8293.268292682927,1.826475579219772,1549974.989665975,5257148.36839062,7805.48780487805,1550317.8299794097,5258090.314410261,7805.48780487805,1550563.6496501483,5258000.843367115,8781.048780487805,1550220.8093367135,5257058.8973474745,8781.048780487805
1550612.1599714966,5258516.551898508,8293.268292682927,2.2681080808757788,1550317.8299794097,5258090.314410261,7805.48780487805,1550660.6702928445,5259032.260429902,7805.48780487805,1550906.4899635832,5258942.789386756,8781.048780487805,1550563.6496501483,5258000.843367115,8781.048780487805
1550955.0002849314,5259458.497918149,8293.268292682927,3.090194306643238,1550660.6702928445,5259032.260429902,7805.48780487805,1551003.5106062794,5259974.206449543,7805.48780487805,1551249.330277018,5259884.735406396,8781.048780487805,1550906.4899635832,5258942.789386756,8781.048780487805
1551297.840598366,5260400.443937791,8293.268292682927,3.415074337453757,1551003.5106062794,5259974.206449543,7805.48780487805,1551346.3509197142,5260916.152469183,7805.48780487805,1551592.1705904526,5260826.681426038,8781.048780487805,1551249.330277018,5259884.735406396,8781.048780487805
1551640.6809118008,5261342.389957431,8293.268292682927,3.845021403865707,1551346.3509197142,5260916.152469183,7805.48780487805,1551689.191233149,5261858.098488824,7805.48780487805,1551935.0109038877,5261768.627445678,8781.048780487805,1551592.1705904526,5260826.681426038,8781.048780487805
1551983.521225236,5262284.335977072,8293.268292682927,4.556903048702962,1551689.191233149,5261858.098488824,7805.48780487805,1552032.0315465839,5262800.044508466,7805.48780487805,1552277.8512173225,5262710.573465319,8781.048780487805,1551935.0109038877,5261768.627445678,8781.048780487805
1552326.3615386707,5263226.281996713,8293.268292682927,5.0223924641264555,1552032.0315465839,5262800.044508466,7805.48780487805,1552374.8718600187,5263741.990528107,7805.48780487805,1552620.6915307574,5263652.5194849605,8781.048780487805,1552277.8512173225,5262710.573465319,8781.048780487805
1552669.2018521056,5264168.228016353,8293.268292682927,4.473720166075717,1552374.8718600187,5263741.990528107,7805.48780487805,1552717.7121734535,5264683.936547747,7805.48780487805,1552963.5318441922,5264594.465504602,8781.048780487805,1552620.6915307574,5263652.5194849605,8781.048780487805
1553012.0421655402,5265110.174035994,8293.268292682927,4.4462467070666145,1552717.7121734535,5264683.936547747,7805.48780487805,1553060.5524868884,5265625.882567388,7805.48780487805,1553306.3721576268,5265536.411524242,8781.048780487805,1552963.5318441922,5264594.465504602,8781.048780487805
1553354.882478975,5266052.120055635,8293.268292682927,4.832241956535734,1553060.5524868884,5265625.882567388,7805.48780487805,1553403.392800323,5266567.828587029,7805.48780487805,1553649.2124710616,5266478.357543883,8781.048780487805,1553306.3721576268,5265536.411524242,8781.048780487805
1553697.7227924098,5266994.066075277,8293.268292682927,4.211790273020979,1553403.392800323,5266567.828587029,7805.48780487805,1553746.2331137578,5267509.774606669,7805.48780487805,1553992.0527844965,5267420.303563524,8781.048780487805,1553649.2124710616,5266478.357543883,8781.048780487805
1554040.5631058447,5267936.012094918,8293.268292682927,3.7162687927942666,1553746.2331137578,5267509.774606669,7805.48780487805,1554089.0734271926,5268451.72062631,7805.48780487805,1554334.8930979313,5268362.249583165,8781.048780487805,1553992.0527844965,5267420.303563524,8781.048780487805
1554383.4034192795,5268877.958114558,8293.268292682927,3.829396039158451,1554089.0734271926,5268451.72062631,7805.48780487805,1554431.9137406275,5269393.666645952,7805.48780487805,1554677.7334113661,5269304.195602805,8781.048780487805,1554334.8930979313,5268362.249583165,8781.048780487805
1554726.243732714,5269819.9041342,8293.268292682927,3.898349501181769,1554431.9137406275,5269393.666645952,7805.48780487805,1554774.7540540623,5270335.612665593,7805.48780487805,1555020.573724801,5270246.1416224465,8781.048780487805,1554677.7334113661,5269304.195602805,8781.048780487805
1555069.084046149,5270761.85015384,8293.268292682927,4.050547527573788,1554774.7540540623,5270335.612665593,7805.48780487805,1555117.5943674971,5271277.558685233,7805.48780487805,1555363.4140382358,5271188.087642088,8781.048780487805,1555020.573724801,5270246.1416224465,8781.048780487805
1555411.9243595838,5271703.79617348,8293.268292682927,4.582779878637448,1555117.5943674971,5271277.558685233,7805.48780487805,1555460.434680932,5272219.504704874,7805.48780487805,1555706.2543516706,5272130.033661728,8781.048780487805,1555363.4140382358,5271188.087642088,8781.048780487805
1555754.7646730186,5272645.7421931205,8293.268292682927,5.2487097265489036,1555460.434680932,5272219.504704874,7805.48780487805,1555803.2749943668,5273161.450724515,7805.48780487805,1556049.0946651052,5273071.979681369,8781.048780487805,1555706.2543516706,5272130.033661728,8781.048780487805
1556097.6049864534,5273587.688212763,8293.268292682927,5.473524798940842,1555803.2749943668,5273161.450724515,7805.48780487805,1556146.1153078016,5274103.396744156,7805.48780487805,1556391.93497854,5274013.92570101,8781.048780487805,1556049.0946651052,5273071.979681369,8781.048780487805
1556440.4452998883,5274529.634232404,8293.268292682927,5.752833297030498,1556146.1153078016,5274103.396744156,7805.48780487805,1556488.9556212362,5275045.342763796,7805.48780487805,1556734.775291975,5274955.871720651,8781.048780487805,1556391.93497854,5274013.92570101,8781.048780487805
1556783.2856133229,5275471.580252044,8293.268292682927,6.403534271007117,1556488.9556212362,5275045.342763796,7805.48780487805,1556831.795934671,5275987.2887834385,7805.48780487805,1557077.61560541,5275897.817740291,8781.048780487805,1556734.775291975,5274955.871720651,8781.048780487805
1557126.125926758,5276413.526271685,8293.268292682927,7.051025714337004,1556831.795934671,5275987.2887834385,7805.48780487805,1557174.6362481061,5276929.234803079,7805.48780487805,1557420.4559188448,5276839.7637599325,8781.048780487805,1557077.61560541,5275897.817740291,8781.048780487805
1557468.9662401928,5277355.472291326,8293.268292682927,8.228660233167894,1557174.6362481061,5276929.234803079,7805.48780487805,1557517.476561541,5277871.18082272,7805.48780487805,1557763.2962322794,5277781.709779574,8781.048780487805,1557420.4559188448,5276839.7637599325,8781.048780487805
1557811.8065536276,5278297.418310967,8293.268292682927,7.333953083764785,1557517.476561541,5277871.18082272,7805.48780487805,1557860.3168749756,5278813.12684236,7805.48780487805,1558106.1365457142,5278723.655799215,8781.048780487805,1557763.2962322794,5277781.709779574,8781.048780487805
1558154.6468670624,5279239.3643306075,8293.268292682927,10.40511208369194,1557860.3168749756,5278813.12684236,7805.48780487805,1558203.1571884104,5279755.072862001,7805.48780487805,1558448.976859149,5279665.601818855,8781.048780487805,1558106.1365457142,5278723.655799215,8781.048780487805
1558497.4871804973,5280181.310350249,8293.268292682927,13.784733572728314,1558203.1571884104,5279755.072862001,7805.48780487805,1558545.9975018452,5280697.018881642,7805.48780487805,1558791.817172584,5280607.547838496,8781.048780487805,1558448.976859149,5279665.601818855,8781.048780487805
1558840.327493932,5281123.25636989,8293.268292682927,14.130642918786835,1558545.9975018452,5280697.018881642,7805.48780487805,1558888.83781528,5281638.964901282,7805.48780487805,1559134.6574860185,5281549.493858137,8781.048780487805,1558791.817172584,5280607.547838496,8781.048780487805
1559183.1678073667,5282065.202389531,8293.268292682927,12.019932753503417,1558888.83781528,5281638.964901282,7805.48780487805,1559231.6781287147,5282580.910920924,7805.48780487805,1559477.4977994533,5282491.439877778,8781.048780487805,1559134.6574860185,5281549.493858137,8781.048780487805
1559526.0081208015,5283007.148409171,8293.268292682927,10.425403071170928,1559231.6781287147,5282580.910920924,7805.48780487805,1559574.5184421495,5283522.856940565,7805.48780487805,1559820.3381128884,5283433.3858974185,8781.048780487805,1559477.4977994533,5282491.439877778,8781.048780487805
1559868.8484342366,5283949.094428813,8293.268292682927,11.125868504529963,1559574.5184421495,5283522.856940565,7805.48780487805,1559917.3587555846,5284464.802960206,7805.48780487805,1560163.1784263232,5284375.33191706,8781.048780487805,1559820.3381128884,5283433.3858974185,8781.048780487805
1560211.6887476714,5284891.040448453,8293.268292682927,10.220948291064376,1559917.3587555846,5284464.802960206,7805.48780487805,1560260.1990690194,5285406.748979847,7805.48780487805,1560506.018739758,5285317.277936701,8781.048780487805,1560163.1784263232,5284375.33191706,8781.048780487805
1560554.5290611063,5285832.986468094,8293.268292682927,9.413130952098864,1560260.1990690194,5285406.748979847,7805.48780487805,1560603.0393824542,5286348.694999488,7805.48780487805,1560848.859053193,5286259.223956342,8781.048780487805,1560506.018739758,5285317.277936701,8781.048780487805
1560897.369374541,5286774.932487735,8293.268292682927,9.235417045676249,1560603.0393824542,5286348.694999488,7805.48780487805,1560945.879695889,5287290.641019128,7805.48780487805,1561191.6993666275,5287201.169975982,8781.048780487805,1560848.859053193,5286259.223956342,8781.048780487805
1561240.2096879755,5287716.878507376,8293.268292682927,9.356901076575852,1560945.879695889,5287290.641019128,7805.48780487805,1561288.7200093237,5288232.587038769,7805.48780487805,1561534.5396800623,5288143.115995624,8781.048780487805,1561191.6993666275,5287201.169975982,8781.048780487805
1561583.0500014103,5288658.824527017,8293.268292682927,8.53232357936086,1561288.7200093237,5288232.587038769,7805.48780487805,1561631.5603227585,5289174.53305841,7805.48780487805,1561877.3799934972,5289085.062015264,8781.048780487805,1561534.5396800623,5288143.115995624,8781.048780487805
1561925.8903148451,5289600.770546658,8293.268292682927,7.6752203156517,1561631.5603227585,5289174.53305841,7805.48780487805,1561974.4006361933,5290116.479078052,7805.48780487805,1562220.220306932,5290027.008034905,8781.048780487805,1561877.3799934972,5289085.062015264,8781.048780487805
1562268.73062828,5290542.716566298,8293.268292682927,8.488241323867692,1561974.4006361933,5290116.479078052,7805.48780487805,1562317.2409496282,5291058.425097692,7805.48780487805,1562563.0606203668,5290968.954054546,8781.048780487805,1562220.220306932,5290027.008034905,8781.048780487805
1562611.570941715,5291484.66258594,8293.268292682927,9.975140198611614,1562317.2409496282,5291058.425097692,7805.48780487805,1562660.0812630632,5292000.371117333,7805.48780487805,1562905.9009338017,5291910.900074188,8781.048780487805,1562563.0606203668,5290968.954054546,8781.048780487805
1562954.4112551499,5292426.60860558,8293.268292682927,10.121645847464046,1562660.0812630632,5292000.371117333,7805.48780487805,1563002.9215764978,5292942.317136973,7805.48780487805,1563248.7412472365,5292852.846093828,8781.048780487805,1562905.9009338017,5291910.900074188,8781.048780487805
1563297.2515685847,5293368.554625221,8293.268292682927,8.85420777700178,1563002.9215764978,5292942.317136973,7805.48780487805,1563345.7618899327,5293884.263156615,7805.48780487805,1563591.5815606713,5293794.792113468,8781.048780487805,1563248.7412472365,5292852.846093828,8781.048780487805
1563640.0918820193,5294310.500644863,8293.268292682927,8.322269723002451,1563345.7618899327,5293884.263156615,7805.48780487805,1563688.6022033675,5294826.209176255,7805.48780487805,1563934.421874106,5294736.738133109,8781.048780487805,1563591.5815606713,5293794.792113468,8781.048780487805
1563982.9321954541,5295252.446664503,8293.268292682927,8.976999987515507,1563688.6022033675,5294826.209176255,7805.48780487805,1564031.4425168023,5295768.1551958965,7805.48780487805,1564277.2621875408,5295678.68415275,8781.048780487805,1563934.421874106,5294736.738133109,8781.048780487805
1564325.772508889,5296194.392684143,8293.268292682927,7.495566116466014,1564031.4425168023,5295768.1551958965,7805.48780487805,1564374.282830237,5296710.101215538,7805.48780487805,1564620.1025009756,5296620.630172391,8781.048780487805,1564277.2621875408,5295678.68415275,8781.048780487805
1564668.6128223238,5297136.338703784,8293.268292682927,7.093608475111424,1564374.282830237,5296710.101215538,7805.48780487805,1564717.1231436718,5297652.047235179,7805.48780487805,1564962.9428144107,5297562.576192032,8781.048780487805,1564620.1025009756,5296620.630172391,8781.048780487805
1565011.4531357589,5298078.284723426,8293.268292682927,6.7715447790068595,1564717.1231436718,5297652.047235179,7805.48780487805,1565059.9634571068,5298593.993254819,7805.48780487805,1565305.7831278455,5298504.522211674,8781.048780487805,1564962.9428144107,5297562.576192032,8781.048780487805
1565354.2934491935,5299020.230743066,8293.268292682927,6.591487446057625,1565059.9634571068,5298593.993254819,7805.48780487805,1565402.8037705417,5299535.93927446,7805.48780487805,1565648.62344128,5299446.468231314,8781.048780487805,1565305.7831278455,5298504.522211674,8781.048780487805
1565697.1337626283,5299962.1767627075,8293.268292682927,8.286073948509769,1565402.8037705417,5299535.93927446,7805.48780487805,1565745.6440839763,5300477.885294101,7805.48780487805,1565991.463754715,5300388.414250955,8781.048780487805,1565648.62344128,5299446.468231314,8781.048780487805
1566039.9740760631,5300904.122782348,8293.268292682927,9.953816086833317,1565745.6440839763,5300477.885294101,7805.48780487805,1566088.484397411,5301419.831313741,7805.48780487805,1566334.3040681498,5301330.360270595,8781.048780487805,1565991.463754715,5300388.414250955,8781.048780487805
1566382.814389498,5301846.06880199,8293.268292682927,9.934370092270234,1566088.484397411,5301419.831313741,7805.48780487805,1566431.324710846,5302361.7773333825,7805.48780487805,1566677.1443815846,5302272.306290237,8781.048780487805,1566334.3040681498,5301330.360270595,8781.048780487805
1566725.6547029328,5302788.01482163,8293.268292682927,7.280322828787481,1566431.324710846,5302361.7773333825,7805.48780487805,1566774.1650242808,5303303.723353023,7805.48780487805,1567019.9846950192,5303214.252309877,8781.048780487805,1566677.1443815846,5302272.306290237,8781.048780487805
1567068.4950163674,5303729.96084127,8293.268292682927,5.869255879546035,1566774.1650242808,5303303.723353023,7805.48780487805,1567117.0053377156,5304245.669372665,7805.48780487805,1567362.825008454,5304156.198329519,8781.048780487805,1567019.9846950192,5303214.252309877,8781.048780487805
1567411.335329802,5304671.906860912,8293.268292682927,5.327018539163987,1567117.0053377156,5304245.669372665,7805.48780487805,1567459.8456511502,5305187.615392305,7805.48780487805,1567705.665321889,5305098.144349159,8781.048780487805,1567362.825008454,5304156.198329519,8781.048780487805
1567754.175643237,5305613.852880553,8293.268292682927,4.463125884352355,1567459.8456511502,5305187.615392305,7805.48780487805,1567802.6859645853,5306129.561411946,7805.48780487805,1568048.505635324,5306040.090368801,8781.048780487805,1567705.665321889,5305098.144349159,8781.048780487805
1568097.015956672,5306555.798900194,8293.268292682927,3.789871666410514,1567802.6859645853,5306129.561411946,7805.48780487805,1568145.52627802,5307071.507431586,7805.48780487805,1568391.3459487585,5306982.036388441,8781.048780487805,1568048.505635324,5306040.090368801,8781.048780487805
1568439.8562701067,5307497.744919834,8293.268292682927,3.28410459631007,1568145.52627802,5307071.507431586,7805.48780487805,1568488.366591455,5308013.453451228,7805.48780487805,1568734.1862621934,5307923.982408081,8781.048780487805,1568391.3459487585,5306982.036388441,8781.048780487805
1568782.6965835416,5308439.690939476,8293.268292682927,3.3204423442632036,1568488.366591455,5308013.453451228,7805.48780487805,1568831.2069048896,5308955.3994708685,7805.48780487805,1569077.0265756282,5308865.928427723,8781.048780487805,1568734.1862621934,5307923.982408081,8781.048780487805
1569125.5368969762,5309381.636959116,8293.268292682927,2.9745987375083205,1568831.2069048896,5308955.3994708685,7805.48780487805,1569174.0472183244,5309897.34549051,7805.48780487805,1569419.866889063,5309807.874447363,8781.048780487805,1569077.0265756282,5308865.928427723,8781.048780487805
1569468.377210411,5310323.582978757,8293.268292682927,2.5520024398040717,1569174.0472183244,5309897.34549051,7805.48780487805,1569516.8875317592,5310839.291510151,7805.48780487805,1569762.7072024979,5310749.820467005,8781.048780487805,1569419.866889063,5309807.874447363,8781.048780487805
1569811.2175238458,5311265.528998397,8293.268292682927,1.8991414398218414,1569516.8875317592,5310839.291510151,7805.48780487805,1569859.727845194,5311781.237529792,7805.48780487805,1570105.5475159325,5311691.766486645,8781.048780487805,1569762.7072024979,5310749.820467005,8781.048780487805
1570154.0578372807,5312207.475018038,8293.268292682927,1.811575488327535,1569859.727845194,5311781.237529792,7805.48780487805,1570202.5681586287,5312723.183549432,7805.48780487805,1570448.3878293675,5312633.712506287,8781.048780487805,1570105.5475159325,5311691.766486645,8781.048780487805
1570496.8981507157,5313149.42103768,8293.268292682927,2.3538024757205305,1570202.5681586287,5312723.183549432,7805.48780487805,1570545.4084720637,5313665.129569073,7805.48780487805,1570791.2281428024,5313575.658525927,8781.048780487805,1570448.3878293675,5312633.712506287,8781.048780487805
1570839.7384641506,5314091.367057321,8293.268292682927,3.414494645322973,1570545.4084720637,5313665.129569073,7805.48780487805,1570888.2487854986,5314607.075588714,7805.48780487805,1571134.0684562372,5314517.604545568,8781.048780487805,1570791.2281428024,5313575.658525927,8781.048780487805
1571182.5787775854,5315033.313076962,8293.268292682927,4.21489612505236,1570888.2487854986,5314607.075588714,7805.48780487805,1571231.0890989334,5315549.0216083545,7805.48780487805,1571476.9087696718,5315459.550565208,8781.048780487805,1571134.0684562372,5314517.604545568,8781.048780487805
1571525.41909102,5315975.259096603,8293.268292682927,5.292273343326904,1571231.0890989334,5315549.0216083545,7805.48780487805,1571573.9294123682,5316490.967627996,7805.48780487805,1571819.7490831066,5316401.49658485,8781.048780487805,1571476.9087696718,5315459.550565208,8781.048780487805
1571868.2594044548,5316917.205116243,8293.268292682927,6.59549547238187,1571573.9294123682,5316490.967627996,7805.48780487805,1571916.769725803,5317432.913647637,7805.48780487805,1572162.5893965415,5317343.442604491,8781.048780487805,1571819.7490831066,5316401.49658485,8781.048780487805
1572211.0997178897,5317859.151135884,8293.268292682927,8.949731432393444,1571916.769725803,5317432.913647637,7805.48780487805,1572259.6100392377,5318374.859667278,7805.48780487805,1572505.4297099763,5318285.388624132,8781.048780487805,1572162.5893965415,5317343.442604491,8781.048780487805
1572553.9400313245,5318801.097155525,8293.268292682927,11.592244832775542,1572259.6100392377,5318374.859667278,7805.48780487805,1572602.4503526725,5319316.805686919,7805.48780487805,1572848.2700234114,5319227.334643772,8781.048780487805,1572505.4297099763,5318285.388624132,8781.048780487805
1572896.7803447596,5319743.043175166,8293.268292682927,12.250300019892885,1572602.4503526725,5319316.805686919,7805.48780487805,1572945.2906661076,5320258.751706559,7805.48780487805,1573191.1103368462,5320169.280663414,8781.048780487805,1572848.2700234114,5319227.334643772,8781.048780487805
1573239.6206581944,5320684.989194807,8293.268292682927,12.808020416921625,1572945.2906661076,5320258.751706559,7805.48780487805,1573288.1309795424,5321200.697726201,7805.48780487805,1573533.9506502808,5321111.226683054,8781.048780487805,1573191.1103368462,5320169.280663414,8781.048780487805
1573582.4609716288,5321626.935214448,8293.268292682927,13.421565714245752,1573288.1309795424,5321200.697726201,7805.48780487805,1573630.971292977,5322142.643745841,7805.48780487805,1573876.7909637156,5322053.172702695,8781.048780487805,1573533.9506502808,5321111.226683054,8781.048780487805
1573925.3012850636,5322568.881234089,8293.268292682927,13.094697810386412,1573630.971292977,5322142.643745841,7805.48780487805,1573973.8116064118,5323084.589765482,7805.48780487805,1574219.6312771505,5322995.118722336,8781.048780487805,1573876.7909637156,5322053.172702695,8781.048780487805
1574268.1415984984,5323510.82725373,8293.268292682927,13.271255698092064,1573973.8116064118,5323084.589765482,7805.48780487805,1574316.6519198467,5324026.535785123,7805.48780487805,1574562.4715905853,5323937.0647419775,8781.048780487805,1574219.6312771505,5322995.118722336,8781.048780487805
1574610.9819119333,5324452.77327337,8293.268292682927,12.557244747014078,1574316.6519198467,5324026.535785123,7805.48780487805,1574659.4922332815,5324968.481804764,7805.48780487805,1574905.31190402,5324879.010761618,8781.048780487805,1574562.4715905853,5323937.0647419775,8781.048780487805
1574953.822225368,5325394.719293011,8293.268292682927,11.735587726910692,1574659.4922332815,5324968.481804764,7805.48780487805,1575002.3325467163,5325910.427824405,7805.48780487805,1575248.1522174547,5325820.956781259,8781.048780487805,1574905.31190402,5324879.010761618,8781.048780487805
1575296.662538803,5326336.6653126525,8293.268292682927,11.30914126201066,1575002.3325467163,5325910.427824405,7805.48780487805,1575345.172860151,5326852.373844045,7805.48780487805,1575590.9925308898,5326762.9028009,8781.048780487805,1575248.1522174547,5325820.956781259,8781.048780487805
1575639.502852238,5327278.611332293,8293.268292682927,12.95921814318122,1575345.172860151,5326852.373844045,7805.48780487805,1575688.013173586,5327794.319863686,7805.48780487805,1575933.8328443246,5327704.848820541,8781.048780487805,1575590.9925308898,5326762.9028009,8781.048780487805
1575982.3431656728,5328220.557351934,8293.268292682927,14.21888813358332,1575688.013173586,5327794.319863686,7805.48780487805,1576030.8534870208,5328736.265883327,7805.48780487805,1576276.6731577595,5328646.794840181,8781.048780487805,1575933.8328443246,5327704.848820541,8781.048780487805
1576325.1834791075,5329162.503371576,8293.268292682927,13.830031956829643,1576030.8534870208,5328736.265883327,7805.48780487805,1576373.6938004557,5329678.211902969,7805.48780487805,1576619.513471194,5329588.740859822,8781.048780487805,1576276.6731577595,5328646.794840181,8781.048780487805
1576668.0237925423,5330104.449391216,8293.268292682927,12.511833342101138,1576373.6938004557,5329678.211902969,7805.48780487805,1576716.5341138903,5330620.157922609,7805.48780487805,1576962.353784629,5330530.6868794635,8781.048780487805,1576619.513471194,5329588.740859822,8781.048780487805
1577010.8641059771,5331046.395410856,8293.268292682927,10.464631330508114,1576716.5341138903,5330620.157922609,7805.48780487805,1577059.374427325,5331562.10394225,7805.48780487805,1577305.1940980637,5331472.632899104,8781.048780487805,1576962.353784629,5330530.6868794635,8781.048780487805
1577353.704419412,5331988.341430497,8293.268292682927,8.925978066976358,1577059.374427325,5331562.10394225,7805.48780487805,1577402.21474076,5332504.049961891,7805.48780487805,1577648.0344114986,5332414.578918745,8781.048780487805,1577305.1940980637,5331472.632899104,8781.048780487805
1577696.5447328466,5332930.2874501385,8293.268292682927,7.21136724464437,1577402.21474076,5332504.049961891,7805.48780487805,1577745.0550541948,5333445.995981532,7805.48780487805,1577990.8747249332,5333356.524938386,8781.048780487805,1577648.0344114986,5332414.578918745,8781.048780487805
1578039.3850462814,5333872.23346978,8293.268292682927,6.5972094228489,1577745.0550541948,5333445.995981532,7805.48780487805,1578087.8953676294,5334387.942001172,7805.48780487805,1578333.7150383682,5334298.470958027,8781.048780487805,1577990.8747249332,5333356.524938386,8781.048780487805
1578382.2253597165,5334814.17948942,8293.268292682927,6.1311765890206615,1578087.8953676294,5334387.942001172,7805.48780487805,1578430.7356810644,5335329.888020814,7805.48780487805,1578676.555351803,5335240.416977667,8781.048780487805,1578333.7150383682,5334298.470958027,8781.048780487805
1578725.0656731513,5335756.12550906,8293.268292682927,6.810236470323003,1578430.7356810644,5335329.888020814,7805.48780487805,1578773.5759944993,5336271.834040455,7805.48780487805,1579019.395665238,5336182.362997308,8781.048780487805,1578676.555351803,5335240.416977667,8781.048780487805
1579067.9059865861,5336698.071528702,8293.268292682927,6.576843319791721,1578773.5759944993,5336271.834040455,7805.48780487805,1579116.416307934,5337213.780060096,7805.48780487805,1579362.2359786725,5337124.3090169495,8781.048780487805,1579019.395665238,5336182.362997308,8781.048780487805
1579410.7463000207,5337640.017548343,8293.268292682927,5.760729201778557,1579116.416307934,5337213.780060096,7805.48780487805,1579459.256621369,5338155.726079736,7805.48780487805,1579705.0762921073,5338066.255036591,8781.048780487805,1579362.2359786725,5337124.3090169495,8781.048780487805
1579753.5866134553,5338581.963567983,8293.268292682927,5.906737341643961,1579459.256621369,5338155.726079736,7805.48780487805,1579802.0969348035,5339097.672099377,7805.48780487805,1580047.9166055422,5339008.201056231,8781.048780487805,1579705.0762921073,5338066.255036591,8781.048780487805
1580096.4269268902,5339523.909587625,8293.268292682927,6.33314533693233,1579802.0969348035,5339097.672099377,7805.48780487805,1580144.9372482384,5340039.618119018,7805.48780487805,1580390.756918977,5339950.147075872,8781.048780487805,1580047.9166055422,5339008.201056231,8781.048780487805
1580439.267240325,5340465.855607266,8293.268292682927,6.831076373474161,1580144.9372482384,5340039.618119018,7805.48780487805,1580487.7775616732,5340981.564138658,7805.48780487805,1580733.597232412,5340892.093095513,8781.048780487805,1580390.756918977,5339950.147075872,8781.048780487805
1580782.10755376,5341407.801626907,8293.268292682927,6.877957014101439,1580487.7775616732,5340981.564138658,7805.48780487805,1580830.617875108,5341923.5101582995,7805.48780487805,1581076.4375458467,5341834.039115154,8781.048780487805,1580733.597232412,5340892.093095513,8781.048780487805
1581124.947867195,5342349.747646547,8293.268292682927,7.634083937805698,1580830.617875108,5341923.5101582995,7805.48780487805,1581173.4581885429,5342865.456177941,7805.48780487805,1581419.2778592815,5342775.985134794,8781.048780487805,1581076.4375458467,5341834.039115154,8781.048780487805
1581467.7881806295,5343291.693666188,8293.268292682927,8.783456189965916,1581173.4581885429,5342865.456177941,7805.48780487805,1581516.2985019777,5343807.402197582,7805.48780487805,1581762.1181727163,5343717.931154436,8781.048780487805,1581419.2778592815,5342775.985134794,8781.048780487805
1581810.6284940643,5344233.639685829,8293.268292682927,10.46699952907634,1581516.2985019777,5343807.402197582,7805.48780487805,1581859.1388154125,5344749.348217222,7805.48780487805,1582104.9584861512,5344659.877174077,8781.048780487805,1581762.1181727163,5343717.931154436,8781.048780487805
1582153.4688074992,5345175.58570547,8293.268292682927,10.2307622808557,1581859.1388154125,5344749.348217222,7805.48780487805,1582201.9791288474,5345691.294236864,7805.48780487805,1582447.798799586,5345601.823193718,8781.048780487805,1582104.9584861512,5344659.877174077,8781.048780487805
1582496.309120934,5346117.5317251105,8293.268292682927,10.789268444187131,1582201.9791288474,5345691.294236864,7805.48780487805,1582544.8194422822,5346633.240256504,7805.48780487805,1582790.6391130206,5346543.769213358,8781.048780487805,1582447.798799586,5345601.823193718,8781.048780487805
1582839.1494343688,5347059.477744753,8293.268292682927,12.763318266841885,1582544.8194422822,5346633.240256504,7805.48780487805,1582887.659755717,5347575.186276145,7805.48780487805,1583133.4794264555,5347485.715233,8781.048780487805,1582790.6391130206,5346543.769213358,8781.048780487805
1583181.9897478037,5348001.423764393,8293.268292682927,16.23873291153678,1582887.659755717,5347575.186276145,7805.48780487805,1583230.5000691516,5348517.1322957855,7805.48780487805,1583476.3197398905,5348427.66125264,8781.048780487805,1583133.4794264555,5347485.715233,8781.048780487805
1583524.8300612387,5348943.369784034,8293.268292682927,16.57564572464013,1583230.5000691516,5348517.1322957855,7805.48780487805,1583573.3403825867,5349459.0783154275,7805.48780487805,1583819.1600533254,5349369.607272281,8781.048780487805,1583476.3197398905,5348427.66125264,8781.048780487805
1583867.6703746736,5349885.315803675,8293.268292682927,14.182344307495056,1583573.3403825867,5349459.0783154275,7805.48780487805,1583916.1806960215,5350401.024335068,7805.48780487805,1584162.0003667602,5350311.5532919215,8781.048780487805,1583819.1600533254,5349369.607272281,8781.048780487805
1584210.5106881084,5350827.261823315,8293.268292682927,13.112634109589564,1583916.1806960215,5350401.024335068,7805.48780487805,1584259.0210094564,5351342.970354709,7805.48780487805,1584504.8406801948,5351253.499311563,8781.048780487805,1584162.0003667602,5350311.5532919215,8781.048780487805
1584553.351001543,5351769.207842955,8293.268292682927,13.079706396613263,1584259.0210094564,5351342.970354709,7805.48780487805,1584601.861322891,5352284.916374349,7805.48780487805,1584847.6809936296,5352195.445331204,8781.048780487805,1584504.8406801948,5351253.499311563,8781.048780487805
1584896.1913149778,5352711.1538625965,8293.268292682927,15.03785826988363,1584601.861322891,5352284.916374349,7805.48780487805,1584944.7016363258,5353226.862393991,7805.48780487805,1585190.5213070645,5353137.391350844,8781.048780487805,1584847.6809936296,5352195.445331204,8781.048780487805
1585239.0316284127,5353653.099882239,8293.268292682927,14.506217182032247,1584944.7016363258,5353226.862393991,7805.48780487805,1585287.5419497606,5354168.808413631,7805.48780487805,1585533.3616204993,5354079.337370485,8781.048780487805,1585190.5213070645,5353137.391350844,8781.048780487805
1585581.8719418475,5354595.045901879,8293.268292682927,11.572718637013724,1585287.5419497606,5354168.808413631,7805.48780487805,1585630.3822631955,5355110.754433272,7805.48780487805,1585876.201933934,5355021.283390126,8781.048780487805,1585533.3616204993,5354079.337370485,8781.048780487805
1585924.7122552819,5355536.99192152,8293.268292682927,10.273151156355475,1585630.3822631955,5355110.754433272,7805.48780487805,1585973.22257663,5356052.7004529135,7805.48780487805,1586219.042247369,5355963.229409767,8781.048780487805,1585876.201933934,5355021.283390126,8781.048780487805
1586267.552568717,5356478.93794116,8293.268292682927,10.54440639501967,1585973.22257663,5356052.7004529135,7805.48780487805,1586316.0628900651,5356994.646472555,7805.48780487805,1586561.8825608038,5356905.1754294075,8781.048780487805,1586219.042247369,5355963.229409767,8781.048780487805
1586610.3928821518,5357420.883960802,8293.268292682927,11.258896820911266,1586316.0628900651,5356994.646472555,7805.48780487805,1586658.9032035,5357936.592492195,7805.48780487805,1586904.7228742386,5357847.12144905,8781.048780487805,1586561.8825608038,5356905.1754294075,8781.048780487805
1586953.2331955866,5358362.829980442,8293.268292682927,11.794656313901065,1586658.9032035,5357936.592492195,7805.48780487805,1587001.7435169348,5358878.538511835,7805.48780487805,1587247.5631876732,5358789.06746869,8781.048780487805,1586904.7228742386,5357847.12144905,8781.048780487805
1587296.0735090214,5359304.7760000825,8293.268292682927,11.059485261233256,1587001.7435169348,5358878.538511835,7805.48780487805,1587344.5838303696,5359820.484531477,7805.48780487805,1587590.403501108,5359731.013488331,8781.048780487805,1587247.5631876732,5358789.06746869,8781.048780487805
1587638.9138224563,5360246.722019724,8293.268292682927,9.090819825580672,1587344.5838303696,5359820.484531477,7805.48780487805,1587687.4241438042,5360762.430551117,7805.48780487805,1587933.243814543,5360672.959507971,8781.048780487805,1587590.403501108,5359731.013488331,8781.048780487805
1587981.754135891,5361188.668039366,8293.268292682927,8.639766727457301,1587687.4241438042,5360762.430551117,7805.48780487805,1588030.264457239,5361704.376570758,7805.48780487805,1588276.0841279777,5361614.905527613,8781.048780487805,1587933.243814543,5360672.959507971,8781.048780487805
1588324.594449326,5362130.614059006,8293.268292682927,8.596127451737603,1588030.264457239,5361704.376570758,7805.48780487805,1588373.104770674,5362646.322590399,7805.48780487805,1588618.9244414126,5362556.851547253,8781.048780487805,1588276.0841279777,5361614.905527613,8781.048780487805
1588667.4347627608,5363072.560078647,8293.268292682927,7.474373141645664,1588373.104770674,5362646.322590399,7805.48780487805,1588715.9450841087,5363588.268610041,7805.48780487805,1588961.7647548474,5363498.797566894,8781.048780487805,1588618.9244414126,5362556.851547253,8781.048780487805
1589010.2750761956,5364014.506098288,8293.268292682927,7.257753774234243,1588715.9450841087,5363588.268610041,7805.48780487805,1589058.7853975436,5364530.214629681,7805.48780487805,1589304.6050682822,5364440.743586535,8781.048780487805,1588961.7647548474,5363498.797566894,8781.048780487805
1589353.1153896304,5364956.452117929,8293.268292682927,6.680792937019243,1589058.7853975436,5364530.214629681,7805.48780487805,1589401.6257109784,5365472.160649322,7805.48780487805,1589647.445381717,5365382.689606177,8781.048780487805,1589304.6050682822,5364440.743586535,8781.048780487805
1589695.9557030653,5365898.398137569,8293.268292682927,7.112791016862094,1589401.6257109784,5365472.160649322,7805.48780487805,1589744.4660244132,5366414.106668962,7805.48780487805,1589990.285695152,5366324.635625817,8781.048780487805,1589647.445381717,5365382.689606177,8781.048780487805
1590038.7960164999,5366840.34415721,8293.268292682927,6.569462479816876,1589744.4660244132,5366414.106668962,7805.48780487805,1590087.306337848,5367356.052688604,7805.48780487805,1590333.1260085865,5367266.581645457,8781.048780487805,1589990.285695152,5366324.635625817,8781.048780487805
1590381.6363299347,5367782.290176851,8293.268292682927,5.608396740872277,1590087.306337848,5367356.052688604,7805.48780487805,1590430.1466512827,5368297.998708244,7805.48780487805,1590675.9663220213,5368208.527665099,8781.048780487805,1590333.1260085865,5367266.581645457,8781.048780487805
1590724.4766433695,5368724.236196492,8293.268292682927,5.137594738105321,1590430.1466512827,5368297.998708244,7805.48780487805,1590772.9869647175,5369239.944727886,7805.48780487805,1591018.8066354562,5369150.473684739,8781.048780487805,1590675.9663220213,5368208.527665099,8781.048780487805
1591067.3169568044,5369666.182216133,8293.268292682927,4.4237729542000395,1590772.9869647175,5369239.944727886,7805.48780487805,1591115.8272781523,5370181.890747527,7805.48780487805,1591361.6469488912,5370092.41970438,8781.048780487805,1591018.8066354562,5369150.473684739,8781.048780487805
1591410.1572702394,5370608.128235773,8293.268292682927,3.7268973139759902,1591115.8272781523,5370181.890747527,7805.48780487805,1591458.6675915874,5371123.836767168,7805.48780487805,1591704.4872623258,5371034.365724021,8781.048780487805,1591361.6469488912,5370092.41970438,8781.048780487805
1591752.997583674,5371550.074255415,8293.268292682927,3.017602593439576,1591458.6675915874,5371123.836767168,7805.48780487805,1591801.5079050222,5372065.782786808,7805.48780487805,1592047.3275757607,5371976.311743663,8781.048780487805,1591704.4872623258,5371034.365724021,8781.048780487805
1592095.8378971086,5372492.020275055,8293.268292682927,3.060342846225259,1591801.5079050222,5372065.782786808,7805.48780487805,1592144.3482184568,5373007.728806449,7805.48780487805,1592390.1678891955,5372918.257763303,8781.048780487805,1592047.3275757607,5371976.311743663,8781.048780487805
1592438.6782105435,5373433.966294697,8293.268292682927,3.1180759455001015,1592144.3482184568,5373007.728806449,7805.48780487805,1592487.1885318917,5373949.67482609,7805.48780487805,1592733.0082026303,5373860.203782944,8781.048780487805,1592390.1678891955,5372918.257763303,8781.048780487805
1592781.5185239783,5374375.912314338,8293.268292682927,3.1531075570676634,1592487.1885318917,5373949.67482609,7805.48780487805,1592830.0288453265,5374891.62084573,7805.48780487805,1593075.8485160652,5374802.149802584,8781.048780487805,1592733.0082026303,5373860.203782944,8781.048780487805
1593124.3588374131,5375317.858333978,8293.268292682927,2.7471122073374024,1592830.0288453265,5374891.62084573,7805.48780487805,1593172.8691587613,5375833.566865372,7805.48780487805,1593418.6888294998,5375744.095822226,8781.048780487805,1593075.8485160652,5374802.149802584,8781.048780487805
1593467.199150848,5376259.804353619,8293.268292682927,2.2057801389915874,1593172.8691587613,5375833.566865372,7805.48780487805,1593515.709472196,5376775.512885012,7805.48780487805,1593761.5291429346,5376686.041841866,8781.048780487805,1593418.6888294998,5375744.095822226,8781.048780487805
1593810.0394642826,5377201.75037326,8293.268292682927,2.0330096731634493,1593515.709472196,5376775.512885012,7805.48780487805,1593858.5497856308,5377717.458904654,7805.48780487805,1594104.3694563697,5377627.987861508,8781.048780487805,1593761.5291429346,5376686.041841866,8781.048780487805
1594152.8797777176,5378143.696392901,8293.268292682927,2.1539342713803986,1593858.5497856308,5377717.458904654,7805.48780487805,1594201.3900990658,5378659.404924295,7805.48780487805,1594447.2097698045,5378569.933881149,8781.048780487805,1594104.3694563697,5377627.987861508,8781.048780487805
1594495.7200911525,5379085.642412542,8293.268292682927,2.594888526366493,1594201.3900990658,5378659.404924295,7805.48780487805,1594544.2304125007,5379601.350943935,7805.48780487805,1594790.0500832393,5379511.87990079,8781.048780487805,1594447.2097698045,5378569.933881149,8781.048780487805
1594838.5604045873,5380027.588432183,8293.268292682927,3.488212776695937,1594544.2304125007,5379601.350943935,7805.48780487805,1594887.0707259355,5380543.296963577,7805.48780487805,1595132.8903966742,5380453.82592043,8781.048780487805,1594790.0500832393,5379511.87990079,8781.048780487805
1595181.4007180221,5380969.534451824,8293.268292682927,4.059660044418523,1594887.0707259355,5380543.296963577,7805.48780487805,1595229.9110393703,5381485.242983217,7805.48780487805,1595475.7307101088,5381395.771940071,8781.048780487805,1595132.8903966742,5380453.82592043,8781.048780487805
1595524.241031457,5381911.480471465,8293.268292682927,4.2089750628036855,1595229.9110393703,5381485.242983217,7805.48780487805,1595572.751352805,5382427.189002858,7805.48780487805,1595818.5710235436,5382337.717959712,8781.048780487805,1595475.7307101088,5381395.771940071,8781.048780487805
1595867.0813448918,5382853.426491105,8293.268292682927,3.31159380435086,1595572.751352805,5382427.189002858,7805.48780487805,1595915.5916662398,5383369.135022499,7805.48780487805,1596161.4113369784,5383279.663979353,8781.048780487805,1595818.5710235436,5382337.717959712,8781.048780487805
1544344.013686974,5240530.106482185,9268.829268292682,2.2596037526536947,1544049.683694887,5240103.868993938,8781.048780487805,1544392.5240083218,5241045.815013579,8781.048780487805,1544638.3436790612,5240956.343970433,9756.609756097561,1544295.5033656266,5240014.397950792,9756.609756097561
1544686.854000409,5241472.052501826,9268.829268292682,2.1811380499335606,1544392.5240083218,5241045.815013579,8781.048780487805,1544735.3643217566,5241987.761033219,8781.048780487805,1544981.183992496,5241898.289990074,9756.609756097561,1544638.3436790612,5240956.343970433,9756.609756097561
1545029.6943138437,5242413.998521467,9268.829268292682,2.334476136683589,1544735.3643217566,5241987.761033219,8781.048780487805,1545078.2046351915,5242929.707052861,8781.048780487805,1545324.0243059308,5242840.236009714,9756.609756097561,1544981.183992496,5241898.289990074,9756.609756097561
1545372.5346272786,5243355.944541108,9268.829268292682,2.557867124911154,1545078.2046351915,5242929.707052861,8781.048780487805,1545421.044948626,5243871.6530725015,8781.048780487805,1545666.8646193657,5243782.182029355,9756.609756097561,1545324.0243059308,5242840.236009714,9756.609756097561
1545715.3749407132,5244297.890560749,9268.829268292682,2.2645890374521236,1545421.044948626,5243871.6530725015,8781.048780487805,1545763.885262061,5244813.599092143,8781.048780487805,1546009.7049328003,5244724.128048996,9756.609756097561,1545666.8646193657,5243782.182029355,9756.609756097561
1546058.215254148,5245239.83658039,9268.829268292682,2.7878690377274045,1545763.885262061,5244813.599092143,8781.048780487805,1546106.7255754957,5245755.545111783,8781.048780487805,1546352.545246235,5245666.074068638,9756.609756097561,1546009.7049328003,5244724.128048996,9756.609756097561
1546401.0555675828,5246181.78260003,9268.829268292682,2.222892885847465,1546106.7255754957,5245755.545111783,8781.048780487805,1546449.5658889306,5246697.491131425,8781.048780487805,1546695.3855596702,5246608.020088278,9756.609756097561,1546352.545246235,5245666.074068638,9756.609756097561
1546743.895881018,5247123.728619672,9268.829268292682,1.7578113288564707,1546449.5658889306,5246697.491131425,8781.048780487805,1546792.4062023654,5247639.437151065,8781.048780487805,1547038.225873105,5247549.966107918,9756.609756097561,1546695.3855596702,5246608.020088278,9756.609756097561
1547086.7361944527,5248065.674639313,9268.829268292682,2.3764227961803877,1546792.4062023654,5247639.437151065,8781.048780487805,1547135.2465158002,5248581.383170706,8781.048780487805,1547381.0661865398,5248491.91212756,9756.609756097561,1547038.225873105,5247549.966107918,9756.609756097561
1547429.5765078876,5249007.620658953,9268.829268292682,2.4835335566204635,1547135.2465158002,5248581.383170706,8781.048780487805,1547478.086829235,5249523.329190347,8781.048780487805,1547723.9064999744,5249433.8581472,9756.609756097561,1547381.0661865398,5248491.91212756,9756.609756097561
1547772.4168213222,5249949.566678593,9268.829268292682,2.4034280197130817,1547478.086829235,5249523.329190347,8781.048780487805,1547820.92714267,5250465.275209988,8781.048780487805,1548066.7468134093,5250375.804166841,9756.609756097561,1547723.9064999744,5249433.8581472,9756.609756097561
1548115.257134757,5250891.512698235,9268.829268292682,2.4864010598073896,1547820.92714267,5250465.275209988,8781.048780487805,1548163.7674561045,5251407.221229629,8781.048780487805,1548409.587126844,5251317.750186482,9756.609756097561,1548066.7468134093,5250375.804166841,9756.609756097561
1548458.0974481918,5251833.458717876,9268.829268292682,3.15175613070075,1548163.7674561045,5251407.221229629,8781.048780487805,1548506.6077695393,5252349.167249269,8781.048780487805,1548752.427440279,5252259.696206124,9756.609756097561,1548409.587126844,5251317.750186482,9756.609756097561
1548800.9377616267,5252775.404737516,9268.829268292682,3.2347103749429382,1548506.6077695393,5252349.167249269,8781.048780487805,1548849.4480829742,5253291.113268911,8781.048780487805,1549095.2677537135,5253201.642225764,9756.609756097561,1548752.427440279,5252259.696206124,9756.609756097561
1549143.7780750615,5253717.350757157,9268.829268292682,3.068115640398916,1548849.4480829742,5253291.113268911,8781.048780487805,1549192.2883964092,5254233.059288551,8781.048780487805,1549438.1080671486,5254143.588245405,9756.609756097561,1549095.2677537135,5253201.642225764,9756.609756097561
1549486.6183884963,5254659.296776799,9268.829268292682,2.6993358008444934,1549192.2883964092,5254233.059288551,8781.048780487805,1549535.128709844,5255175.005308192,8781.048780487805,1549780.9483805834,5255085.534265046,9756.609756097561,1549438.1080671486,5254143.588245405,9756.609756097561
1549829.4587019312,5255601.24279644,9268.829268292682,2.9093187048599556,1549535.128709844,5255175.005308192,8781.048780487805,1549877.969023279,5256116.951327833,8781.048780487805,1550123.7886940183,5256027.480284687,9756.609756097561,1549780.9483805834,5255085.534265046,9756.609756097561
1550172.2990153658,5256543.18881608,9268.829268292682,3.2034686368996104,1549877.969023279,5256116.951327833,8781.048780487805,1550220.8093367135,5257058.8973474745,8781.048780487805,1550466.629007453,5256969.426304327,9756.609756097561,1550123.7886940183,5256027.480284687,9756.609756097561
1550515.1393288006,5257485.134835721,9268.829268292682,3.180176145445713,1550220.8093367135,5257058.8973474745,8781.048780487805,1550563.6496501483,5258000.843367115,8781.048780487805,1550809.469320888,5257911.372323968,9756.609756097561,1550466.629007453,5256969.426304327,9756.609756097561
1550857.9796422354,5258427.080855362,9268.829268292682,3.1293825742347656,1550563.6496501483,5258000.843367115,8781.048780487805,1550906.4899635832,5258942.789386756,8781.048780487805,1551152.3096343225,5258853.31834361,9756.609756097561,1550809.469320888,5257911.372323968,9756.609756097561
1551200.8199556703,5259369.026875003,9268.829268292682,3.619751228707144,1550906.4899635832,5258942.789386756,8781.048780487805,1551249.330277018,5259884.735406396,8781.048780487805,1551495.1499477574,5259795.264363251,9756.609756097561,1551152.3096343225,5258853.31834361,9756.609756097561
1551543.660269105,5260310.972894643,9268.829268292682,3.4070935932689412,1551249.330277018,5259884.735406396,8781.048780487805,1551592.1705904526,5260826.681426038,8781.048780487805,1551837.9902611924,5260737.210382891,9756.609756097561,1551495.1499477574,5259795.264363251,9756.609756097561
1551886.5005825402,5261252.9189142855,9268.829268292682,3.1684345223164523,1551592.1705904526,5260826.681426038,8781.048780487805,1551935.0109038877,5261768.627445678,8781.048780487805,1552180.8305746273,5261679.156402533,9756.609756097561,1551837.9902611924,5260737.210382891,9756.609756097561
1552229.3408959748,5262194.864933926,9268.829268292682,3.098802410520967,1551935.0109038877,5261768.627445678,8781.048780487805,1552277.8512173225,5262710.573465319,8781.048780487805,1552523.6708880619,5262621.102422173,9756.609756097561,1552180.8305746273,5261679.156402533,9756.609756097561
1552572.1812094096,5263136.810953567,9268.829268292682,3.0355938319236153,1552277.8512173225,5262710.573465319,8781.048780487805,1552620.6915307574,5263652.5194849605,8781.048780487805,1552866.5112014967,5263563.048441814,9756.609756097561,1552523.6708880619,5262621.102422173,9756.609756097561
1552915.0215228444,5264078.756973207,9268.829268292682,3.371149738530374,1552620.6915307574,5263652.5194849605,8781.048780487805,1552963.5318441922,5264594.465504602,8781.048780487805,1553209.3515149315,5264504.994461454,9756.609756097561,1552866.5112014967,5263563.048441814,9756.609756097561
1553257.8618362793,5265020.702992848,9268.829268292682,3.890921523158255,1552963.5318441922,5264594.465504602,8781.048780487805,1553306.3721576268,5265536.411524242,8781.048780487805,1553552.1918283664,5265446.9404810965,9756.609756097561,1553209.3515149315,5264504.994461454,9756.609756097561
1553600.7021497139,5265962.649012489,9268.829268292682,3.7736200575953354,1553306.3721576268,5265536.411524242,8781.048780487805,1553649.2124710616,5266478.357543883,8781.048780487805,1553895.032141801,5266388.886500737,9756.609756097561,1553552.1918283664,5265446.9404810965,9756.609756097561
1553943.5424631487,5266904.59503213,9268.829268292682,4.257288326772768,1553649.2124710616,5266478.357543883,8781.048780487805,1553992.0527844965,5267420.303563524,8781.048780487805,1554237.8724552358,5267330.832520378,9756.609756097561,1553895.032141801,5266388.886500737,9756.609756097561
1554286.3827765835,5267846.5410517715,9268.829268292682,4.518962830982421,1553992.0527844965,5267420.303563524,8781.048780487805,1554334.8930979313,5268362.249583165,8781.048780487805,1554580.7127686709,5268272.778540018,9756.609756097561,1554237.8724552358,5267330.832520378,9756.609756097561
1554629.2230900186,5268788.487071412,9268.829268292682,4.730757029380855,1554334.8930979313,5268362.249583165,8781.048780487805,1554677.7334113661,5269304.195602805,8781.048780487805,1554923.5530821057,5269214.724559659,9756.609756097561,1554580.7127686709,5268272.778540018,9756.609756097561
1554972.0634034534,5269730.433091053,9268.829268292682,4.289291769494232,1554677.7334113661,5269304.195602805,8781.048780487805,1555020.573724801,5270246.1416224465,8781.048780487805,1555266.3933955405,5270156.6705793,9756.609756097561,1554923.5530821057,5269214.724559659,9756.609756097561
1555314.9037168883,5270672.379110694,9268.829268292682,4.275572311825981,1555020.573724801,5270246.1416224465,8781.048780487805,1555363.4140382358,5271188.087642088,8781.048780487805,1555609.2337089751,5271098.61659894,9756.609756097561,1555266.3933955405,5270156.6705793,9756.609756097561
1555657.7440303229,5271614.325130335,9268.829268292682,5.104504284517395,1555363.4140382358,5271188.087642088,8781.048780487805,1555706.2543516706,5272130.033661728,8781.048780487805,1555952.07402241,5272040.562618582,9756.609756097561,1555609.2337089751,5271098.61659894,9756.609756097561
1556000.5843437575,5272556.271149975,9268.829268292682,6.976463375926242,1555706.2543516706,5272130.033661728,8781.048780487805,1556049.0946651052,5273071.979681369,8781.048780487805,1556294.9143358448,5272982.508638223,9756.609756097561,1555952.07402241,5272040.562618582,9756.609756097561
1556343.4246571923,5273498.217169615,9268.829268292682,8.86576447484746,1556049.0946651052,5273071.979681369,8781.048780487805,1556391.93497854,5274013.92570101,8781.048780487805,1556637.7546492796,5273924.454657864,9756.609756097561,1556294.9143358448,5272982.508638223,9756.609756097561
1556686.2649706271,5274440.163189257,9268.829268292682,9.208717724292283,1556391.93497854,5274013.92570101,8781.048780487805,1556734.775291975,5274955.871720651,8781.048780487805,1556980.5949627142,5274866.400677504,9756.609756097561,1556637.7546492796,5273924.454657864,9756.609756097561
1557029.1052840622,5275382.109208899,9268.829268292682,11.648711026934208,1556734.775291975,5274955.871720651,8781.048780487805,1557077.61560541,5275897.817740291,8781.048780487805,1557323.4352761493,5275808.346697146,9756.609756097561,1556980.5949627142,5274866.400677504,9756.609756097561
1557371.945597497,5276324.055228539,9268.829268292682,12.591293434633513,1557077.61560541,5275897.817740291,8781.048780487805,1557420.4559188448,5276839.7637599325,8781.048780487805,1557666.2755895841,5276750.292716786,9756.609756097561,1557323.4352761493,5275808.346697146,9756.609756097561
1557714.7859109319,5277266.00124818,9268.829268292682,12.242927826034432,1557420.4559188448,5276839.7637599325,8781.048780487805,1557763.2962322794,5277781.709779574,8781.048780487805,1558009.115903019,5277692.238736427,9756.609756097561,1557666.2755895841,5276750.292716786,9756.609756097561
1558057.6262243665,5278207.947267821,9268.829268292682,11.739921800327428,1557763.2962322794,5277781.709779574,8781.048780487805,1558106.1365457142,5278723.655799215,8781.048780487805,1558351.9562164536,5278634.184756068,9756.609756097561,1558009.115903019,5277692.238736427,9756.609756097561
1558400.4665378013,5279149.893287462,9268.829268292682,11.20381255850745,1558106.1365457142,5278723.655799215,8781.048780487805,1558448.976859149,5279665.601818855,8781.048780487805,1558694.7965298884,5279576.13077571,9756.609756097561,1558351.9562164536,5278634.184756068,9756.609756097561
1558743.3068512361,5280091.839307102,9268.829268292682,9.649431511236129,1558448.976859149,5279665.601818855,8781.048780487805,1558791.817172584,5280607.547838496,8781.048780487805,1559037.6368433232,5280518.07679535,9756.609756097561,1558694.7965298884,5279576.13077571,9756.609756097561
1559086.147164671,5281033.785326743,9268.829268292682,9.374077126494438,1558791.817172584,5280607.547838496,8781.048780487805,1559134.6574860185,5281549.493858137,8781.048780487805,1559380.477156758,5281460.022814991,9756.609756097561,1559037.6368433232,5280518.07679535,9756.609756097561
1559428.9874781058,5281975.731346385,9268.829268292682,10.555862622588599,1559134.6574860185,5281549.493858137,8781.048780487805,1559477.4977994533,5282491.439877778,8781.048780487805,1559723.317470193,5282401.968834631,9756.609756097561,1559380.477156758,5281460.022814991,9756.609756097561
1559771.8277915409,5282917.677366026,9268.829268292682,11.282477833916735,1559477.4977994533,5282491.439877778,8781.048780487805,1559820.3381128884,5283433.3858974185,8781.048780487805,1560066.1577836277,5283343.914854273,9756.609756097561,1559723.317470193,5282401.968834631,9756.609756097561
1560114.6681049755,5283859.623385666,9268.829268292682,11.814127472229972,1559820.3381128884,5283433.3858974185,8781.048780487805,1560163.1784263232,5284375.33191706,8781.048780487805,1560408.9980970626,5284285.860873913,9756.609756097561,1560066.1577836277,5283343.914854273,9756.609756097561
1560457.5084184103,5284801.569405307,9268.829268292682,11.393522298074066,1560163.1784263232,5284375.33191706,8781.048780487805,1560506.018739758,5285317.277936701,8781.048780487805,1560751.8384104974,5285227.8068935545,9756.609756097561,1560408.9980970626,5284285.860873913,9756.609756097561
1560800.3487318452,5285743.515424948,9268.829268292682,8.790391996171024,1560506.018739758,5285317.277936701,8781.048780487805,1560848.859053193,5286259.223956342,8781.048780487805,1561094.6787239322,5286169.752913196,9756.609756097561,1560751.8384104974,5285227.8068935545,9756.609756097561
1561143.18904528,5286685.461444589,9268.829268292682,7.440105826761294,1560848.859053193,5286259.223956342,8781.048780487805,1561191.6993666275,5287201.169975982,8781.048780487805,1561437.519037367,5287111.698932837,9756.609756097561,1561094.6787239322,5286169.752913196,9756.609756097561
1561486.0293587148,5287627.4074642295,9268.829268292682,7.9591551616411245,1561191.6993666275,5287201.169975982,8781.048780487805,1561534.5396800623,5288143.115995624,8781.048780487805,1561780.359350802,5288053.644952477,9756.609756097561,1561437.519037367,5287111.698932837,9756.609756097561
1561828.8696721497,5288569.35348387,9268.829268292682,8.41387004990177,1561534.5396800623,5288143.115995624,8781.048780487805,1561877.3799934972,5289085.062015264,8781.048780487805,1562123.1996642365,5288995.590972118,9756.609756097561,1561780.359350802,5288053.644952477,9756.609756097561
1562171.7099855843,5289511.299503512,9268.829268292682,7.302808480141622,1561877.3799934972,5289085.062015264,8781.048780487805,1562220.220306932,5290027.008034905,8781.048780487805,1562466.0399776716,5289937.536991759,9756.609756097561,1562123.1996642365,5288995.590972118,9756.609756097561
1562514.550299019,5290453.245523153,9268.829268292682,6.654462947431381,1562220.220306932,5290027.008034905,8781.048780487805,1562563.0606203668,5290968.954054546,8781.048780487805,1562808.8802911064,5290879.4830114,9756.609756097561,1562466.0399776716,5289937.536991759,9756.609756097561
1562857.390612454,5291395.191542793,9268.829268292682,6.543728386431934,1562563.0606203668,5290968.954054546,8781.048780487805,1562905.9009338017,5291910.900074188,8781.048780487805,1563151.7206045412,5291821.4290310405,9756.609756097561,1562808.8802911064,5290879.4830114,9756.609756097561
1563200.2309258888,5292337.137562434,9268.829268292682,7.635927573893305,1562905.9009338017,5291910.900074188,8781.048780487805,1563248.7412472365,5292852.846093828,8781.048780487805,1563494.5609179758,5292763.375050681,9756.609756097561,1563151.7206045412,5291821.4290310405,9756.609756097561
1563543.0712393236,5293279.083582075,9268.829268292682,7.9655920369187205,1563248.7412472365,5292852.846093828,8781.048780487805,1563591.5815606713,5293794.792113468,8781.048780487805,1563837.4012314107,5293705.321070323,9756.609756097561,1563494.5609179758,5292763.375050681,9756.609756097561
1563885.9115527584,5294221.0296017155,9268.829268292682,7.220675758994548,1563591.5815606713,5293794.792113468,8781.048780487805,1563934.421874106,5294736.738133109,8781.048780487805,1564180.2415448455,5294647.267089963,9756.609756097561,1563837.4012314107,5293705.321070323,9756.609756097561
1564228.7518661933,5295162.975621357,9268.829268292682,6.931525745174135,1563934.421874106,5294736.738133109,8781.048780487805,1564277.2621875408,5295678.68415275,8781.048780487805,1564523.0818582803,5295589.213109604,9756.609756097561,1564180.2415448455,5294647.267089963,9756.609756097561
1564571.5921796279,5296104.921640998,9268.829268292682,7.043088096970345,1564277.2621875408,5295678.68415275,8781.048780487805,1564620.1025009756,5296620.630172391,8781.048780487805,1564865.922171715,5296531.159129245,9756.609756097561,1564523.0818582803,5295589.213109604,9756.609756097561
1564914.4324930627,5297046.867660638,9268.829268292682,7.423320098777958,1564620.1025009756,5296620.630172391,8781.048780487805,1564962.9428144107,5297562.576192032,8781.048780487805,1565208.76248515,5297473.105148886,9756.609756097561,1564865.922171715,5296531.159129245,9756.609756097561
1565257.2728064978,5297988.813680279,9268.829268292682,7.089767960025868,1564962.9428144107,5297562.576192032,8781.048780487805,1565305.7831278455,5298504.522211674,8781.048780487805,1565551.6027985848,5298415.0511685265,9756.609756097561,1565208.76248515,5297473.105148886,9756.609756097561
1565600.1131199326,5298930.75969992,9268.829268292682,5.694231552707393,1565305.7831278455,5298504.522211674,8781.048780487805,1565648.62344128,5299446.468231314,8781.048780487805,1565894.4431120197,5299356.997188168,9756.609756097561,1565551.6027985848,5298415.0511685265,9756.609756097561
1565942.9534333674,5299872.705719561,9268.829268292682,6.08802327463355,1565648.62344128,5299446.468231314,8781.048780487805,1565991.463754715,5300388.414250955,8781.048780487805,1566237.2834254545,5300298.943207809,9756.609756097561,1565894.4431120197,5299356.997188168,9756.609756097561
1566285.793746802,5300814.651739202,9268.829268292682,7.057951454400319,1565991.463754715,5300388.414250955,8781.048780487805,1566334.3040681498,5301330.360270595,8781.048780487805,1566580.1237388891,5301240.88922745,9756.609756097561,1566237.2834254545,5300298.943207809,9756.609756097561
1566628.6340602369,5301756.597758843,9268.829268292682,7.385925958413449,1566334.3040681498,5301330.360270595,8781.048780487805,1566677.1443815846,5302272.306290237,8781.048780487805,1566922.964052324,5302182.83524709,9756.609756097561,1566580.1237388891,5301240.88922745,9756.609756097561
1566971.4743736717,5302698.543778485,9268.829268292682,6.5946215805020545,1566677.1443815846,5302272.306290237,8781.048780487805,1567019.9846950192,5303214.252309877,8781.048780487805,1567265.8043657588,5303124.781266731,9756.609756097561,1566922.964052324,5302182.83524709,9756.609756097561
1567314.3146871065,5303640.489798125,9268.829268292682,6.572763040062158,1567019.9846950192,5303214.252309877,8781.048780487805,1567362.825008454,5304156.198329519,8781.048780487805,1567608.6446791936,5304066.727286372,9756.609756097561,1567265.8043657588,5303124.781266731,9756.609756097561
1567657.1550005416,5304582.435817765,9268.829268292682,6.1920114636093855,1567362.825008454,5304156.198329519,8781.048780487805,1567705.665321889,5305098.144349159,8781.048780487805,1567951.4849926285,5305008.673306013,9756.609756097561,1567608.6446791936,5304066.727286372,9756.609756097561
1567999.9953139762,5305524.381837406,9268.829268292682,5.861570538434296,1567705.665321889,5305098.144349159,8781.048780487805,1568048.505635324,5306040.090368801,8781.048780487805,1568294.3253060633,5305950.619325654,9756.609756097561,1567951.4849926285,5305008.673306013,9756.609756097561
1568342.8356274108,5306466.327857048,9268.829268292682,5.904524627384718,1568048.505635324,5306040.090368801,8781.048780487805,1568391.3459487585,5306982.036388441,8781.048780487805,1568637.1656194981,5306892.565345295,9756.609756097561,1568294.3253060633,5305950.619325654,9756.609756097561
1568685.6759408456,5307408.273876688,9268.829268292682,6.276600657437851,1568391.3459487585,5306982.036388441,8781.048780487805,1568734.1862621934,5307923.982408081,8781.048780487805,1568980.005932933,5307834.511364936,9756.609756097561,1568637.1656194981,5306892.565345295,9756.609756097561
1569028.5162542805,5308350.219896329,9268.829268292682,5.537213281570985,1568734.1862621934,5307923.982408081,8781.048780487805,1569077.0265756282,5308865.928427723,8781.048780487805,1569322.8462463676,5308776.457384576,9756.609756097561,1568980.005932933,5307834.511364936,9756.609756097561
1569371.3565677153,5309292.16591597,9268.829268292682,5.194037380129469,1569077.0265756282,5308865.928427723,8781.048780487805,1569419.866889063,5309807.874447363,8781.048780487805,1569665.6865598024,5309718.403404217,9756.609756097561,1569322.8462463676,5308776.457384576,9756.609756097561
1569714.1968811501,5310234.111935611,9268.829268292682,3.771201139487038,1569419.866889063,5309807.874447363,8781.048780487805,1569762.7072024979,5310749.820467005,8781.048780487805,1570008.5268732372,5310660.349423858,9756.609756097561,1569665.6865598024,5309718.403404217,9756.609756097561
1570057.037194585,5311176.057955252,9268.829268292682,2.5605090136209414,1569762.7072024979,5310749.820467005,8781.048780487805,1570105.5475159325,5311691.766486645,8781.048780487805,1570351.3671866723,5311602.295443499,9756.609756097561,1570008.5268732372,5310660.349423858,9756.609756097561
1570399.8775080198,5312118.003974892,9268.829268292682,2.2897481215229765,1570105.5475159325,5311691.766486645,8781.048780487805,1570448.3878293675,5312633.712506287,8781.048780487805,1570694.2075001071,5312544.24146314,9756.609756097561,1570351.3671866723,5311602.295443499,9756.609756097561
1570742.7178214546,5313059.949994533,9268.829268292682,2.467610236092238,1570448.3878293675,5312633.712506287,8781.048780487805,1570791.2281428024,5313575.658525927,8781.048780487805,1571037.0478135417,5313486.187482781,9756.609756097561,1570694.2075001071,5312544.24146314,9756.609756097561
1571085.5581348895,5314001.896014174,9268.829268292682,3.4370586513784973,1570791.2281428024,5313575.658525927,8781.048780487805,1571134.0684562372,5314517.604545568,8781.048780487805,1571379.8881269766,5314428.133502422,9756.609756097561,1571037.0478135417,5313486.187482781,9756.609756097561
1571428.3984483243,5314943.842033816,9268.829268292682,5.13763837448027,1571134.0684562372,5314517.604545568,8781.048780487805,1571476.9087696718,5315459.550565208,8781.048780487805,1571722.7284404114,5315370.079522063,9756.609756097561,1571379.8881269766,5314428.133502422,9756.609756097561
1571771.2387617591,5315885.788053456,9268.829268292682,6.8435847834598125,1571476.9087696718,5315459.550565208,8781.048780487805,1571819.7490831066,5316401.49658485,8781.048780487805,1572065.5687538462,5316312.025541703,9756.609756097561,1571722.7284404114,5315370.079522063,9756.609756097561
1572114.079075194,5316827.734073098,9268.829268292682,7.86372488316108,1571819.7490831066,5316401.49658485,8781.048780487805,1572162.5893965415,5317343.442604491,8781.048780487805,1572408.409067281,5317253.971561344,9756.609756097561,1572065.5687538462,5316312.025541703,9756.609756097561
1572456.9193886288,5317769.680092738,9268.829268292682,8.823191599629693,1572162.5893965415,5317343.442604491,8781.048780487805,1572505.4297099763,5318285.388624132,8781.048780487805,1572751.2493807157,5318195.917580985,9756.609756097561,1572408.409067281,5317253.971561344,9756.609756097561
1572799.7597020634,5318711.626112379,9268.829268292682,8.907332380552349,1572505.4297099763,5318285.388624132,8781.048780487805,1572848.2700234114,5319227.334643772,8781.048780487805,1573094.0896941507,5319137.863600627,9756.609756097561,1572751.2493807157,5318195.917580985,9756.609756097561
1573142.6000154985,5319653.572132019,9268.829268292682,11.19565712357539,1572848.2700234114,5319227.334643772,8781.048780487805,1573191.1103368462,5320169.280663414,8781.048780487805,1573436.9300075856,5320079.809620267,9756.609756097561,1573094.0896941507,5319137.863600627,9756.609756097561
1573485.4403289333,5320595.51815166,9268.829268292682,11.35935265585664,1573191.1103368462,5320169.280663414,8781.048780487805,1573533.9506502808,5321111.226683054,8781.048780487805,1573779.7703210204,5321021.755639909,9756.609756097561,1573436.9300075856,5320079.809620267,9756.609756097561
1573828.2806423681,5321537.464171302,9268.829268292682,11.599578449889727,1573533.9506502808,5321111.226683054,8781.048780487805,1573876.7909637156,5322053.172702695,8781.048780487805,1574122.6106344552,5321963.701659549,9756.609756097561,1573779.7703210204,5321021.755639909,9756.609756097561
1574171.120955803,5322479.410190943,9268.829268292682,11.708247656040752,1573876.7909637156,5322053.172702695,8781.048780487805,1574219.6312771505,5322995.118722336,8781.048780487805,1574465.4509478898,5322905.64767919,9756.609756097561,1574122.6106344552,5321963.701659549,9756.609756097561
1574513.9612692376,5323421.356210583,9268.829268292682,11.907371784168296,1574219.6312771505,5322995.118722336,8781.048780487805,1574562.4715905853,5323937.0647419775,8781.048780487805,1574808.2912613247,5323847.59369883,9756.609756097561,1574465.4509478898,5322905.64767919,9756.609756097561
1574856.8015826722,5324363.302230225,9268.829268292682,10.80221926245981,1574562.4715905853,5323937.0647419775,8781.048780487805,1574905.31190402,5324879.010761618,8781.048780487805,1575151.1315747595,5324789.539718472,9756.609756097561,1574808.2912613247,5323847.59369883,9756.609756097561
1575199.641896107,5325305.248249865,9268.829268292682,10.441828258643142,1574905.31190402,5324879.010761618,8781.048780487805,1575248.1522174547,5325820.956781259,8781.048780487805,1575493.9718881943,5325731.485738113,9756.609756097561,1575151.1315747595,5324789.539718472,9756.609756097561
1575542.482209542,5326247.194269506,9268.829268292682,12.347434741878871,1575248.1522174547,5325820.956781259,8781.048780487805,1575590.9925308898,5326762.9028009,8781.048780487805,1575836.8122016292,5326673.431757754,9756.609756097561,1575493.9718881943,5325731.485738113,9756.609756097561
1575885.322522977,5327189.140289147,9268.829268292682,12.555736339628414,1575590.9925308898,5326762.9028009,8781.048780487805,1575933.8328443246,5327704.848820541,8781.048780487805,1576179.652515064,5327615.377777394,9756.609756097561,1575836.8122016292,5326673.431757754,9756.609756097561
1576228.1628364117,5328131.086308788,9268.829268292682,12.322947321228755,1575933.8328443246,5327704.848820541,8781.048780487805,1576276.6731577595,5328646.794840181,8781.048780487805,1576522.4928284988,5328557.323797035,9756.609756097561,1576179.652515064,5327615.377777394,9756.609756097561
1576571.0031498466,5329073.032328429,9268.829268292682,10.226226651723868,1576276.6731577595,5328646.794840181,8781.048780487805,1576619.513471194,5329588.740859822,8781.048780487805,1576865.3331419337,5329499.269816676,9756.609756097561,1576522.4928284988,5328557.323797035,9756.609756097561
1576913.8434632812,5330014.97834807,9268.829268292682,9.634770876334782,1576619.513471194,5329588.740859822,8781.048780487805,1576962.353784629,5330530.6868794635,8781.048780487805,1577208.1734553683,5330441.215836316,9756.609756097561,1576865.3331419337,5329499.269816676,9756.609756097561
1577256.683776716,5330956.924367711,9268.829268292682,8.408724362817882,1576962.353784629,5330530.6868794635,8781.048780487805,1577305.1940980637,5331472.632899104,8781.048780487805,1577551.013768803,5331383.161855958,9756.609756097561,1577208.1734553683,5330441.215836316,9756.609756097561
1577599.5240901508,5331898.870387351,9268.829268292682,8.47446790642063,1577305.1940980637,5331472.632899104,8781.048780487805,1577648.0344114986,5332414.578918745,8781.048780487805,1577893.854082238,5332325.107875599,9756.609756097561,1577551.013768803,5331383.161855958,9756.609756097561
1577942.3644035857,5332840.816406992,9268.829268292682,8.872367222148762,1577648.0344114986,5332414.578918745,8781.048780487805,1577990.8747249332,5333356.524938386,8781.048780487805,1578236.694395673,5333267.05389524,9756.609756097561,1577893.854082238,5332325.107875599,9756.609756097561
1578285.2047170207,5333782.762426632,9268.829268292682,9.238310362491946,1577990.8747249332,5333356.524938386,8781.048780487805,1578333.7150383682,5334298.470958027,8781.048780487805,1578579.5347091078,5334208.99991488,9756.609756097561,1578236.694395673,5333267.05389524,9756.609756097561
1578628.0450304553,5334724.7084462745,9268.829268292682,8.860982718982882,1578333.7150383682,5334298.470958027,8781.048780487805,1578676.555351803,5335240.416977667,8781.048780487805,1578922.3750225424,5335150.945934522,9756.609756097561,1578579.5347091078,5334208.99991488,9756.609756097561
1578970.8853438902,5335666.654465915,9268.829268292682,8.263256200868662,1578676.555351803,5335240.416977667,8781.048780487805,1579019.395665238,5336182.362997308,8781.048780487805,1579265.2153359773,5336092.891954162,9756.609756097561,1578922.3750225424,5335150.945934522,9756.609756097561
1579313.725657325,5336608.600485555,9268.829268292682,7.405957135736245,1579019.395665238,5336182.362997308,8781.048780487805,1579362.2359786725,5337124.3090169495,8781.048780487805,1579608.055649412,5337034.837973803,9756.609756097561,1579265.2153359773,5336092.891954162,9756.609756097561
1579656.5659707598,5337550.546505197,9268.829268292682,7.588147350312865,1579362.2359786725,5337124.3090169495,8781.048780487805,1579705.0762921073,5338066.255036591,8781.048780487805,1579950.895962847,5337976.7839934435,9756.609756097561,1579608.055649412,5337034.837973803,9756.609756097561
1579999.4062841947,5338492.492524838,9268.829268292682,7.774549578810021,1579705.0762921073,5338066.255036591,8781.048780487805,1580047.9166055422,5339008.201056231,8781.048780487805,1580293.7362762815,5338918.7300130855,9756.609756097561,1579950.895962847,5337976.7839934435,9756.609756097561
1580342.2465976293,5339434.438544478,9268.829268292682,7.8107570629074825,1580047.9166055422,5339008.201056231,8781.048780487805,1580390.756918977,5339950.147075872,8781.048780487805,1580636.5765897164,5339860.676032726,9756.609756097561,1580293.7362762815,5338918.7300130855,9756.609756097561
1580685.086911064,5340376.384564119,9268.829268292682,9.983385235641343,1580390.756918977,5339950.147075872,8781.048780487805,1580733.597232412,5340892.093095513,8781.048780487805,1580979.4169031514,5340802.622052367,9756.609756097561,1580636.5765897164,5339860.676032726,9756.609756097561
1581027.927224499,5341318.3305837605,9268.829268292682,13.265089318691679,1580733.597232412,5340892.093095513,8781.048780487805,1581076.4375458467,5341834.039115154,8781.048780487805,1581322.2572165863,5341744.568072007,9756.609756097561,1580979.4169031514,5340802.622052367,9756.609756097561
1581370.7675379338,5342260.276603402,9268.829268292682,15.707229581393475,1581076.4375458467,5341834.039115154,8781.048780487805,1581419.2778592815,5342775.985134794,8781.048780487805,1581665.0975300209,5342686.514091648,9756.609756097561,1581322.2572165863,5341744.568072007,9756.609756097561
1581713.6078513686,5343202.222623042,9268.829268292682,14.324344124403332,1581419.2778592815,5342775.985134794,8781.048780487805,1581762.1181727163,5343717.931154436,8781.048780487805,1582007.9378434557,5343628.460111289,9756.609756097561,1581665.0975300209,5342686.514091648,9756.609756097561
1582056.4481648034,5344144.168642682,9268.829268292682,13.308312497958985,1581762.1181727163,5343717.931154436,8781.048780487805,1582104.9584861512,5344659.877174077,8781.048780487805,1582350.7781568905,5344570.40613093,9756.609756097561,1582007.9378434557,5343628.460111289,9756.609756097561
1582399.2884782383,5345086.114662324,9268.829268292682,15.419645164503196,1582104.9584861512,5344659.877174077,8781.048780487805,1582447.798799586,5345601.823193718,8781.048780487805,1582693.6184703254,5345512.3521505715,9756.609756097561,1582350.7781568905,5344570.40613093,9756.609756097561
1582742.128791673,5346028.060681965,9268.829268292682,19.789643519773293,1582447.798799586,5345601.823193718,8781.048780487805,1582790.6391130206,5346543.769213358,8781.048780487805,1583036.4587837602,5346454.298170213,9756.609756097561,1582693.6184703254,5345512.3521505715,9756.609756097561
1583084.9691051077,5346970.006701605,9268.829268292682,21.95765538242908,1582790.6391130206,5346543.769213358,8781.048780487805,1583133.4794264555,5347485.715233,8781.048780487805,1583379.299097195,5347396.244189853,9756.609756097561,1583036.4587837602,5346454.298170213,9756.609756097561
1583427.8094185428,5347911.9527212465,9268.829268292682,22.07354617267977,1583133.4794264555,5347485.715233,8781.048780487805,1583476.3197398905,5348427.66125264,8781.048780487805,1583722.1394106299,5348338.190209494,9756.609756097561,1583379.299097195,5347396.244189853,9756.609756097561
1583770.6497319776,5348853.898740888,9268.829268292682,21.810726707238924,1583476.3197398905,5348427.66125264,8781.048780487805,1583819.1600533254,5349369.607272281,8781.048780487805,1584064.9797240647,5349280.136229135,9756.609756097561,1583722.1394106299,5348338.190209494,9756.609756097561
1584113.4900454124,5349795.844760529,9268.829268292682,20.548407756514276,1583819.1600533254,5349369.607272281,8781.048780487805,1584162.0003667602,5350311.5532919215,8781.048780487805,1584407.8200374995,5350222.082248775,9756.609756097561,1584064.9797240647,5349280.136229135,9756.609756097561
1584456.3303588473,5350737.790780169,9268.829268292682,17.80834761522257,1584162.0003667602,5350311.5532919215,8781.048780487805,1584504.8406801948,5351253.499311563,8781.048780487805,1584750.6603509344,5351164.028268416,9756.609756097561,1584407.8200374995,5350222.082248775,9756.609756097561
1584799.170672282,5351679.73679981,9268.829268292682,20.02822562724196,1584504.8406801948,5351253.499311563,8781.048780487805,1584847.6809936296,5352195.445331204,8781.048780487805,1585093.500664369,5352105.974288057,9756.609756097561,1584750.6603509344,5351164.028268416,9756.609756097561
1585142.0109857167,5352621.68281945,9268.829268292682,22.221264869501173,1584847.6809936296,5352195.445331204,8781.048780487805,1585190.5213070645,5353137.391350844,8781.048780487805,1585436.3409778038,5353047.920307699,9756.609756097561,1585093.500664369,5352105.974288057,9756.609756097561
1585484.8512991515,5353563.628839091,9268.829268292682,22.679833821672236,1585190.5213070645,5353137.391350844,8781.048780487805,1585533.3616204993,5354079.337370485,8781.048780487805,1585779.1812912386,5353989.866327339,9756.609756097561,1585436.3409778038,5353047.920307699,9756.609756097561
1585827.6916125864,5354505.5748587325,9268.829268292682,22.019469043507637,1585533.3616204993,5354079.337370485,8781.048780487805,1585876.201933934,5355021.283390126,8781.048780487805,1586122.0216046737,5354931.81234698,9756.609756097561,1585779.1812912386,5353989.866327339,9756.609756097561
1586170.5319260214,5355447.520878374,9268.829268292682,19.505973902272082,1585876.201933934,5355021.283390126,8781.048780487805,1586219.042247369,5355963.229409767,8781.048780487805,1586464.8619181085,5355873.758366621,9756.609756097561,1586122.0216046737,5354931.81234698,9756.609756097561
1586513.3722394563,5356389.466898015,9268.829268292682,15.715934188891113,1586219.042247369,5355963.229409767,8781.048780487805,1586561.8825608038,5356905.1754294075,8781.048780487805,1586807.7022315431,5356815.704386262,9756.609756097561,1586464.8619181085,5355873.758366621,9756.609756097561
1586856.2125528909,5357331.412917655,9268.829268292682,11.70713750065789,1586561.8825608038,5356905.1754294075,8781.048780487805,1586904.7228742386,5357847.12144905,8781.048780487805,1587150.542544978,5357757.650405902,9756.609756097561,1586807.7022315431,5356815.704386262,9756.609756097561
1587199.0528663255,5358273.358937296,9268.829268292682,11.16971452700853,1586904.7228742386,5357847.12144905,8781.048780487805,1587247.5631876732,5358789.06746869,8781.048780487805,1587493.3828584128,5358699.596425544,9756.609756097561,1587150.542544978,5357757.650405902,9756.609756097561
1587541.8931797603,5359215.304956937,9268.829268292682,9.352444305390494,1587247.5631876732,5358789.06746869,8781.048780487805,1587590.403501108,5359731.013488331,8781.048780487805,1587836.2231718476,5359641.542445185,9756.609756097561,1587493.3828584128,5358699.596425544,9756.609756097561
1587884.7334931951,5360157.250976577,9268.829268292682,9.119072067056399,1587590.403501108,5359731.013488331,8781.048780487805,1587933.243814543,5360672.959507971,8781.048780487805,1588179.0634852822,5360583.488464826,9756.609756097561,1587836.2231718476,5359641.542445185,9756.609756097561
1588227.57380663,5361099.1969962185,9268.829268292682,9.556897221928248,1587933.243814543,5360672.959507971,8781.048780487805,1588276.0841279777,5361614.905527613,8781.048780487805,1588521.903798717,5361525.434484466,9756.609756097561,1588179.0634852822,5360583.488464826,9756.609756097561
1588570.4141200648,5362041.143015861,9268.829268292682,7.990396827071184,1588276.0841279777,5361614.905527613,8781.048780487805,1588618.9244414126,5362556.851547253,8781.048780487805,1588864.7441121521,5362467.380504107,9756.609756097561,1588521.903798717,5361525.434484466,9756.609756097561
1588913.2544334999,5362983.089035501,9268.829268292682,6.518364449514352,1588618.9244414126,5362556.851547253,8781.048780487805,1588961.7647548474,5363498.797566894,8781.048780487805,1589207.584425587,5363409.326523748,9756.609756097561,1588864.7441121521,5362467.380504107,9756.609756097561
1589256.0947469347,5363925.035055141,9268.829268292682,6.784136605430517,1588961.7647548474,5363498.797566894,8781.048780487805,1589304.6050682822,5364440.743586535,8781.048780487805,1589550.4247390218,5364351.272543388,9756.609756097561,1589207.584425587,5363409.326523748,9756.609756097561
1589598.9350603693,5364866.981074782,9268.829268292682,6.239222846643093,1589304.6050682822,5364440.743586535,8781.048780487805,1589647.445381717,5365382.689606177,8781.048780487805,1589893.2650524564,5365293.21856303,9756.609756097561,1589550.4247390218,5364351.272543388,9756.609756097561
1589941.7753738042,5365808.927094424,9268.829268292682,5.556672056137728,1589647.445381717,5365382.689606177,8781.048780487805,1589990.285695152,5366324.635625817,8781.048780487805,1590236.1053658912,5366235.164582671,9756.609756097561,1589893.2650524564,5365293.21856303,9756.609756097561
1590284.615687239,5366750.873114064,9268.829268292682,5.540320259454129,1589990.285695152,5366324.635625817,8781.048780487805,1590333.1260085865,5367266.581645457,8781.048780487805,1590578.945679326,5367177.110602312,9756.609756097561,1590236.1053658912,5366235.164582671,9756.609756097561
1590627.4560006738,5367692.8191337045,9268.829268292682,5.043509654735311,1590333.1260085865,5367266.581645457,8781.048780487805,1590675.9663220213,5368208.527665099,8781.048780487805,1590921.785992761,5368119.056621952,9756.609756097561,1590578.945679326,5367177.110602312,9756.609756097561
1590970.2963141084,5368634.765153345,9268.829268292682,4.741773004576894,1590675.9663220213,5368208.527665099,8781.048780487805,1591018.8066354562,5369150.473684739,8781.048780487805,1591264.6263061955,5369061.002641593,9756.609756097561,1590921.785992761,5368119.056621952,9756.609756097561
1591313.1366275435,5369576.711172987,9268.829268292682,3.9746960406371645,1591018.8066354562,5369150.473684739,8781.048780487805,1591361.6469488912,5370092.41970438,8781.048780487805,1591607.4666196306,5370002.948661234,9756.609756097561,1591264.6263061955,5369061.002641593,9756.609756097561
1591655.9769409783,5370518.657192628,9268.829268292682,3.379231043347394,1591361.6469488912,5370092.41970438,8781.048780487805,1591704.4872623258,5371034.365724021,8781.048780487805,1591950.3069330654,5370944.894680875,9756.609756097561,1591607.4666196306,5370002.948661234,9756.609756097561
1591998.8172544132,5371460.603212268,9268.829268292682,2.4847620176269043,1591704.4872623258,5371034.365724021,8781.048780487805,1592047.3275757607,5371976.311743663,8781.048780487805,1592293.1472465002,5371886.840700516,9756.609756097561,1591950.3069330654,5370944.894680875,9756.609756097561
1592341.657567848,5372402.54923191,9268.829268292682,2.368898862435609,1592047.3275757607,5371976.311743663,8781.048780487805,1592390.1678891955,5372918.257763303,8781.048780487805,1592635.9875599348,5372828.786720157,9756.609756097561,1592293.1472465002,5371886.840700516,9756.609756097561
1592684.4978812826,5373344.49525155,9268.829268292682,2.736298172640106,1592390.1678891955,5372918.257763303,8781.048780487805,1592733.0082026303,5373860.203782944,8781.048780487805,1592978.8278733697,5373770.732739798,9756.609756097561,1592635.9875599348,5372828.786720157,9756.609756097561
1593027.3381947174,5374286.441271191,9268.829268292682,3.14975407163006,1592733.0082026303,5373860.203782944,8781.048780487805,1593075.8485160652,5374802.149802584,8781.048780487805,1593321.6681868045,5374712.678759439,9756.609756097561,1592978.8278733697,5373770.732739798,9756.609756097561
1593370.178508152,5375228.387290832,9268.829268292682,3.0603233302653274,1593075.8485160652,5374802.149802584,8781.048780487805,1593418.6888294998,5375744.095822226,8781.048780487805,1593664.5085002393,5375654.624779079,9756.609756097561,1593321.6681868045,5374712.678759439,9756.609756097561
1593713.0188215869,5376170.333310473,9268.829268292682,2.478644371705607,1593418.6888294998,5375744.095822226,8781.048780487805,1593761.5291429346,5376686.041841866,8781.048780487805,1594007.3488136742,5376596.57079872,9756.609756097561,1593664.5085002393,5375654.624779079,9756.609756097561
1594055.859135022,5377112.279330114,9268.829268292682,2.454266929217491,1593761.5291429346,5376686.041841866,8781.048780487805,1594104.3694563697,5377627.987861508,8781.048780487805,1594350.189127109,5377538.516818361,9756.609756097561,1594007.3488136742,5376596.57079872,9756.609756097561
1594398.6994484568,5378054.225349755,9268.829268292682,2.6882635060006628,1594104.3694563697,5377627.987861508,8781.048780487805,1594447.2097698045,5378569.933881149,8781.048780487805,1594693.0294405438,5378480.4628380025,9756.609756097561,1594350.189127109,5377538.516818361,9756.609756097561
1594741.5397618916,5378996.171369395,9268.829268292682,2.8652525240701268,1594447.2097698045,5378569.933881149,8781.048780487805,1594790.0500832393,5379511.87990079,8781.048780487805,1595035.8697539787,5379422.408857643,9756.609756097561,1594693.0294405438,5378480.4628380025,9756.609756097561
1595084.3800753264,5379938.117389037,9268.829268292682,3.5166592633067895,1594790.0500832393,5379511.87990079,8781.048780487805,1595132.8903966742,5380453.82592043,8781.048780487805,1595378.7100674135,5380364.354877285,9756.609756097561,1595035.8697539787,5379422.408857643,9756.609756097561
1595427.2203887613,5380880.0634086775,9268.829268292682,3.937031387728448,1595132.8903966742,5380453.82592043,8781.048780487805,1595475.7307101088,5381395.771940071,8781.048780487805,1595721.5503808483,5381306.300896925,9756.609756097561,1595378.7100674135,5380364.354877285,9756.609756097561
1595770.0607021959,5381822.009428319,9268.829268292682,4.42157519761603,1595475.7307101088,5381395.771940071,8781.048780487805,1595818.5710235436,5382337.717959712,8781.048780487805,1596064.390694283,5382248.246916566,9756.609756097561,1595721.5503808483,5381306.300896925,9756.609756097561
1596112.9010156307,5382763.955447959,9268.829268292682,4.257905780935105,1595818.5710235436,5382337.717959712,8781.048780487805,1596161.4113369784,5383279.663979353,8781.048780487805,1596407.2310077178,5383190.192936206,9756.609756097561,1596064.390694283,5382248.246916566,9756.609756097561
1544589.8333577134,5240440.635439039,10244.390243902439,3.098637257320154,1544295.5033656266,5240014.397950792,9756.609756097561,1544638.3436790612,5240956.343970433,9756.609756097561,1544884.1633498007,5240866.872927287,10732.170731707318,1544541.323036366,5239924.926907646,10732.170731707318
1544932.6736711483,5241382.581458679,10244.390243902439,2.6750297236178535,1544638.3436790612,5240956.343970433,9756.609756097561,1544981.183992496,5241898.289990074,9756.609756097561,1545227.0036632356,5241808.818946927,10732.170731707318,1544884.1633498007,5240866.872927287,10732.170731707318
1545275.513984583,5242324.5274783205,10244.390243902439,2.422513095313608,1544981.183992496,5241898.289990074,9756.609756097561,1545324.0243059308,5242840.236009714,9756.609756097561,1545569.8439766702,5242750.764966569,10732.170731707318,1545227.0036632356,5241808.818946927,10732.170731707318
1545618.354298018,5243266.473497962,10244.390243902439,2.4804062297228446,1545324.0243059308,5242840.236009714,9756.609756097561,1545666.8646193657,5243782.182029355,9756.609756097561,1545912.684290105,5243692.710986209,10732.170731707318,1545569.8439766702,5242750.764966569,10732.170731707318
1545961.1946114528,5244208.419517603,10244.390243902439,2.91927561731313,1545666.8646193657,5243782.182029355,9756.609756097561,1546009.7049328003,5244724.128048996,9756.609756097561,1546255.5246035398,5244634.65700585,10732.170731707318,1545912.684290105,5243692.710986209,10732.170731707318
1546304.0349248874,5245150.365537244,10244.390243902439,3.483725472285323,1546009.7049328003,5244724.128048996,9756.609756097561,1546352.545246235,5245666.074068638,9756.609756097561,1546598.3649169747,5245576.60302549,10732.170731707318,1546255.5246035398,5244634.65700585,10732.170731707318
1546646.8752383224,5246092.311556884,10244.390243902439,3.963438969790216,1546352.545246235,5245666.074068638,9756.609756097561,1546695.3855596702,5246608.020088278,9756.609756097561,1546941.2052304095,5246518.549045132,10732.170731707318,1546598.3649169747,5245576.60302549,10732.170731707318
1546989.7155517573,5247034.257576525,10244.390243902439,3.0982616032001866,1546695.3855596702,5246608.020088278,9756.609756097561,1547038.225873105,5247549.966107918,9756.609756097561,1547284.0455438443,5247460.495064773,10732.170731707318,1546941.2052304095,5246518.549045132,10732.170731707318
1547332.555865192,5247976.203596165,10244.390243902439,3.1573027787465873,1547038.225873105,5247549.966107918,9756.609756097561,1547381.0661865398,5248491.91212756,9756.609756097561,1547626.8858572792,5248402.441084413,10732.170731707318,1547284.0455438443,5247460.495064773,10732.170731707318
1547675.396178627,5248918.149615807,10244.390243902439,3.580420306857327,1547381.0661865398,5248491.91212756,9756.609756097561,1547723.9064999744,5249433.8581472,9756.609756097561,1547969.726170714,5249344.387104055,10732.170731707318,1547626.8858572792,5248402.441084413,10732.170731707318
1548018.2364920618,5249860.095635448,10244.390243902439,3.368591013789416,1547723.9064999744,5249433.8581472,9756.609756097561,1548066.7468134093,5250375.804166841,9756.609756097561,1548312.5664841486,5250286.333123695,10732.170731707318,1547969.726170714,5249344.387104055,10732.170731707318
1548361.0768054964,5250802.041655088,10244.390243902439,3.354455093793157,1548066.7468134093,5250375.804166841,9756.609756097561,1548409.587126844,5251317.750186482,9756.609756097561,1548655.4067975834,5251228.279143336,10732.170731707318,1548312.5664841486,5250286.333123695,10732.170731707318
1548703.9171189312,5251743.987674729,10244.390243902439,3.7838841154968677,1548409.587126844,5251317.750186482,9756.609756097561,1548752.427440279,5252259.696206124,9756.609756097561,1548998.2471110183,5252170.225162976,10732.170731707318,1548655.4067975834,5251228.279143336,10732.170731707318
1549046.757432366,5252685.933694371,10244.390243902439,3.894029649463445,1548752.427440279,5252259.696206124,9756.609756097561,1549095.2677537135,5253201.642225764,9756.609756097561,1549341.0874244533,5253112.1711826185,10732.170731707318,1548998.2471110183,5252170.225162976,10732.170731707318
1549389.597745801,5253627.879714011,10244.390243902439,3.5889382887649464,1549095.2677537135,5253201.642225764,9756.609756097561,1549438.1080671486,5254143.588245405,9756.609756097561,1549683.9277378882,5254054.117202259,10732.170731707318,1549341.0874244533,5253112.1711826185,10732.170731707318
1549732.438059236,5254569.825733652,10244.390243902439,3.6789770431023916,1549438.1080671486,5254143.588245405,9756.609756097561,1549780.9483805834,5255085.534265046,9756.609756097561,1550026.7680513228,5254996.0632219,10732.170731707318,1549683.9277378882,5254054.117202259,10732.170731707318
1550075.2783726705,5255511.771753293,10244.390243902439,3.18155274415268,1549780.9483805834,5255085.534265046,9756.609756097561,1550123.7886940183,5256027.480284687,9756.609756097561,1550369.6083647576,5255938.00924154,10732.170731707318,1550026.7680513228,5254996.0632219,10732.170731707318
1550418.1186861054,5256453.717772935,10244.390243902439,3.1015297574042737,1550123.7886940183,5256027.480284687,9756.609756097561,1550466.629007453,5256969.426304327,9756.609756097561,1550712.4486781924,5256879.955261182,10732.170731707318,1550369.6083647576,5255938.00924154,10732.170731707318
1550760.9589995402,5257395.663792575,10244.390243902439,3.204799965339729,1550466.629007453,5256969.426304327,9756.609756097561,1550809.469320888,5257911.372323968,9756.609756097561,1551055.2889916273,5257821.901280822,10732.170731707318,1550712.4486781924,5256879.955261182,10732.170731707318
1551103.7993129748,5258337.609812215,10244.390243902439,2.732622402255545,1550809.469320888,5257911.372323968,9756.609756097561,1551152.3096343225,5258853.31834361,9756.609756097561,1551398.1293050621,5258763.847300463,10732.170731707318,1551055.2889916273,5257821.901280822,10732.170731707318
1551446.6396264096,5259279.555831857,10244.390243902439,2.4142487081219968,1551152.3096343225,5258853.31834361,9756.609756097561,1551495.1499477574,5259795.264363251,9756.609756097561,1551740.969618497,5259705.7933201045,10732.170731707318,1551398.1293050621,5258763.847300463,10732.170731707318
1551789.4799398445,5260221.501851498,10244.390243902439,2.2649481517775683,1551495.1499477574,5259795.264363251,9756.609756097561,1551837.9902611924,5260737.210382891,9756.609756097561,1552083.8099319318,5260647.739339746,10732.170731707318,1551740.969618497,5259705.7933201045,10732.170731707318
1552132.3202532795,5261163.447871138,10244.390243902439,2.5422094029974036,1551837.9902611924,5260737.210382891,9756.609756097561,1552180.8305746273,5261679.156402533,9756.609756097561,1552426.6502453666,5261589.685359386,10732.170731707318,1552083.8099319318,5260647.739339746,10732.170731707318
1552475.1605667144,5262105.393890779,10244.390243902439,2.7208813516287877,1552180.8305746273,5261679.156402533,9756.609756097561,1552523.6708880619,5262621.102422173,9756.609756097561,1552769.4905588015,5262531.631379027,10732.170731707318,1552426.6502453666,5261589.685359386,10732.170731707318
1552818.0008801492,5263047.339910421,10244.390243902439,2.96299142905367,1552523.6708880619,5262621.102422173,9756.609756097561,1552866.5112014967,5263563.048441814,9756.609756097561,1553112.3308722363,5263473.577398668,10732.170731707318,1552769.4905588015,5262531.631379027,10732.170731707318
1553160.8411935838,5263989.285930062,10244.390243902439,3.1414035863133187,1552866.5112014967,5263563.048441814,9756.609756097561,1553209.3515149315,5264504.994461454,9756.609756097561,1553455.171185671,5264415.523418309,10732.170731707318,1553112.3308722363,5263473.577398668,10732.170731707318
1553503.6815070186,5264931.231949702,10244.390243902439,3.926929212297514,1553209.3515149315,5264504.994461454,9756.609756097561,1553552.1918283664,5265446.9404810965,9756.609756097561,1553798.0114991057,5265357.469437949,10732.170731707318,1553455.171185671,5264415.523418309,10732.170731707318
1553846.5218204535,5265873.177969343,10244.390243902439,3.733496045798314,1553552.1918283664,5265446.9404810965,9756.609756097561,1553895.032141801,5266388.886500737,9756.609756097561,1554140.8518125406,5266299.4154575905,10732.170731707318,1553798.0114991057,5265357.469437949,10732.170731707318
1554189.3621338883,5266815.123988984,10244.390243902439,3.81878318065467,1553895.032141801,5266388.886500737,9756.609756097561,1554237.8724552358,5267330.832520378,9756.609756097561,1554483.6921259754,5267241.361477232,10732.170731707318,1554140.8518125406,5266299.4154575905,10732.170731707318
1554532.2024473231,5267757.070008625,10244.390243902439,3.8547296857983633,1554237.8724552358,5267330.832520378,9756.609756097561,1554580.7127686709,5268272.778540018,9756.609756097561,1554826.5324394102,5268183.307496872,10732.170731707318,1554483.6921259754,5267241.361477232,10732.170731707318
1554875.042760758,5268699.0160282655,10244.390243902439,3.8647290050669976,1554580.7127686709,5268272.778540018,9756.609756097561,1554923.5530821057,5269214.724559659,9756.609756097561,1555169.372752845,5269125.253516513,10732.170731707318,1554826.5324394102,5268183.307496872,10732.170731707318
1555217.8830741928,5269640.962047907,10244.390243902439,4.164753788841719,1554923.5530821057,5269214.724559659,9756.609756097561,1555266.3933955405,5270156.6705793,9756.609756097561,1555512.21306628,5270067.199536153,10732.170731707318,1555169.372752845,5269125.253516513,10732.170731707318
1555560.7233876276,5270582.908067548,10244.390243902439,4.968620895592137,1555266.3933955405,5270156.6705793,9756.609756097561,1555609.2337089751,5271098.61659894,9756.609756097561,1555855.0533797147,5271009.145555795,10732.170731707318,1555512.21306628,5270067.199536153,10732.170731707318
1555903.5637010625,5271524.854087188,10244.390243902439,5.7012902411551565,1555609.2337089751,5271098.61659894,9756.609756097561,1555952.07402241,5272040.562618582,9756.609756097561,1556197.8936931496,5271951.091575435,10732.170731707318,1555855.0533797147,5271009.145555795,10732.170731707318
1556246.4040144973,5272466.800106829,10244.390243902439,5.583986892223043,1555952.07402241,5272040.562618582,9756.609756097561,1556294.9143358448,5272982.508638223,9756.609756097561,1556540.7340065842,5272893.0375950765,10732.170731707318,1556197.8936931496,5271951.091575435,10732.170731707318
1556589.244327932,5273408.74612647,10244.390243902439,6.1796716756350065,1556294.9143358448,5272982.508638223,9756.609756097561,1556637.7546492796,5273924.454657864,9756.609756097561,1556883.574320019,5273834.983614718,10732.170731707318,1556540.7340065842,5272893.0375950765,10732.170731707318
1556932.0846413665,5274350.69214611,10244.390243902439,8.27956921185631,1556637.7546492796,5273924.454657864,9756.609756097561,1556980.5949627142,5274866.400677504,9756.609756097561,1557226.414633454,5274776.929634359,10732.170731707318,1556883.574320019,5273834.983614718,10732.170731707318
1557274.9249548016,5275292.6381657515,10244.390243902439,9.997127387589838,1556980.5949627142,5274866.400677504,9756.609756097561,1557323.4352761493,5275808.346697146,9756.609756097561,1557569.254946889,5275718.875653999,10732.170731707318,1557226.414633454,5274776.929634359,10732.170731707318
1557617.7652682364,5276234.584185393,10244.390243902439,11.541121511613424,1557323.4352761493,5275808.346697146,9756.609756097561,1557666.2755895841,5276750.292716786,9756.609756097561,1557912.0952603235,5276660.82167364,10732.170731707318,1557569.254946889,5275718.875653999,10732.170731707318
1557960.6055816712,5277176.530205034,10244.390243902439,12.16191498206624,1557666.2755895841,5276750.292716786,9756.609756097561,1558009.115903019,5277692.238736427,9756.609756097561,1558254.9355737583,5277602.767693281,10732.170731707318,1557912.0952603235,5276660.82167364,10732.170731707318
1558303.445895106,5278118.476224675,10244.390243902439,12.394896372761377,1558009.115903019,5277692.238736427,9756.609756097561,1558351.9562164536,5278634.184756068,9756.609756097561,1558597.7758871932,5278544.713712922,10732.170731707318,1558254.9355737583,5277602.767693281,10732.170731707318
1558646.2862085407,5279060.422244315,10244.390243902439,10.460684742270312,1558351.9562164536,5278634.184756068,9756.609756097561,1558694.7965298884,5279576.13077571,9756.609756097561,1558940.616200628,5279486.6597325625,10732.170731707318,1558597.7758871932,5278544.713712922,10732.170731707318
1558989.1265219755,5280002.368263957,10244.390243902439,8.71255468087209,1558694.7965298884,5279576.13077571,9756.609756097561,1559037.6368433232,5280518.07679535,9756.609756097561,1559283.4565140626,5280428.605752204,10732.170731707318,1558940.616200628,5279486.6597325625,10732.170731707318
1559331.9668354103,5280944.314283597,10244.390243902439,8.978793701497406,1559037.6368433232,5280518.07679535,9756.609756097561,1559380.477156758,5281460.022814991,9756.609756097561,1559626.2968274974,5281370.551771845,10732.170731707318,1559283.4565140626,5280428.605752204,10732.170731707318
1559674.8071488452,5281886.2603032375,10244.390243902439,9.629679333890875,1559380.477156758,5281460.022814991,9756.609756097561,1559723.317470193,5282401.968834631,9756.609756097561,1559969.1371409325,5282312.497791485,10732.170731707318,1559626.2968274974,5281370.551771845,10732.170731707318
1560017.6474622802,5282828.206322879,10244.390243902439,9.75011491582157,1559723.317470193,5282401.968834631,9756.609756097561,1560066.1577836277,5283343.914854273,9756.609756097561,1560311.9774543673,5283254.443811126,10732.170731707318,1559969.1371409325,5282312.497791485,10732.170731707318
1560360.487775715,5283770.152342521,10244.390243902439,10.712460281849603,1560066.1577836277,5283343.914854273,9756.609756097561,1560408.9980970626,5284285.860873913,9756.609756097561,1560654.8177678022,5284196.389830767,10732.170731707318,1560311.9774543673,5283254.443811126,10732.170731707318
1560703.32808915,5284712.098362161,10244.390243902439,8.91045956522968,1560408.9980970626,5284285.860873913,9756.609756097561,1560751.8384104974,5285227.8068935545,9756.609756097561,1560997.658081237,5285138.335850408,10732.170731707318,1560654.8177678022,5284196.389830767,10732.170731707318
1561046.1684025847,5285654.044381802,10244.390243902439,9.462414518026302,1560751.8384104974,5285227.8068935545,9756.609756097561,1561094.6787239322,5286169.752913196,9756.609756097561,1561340.4983946716,5286080.281870049,10732.170731707318,1560997.658081237,5285138.335850408,10732.170731707318
1561389.0087160193,5286595.990401442,10244.390243902439,11.13820193604428,1561094.6787239322,5286169.752913196,9756.609756097561,1561437.519037367,5287111.698932837,9756.609756097561,1561683.3387081064,5287022.22788969,10732.170731707318,1561340.4983946716,5286080.281870049,10732.170731707318
1561731.8490294542,5287537.936421084,10244.390243902439,9.804527073533178,1561437.519037367,5287111.698932837,9756.609756097561,1561780.359350802,5288053.644952477,9756.609756097561,1562026.1790215413,5287964.173909332,10732.170731707318,1561683.3387081064,5287022.22788969,10732.170731707318
1562074.689342889,5288479.882440724,10244.390243902439,7.523445871895872,1561780.359350802,5288053.644952477,9756.609756097561,1562123.1996642365,5288995.590972118,9756.609756097561,1562369.019334976,5288906.119928972,10732.170731707318,1562026.1790215413,5287964.173909332,10732.170731707318
1562417.5296563238,5289421.828460365,10244.390243902439,6.49909961957236,1562123.1996642365,5288995.590972118,9756.609756097561,1562466.0399776716,5289937.536991759,9756.609756097561,1562711.859648411,5289848.065948612,10732.170731707318,1562369.019334976,5288906.119928972,10732.170731707318
1562760.3699697587,5290363.774480007,10244.390243902439,6.636030677130616,1562466.0399776716,5289937.536991759,9756.609756097561,1562808.8802911064,5290879.4830114,9756.609756097561,1563054.6999618458,5290790.011968253,10732.170731707318,1562711.859648411,5289848.065948612,10732.170731707318
1563103.2102831935,5291305.720499648,10244.390243902439,9.338248405971719,1562808.8802911064,5290879.4830114,9756.609756097561,1563151.7206045412,5291821.4290310405,9756.609756097561,1563397.5402752806,5291731.957987894,10732.170731707318,1563054.6999618458,5290790.011968253,10732.170731707318
1563446.050596628,5292247.666519288,10244.390243902439,10.500690697171326,1563151.7206045412,5291821.4290310405,9756.609756097561,1563494.5609179758,5292763.375050681,9756.609756097561,1563740.3805887154,5292673.904007535,10732.170731707318,1563397.5402752806,5291731.957987894,10732.170731707318
1563788.890910063,5293189.612538928,10244.390243902439,9.036932690337737,1563494.5609179758,5292763.375050681,9756.609756097561,1563837.4012314107,5293705.321070323,9756.609756097561,1564083.2209021503,5293615.850027176,10732.170731707318,1563740.3805887154,5292673.904007535,10732.170731707318
1564131.7312234978,5294131.55855857,10244.390243902439,8.037079346598501,1563837.4012314107,5293705.321070323,9756.609756097561,1564180.2415448455,5294647.267089963,9756.609756097561,1564426.0612155849,5294557.796046817,10732.170731707318,1564083.2209021503,5293615.850027176,10732.170731707318
1564474.5715369326,5295073.50457821,10244.390243902439,9.48714239715835,1564180.2415448455,5294647.267089963,9756.609756097561,1564523.0818582803,5295589.213109604,9756.609756097561,1564768.9015290197,5295499.742066458,10732.170731707318,1564426.0612155849,5294557.796046817,10732.170731707318
1564817.4118503674,5296015.450597852,10244.390243902439,9.753869955593684,1564523.0818582803,5295589.213109604,9756.609756097561,1564865.922171715,5296531.159129245,9756.609756097561,1565111.7418424548,5296441.688086099,10732.170731707318,1564768.9015290197,5295499.742066458,10732.170731707318
1565160.2521638025,5296957.396617492,10244.390243902439,8.97258065058,1564865.922171715,5296531.159129245,9756.609756097561,1565208.76248515,5297473.105148886,9756.609756097561,1565454.5821558896,5297383.634105739,10732.170731707318,1565111.7418424548,5296441.688086099,10732.170731707318
1565503.092477237,5297899.342637133,10244.390243902439,10.140316917414397,1565208.76248515,5297473.105148886,9756.609756097561,1565551.6027985848,5298415.0511685265,9756.609756097561,1565797.4224693242,5298325.580125381,10732.170731707318,1565454.5821558896,5297383.634105739,10732.170731707318
1565845.932790672,5298841.288656774,10244.390243902439,10.209281664633679,1565551.6027985848,5298415.0511685265,9756.609756097561,1565894.4431120197,5299356.997188168,9756.609756097561,1566140.262782759,5299267.526145021,10732.170731707318,1565797.4224693242,5298325.580125381,10732.170731707318
1566188.7731041068,5299783.234676415,10244.390243902439,12.391878148096383,1565894.4431120197,5299356.997188168,9756.609756097561,1566237.2834254545,5300298.943207809,9756.609756097561,1566483.1030961939,5300209.472164663,10732.170731707318,1566140.262782759,5299267.526145021,10732.170731707318
1566531.6134175416,5300725.180696055,10244.390243902439,11.776974549799363,1566237.2834254545,5300298.943207809,9756.609756097561,1566580.1237388891,5301240.88922745,9756.609756097561,1566825.9434096287,5301151.418184303,10732.170731707318,1566483.1030961939,5300209.472164663,10732.170731707318
1566874.4537309762,5301667.126715697,10244.390243902439,9.111090777866474,1566580.1237388891,5301240.88922745,9756.609756097561,1566922.964052324,5302182.83524709,9756.609756097561,1567168.7837230633,5302093.364203945,10732.170731707318,1566825.9434096287,5301151.418184303,10732.170731707318
1567217.294044411,5302609.072735338,10244.390243902439,7.037240237157612,1566922.964052324,5302182.83524709,9756.609756097561,1567265.8043657588,5303124.781266731,9756.609756097561,1567511.6240364981,5303035.310223585,10732.170731707318,1567168.7837230633,5302093.364203945,10732.170731707318
1567560.1343578459,5303551.018754979,10244.390243902439,7.670563482104339,1567265.8043657588,5303124.781266731,9756.609756097561,1567608.6446791936,5304066.727286372,9756.609756097561,1567854.4643499332,5303977.256243225,10732.170731707318,1567511.6240364981,5303035.310223585,10732.170731707318
1567902.974671281,5304492.96477462,10244.390243902439,7.026928144092531,1567608.6446791936,5304066.727286372,9756.609756097561,1567951.4849926285,5305008.673306013,9756.609756097561,1568197.304663368,5304919.202262866,10732.170731707318,1567854.4643499332,5303977.256243225,10732.170731707318
1568245.8149847158,5305434.91079426,10244.390243902439,6.97173081526391,1567951.4849926285,5305008.673306013,9756.609756097561,1568294.3253060633,5305950.619325654,9756.609756097561,1568540.1449768029,5305861.148282507,10732.170731707318,1568197.304663368,5304919.202262866,10732.170731707318
1568588.6552981506,5306376.8568139,10244.390243902439,7.848278403947219,1568294.3253060633,5305950.619325654,9756.609756097561,1568637.1656194981,5306892.565345295,9756.609756097561,1568882.9852902375,5306803.094302149,10732.170731707318,1568540.1449768029,5305861.148282507,10732.170731707318
1568931.4956115852,5307318.802833541,10244.390243902439,8.060203847703828,1568637.1656194981,5306892.565345295,9756.609756097561,1568980.005932933,5307834.511364936,9756.609756097561,1569225.8256036723,5307745.040321789,10732.170731707318,1568882.9852902375,5306803.094302149,10732.170731707318
1569274.3359250198,5308260.748853183,10244.390243902439,6.331670076581298,1568980.005932933,5307834.511364936,9756.609756097561,1569322.8462463676,5308776.457384576,9756.609756097561,1569568.6659171071,5308686.986341431,10732.170731707318,1569225.8256036723,5307745.040321789,10732.170731707318
1569617.1762384546,5309202.694872824,10244.390243902439,5.701038552009825,1569322.8462463676,5308776.457384576,9756.609756097561,1569665.6865598024,5309718.403404217,9756.609756097561,1569911.506230542,5309628.932361071,10732.170731707318,1569568.6659171071,5308686.986341431,10732.170731707318
1569960.0165518895,5310144.640892465,10244.390243902439,5.462431834295309,1569665.6865598024,5309718.403404217,9756.609756097561,1570008.5268732372,5310660.349423858,9756.609756097561,1570254.3465439766,5310570.878380712,10732.170731707318,1569911.506230542,5309628.932361071,10732.170731707318
1570302.8568653245,5311086.586912105,10244.390243902439,4.681746851182997,1570008.5268732372,5310660.349423858,9756.609756097561,1570351.3671866723,5311602.295443499,9756.609756097561,1570597.1868574116,5311512.824400352,10732.170731707318,1570254.3465439766,5310570.878380712,10732.170731707318
1570645.6971787594,5312028.532931747,10244.390243902439,4.365402087274066,1570351.3671866723,5311602.295443499,9756.609756097561,1570694.2075001071,5312544.24146314,9756.609756097561,1570940.0271708465,5312454.770419994,10732.170731707318,1570597.1868574116,5311512.824400352,10732.170731707318
1570988.5374921942,5312970.478951387,10244.390243902439,4.197899488926156,1570694.2075001071,5312544.24146314,9756.609756097561,1571037.0478135417,5313486.187482781,9756.609756097561,1571282.8674842813,5313396.716439635,10732.170731707318,1570940.0271708465,5312454.770419994,10732.170731707318
1571331.3778056288,5313912.424971027,10244.390243902439,4.989852289140965,1571037.0478135417,5313486.187482781,9756.609756097561,1571379.8881269766,5314428.133502422,9756.609756097561,1571625.707797716,5314338.662459276,10732.170731707318,1571282.8674842813,5313396.716439635,10732.170731707318
1571674.2181190636,5314854.370990669,10244.390243902439,5.824922687510292,1571379.8881269766,5314428.133502422,9756.609756097561,1571722.7284404114,5315370.079522063,9756.609756097561,1571968.5481111507,5315280.608478916,10732.170731707318,1571625.707797716,5314338.662459276,10732.170731707318
1572017.0584324985,5315796.3170103105,10244.390243902439,8.799035564711167,1571722.7284404114,5315370.079522063,9756.609756097561,1572065.5687538462,5316312.025541703,9756.609756097561,1572311.3884245856,5316222.554498558,10732.170731707318,1571968.5481111507,5315280.608478916,10732.170731707318
1572359.8987459333,5316738.263029951,10244.390243902439,11.04862565158178,1572065.5687538462,5316312.025541703,9756.609756097561,1572408.409067281,5317253.971561344,9756.609756097561,1572654.2287380204,5317164.500518198,10732.170731707318,1572311.3884245856,5316222.554498558,10732.170731707318
1572702.7390593681,5317680.209049592,10244.390243902439,11.644671880010097,1572408.409067281,5317253.971561344,9756.609756097561,1572751.2493807157,5318195.917580985,9756.609756097561,1572997.0690514552,5318106.446537839,10732.170731707318,1572654.2287380204,5317164.500518198,10732.170731707318
1573045.5793728032,5318622.155069233,10244.390243902439,11.724027656965305,1572751.2493807157,5318195.917580985,9756.609756097561,1573094.0896941507,5319137.863600627,9756.609756097561,1573339.9093648903,5319048.39255748,10732.170731707318,1572997.0690514552,5318106.446537839,10732.170731707318
1573388.419686238,5319564.101088874,10244.390243902439,12.517111665609896,1573094.0896941507,5319137.863600627,9756.609756097561,1573436.9300075856,5320079.809620267,9756.609756097561,1573682.749678325,5319990.3385771215,10732.170731707318,1573339.9093648903,5319048.39255748,10732.170731707318
1573731.2599996726,5320506.047108514,10244.390243902439,12.46871079683788,1573436.9300075856,5320079.809620267,9756.609756097561,1573779.7703210204,5321021.755639909,9756.609756097561,1574025.5899917597,5320932.284596762,10732.170731707318,1573682.749678325,5319990.3385771215,10732.170731707318
1574074.1003131075,5321447.993128154,10244.390243902439,13.94850286949037,1573779.7703210204,5321021.755639909,9756.609756097561,1574122.6106344552,5321963.701659549,9756.609756097561,1574368.4303051946,5321874.230616403,10732.170731707318,1574025.5899917597,5320932.284596762,10732.170731707318
1574416.9406265423,5322389.9391477965,10244.390243902439,13.598650469761953,1574122.6106344552,5321963.701659549,9756.609756097561,1574465.4509478898,5322905.64767919,9756.609756097561,1574711.2706186294,5322816.176636044,10732.170731707318,1574368.4303051946,5321874.230616403,10732.170731707318
1574759.7809399772,5323331.885167438,10244.390243902439,12.028645057818153,1574465.4509478898,5322905.64767919,9756.609756097561,1574808.2912613247,5323847.59369883,9756.609756097561,1575054.1109320642,5323758.122655685,10732.170731707318,1574711.2706186294,5322816.176636044,10732.170731707318
1575102.621253412,5324273.831187078,10244.390243902439,12.217191705678939,1574808.2912613247,5323847.59369883,9756.609756097561,1575151.1315747595,5324789.539718472,9756.609756097561,1575396.9512454988,5324700.068675325,10732.170731707318,1575054.1109320642,5323758.122655685,10732.170731707318
1575445.4615668466,5325215.777206719,10244.390243902439,13.383897512429503,1575151.1315747595,5324789.539718472,9756.609756097561,1575493.9718881943,5325731.485738113,9756.609756097561,1575739.791558934,5325642.014694965,10732.170731707318,1575396.9512454988,5324700.068675325,10732.170731707318
1575788.3018802814,5326157.72322636,10244.390243902439,12.752682944385116,1575493.9718881943,5325731.485738113,9756.609756097561,1575836.8122016292,5326673.431757754,9756.609756097561,1576082.6318723687,5326583.9607146075,10732.170731707318,1575739.791558934,5325642.014694965,10732.170731707318
1576131.1421937163,5327099.669246001,10244.390243902439,12.20417598001183,1575836.8122016292,5326673.431757754,9756.609756097561,1576179.652515064,5327615.377777394,9756.609756097561,1576425.4721858036,5327525.906734248,10732.170731707318,1576082.6318723687,5326583.9607146075,10732.170731707318
1576473.982507151,5328041.615265641,10244.390243902439,12.14768109034203,1576179.652515064,5327615.377777394,9756.609756097561,1576522.4928284988,5328557.323797035,9756.609756097561,1576768.3124992382,5328467.852753889,10732.170731707318,1576425.4721858036,5327525.906734248,10732.170731707318
1576816.822820586,5328983.5612852825,10244.390243902439,11.729348728779172,1576522.4928284988,5328557.323797035,9756.609756097561,1576865.3331419337,5329499.269816676,9756.609756097561,1577111.152812673,5329409.798773529,10732.170731707318,1576768.3124992382,5328467.852753889,10732.170731707318
1577159.6631340208,5329925.507304923,10244.390243902439,10.314335358301252,1576865.3331419337,5329499.269816676,9756.609756097561,1577208.1734553683,5330441.215836316,9756.609756097561,1577453.9931261078,5330351.744793171,10732.170731707318,1577111.152812673,5329409.798773529,10732.170731707318
1577502.5034474556,5330867.453324564,10244.390243902439,10.692394456127507,1577208.1734553683,5330441.215836316,9756.609756097561,1577551.013768803,5331383.161855958,9756.609756097561,1577796.8334395427,5331293.690812811,10732.170731707318,1577453.9931261078,5330351.744793171,10732.170731707318
1577845.3437608902,5331809.399344205,10244.390243902439,10.47409457424752,1577551.013768803,5331383.161855958,9756.609756097561,1577893.854082238,5332325.107875599,9756.609756097561,1578139.6737529773,5332235.636832452,10732.170731707318,1577796.8334395427,5331293.690812811,10732.170731707318
1578188.184074325,5332751.345363846,10244.390243902439,9.879603018638997,1577893.854082238,5332325.107875599,9756.609756097561,1578236.694395673,5333267.05389524,9756.609756097561,1578482.5140664123,5333177.5828520935,10732.170731707318,1578139.6737529773,5332235.636832452,10732.170731707318
1578531.02438776,5333693.291383487,10244.390243902439,9.737811769936895,1578236.694395673,5333267.05389524,9756.609756097561,1578579.5347091078,5334208.99991488,9756.609756097561,1578825.3543798472,5334119.528871735,10732.170731707318,1578482.5140664123,5333177.5828520935,10732.170731707318
1578873.864701195,5334635.237403127,10244.390243902439,8.974035330326812,1578579.5347091078,5334208.99991488,9756.609756097561,1578922.3750225424,5335150.945934522,9756.609756097561,1579168.194693282,5335061.474891375,10732.170731707318,1578825.3543798472,5334119.528871735,10732.170731707318
1579216.7050146298,5335577.1834227685,10244.390243902439,9.38122057109135,1578922.3750225424,5335150.945934522,9756.609756097561,1579265.2153359773,5336092.891954162,9756.609756097561,1579511.0350067168,5336003.420911016,10732.170731707318,1579168.194693282,5335061.474891375,10732.170731707318
1579559.5453280644,5336519.12944241,10244.390243902439,10.848660178207162,1579265.2153359773,5336092.891954162,9756.609756097561,1579608.055649412,5337034.837973803,9756.609756097561,1579853.8753201514,5336945.366930657,10732.170731707318,1579511.0350067168,5336003.420911016,10732.170731707318
1579902.3856414992,5337461.07546205,10244.390243902439,10.516480570840333,1579608.055649412,5337034.837973803,9756.609756097561,1579950.895962847,5337976.7839934435,9756.609756097561,1580196.7156335863,5337887.312950298,10732.170731707318,1579853.8753201514,5336945.366930657,10732.170731707318
1580245.225954934,5338403.021481691,10244.390243902439,10.275849427531789,1579950.895962847,5337976.7839934435,9756.609756097561,1580293.7362762815,5338918.7300130855,9756.609756097561,1580539.555947021,5338829.258969938,10732.170731707318,1580196.7156335863,5337887.312950298,10732.170731707318
1580588.0662683689,5339344.967501333,10244.390243902439,10.990365678981465,1580293.7362762815,5338918.7300130855,9756.609756097561,1580636.5765897164,5339860.676032726,9756.609756097561,1580882.396260456,5339771.204989579,10732.170731707318,1580539.555947021,5338829.258969938,10732.170731707318
1580930.906581804,5340286.913520973,10244.390243902439,12.593874010998148,1580636.5765897164,5339860.676032726,9756.609756097561,1580979.4169031514,5340802.622052367,9756.609756097561,1581225.2365738908,5340713.151009221,10732.170731707318,1580882.396260456,5339771.204989579,10732.170731707318
1581273.7468952385,5341228.859540613,10244.390243902439,13.338119316204562,1580979.4169031514,5340802.622052367,9756.609756097561,1581322.2572165863,5341744.568072007,9756.609756097561,1581568.0768873256,5341655.097028861,10732.170731707318,1581225.2365738908,5340713.151009221,10732.170731707318
1581616.5872086731,5342170.8055602545,10244.390243902439,17.102157584394753,1581322.2572165863,5341744.568072007,9756.609756097561,1581665.0975300209,5342686.514091648,9756.609756097561,1581910.9172007605,5342597.043048502,10732.170731707318,1581568.0768873256,5341655.097028861,10732.170731707318
1581959.427522108,5343112.751579896,10244.390243902439,19.44010980651912,1581665.0975300209,5342686.514091648,9756.609756097561,1582007.9378434557,5343628.460111289,9756.609756097561,1582253.7575141953,5343538.989068143,10732.170731707318,1581910.9172007605,5342597.043048502,10732.170731707318
1582302.2678355428,5344054.697599537,10244.390243902439,21.72119540868465,1582007.9378434557,5343628.460111289,9756.609756097561,1582350.7781568905,5344570.40613093,9756.609756097561,1582596.5978276301,5344480.935087784,10732.170731707318,1582253.7575141953,5343538.989068143,10732.170731707318
1582645.1081489776,5344996.643619177,10244.390243902439,22.518932904193782,1582350.7781568905,5344570.40613093,9756.609756097561,1582693.6184703254,5345512.3521505715,9756.609756097561,1582939.438141065,5345422.881107425,10732.170731707318,1582596.5978276301,5344480.935087784,10732.170731707318
1582987.9484624125,5345938.589638818,10244.390243902439,23.144885154122097,1582693.6184703254,5345512.3521505715,9756.609756097561,1583036.4587837602,5346454.298170213,9756.609756097561,1583282.2784544996,5346364.8271270655,10732.170731707318,1582939.438141065,5345422.881107425,10732.170731707318
1583330.7887758473,5346880.53565846,10244.390243902439,23.56915925504106,1583036.4587837602,5346454.298170213,9756.609756097561,1583379.299097195,5347396.244189853,9756.609756097561,1583625.1187679346,5347306.773146707,10732.170731707318,1583282.2784544996,5346364.8271270655,10732.170731707318
1583673.6290892824,5347822.4816781,10244.390243902439,23.58858616937037,1583379.299097195,5347396.244189853,9756.609756097561,1583722.1394106299,5348338.190209494,9756.609756097561,1583967.9590813695,5348248.719166348,10732.170731707318,1583625.1187679346,5347306.773146707,10732.170731707318
1584016.469402717,5348764.4276977405,10244.390243902439,23.533533274079414,1583722.1394106299,5348338.190209494,9756.609756097561,1584064.9797240647,5349280.136229135,9756.609756097561,1584310.7993948043,5349190.665185988,10732.170731707318,1583967.9590813695,5348248.719166348,10732.170731707318
1584359.3097161518,5349706.373717383,10244.390243902439,23.487278789637386,1584064.9797240647,5349280.136229135,9756.609756097561,1584407.8200374995,5350222.082248775,9756.609756097561,1584653.639708239,5350132.611205629,10732.170731707318,1584310.7993948043,5349190.665185988,10732.170731707318
1584702.1500295866,5350648.319737023,10244.390243902439,22.77724419238877,1584407.8200374995,5350222.082248775,9756.609756097561,1584750.6603509344,5351164.028268416,9756.609756097561,1584996.4800216737,5351074.55722527,10732.170731707318,1584653.639708239,5350132.611205629,10732.170731707318
1585044.9903430215,5351590.265756664,10244.390243902439,22.838886930278324,1584750.6603509344,5351164.028268416,9756.609756097561,1585093.500664369,5352105.974288057,9756.609756097561,1585339.3203351086,5352016.503244911,10732.170731707318,1584996.4800216737,5351074.55722527,10732.170731707318
1585387.8306564563,5352532.211776304,10244.390243902439,22.949849510835445,1585093.500664369,5352105.974288057,9756.609756097561,1585436.3409778038,5353047.920307699,9756.609756097561,1585682.1606485434,5352958.4492645515,10732.170731707318,1585339.3203351086,5352016.503244911,10732.170731707318
1585730.6709698911,5353474.157795945,10244.390243902439,23.266411498196106,1585436.3409778038,5353047.920307699,9756.609756097561,1585779.1812912386,5353989.866327339,9756.609756097561,1586025.000961978,5353900.395284194,10732.170731707318,1585682.1606485434,5352958.4492645515,10732.170731707318
1586073.5112833257,5354416.103815586,10244.390243902439,22.15970774703157,1585779.1812912386,5353989.866327339,9756.609756097561,1586122.0216046737,5354931.81234698,9756.609756097561,1586367.841275413,5354842.341303834,10732.170731707318,1586025.000961978,5353900.395284194,10732.170731707318
1586416.3515967608,5355358.049835227,10244.390243902439,19.05914803344946,1586122.0216046737,5354931.81234698,9756.609756097561,1586464.8619181085,5355873.758366621,9756.609756097561,1586710.681588848,5355784.287323475,10732.170731707318,1586367.841275413,5354842.341303834,10732.170731707318
1586759.1919101956,5356299.995854868,10244.390243902439,14.256993474303785,1586464.8619181085,5355873.758366621,9756.609756097561,1586807.7022315431,5356815.704386262,9756.609756097561,1587053.5219022827,5356726.233343115,10732.170731707318,1586710.681588848,5355784.287323475,10732.170731707318
1587102.0322236305,5357241.94187451,10244.390243902439,10.062107212792052,1586807.7022315431,5356815.704386262,9756.609756097561,1587150.542544978,5357757.650405902,9756.609756097561,1587396.3622157176,5357668.179362757,10732.170731707318,1587053.5219022827,5356726.233343115,10732.170731707318
1587444.8725370653,5358183.88789415,10244.390243902439,7.764971020735114,1587150.542544978,5357757.650405902,9756.609756097561,1587493.3828584128,5358699.596425544,9756.609756097561,1587739.2025291522,5358610.125382397,10732.170731707318,1587396.3622157176,5357668.179362757,10732.170731707318
1587787.7128505,5359125.833913791,10244.390243902439,7.451456917650798,1587493.3828584128,5358699.596425544,9756.609756097561,1587836.2231718476,5359641.542445185,9756.609756097561,1588082.042842587,5359552.071402038,10732.170731707318,1587739.2025291522,5358610.125382397,10732.170731707318
1588130.5531639345,5360067.779933432,10244.390243902439,8.058252086358268,1587836.2231718476,5359641.542445185,9756.609756097561,1588179.0634852822,5360583.488464826,9756.609756097561,1588424.8831560218,5360494.017421679,10732.170731707318,1588082.042842587,5359552.071402038,10732.170731707318
1588473.3934773693,5361009.725953072,10244.390243902439,7.784791167405607,1588179.0634852822,5360583.488464826,9756.609756097561,1588521.903798717,5361525.434484466,9756.609756097561,1588767.7234694567,5361435.96344132,10732.170731707318,1588424.8831560218,5360494.017421679,10732.170731707318
1588816.2337908044,5361951.671972713,10244.390243902439,7.647008763426671,1588521.903798717,5361525.434484466,9756.609756097561,1588864.7441121521,5362467.380504107,9756.609756097561,1589110.5637828915,5362377.909460961,10732.170731707318,1588767.7234694567,5361435.96344132,10732.170731707318
1589159.0741042392,5362893.617992355,10244.390243902439,8.094947350533397,1588864.7441121521,5362467.380504107,9756.609756097561,1589207.584425587,5363409.326523748,9756.609756097561,1589453.4040963263,5363319.855480601,10732.170731707318,1589110.5637828915,5362377.909460961,10732.170731707318
1589501.914417674,5363835.564011996,10244.390243902439,9.011112376516719,1589207.584425587,5363409.326523748,9756.609756097561,1589550.4247390218,5364351.272543388,9756.609756097561,1589796.2444097612,5364261.801500242,10732.170731707318,1589453.4040963263,5363319.855480601,10732.170731707318
1589844.754731109,5364777.510031636,10244.390243902439,9.162337483439119,1589550.4247390218,5364351.272543388,9756.609756097561,1589893.2650524564,5365293.21856303,9756.609756097561,1590139.084723196,5365203.747519883,10732.170731707318,1589796.2444097612,5364261.801500242,10732.170731707318
1590187.5950445435,5365719.456051277,10244.390243902439,9.551387582755,1589893.2650524564,5365293.21856303,9756.609756097561,1590236.1053658912,5366235.164582671,9756.609756097561,1590481.9250366306,5366145.693539524,10732.170731707318,1590139.084723196,5365203.747519883,10732.170731707318
1590530.4353579783,5366661.402070917,10244.390243902439,8.647238592109584,1590236.1053658912,5366235.164582671,9756.609756097561,1590578.945679326,5367177.110602312,9756.609756097561,1590824.7653500654,5367087.639559165,10732.170731707318,1590481.9250366306,5366145.693539524,10732.170731707318
1590873.2756714132,5367603.348090559,10244.390243902439,8.359428299357953,1590578.945679326,5367177.110602312,9756.609756097561,1590921.785992761,5368119.056621952,9756.609756097561,1591167.6056635003,5368029.585578807,10732.170731707318,1590824.7653500654,5367087.639559165,10732.170731707318
1591216.115984848,5368545.294110199,10244.390243902439,7.572458638386638,1590921.785992761,5368119.056621952,9756.609756097561,1591264.6263061955,5369061.002641593,9756.609756097561,1591510.4459769353,5368971.531598447,10732.170731707318,1591167.6056635003,5368029.585578807,10732.170731707318
1591558.9562982828,5369487.24012984,10244.390243902439,8.037104699354831,1591264.6263061955,5369061.002641593,9756.609756097561,1591607.4666196306,5370002.948661234,9756.609756097561,1591853.28629037,5369913.477618088,10732.170731707318,1591510.4459769353,5368971.531598447,10732.170731707318
1591901.7966117177,5370429.186149481,10244.390243902439,7.341619919811911,1591607.4666196306,5370002.948661234,9756.609756097561,1591950.3069330654,5370944.894680875,9756.609756097561,1592196.1266038048,5370855.423637728,10732.170731707318,1591853.28629037,5369913.477618088,10732.170731707318
1592244.6369251525,5371371.132169123,10244.390243902439,5.010336607994474,1591950.3069330654,5370944.894680875,9756.609756097561,1592293.1472465002,5371886.840700516,9756.609756097561,1592538.9669172396,5371797.36965737,10732.170731707318,1592196.1266038048,5370855.423637728,10732.170731707318
1592587.4772385873,5372313.078188763,10244.390243902439,4.205824141584927,1592293.1472465002,5371886.840700516,9756.609756097561,1592635.9875599348,5372828.786720157,9756.609756097561,1592881.8072306744,5372739.31567701,10732.170731707318,1592538.9669172396,5371797.36965737,10732.170731707318
1592930.3175520222,5373255.024208404,10244.390243902439,4.212383954324647,1592635.9875599348,5372828.786720157,9756.609756097561,1592978.8278733697,5373770.732739798,9756.609756097561,1593224.6475441093,5373681.261696652,10732.170731707318,1592881.8072306744,5372739.31567701,10732.170731707318
1593273.157865457,5374196.970228045,10244.390243902439,4.288790303783944,1592978.8278733697,5373770.732739798,9756.609756097561,1593321.6681868045,5374712.678759439,9756.609756097561,1593567.4878575439,5374623.207716292,10732.170731707318,1593224.6475441093,5373681.261696652,10732.170731707318
1593615.9981788916,5375138.916247686,10244.390243902439,4.277819510503201,1593321.6681868045,5374712.678759439,9756.609756097561,1593664.5085002393,5375654.624779079,9756.609756097561,1593910.3281709787,5375565.153735934,10732.170731707318,1593567.4878575439,5374623.207716292,10732.170731707318
1593958.8384923264,5376080.862267327,10244.390243902439,4.359307048382707,1593664.5085002393,5375654.624779079,9756.609756097561,1594007.3488136742,5376596.57079872,9756.609756097561,1594253.1684844138,5376507.099755574,10732.170731707318,1593910.3281709787,5375565.153735934,10732.170731707318
1594301.6788057613,5377022.808286967,10244.390243902439,3.781220112094455,1594007.3488136742,5376596.57079872,9756.609756097561,1594350.189127109,5377538.516818361,9756.609756097561,1594596.0087978486,5377449.045775214,10732.170731707318,1594253.1684844138,5376507.099755574,10732.170731707318
1594644.519119196,5377964.754306609,10244.390243902439,3.2031652397903545,1594350.189127109,5377538.516818361,9756.609756097561,1594693.0294405438,5378480.4628380025,9756.609756097561,1594938.8491112834,5378390.991794856,10732.170731707318,1594596.0087978486,5377449.045775214,10732.170731707318
1594987.359432631,5378906.70032625,10244.390243902439,2.5592943425693524,1594693.0294405438,5378480.4628380025,9756.609756097561,1595035.8697539787,5379422.408857643,9756.609756097561,1595281.6894247183,5379332.937814497,10732.170731707318,1594938.8491112834,5378390.991794856,10732.170731707318
1595330.1997460658,5379848.64634589,10244.390243902439,2.848295752712867,1595035.8697539787,5379422.408857643,9756.609756097561,1595378.7100674135,5380364.354877285,9756.609756097561,1595624.5297381529,5380274.883834138,10732.170731707318,1595281.6894247183,5379332.937814497,10732.170731707318
1595673.0400595006,5380790.592365531,10244.390243902439,2.917313710485148,1595378.7100674135,5380364.354877285,9756.609756097561,1595721.5503808483,5381306.300896925,9756.609756097561,1595967.3700515877,5381216.829853779,10732.170731707318,1595624.5297381529,5380274.883834138,10732.170731707318
1596015.8803729354,5381732.538385172,10244.390243902439,3.1916441488859015,1595721.5503808483,5381306.300896925,9756.609756097561,1596064.390694283,5382248.246916566,9756.609756097561,1596310.2103650225,5382158.77587342,10732.170731707318,1595967.3700515877,5381216.829853779,10732.170731707318
1596358.72068637,5382674.4844048135,10244.390243902439,3.687571183051953,1596064.390694283,5382248.246916566,9756.609756097561,1596407.2310077178,5383190.192936206,9756.609756097561,1596653.0506784574,5383100.721893061,10732.170731707318,1596310.2103650225,5382158.77587342,10732.170731707318
1544835.6530284528,5240351.164395893,11219.951219512195,3.010530268218428,1544541.323036366,5239924.926907646,10732.170731707318,1544884.1633498007,5240866.872927287,10732.170731707318,1545129.9830205392,5240777.40188414,11707.731707317073,1544787.1427071046,5239835.455864499,11707.731707317073
1545178.4933418874,5241293.110415534,11219.951219512195,3.3739158126225517,1544884.1633498007,5240866.872927287,10732.170731707318,1545227.0036632356,5241808.818946927,10732.170731707318,1545472.823333974,5241719.347903782,11707.731707317073,1545129.9830205392,5240777.40188414,11707.731707317073
1545521.333655322,5242235.056435174,11219.951219512195,4.001719976887723,1545227.0036632356,5241808.818946927,10732.170731707318,1545569.8439766702,5242750.764966569,10732.170731707318,1545815.6636474088,5242661.293923422,11707.731707317073,1545472.823333974,5241719.347903782,11707.731707317073
1545864.1739687568,5243177.002454815,11219.951219512195,4.583315981194013,1545569.8439766702,5242750.764966569,10732.170731707318,1545912.684290105,5243692.710986209,10732.170731707318,1546158.5039608437,5243603.239943063,11707.731707317073,1545815.6636474088,5242661.293923422,11707.731707317073
1546207.0142821916,5244118.948474457,11219.951219512195,5.304094274175325,1545912.684290105,5243692.710986209,10732.170731707318,1546255.5246035398,5244634.65700585,10732.170731707318,1546501.3442742785,5244545.185962704,11707.731707317073,1546158.5039608437,5243603.239943063,11707.731707317073
1546549.8545956265,5245060.894494098,11219.951219512195,5.319040449831339,1546255.5246035398,5244634.65700585,10732.170731707318,1546598.3649169747,5245576.60302549,10732.170731707318,1546844.1845877133,5245487.131982345,11707.731707317073,1546501.3442742785,5244545.185962704,11707.731707317073
1546892.6949090615,5246002.840513738,11219.951219512195,5.040764149518235,1546598.3649169747,5245576.60302549,10732.170731707318,1546941.2052304095,5246518.549045132,10732.170731707318,1547187.0249011482,5246429.078001985,11707.731707317073,1546844.1845877133,5245487.131982345,11707.731707317073
1547235.5352224964,5246944.78653338,11219.951219512195,4.431619802319967,1546941.2052304095,5246518.549045132,10732.170731707318,1547284.0455438443,5247460.495064773,10732.170731707318,1547529.865214583,5247371.024021626,11707.731707317073,1547187.0249011482,5246429.078001985,11707.731707317073
1547578.3755359312,5247886.73255302,11219.951219512195,4.164461099750037,1547284.0455438443,5247460.495064773,10732.170731707318,1547626.8858572792,5248402.441084413,10732.170731707318,1547872.7055280178,5248312.970041268,11707.731707317073,1547529.865214583,5247371.024021626,11707.731707317073
1547921.2158493658,5248828.678572661,11219.951219512195,3.6069801318577426,1547626.8858572792,5248402.441084413,10732.170731707318,1547969.726170714,5249344.387104055,10732.170731707318,1548215.5458414524,5249254.916060909,11707.731707317073,1547872.7055280178,5248312.970041268,11707.731707317073
1548264.0561628006,5249770.624592301,11219.951219512195,3.1735242154175003,1547969.726170714,5249344.387104055,10732.170731707318,1548312.5664841486,5250286.333123695,10732.170731707318,1548558.3861548873,5250196.862080549,11707.731707317073,1548215.5458414524,5249254.916060909,11707.731707317073
1548606.8964762355,5250712.570611943,11219.951219512195,3.4262496004659235,1548312.5664841486,5250286.333123695,10732.170731707318,1548655.4067975834,5251228.279143336,10732.170731707318,1548901.226468322,5251138.808100191,11707.731707317073,1548558.3861548873,5250196.862080549,11707.731707317073
1548949.7367896703,5251654.516631584,11219.951219512195,3.5331792154731336,1548655.4067975834,5251228.279143336,10732.170731707318,1548998.2471110183,5252170.225162976,10732.170731707318,1549244.0667817572,5252080.754119831,11707.731707317073,1548901.226468322,5251138.808100191,11707.731707317073
1549292.5771031051,5252596.462651224,11219.951219512195,3.5321464960435978,1548998.2471110183,5252170.225162976,10732.170731707318,1549341.0874244533,5253112.1711826185,10732.170731707318,1549586.9070951918,5253022.700139471,11707.731707317073,1549244.0667817572,5252080.754119831,11707.731707317073
1549635.41741654,5253538.408670865,11219.951219512195,4.32915404146794,1549341.0874244533,5253112.1711826185,10732.170731707318,1549683.9277378882,5254054.117202259,10732.170731707318,1549929.7474086266,5253964.646159112,11707.731707317073,1549586.9070951918,5253022.700139471,11707.731707317073
1549978.2577299748,5254480.354690506,11219.951219512195,4.757847147607171,1549683.9277378882,5254054.117202259,10732.170731707318,1550026.7680513228,5254996.0632219,10732.170731707318,1550272.5877220614,5254906.592178754,11707.731707317073,1549929.7474086266,5253964.646159112,11707.731707317073
1550321.0980434096,5255422.300710147,11219.951219512195,3.5044317057148184,1550026.7680513228,5254996.0632219,10732.170731707318,1550369.6083647576,5255938.00924154,10732.170731707318,1550615.4280354963,5255848.538198395,11707.731707317073,1550272.5877220614,5254906.592178754,11707.731707317073
1550663.9383568445,5256364.246729788,11219.951219512195,2.9187211045491153,1550369.6083647576,5255938.00924154,10732.170731707318,1550712.4486781924,5256879.955261182,10732.170731707318,1550958.268348931,5256790.484218036,11707.731707317073,1550615.4280354963,5255848.538198395,11707.731707317073
1551006.7786702793,5257306.1927494295,11219.951219512195,2.5073737754457355,1550712.4486781924,5256879.955261182,10732.170731707318,1551055.2889916273,5257821.901280822,10732.170731707318,1551301.108662366,5257732.430237676,11707.731707317073,1550958.268348931,5256790.484218036,11707.731707317073
1551349.6189837141,5258248.13876907,11219.951219512195,2.580523686819405,1551055.2889916273,5257821.901280822,10732.170731707318,1551398.1293050621,5258763.847300463,10732.170731707318,1551643.9489758005,5258674.376257318,11707.731707317073,1551301.108662366,5257732.430237676,11707.731707317073
1551692.4592971487,5259190.084788711,11219.951219512195,2.5598489634013957,1551398.1293050621,5258763.847300463,10732.170731707318,1551740.969618497,5259705.7933201045,10732.170731707318,1551986.7892892356,5259616.322276958,11707.731707317073,1551643.9489758005,5258674.376257318,11707.731707317073
1552035.2996105836,5260132.030808351,11219.951219512195,2.267648415941744,1551740.969618497,5259705.7933201045,10732.170731707318,1552083.8099319318,5260647.739339746,10732.170731707318,1552329.6296026704,5260558.268296598,11707.731707317073,1551986.7892892356,5259616.322276958,11707.731707317073
1552378.1399240184,5261073.976827993,11219.951219512195,2.2002922499328164,1552083.8099319318,5260647.739339746,10732.170731707318,1552426.6502453666,5261589.685359386,10732.170731707318,1552672.4699161053,5261500.2143162405,11707.731707317073,1552329.6296026704,5260558.268296598,11707.731707317073
1552720.9802374532,5262015.922847633,11219.951219512195,1.8141770621738764,1552426.6502453666,5261589.685359386,10732.170731707318,1552769.4905588015,5262531.631379027,10732.170731707318,1553015.3102295399,5262442.160335881,11707.731707317073,1552672.4699161053,5261500.2143162405,11707.731707317073
1553063.820550888,5262957.868867274,11219.951219512195,1.947042086380584,1552769.4905588015,5262531.631379027,10732.170731707318,1553112.3308722363,5263473.577398668,10732.170731707318,1553358.1505429747,5263384.106355522,11707.731707317073,1553015.3102295399,5262442.160335881,11707.731707317073
1553406.660864323,5263899.814886915,11219.951219512195,2.3699266285545515,1553112.3308722363,5263473.577398668,10732.170731707318,1553455.171185671,5264415.523418309,10732.170731707318,1553700.9908564095,5264326.052375162,11707.731707317073,1553358.1505429747,5263384.106355522,11707.731707317073
1553749.5011777575,5264841.760906557,11219.951219512195,3.015166819525577,1553455.171185671,5264415.523418309,10732.170731707318,1553798.0114991057,5265357.469437949,10732.170731707318,1554043.8311698444,5265267.998394804,11707.731707317073,1553700.9908564095,5264326.052375162,11707.731707317073
1554092.3414911923,5265783.706926197,11219.951219512195,2.7501450499565565,1553798.0114991057,5265357.469437949,10732.170731707318,1554140.8518125406,5266299.4154575905,10732.170731707318,1554386.6714832792,5266209.944414444,11707.731707317073,1554043.8311698444,5265267.998394804,11707.731707317073
1554435.1818046272,5266725.652945837,11219.951219512195,2.9797684072483905,1554140.8518125406,5266299.4154575905,10732.170731707318,1554483.6921259754,5267241.361477232,10732.170731707318,1554729.511796714,5267151.890434085,11707.731707317073,1554386.6714832792,5266209.944414444,11707.731707317073
1554778.0221180622,5267667.598965479,11219.951219512195,3.548126865116871,1554483.6921259754,5267241.361477232,10732.170731707318,1554826.5324394102,5268183.307496872,10732.170731707318,1555072.3521101489,5268093.836453726,11707.731707317073,1554729.511796714,5267151.890434085,11707.731707317073
1555120.862431497,5268609.54498512,11219.951219512195,4.047499004738342,1554826.5324394102,5268183.307496872,10732.170731707318,1555169.372752845,5269125.253516513,10732.170731707318,1555415.1924235837,5269035.782473368,11707.731707317073,1555072.3521101489,5268093.836453726,11707.731707317073
1555463.702744932,5269551.49100476,11219.951219512195,4.662196974375984,1555169.372752845,5269125.253516513,10732.170731707318,1555512.21306628,5270067.199536153,10732.170731707318,1555758.0327370185,5269977.728493008,11707.731707317073,1555415.1924235837,5269035.782473368,11707.731707317073
1555806.5430583667,5270493.4370244015,11219.951219512195,4.941623937090496,1555512.21306628,5270067.199536153,10732.170731707318,1555855.0533797147,5271009.145555795,10732.170731707318,1556100.8730504531,5270919.674512649,11707.731707317073,1555758.0327370185,5269977.728493008,11707.731707317073
1556149.3833718013,5271435.383044043,11219.951219512195,5.934665694073462,1555855.0533797147,5271009.145555795,10732.170731707318,1556197.8936931496,5271951.091575435,10732.170731707318,1556443.713363888,5271861.62053229,11707.731707317073,1556100.8730504531,5270919.674512649,11707.731707317073
1556492.2236852362,5272377.329063684,11219.951219512195,7.156835905028499,1556197.8936931496,5271951.091575435,10732.170731707318,1556540.7340065842,5272893.0375950765,10732.170731707318,1556786.5536773228,5272803.566551931,11707.731707317073,1556443.713363888,5271861.62053229,11707.731707317073
1556835.063998671,5273319.275083324,11219.951219512195,8.679028359215348,1556540.7340065842,5272893.0375950765,10732.170731707318,1556883.574320019,5273834.983614718,10732.170731707318,1557129.3939907579,5273745.512571571,11707.731707317073,1556786.5536773228,5272803.566551931,11707.731707317073
1557177.9043121058,5274261.221102964,11219.951219512195,8.402317246058812,1556883.574320019,5273834.983614718,10732.170731707318,1557226.414633454,5274776.929634359,10732.170731707318,1557472.2343041925,5274687.458591212,11707.731707317073,1557129.3939907579,5273745.512571571,11707.731707317073
1557520.7446255407,5275203.167122605,11219.951219512195,8.989416477052693,1557226.414633454,5274776.929634359,10732.170731707318,1557569.254946889,5275718.875653999,10732.170731707318,1557815.0746176273,5275629.404610854,11707.731707317073,1557472.2343041925,5274687.458591212,11707.731707317073
1557863.5849389753,5276145.113142246,11219.951219512195,12.198069591907583,1557569.254946889,5275718.875653999,10732.170731707318,1557912.0952603235,5276660.82167364,10732.170731707318,1558157.9149310621,5276571.350630494,11707.731707317073,1557815.0746176273,5275629.404610854,11707.731707317073
1558206.4252524101,5277087.0591618875,11219.951219512195,13.672308741767841,1557912.0952603235,5276660.82167364,10732.170731707318,1558254.9355737583,5277602.767693281,10732.170731707318,1558500.755244497,5277513.296650135,11707.731707317073,1558157.9149310621,5276571.350630494,11707.731707317073
1558549.265565845,5278029.005181529,11219.951219512195,11.813850301959585,1558254.9355737583,5277602.767693281,10732.170731707318,1558597.7758871932,5278544.713712922,10732.170731707318,1558843.5955579318,5278455.242669775,11707.731707317073,1558500.755244497,5277513.296650135,11707.731707317073
1558892.1058792798,5278970.95120117,11219.951219512195,11.288285993782914,1558597.7758871932,5278544.713712922,10732.170731707318,1558940.616200628,5279486.6597325625,10732.170731707318,1559186.4358713664,5279397.188689417,11707.731707317073,1558843.5955579318,5278455.242669775,11707.731707317073
1559234.9461927146,5279912.89722081,11219.951219512195,12.36164412304491,1558940.616200628,5279486.6597325625,10732.170731707318,1559283.4565140626,5280428.605752204,10732.170731707318,1559529.2761848012,5280339.134709057,11707.731707317073,1559186.4358713664,5279397.188689417,11707.731707317073
1559577.7865061495,5280854.843240451,11219.951219512195,13.409947898554652,1559283.4565140626,5280428.605752204,10732.170731707318,1559626.2968274974,5281370.551771845,10732.170731707318,1559872.1164982363,5281281.0807286985,11707.731707317073,1559529.2761848012,5280339.134709057,11707.731707317073
1559920.6268195845,5281796.789260092,11219.951219512195,13.696996468376721,1559626.2968274974,5281370.551771845,10732.170731707318,1559969.1371409325,5282312.497791485,10732.170731707318,1560214.9568116711,5282223.026748339,11707.731707317073,1559872.1164982363,5281281.0807286985,11707.731707317073
1560263.4671330191,5282738.735279732,11219.951219512195,13.582757484569484,1559969.1371409325,5282312.497791485,10732.170731707318,1560311.9774543673,5283254.443811126,10732.170731707318,1560557.7971251057,5283164.972767981,11707.731707317073,1560214.9568116711,5282223.026748339,11707.731707317073
1560606.307446454,5283680.6812993735,11219.951219512195,13.795716151385829,1560311.9774543673,5283254.443811126,10732.170731707318,1560654.8177678022,5284196.389830767,10732.170731707318,1560900.6374385406,5284106.918787621,11707.731707317073,1560557.7971251057,5283164.972767981,11707.731707317073
1560949.1477598888,5284622.627319015,11219.951219512195,13.726475621675323,1560654.8177678022,5284196.389830767,10732.170731707318,1560997.658081237,5285138.335850408,10732.170731707318,1561243.4777519754,5285048.864807262,11707.731707317073,1560900.6374385406,5284106.918787621,11707.731707317073
1561291.9880733236,5285564.573338656,11219.951219512195,13.737734577652343,1560997.658081237,5285138.335850408,10732.170731707318,1561340.4983946716,5286080.281870049,10732.170731707318,1561586.3180654102,5285990.810826903,11707.731707317073,1561243.4777519754,5285048.864807262,11707.731707317073
1561634.8283867585,5286506.519358297,11219.951219512195,12.919658099506771,1561340.4983946716,5286080.281870049,10732.170731707318,1561683.3387081064,5287022.22788969,10732.170731707318,1561929.158378845,5286932.756846544,11707.731707317073,1561586.3180654102,5285990.810826903,11707.731707317073
1561977.6687001933,5287448.465377937,11219.951219512195,10.71559043935833,1561683.3387081064,5287022.22788969,10732.170731707318,1562026.1790215413,5287964.173909332,10732.170731707318,1562271.99869228,5287874.7028661845,11707.731707317073,1561929.158378845,5286932.756846544,11707.731707317073
1562320.509013628,5288390.411397578,11219.951219512195,8.96091599686753,1562026.1790215413,5287964.173909332,10732.170731707318,1562369.019334976,5288906.119928972,10732.170731707318,1562614.8390057147,5288816.648885826,11707.731707317073,1562271.99869228,5287874.7028661845,11707.731707317073
1562663.349327063,5289332.357417219,11219.951219512195,9.137475578234481,1562369.019334976,5288906.119928972,10732.170731707318,1562711.859648411,5289848.065948612,10732.170731707318,1562957.6793191496,5289758.594905467,11707.731707317073,1562614.8390057147,5288816.648885826,11707.731707317073
1563006.1896404978,5290274.3034368595,11219.951219512195,9.808210608479753,1562711.859648411,5289848.065948612,10732.170731707318,1563054.6999618458,5290790.011968253,10732.170731707318,1563300.5196325844,5290700.540925108,11707.731707317073,1562957.6793191496,5289758.594905467,11707.731707317073
1563349.0299539326,5291216.249456501,11219.951219512195,8.967964145594177,1563054.6999618458,5290790.011968253,10732.170731707318,1563397.5402752806,5291731.957987894,10732.170731707318,1563643.3599460192,5291642.486944748,11707.731707317073,1563300.5196325844,5290700.540925108,11707.731707317073
1563691.8702673675,5292158.195476143,11219.951219512195,8.479903936114635,1563397.5402752806,5291731.957987894,10732.170731707318,1563740.3805887154,5292673.904007535,10732.170731707318,1563986.2002594538,5292584.432964389,11707.731707317073,1563643.3599460192,5291642.486944748,11707.731707317073
1564034.710580802,5293100.141495783,11219.951219512195,8.212818803593727,1563740.3805887154,5292673.904007535,10732.170731707318,1564083.2209021503,5293615.850027176,10732.170731707318,1564329.0405728887,5293526.37898403,11707.731707317073,1563986.2002594538,5292584.432964389,11707.731707317073
1564377.5508942367,5294042.087515424,11219.951219512195,9.440684807845056,1564083.2209021503,5293615.850027176,10732.170731707318,1564426.0612155849,5294557.796046817,10732.170731707318,1564671.8808863235,5294468.325003671,11707.731707317073,1564329.0405728887,5293526.37898403,11707.731707317073
1564720.3912076715,5294984.033535064,11219.951219512195,10.116190798185562,1564426.0612155849,5294557.796046817,10732.170731707318,1564768.9015290197,5295499.742066458,10732.170731707318,1565014.7211997586,5295410.271023312,11707.731707317073,1564671.8808863235,5294468.325003671,11707.731707317073
1565063.2315211066,5295925.979554705,11219.951219512195,12.693042048427452,1564768.9015290197,5295499.742066458,10732.170731707318,1565111.7418424548,5296441.688086099,10732.170731707318,1565357.5615131934,5296352.217042953,11707.731707317073,1565014.7211997586,5295410.271023312,11707.731707317073
1565406.0718345414,5296867.925574346,11219.951219512195,13.609999721318184,1565111.7418424548,5296441.688086099,10732.170731707318,1565454.5821558896,5297383.634105739,10732.170731707318,1565700.401826628,5297294.163062594,11707.731707317073,1565357.5615131934,5296352.217042953,11707.731707317073
1565748.9121479762,5297809.871593987,11219.951219512195,14.643556304480047,1565454.5821558896,5297383.634105739,10732.170731707318,1565797.4224693242,5298325.580125381,10732.170731707318,1566043.2421400629,5298236.109082234,11707.731707317073,1565700.401826628,5297294.163062594,11707.731707317073
1566091.7524614108,5298751.817613627,11219.951219512195,14.584771191647848,1565797.4224693242,5298325.580125381,10732.170731707318,1566140.262782759,5299267.526145021,10732.170731707318,1566386.0824534977,5299178.055101875,11707.731707317073,1566043.2421400629,5298236.109082234,11707.731707317073
1566434.5927748457,5299693.763633269,11219.951219512195,14.84625662005233,1566140.262782759,5299267.526145021,10732.170731707318,1566483.1030961939,5300209.472164663,10732.170731707318,1566728.9227669325,5300120.001121516,11707.731707317073,1566386.0824534977,5299178.055101875,11707.731707317073
1566777.4330882805,5300635.70965291,11219.951219512195,14.930359382233322,1566483.1030961939,5300209.472164663,10732.170731707318,1566825.9434096287,5301151.418184303,10732.170731707318,1567071.7630803671,5301061.947141157,11707.731707317073,1566728.9227669325,5300120.001121516,11707.731707317073
1567120.2734017153,5301577.65567255,11219.951219512195,14.516750329122047,1566825.9434096287,5301151.418184303,10732.170731707318,1567168.7837230633,5302093.364203945,10732.170731707318,1567414.603393802,5302003.893160798,11707.731707317073,1567071.7630803671,5301061.947141157,11707.731707317073
1567463.1137151502,5302519.601692192,11219.951219512195,9.950546046487453,1567168.7837230633,5302093.364203945,10732.170731707318,1567511.6240364981,5303035.310223585,10732.170731707318,1567757.443707237,5302945.839180439,11707.731707317073,1567414.603393802,5302003.893160798,11707.731707317073
1567805.9540285852,5303461.547711832,11219.951219512195,8.166863247167921,1567511.6240364981,5303035.310223585,10732.170731707318,1567854.4643499332,5303977.256243225,10732.170731707318,1568100.2840206719,5303887.78520008,11707.731707317073,1567757.443707237,5302945.839180439,11707.731707317073
1568148.79434202,5304403.493731474,11219.951219512195,7.805546142565722,1567854.4643499332,5303977.256243225,10732.170731707318,1568197.304663368,5304919.202262866,10732.170731707318,1568443.1243341065,5304829.731219721,11707.731707317073,1568100.2840206719,5303887.78520008,11707.731707317073
1568491.6346554547,5305345.439751114,11219.951219512195,6.970041742523805,1568197.304663368,5304919.202262866,10732.170731707318,1568540.1449768029,5305861.148282507,10732.170731707318,1568785.9646475413,5305771.677239361,11707.731707317073,1568443.1243341065,5304829.731219721,11707.731707317073
1568834.4749688895,5306287.385770755,11219.951219512195,6.982966256038184,1568540.1449768029,5305861.148282507,10732.170731707318,1568882.9852902375,5306803.094302149,10732.170731707318,1569128.8049609761,5306713.623259003,11707.731707317073,1568785.9646475413,5305771.677239361,11707.731707317073
1569177.3152823243,5307229.331790396,11219.951219512195,8.571638818700087,1568882.9852902375,5306803.094302149,10732.170731707318,1569225.8256036723,5307745.040321789,10732.170731707318,1569471.645274411,5307655.5692786435,11707.731707317073,1569128.8049609761,5306713.623259003,11707.731707317073
1569520.1555957592,5308171.277810037,11219.951219512195,9.611489110400099,1569225.8256036723,5307745.040321789,10732.170731707318,1569568.6659171071,5308686.986341431,10732.170731707318,1569814.4855878458,5308597.515298285,11707.731707317073,1569471.645274411,5307655.5692786435,11707.731707317073
1569862.995909194,5309113.223829677,11219.951219512195,9.573292444454498,1569568.6659171071,5308686.986341431,10732.170731707318,1569911.506230542,5309628.932361071,10732.170731707318,1570157.3259012804,5309539.461317925,11707.731707317073,1569814.4855878458,5308597.515298285,11707.731707317073
1570205.8362226284,5310055.169849318,11219.951219512195,8.914342234114232,1569911.506230542,5309628.932361071,10732.170731707318,1570254.3465439766,5310570.878380712,10732.170731707318,1570500.1662147155,5310481.407337566,11707.731707317073,1570157.3259012804,5309539.461317925,11707.731707317073
1570548.6765360634,5310997.11586896,11219.951219512195,8.355043409302676,1570254.3465439766,5310570.878380712,10732.170731707318,1570597.1868574116,5311512.824400352,10732.170731707318,1570843.0065281503,5311423.353357207,11707.731707317073,1570500.1662147155,5310481.407337566,11707.731707317073
1570891.5168494983,5311939.0618886,11219.951219512195,7.1943263754930395,1570597.1868574116,5311512.824400352,10732.170731707318,1570940.0271708465,5312454.770419994,10732.170731707318,1571185.8468415851,5312365.299376847,11707.731707317073,1570843.0065281503,5311423.353357207,11707.731707317073
1571234.357162933,5312881.007908242,11219.951219512195,6.61955172410877,1570940.0271708465,5312454.770419994,10732.170731707318,1571282.8674842813,5313396.716439635,10732.170731707318,1571528.6871550197,5313307.245396488,11707.731707317073,1571185.8468415851,5312365.299376847,11707.731707317073
1571577.197476368,5313822.953927882,11219.951219512195,7.358835642070788,1571282.8674842813,5313396.716439635,10732.170731707318,1571625.707797716,5314338.662459276,10732.170731707318,1571871.5274684546,5314249.1914161295,11707.731707317073,1571528.6871550197,5313307.245396488,11707.731707317073
1571920.0377898028,5314764.899947522,11219.951219512195,8.440001400293337,1571625.707797716,5314338.662459276,10732.170731707318,1571968.5481111507,5315280.608478916,10732.170731707318,1572214.3677818894,5315191.137435771,11707.731707317073,1571871.5274684546,5314249.1914161295,11707.731707317073
1572262.8781032376,5315706.845967163,11219.951219512195,9.34286849765279,1571968.5481111507,5315280.608478916,10732.170731707318,1572311.3884245856,5316222.554498558,10732.170731707318,1572557.2080953242,5316133.083455411,11707.731707317073,1572214.3677818894,5315191.137435771,11707.731707317073
1572605.7184166724,5316648.791986805,11219.951219512195,10.188025923562636,1572311.3884245856,5316222.554498558,10732.170731707318,1572654.2287380204,5317164.500518198,10732.170731707318,1572900.0484087593,5317075.029475052,11707.731707317073,1572557.2080953242,5316133.083455411,11707.731707317073
1572948.5587301073,5317590.738006446,11219.951219512195,11.371933517560738,1572654.2287380204,5317164.500518198,10732.170731707318,1572997.0690514552,5318106.446537839,10732.170731707318,1573242.8887221941,5318016.975494693,11707.731707317073,1572900.0484087593,5317075.029475052,11707.731707317073
1573291.399043542,5318532.684026087,11219.951219512195,12.321473048685482,1572997.0690514552,5318106.446537839,10732.170731707318,1573339.9093648903,5319048.39255748,10732.170731707318,1573585.7290356287,5318958.921514334,11707.731707317073,1573242.8887221941,5318016.975494693,11707.731707317073
1573634.239356977,5319474.630045727,11219.951219512195,13.30351418998037,1573339.9093648903,5319048.39255748,10732.170731707318,1573682.749678325,5319990.3385771215,10732.170731707318,1573928.5693490636,5319900.867533974,11707.731707317073,1573585.7290356287,5318958.921514334,11707.731707317073
1573977.0796704118,5320416.576065369,11219.951219512195,15.055332528651364,1573682.749678325,5319990.3385771215,10732.170731707318,1574025.5899917597,5320932.284596762,10732.170731707318,1574271.4096624984,5320842.813553616,11707.731707317073,1573928.5693490636,5319900.867533974,11707.731707317073
1574319.9199838466,5321358.522085009,11219.951219512195,14.68490717533984,1574025.5899917597,5320932.284596762,10732.170731707318,1574368.4303051946,5321874.230616403,10732.170731707318,1574614.2499759332,5321784.759573257,11707.731707317073,1574271.4096624984,5320842.813553616,11707.731707317073
1574662.7602972812,5322300.468104649,11219.951219512195,14.420657270424885,1574368.4303051946,5321874.230616403,10732.170731707318,1574711.2706186294,5322816.176636044,10732.170731707318,1574957.0902893678,5322726.705592898,11707.731707317073,1574614.2499759332,5321784.759573257,11707.731707317073
1575005.600610716,5323242.41412429,11219.951219512195,13.589881880465564,1574711.2706186294,5322816.176636044,10732.170731707318,1575054.1109320642,5323758.122655685,10732.170731707318,1575299.9306028027,5323668.651612538,11707.731707317073,1574957.0902893678,5322726.705592898,11707.731707317073
1575348.4409241509,5324184.3601439325,11219.951219512195,13.810645942576446,1575054.1109320642,5323758.122655685,10732.170731707318,1575396.9512454988,5324700.068675325,10732.170731707318,1575642.7709162377,5324610.59763218,11707.731707317073,1575299.9306028027,5323668.651612538,11707.731707317073
1575691.281237586,5325126.306163573,11219.951219512195,14.153887569403897,1575396.9512454988,5324700.068675325,10732.170731707318,1575739.791558934,5325642.014694965,10732.170731707318,1575985.6112296726,5325552.54365182,11707.731707317073,1575642.7709162377,5324610.59763218,11707.731707317073
1576034.1215510208,5326068.252183214,11219.951219512195,12.824483689256624,1575739.791558934,5325642.014694965,10732.170731707318,1576082.6318723687,5326583.9607146075,10732.170731707318,1576328.4515431072,5326494.489671461,11707.731707317073,1575985.6112296726,5325552.54365182,11707.731707317073
1576376.9618644554,5327010.198202855,11219.951219512195,11.716658605709618,1576082.6318723687,5326583.9607146075,10732.170731707318,1576425.4721858036,5327525.906734248,10732.170731707318,1576671.291856542,5327436.4356911015,11707.731707317073,1576328.4515431072,5326494.489671461,11707.731707317073
1576719.80217789,5327952.144222496,11219.951219512195,9.9921258187149,1576425.4721858036,5327525.906734248,10732.170731707318,1576768.3124992382,5328467.852753889,10732.170731707318,1577014.1321699768,5328378.3817107435,11707.731707317073,1576671.291856542,5327436.4356911015,11707.731707317073
1577062.6424913248,5328894.090242136,11219.951219512195,9.855296071981977,1576768.3124992382,5328467.852753889,10732.170731707318,1577111.152812673,5329409.798773529,10732.170731707318,1577356.9724834117,5329320.327730384,11707.731707317073,1577014.1321699768,5328378.3817107435,11707.731707317073
1577405.4828047596,5329836.036261776,11219.951219512195,11.930270409839697,1577111.152812673,5329409.798773529,10732.170731707318,1577453.9931261078,5330351.744793171,10732.170731707318,1577699.8127968465,5330262.273750025,11707.731707317073,1577356.9724834117,5329320.327730384,11707.731707317073
1577748.3231181945,5330777.9822814185,11219.951219512195,12.306422733420687,1577453.9931261078,5330351.744793171,10732.170731707318,1577796.8334395427,5331293.690812811,10732.170731707318,1578042.653110281,5331204.219769666,11707.731707317073,1577699.8127968465,5330262.273750025,11707.731707317073
1578091.1634316293,5331719.92830106,11219.951219512195,12.584096785010743,1577796.8334395427,5331293.690812811,10732.170731707318,1578139.6737529773,5332235.636832452,10732.170731707318,1578385.4934237162,5332146.165789307,11707.731707317073,1578042.653110281,5331204.219769666,11707.731707317073
1578434.0037450641,5332661.8743207,11219.951219512195,13.229988754762296,1578139.6737529773,5332235.636832452,10732.170731707318,1578482.5140664123,5333177.5828520935,10732.170731707318,1578728.333737151,5333088.111808947,11707.731707317073,1578385.4934237162,5332146.165789307,11707.731707317073
1578776.844058499,5333603.82034034,11219.951219512195,14.268726808245145,1578482.5140664123,5333177.5828520935,10732.170731707318,1578825.3543798472,5334119.528871735,10732.170731707318,1579071.1740505858,5334030.0578285875,11707.731707317073,1578728.333737151,5333088.111808947,11707.731707317073
1579119.6843719338,5334545.766359982,11219.951219512195,15.056995586437475,1578825.3543798472,5334119.528871735,10732.170731707318,1579168.194693282,5335061.474891375,10732.170731707318,1579414.0143640204,5334972.00384823,11707.731707317073,1579071.1740505858,5334030.0578285875,11707.731707317073
1579462.5246853686,5335487.712379622,11219.951219512195,12.856318378933393,1579168.194693282,5335061.474891375,10732.170731707318,1579511.0350067168,5336003.420911016,10732.170731707318,1579756.8546774553,5335913.94986787,11707.731707317073,1579414.0143640204,5334972.00384823,11707.731707317073
1579805.3649988035,5336429.658399263,11219.951219512195,11.560346684659097,1579511.0350067168,5336003.420911016,10732.170731707318,1579853.8753201514,5336945.366930657,10732.170731707318,1580099.69499089,5336855.895887511,11707.731707317073,1579756.8546774553,5335913.94986787,11707.731707317073
1580148.2053122383,5337371.6044189045,11219.951219512195,11.631817746270272,1579853.8753201514,5336945.366930657,10732.170731707318,1580196.7156335863,5337887.312950298,10732.170731707318,1580442.535304325,5337797.841907151,11707.731707317073,1580099.69499089,5336855.895887511,11707.731707317073
1580491.0456256731,5338313.550438545,11219.951219512195,11.435687460993625,1580196.7156335863,5337887.312950298,10732.170731707318,1580539.555947021,5338829.258969938,10732.170731707318,1580785.3756177598,5338739.787926793,11707.731707317073,1580442.535304325,5337797.841907151,11707.731707317073
1580833.8859391077,5339255.496458186,11219.951219512195,13.001437203556995,1580539.555947021,5338829.258969938,10732.170731707318,1580882.396260456,5339771.204989579,10732.170731707318,1581128.2159311946,5339681.733946433,11707.731707317073,1580785.3756177598,5338739.787926793,11707.731707317073
1581176.7262525428,5340197.442477827,11219.951219512195,16.405387061067223,1580882.396260456,5339771.204989579,10732.170731707318,1581225.2365738908,5340713.151009221,10732.170731707318,1581471.0562446294,5340623.679966074,11707.731707317073,1581128.2159311946,5339681.733946433,11707.731707317073
1581519.5665659776,5341139.388497468,11219.951219512195,17.297213047352106,1581225.2365738908,5340713.151009221,10732.170731707318,1581568.0768873256,5341655.097028861,10732.170731707318,1581813.8965580643,5341565.625985716,11707.731707317073,1581471.0562446294,5340623.679966074,11707.731707317073
1581862.4068794125,5342081.334517109,11219.951219512195,18.237794947344923,1581568.0768873256,5341655.097028861,10732.170731707318,1581910.9172007605,5342597.043048502,10732.170731707318,1582156.736871499,5342507.572005357,11707.731707317073,1581813.8965580643,5341565.625985716,11707.731707317073
1582205.2471928473,5343023.280536749,11219.951219512195,17.8944354668563,1581910.9172007605,5342597.043048502,10732.170731707318,1582253.7575141953,5343538.989068143,10732.170731707318,1582499.5771849337,5343449.518024997,11707.731707317073,1582156.736871499,5342507.572005357,11707.731707317073
1582548.087506282,5343965.2265563905,11219.951219512195,17.22541580568363,1582253.7575141953,5343538.989068143,10732.170731707318,1582596.5978276301,5344480.935087784,10732.170731707318,1582842.4174983685,5344391.464044638,11707.731707317073,1582499.5771849337,5343449.518024997,11707.731707317073
1582890.9278197167,5344907.172576032,11219.951219512195,18.345471758872446,1582596.5978276301,5344480.935087784,10732.170731707318,1582939.438141065,5345422.881107425,10732.170731707318,1583185.2578118034,5345333.410064279,11707.731707317073,1582842.4174983685,5344391.464044638,11707.731707317073
1583233.7681331513,5345849.118595672,11219.951219512195,19.13992811358802,1582939.438141065,5345422.881107425,10732.170731707318,1583282.2784544996,5346364.8271270655,10732.170731707318,1583528.0981252384,5346275.35608392,11707.731707317073,1583185.2578118034,5345333.410064279,11707.731707317073
1583576.6084465864,5346791.064615313,11219.951219512195,22.024561323402843,1583282.2784544996,5346364.8271270655,10732.170731707318,1583625.1187679346,5347306.773146707,10732.170731707318,1583870.9384386733,5347217.30210356,11707.731707317073,1583528.0981252384,5346275.35608392,11707.731707317073
1583919.4487600212,5347733.010634955,11219.951219512195,22.66884973313092,1583625.1187679346,5347306.773146707,10732.170731707318,1583967.9590813695,5348248.719166348,10732.170731707318,1584213.7787521079,5348159.248123202,11707.731707317073,1583870.9384386733,5347217.30210356,11707.731707317073
1584262.289073456,5348674.956654595,11219.951219512195,22.258603852698663,1583967.9590813695,5348248.719166348,10732.170731707318,1584310.7993948043,5349190.665185988,10732.170731707318,1584556.6190655427,5349101.194142843,11707.731707317073,1584213.7787521079,5348159.248123202,11707.731707317073
1584605.129386891,5349616.902674236,11219.951219512195,22.339598652380005,1584310.7993948043,5349190.665185988,10732.170731707318,1584653.639708239,5350132.611205629,10732.170731707318,1584899.4593789775,5350043.140162484,11707.731707317073,1584556.6190655427,5349101.194142843,11707.731707317073
1584947.9697003257,5350558.8486938765,11219.951219512195,19.240411873974242,1584653.639708239,5350132.611205629,10732.170731707318,1584996.4800216737,5351074.55722527,10732.170731707318,1585242.2996924124,5350985.086182124,11707.731707317073,1584899.4593789775,5350043.140162484,11707.731707317073
1585290.8100137606,5351500.794713519,11219.951219512195,17.533340593689015,1584996.4800216737,5351074.55722527,10732.170731707318,1585339.3203351086,5352016.503244911,10732.170731707318,1585585.1400058472,5351927.032201765,11707.731707317073,1585242.2996924124,5350985.086182124,11707.731707317073
1585633.6503271952,5352442.740733159,11219.951219512195,20.630733398021327,1585339.3203351086,5352016.503244911,10732.170731707318,1585682.1606485434,5352958.4492645515,10732.170731707318,1585927.9803192818,5352868.978221406,11707.731707317073,1585585.1400058472,5351927.032201765,11707.731707317073
1585976.49064063,5353384.686752799,11219.951219512195,20.736204430452624,1585682.1606485434,5352958.4492645515,10732.170731707318,1586025.000961978,5353900.395284194,10732.170731707318,1586270.8206327169,5353810.924241046,11707.731707317073,1585927.9803192818,5352868.978221406,11707.731707317073
1586319.330954065,5354326.632772439,11219.951219512195,19.73272371159706,1586025.000961978,5353900.395284194,10732.170731707318,1586367.841275413,5354842.341303834,10732.170731707318,1586613.6609461517,5354752.870260688,11707.731707317073,1586270.8206327169,5353810.924241046,11707.731707317073
1586662.1712675,5355268.578792081,11219.951219512195,16.749813001374125,1586367.841275413,5354842.341303834,10732.170731707318,1586710.681588848,5355784.287323475,10732.170731707318,1586956.5012595865,5355694.816280329,11707.731707317073,1586613.6609461517,5354752.870260688,11707.731707317073
1587005.0115809345,5356210.524811722,11219.951219512195,14.726132422610624,1586710.681588848,5355784.287323475,10732.170731707318,1587053.5219022827,5356726.233343115,10732.170731707318,1587299.3415730211,5356636.76229997,11707.731707317073,1586956.5012595865,5355694.816280329,11707.731707317073
1587347.8518943693,5357152.4708313625,11219.951219512195,14.643538790413041,1587053.5219022827,5356726.233343115,10732.170731707318,1587396.3622157176,5357668.179362757,10732.170731707318,1587642.181886456,5357578.70831961,11707.731707317073,1587299.3415730211,5356636.76229997,11707.731707317073
1587690.6922078042,5358094.416851004,11219.951219512195,11.765707301740699,1587396.3622157176,5357668.179362757,10732.170731707318,1587739.2025291522,5358610.125382397,10732.170731707318,1587985.0221998908,5358520.654339251,11707.731707317073,1587642.181886456,5357578.70831961,11707.731707317073
1588033.532521239,5359036.362870645,11219.951219512195,10.196917608334447,1587739.2025291522,5358610.125382397,10732.170731707318,1588082.042842587,5359552.071402038,10732.170731707318,1588327.8625133256,5359462.600358892,11707.731707317073,1587985.0221998908,5358520.654339251,11707.731707317073
1588376.3728346738,5359978.308890286,11219.951219512195,9.087973430555977,1588082.042842587,5359552.071402038,10732.170731707318,1588424.8831560218,5360494.017421679,10732.170731707318,1588670.7028267605,5360404.546378533,11707.731707317073,1588327.8625133256,5359462.600358892,11707.731707317073
1588719.2131481085,5360920.254909926,11219.951219512195,9.306674437022986,1588424.8831560218,5360494.017421679,10732.170731707318,1588767.7234694567,5361435.96344132,10732.170731707318,1589013.5431401953,5361346.492398174,11707.731707317073,1588670.7028267605,5360404.546378533,11707.731707317073
1589062.0534615433,5361862.200929567,11219.951219512195,10.646039849406725,1588767.7234694567,5361435.96344132,10732.170731707318,1589110.5637828915,5362377.909460961,10732.170731707318,1589356.3834536301,5362288.438417815,11707.731707317073,1589013.5431401953,5361346.492398174,11707.731707317073
1589404.8937749781,5362804.146949208,11219.951219512195,11.310689389372312,1589110.5637828915,5362377.909460961,10732.170731707318,1589453.4040963263,5363319.855480601,10732.170731707318,1589699.223767065,5363230.384437456,11707.731707317073,1589356.3834536301,5362288.438417815,11707.731707317073
1589747.734088413,5363746.092968849,11219.951219512195,12.802038732914898,1589453.4040963263,5363319.855480601,10732.170731707318,1589796.2444097612,5364261.801500242,10732.170731707318,1590042.0640804998,5364172.330457097,11707.731707317073,1589699.223767065,5363230.384437456,11707.731707317073
1590090.5744018478,5364688.03898849,11219.951219512195,12.908172909666296,1589796.2444097612,5364261.801500242,10732.170731707318,1590139.084723196,5365203.747519883,10732.170731707318,1590384.9043939344,5365114.276476737,11707.731707317073,1590042.0640804998,5364172.330457097,11707.731707317073
1590433.4147152826,5365629.985008132,11219.951219512195,10.207030030499125,1590139.084723196,5365203.747519883,10732.170731707318,1590481.9250366306,5366145.693539524,10732.170731707318,1590727.7447073692,5366056.222496379,11707.731707317073,1590384.9043939344,5365114.276476737,11707.731707317073
1590776.2550287172,5366571.931027772,11219.951219512195,9.324378882166913,1590481.9250366306,5366145.693539524,10732.170731707318,1590824.7653500654,5367087.639559165,10732.170731707318,1591070.585020804,5366998.168516019,11707.731707317073,1590727.7447073692,5366056.222496379,11707.731707317073
1591119.095342152,5367513.877047413,11219.951219512195,10.28868765012024,1590824.7653500654,5367087.639559165,10732.170731707318,1591167.6056635003,5368029.585578807,10732.170731707318,1591413.4253342391,5367940.1145356605,11707.731707317073,1591070.585020804,5366998.168516019,11707.731707317073
1591461.9356555871,5368455.823067053,11219.951219512195,9.67622179544796,1591167.6056635003,5368029.585578807,10732.170731707318,1591510.4459769353,5368971.531598447,10732.170731707318,1591756.2656476737,5368882.060555301,11707.731707317073,1591413.4253342391,5367940.1145356605,11707.731707317073
1591804.775969022,5369397.769086694,11219.951219512195,8.980863806230834,1591510.4459769353,5368971.531598447,10732.170731707318,1591853.28629037,5369913.477618088,10732.170731707318,1592099.1059611086,5369824.006574942,11707.731707317073,1591756.2656476737,5368882.060555301,11707.731707317073
1592147.6162824568,5370339.715106335,11219.951219512195,8.459878625073598,1591853.28629037,5369913.477618088,10732.170731707318,1592196.1266038048,5370855.423637728,10732.170731707318,1592441.9462745434,5370765.952594583,11707.731707317073,1592099.1059611086,5369824.006574942,11707.731707317073
1592490.4565958916,5371281.661125976,11219.951219512195,8.098922649125491,1592196.1266038048,5370855.423637728,10732.170731707318,1592538.9669172396,5371797.36965737,10732.170731707318,1592784.7865879782,5371707.898614223,11707.731707317073,1592441.9462745434,5370765.952594583,11707.731707317073
1592833.2969093265,5372223.607145618,11219.951219512195,7.781400141407039,1592538.9669172396,5371797.36965737,10732.170731707318,1592881.8072306744,5372739.31567701,10732.170731707318,1593127.6269014128,5372649.844633864,11707.731707317073,1592784.7865879782,5371707.898614223,11707.731707317073
1593176.137222761,5373165.553165258,11219.951219512195,6.704840470961712,1592881.8072306744,5372739.31567701,10732.170731707318,1593224.6475441093,5373681.261696652,10732.170731707318,1593470.4672148477,5373591.790653505,11707.731707317073,1593127.6269014128,5372649.844633864,11707.731707317073
1593518.977536196,5374107.499184899,11219.951219512195,6.0869117881374555,1593224.6475441093,5373681.261696652,10732.170731707318,1593567.4878575439,5374623.207716292,10732.170731707318,1593813.3075282825,5374533.7366731465,11707.731707317073,1593470.4672148477,5373591.790653505,11707.731707317073
1593861.8178496307,5375049.445204539,11219.951219512195,4.685620090826805,1593567.4878575439,5374623.207716292,10732.170731707318,1593910.3281709787,5375565.153735934,10732.170731707318,1594156.1478417176,5375475.682692787,11707.731707317073,1593813.3075282825,5374533.7366731465,11707.731707317073
1594204.6581630658,5375991.391224181,11219.951219512195,3.520971747704687,1593910.3281709787,5375565.153735934,10732.170731707318,1594253.1684844138,5376507.099755574,10732.170731707318,1594498.9881551524,5376417.628712429,11707.731707317073,1594156.1478417176,5375475.682692787,11707.731707317073
1594547.4984765006,5376933.3372438215,11219.951219512195,2.7788305127361124,1594253.1684844138,5376507.099755574,10732.170731707318,1594596.0087978486,5377449.045775214,10732.170731707318,1594841.828468587,5377359.574732069,11707.731707317073,1594498.9881551524,5376417.628712429,11707.731707317073
1594890.3387899352,5377875.283263462,11219.951219512195,2.3172680936727277,1594596.0087978486,5377449.045775214,10732.170731707318,1594938.8491112834,5378390.991794856,10732.170731707318,1595184.6687820219,5378301.52075171,11707.731707317073,1594841.828468587,5377359.574732069,11707.731707317073
1595233.17910337,5378817.229283103,11219.951219512195,1.7001028734128114,1594938.8491112834,5378390.991794856,10732.170731707318,1595281.6894247183,5379332.937814497,10732.170731707318,1595527.5090954567,5379243.46677135,11707.731707317073,1595184.6687820219,5378301.52075171,11707.731707317073
1595576.0194168047,5379759.175302745,11219.951219512195,1.110725666819093,1595281.6894247183,5379332.937814497,10732.170731707318,1595624.5297381529,5380274.883834138,10732.170731707318,1595870.3494088915,5380185.412790992,11707.731707317073,1595527.5090954567,5379243.46677135,11707.731707317073
1595918.8597302395,5380701.121322385,11219.951219512195,1.1443140979720807,1595624.5297381529,5380274.883834138,10732.170731707318,1595967.3700515877,5381216.829853779,10732.170731707318,1596213.1897223264,5381127.3588106325,11707.731707317073,1595870.3494088915,5380185.412790992,11707.731707317073
1596261.7000436743,5381643.067342026,11219.951219512195,1.350757554046216,1595967.3700515877,5381216.829853779,10732.170731707318,1596310.2103650225,5382158.77587342,10732.170731707318,1596556.0300357612,5382069.304830274,11707.731707317073,1596213.1897223264,5381127.3588106325,11707.731707317073
1596604.5403571092,5382585.013361667,11219.951219512195,1.6489881602869936,1596310.2103650225,5382158.77587342,10732.170731707318,1596653.0506784574,5383100.721893061,10732.170731707318,1596898.870349196,5383011.250849914,11707.731707317073,1596556.0300357612,5382069.304830274,11707.731707317073
1545081.4726991917,5240261.693352747,12195.512195121953,2.2936501161020826,1544787.1427071046,5239835.455864499,11707.731707317073,1545129.9830205392,5240777.40188414,11707.731707317073,1545375.8026912787,5240687.930840994,12683.292682926829,1545032.962377844,5239745.984821353,12683.292682926829
1545424.3130126265,5241203.639372388,12195.512195121953,2.6846780061155413,1545129.9830205392,5240777.40188414,11707.731707317073,1545472.823333974,5241719.347903782,11707.731707317073,1545718.6430047136,5241629.876860634,12683.292682926829,1545375.8026912787,5240687.930840994,12683.292682926829
1545767.1533260613,5242145.585392029,12195.512195121953,3.4598137631302364,1545472.823333974,5241719.347903782,11707.731707317073,1545815.6636474088,5242661.293923422,11707.731707317073,1546061.4833181482,5242571.8228802765,12683.292682926829,1545718.6430047136,5241629.876860634,12683.292682926829
1546109.993639496,5243087.531411669,12195.512195121953,3.4706943020909016,1545815.6636474088,5242661.293923422,11707.731707317073,1546158.5039608437,5243603.239943063,11707.731707317073,1546404.323631583,5243513.768899917,12683.292682926829,1546061.4833181482,5242571.8228802765,12683.292682926829
1546452.8339529308,5244029.477431309,12195.512195121953,3.1314415982130512,1546158.5039608437,5243603.239943063,11707.731707317073,1546501.3442742785,5244545.185962704,11707.731707317073,1546747.163945018,5244455.714919558,12683.292682926829,1546404.323631583,5243513.768899917,12683.292682926829
1546795.6742663656,5244971.423450951,12195.512195121953,2.8304494402092693,1546501.3442742785,5244545.185962704,11707.731707317073,1546844.1845877133,5245487.131982345,11707.731707317073,1547090.004258453,5245397.660939198,12683.292682926829,1546747.163945018,5244455.714919558,12683.292682926829
1547138.5145798004,5245913.369470593,12195.512195121953,2.586096922998759,1546844.1845877133,5245487.131982345,11707.731707317073,1547187.0249011482,5246429.078001985,11707.731707317073,1547432.8445718875,5246339.60695884,12683.292682926829,1547090.004258453,5245397.660939198,12683.292682926829
1547481.3548932353,5246855.315490233,12195.512195121953,2.6865196905108295,1547187.0249011482,5246429.078001985,11707.731707317073,1547529.865214583,5247371.024021626,11707.731707317073,1547775.6848853223,5247281.55297848,12683.292682926829,1547432.8445718875,5246339.60695884,12683.292682926829
1547824.19520667,5247797.261509874,12195.512195121953,2.648048854658419,1547529.865214583,5247371.024021626,11707.731707317073,1547872.7055280178,5248312.970041268,11707.731707317073,1548118.5251987572,5248223.498998121,12683.292682926829,1547775.6848853223,5247281.55297848,12683.292682926829
1548167.035520105,5248739.207529515,12195.512195121953,2.9873309030298576,1547872.7055280178,5248312.970041268,11707.731707317073,1548215.5458414524,5249254.916060909,11707.731707317073,1548461.365512192,5249165.4450177625,12683.292682926829,1548118.5251987572,5248223.498998121,12683.292682926829
1548509.8758335398,5249681.153549156,12195.512195121953,3.0244763931529217,1548215.5458414524,5249254.916060909,11707.731707317073,1548558.3861548873,5250196.862080549,11707.731707317073,1548804.2058256269,5250107.391037403,12683.292682926829,1548461.365512192,5249165.4450177625,12683.292682926829
1548852.7161469744,5250623.099568796,12195.512195121953,2.7742161441529665,1548558.3861548873,5250196.862080549,11707.731707317073,1548901.226468322,5251138.808100191,11707.731707317073,1549147.0461390615,5251049.337057044,12683.292682926829,1548804.2058256269,5250107.391037403,12683.292682926829
1549195.5564604092,5251565.045588437,12195.512195121953,3.1094084618713906,1548901.226468322,5251138.808100191,11707.731707317073,1549244.0667817572,5252080.754119831,11707.731707317073,1549489.8864524965,5251991.283076684,12683.292682926829,1549147.0461390615,5251049.337057044,12683.292682926829
1549538.3967738443,5252506.991608078,12195.512195121953,3.5757663685301826,1549244.0667817572,5252080.754119831,11707.731707317073,1549586.9070951918,5253022.700139471,11707.731707317073,1549832.7267659314,5252933.229096326,12683.292682926829,1549489.8864524965,5251991.283076684,12683.292682926829
1549881.237087279,5253448.937627719,12195.512195121953,3.575665286830597,1549586.9070951918,5253022.700139471,11707.731707317073,1549929.7474086266,5253964.646159112,11707.731707317073,1550175.5670793662,5253875.175115966,12683.292682926829,1549832.7267659314,5252933.229096326,12683.292682926829
1550224.0774007137,5254390.88364736,12195.512195121953,3.671939607310284,1549929.7474086266,5253964.646159112,11707.731707317073,1550272.5877220614,5254906.592178754,11707.731707317073,1550518.4073928008,5254817.121135607,12683.292682926829,1550175.5670793662,5253875.175115966,12683.292682926829
1550566.9177141485,5255332.829667002,12195.512195121953,3.5055227044622104,1550272.5877220614,5254906.592178754,11707.731707317073,1550615.4280354963,5255848.538198395,11707.731707317073,1550861.2477062359,5255759.0671552485,12683.292682926829,1550518.4073928008,5254817.121135607,12683.292682926829
1550909.7580275834,5256274.775686642,12195.512195121953,3.141066152961309,1550615.4280354963,5255848.538198395,11707.731707317073,1550958.268348931,5256790.484218036,11707.731707317073,1551204.0880196705,5256701.01317489,12683.292682926829,1550861.2477062359,5255759.0671552485,12683.292682926829
1551252.5983410182,5257216.721706283,12195.512195121953,3.0137240463822628,1550958.268348931,5256790.484218036,11707.731707317073,1551301.108662366,5257732.430237676,11707.731707317073,1551546.9283331053,5257642.95919453,12683.292682926829,1551204.0880196705,5256701.01317489,12683.292682926829
1551595.438654453,5258158.6677259235,12195.512195121953,2.605815048654566,1551301.108662366,5257732.430237676,11707.731707317073,1551643.9489758005,5258674.376257318,11707.731707317073,1551889.7686465401,5258584.905214171,12683.292682926829,1551546.9283331053,5257642.95919453,12683.292682926829
1551938.278967888,5259100.613745565,12195.512195121953,2.5176497631715358,1551643.9489758005,5258674.376257318,11707.731707317073,1551986.7892892356,5259616.322276958,11707.731707317073,1552232.6089599752,5259526.851233812,12683.292682926829,1551889.7686465401,5258584.905214171,12683.292682926829
1552281.119281323,5260042.559765205,12195.512195121953,2.420383224643352,1551986.7892892356,5259616.322276958,11707.731707317073,1552329.6296026704,5260558.268296598,11707.731707317073,1552575.4492734098,5260468.797253453,12683.292682926829,1552232.6089599752,5259526.851233812,12683.292682926829
1552623.9595947575,5260984.505784846,12195.512195121953,2.2925786093924048,1552329.6296026704,5260558.268296598,11707.731707317073,1552672.4699161053,5261500.2143162405,11707.731707317073,1552918.2895868446,5261410.743273093,12683.292682926829,1552575.4492734098,5260468.797253453,12683.292682926829
1552966.7999081921,5261926.451804487,12195.512195121953,2.074119502377951,1552672.4699161053,5261500.2143162405,11707.731707317073,1553015.3102295399,5262442.160335881,11707.731707317073,1553261.1299002795,5262352.6892927345,12683.292682926829,1552918.2895868446,5261410.743273093,12683.292682926829
1553309.640221627,5262868.397824128,12195.512195121953,1.8614491651851481,1553015.3102295399,5262442.160335881,11707.731707317073,1553358.1505429747,5263384.106355522,11707.731707317073,1553603.9702137143,5263294.635312376,12683.292682926829,1553261.1299002795,5262352.6892927345,12683.292682926829
1553652.4805350618,5263810.343843769,12195.512195121953,2.4564691851005755,1553358.1505429747,5263384.106355522,11707.731707317073,1553700.9908564095,5264326.052375162,11707.731707317073,1553946.810527149,5264236.581332017,12683.292682926829,1553603.9702137143,5263294.635312376,12683.292682926829
1553995.3208484966,5264752.2898634095,12195.512195121953,3.287259505302414,1553700.9908564095,5264326.052375162,11707.731707317073,1554043.8311698444,5265267.998394804,11707.731707317073,1554289.6508405837,5265178.527351657,12683.292682926829,1553946.810527149,5264236.581332017,12683.292682926829
1554338.1611619315,5265694.2358830515,12195.512195121953,3.292217666167387,1554043.8311698444,5265267.998394804,11707.731707317073,1554386.6714832792,5266209.944414444,11707.731707317073,1554632.4911540188,5266120.473371298,12683.292682926829,1554289.6508405837,5265178.527351657,12683.292682926829
1554681.0014753665,5266636.181902692,12195.512195121953,3.0701295358038183,1554386.6714832792,5266209.944414444,11707.731707317073,1554729.511796714,5267151.890434085,11707.731707317073,1554975.3314674536,5267062.419390939,12683.292682926829,1554632.4911540188,5266120.473371298,12683.292682926829
1555023.8417888011,5267578.127922332,12195.512195121953,2.9151077928617406,1554729.511796714,5267151.890434085,11707.731707317073,1555072.3521101489,5268093.836453726,11707.731707317073,1555318.1717808885,5268004.36541058,12683.292682926829,1554975.3314674536,5267062.419390939,12683.292682926829
1555366.682102236,5268520.073941973,12195.512195121953,2.967661997569674,1555072.3521101489,5268093.836453726,11707.731707317073,1555415.1924235837,5269035.782473368,11707.731707317073,1555661.012094323,5268946.3114302205,12683.292682926829,1555318.1717808885,5268004.36541058,12683.292682926829
1555709.5224156708,5269462.019961615,12195.512195121953,4.020315474442908,1555415.1924235837,5269035.782473368,11707.731707317073,1555758.0327370185,5269977.728493008,11707.731707317073,1556003.852407758,5269888.257449862,12683.292682926829,1555661.012094323,5268946.3114302205,12683.292682926829
1556052.3627291056,5270403.965981255,12195.512195121953,4.326734507509898,1555758.0327370185,5269977.728493008,11707.731707317073,1556100.8730504531,5270919.674512649,11707.731707317073,1556346.6927211927,5270830.203469503,12683.292682926829,1556003.852407758,5269888.257449862,12683.292682926829
1556395.2030425405,5271345.9120008955,12195.512195121953,5.236619634854992,1556100.8730504531,5270919.674512649,11707.731707317073,1556443.713363888,5271861.62053229,11707.731707317073,1556689.5330346276,5271772.149489143,12683.292682926829,1556346.6927211927,5270830.203469503,12683.292682926829
1556738.0433559753,5272287.858020537,12195.512195121953,7.028850881440079,1556443.713363888,5271861.62053229,11707.731707317073,1556786.5536773228,5272803.566551931,11707.731707317073,1557032.3733480622,5272714.095508784,12683.292682926829,1556689.5330346276,5271772.149489143,12683.292682926829
1557080.88366941,5273229.804040179,12195.512195121953,8.834177510476078,1556786.5536773228,5272803.566551931,11707.731707317073,1557129.3939907579,5273745.512571571,11707.731707317073,1557375.2136614972,5273656.041528425,12683.292682926829,1557032.3733480622,5272714.095508784,12683.292682926829
1557423.723982845,5274171.750059819,12195.512195121953,10.55784662979157,1557129.3939907579,5273745.512571571,11707.731707317073,1557472.2343041925,5274687.458591212,11707.731707317073,1557718.053974932,5274597.987548066,12683.292682926829,1557375.2136614972,5273656.041528425,12683.292682926829
1557766.5642962798,5275113.696079459,12195.512195121953,9.385904569028918,1557472.2343041925,5274687.458591212,11707.731707317073,1557815.0746176273,5275629.404610854,11707.731707317073,1558060.894288367,5275539.9335677065,12683.292682926829,1557718.053974932,5274597.987548066,12683.292682926829
1558109.4046097146,5276055.6420991,12195.512195121953,9.944852382065068,1557815.0746176273,5275629.404610854,11707.731707317073,1558157.9149310621,5276571.350630494,11707.731707317073,1558403.7346018015,5276481.879587348,12683.292682926829,1558060.894288367,5275539.9335677065,12683.292682926829
1558452.2449231492,5276997.588118741,12195.512195121953,9.868309868334164,1558157.9149310621,5276571.350630494,11707.731707317073,1558500.755244497,5277513.296650135,11707.731707317073,1558746.5749152363,5277423.825606989,12683.292682926829,1558403.7346018015,5276481.879587348,12683.292682926829
1558795.085236584,5277939.534138382,12195.512195121953,9.892166649449443,1558500.755244497,5277513.296650135,11707.731707317073,1558843.5955579318,5278455.242669775,11707.731707317073,1559089.4152286712,5278365.77162663,12683.292682926829,1558746.5749152363,5277423.825606989,12683.292682926829
1559137.9255500187,5278881.480158023,12195.512195121953,10.133230484610408,1558843.5955579318,5278455.242669775,11707.731707317073,1559186.4358713664,5279397.188689417,11707.731707317073,1559432.255542106,5279307.71764627,12683.292682926829,1559089.4152286712,5278365.77162663,12683.292682926829
1559480.7658634535,5279823.426177665,12195.512195121953,11.441706757752929,1559186.4358713664,5279397.188689417,11707.731707317073,1559529.2761848012,5280339.134709057,11707.731707317073,1559775.0958555408,5280249.663665911,12683.292682926829,1559432.255542106,5279307.71764627,12683.292682926829
1559823.6061768886,5280765.372197305,12195.512195121953,11.26987138577765,1559529.2761848012,5280339.134709057,11707.731707317073,1559872.1164982363,5281281.0807286985,11707.731707317073,1560117.9361689757,5281191.609685552,12683.292682926829,1559775.0958555408,5280249.663665911,12683.292682926829
1560166.4464903234,5281707.318216946,12195.512195121953,11.723692800695632,1559872.1164982363,5281281.0807286985,11707.731707317073,1560214.9568116711,5282223.026748339,11707.731707317073,1560460.7764824105,5282133.555705193,12683.292682926829,1560117.9361689757,5281191.609685552,12683.292682926829
1560509.2868037582,5282649.264236586,12195.512195121953,13.868315311294971,1560214.9568116711,5282223.026748339,11707.731707317073,1560557.7971251057,5283164.972767981,11707.731707317073,1560803.6167958453,5283075.501724834,12683.292682926829,1560460.7764824105,5282133.555705193,12683.292682926829
1560852.127117193,5283591.210256227,12195.512195121953,18.21571265758737,1560557.7971251057,5283164.972767981,11707.731707317073,1560900.6374385406,5284106.918787621,11707.731707317073,1561146.4571092802,5284017.447744476,12683.292682926829,1560803.6167958453,5283075.501724834,12683.292682926829
1561194.967430628,5284533.156275868,12195.512195121953,18.06590330286285,1560900.6374385406,5284106.918787621,11707.731707317073,1561243.4777519754,5285048.864807262,11707.731707317073,1561489.297422715,5284959.393764116,12683.292682926829,1561146.4571092802,5284017.447744476,12683.292682926829
1561537.8077440625,5285475.10229551,12195.512195121953,15.323715690524393,1561243.4777519754,5285048.864807262,11707.731707317073,1561586.3180654102,5285990.810826903,11707.731707317073,1561832.1377361496,5285901.339783757,12683.292682926829,1561489.297422715,5284959.393764116,12683.292682926829
1561880.6480574973,5286417.04831515,12195.512195121953,13.565561146196986,1561586.3180654102,5285990.810826903,11707.731707317073,1561929.158378845,5286932.756846544,11707.731707317073,1562174.9780495844,5286843.285803397,12683.292682926829,1561832.1377361496,5285901.339783757,12683.292682926829
1562223.4883709322,5287358.994334792,12195.512195121953,13.557697350000597,1561929.158378845,5286932.756846544,11707.731707317073,1562271.99869228,5287874.7028661845,11707.731707317073,1562517.8183630195,5287785.231823039,12683.292682926829,1562174.9780495844,5286843.285803397,12683.292682926829
1562566.3286843672,5288300.940354432,12195.512195121953,12.091134573829612,1562271.99869228,5287874.7028661845,11707.731707317073,1562614.8390057147,5288816.648885826,11707.731707317073,1562860.6586764543,5288727.177842679,12683.292682926829,1562517.8183630195,5287785.231823039,12683.292682926829
1562909.168997802,5289242.886374073,12195.512195121953,10.603316344776818,1562614.8390057147,5288816.648885826,11707.731707317073,1562957.6793191496,5289758.594905467,11707.731707317073,1563203.4989898892,5289669.123862321,12683.292682926829,1562860.6586764543,5288727.177842679,12683.292682926829
1563252.0093112367,5290184.832393714,12195.512195121953,9.438123578049938,1562957.6793191496,5289758.594905467,11707.731707317073,1563300.5196325844,5290700.540925108,11707.731707317073,1563546.3393033238,5290611.069881961,12683.292682926829,1563203.4989898892,5289669.123862321,12683.292682926829
1563594.8496246715,5291126.778413354,12195.512195121953,9.32207558056212,1563300.5196325844,5290700.540925108,11707.731707317073,1563643.3599460192,5291642.486944748,11707.731707317073,1563889.1796167586,5291553.015901603,12683.292682926829,1563546.3393033238,5290611.069881961,12683.292682926829
1563937.6899381063,5292068.724432996,12195.512195121953,9.262149511510414,1563643.3599460192,5291642.486944748,11707.731707317073,1563986.2002594538,5292584.432964389,11707.731707317073,1564232.0199301934,5292494.961921243,12683.292682926829,1563889.1796167586,5291553.015901603,12683.292682926829
1564280.5302515412,5293010.670452637,12195.512195121953,9.068132891028654,1563986.2002594538,5292584.432964389,11707.731707317073,1564329.0405728887,5293526.37898403,11707.731707317073,1564574.8602436283,5293436.907940883,12683.292682926829,1564232.0199301934,5292494.961921243,12683.292682926829
1564623.370564976,5293952.616472278,12195.512195121953,10.795064022195755,1564329.0405728887,5293526.37898403,11707.731707317073,1564671.8808863235,5294468.325003671,11707.731707317073,1564917.7005570629,5294378.853960525,12683.292682926829,1564574.8602436283,5293436.907940883,12683.292682926829
1564966.2108784106,5294894.562491918,12195.512195121953,12.720294723508545,1564671.8808863235,5294468.325003671,11707.731707317073,1565014.7211997586,5295410.271023312,11707.731707317073,1565260.540870498,5295320.799980165,12683.292682926829,1564917.7005570629,5294378.853960525,12683.292682926829
1565309.0511918457,5295836.508511559,12195.512195121953,15.383960978940893,1565014.7211997586,5295410.271023312,11707.731707317073,1565357.5615131934,5296352.217042953,11707.731707317073,1565603.3811839328,5296262.745999807,12683.292682926829,1565260.540870498,5295320.799980165,12683.292682926829
1565651.8915052803,5296778.454531199,12195.512195121953,16.230106189866223,1565357.5615131934,5296352.217042953,11707.731707317073,1565700.401826628,5297294.163062594,11707.731707317073,1565946.2214973676,5297204.692019447,12683.292682926829,1565603.3811839328,5296262.745999807,12683.292682926829
1565994.731818715,5297720.400550841,12195.512195121953,17.17290756041417,1565700.401826628,5297294.163062594,11707.731707317073,1566043.2421400629,5298236.109082234,11707.731707317073,1566289.0618108022,5298146.638039089,12683.292682926829,1565946.2214973676,5297204.692019447,12683.292682926829
1566337.57213215,5298662.346570482,12195.512195121953,19.35522974811491,1566043.2421400629,5298236.109082234,11707.731707317073,1566386.0824534977,5299178.055101875,11707.731707317073,1566631.902124237,5299088.584058729,12683.292682926829,1566289.0618108022,5298146.638039089,12683.292682926829
1566680.4124455848,5299604.292590122,12195.512195121953,19.406644639372214,1566386.0824534977,5299178.055101875,11707.731707317073,1566728.9227669325,5300120.001121516,11707.731707317073,1566974.7424376719,5300030.53007837,12683.292682926829,1566631.902124237,5299088.584058729,12683.292682926829
1567023.2527590196,5300546.238609764,12195.512195121953,15.924176474839697,1566728.9227669325,5300120.001121516,11707.731707317073,1567071.7630803671,5301061.947141157,11707.731707317073,1567317.5827511067,5300972.47609801,12683.292682926829,1566974.7424376719,5300030.53007837,12683.292682926829
1567366.0930724542,5301488.184629405,12195.512195121953,12.032921833459557,1567071.7630803671,5301061.947141157,11707.731707317073,1567414.603393802,5302003.893160798,11707.731707317073,1567660.4230645415,5301914.422117652,12683.292682926829,1567317.5827511067,5300972.47609801,12683.292682926829
1567708.9333858893,5302430.130649045,12195.512195121953,13.371920245753188,1567414.603393802,5302003.893160798,11707.731707317073,1567757.443707237,5302945.839180439,11707.731707317073,1568003.2633779764,5302856.368137293,12683.292682926829,1567660.4230645415,5301914.422117652,12683.292682926829
1568051.773699324,5303372.076668686,12195.512195121953,12.682269888282871,1567757.443707237,5302945.839180439,11707.731707317073,1568100.2840206719,5303887.78520008,11707.731707317073,1568346.1036914112,5303798.314156934,12683.292682926829,1568003.2633779764,5302856.368137293,12683.292682926829
1568394.614012759,5304314.022688327,12195.512195121953,10.260088486822614,1568100.2840206719,5303887.78520008,11707.731707317073,1568443.1243341065,5304829.731219721,11707.731707317073,1568688.944004846,5304740.260176574,12683.292682926829,1568346.1036914112,5303798.314156934,12683.292682926829
1568737.4543261938,5305255.9687079685,12195.512195121953,10.16193917778867,1568443.1243341065,5304829.731219721,11707.731707317073,1568785.9646475413,5305771.677239361,11707.731707317073,1569031.7843182809,5305682.206196216,12683.292682926829,1568688.944004846,5304740.260176574,12683.292682926829
1569080.2946396286,5306197.914727609,12195.512195121953,10.766995440821088,1568785.9646475413,5305771.677239361,11707.731707317073,1569128.8049609761,5306713.623259003,11707.731707317073,1569374.6246317155,5306624.152215856,12683.292682926829,1569031.7843182809,5305682.206196216,12683.292682926829
1569423.1349530632,5307139.860747249,12195.512195121953,13.315538417236201,1569128.8049609761,5306713.623259003,11707.731707317073,1569471.645274411,5307655.5692786435,11707.731707317073,1569717.4649451503,5307566.098235496,12683.292682926829,1569374.6246317155,5306624.152215856,12683.292682926829
1569765.975266498,5308081.806766891,12195.512195121953,12.933247932092637,1569471.645274411,5307655.5692786435,11707.731707317073,1569814.4855878458,5308597.515298285,11707.731707317073,1570060.3052585851,5308508.044255138,12683.292682926829,1569717.4649451503,5307566.098235496,12683.292682926829
1570108.8155799329,5309023.752786532,12195.512195121953,12.484716686703774,1569814.4855878458,5308597.515298285,11707.731707317073,1570157.3259012804,5309539.461317925,11707.731707317073,1570403.1455720202,5309449.990274779,12683.292682926829,1570060.3052585851,5308508.044255138,12683.292682926829
1570451.655893368,5309965.698806172,12195.512195121953,12.579960756166399,1570157.3259012804,5309539.461317925,11707.731707317073,1570500.1662147155,5310481.407337566,11707.731707317073,1570745.9858854548,5310391.93629442,12683.292682926829,1570403.1455720202,5309449.990274779,12683.292682926829
1570794.4962068025,5310907.644825812,12195.512195121953,13.69713829588004,1570500.1662147155,5310481.407337566,11707.731707317073,1570843.0065281503,5311423.353357207,11707.731707317073,1571088.8261988896,5311333.88231406,12683.292682926829,1570745.9858854548,5310391.93629442,12683.292682926829
1571137.3365202374,5311849.5908454545,12195.512195121953,12.038198209304314,1570843.0065281503,5311423.353357207,11707.731707317073,1571185.8468415851,5312365.299376847,11707.731707317073,1571431.6665123245,5312275.828333702,12683.292682926829,1571088.8261988896,5311333.88231406,12683.292682926829
1571480.176833672,5312791.536865095,12195.512195121953,10.55685796954322,1571185.8468415851,5312365.299376847,11707.731707317073,1571528.6871550197,5313307.245396488,11707.731707317073,1571774.5068257593,5313217.774353342,12683.292682926829,1571431.6665123245,5312275.828333702,12683.292682926829
1571823.0171471068,5313733.482884736,12195.512195121953,10.155089876199165,1571528.6871550197,5313307.245396488,11707.731707317073,1571871.5274684546,5314249.1914161295,11707.731707317073,1572117.3471391941,5314159.720372983,12683.292682926829,1571774.5068257593,5313217.774353342,12683.292682926829
1572165.8574605417,5314675.428904377,12195.512195121953,10.77129959466432,1571871.5274684546,5314249.1914161295,11707.731707317073,1572214.3677818894,5315191.137435771,11707.731707317073,1572460.1874526287,5315101.666392623,12683.292682926829,1572117.3471391941,5314159.720372983,12683.292682926829
1572508.6977739765,5315617.374924017,12195.512195121953,10.874399970967474,1572214.3677818894,5315191.137435771,11707.731707317073,1572557.2080953242,5316133.083455411,11707.731707317073,1572803.0277660636,5316043.6124122655,12683.292682926829,1572460.1874526287,5315101.666392623,12683.292682926829
1572851.5380874113,5316559.320943658,12195.512195121953,10.86153489616113,1572557.2080953242,5316133.083455411,11707.731707317073,1572900.0484087593,5317075.029475052,11707.731707317073,1573145.8680794986,5316985.558431906,12683.292682926829,1572803.0277660636,5316043.6124122655,12683.292682926829
1573194.3784008464,5317501.266963299,12195.512195121953,11.9403132890482,1572900.0484087593,5317075.029475052,11707.731707317073,1573242.8887221941,5318016.975494693,11707.731707317073,1573488.7083929335,5317927.504451547,12683.292682926829,1573145.8680794986,5316985.558431906,12683.292682926829
1573537.2187142812,5318443.2129829405,12195.512195121953,14.449891772392366,1573242.8887221941,5318016.975494693,11707.731707317073,1573585.7290356287,5318958.921514334,11707.731707317073,1573831.5487063683,5318869.450471188,12683.292682926829,1573488.7083929335,5317927.504451547,12683.292682926829
1573880.059027716,5319385.159002582,12195.512195121953,15.782900134229033,1573585.7290356287,5318958.921514334,11707.731707317073,1573928.5693490636,5319900.867533974,11707.731707317073,1574174.3890198031,5319811.396490829,12683.292682926829,1573831.5487063683,5318869.450471188,12683.292682926829
1574222.8993411507,5320327.105022222,12195.512195121953,16.34650896037228,1573928.5693490636,5319900.867533974,11707.731707317073,1574271.4096624984,5320842.813553616,11707.731707317073,1574517.2293332377,5320753.342510469,12683.292682926829,1574174.3890198031,5319811.396490829,12683.292682926829
1574565.7396545855,5321269.051041863,12195.512195121953,16.401997643161607,1574271.4096624984,5320842.813553616,11707.731707317073,1574614.2499759332,5321784.759573257,11707.731707317073,1574860.0696466726,5321695.28853011,12683.292682926829,1574517.2293332377,5320753.342510469,12683.292682926829
1574908.5799680203,5322210.997061504,12195.512195121953,15.73444422936586,1574614.2499759332,5321784.759573257,11707.731707317073,1574957.0902893678,5322726.705592898,11707.731707317073,1575202.9099601074,5322637.2345497515,12683.292682926829,1574860.0696466726,5321695.28853011,12683.292682926829
1575251.4202814552,5323152.943081144,12195.512195121953,13.259041873956692,1574957.0902893678,5322726.705592898,11707.731707317073,1575299.9306028027,5323668.651612538,11707.731707317073,1575545.7502735422,5323579.180569393,12683.292682926829,1575202.9099601074,5322637.2345497515,12683.292682926829
1575594.26059489,5324094.889100785,12195.512195121953,11.893008793906736,1575299.9306028027,5323668.651612538,11707.731707317073,1575642.7709162377,5324610.59763218,11707.731707317073,1575888.590586977,5324521.126589033,12683.292682926829,1575545.7502735422,5323579.180569393,12683.292682926829
1575937.1009083248,5325036.835120427,12195.512195121953,11.299340837507515,1575642.7709162377,5324610.59763218,11707.731707317073,1575985.6112296726,5325552.54365182,11707.731707317073,1576231.430900412,5325463.072608674,12683.292682926829,1575888.590586977,5324521.126589033,12683.292682926829
1576279.9412217597,5325978.781140068,12195.512195121953,10.857355216441444,1575985.6112296726,5325552.54365182,11707.731707317073,1576328.4515431072,5326494.489671461,11707.731707317073,1576574.2712138467,5326405.018628315,12683.292682926829,1576231.430900412,5325463.072608674,12683.292682926829
1576622.7815351945,5326920.727159709,12195.512195121953,10.351456183646315,1576328.4515431072,5326494.489671461,11707.731707317073,1576671.291856542,5327436.4356911015,11707.731707317073,1576917.1115272816,5327346.964647956,12683.292682926829,1576574.2712138467,5326405.018628315,12683.292682926829
1576965.6218486293,5327862.673179349,12195.512195121953,11.251694059561878,1576671.291856542,5327436.4356911015,11707.731707317073,1577014.1321699768,5328378.3817107435,11707.731707317073,1577259.9518407162,5328288.910667596,12683.292682926829,1576917.1115272816,5327346.964647956,12683.292682926829
1577308.462162064,5328804.619198991,12195.512195121953,11.07652391199152,1577014.1321699768,5328378.3817107435,11707.731707317073,1577356.9724834117,5329320.327730384,11707.731707317073,1577602.792154151,5329230.856687238,12683.292682926829,1577259.9518407162,5328288.910667596,12683.292682926829
1577651.3024754988,5329746.565218631,12195.512195121953,12.540770477151442,1577356.9724834117,5329320.327730384,11707.731707317073,1577699.8127968465,5330262.273750025,11707.731707317073,1577945.6324675858,5330172.802706879,12683.292682926829,1577602.792154151,5329230.856687238,12683.292682926829
1577994.1427889334,5330688.511238271,12195.512195121953,14.657475036196864,1577699.8127968465,5330262.273750025,11707.731707317073,1578042.653110281,5331204.219769666,11707.731707317073,1578288.472781021,5331114.748726519,12683.292682926829,1577945.6324675858,5330172.802706879,12683.292682926829
1578336.9831023684,5331630.4572579125,12195.512195121953,14.293525441489413,1578042.653110281,5331204.219769666,11707.731707317073,1578385.4934237162,5332146.165789307,11707.731707317073,1578631.3130944555,5332056.69474616,12683.292682926829,1578288.472781021,5331114.748726519,12683.292682926829
1578679.8234158033,5332572.403277555,12195.512195121953,12.986258435637644,1578385.4934237162,5332146.165789307,11707.731707317073,1578728.333737151,5333088.111808947,11707.731707317073,1578974.1534078903,5332998.640765801,12683.292682926829,1578631.3130944555,5332056.69474616,12683.292682926829
1579022.663729238,5333514.349297195,12195.512195121953,13.958430607243992,1578728.333737151,5333088.111808947,11707.731707317073,1579071.1740505858,5334030.0578285875,11707.731707317073,1579316.9937213252,5333940.586785442,12683.292682926829,1578974.1534078903,5332998.640765801,12683.292682926829
1579365.504042673,5334456.295316835,12195.512195121953,14.362388916680041,1579071.1740505858,5334030.0578285875,11707.731707317073,1579414.0143640204,5334972.00384823,11707.731707317073,1579659.83403476,5334882.532805082,12683.292682926829,1579316.9937213252,5333940.586785442,12683.292682926829
1579708.3443561075,5335398.241336477,12195.512195121953,12.909462203120057,1579414.0143640204,5334972.00384823,11707.731707317073,1579756.8546774553,5335913.94986787,11707.731707317073,1580002.6743481949,5335824.4788247235,12683.292682926829,1579659.83403476,5334882.532805082,12683.292682926829
1580051.1846695424,5336340.187356117,12195.512195121953,13.182900222047806,1579756.8546774553,5335913.94986787,11707.731707317073,1580099.69499089,5336855.895887511,11707.731707317073,1580345.5146616295,5336766.424844365,12683.292682926829,1580002.6743481949,5335824.4788247235,12683.292682926829
1580394.0249829772,5337282.133375758,12195.512195121953,14.120190891524896,1580099.69499089,5336855.895887511,11707.731707317073,1580442.535304325,5337797.841907151,11707.731707317073,1580688.3549750643,5337708.370864006,12683.292682926829,1580345.5146616295,5336766.424844365,12683.292682926829
1580736.865296412,5338224.0793953985,12195.512195121953,15.536250556296192,1580442.535304325,5337797.841907151,11707.731707317073,1580785.3756177598,5338739.787926793,11707.731707317073,1581031.1952884994,5338650.316883646,12683.292682926829,1580688.3549750643,5337708.370864006,12683.292682926829
1581079.705609847,5339166.02541504,12195.512195121953,19.149014672790212,1580785.3756177598,5338739.787926793,11707.731707317073,1581128.2159311946,5339681.733946433,11707.731707317073,1581374.0356019342,5339592.262903287,12683.292682926829,1581031.1952884994,5338650.316883646,12683.292682926829
1581422.545923282,5340107.971434681,12195.512195121953,19.12094732962309,1581128.2159311946,5339681.733946433,11707.731707317073,1581471.0562446294,5340623.679966074,11707.731707317073,1581716.8759153688,5340534.208922928,12683.292682926829,1581374.0356019342,5339592.262903287,12683.292682926829
1581765.3862367165,5341049.917454322,12195.512195121953,18.789596447150046,1581471.0562446294,5340623.679966074,11707.731707317073,1581813.8965580643,5341565.625985716,11707.731707317073,1582059.7162288036,5341476.154942569,12683.292682926829,1581716.8759153688,5340534.208922928,12683.292682926829
1582108.2265501514,5341991.863473962,12195.512195121953,15.979739119472782,1581813.8965580643,5341565.625985716,11707.731707317073,1582156.736871499,5342507.572005357,11707.731707317073,1582402.5565422385,5342418.1009622095,12683.292682926829,1582059.7162288036,5341476.154942569,12683.292682926829
1582451.0668635862,5342933.809493604,12195.512195121953,19.954753218379135,1582156.736871499,5342507.572005357,11707.731707317073,1582499.5771849337,5343449.518024997,11707.731707317073,1582745.3968556733,5343360.046981852,12683.292682926829,1582402.5565422385,5342418.1009622095,12683.292682926829
1582793.907177021,5343875.755513244,12195.512195121953,20.398953481335404,1582499.5771849337,5343449.518024997,11707.731707317073,1582842.4174983685,5344391.464044638,11707.731707317073,1583088.2371691081,5344301.993001492,12683.292682926829,1582745.3968556733,5343360.046981852,12683.292682926829
1583136.7474904559,5344817.701532885,12195.512195121953,21.44912229656611,1582842.4174983685,5344391.464044638,11707.731707317073,1583185.2578118034,5345333.410064279,11707.731707317073,1583431.077482543,5345243.939021133,12683.292682926829,1583088.2371691081,5344301.993001492,12683.292682926829
1583479.5878038907,5345759.647552526,12195.512195121953,22.119073491659847,1583185.2578118034,5345333.410064279,11707.731707317073,1583528.0981252384,5346275.35608392,11707.731707317073,1583773.9177959778,5346185.885040773,12683.292682926829,1583431.077482543,5345243.939021133,12683.292682926829
1583822.4281173255,5346701.593572167,12195.512195121953,22.064877034983606,1583528.0981252384,5346275.35608392,11707.731707317073,1583870.9384386733,5347217.30210356,11707.731707317073,1584116.7581094126,5347127.831060415,12683.292682926829,1583773.9177959778,5346185.885040773,12683.292682926829
1584165.2684307601,5347643.539591808,12195.512195121953,22.438922935393325,1583870.9384386733,5347217.30210356,11707.731707317073,1584213.7787521079,5348159.248123202,11707.731707317073,1584459.5984228475,5348069.777080055,12683.292682926829,1584116.7581094126,5347127.831060415,12683.292682926829
1584508.108744195,5348585.485611449,12195.512195121953,20.617685409812513,1584213.7787521079,5348159.248123202,11707.731707317073,1584556.6190655427,5349101.194142843,11707.731707317073,1584802.4387362823,5349011.723099696,12683.292682926829,1584459.5984228475,5348069.777080055,12683.292682926829
1584850.9490576298,5349527.43163109,12195.512195121953,18.0867220693828,1584556.6190655427,5349101.194142843,11707.731707317073,1584899.4593789775,5350043.140162484,11707.731707317073,1585145.279049717,5349953.669119337,12683.292682926829,1584802.4387362823,5349011.723099696,12683.292682926829
1585193.7893710646,5350469.37765073,12195.512195121953,15.426839919859832,1584899.4593789775,5350043.140162484,11707.731707317073,1585242.2996924124,5350985.086182124,11707.731707317073,1585488.1193631517,5350895.615138978,12683.292682926829,1585145.279049717,5349953.669119337,12683.292682926829
1585536.6296844995,5351411.323670371,12195.512195121953,16.522878527397364,1585242.2996924124,5350985.086182124,11707.731707317073,1585585.1400058472,5351927.032201765,11707.731707317073,1585830.9596765866,5351837.561158619,12683.292682926829,1585488.1193631517,5350895.615138978,12683.292682926829
1585879.4699979343,5352353.269690013,12195.512195121953,18.256349876719554,1585585.1400058472,5351927.032201765,11707.731707317073,1585927.9803192818,5352868.978221406,11707.731707317073,1586173.7999900216,5352779.507178259,12683.292682926829,1585830.9596765866,5351837.561158619,12683.292682926829
1586222.3103113694,5353295.215709654,12195.512195121953,18.52936263442241,1585927.9803192818,5352868.978221406,11707.731707317073,1586270.8206327169,5353810.924241046,11707.731707317073,1586516.6403034565,5353721.453197901,12683.292682926829,1586173.7999900216,5352779.507178259,12683.292682926829
1586565.150624804,5354237.161729294,12195.512195121953,17.81542065014213,1586270.8206327169,5353810.924241046,11707.731707317073,1586613.6609461517,5354752.870260688,11707.731707317073,1586859.480616891,5354663.399217541,12683.292682926829,1586516.6403034565,5353721.453197901,12683.292682926829
1586907.9909382388,5355179.107748934,12195.512195121953,17.752390627941885,1586613.6609461517,5354752.870260688,11707.731707317073,1586956.5012595865,5355694.816280329,11707.731707317073,1587202.320930326,5355605.345237182,12683.292682926829,1586859.480616891,5354663.399217541,12683.292682926829
1587250.8312516736,5356121.053768575,12195.512195121953,16.245132463916647,1586956.5012595865,5355694.816280329,11707.731707317073,1587299.3415730211,5356636.76229997,11707.731707317073,1587545.1612437607,5356547.291256823,12683.292682926829,1587202.320930326,5355605.345237182,12683.292682926829
1587593.6715651085,5357062.999788217,12195.512195121953,12.58910665060052,1587299.3415730211,5356636.76229997,11707.731707317073,1587642.181886456,5357578.70831961,11707.731707317073,1587888.0015571956,5357489.237276465,12683.292682926829,1587545.1612437607,5356547.291256823,12683.292682926829
1587936.511878543,5358004.945807857,12195.512195121953,10.182227348133384,1587642.181886456,5357578.70831961,11707.731707317073,1587985.0221998908,5358520.654339251,11707.731707317073,1588230.8418706302,5358431.183296105,12683.292682926829,1587888.0015571956,5357489.237276465,12683.292682926829
1588279.352191978,5358946.891827499,12195.512195121953,9.908048493615016,1587985.0221998908,5358520.654339251,11707.731707317073,1588327.8625133256,5359462.600358892,11707.731707317073,1588573.682184065,5359373.129315746,12683.292682926829,1588230.8418706302,5358431.183296105,12683.292682926829
1588622.1925054127,5359888.83784714,12195.512195121953,10.174870702707492,1588327.8625133256,5359462.600358892,11707.731707317073,1588670.7028267605,5360404.546378533,11707.731707317073,1588916.5224975,5360315.075335386,12683.292682926829,1588573.682184065,5359373.129315746,12683.292682926829
1588965.0328188478,5360830.783866781,12195.512195121953,9.972501451904701,1588670.7028267605,5360404.546378533,11707.731707317073,1589013.5431401953,5361346.492398174,11707.731707317073,1589259.362810935,5361257.021355028,12683.292682926829,1588916.5224975,5360315.075335386,12683.292682926829
1589307.8731322826,5361772.729886421,12195.512195121953,8.830291674478067,1589013.5431401953,5361346.492398174,11707.731707317073,1589356.3834536301,5362288.438417815,11707.731707317073,1589602.2031243695,5362198.967374668,12683.292682926829,1589259.362810935,5361257.021355028,12683.292682926829
1589650.7134457172,5362714.675906061,12195.512195121953,8.820437246054897,1589356.3834536301,5362288.438417815,11707.731707317073,1589699.223767065,5363230.384437456,11707.731707317073,1589945.0434378043,5363140.91339431,12683.292682926829,1589602.2031243695,5362198.967374668,12683.292682926829
1589993.553759152,5363656.621925703,12195.512195121953,9.124643868730857,1589699.223767065,5363230.384437456,11707.731707317073,1590042.0640804998,5364172.330457097,11707.731707317073,1590287.8837512392,5364082.859413951,12683.292682926829,1589945.0434378043,5363140.91339431,12683.292682926829
1590336.3940725867,5364598.567945344,12195.512195121953,8.575169643959372,1590042.0640804998,5364172.330457097,11707.731707317073,1590384.9043939344,5365114.276476737,11707.731707317073,1590630.724064674,5365024.805433592,12683.292682926829,1590287.8837512392,5364082.859413951,12683.292682926829
1590679.2343860215,5365540.513964985,12195.512195121953,8.298583832469523,1590384.9043939344,5365114.276476737,11707.731707317073,1590727.7447073692,5366056.222496379,11707.731707317073,1590973.5643781088,5365966.751453232,12683.292682926829,1590630.724064674,5365024.805433592,12683.292682926829
1591022.0746994563,5366482.459984625,12195.512195121953,8.496969231967315,1590727.7447073692,5366056.222496379,11707.731707317073,1591070.585020804,5366998.168516019,11707.731707317073,1591316.4046915434,5366908.697472872,12683.292682926829,1590973.5643781088,5365966.751453232,12683.292682926829
1591364.9150128914,5367424.406004267,12195.512195121953,9.482798814111991,1591070.585020804,5366998.168516019,11707.731707317073,1591413.4253342391,5367940.1145356605,11707.731707317073,1591659.2450049785,5367850.643492514,12683.292682926829,1591316.4046915434,5366908.697472872,12683.292682926829
1591707.7553263262,5368366.352023908,12195.512195121953,9.184471343719373,1591413.4253342391,5367940.1145356605,11707.731707317073,1591756.2656476737,5368882.060555301,11707.731707317073,1592002.0853184133,5368792.589512154,12683.292682926829,1591659.2450049785,5367850.643492514,12683.292682926829
1592050.5956397608,5369308.298043548,12195.512195121953,9.348421843053664,1591756.2656476737,5368882.060555301,11707.731707317073,1592099.1059611086,5369824.006574942,11707.731707317073,1592344.9256318482,5369734.535531796,12683.292682926829,1592002.0853184133,5368792.589512154,12683.292682926829
1592393.4359531957,5370250.244063189,12195.512195121953,9.08085966322631,1592099.1059611086,5369824.006574942,11707.731707317073,1592441.9462745434,5370765.952594583,11707.731707317073,1592687.7659452828,5370676.481551436,12683.292682926829,1592344.9256318482,5369734.535531796,12683.292682926829
1592736.2762666305,5371192.190082829,12195.512195121953,8.531569452768133,1592441.9462745434,5370765.952594583,11707.731707317073,1592784.7865879782,5371707.898614223,11707.731707317073,1593030.6062587176,5371618.427571078,12683.292682926829,1592687.7659452828,5370676.481551436,12683.292682926829
1593079.1165800653,5372134.136102471,12195.512195121953,6.814042816184232,1592784.7865879782,5371707.898614223,11707.731707317073,1593127.6269014128,5372649.844633864,11707.731707317073,1593373.4465721524,5372560.373590718,12683.292682926829,1593030.6062587176,5371618.427571078,12683.292682926829
1593421.9568935002,5373076.082122112,12195.512195121953,5.788617009557247,1593127.6269014128,5372649.844633864,11707.731707317073,1593470.4672148477,5373591.790653505,11707.731707317073,1593716.2868855873,5373502.319610359,12683.292682926829,1593373.4465721524,5372560.373590718,12683.292682926829
1593764.797206935,5374018.028141753,12195.512195121953,4.537093737334949,1593470.4672148477,5373591.790653505,11707.731707317073,1593813.3075282825,5374533.7366731465,11707.731707317073,1594059.127199022,5374444.265629999,12683.292682926829,1593716.2868855873,5373502.319610359,12683.292682926829
1594107.6375203698,5374959.974161394,12195.512195121953,3.5010652689170785,1593813.3075282825,5374533.7366731465,11707.731707317073,1594156.1478417176,5375475.682692787,11707.731707317073,1594401.967512457,5375386.211649641,12683.292682926829,1594059.127199022,5374444.265629999,12683.292682926829
1594450.4778338047,5375901.920181034,12195.512195121953,2.4092550697829607,1594156.1478417176,5375475.682692787,11707.731707317073,1594498.9881551524,5376417.628712429,11707.731707317073,1594744.8078258918,5376328.157669282,12683.292682926829,1594401.967512457,5375386.211649641,12683.292682926829
1594793.3181472395,5376843.866200675,12195.512195121953,1.9567101607647996,1594498.9881551524,5376417.628712429,11707.731707317073,1594841.828468587,5377359.574732069,11707.731707317073,1595087.6481393266,5377270.103688923,12683.292682926829,1594744.8078258918,5376328.157669282,12683.292682926829
1595136.1584606743,5377785.812220316,12195.512195121953,1.478182020953744,1594841.828468587,5377359.574732069,11707.731707317073,1595184.6687820219,5378301.52075171,11707.731707317073,1595430.4884527614,5378212.049708564,12683.292682926829,1595087.6481393266,5377270.103688923,12683.292682926829
1595478.9987741092,5378727.758239957,12195.512195121953,1.0925036190493647,1595184.6687820219,5378301.52075171,11707.731707317073,1595527.5090954567,5379243.46677135,11707.731707317073,1595773.3287661963,5379153.995728205,12683.292682926829,1595430.4884527614,5378212.049708564,12683.292682926829
1595821.839087544,5379669.704259598,12195.512195121953,0.9891595259487641,1595527.5090954567,5379243.46677135,11707.731707317073,1595870.3494088915,5380185.412790992,11707.731707317073,1596116.1690796309,5380095.941747845,12683.292682926829,1595773.3287661963,5379153.995728205,12683.292682926829
1596164.6794009786,5380611.650279239,12195.512195121953,1.1158398992782619,1595870.3494088915,5380185.412790992,11707.731707317073,1596213.1897223264,5381127.3588106325,11707.731707317073,1596459.0093930657,5381037.887767486,12683.292682926829,1596116.1690796309,5380095.941747845,12683.292682926829
1596507.5197144132,5381553.59629888,12195.512195121953,1.2947841438906644,1596213.1897223264,5381127.3588106325,11707.731707317073,1596556.0300357612,5382069.304830274,11707.731707317073,1596801.8497065008,5381979.833787127,12683.292682926829,1596459.0093930657,5381037.887767486,12683.292682926829
1596850.3600278483,5382495.542318521,12195.512195121953,1.640022808697695,1596556.0300357612,5382069.304830274,11707.731707317073,1596898.870349196,5383011.250849914,11707.731707317073,1597144.6900199356,5382921.7798067685,12683.292682926829,1596801.8497065008,5381979.833787127,12683.292682926829
1545327.2923699312,5240172.222309601,13171.073170731708,1.6536785134530787,1545032.962377844,5239745.984821353,12683.292682926829,1545375.8026912787,5240687.930840994,12683.292682926829,1545621.622362018,5240598.459797848,13658.853658536585,1545278.7820485835,5239656.513778207,13658.853658536585
1545670.1326833658,5241114.168329242,13171.073170731708,1.283794489323127,1545375.8026912787,5240687.930840994,12683.292682926829,1545718.6430047136,5241629.876860634,12683.292682926829,1545964.462675453,5241540.405817489,13658.853658536585,1545621.622362018,5240598.459797848,13658.853658536585
1546012.9729968007,5242056.114348882,13171.073170731708,1.2241807332914556,1545718.6430047136,5241629.876860634,12683.292682926829,1546061.4833181482,5242571.8228802765,12683.292682926829,1546307.3029888878,5242482.351837129,13658.853658536585,1545964.462675453,5241540.405817489,13658.853658536585
1546355.8133102355,5242998.060368524,13171.073170731708,1.3640598622068993,1546061.4833181482,5242571.8228802765,12683.292682926829,1546404.323631583,5243513.768899917,12683.292682926829,1546650.1433023226,5243424.29785677,13658.853658536585,1546307.3029888878,5242482.351837129,13658.853658536585
1546698.6536236703,5243940.006388164,13171.073170731708,1.7201049392063494,1546404.323631583,5243513.768899917,12683.292682926829,1546747.163945018,5244455.714919558,12683.292682926829,1546992.9836157574,5244366.243876412,13658.853658536585,1546650.1433023226,5243424.29785677,13658.853658536585
1547041.4939371052,5244881.952407804,13171.073170731708,1.8698340246339027,1546747.163945018,5244455.714919558,12683.292682926829,1547090.004258453,5245397.660939198,12683.292682926829,1547335.8239291923,5245308.189896053,13658.853658536585,1546992.9836157574,5244366.243876412,13658.853658536585
1547384.3342505398,5245823.898427445,13171.073170731708,1.7893714915272472,1547090.004258453,5245397.660939198,12683.292682926829,1547432.8445718875,5246339.60695884,12683.292682926829,1547678.664242627,5246250.135915693,13658.853658536585,1547335.8239291923,5245308.189896053,13658.853658536585
1547727.1745639746,5246765.8444470875,13171.073170731708,2.1913300343560995,1547432.8445718875,5246339.60695884,12683.292682926829,1547775.6848853223,5247281.55297848,12683.292682926829,1548021.504556062,5247192.081935334,13658.853658536585,1547678.664242627,5246250.135915693,13658.853658536585
1548070.0148774094,5247707.790466728,13171.073170731708,2.537973652297212,1547775.6848853223,5247281.55297848,12683.292682926829,1548118.5251987572,5248223.498998121,12683.292682926829,1548364.3448694965,5248134.027954975,13658.853658536585,1548021.504556062,5247192.081935334,13658.853658536585
1548412.8551908443,5248649.736486368,13171.073170731708,2.56800167601031,1548118.5251987572,5248223.498998121,12683.292682926829,1548461.365512192,5249165.4450177625,12683.292682926829,1548707.1851829314,5249075.973974615,13658.853658536585,1548364.3448694965,5248134.027954975,13658.853658536585
1548755.695504279,5249591.682506009,13171.073170731708,2.3272927697214194,1548461.365512192,5249165.4450177625,12683.292682926829,1548804.2058256269,5250107.391037403,12683.292682926829,1549050.0254963662,5250017.919994256,13658.853658536585,1548707.1851829314,5249075.973974615,13658.853658536585
1549098.535817714,5250533.62852565,13171.073170731708,2.645883090432508,1548804.2058256269,5250107.391037403,12683.292682926829,1549147.0461390615,5251049.337057044,12683.292682926829,1549392.865809801,5250959.866013898,13658.853658536585,1549050.0254963662,5250017.919994256,13658.853658536585
1549441.376131149,5251475.574545291,13171.073170731708,3.589789978351634,1549147.0461390615,5251049.337057044,12683.292682926829,1549489.8864524965,5251991.283076684,12683.292682926829,1549735.706123236,5251901.812033539,13658.853658536585,1549392.865809801,5250959.866013898,13658.853658536585
1549784.2164445836,5252417.520564931,13171.073170731708,3.9486559584006926,1549489.8864524965,5251991.283076684,12683.292682926829,1549832.7267659314,5252933.229096326,12683.292682926829,1550078.5464366707,5252843.758053179,13658.853658536585,1549735.706123236,5251901.812033539,13658.853658536585
1550127.0567580184,5253359.466584573,13171.073170731708,2.872638498292813,1549832.7267659314,5252933.229096326,12683.292682926829,1550175.5670793662,5253875.175115966,12683.292682926829,1550421.3867501055,5253785.70407282,13658.853658536585,1550078.5464366707,5252843.758053179,13658.853658536585
1550469.8970714533,5254301.412604214,13171.073170731708,2.0597757878755063,1550175.5670793662,5253875.175115966,12683.292682926829,1550518.4073928008,5254817.121135607,12683.292682926829,1550764.2270635404,5254727.650092461,13658.853658536585,1550421.3867501055,5253785.70407282,13658.853658536585
1550812.737384888,5255243.358623855,13171.073170731708,2.2237119716748777,1550518.4073928008,5254817.121135607,12683.292682926829,1550861.2477062359,5255759.0671552485,12683.292682926829,1551107.0673769752,5255669.596112102,13658.853658536585,1550764.2270635404,5254727.650092461,13658.853658536585
1551155.577698323,5256185.304643495,13171.073170731708,1.9587461799713217,1550861.2477062359,5255759.0671552485,12683.292682926829,1551204.0880196705,5256701.01317489,12683.292682926829,1551449.90769041,5256611.542131742,13658.853658536585,1551107.0673769752,5255669.596112102,13658.853658536585
1551498.4180117575,5257127.250663137,13171.073170731708,2.206793136965878,1551204.0880196705,5256701.01317489,12683.292682926829,1551546.9283331053,5257642.95919453,12683.292682926829,1551792.7480038446,5257553.488151384,13658.853658536585,1551449.90769041,5256611.542131742,13658.853658536585
1551841.2583251924,5258069.196682777,13171.073170731708,2.52553478848718,1551546.9283331053,5257642.95919453,12683.292682926829,1551889.7686465401,5258584.905214171,12683.292682926829,1552135.5883172797,5258495.434171025,13658.853658536585,1551792.7480038446,5257553.488151384,13658.853658536585
1552184.0986386274,5259011.142702418,13171.073170731708,2.7825572927305804,1551889.7686465401,5258584.905214171,12683.292682926829,1552232.6089599752,5259526.851233812,12683.292682926829,1552478.4286307145,5259437.380190666,13658.853658536585,1552135.5883172797,5258495.434171025,13658.853658536585
1552526.9389520623,5259953.088722059,13171.073170731708,3.4716766394775593,1552232.6089599752,5259526.851233812,12683.292682926829,1552575.4492734098,5260468.797253453,12683.292682926829,1552821.2689441494,5260379.326210306,13658.853658536585,1552478.4286307145,5259437.380190666,13658.853658536585
1552869.779265497,5260895.0347417,13171.073170731708,3.1741150448463333,1552575.4492734098,5260468.797253453,12683.292682926829,1552918.2895868446,5261410.743273093,12683.292682926829,1553164.1092575842,5261321.272229948,13658.853658536585,1552821.2689441494,5260379.326210306,13658.853658536585
1553212.619578932,5261836.980761341,13171.073170731708,2.4215518050044773,1552918.2895868446,5261410.743273093,12683.292682926829,1553261.1299002795,5262352.6892927345,12683.292682926829,1553506.9495710188,5262263.218249588,13658.853658536585,1553164.1092575842,5261321.272229948,13658.853658536585
1553555.4598923665,5262778.926780982,13171.073170731708,2.5019818885809917,1553261.1299002795,5262352.6892927345,12683.292682926829,1553603.9702137143,5263294.635312376,12683.292682926829,1553849.7898844536,5263205.164269229,13658.853658536585,1553506.9495710188,5262263.218249588,13658.853658536585
1553898.3002058011,5263720.872800622,13171.073170731708,2.942061083231331,1553603.9702137143,5263294.635312376,12683.292682926829,1553946.810527149,5264236.581332017,12683.292682926829,1554192.6301978885,5264147.11028887,13658.853658536585,1553849.7898844536,5263205.164269229,13658.853658536585
1554241.140519236,5264662.818820264,13171.073170731708,3.3132528996975683,1553946.810527149,5264236.581332017,12683.292682926829,1554289.6508405837,5265178.527351657,12683.292682926829,1554535.4705113233,5265089.056308512,13658.853658536585,1554192.6301978885,5264147.11028887,13658.853658536585
1554583.9808326708,5265604.764839904,13171.073170731708,3.76894290821741,1554289.6508405837,5265178.527351657,12683.292682926829,1554632.4911540188,5266120.473371298,12683.292682926829,1554878.3108247581,5266031.002328152,13658.853658536585,1554535.4705113233,5265089.056308512,13658.853658536585
1554926.8211461059,5266546.7108595455,13171.073170731708,4.82490697920102,1554632.4911540188,5266120.473371298,12683.292682926829,1554975.3314674536,5267062.419390939,12683.292682926829,1555221.151138193,5266972.948347793,13658.853658536585,1554878.3108247581,5266031.002328152,13658.853658536585
1555269.6614595407,5267488.656879187,13171.073170731708,4.852444540201346,1554975.3314674536,5267062.419390939,12683.292682926829,1555318.1717808885,5268004.36541058,12683.292682926829,1555563.9914516278,5267914.894367433,13658.853658536585,1555221.151138193,5266972.948347793,13658.853658536585
1555612.5017729755,5268430.602898827,13171.073170731708,5.274427102080158,1555318.1717808885,5268004.36541058,12683.292682926829,1555661.012094323,5268946.3114302205,12683.292682926829,1555906.8317650626,5268856.840387074,13658.853658536585,1555563.9914516278,5267914.894367433,13658.853658536585
1555955.3420864101,5269372.548918468,13171.073170731708,6.1241998417369,1555661.012094323,5268946.3114302205,12683.292682926829,1556003.852407758,5269888.257449862,12683.292682926829,1556249.6720784972,5269798.786406715,13658.853658536585,1555906.8317650626,5268856.840387074,13658.853658536585
1556298.182399845,5270314.494938109,13171.073170731708,6.500663371571539,1556003.852407758,5269888.257449862,12683.292682926829,1556346.6927211927,5270830.203469503,12683.292682926829,1556592.512391932,5270740.732426356,13658.853658536585,1556249.6720784972,5269798.786406715,13658.853658536585
1556641.0227132798,5271256.44095775,13171.073170731708,6.711601401427691,1556346.6927211927,5270830.203469503,12683.292682926829,1556689.5330346276,5271772.149489143,12683.292682926829,1556935.352705367,5271682.678445998,13658.853658536585,1556592.512391932,5270740.732426356,13658.853658536585
1556983.8630267147,5272198.38697739,13171.073170731708,9.249516327407003,1556689.5330346276,5271772.149489143,12683.292682926829,1557032.3733480622,5272714.095508784,12683.292682926829,1557278.1930188017,5272624.624465638,13658.853658536585,1556935.352705367,5271682.678445998,13658.853658536585
1557326.7033401497,5273140.3329970315,13171.073170731708,9.996367585232452,1557032.3733480622,5272714.095508784,12683.292682926829,1557375.2136614972,5273656.041528425,12683.292682926829,1557621.0333322368,5273566.570485279,13658.853658536585,1557278.1930188017,5272624.624465638,13658.853658536585
1557669.5436535846,5274082.279016672,13171.073170731708,10.342810674068634,1557375.2136614972,5273656.041528425,12683.292682926829,1557718.053974932,5274597.987548066,12683.292682926829,1557963.8736456714,5274508.516504919,13658.853658536585,1557621.0333322368,5273566.570485279,13658.853658536585
1558012.3839670192,5275024.225036314,13171.073170731708,11.056493600210612,1557718.053974932,5274597.987548066,12683.292682926829,1558060.894288367,5275539.9335677065,12683.292682926829,1558306.7139591062,5275450.462524561,13658.853658536585,1557963.8736456714,5274508.516504919,13658.853658536585
1558355.224280454,5275966.171055954,13171.073170731708,8.792386247469489,1558060.894288367,5275539.9335677065,12683.292682926829,1558403.7346018015,5276481.879587348,12683.292682926829,1558649.554272541,5276392.408544201,13658.853658536585,1558306.7139591062,5275450.462524561,13658.853658536585
1558698.0645938888,5276908.117075594,13171.073170731708,7.453421078776374,1558403.7346018015,5276481.879587348,12683.292682926829,1558746.5749152363,5277423.825606989,12683.292682926829,1558992.394585976,5277334.3545638425,13658.853658536585,1558649.554272541,5276392.408544201,13658.853658536585
1559040.9049073237,5277850.063095236,13171.073170731708,6.659521568673551,1558746.5749152363,5277423.825606989,12683.292682926829,1559089.4152286712,5278365.77162663,12683.292682926829,1559335.2348994105,5278276.300583483,13658.853658536585,1558992.394585976,5277334.3545638425,13658.853658536585
1559383.7452207583,5278792.009114877,13171.073170731708,6.365831716272136,1559089.4152286712,5278365.77162663,12683.292682926829,1559432.255542106,5279307.71764627,12683.292682926829,1559678.0752128453,5279218.246603125,13658.853658536585,1559335.2348994105,5278276.300583483,13658.853658536585
1559726.585534193,5279733.9551345175,13171.073170731708,7.189008031699015,1559432.255542106,5279307.71764627,12683.292682926829,1559775.0958555408,5280249.663665911,12683.292682926829,1560020.9155262804,5280160.192622765,13658.853658536585,1559678.0752128453,5279218.246603125,13658.853658536585
1560069.425847628,5280675.901154159,13171.073170731708,8.662625503246556,1559775.0958555408,5280249.663665911,12683.292682926829,1560117.9361689757,5281191.609685552,12683.292682926829,1560363.7558397152,5281102.138642406,13658.853658536585,1560020.9155262804,5280160.192622765,13658.853658536585
1560412.2661610628,5281617.8471738,13171.073170731708,9.798424769754579,1560117.9361689757,5281191.609685552,12683.292682926829,1560460.7764824105,5282133.555705193,12683.292682926829,1560706.5961531498,5282044.084662047,13658.853658536585,1560363.7558397152,5281102.138642406,13658.853658536585
1560755.1064744976,5282559.793193441,13171.073170731708,10.79284442217725,1560460.7764824105,5282133.555705193,12683.292682926829,1560803.6167958453,5283075.501724834,12683.292682926829,1561049.4364665847,5282986.030681688,13658.853658536585,1560706.5961531498,5282044.084662047,13658.853658536585
1561097.9467879324,5283501.739213081,13171.073170731708,10.029914769812716,1560803.6167958453,5283075.501724834,12683.292682926829,1561146.4571092802,5284017.447744476,12683.292682926829,1561392.2767800195,5283927.9767013285,13658.853658536585,1561049.4364665847,5282986.030681688,13658.853658536585
1561440.7871013673,5284443.685232721,13171.073170731708,9.684383568809615,1561146.4571092802,5284017.447744476,12683.292682926829,1561489.297422715,5284959.393764116,12683.292682926829,1561735.1170934543,5284869.92272097,13658.853658536585,1561392.2767800195,5283927.9767013285,13658.853658536585
1561783.627414802,5285385.631252363,13171.073170731708,10.456860851502798,1561489.297422715,5284959.393764116,12683.292682926829,1561832.1377361496,5285901.339783757,12683.292682926829,1562077.9574068892,5285811.868740611,13658.853658536585,1561735.1170934543,5284869.92272097,13658.853658536585
1562126.467728237,5286327.577272004,13171.073170731708,10.884535068421885,1561832.1377361496,5285901.339783757,12683.292682926829,1562174.9780495844,5286843.285803397,12683.292682926829,1562420.797720324,5286753.814760252,13658.853658536585,1562077.9574068892,5285811.868740611,13658.853658536585
1562469.3080416715,5287269.523291645,13171.073170731708,9.284711026421844,1562174.9780495844,5286843.285803397,12683.292682926829,1562517.8183630195,5287785.231823039,12683.292682926829,1562763.6380337588,5287695.760779892,13658.853658536585,1562420.797720324,5286753.814760252,13658.853658536585
1562812.1483551066,5288211.469311287,13171.073170731708,8.66092463976074,1562517.8183630195,5287785.231823039,12683.292682926829,1562860.6586764543,5288727.177842679,12683.292682926829,1563106.4783471937,5288637.706799533,13658.853658536585,1562763.6380337588,5287695.760779892,13658.853658536585
1563154.9886685414,5289153.415330927,13171.073170731708,7.182348554474185,1562860.6586764543,5288727.177842679,12683.292682926829,1563203.4989898892,5289669.123862321,12683.292682926829,1563449.3186606285,5289579.652819174,13658.853658536585,1563106.4783471937,5288637.706799533,13658.853658536585
1563497.8289819763,5290095.361350568,13171.073170731708,7.729653081172399,1563203.4989898892,5289669.123862321,12683.292682926829,1563546.3393033238,5290611.069881961,12683.292682926829,1563792.1589740633,5290521.5988388145,13658.853658536585,1563449.3186606285,5289579.652819174,13658.853658536585
1563840.669295411,5291037.307370208,13171.073170731708,8.518777081368183,1563546.3393033238,5290611.069881961,12683.292682926829,1563889.1796167586,5291553.015901603,12683.292682926829,1564134.9992874982,5291463.544858456,13658.853658536585,1563792.1589740633,5290521.5988388145,13658.853658536585
1564183.5096088457,5291979.253389849,13171.073170731708,7.652809872217413,1563889.1796167586,5291553.015901603,12683.292682926829,1564232.0199301934,5292494.961921243,12683.292682926829,1564477.8396009328,5292405.490878096,13658.853658536585,1564134.9992874982,5291463.544858456,13658.853658536585
1564526.3499222805,5292921.1994094895,13171.073170731708,7.47881804362225,1564232.0199301934,5292494.961921243,12683.292682926829,1564574.8602436283,5293436.907940883,12683.292682926829,1564820.6799143676,5293347.436897738,13658.853658536585,1564477.8396009328,5292405.490878096,13658.853658536585
1564869.1902357154,5293863.145429131,13171.073170731708,9.28214633344641,1564574.8602436283,5293436.907940883,12683.292682926829,1564917.7005570629,5294378.853960525,12683.292682926829,1565163.5202278025,5294289.382917378,13658.853658536585,1564820.6799143676,5293347.436897738,13658.853658536585
1565212.0305491504,5294805.091448772,13171.073170731708,12.007718511498293,1564917.7005570629,5294378.853960525,12683.292682926829,1565260.540870498,5295320.799980165,12683.292682926829,1565506.3605412375,5295231.328937019,13658.853658536585,1565163.5202278025,5294289.382917378,13658.853658536585
1565554.8708625853,5295747.037468413,13171.073170731708,13.957353569658668,1565260.540870498,5295320.799980165,12683.292682926829,1565603.3811839328,5296262.745999807,12683.292682926829,1565849.2008546721,5296173.27495666,13658.853658536585,1565506.3605412375,5295231.328937019,13658.853658536585
1565897.7111760199,5296688.983488054,13171.073170731708,14.21195247222783,1565603.3811839328,5296262.745999807,12683.292682926829,1565946.2214973676,5297204.692019447,12683.292682926829,1566192.041168107,5297115.2209763015,13658.853658536585,1565849.2008546721,5296173.27495666,13658.853658536585
1566240.5514894545,5297630.929507694,13171.073170731708,18.631801950030287,1565946.2214973676,5297204.692019447,12683.292682926829,1566289.0618108022,5298146.638039089,12683.292682926829,1566534.8814815418,5298057.166995942,13658.853658536585,1566192.041168107,5297115.2209763015,13658.853658536585
1566583.3918028893,5298572.875527335,13171.073170731708,19.359010180458984,1566289.0618108022,5298146.638039089,12683.292682926829,1566631.902124237,5299088.584058729,12683.292682926829,1566877.7217949766,5298999.113015583,13658.853658536585,1566534.8814815418,5298057.166995942,13658.853658536585
1566926.2321163241,5299514.821546976,13171.073170731708,19.58006252446046,1566631.902124237,5299088.584058729,12683.292682926829,1566974.7424376719,5300030.53007837,12683.292682926829,1567220.5621084112,5299941.059035224,13658.853658536585,1566877.7217949766,5298999.113015583,13658.853658536585
1567269.072429759,5300456.767566617,13171.073170731708,19.53004968435359,1566974.7424376719,5300030.53007837,12683.292682926829,1567317.5827511067,5300972.47609801,12683.292682926829,1567563.402421846,5300883.005054865,13658.853658536585,1567220.5621084112,5299941.059035224,13658.853658536585
1567611.9127431938,5301398.713586258,13171.073170731708,17.927931917634528,1567317.5827511067,5300972.47609801,12683.292682926829,1567660.4230645415,5301914.422117652,12683.292682926829,1567906.2427352811,5301824.951074505,13658.853658536585,1567563.402421846,5300883.005054865,13658.853658536585
1567954.7530566289,5302340.6596059,13171.073170731708,15.956072528121766,1567660.4230645415,5301914.422117652,12683.292682926829,1568003.2633779764,5302856.368137293,12683.292682926829,1568249.083048716,5302766.897094146,13658.853658536585,1567906.2427352811,5301824.951074505,13658.853658536585
1568297.5933700635,5303282.60562554,13171.073170731708,14.916766125813178,1568003.2633779764,5302856.368137293,12683.292682926829,1568346.1036914112,5303798.314156934,12683.292682926829,1568591.9233621508,5303708.8431137875,13658.853658536585,1568249.083048716,5302766.897094146,13658.853658536585
1568640.4336834983,5304224.551645181,13171.073170731708,13.577111032141417,1568346.1036914112,5303798.314156934,12683.292682926829,1568688.944004846,5304740.260176574,12683.292682926829,1568934.7636755854,5304650.789133429,13658.853658536585,1568591.9233621508,5303708.8431137875,13658.853658536585
1568983.2739969331,5305166.497664821,13171.073170731708,12.732790981401507,1568688.944004846,5304740.260176574,12683.292682926829,1569031.7843182809,5305682.206196216,12683.292682926829,1569277.6039890202,5305592.735153069,13658.853658536585,1568934.7636755854,5304650.789133429,13658.853658536585
1569326.114310368,5306108.443684463,13171.073170731708,13.087579532459653,1569031.7843182809,5305682.206196216,12683.292682926829,1569374.6246317155,5306624.152215856,12683.292682926829,1569620.444302455,5306534.68117271,13658.853658536585,1569277.6039890202,5305592.735153069,13658.853658536585
1569668.9546238028,5307050.389704104,13171.073170731708,12.214134714232268,1569374.6246317155,5306624.152215856,12683.292682926829,1569717.4649451503,5307566.098235496,12683.292682926829,1569963.28461589,5307476.627192351,13658.853658536585,1569620.444302455,5306534.68117271,13658.853658536585
1570011.7949372376,5307992.335723744,13171.073170731708,12.238746226619183,1569717.4649451503,5307566.098235496,12683.292682926829,1570060.3052585851,5308508.044255138,12683.292682926829,1570306.1249293245,5308418.573211991,13658.853658536585,1569963.28461589,5307476.627192351,13658.853658536585
1570354.6352506722,5308934.281743384,13171.073170731708,12.979549840581964,1570060.3052585851,5308508.044255138,12683.292682926829,1570403.1455720202,5309449.990274779,12683.292682926829,1570648.9652427596,5309360.519231632,13658.853658536585,1570306.1249293245,5308418.573211991,13658.853658536585
1570697.4755641073,5309876.227763026,13171.073170731708,12.128306574628366,1570403.1455720202,5309449.990274779,12683.292682926829,1570745.9858854548,5310391.93629442,12683.292682926829,1570991.8055561944,5310302.4652512735,13658.853658536585,1570648.9652427596,5309360.519231632,13658.853658536585
1571040.3158775421,5310818.173782667,13171.073170731708,13.959039187384633,1570745.9858854548,5310391.93629442,12683.292682926829,1571088.8261988896,5311333.88231406,12683.292682926829,1571334.6458696292,5311244.411270915,13658.853658536585,1570991.8055561944,5310302.4652512735,13658.853658536585
1571383.156190977,5311760.119802307,13171.073170731708,13.400421830184216,1571088.8261988896,5311333.88231406,12683.292682926829,1571431.6665123245,5312275.828333702,12683.292682926829,1571677.4861830638,5312186.357290555,13658.853658536585,1571334.6458696292,5311244.411270915,13658.853658536585
1571725.9965044116,5312702.065821949,13171.073170731708,11.76259603351354,1571431.6665123245,5312275.828333702,12683.292682926829,1571774.5068257593,5313217.774353342,12683.292682926829,1572020.3264964987,5313128.303310196,13658.853658536585,1571677.4861830638,5312186.357290555,13658.853658536585
1572068.8368178464,5313644.01184159,13171.073170731708,12.0554243377871,1571774.5068257593,5313217.774353342,12683.292682926829,1572117.3471391941,5314159.720372983,12683.292682926829,1572363.1668099335,5314070.249329837,13658.853658536585,1572020.3264964987,5313128.303310196,13658.853658536585
1572411.677131281,5314585.957861231,13171.073170731708,12.836945004357856,1572117.3471391941,5314159.720372983,12683.292682926829,1572460.1874526287,5315101.666392623,12683.292682926829,1572706.0071233683,5315012.195349478,13658.853658536585,1572363.1668099335,5314070.249329837,13658.853658536585
1572754.5174447158,5315527.903880871,13171.073170731708,13.233599608021148,1572460.1874526287,5315101.666392623,12683.292682926829,1572803.0277660636,5316043.6124122655,12683.292682926829,1573048.847436803,5315954.141369118,13658.853658536585,1572706.0071233683,5315012.195349478,13658.853658536585
1573097.357758151,5316469.849900512,13171.073170731708,14.386481152219925,1572803.0277660636,5316043.6124122655,12683.292682926829,1573145.8680794986,5316985.558431906,12683.292682926829,1573391.6877502382,5316896.08738876,13658.853658536585,1573048.847436803,5315954.141369118,13658.853658536585
1573440.1980715857,5317411.795920153,13171.073170731708,16.12888981549672,1573145.8680794986,5316985.558431906,12683.292682926829,1573488.7083929335,5317927.504451547,12683.292682926829,1573734.5280636728,5317838.033408401,13658.853658536585,1573391.6877502382,5316896.08738876,13658.853658536585
1573783.0383850206,5318353.741939794,13171.073170731708,18.48925674486859,1573488.7083929335,5317927.504451547,12683.292682926829,1573831.5487063683,5318869.450471188,12683.292682926829,1574077.3683771077,5318779.979428042,13658.853658536585,1573734.5280636728,5317838.033408401,13658.853658536585
1574125.8786984554,5319295.687959434,13171.073170731708,20.322265875293787,1573831.5487063683,5318869.450471188,12683.292682926829,1574174.3890198031,5319811.396490829,12683.292682926829,1574420.2086905425,5319721.925447682,13658.853658536585,1574077.3683771077,5318779.979428042,13658.853658536585
1574468.7190118902,5320237.6339790765,13171.073170731708,21.69950295449161,1574174.3890198031,5319811.396490829,12683.292682926829,1574517.2293332377,5320753.342510469,12683.292682926829,1574763.0490039773,5320663.871467324,13658.853658536585,1574420.2086905425,5319721.925447682,13658.853658536585
1574811.5593253248,5321179.579998717,13171.073170731708,22.36194569056335,1574517.2293332377,5320753.342510469,12683.292682926829,1574860.0696466726,5321695.28853011,12683.292682926829,1575105.889317412,5321605.817486964,13658.853658536585,1574763.0490039773,5320663.871467324,13658.853658536585
1575154.3996387597,5322121.526018358,13171.073170731708,23.21899184799258,1574860.0696466726,5321695.28853011,12683.292682926829,1575202.9099601074,5322637.2345497515,12683.292682926829,1575448.7296308468,5322547.763506605,13658.853658536585,1575105.889317412,5321605.817486964,13658.853658536585
1575497.2399521945,5323063.472037999,13171.073170731708,22.887066300513094,1575202.9099601074,5322637.2345497515,12683.292682926829,1575545.7502735422,5323579.180569393,12683.292682926829,1575791.5699442818,5323489.7095262455,13658.853658536585,1575448.7296308468,5322547.763506605,13658.853658536585
1575840.0802656296,5324005.418057639,13171.073170731708,22.472090777013605,1575545.7502735422,5323579.180569393,12683.292682926829,1575888.590586977,5324521.126589033,12683.292682926829,1576134.4102577167,5324431.655545888,13658.853658536585,1575791.5699442818,5323489.7095262455,13658.853658536585
1576182.9205790644,5324947.36407728,13171.073170731708,21.02812004513428,1575888.590586977,5324521.126589033,12683.292682926829,1576231.430900412,5325463.072608674,12683.292682926829,1576477.2505711515,5325373.601565528,13658.853658536585,1576134.4102577167,5324431.655545888,13658.853658536585
1576525.760892499,5325889.310096921,13171.073170731708,19.582842788522594,1576231.430900412,5325463.072608674,12683.292682926829,1576574.2712138467,5326405.018628315,12683.292682926829,1576820.090884586,5326315.547585169,13658.853658536585,1576477.2505711515,5325373.601565528,13658.853658536585
1576868.6012059338,5326831.2561165625,13171.073170731708,17.795332630050527,1576574.2712138467,5326405.018628315,12683.292682926829,1576917.1115272816,5327346.964647956,12683.292682926829,1577162.931198021,5327257.493604809,13658.853658536585,1576820.090884586,5326315.547585169,13658.853658536585
1577211.4415193687,5327773.202136203,13171.073170731708,17.0168599678924,1576917.1115272816,5327346.964647956,12683.292682926829,1577259.9518407162,5328288.910667596,12683.292682926829,1577505.7715114558,5328199.43962445,13658.853658536585,1577162.931198021,5327257.493604809,13658.853658536585
1577554.2818328035,5328715.148155844,13171.073170731708,19.10664069328191,1577259.9518407162,5328288.910667596,12683.292682926829,1577602.792154151,5329230.856687238,12683.292682926829,1577848.6118248906,5329141.385644091,13658.853658536585,1577505.7715114558,5328199.43962445,13658.853658536585
1577897.1221462383,5329657.094175485,13171.073170731708,22.18883185907027,1577602.792154151,5329230.856687238,12683.292682926829,1577945.6324675858,5330172.802706879,12683.292682926829,1578191.4521383252,5330083.3316637315,13658.853658536585,1577848.6118248906,5329141.385644091,13658.853658536585
1578239.962459673,5330599.040195126,13171.073170731708,21.94212778076188,1577945.6324675858,5330172.802706879,12683.292682926829,1578288.472781021,5331114.748726519,12683.292682926829,1578534.2924517603,5331025.277683374,13658.853658536585,1578191.4521383252,5330083.3316637315,13658.853658536585
1578582.8027731078,5331540.986214766,13171.073170731708,20.38517468127921,1578288.472781021,5331114.748726519,12683.292682926829,1578631.3130944555,5332056.69474616,12683.292682926829,1578877.132765195,5331967.223703014,13658.853658536585,1578534.2924517603,5331025.277683374,13658.853658536585
1578925.6430865426,5332482.9322344065,13171.073170731708,20.863128140743395,1578631.3130944555,5332056.69474616,12683.292682926829,1578974.1534078903,5332998.640765801,12683.292682926829,1579219.97307863,5332909.169722655,13658.853658536585,1578877.132765195,5331967.223703014,13658.853658536585
1579268.4833999774,5333424.878254048,13171.073170731708,22.005160305794174,1578974.1534078903,5332998.640765801,12683.292682926829,1579316.9937213252,5333940.586785442,12683.292682926829,1579562.8133920645,5333851.115742295,13658.853658536585,1579219.97307863,5332909.169722655,13658.853658536585
1579611.3237134123,5334366.82427369,13171.073170731708,20.13457054605944,1579316.9937213252,5333940.586785442,12683.292682926829,1579659.83403476,5334882.532805082,12683.292682926829,1579905.6537054994,5334793.061761937,13658.853658536585,1579562.8133920645,5333851.115742295,13658.853658536585
1579954.164026847,5335308.77029333,13171.073170731708,17.644108984901504,1579659.83403476,5334882.532805082,12683.292682926829,1580002.6743481949,5335824.4788247235,12683.292682926829,1580248.4940189342,5335735.007781577,13658.853658536585,1579905.6537054994,5334793.061761937,13658.853658536585
1580297.004340282,5336250.716312971,13171.073170731708,16.365082421371252,1580002.6743481949,5335824.4788247235,12683.292682926829,1580345.5146616295,5336766.424844365,12683.292682926829,1580591.334332369,5336676.953801218,13658.853658536585,1580248.4940189342,5335735.007781577,13658.853658536585
1580639.8446537165,5337192.662332612,13171.073170731708,16.328328954500858,1580345.5146616295,5336766.424844365,12683.292682926829,1580688.3549750643,5337708.370864006,12683.292682926829,1580934.1746458039,5337618.899820859,13658.853658536585,1580591.334332369,5336676.953801218,13658.853658536585
1580982.6849671516,5338134.608352253,13171.073170731708,18.055332660281742,1580688.3549750643,5337708.370864006,12683.292682926829,1581031.1952884994,5338650.316883646,12683.292682926829,1581277.0149592387,5338560.845840501,13658.853658536585,1580934.1746458039,5337618.899820859,13658.853658536585
1581325.5252805864,5339076.554371893,13171.073170731708,20.625446330876116,1581031.1952884994,5338650.316883646,12683.292682926829,1581374.0356019342,5339592.262903287,12683.292682926829,1581619.8552726735,5339502.791860141,13658.853658536585,1581277.0149592387,5338560.845840501,13658.853658536585
1581668.3655940213,5340018.500391534,13171.073170731708,21.890849031516314,1581374.0356019342,5339592.262903287,12683.292682926829,1581716.8759153688,5340534.208922928,12683.292682926829,1581962.6955861084,5340444.737879782,13658.853658536585,1581619.8552726735,5339502.791860141,13658.853658536585
1582011.205907456,5340960.446411176,13171.073170731708,21.908511579954173,1581716.8759153688,5340534.208922928,12683.292682926829,1582059.7162288036,5341476.154942569,12683.292682926829,1582305.5358995432,5341386.683899423,13658.853658536585,1581962.6955861084,5340444.737879782,13658.853658536585
1582354.046220891,5341902.392430817,13171.073170731708,20.31999054959143,1582059.7162288036,5341476.154942569,12683.292682926829,1582402.5565422385,5342418.1009622095,12683.292682926829,1582648.3762129778,5342328.629919063,13658.853658536585,1582305.5358995432,5341386.683899423,13658.853658536585
1582696.8865343255,5342844.338450457,13171.073170731708,20.365390332061427,1582402.5565422385,5342418.1009622095,12683.292682926829,1582745.3968556733,5343360.046981852,12683.292682926829,1582991.2165264126,5343270.575938704,13658.853658536585,1582648.3762129778,5342328.629919063,13658.853658536585
1583039.7268477604,5343786.284470098,13171.073170731708,19.906015745458603,1582745.3968556733,5343360.046981852,12683.292682926829,1583088.2371691081,5344301.993001492,12683.292682926829,1583334.0568398475,5344212.521958346,13658.853658536585,1582991.2165264126,5343270.575938704,13658.853658536585
1583382.5671611952,5344728.230489739,13171.073170731708,20.598878887725554,1583088.2371691081,5344301.993001492,12683.292682926829,1583431.077482543,5345243.939021133,12683.292682926829,1583676.8971532825,5345154.467977987,13658.853658536585,1583334.0568398475,5344212.521958346,13658.853658536585
1583725.4074746303,5345670.17650938,13171.073170731708,21.476876352694962,1583431.077482543,5345243.939021133,12683.292682926829,1583773.9177959778,5346185.885040773,12683.292682926829,1584019.7374667174,5346096.413997628,13658.853658536585,1583676.8971532825,5345154.467977987,13658.853658536585
1584068.247788065,5346612.1225290205,13171.073170731708,21.12987954223698,1583773.9177959778,5346185.885040773,12683.292682926829,1584116.7581094126,5347127.831060415,12683.292682926829,1584362.5777801522,5347038.360017268,13658.853658536585,1584019.7374667174,5346096.413997628,13658.853658536585
1584411.0881015,5347554.068548662,13171.073170731708,19.95588106010388,1584116.7581094126,5347127.831060415,12683.292682926829,1584459.5984228475,5348069.777080055,12683.292682926829,1584705.4180935868,5347980.306036909,13658.853658536585,1584362.5777801522,5347038.360017268,13658.853658536585
1584753.9284149345,5348496.014568303,13171.073170731708,15.49013576420362,1584459.5984228475,5348069.777080055,12683.292682926829,1584802.4387362823,5349011.723099696,12683.292682926829,1585048.2584070216,5348922.25205655,13658.853658536585,1584705.4180935868,5347980.306036909,13658.853658536585
1585096.7687283691,5349437.960587944,13171.073170731708,14.45143875352351,1584802.4387362823,5349011.723099696,12683.292682926829,1585145.279049717,5349953.669119337,12683.292682926829,1585391.0987204565,5349864.19807619,13658.853658536585,1585048.2584070216,5348922.25205655,13658.853658536585
1585439.609041804,5350379.906607584,13171.073170731708,17.28870573740887,1585145.279049717,5349953.669119337,12683.292682926829,1585488.1193631517,5350895.615138978,12683.292682926829,1585733.9390338913,5350806.144095832,13658.853658536585,1585391.0987204565,5349864.19807619,13658.853658536585
1585782.4493552388,5351321.852627225,13171.073170731708,16.83366974734097,1585488.1193631517,5350895.615138978,12683.292682926829,1585830.9596765866,5351837.561158619,12683.292682926829,1586076.779347326,5351748.090115473,13658.853658536585,1585733.9390338913,5350806.144095832,13658.853658536585
1586125.2896686736,5352263.798646866,13171.073170731708,15.522301711203388,1585830.9596765866,5351837.561158619,12683.292682926829,1586173.7999900216,5352779.507178259,12683.292682926829,1586419.619660761,5352690.036135114,13658.853658536585,1586076.779347326,5351748.090115473,13658.853658536585
1586468.1299821087,5353205.744666507,13171.073170731708,14.83485419197564,1586173.7999900216,5352779.507178259,12683.292682926829,1586516.6403034565,5353721.453197901,12683.292682926829,1586762.4599741958,5353631.982154754,13658.853658536585,1586419.619660761,5352690.036135114,13658.853658536585
1586810.9702955435,5354147.690686148,13171.073170731708,13.891889209137425,1586516.6403034565,5353721.453197901,12683.292682926829,1586859.480616891,5354663.399217541,12683.292682926829,1587105.3002876306,5354573.928174395,13658.853658536585,1586762.4599741958,5353631.982154754,13658.853658536585
1587153.8106089782,5355089.636705789,13171.073170731708,14.60387145219923,1586859.480616891,5354663.399217541,12683.292682926829,1587202.320930326,5355605.345237182,12683.292682926829,1587448.1406010652,5355515.874194036,13658.853658536585,1587105.3002876306,5354573.928174395,13658.853658536585
1587496.650922413,5356031.582725429,13171.073170731708,14.017735867525273,1587202.320930326,5355605.345237182,12683.292682926829,1587545.1612437607,5356547.291256823,12683.292682926829,1587790.9809145,5356457.820213677,13658.853658536585,1587448.1406010652,5355515.874194036,13658.853658536585
1587839.4912358478,5356973.52874507,13171.073170731708,9.978056361686829,1587545.1612437607,5356547.291256823,12683.292682926829,1587888.0015571956,5357489.237276465,12683.292682926829,1588133.821227935,5357399.766233318,13658.853658536585,1587790.9809145,5356457.820213677,13658.853658536585
1588182.3315492827,5357915.474764712,13171.073170731708,8.89480763584512,1587888.0015571956,5357489.237276465,12683.292682926829,1588230.8418706302,5358431.183296105,12683.292682926829,1588476.6615413697,5358341.712252959,13658.853658536585,1588133.821227935,5357399.766233318,13658.853658536585
1588525.1718627175,5358857.420784352,13171.073170731708,9.456423986077532,1588230.8418706302,5358431.183296105,12683.292682926829,1588573.682184065,5359373.129315746,12683.292682926829,1588819.5018548046,5359283.6582726,13658.853658536585,1588476.6615413697,5358341.712252959,13658.853658536585
1588868.0121761523,5359799.3668039935,13171.073170731708,9.198054468207417,1588573.682184065,5359373.129315746,12683.292682926829,1588916.5224975,5360315.075335386,12683.292682926829,1589162.3421682394,5360225.604292241,13658.853658536585,1588819.5018548046,5359283.6582726,13658.853658536585
1589210.8524895872,5360741.312823634,13171.073170731708,9.372649948083795,1588916.5224975,5360315.075335386,12683.292682926829,1589259.362810935,5361257.021355028,12683.292682926829,1589505.1824816742,5361167.550311881,13658.853658536585,1589162.3421682394,5360225.604292241,13658.853658536585
1589553.692803022,5361683.258843276,13171.073170731708,7.803449712904067,1589259.362810935,5361257.021355028,12683.292682926829,1589602.2031243695,5362198.967374668,12683.292682926829,1589848.022795109,5362109.496331522,13658.853658536585,1589505.1824816742,5361167.550311881,13658.853658536585
1589896.5331164568,5362625.204862916,13171.073170731708,6.30132470292994,1589602.2031243695,5362198.967374668,12683.292682926829,1589945.0434378043,5363140.91339431,12683.292682926829,1590190.863108544,5363051.442351163,13658.853658536585,1589848.022795109,5362109.496331522,13658.853658536585
1590239.3734298917,5363567.150882556,13171.073170731708,5.746441000851723,1589945.0434378043,5363140.91339431,12683.292682926829,1590287.8837512392,5364082.859413951,12683.292682926829,1590533.7034219785,5363993.388370804,13658.853658536585,1590190.863108544,5363051.442351163,13658.853658536585
1590582.2137433263,5364509.096902197,13171.073170731708,6.158465865395248,1590287.8837512392,5364082.859413951,12683.292682926829,1590630.724064674,5365024.805433592,12683.292682926829,1590876.5437354133,5364935.334390445,13658.853658536585,1590533.7034219785,5363993.388370804,13658.853658536585
1590925.054056761,5365451.042921839,13171.073170731708,6.5423869509755725,1590630.724064674,5365024.805433592,12683.292682926829,1590973.5643781088,5365966.751453232,12683.292682926829,1591219.3840488482,5365877.280410086,13658.853658536585,1590876.5437354133,5364935.334390445,13658.853658536585
1591267.8943701957,5366392.9889414795,13171.073170731708,7.176987594912346,1590973.5643781088,5365966.751453232,12683.292682926829,1591316.4046915434,5366908.697472872,12683.292682926829,1591562.2243622832,5366819.226429727,13658.853658536585,1591219.3840488482,5365877.280410086,13658.853658536585
1591610.7346836308,5367334.93496112,13171.073170731708,7.678527574036967,1591316.4046915434,5366908.697472872,12683.292682926829,1591659.2450049785,5367850.643492514,12683.292682926829,1591905.0646757178,5367761.172449367,13658.853658536585,1591562.2243622832,5366819.226429727,13658.853658536585
1591953.5749970656,5368276.880980761,13171.073170731708,8.414056834066773,1591659.2450049785,5367850.643492514,12683.292682926829,1592002.0853184133,5368792.589512154,12683.292682926829,1592247.9049891527,5368703.118469008,13658.853658536585,1591905.0646757178,5367761.172449367,13658.853658536585
1592296.4153105004,5369218.827000402,13171.073170731708,9.014530203971683,1592002.0853184133,5368792.589512154,12683.292682926829,1592344.9256318482,5369734.535531796,12683.292682926829,1592590.7453025875,5369645.064488649,13658.853658536585,1592247.9049891527,5368703.118469008,13658.853658536585
1592639.2556239353,5370160.773020043,13171.073170731708,8.933231437276156,1592344.9256318482,5369734.535531796,12683.292682926829,1592687.7659452828,5370676.481551436,12683.292682926829,1592933.5856160223,5370587.0105082905,13658.853658536585,1592590.7453025875,5369645.064488649,13658.853658536585
1592982.0959373699,5371102.719039683,13171.073170731708,7.9352579913551535,1592687.7659452828,5370676.481551436,12683.292682926829,1593030.6062587176,5371618.427571078,12683.292682926829,1593276.4259294572,5371528.956527931,13658.853658536585,1592933.5856160223,5370587.0105082905,13658.853658536585
1593324.9362508047,5372044.665059324,13171.073170731708,6.877153119074522,1593030.6062587176,5371618.427571078,12683.292682926829,1593373.4465721524,5372560.373590718,12683.292682926829,1593619.2662428918,5372470.902547572,13658.853658536585,1593276.4259294572,5371528.956527931,13658.853658536585
1593667.7765642395,5372986.6110789655,13171.073170731708,5.620833515362291,1593373.4465721524,5372560.373590718,12683.292682926829,1593716.2868855873,5373502.319610359,12683.292682926829,1593962.1065563266,5373412.848567213,13658.853658536585,1593619.2662428918,5372470.902547572,13658.853658536585
1594010.6168776744,5373928.557098607,13171.073170731708,4.763082663377712,1593716.2868855873,5373502.319610359,12683.292682926829,1594059.127199022,5374444.265629999,12683.292682926829,1594304.9468697617,5374354.794586854,13658.853658536585,1593962.1065563266,5373412.848567213,13658.853658536585
1594353.4571911094,5374870.503118247,13171.073170731708,4.567767642706782,1594059.127199022,5374444.265629999,12683.292682926829,1594401.967512457,5375386.211649641,12683.292682926829,1594647.7871831965,5375296.740606494,13658.853658536585,1594304.9468697617,5374354.794586854,13658.853658536585
1594696.2975045443,5375812.449137889,13171.073170731708,3.9004020510347246,1594401.967512457,5375386.211649641,12683.292682926829,1594744.8078258918,5376328.157669282,12683.292682926829,1594990.6274966311,5376238.686626136,13658.853658536585,1594647.7871831965,5375296.740606494,13658.853658536585
1595039.1378179789,5376754.395157529,13171.073170731708,3.570123205831682,1594744.8078258918,5376328.157669282,12683.292682926829,1595087.6481393266,5377270.103688923,12683.292682926829,1595333.467810066,5377180.6326457765,13658.853658536585,1594990.6274966311,5376238.686626136,13658.853658536585
1595381.9781314137,5377696.34117717,13171.073170731708,3.849176892419681,1595087.6481393266,5377270.103688923,12683.292682926829,1595430.4884527614,5378212.049708564,12683.292682926829,1595676.3081235008,5378122.578665418,13658.853658536585,1595333.467810066,5377180.6326457765,13658.853658536585
1595724.8184448485,5378638.28719681,13171.073170731708,3.7326265674894783,1595430.4884527614,5378212.049708564,12683.292682926829,1595773.3287661963,5379153.995728205,12683.292682926829,1596019.1484369356,5379064.524685058,13658.853658536585,1595676.3081235008,5378122.578665418,13658.853658536585
1596067.6587582834,5379580.2332164515,13171.073170731708,2.4212057813218864,1595773.3287661963,5379153.995728205,12683.292682926829,1596116.1690796309,5380095.941747845,12683.292682926829,1596361.9887503705,5380006.4707047,13658.853658536585,1596019.1484369356,5379064.524685058,13658.853658536585
1596410.4990717182,5380522.179236093,13171.073170731708,2.273547199643053,1596116.1690796309,5380095.941747845,12683.292682926829,1596459.0093930657,5381037.887767486,12683.292682926829,1596704.8290638053,5380948.41672434,13658.853658536585,1596361.9887503705,5380006.4707047,13658.853658536585
1596753.339385153,5381464.125255734,13171.073170731708,2.5198319458412812,1596459.0093930657,5381037.887767486,12683.292682926829,1596801.8497065008,5381979.833787127,12683.292682926829,1597047.6693772401,5381890.362743981,13658.853658536585,1596704.8290638053,5380948.41672434,13658.853658536585
1597096.1796985879,5382406.071275375,13171.073170731708,2.9423071815962474,1596801.8497065008,5381979.833787127,12683.292682926829,1597144.6900199356,5382921.7798067685,12683.292682926829,1597390.509690675,5382832.308763621,13658.853658536585,1597047.6693772401,5381890.362743981,13658.853658536585
1545573.1120406701,5240082.751266454,14146.634146341463,1.8544001900993368,1545278.7820485835,5239656.513778207,13658.853658536585,1545621.622362018,5240598.459797848,13658.853658536585,1545867.4420327567,5240508.988754702,14634.414634146342,1545524.601719322,5239567.042735062,14634.414634146342
1545915.952354105,5241024.6972860955,14146.634146341463,2.0112581353371524,1545621.622362018,5240598.459797848,13658.853658536585,1545964.462675453,5241540.405817489,13658.853658536585,1546210.2823461916,5241450.934774342,14634.414634146342,1545867.4420327567,5240508.988754702,14634.414634146342
1546258.7926675398,5241966.643305737,14146.634146341463,1.8147893847067131,1545964.462675453,5241540.405817489,13658.853658536585,1546307.3029888878,5242482.351837129,13658.853658536585,1546553.1226596264,5242392.880793984,14634.414634146342,1546210.2823461916,5241450.934774342,14634.414634146342
1546601.6329809744,5242908.589325377,14146.634146341463,1.468845610400493,1546307.3029888878,5242482.351837129,13658.853658536585,1546650.1433023226,5243424.29785677,13658.853658536585,1546895.9629730613,5243334.826813624,14634.414634146342,1546553.1226596264,5242392.880793984,14634.414634146342
1546944.4732944095,5243850.535345018,14146.634146341463,1.324126266524106,1546650.1433023226,5243424.29785677,13658.853658536585,1546992.9836157574,5244366.243876412,13658.853658536585,1547238.803286496,5244276.772833265,14634.414634146342,1546895.9629730613,5243334.826813624,14634.414634146342
1547287.3136078443,5244792.481364659,14146.634146341463,1.5434561229314219,1546992.9836157574,5244366.243876412,13658.853658536585,1547335.8239291923,5245308.189896053,13658.853658536585,1547581.643599931,5245218.718852906,14634.414634146342,1547238.803286496,5244276.772833265,14634.414634146342
1547630.1539212791,5245734.427384299,14146.634146341463,2.2348821834393577,1547335.8239291923,5245308.189896053,13658.853658536585,1547678.664242627,5246250.135915693,13658.853658536585,1547924.4839133658,5246160.664872548,14634.414634146342,1547581.643599931,5245218.718852906,14634.414634146342
1547972.994234714,5246676.37340394,14146.634146341463,3.3190568147711437,1547678.664242627,5246250.135915693,13658.853658536585,1548021.504556062,5247192.081935334,13658.853658536585,1548267.3242268004,5247102.610892188,14634.414634146342,1547924.4839133658,5246160.664872548,14634.414634146342
1548315.8345481483,5247618.3194235815,14146.634146341463,4.044286351338801,1548021.504556062,5247192.081935334,13658.853658536585,1548364.3448694965,5248134.027954975,13658.853658536585,1548610.1645402352,5248044.556911829,14634.414634146342,1548267.3242268004,5247102.610892188,14634.414634146342
1548658.6748615832,5248560.265443223,14146.634146341463,2.9906127243121645,1548364.3448694965,5248134.027954975,13658.853658536585,1548707.1851829314,5249075.973974615,13658.853658536585,1548953.00485367,5248986.50293147,14634.414634146342,1548610.1645402352,5248044.556911829,14634.414634146342
1549001.515175018,5249502.211462864,14146.634146341463,1.962744056847063,1548707.1851829314,5249075.973974615,13658.853658536585,1549050.0254963662,5250017.919994256,13658.853658536585,1549295.845167105,5249928.448951111,14634.414634146342,1548953.00485367,5248986.50293147,14634.414634146342
1549344.355488453,5250444.157482504,14146.634146341463,2.105847134491018,1549050.0254963662,5250017.919994256,13658.853658536585,1549392.865809801,5250959.866013898,13658.853658536585,1549638.6854805397,5250870.394970751,14634.414634146342,1549295.845167105,5249928.448951111,14634.414634146342
1549687.195801888,5251386.103502145,14146.634146341463,2.641290790617531,1549392.865809801,5250959.866013898,13658.853658536585,1549735.706123236,5251901.812033539,13658.853658536585,1549981.5257939745,5251812.3409903925,14634.414634146342,1549638.6854805397,5250870.394970751,14634.414634146342
1550030.0361153227,5252328.049521786,14146.634146341463,3.272696635298499,1549735.706123236,5251901.812033539,13658.853658536585,1550078.5464366707,5252843.758053179,13658.853658536585,1550324.3661074094,5252754.287010034,14634.414634146342,1549981.5257939745,5251812.3409903925,14634.414634146342
1550372.8764287573,5253269.995541426,14146.634146341463,2.705323794039087,1550078.5464366707,5252843.758053179,13658.853658536585,1550421.3867501055,5253785.70407282,13658.853658536585,1550667.2064208442,5253696.233029675,14634.414634146342,1550324.3661074094,5252754.287010034,14634.414634146342
1550715.7167421922,5254211.9415610675,14146.634146341463,1.993359271649692,1550421.3867501055,5253785.70407282,13658.853658536585,1550764.2270635404,5254727.650092461,13658.853658536585,1551010.046734279,5254638.179049315,14634.414634146342,1550667.2064208442,5253696.233029675,14634.414634146342
1551058.557055627,5255153.8875807095,14146.634146341463,2.3273101496789956,1550764.2270635404,5254727.650092461,13658.853658536585,1551107.0673769752,5255669.596112102,13658.853658536585,1551352.8870477139,5255580.125068956,14634.414634146342,1551010.046734279,5254638.179049315,14634.414634146342
1551401.3973690618,5256095.83360035,14146.634146341463,2.9075029892866886,1551107.0673769752,5255669.596112102,13658.853658536585,1551449.90769041,5256611.542131742,13658.853658536585,1551695.7273611485,5256522.071088597,14634.414634146342,1551352.8870477139,5255580.125068956,14634.414634146342
1551744.2376824967,5257037.779619991,14146.634146341463,3.7024542711161486,1551449.90769041,5256611.542131742,13658.853658536585,1551792.7480038446,5257553.488151384,13658.853658536585,1552038.5676745835,5257464.017108238,14634.414634146342,1551695.7273611485,5256522.071088597,14634.414634146342
1552087.0779959317,5257979.725639631,14146.634146341463,4.168713454876319,1551792.7480038446,5257553.488151384,13658.853658536585,1552135.5883172797,5258495.434171025,13658.853658536585,1552381.4079880184,5258405.9631278785,14634.414634146342,1552038.5676745835,5257464.017108238,14634.414634146342
1552429.9183093666,5258921.671659273,14146.634146341463,4.074353800520186,1552135.5883172797,5258495.434171025,13658.853658536585,1552478.4286307145,5259437.380190666,13658.853658536585,1552724.2483014532,5259347.909147521,14634.414634146342,1552381.4079880184,5258405.9631278785,14634.414634146342
1552772.7586228014,5259863.617678913,14146.634146341463,3.6433260336781292,1552478.4286307145,5259437.380190666,13658.853658536585,1552821.2689441494,5260379.326210306,13658.853658536585,1553067.0886148878,5260289.855167161,14634.414634146342,1552724.2483014532,5259347.909147521,14634.414634146342
1553115.598936236,5260805.5636985535,14146.634146341463,3.81337338494914,1552821.2689441494,5260379.326210306,13658.853658536585,1553164.1092575842,5261321.272229948,13658.853658536585,1553409.9289283226,5261231.801186802,14634.414634146342,1553067.0886148878,5260289.855167161,14634.414634146342
1553458.4392496708,5261747.509718195,14146.634146341463,3.8260899161057864,1553164.1092575842,5261321.272229948,13658.853658536585,1553506.9495710188,5262263.218249588,13658.853658536585,1553752.7692417575,5262173.747206442,14634.414634146342,1553409.9289283226,5261231.801186802,14634.414634146342
1553801.2795631057,5262689.455737836,14146.634146341463,3.938925671967827,1553506.9495710188,5262263.218249588,13658.853658536585,1553849.7898844536,5263205.164269229,13658.853658536585,1554095.6095551923,5263115.693226083,14634.414634146342,1553752.7692417575,5262173.747206442,14634.414634146342
1554144.1198765405,5263631.401757477,14146.634146341463,3.976697201853163,1553849.7898844536,5263205.164269229,13658.853658536585,1554192.6301978885,5264147.11028887,13658.853658536585,1554438.4498686271,5264057.639245724,14634.414634146342,1554095.6095551923,5263115.693226083,14634.414634146342
1554486.9601899753,5264573.347777117,14146.634146341463,3.5807389836860457,1554192.6301978885,5264147.11028887,13658.853658536585,1554535.4705113233,5265089.056308512,13658.853658536585,1554781.290182062,5264999.5852653645,14634.414634146342,1554438.4498686271,5264057.639245724,14634.414634146342
1554829.80050341,5265515.293796759,14146.634146341463,4.430610760508004,1554535.4705113233,5265089.056308512,13658.853658536585,1554878.3108247581,5266031.002328152,13658.853658536585,1555124.1304954968,5265941.531285006,14634.414634146342,1554781.290182062,5264999.5852653645,14634.414634146342
1555172.6408168448,5266457.239816399,14146.634146341463,5.043391461896863,1554878.3108247581,5266031.002328152,13658.853658536585,1555221.151138193,5266972.948347793,13658.853658536585,1555466.9708089316,5266883.477304647,14634.414634146342,1555124.1304954968,5265941.531285006,14634.414634146342
1555515.4811302796,5267399.18583604,14146.634146341463,5.720936704647731,1555221.151138193,5266972.948347793,13658.853658536585,1555563.9914516278,5267914.894367433,13658.853658536585,1555809.8111223665,5267825.423324288,14634.414634146342,1555466.9708089316,5266883.477304647,14634.414634146342
1555858.3214437144,5268341.131855681,14146.634146341463,6.321294427507272,1555563.9914516278,5267914.894367433,13658.853658536585,1555906.8317650626,5268856.840387074,13658.853658536585,1556152.651435801,5268767.369343928,14634.414634146342,1555809.8111223665,5267825.423324288,14634.414634146342
1556201.1617571493,5269283.077875322,14146.634146341463,7.992749936526371,1555906.8317650626,5268856.840387074,13658.853658536585,1556249.6720784972,5269798.786406715,13658.853658536585,1556495.491749236,5269709.31536357,14634.414634146342,1556152.651435801,5268767.369343928,14634.414634146342
1556544.002070584,5270225.023894963,14146.634146341463,8.198455844891575,1556249.6720784972,5269798.786406715,13658.853658536585,1556592.512391932,5270740.732426356,13658.853658536585,1556838.3320626707,5270651.26138321,14634.414634146342,1556495.491749236,5269709.31536357,14634.414634146342
1556886.842384019,5271166.969914604,14146.634146341463,7.807416247855108,1556592.512391932,5270740.732426356,13658.853658536585,1556935.352705367,5271682.678445998,13658.853658536585,1557181.1723761056,5271593.207402851,14634.414634146342,1556838.3320626707,5270651.26138321,14634.414634146342
1557229.6826974538,5272108.915934244,14146.634146341463,6.450893734170314,1556935.352705367,5271682.678445998,13658.853658536585,1557278.1930188017,5272624.624465638,13658.853658536585,1557524.0126895404,5272535.153422492,14634.414634146342,1557181.1723761056,5271593.207402851,14634.414634146342
1557572.5230108886,5273050.861953886,14146.634146341463,6.336070785770207,1557278.1930188017,5272624.624465638,13658.853658536585,1557621.0333322368,5273566.570485279,13658.853658536585,1557866.8530029752,5273477.099442134,14634.414634146342,1557524.0126895404,5272535.153422492,14634.414634146342
1557915.3633243234,5273992.807973526,14146.634146341463,6.3270576226073,1557621.0333322368,5273566.570485279,13658.853658536585,1557963.8736456714,5274508.516504919,13658.853658536585,1558209.69331641,5274419.045461774,14634.414634146342,1557866.8530029752,5273477.099442134,14634.414634146342
1558258.2036377583,5274934.753993168,14146.634146341463,6.068914152019575,1557963.8736456714,5274508.516504919,13658.853658536585,1558306.7139591062,5275450.462524561,13658.853658536585,1558552.533629845,5275360.991481415,14634.414634146342,1558209.69331641,5274419.045461774,14634.414634146342
1558601.043951193,5275876.700012809,14146.634146341463,5.950883214968796,1558306.7139591062,5275450.462524561,13658.853658536585,1558649.554272541,5276392.408544201,13658.853658536585,1558895.3739432797,5276302.937501055,14634.414634146342,1558552.533629845,5275360.991481415,14634.414634146342
1558943.8842646277,5276818.646032449,14146.634146341463,5.412607535994059,1558649.554272541,5276392.408544201,13658.853658536585,1558992.394585976,5277334.3545638425,13658.853658536585,1559238.2142567143,5277244.883520696,14634.414634146342,1558895.3739432797,5276302.937501055,14634.414634146342
1559286.7245780625,5277760.592052089,14146.634146341463,5.31925595901965,1558992.394585976,5277334.3545638425,13658.853658536585,1559335.2348994105,5278276.300583483,13658.853658536585,1559581.0545701492,5278186.829540337,14634.414634146342,1559238.2142567143,5277244.883520696,14634.414634146342
1559629.5648914974,5278702.53807173,14146.634146341463,6.206969106295021,1559335.2348994105,5278276.300583483,13658.853658536585,1559678.0752128453,5279218.246603125,13658.853658536585,1559923.8948835842,5279128.775559978,14634.414634146342,1559581.0545701492,5278186.829540337,14634.414634146342
1559972.4052049324,5279644.484091372,14146.634146341463,7.000805412080955,1559678.0752128453,5279218.246603125,13658.853658536585,1560020.9155262804,5280160.192622765,13658.853658536585,1560266.735197019,5280070.721579619,14634.414634146342,1559923.8948835842,5279128.775559978,14634.414634146342
1560315.2455183673,5280586.430111012,14146.634146341463,8.046684446232538,1560020.9155262804,5280160.192622765,13658.853658536585,1560363.7558397152,5281102.138642406,13658.853658536585,1560609.5755104537,5281012.66759926,14634.414634146342,1560266.735197019,5280070.721579619,14634.414634146342
1560658.0858318016,5281528.376130654,14146.634146341463,9.085014812054913,1560363.7558397152,5281102.138642406,13658.853658536585,1560706.5961531498,5282044.084662047,13658.853658536585,1560952.4158238885,5281954.613618901,14634.414634146342,1560609.5755104537,5281012.66759926,14634.414634146342
1561000.9261452365,5282470.322150294,14146.634146341463,8.404473587924626,1560706.5961531498,5282044.084662047,13658.853658536585,1561049.4364665847,5282986.030681688,13658.853658536585,1561295.2561373233,5282896.559638541,14634.414634146342,1560952.4158238885,5281954.613618901,14634.414634146342
1561343.7664586713,5283412.268169936,14146.634146341463,9.052886464551877,1561049.4364665847,5282986.030681688,13658.853658536585,1561392.2767800195,5283927.9767013285,13658.853658536585,1561638.0964507582,5283838.505658183,14634.414634146342,1561295.2561373233,5282896.559638541,14634.414634146342
1561686.6067721061,5284354.214189576,14146.634146341463,9.436852603341446,1561392.2767800195,5283927.9767013285,13658.853658536585,1561735.1170934543,5284869.92272097,13658.853658536585,1561980.936764193,5284780.451677823,14634.414634146342,1561638.0964507582,5283838.505658183,14634.414634146342
1562029.447085541,5285296.160209216,14146.634146341463,10.524154365112027,1561735.1170934543,5284869.92272097,13658.853658536585,1562077.9574068892,5285811.868740611,13658.853658536585,1562323.7770776278,5285722.397697465,14634.414634146342,1561980.936764193,5284780.451677823,14634.414634146342
1562372.2873989758,5286238.106228857,14146.634146341463,11.14392405214337,1562077.9574068892,5285811.868740611,13658.853658536585,1562420.797720324,5286753.814760252,13658.853658536585,1562666.6173910627,5286664.343717105,14634.414634146342,1562323.7770776278,5285722.397697465,14634.414634146342
1562715.1277124109,5287180.052248499,14146.634146341463,8.981378949843762,1562420.797720324,5286753.814760252,13658.853658536585,1562763.6380337588,5287695.760779892,13658.853658536585,1563009.4577044975,5287606.289736747,14634.414634146342,1562666.6173910627,5286664.343717105,14634.414634146342
1563057.9680258455,5288121.99826814,14146.634146341463,5.996753250713026,1562763.6380337588,5287695.760779892,13658.853658536585,1563106.4783471937,5288637.706799533,13658.853658536585,1563352.2980179323,5288548.235756387,14634.414634146342,1563009.4577044975,5287606.289736747,14634.414634146342
1563400.8083392803,5289063.944287781,14146.634146341463,6.278760308797723,1563106.4783471937,5288637.706799533,13658.853658536585,1563449.3186606285,5289579.652819174,13658.853658536585,1563695.1383313672,5289490.181776028,14634.414634146342,1563352.2980179323,5288548.235756387,14634.414634146342
1563743.6486527151,5290005.890307422,14146.634146341463,6.864673948507074,1563449.3186606285,5289579.652819174,13658.853658536585,1563792.1589740633,5290521.5988388145,13658.853658536585,1564037.9786448018,5290432.127795668,14634.414634146342,1563695.1383313672,5289490.181776028,14634.414634146342
1564086.48896615,5290947.836327063,14146.634146341463,6.921318364683805,1563792.1589740633,5290521.5988388145,13658.853658536585,1564134.9992874982,5291463.544858456,13658.853658536585,1564380.8189582366,5291374.07381531,14634.414634146342,1564037.9786448018,5290432.127795668,14634.414634146342
1564429.3292795848,5291889.782346703,14146.634146341463,6.721042128791178,1564134.9992874982,5291463.544858456,13658.853658536585,1564477.8396009328,5292405.490878096,13658.853658536585,1564723.6592716714,5292316.019834951,14634.414634146342,1564380.8189582366,5291374.07381531,14634.414634146342
1564772.1695930196,5292831.728366343,14146.634146341463,7.137319741921832,1564477.8396009328,5292405.490878096,13658.853658536585,1564820.6799143676,5293347.436897738,13658.853658536585,1565066.4995851063,5293257.965854592,14634.414634146342,1564723.6592716714,5292316.019834951,14634.414634146342
1565115.0099064545,5293773.674385985,14146.634146341463,7.625987074326958,1564820.6799143676,5293347.436897738,13658.853658536585,1565163.5202278025,5294289.382917378,13658.853658536585,1565409.339898541,5294199.911874233,14634.414634146342,1565066.4995851063,5293257.965854592,14634.414634146342
1565457.8502198893,5294715.6204056265,14146.634146341463,8.25687175947402,1565163.5202278025,5294289.382917378,13658.853658536585,1565506.3605412375,5295231.328937019,13658.853658536585,1565752.180211976,5295141.857893874,14634.414634146342,1565409.339898541,5294199.911874233,14634.414634146342
1565800.6905333241,5295657.566425267,14146.634146341463,9.292200224490962,1565506.3605412375,5295231.328937019,13658.853658536585,1565849.2008546721,5296173.27495666,13658.853658536585,1566095.0205254108,5296083.803913514,14634.414634146342,1565752.180211976,5295141.857893874,14634.414634146342
1566143.530846759,5296599.512444908,14146.634146341463,10.273638950508245,1565849.2008546721,5296173.27495666,13658.853658536585,1566192.041168107,5297115.2209763015,13658.853658536585,1566437.8608388456,5297025.749933155,14634.414634146342,1566095.0205254108,5296083.803913514,14634.414634146342
1566486.3711601938,5297541.458464549,14146.634146341463,13.622523148456699,1566192.041168107,5297115.2209763015,13658.853658536585,1566534.8814815418,5298057.166995942,13658.853658536585,1566780.7011522804,5297967.695952796,14634.414634146342,1566437.8608388456,5297025.749933155,14634.414634146342
1566829.2114736286,5298483.404484189,14146.634146341463,17.331028644923784,1566534.8814815418,5298057.166995942,13658.853658536585,1566877.7217949766,5298999.113015583,13658.853658536585,1567123.541465715,5298909.641972437,14634.414634146342,1566780.7011522804,5297967.695952796,14634.414634146342
1567172.051787063,5299425.35050383,14146.634146341463,19.839524359169953,1566877.7217949766,5298999.113015583,13658.853658536585,1567220.5621084112,5299941.059035224,13658.853658536585,1567466.3817791499,5299851.587992078,14634.414634146342,1567123.541465715,5298909.641972437,14634.414634146342
1567514.8921004978,5300367.296523471,14146.634146341463,21.267445060631616,1567220.5621084112,5299941.059035224,13658.853658536585,1567563.402421846,5300883.005054865,13658.853658536585,1567809.222092585,5300793.534011718,14634.414634146342,1567466.3817791499,5299851.587992078,14634.414634146342
1567857.732413933,5301309.242543112,14146.634146341463,21.281945035825366,1567563.402421846,5300883.005054865,13658.853658536585,1567906.2427352811,5301824.951074505,13658.853658536585,1568152.0624060198,5301735.48003136,14634.414634146342,1567809.222092585,5300793.534011718,14634.414634146342
1568200.5727273677,5302251.188562753,14146.634146341463,19.61321108324629,1567906.2427352811,5301824.951074505,13658.853658536585,1568249.083048716,5302766.897094146,13658.853658536585,1568494.9027194544,5302677.426051,14634.414634146342,1568152.0624060198,5301735.48003136,14634.414634146342
1568543.4130408026,5303193.134582394,14146.634146341463,19.02675791081255,1568249.083048716,5302766.897094146,13658.853658536585,1568591.9233621508,5303708.8431137875,13658.853658536585,1568837.7430328892,5303619.372070641,14634.414634146342,1568494.9027194544,5302677.426051,14634.414634146342
1568886.2533542374,5304135.080602035,14146.634146341463,18.469520152830512,1568591.9233621508,5303708.8431137875,13658.853658536585,1568934.7636755854,5304650.789133429,13658.853658536585,1569180.583346324,5304561.318090282,14634.414634146342,1568837.7430328892,5303619.372070641,14634.414634146342
1569229.0936676722,5305077.026621676,14146.634146341463,15.550314694144546,1568934.7636755854,5304650.789133429,13658.853658536585,1569277.6039890202,5305592.735153069,13658.853658536585,1569523.4236597589,5305503.2641099235,14634.414634146342,1569180.583346324,5304561.318090282,14634.414634146342
1569571.9339811068,5306018.972641316,14146.634146341463,11.989447152649193,1569277.6039890202,5305592.735153069,13658.853658536585,1569620.444302455,5306534.68117271,13658.853658536585,1569866.2639731935,5306445.210129564,14634.414634146342,1569523.4236597589,5305503.2641099235,14634.414634146342
1569914.7742945417,5306960.918660957,14146.634146341463,11.735842434742521,1569620.444302455,5306534.68117271,13658.853658536585,1569963.28461589,5307476.627192351,13658.853658536585,1570209.1042866283,5307387.156149205,14634.414634146342,1569866.2639731935,5306445.210129564,14634.414634146342
1570257.6146079765,5307902.8646805985,14146.634146341463,13.866759132110035,1569963.28461589,5307476.627192351,13658.853658536585,1570306.1249293245,5308418.573211991,13658.853658536585,1570551.9446000634,5308329.102168846,14634.414634146342,1570209.1042866283,5307387.156149205,14634.414634146342
1570600.4549214116,5308844.810700239,14146.634146341463,13.496670592973002,1570306.1249293245,5308418.573211991,13658.853658536585,1570648.9652427596,5309360.519231632,13658.853658536585,1570894.7849134982,5309271.048188487,14634.414634146342,1570551.9446000634,5308329.102168846,14634.414634146342
1570943.2952348464,5309786.75671988,14146.634146341463,13.31936996230603,1570648.9652427596,5309360.519231632,13658.853658536585,1570991.8055561944,5310302.4652512735,13658.853658536585,1571237.625226933,5310212.994208127,14634.414634146342,1570894.7849134982,5309271.048188487,14634.414634146342
1571286.135548281,5310728.702739522,14146.634146341463,13.712109069659727,1570991.8055561944,5310302.4652512735,13658.853658536585,1571334.6458696292,5311244.411270915,13658.853658536585,1571580.4655403676,5311154.940227768,14634.414634146342,1571237.625226933,5310212.994208127,14634.414634146342
1571628.9758617159,5311670.648759162,14146.634146341463,14.053473398315536,1571334.6458696292,5311244.411270915,13658.853658536585,1571677.4861830638,5312186.357290555,13658.853658536585,1571923.3058538025,5312096.8862474095,14634.414634146342,1571580.4655403676,5311154.940227768,14634.414634146342
1571971.8161751507,5312612.594778802,14146.634146341463,16.447420821349024,1571677.4861830638,5312186.357290555,13658.853658536585,1572020.3264964987,5313128.303310196,13658.853658536585,1572266.1461672373,5313038.83226705,14634.414634146342,1571923.3058538025,5312096.8862474095,14634.414634146342
1572314.6564885855,5313554.540798443,14146.634146341463,15.543829195591442,1572020.3264964987,5313128.303310196,13658.853658536585,1572363.1668099335,5314070.249329837,13658.853658536585,1572608.9864806721,5313980.778286691,14634.414634146342,1572266.1461672373,5313038.83226705,14634.414634146342
1572657.4968020204,5314496.4868180845,14146.634146341463,14.885188965709103,1572363.1668099335,5314070.249329837,13658.853658536585,1572706.0071233683,5315012.195349478,13658.853658536585,1572951.826794107,5314922.724306331,14634.414634146342,1572608.9864806721,5313980.778286691,14634.414634146342
1573000.337115455,5315438.432837726,14146.634146341463,14.274517529594936,1572706.0071233683,5315012.195349478,13658.853658536585,1573048.847436803,5315954.141369118,13658.853658536585,1573294.6671075418,5315864.670325973,14634.414634146342,1572951.826794107,5314922.724306331,14634.414634146342
1573343.1774288898,5316380.378857366,14146.634146341463,14.993960886667672,1573048.847436803,5315954.141369118,13658.853658536585,1573391.6877502382,5316896.08738876,13658.853658536585,1573637.5074209766,5316806.616345614,14634.414634146342,1573294.6671075418,5315864.670325973,14634.414634146342
1573686.0177423246,5317322.324877007,14146.634146341463,15.326784311584545,1573391.6877502382,5316896.08738876,13658.853658536585,1573734.5280636728,5317838.033408401,13658.853658536585,1573980.3477344115,5317748.562365254,14634.414634146342,1573637.5074209766,5316806.616345614,14634.414634146342
1574028.8580557595,5318264.270896649,14146.634146341463,18.161131914348562,1573734.5280636728,5317838.033408401,13658.853658536585,1574077.3683771077,5318779.979428042,13658.853658536585,1574323.1880478463,5318690.508384896,14634.414634146342,1573980.3477344115,5317748.562365254,14634.414634146342
1574371.6983691943,5319206.216916289,14146.634146341463,20.23546282203381,1574077.3683771077,5318779.979428042,13658.853658536585,1574420.2086905425,5319721.925447682,13658.853658536585,1574666.0283612811,5319632.454404537,14634.414634146342,1574323.1880478463,5318690.508384896,14634.414634146342
1574714.5386826291,5320148.162935929,14146.634146341463,21.608768036626103,1574420.2086905425,5319721.925447682,13658.853658536585,1574763.0490039773,5320663.871467324,13658.853658536585,1575008.8686747157,5320574.400424177,14634.414634146342,1574666.0283612811,5319632.454404537,14634.414634146342
1575057.378996064,5321090.1089555705,14146.634146341463,21.179878917929802,1574763.0490039773,5320663.871467324,13658.853658536585,1575105.889317412,5321605.817486964,13658.853658536585,1575351.7089881506,5321516.346443818,14634.414634146342,1575008.8686747157,5320574.400424177,14634.414634146342
1575400.2193094986,5322032.054975212,14146.634146341463,20.909821308350665,1575105.889317412,5321605.817486964,13658.853658536585,1575448.7296308468,5322547.763506605,13658.853658536585,1575694.5493015856,5322458.292463459,14634.414634146342,1575351.7089881506,5321516.346443818,14634.414634146342
1575743.0596229336,5322974.000994853,14146.634146341463,19.428430219902438,1575448.7296308468,5322547.763506605,13658.853658536585,1575791.5699442818,5323489.7095262455,13658.853658536585,1576037.3896150205,5323400.2384831,14634.414634146342,1575694.5493015856,5322458.292463459,14634.414634146342
1576085.8999363685,5323915.947014493,14146.634146341463,18.46228058137051,1575791.5699442818,5323489.7095262455,13658.853658536585,1576134.4102577167,5324431.655545888,13658.853658536585,1576380.229928455,5324342.18450274,14634.414634146342,1576037.3896150205,5323400.2384831,14634.414634146342
1576428.7402498033,5324857.893034134,14146.634146341463,20.562757035583115,1576134.4102577167,5324431.655545888,13658.853658536585,1576477.2505711515,5325373.601565528,13658.853658536585,1576723.07024189,5325284.1305223815,14634.414634146342,1576380.229928455,5324342.18450274,14634.414634146342
1576771.5805632381,5325799.839053775,14146.634146341463,20.97695756049385,1576477.2505711515,5325373.601565528,13658.853658536585,1576820.090884586,5326315.547585169,13658.853658536585,1577065.9105553248,5326226.076542023,14634.414634146342,1576723.07024189,5325284.1305223815,14634.414634146342
1577114.420876673,5326741.785073416,14146.634146341463,18.47917505912288,1576820.090884586,5326315.547585169,13658.853658536585,1577162.931198021,5327257.493604809,13658.853658536585,1577408.7508687596,5327168.022561664,14634.414634146342,1577065.9105553248,5326226.076542023,14634.414634146342
1577457.2611901078,5327683.7310930565,14146.634146341463,22.05133849052649,1577162.931198021,5327257.493604809,13658.853658536585,1577505.7715114558,5328199.43962445,13658.853658536585,1577751.5911821944,5328109.968581304,14634.414634146342,1577408.7508687596,5327168.022561664,14634.414634146342
1577800.1015035426,5328625.677112699,14146.634146341463,23.254497228412095,1577505.7715114558,5328199.43962445,13658.853658536585,1577848.6118248906,5329141.385644091,13658.853658536585,1578094.431495629,5329051.914600946,14634.414634146342,1577751.5911821944,5328109.968581304,14634.414634146342
1578142.9418169772,5329567.623132339,14146.634146341463,22.511243227379833,1577848.6118248906,5329141.385644091,13658.853658536585,1578191.4521383252,5330083.3316637315,13658.853658536585,1578437.271809064,5329993.860620586,14634.414634146342,1578094.431495629,5329051.914600946,14634.414634146342
1578485.7821304123,5330509.56915198,14146.634146341463,18.427274547082245,1578191.4521383252,5330083.3316637315,13658.853658536585,1578534.2924517603,5331025.277683374,13658.853658536585,1578780.112122499,5330935.806640227,14634.414634146342,1578437.271809064,5329993.860620586,14634.414634146342
1578828.6224438471,5331451.51517162,14146.634146341463,20.03944973594565,1578534.2924517603,5331025.277683374,13658.853658536585,1578877.132765195,5331967.223703014,13658.853658536585,1579122.9524359338,5331877.7526598675,14634.414634146342,1578780.112122499,5330935.806640227,14634.414634146342
1579171.462757282,5332393.461191261,14146.634146341463,21.92708611503484,1578877.132765195,5331967.223703014,13658.853658536585,1579219.97307863,5332909.169722655,13658.853658536585,1579465.7927493684,5332819.69867951,14634.414634146342,1579122.9524359338,5331877.7526598675,14634.414634146342
1579514.3030707163,5333335.407210902,14146.634146341463,16.512223692750517,1579219.97307863,5332909.169722655,13658.853658536585,1579562.8133920645,5333851.115742295,13658.853658536585,1579808.6330628032,5333761.64469915,14634.414634146342,1579465.7927493684,5332819.69867951,14634.414634146342
1579857.1433841512,5334277.3532305425,14146.634146341463,15.066236149358323,1579562.8133920645,5333851.115742295,13658.853658536585,1579905.6537054994,5334793.061761937,13658.853658536585,1580151.473376238,5334703.59071879,14634.414634146342,1579808.6330628032,5333761.64469915,14634.414634146342
1580199.983697586,5335219.299250185,14146.634146341463,14.668454397159856,1579905.6537054994,5334793.061761937,13658.853658536585,1580248.4940189342,5335735.007781577,13658.853658536585,1580494.3136896729,5335645.536738431,14634.414634146342,1580151.473376238,5334703.59071879,14634.414634146342
1580542.8240110208,5336161.245269825,14146.634146341463,15.373635615748663,1580248.4940189342,5335735.007781577,13658.853658536585,1580591.334332369,5336676.953801218,13658.853658536585,1580837.1540031075,5336587.482758072,14634.414634146342,1580494.3136896729,5335645.536738431,14634.414634146342
1580885.6643244557,5337103.191289466,14146.634146341463,15.714332482990281,1580591.334332369,5336676.953801218,13658.853658536585,1580934.1746458039,5337618.899820859,13658.853658536585,1581179.9943165425,5337529.428777713,14634.414634146342,1580837.1540031075,5336587.482758072,14634.414634146342
1581228.5046378907,5338045.137309106,14146.634146341463,16.958689559545313,1580934.1746458039,5337618.899820859,13658.853658536585,1581277.0149592387,5338560.845840501,13658.853658536585,1581522.8346299774,5338471.3747973535,14634.414634146342,1581179.9943165425,5337529.428777713,14634.414634146342
1581571.3449513256,5338987.083328748,14146.634146341463,16.724235239435636,1581277.0149592387,5338560.845840501,13658.853658536585,1581619.8552726735,5339502.791860141,13658.853658536585,1581865.6749434122,5339413.320816996,14634.414634146342,1581522.8346299774,5338471.3747973535,14634.414634146342
1581914.1852647604,5339929.029348388,14146.634146341463,16.70433380352513,1581619.8552726735,5339502.791860141,13658.853658536585,1581962.6955861084,5340444.737879782,13658.853658536585,1582208.515256847,5340355.266836636,14634.414634146342,1581865.6749434122,5339413.320816996,14634.414634146342
1582257.025578195,5340870.9753680285,14146.634146341463,19.8162660571761,1581962.6955861084,5340444.737879782,13658.853658536585,1582305.5358995432,5341386.683899423,13658.853658536585,1582551.3555702816,5341297.212856277,14634.414634146342,1582208.515256847,5340355.266836636,14634.414634146342
1582599.8658916298,5341812.92138767,14146.634146341463,21.541283971277267,1582305.5358995432,5341386.683899423,13658.853658536585,1582648.3762129778,5342328.629919063,13658.853658536585,1582894.1958837165,5342239.158875917,14634.414634146342,1582551.3555702816,5341297.212856277,14634.414634146342
1582942.7062050647,5342754.867407312,14146.634146341463,21.643032782609527,1582648.3762129778,5342328.629919063,13658.853658536585,1582991.2165264126,5343270.575938704,13658.853658536585,1583237.0361971513,5343181.104895559,14634.414634146342,1582894.1958837165,5342239.158875917,14634.414634146342
1583285.5465184995,5343696.813426952,14146.634146341463,19.856335207945165,1582991.2165264126,5343270.575938704,13658.853658536585,1583334.0568398475,5344212.521958346,13658.853658536585,1583579.8765105864,5344123.050915199,14634.414634146342,1583237.0361971513,5343181.104895559,14634.414634146342
1583628.3868319346,5344638.759446593,14146.634146341463,19.439240694608493,1583334.0568398475,5344212.521958346,13658.853658536585,1583676.8971532825,5345154.467977987,13658.853658536585,1583922.7168240212,5345064.99693484,14634.414634146342,1583579.8765105864,5344123.050915199,14634.414634146342
1583971.2271453692,5345580.705466234,14146.634146341463,17.788083375932803,1583676.8971532825,5345154.467977987,13658.853658536585,1584019.7374667174,5346096.413997628,13658.853658536585,1584265.5571374558,5346006.942954481,14634.414634146342,1583922.7168240212,5345064.99693484,14634.414634146342
1584314.067458804,5346522.651485875,14146.634146341463,14.313642076358017,1584019.7374667174,5346096.413997628,13658.853658536585,1584362.5777801522,5347038.360017268,13658.853658536585,1584608.3974508906,5346948.888974123,14634.414634146342,1584265.5571374558,5346006.942954481,14634.414634146342
1584656.9077722388,5347464.597505515,14146.634146341463,13.462761650904026,1584362.5777801522,5347038.360017268,13658.853658536585,1584705.4180935868,5347980.306036909,13658.853658536585,1584951.2377643255,5347890.834993763,14634.414634146342,1584608.3974508906,5346948.888974123,14634.414634146342
1584999.7480856737,5348406.543525156,14146.634146341463,13.326452811551384,1584705.4180935868,5347980.306036909,13658.853658536585,1585048.2584070216,5348922.25205655,13658.853658536585,1585294.0780777603,5348832.781013404,14634.414634146342,1584951.2377643255,5347890.834993763,14634.414634146342
1585342.5883991085,5349348.489544798,14146.634146341463,14.006195598614845,1585048.2584070216,5348922.25205655,13658.853658536585,1585391.0987204565,5349864.19807619,13658.853658536585,1585636.9183911951,5349774.727033044,14634.414634146342,1585294.0780777603,5348832.781013404,14634.414634146342
1585685.4287125433,5350290.435564439,14146.634146341463,15.245289803479677,1585391.0987204565,5349864.19807619,13658.853658536585,1585733.9390338913,5350806.144095832,13658.853658536585,1585979.7587046297,5350716.673052686,14634.414634146342,1585636.9183911951,5349774.727033044,14634.414634146342
1586028.2690259777,5351232.381584079,14146.634146341463,16.06685246607192,1585733.9390338913,5350806.144095832,13658.853658536585,1586076.779347326,5351748.090115473,13658.853658536585,1586322.5990180648,5351658.619072326,14634.414634146342,1585979.7587046297,5350716.673052686,14634.414634146342
1586371.1093394128,5352174.32760372,14146.634146341463,14.21959957924615,1586076.779347326,5351748.090115473,13658.853658536585,1586419.619660761,5352690.036135114,13658.853658536585,1586665.4393314996,5352600.565091968,14634.414634146342,1586322.5990180648,5351658.619072326,14634.414634146342
1586713.9496528476,5353116.273623361,14146.634146341463,15.356086082298173,1586419.619660761,5352690.036135114,13658.853658536585,1586762.4599741958,5353631.982154754,13658.853658536585,1587008.2796449345,5353542.511111609,14634.414634146342,1586665.4393314996,5352600.565091968,14634.414634146342
1587056.7899662824,5354058.219643002,14146.634146341463,14.168747891152377,1586762.4599741958,5353631.982154754,13658.853658536585,1587105.3002876306,5354573.928174395,13658.853658536585,1587351.119958369,5354484.45713125,14634.414634146342,1587008.2796449345,5353542.511111609,14634.414634146342
1587399.6302797173,5355000.165662643,14146.634146341463,11.696238606003348,1587105.3002876306,5354573.928174395,13658.853658536585,1587448.1406010652,5355515.874194036,13658.853658536585,1587693.960271804,5355426.40315089,14634.414634146342,1587351.119958369,5354484.45713125,14634.414634146342
1587742.4705931519,5355942.111682283,14146.634146341463,9.119819039242312,1587448.1406010652,5355515.874194036,13658.853658536585,1587790.9809145,5356457.820213677,13658.853658536585,1588036.8005852387,5356368.34917053,14634.414634146342,1587693.960271804,5355426.40315089,14634.414634146342
1588085.3109065867,5356884.057701924,14146.634146341463,6.585862169183321,1587790.9809145,5356457.820213677,13658.853658536585,1588133.821227935,5357399.766233318,13658.853658536585,1588379.6408986736,5357310.295190172,14634.414634146342,1588036.8005852387,5356368.34917053,14634.414634146342
1588428.1512200215,5357826.003721565,14146.634146341463,7.865634356059115,1588133.821227935,5357399.766233318,13658.853658536585,1588476.6615413697,5358341.712252959,13658.853658536585,1588722.4812121082,5358252.241209812,14634.414634146342,1588379.6408986736,5357310.295190172,14634.414634146342
1588770.9915334564,5358767.949741206,14146.634146341463,6.859196295498601,1588476.6615413697,5358341.712252959,13658.853658536585,1588819.5018548046,5359283.6582726,13658.853658536585,1589065.3215255432,5359194.187229454,14634.414634146342,1588722.4812121082,5358252.241209812,14634.414634146342
1589113.8318468914,5359709.895760847,14146.634146341463,5.590206274171769,1588819.5018548046,5359283.6582726,13658.853658536585,1589162.3421682394,5360225.604292241,13658.853658536585,1589408.161838978,5360136.133249094,14634.414634146342,1589065.3215255432,5359194.187229454,14634.414634146342
1589456.6721603263,5360651.841780488,14146.634146341463,5.280236072920285,1589162.3421682394,5360225.604292241,13658.853658536585,1589505.1824816742,5361167.550311881,13658.853658536585,1589751.002152413,5361078.079268736,14634.414634146342,1589408.161838978,5360136.133249094,14634.414634146342
1589799.512473761,5361593.787800129,14146.634146341463,4.500807267668407,1589505.1824816742,5361167.550311881,13658.853658536585,1589848.022795109,5362109.496331522,13658.853658536585,1590093.8424658477,5362020.025288376,14634.414634146342,1589751.002152413,5361078.079268736,14634.414634146342
1590142.352787196,5362535.73381977,14146.634146341463,4.548377561118178,1589848.022795109,5362109.496331522,13658.853658536585,1590190.863108544,5363051.442351163,13658.853658536585,1590436.6827792823,5362961.971308017,14634.414634146342,1590093.8424658477,5362020.025288376,14634.414634146342
1590485.1931006305,5363477.679839411,14146.634146341463,4.492514685472411,1590190.863108544,5363051.442351163,13658.853658536585,1590533.7034219785,5363993.388370804,13658.853658536585,1590779.5230927172,5363903.917327658,14634.414634146342,1590436.6827792823,5362961.971308017,14634.414634146342
1590828.0334140654,5364419.625859051,14146.634146341463,5.0208527983193,1590533.7034219785,5363993.388370804,13658.853658536585,1590876.5437354133,5364935.334390445,13658.853658536585,1591122.363406152,5364845.863347299,14634.414634146342,1590779.5230927172,5363903.917327658,14634.414634146342
1591170.8737275002,5365361.571878692,14146.634146341463,5.6636250677223705,1590876.5437354133,5364935.334390445,13658.853658536585,1591219.3840488482,5365877.280410086,13658.853658536585,1591465.203719587,5365787.80936694,14634.414634146342,1591122.363406152,5364845.863347299,14634.414634146342
1591513.714040935,5366303.517898333,14146.634146341463,5.166768543957508,1591219.3840488482,5365877.280410086,13658.853658536585,1591562.2243622832,5366819.226429727,13658.853658536585,1591808.0440330217,5366729.755386581,14634.414634146342,1591465.203719587,5365787.80936694,14634.414634146342
1591856.5543543696,5367245.463917974,14146.634146341463,5.536475398971552,1591562.2243622832,5366819.226429727,13658.853658536585,1591905.0646757178,5367761.172449367,13658.853658536585,1592150.8843464565,5367671.701406222,14634.414634146342,1591808.0440330217,5366729.755386581,14634.414634146342
1592199.3946678045,5368187.4099376155,14146.634146341463,6.8310783410808185,1591905.0646757178,5367761.172449367,13658.853658536585,1592247.9049891527,5368703.118469008,13658.853658536585,1592493.7246598913,5368613.647425863,14634.414634146342,1592150.8843464565,5367671.701406222,14634.414634146342
1592542.2349812393,5369129.355957256,14146.634146341463,7.8479815242145055,1592247.9049891527,5368703.118469008,13658.853658536585,1592590.7453025875,5369645.064488649,13658.853658536585,1592836.5649733262,5369555.593445503,14634.414634146342,1592493.7246598913,5368613.647425863,14634.414634146342
1592885.0752946741,5370071.301976898,14146.634146341463,7.338381097979235,1592590.7453025875,5369645.064488649,13658.853658536585,1592933.5856160223,5370587.0105082905,13658.853658536585,1593179.4052867608,5370497.539465144,14634.414634146342,1592836.5649733262,5369555.593445503,14634.414634146342
1593227.915608109,5371013.247996538,14146.634146341463,6.897600712381535,1592933.5856160223,5370587.0105082905,13658.853658536585,1593276.4259294572,5371528.956527931,13658.853658536585,1593522.2456001956,5371439.485484785,14634.414634146342,1593179.4052867608,5370497.539465144,14634.414634146342
1593570.7559215438,5371955.194016178,14146.634146341463,5.136966530777109,1593276.4259294572,5371528.956527931,13658.853658536585,1593619.2662428918,5372470.902547572,13658.853658536585,1593865.0859136304,5372381.431504426,14634.414634146342,1593522.2456001956,5371439.485484785,14634.414634146342
1593913.5962349786,5372897.140035818,14146.634146341463,4.462698377797078,1593619.2662428918,5372470.902547572,13658.853658536585,1593962.1065563266,5373412.848567213,13658.853658536585,1594207.9262270655,5373323.377524067,14634.414634146342,1593865.0859136304,5372381.431504426,14634.414634146342
1594256.4365484137,5373839.08605546,14146.634146341463,3.8224183485101593,1593962.1065563266,5373412.848567213,13658.853658536585,1594304.9468697617,5374354.794586854,13658.853658536585,1594550.7665405003,5374265.323543708,14634.414634146342,1594207.9262270655,5373323.377524067,14634.414634146342
1594599.2768618483,5374781.0320751015,14146.634146341463,2.6865463472440583,1594304.9468697617,5374354.794586854,13658.853658536585,1594647.7871831965,5375296.740606494,13658.853658536585,1594893.606853935,5375207.269563349,14634.414634146342,1594550.7665405003,5374265.323543708,14634.414634146342
1594942.1171752831,5375722.978094742,14146.634146341463,2.205693854069667,1594647.7871831965,5375296.740606494,13658.853658536585,1594990.6274966311,5376238.686626136,13658.853658536585,1595236.4471673698,5376149.215582989,14634.414634146342,1594893.606853935,5375207.269563349,14634.414634146342
1595284.957488718,5376664.924114383,14146.634146341463,2.534658716716976,1594990.6274966311,5376238.686626136,13658.853658536585,1595333.467810066,5377180.6326457765,13658.853658536585,1595579.2874808046,5377091.16160263,14634.414634146342,1595236.4471673698,5376149.215582989,14634.414634146342
1595627.7978021528,5377606.870134025,14146.634146341463,3.6625445019520515,1595333.467810066,5377180.6326457765,13658.853658536585,1595676.3081235008,5378122.578665418,13658.853658536585,1595922.1277942394,5378033.107622272,14634.414634146342,1595579.2874808046,5377091.16160263,14634.414634146342
1595970.6381155876,5378548.816153665,14146.634146341463,4.0368379047076735,1595676.3081235008,5378122.578665418,13658.853658536585,1596019.1484369356,5379064.524685058,13658.853658536585,1596264.9681076743,5378975.0536419125,14634.414634146342,1595922.1277942394,5378033.107622272,14634.414634146342
1596313.4784290222,5379490.762173305,14146.634146341463,3.1663280436322347,1596019.1484369356,5379064.524685058,13658.853658536585,1596361.9887503705,5380006.4707047,13658.853658536585,1596607.8084211089,5379916.999661553,14634.414634146342,1596264.9681076743,5378975.0536419125,14634.414634146342
1596656.318742457,5380432.708192946,14146.634146341463,2.6311250484702007,1596361.9887503705,5380006.4707047,13658.853658536585,1596704.8290638053,5380948.41672434,13658.853658536585,1596950.648734544,5380858.945681194,14634.414634146342,1596607.8084211089,5379916.999661553,14634.414634146342
1596999.1590558921,5381374.6542125875,14146.634146341463,2.8704720251774027,1596704.8290638053,5380948.41672434,13658.853658536585,1597047.6693772401,5381890.362743981,13658.853658536585,1597293.4890479788,5381800.891700835,14634.414634146342,1596950.648734544,5380858.945681194,14634.414634146342
1597341.999369327,5382316.600232229,14146.634146341463,2.605728130045504,1597047.6693772401,5381890.362743981,13658.853658536585,1597390.509690675,5382832.308763621,13658.853658536585,1597636.3293614136,5382742.837720476,14634.414634146342,1597293.4890479788,5381800.891700835,14634.414634146342
1545818.931711409,5239993.280223309,15122.195121951221,1.8581787980346678,1545524.601719322,5239567.042735062,14634.414634146342,1545867.4420327567,5240508.988754702,14634.414634146342,1546113.261703496,5240419.517711556,15609.975609756098,1545770.4213900615,5239477.571691914,15609.975609756098
1546161.7720248438,5240935.226242949,15122.195121951221,2.4575143715011603,1545867.4420327567,5240508.988754702,14634.414634146342,1546210.2823461916,5241450.934774342,14634.414634146342,1546456.102016931,5241361.463731197,15609.975609756098,1546113.261703496,5240419.517711556,15609.975609756098
1546504.6123382787,5241877.172262589,15122.195121951221,3.0288810260395547,1546210.2823461916,5241450.934774342,14634.414634146342,1546553.1226596264,5242392.880793984,14634.414634146342,1546798.942330366,5242303.409750837,15609.975609756098,1546456.102016931,5241361.463731197,15609.975609756098
1546847.4526517137,5242819.1182822315,15122.195121951221,3.1295384722741897,1546553.1226596264,5242392.880793984,14634.414634146342,1546895.9629730613,5243334.826813624,14634.414634146342,1547141.7826438008,5243245.355770478,15609.975609756098,1546798.942330366,5242303.409750837,15609.975609756098
1547190.2929651483,5243761.064301872,15122.195121951221,2.7322589397642076,1546895.9629730613,5243334.826813624,14634.414634146342,1547238.803286496,5244276.772833265,14634.414634146342,1547484.6229572354,5244187.301790119,15609.975609756098,1547141.7826438008,5243245.355770478,15609.975609756098
1547533.1332785832,5244703.010321513,15122.195121951221,3.1146209191823218,1547238.803286496,5244276.772833265,14634.414634146342,1547581.643599931,5245218.718852906,14634.414634146342,1547827.4632706703,5245129.24780976,15609.975609756098,1547484.6229572354,5244187.301790119,15609.975609756098
1547875.973592018,5245644.956341153,15122.195121951221,3.7413274447054663,1547581.643599931,5245218.718852906,14634.414634146342,1547924.4839133658,5246160.664872548,14634.414634146342,1548170.303584105,5246071.1938294,15609.975609756098,1547827.4632706703,5245129.24780976,15609.975609756098
1548218.8139054528,5246586.902360794,15122.195121951221,3.3049627003446687,1547924.4839133658,5246160.664872548,14634.414634146342,1548267.3242268004,5247102.610892188,14634.414634146342,1548513.14389754,5247013.1398490425,15609.975609756098,1548170.303584105,5246071.1938294,15609.975609756098
1548561.6542188877,5247528.848380435,15122.195121951221,2.753458682817136,1548267.3242268004,5247102.610892188,14634.414634146342,1548610.1645402352,5248044.556911829,14634.414634146342,1548855.9842109748,5247955.085868683,15609.975609756098,1548513.14389754,5247013.1398490425,15609.975609756098
1548904.4945323225,5248470.794400076,15122.195121951221,2.0827301917541563,1548610.1645402352,5248044.556911829,14634.414634146342,1548953.00485367,5248986.50293147,14634.414634146342,1549198.8245244094,5248897.031888324,15609.975609756098,1548855.9842109748,5247955.085868683,15609.975609756098
1549247.334845757,5249412.740419717,15122.195121951221,1.7723887560668001,1548953.00485367,5248986.50293147,14634.414634146342,1549295.845167105,5249928.448951111,14634.414634146342,1549541.6648378444,5249838.977907964,15609.975609756098,1549198.8245244094,5248897.031888324,15609.975609756098
1549590.175159192,5250354.686439359,15122.195121951221,1.8322978588805077,1549295.845167105,5249928.448951111,14634.414634146342,1549638.6854805397,5250870.394970751,14634.414634146342,1549884.5051512793,5250780.923927606,15609.975609756098,1549541.6648378444,5249838.977907964,15609.975609756098
1549933.0154726268,5251296.632458999,15122.195121951221,1.8676501966226051,1549638.6854805397,5250870.394970751,14634.414634146342,1549981.5257939745,5251812.3409903925,14634.414634146342,1550227.345464714,5251722.869947246,15609.975609756098,1549884.5051512793,5250780.923927606,15609.975609756098
1550275.8557860616,5252238.57847864,15122.195121951221,1.692577615088817,1549981.5257939745,5251812.3409903925,14634.414634146342,1550324.3661074094,5252754.287010034,14634.414634146342,1550570.1857781487,5252664.8159668865,15609.975609756098,1550227.345464714,5251722.869947246,15609.975609756098
1550618.6960994964,5253180.524498281,15122.195121951221,2.2180283269440046,1550324.3661074094,5252754.287010034,14634.414634146342,1550667.2064208442,5253696.233029675,14634.414634146342,1550913.0260915835,5253606.761986528,15609.975609756098,1550570.1857781487,5252664.8159668865,15609.975609756098
1550961.5364129313,5254122.470517921,15122.195121951221,2.6505592409625045,1550667.2064208442,5253696.233029675,14634.414634146342,1551010.046734279,5254638.179049315,14634.414634146342,1551255.8664050184,5254548.708006169,15609.975609756098,1550913.0260915835,5253606.761986528,15609.975609756098
1551304.376726366,5255064.416537562,15122.195121951221,3.4370232083636836,1551010.046734279,5254638.179049315,14634.414634146342,1551352.8870477139,5255580.125068956,14634.414634146342,1551598.7067184532,5255490.65402581,15609.975609756098,1551255.8664050184,5254548.708006169,15609.975609756098
1551647.217039801,5256006.3625572035,15122.195121951221,3.9028160917404504,1551352.8870477139,5255580.125068956,14634.414634146342,1551695.7273611485,5256522.071088597,14634.414634146342,1551941.547031888,5256432.600045451,15609.975609756098,1551598.7067184532,5255490.65402581,15609.975609756098
1551990.0573532358,5256948.308576845,15122.195121951221,4.075131526973722,1551695.7273611485,5256522.071088597,14634.414634146342,1552038.5676745835,5257464.017108238,14634.414634146342,1552284.387345323,5257374.546065092,15609.975609756098,1551941.547031888,5256432.600045451,15609.975609756098
1552332.8976666706,5257890.254596486,15122.195121951221,4.763011900714241,1552038.5676745835,5257464.017108238,14634.414634146342,1552381.4079880184,5258405.9631278785,14634.414634146342,1552627.2276587577,5258316.492084733,15609.975609756098,1552284.387345323,5257374.546065092,15609.975609756098
1552675.7379801054,5258832.200616126,15122.195121951221,4.542509631469831,1552381.4079880184,5258405.9631278785,14634.414634146342,1552724.2483014532,5259347.909147521,14634.414634146342,1552970.0679721925,5259258.438104373,15609.975609756098,1552627.2276587577,5258316.492084733,15609.975609756098
1553018.5782935403,5259774.146635767,15122.195121951221,4.794698889140819,1552724.2483014532,5259347.909147521,14634.414634146342,1553067.0886148878,5260289.855167161,14634.414634146342,1553312.9082856274,5260200.384124014,15609.975609756098,1552970.0679721925,5259258.438104373,15609.975609756098
1553361.418606975,5260716.092655408,15122.195121951221,5.190261234940216,1553067.0886148878,5260289.855167161,14634.414634146342,1553409.9289283226,5261231.801186802,14634.414634146342,1553655.7485990622,5261142.330143656,15609.975609756098,1553312.9082856274,5260200.384124014,15609.975609756098
1553704.25892041,5261658.038675048,15122.195121951221,4.652070835625899,1553409.9289283226,5261231.801186802,14634.414634146342,1553752.7692417575,5262173.747206442,14634.414634146342,1553998.5889124968,5262084.276163296,15609.975609756098,1553655.7485990622,5261142.330143656,15609.975609756098
1554047.0992338446,5262599.984694689,15122.195121951221,4.320380567496299,1553752.7692417575,5262173.747206442,14634.414634146342,1554095.6095551923,5263115.693226083,14634.414634146342,1554341.4292259316,5263026.222182937,15609.975609756098,1553998.5889124968,5262084.276163296,15609.975609756098
1554389.9395472794,5263541.930714331,15122.195121951221,4.630202768669886,1554095.6095551923,5263115.693226083,14634.414634146342,1554438.4498686271,5264057.639245724,14634.414634146342,1554684.2695393667,5263968.168202577,15609.975609756098,1554341.4292259316,5263026.222182937,15609.975609756098
1554732.7798607145,5264483.876733972,15122.195121951221,5.695469758881862,1554438.4498686271,5264057.639245724,14634.414634146342,1554781.290182062,5264999.5852653645,14634.414634146342,1555027.1098528015,5264910.114222219,15609.975609756098,1554684.2695393667,5263968.168202577,15609.975609756098
1555075.6201741493,5265425.822753612,15122.195121951221,6.235579328202146,1554781.290182062,5264999.5852653645,14634.414634146342,1555124.1304954968,5265941.531285006,14634.414634146342,1555369.9501662361,5265852.060241859,15609.975609756098,1555027.1098528015,5264910.114222219,15609.975609756098
1555418.460487584,5266367.768773253,15122.195121951221,6.581640847456487,1555124.1304954968,5265941.531285006,14634.414634146342,1555466.9708089316,5266883.477304647,14634.414634146342,1555712.790479671,5266794.0062615005,15609.975609756098,1555369.9501662361,5265852.060241859,15609.975609756098
1555761.3008010187,5267309.714792894,15122.195121951221,6.776439713367927,1555466.9708089316,5266883.477304647,14634.414634146342,1555809.8111223665,5267825.423324288,14634.414634146342,1556055.6307931058,5267735.952281141,15609.975609756098,1555712.790479671,5266794.0062615005,15609.975609756098
1556104.1411144533,5268251.660812535,15122.195121951221,6.178435266461071,1555809.8111223665,5267825.423324288,14634.414634146342,1556152.651435801,5268767.369343928,14634.414634146342,1556398.4711065406,5268677.898300783,15609.975609756098,1556055.6307931058,5267735.952281141,15609.975609756098
1556446.9814278882,5269193.6068321755,15122.195121951221,6.404497257985295,1556152.651435801,5268767.369343928,14634.414634146342,1556495.491749236,5269709.31536357,14634.414634146342,1556741.3114199755,5269619.844320423,15609.975609756098,1556398.4711065406,5268677.898300783,15609.975609756098
1556789.821741323,5270135.552851816,15122.195121951221,5.664932893370825,1556495.491749236,5269709.31536357,14634.414634146342,1556838.3320626707,5270651.26138321,14634.414634146342,1557084.15173341,5270561.790340064,15609.975609756098,1556741.3114199755,5269619.844320423,15609.975609756098
1557132.6620547578,5271077.498871458,15122.195121951221,5.321829793062971,1556838.3320626707,5270651.26138321,14634.414634146342,1557181.1723761056,5271593.207402851,14634.414634146342,1557426.9920468451,5271503.736359705,15609.975609756098,1557084.15173341,5270561.790340064,15609.975609756098
1557475.502368193,5272019.444891099,15122.195121951221,4.581596149367822,1557181.1723761056,5271593.207402851,14634.414634146342,1557524.0126895404,5272535.153422492,14634.414634146342,1557769.83236028,5272445.682379346,15609.975609756098,1557426.9920468451,5271503.736359705,15609.975609756098
1557818.3426816277,5272961.390910739,15122.195121951221,4.758504899340418,1557524.0126895404,5272535.153422492,14634.414634146342,1557866.8530029752,5273477.099442134,14634.414634146342,1558112.6726737148,5273387.6283989865,15609.975609756098,1557769.83236028,5272445.682379346,15609.975609756098
1558161.1829950623,5273903.336930379,15122.195121951221,4.674755313852369,1557866.8530029752,5273477.099442134,14634.414634146342,1558209.69331641,5274419.045461774,14634.414634146342,1558455.5129871494,5274329.574418627,15609.975609756098,1558112.6726737148,5273387.6283989865,15609.975609756098
1558504.0233084972,5274845.282950021,15122.195121951221,5.660551120350222,1558209.69331641,5274419.045461774,14634.414634146342,1558552.533629845,5275360.991481415,14634.414634146342,1558798.3533005842,5275271.520438269,15609.975609756098,1558455.5129871494,5274329.574418627,15609.975609756098
1558846.863621932,5275787.228969662,15122.195121951221,6.435331712142138,1558552.533629845,5275360.991481415,14634.414634146342,1558895.3739432797,5276302.937501055,14634.414634146342,1559141.193614019,5276213.466457909,15609.975609756098,1558798.3533005842,5275271.520438269,15609.975609756098
1559189.7039353668,5276729.174989303,15122.195121951221,6.199673272149623,1558895.3739432797,5276302.937501055,14634.414634146342,1559238.2142567143,5277244.883520696,14634.414634146342,1559484.033927454,5277155.41247755,15609.975609756098,1559141.193614019,5276213.466457909,15609.975609756098
1559532.5442488014,5277671.121008944,15122.195121951221,6.606120983962421,1559238.2142567143,5277244.883520696,14634.414634146342,1559581.0545701492,5278186.829540337,14634.414634146342,1559826.8742408885,5278097.35849719,15609.975609756098,1559484.033927454,5277155.41247755,15609.975609756098
1559875.3845622365,5278613.067028584,15122.195121951221,6.458254869867183,1559581.0545701492,5278186.829540337,14634.414634146342,1559923.8948835842,5279128.775559978,14634.414634146342,1560169.7145543236,5279039.304516832,15609.975609756098,1559826.8742408885,5278097.35849719,15609.975609756098
1560218.2248756713,5279555.013048225,15122.195121951221,6.540825521805881,1559923.8948835842,5279128.775559978,14634.414634146342,1560266.735197019,5280070.721579619,14634.414634146342,1560512.5548677584,5279981.250536473,15609.975609756098,1560169.7145543236,5279039.304516832,15609.975609756098
1560561.0651891062,5280496.959067866,15122.195121951221,6.9575420997103,1560266.735197019,5280070.721579619,14634.414634146342,1560609.5755104537,5281012.66759926,14634.414634146342,1560855.3951811932,5280923.196556114,15609.975609756098,1560512.5548677584,5279981.250536473,15609.975609756098
1560903.905502541,5281438.905087507,15122.195121951221,8.970922985295179,1560609.5755104537,5281012.66759926,14634.414634146342,1560952.4158238885,5281954.613618901,14634.414634146342,1561198.235494628,5281865.142575755,15609.975609756098,1560855.3951811932,5280923.196556114,15609.975609756098
1561246.7458159758,5282380.851107148,15122.195121951221,8.418917157859427,1560952.4158238885,5281954.613618901,14634.414634146342,1561295.2561373233,5282896.559638541,14634.414634146342,1561541.0758080627,5282807.088595396,15609.975609756098,1561198.235494628,5281865.142575755,15609.975609756098
1561589.5861294104,5283322.797126789,15122.195121951221,7.859877372905687,1561295.2561373233,5282896.559638541,14634.414634146342,1561638.0964507582,5283838.505658183,14634.414634146342,1561883.9161214975,5283749.034615036,15609.975609756098,1561541.0758080627,5282807.088595396,15609.975609756098
1561932.4264428453,5284264.74314643,15122.195121951221,7.046808150089087,1561638.0964507582,5283838.505658183,14634.414634146342,1561980.936764193,5284780.451677823,14634.414634146342,1562226.7564349324,5284690.980634677,15609.975609756098,1561883.9161214975,5283749.034615036,15609.975609756098
1562275.26675628,5285206.689166071,15122.195121951221,6.8586149338747155,1561980.936764193,5284780.451677823,14634.414634146342,1562323.7770776278,5285722.397697465,14634.414634146342,1562569.5967483674,5285632.926654318,15609.975609756098,1562226.7564349324,5284690.980634677,15609.975609756098
1562618.107069715,5286148.635185711,15122.195121951221,5.660618281189285,1562323.7770776278,5285722.397697465,14634.414634146342,1562666.6173910627,5286664.343717105,14634.414634146342,1562912.4370618023,5286574.8726739595,15609.975609756098,1562569.5967483674,5285632.926654318,15609.975609756098
1562960.9473831498,5287090.581205352,15122.195121951221,4.9828018485035095,1562666.6173910627,5286664.343717105,14634.414634146342,1563009.4577044975,5287606.289736747,14634.414634146342,1563255.277375237,5287516.8186936,15609.975609756098,1562912.4370618023,5286574.8726739595,15609.975609756098
1563303.7876965846,5288032.527224994,15122.195121951221,4.434332093372129,1563009.4577044975,5287606.289736747,14634.414634146342,1563352.2980179323,5288548.235756387,14634.414634146342,1563598.1176886717,5288458.764713241,15609.975609756098,1563255.277375237,5287516.8186936,15609.975609756098
1563646.6280100194,5288974.473244634,15122.195121951221,4.962735530034147,1563352.2980179323,5288548.235756387,14634.414634146342,1563695.1383313672,5289490.181776028,14634.414634146342,1563940.9580021065,5289400.710732882,15609.975609756098,1563598.1176886717,5288458.764713241,15609.975609756098
1563989.4683234543,5289916.419264276,15122.195121951221,5.55835154698358,1563695.1383313672,5289490.181776028,14634.414634146342,1564037.9786448018,5290432.127795668,14634.414634146342,1564283.7983155414,5290342.656752523,15609.975609756098,1563940.9580021065,5289400.710732882,15609.975609756098
1564332.3086368889,5290858.365283916,15122.195121951221,6.12263677119851,1564037.9786448018,5290432.127795668,14634.414634146342,1564380.8189582366,5291374.07381531,14634.414634146342,1564626.6386289762,5291284.602772163,15609.975609756098,1564283.7983155414,5290342.656752523,15609.975609756098
1564675.1489503237,5291800.311303558,15122.195121951221,6.8237294333886735,1564380.8189582366,5291374.07381531,14634.414634146342,1564723.6592716714,5292316.019834951,14634.414634146342,1564969.4789424108,5292226.548791805,15609.975609756098,1564626.6386289762,5291284.602772163,15609.975609756098
1565017.9892637585,5292742.257323198,15122.195121951221,8.089347144882625,1564723.6592716714,5292316.019834951,14634.414634146342,1565066.4995851063,5293257.965854592,14634.414634146342,1565312.3192558459,5293168.4948114455,15609.975609756098,1564969.4789424108,5292226.548791805,15609.975609756098
1565360.8295771936,5293684.203342838,15122.195121951221,8.235504868585094,1565066.4995851063,5293257.965854592,14634.414634146342,1565409.339898541,5294199.911874233,14634.414634146342,1565655.1595692807,5294110.440831087,15609.975609756098,1565312.3192558459,5293168.4948114455,15609.975609756098
1565703.6698906284,5294626.149362479,15122.195121951221,8.034781159467268,1565409.339898541,5294199.911874233,14634.414634146342,1565752.180211976,5295141.857893874,14634.414634146342,1565997.9998827155,5295052.386850727,15609.975609756098,1565655.1595692807,5294110.440831087,15609.975609756098
1566046.5102040633,5295568.095382121,15122.195121951221,7.936220331689709,1565752.180211976,5295141.857893874,14634.414634146342,1566095.0205254108,5296083.803913514,14634.414634146342,1566340.8401961501,5295994.332870368,15609.975609756098,1565997.9998827155,5295052.386850727,15609.975609756098
1566389.3505174979,5296510.041401762,15122.195121951221,9.70006472054701,1566095.0205254108,5296083.803913514,14634.414634146342,1566437.8608388456,5297025.749933155,14634.414634146342,1566683.680509585,5296936.278890009,15609.975609756098,1566340.8401961501,5295994.332870368,15609.975609756098
1566732.1908309327,5297451.987421402,15122.195121951221,12.542305924183065,1566437.8608388456,5297025.749933155,14634.414634146342,1566780.7011522804,5297967.695952796,14634.414634146342,1567026.5208230198,5297878.224909649,15609.975609756098,1566683.680509585,5296936.278890009,15609.975609756098
1567075.0311443675,5298393.933441044,15122.195121951221,14.521859152799692,1566780.7011522804,5297967.695952796,14634.414634146342,1567123.541465715,5298909.641972437,14634.414634146342,1567369.3611364546,5298820.17092929,15609.975609756098,1567026.5208230198,5297878.224909649,15609.975609756098
1567417.8714578024,5299335.879460684,15122.195121951221,15.513912727673564,1567123.541465715,5298909.641972437,14634.414634146342,1567466.3817791499,5299851.587992078,14634.414634146342,1567712.2014498895,5299762.1169489315,15609.975609756098,1567369.3611364546,5298820.17092929,15609.975609756098
1567760.7117712372,5300277.825480325,15122.195121951221,17.40357255517283,1567466.3817791499,5299851.587992078,14634.414634146342,1567809.222092585,5300793.534011718,14634.414634146342,1568055.0417633243,5300704.062968573,15609.975609756098,1567712.2014498895,5299762.1169489315,15609.975609756098
1568103.552084672,5301219.771499965,15122.195121951221,17.122258806182927,1567809.222092585,5300793.534011718,14634.414634146342,1568152.0624060198,5301735.48003136,14634.414634146342,1568397.8820767591,5301646.008988213,15609.975609756098,1568055.0417633243,5300704.062968573,15609.975609756098
1568446.3923981066,5302161.717519606,15122.195121951221,16.685864385633614,1568152.0624060198,5301735.48003136,14634.414634146342,1568494.9027194544,5302677.426051,14634.414634146342,1568740.722390194,5302587.955007854,15609.975609756098,1568397.8820767591,5301646.008988213,15609.975609756098
1568789.2327115415,5303103.663539248,15122.195121951221,15.12839509299676,1568494.9027194544,5302677.426051,14634.414634146342,1568837.7430328892,5303619.372070641,14634.414634146342,1569083.5627036288,5303529.901027495,15609.975609756098,1568740.722390194,5302587.955007854,15609.975609756098
1569132.0730249763,5304045.609558889,15122.195121951221,13.533286240047044,1568837.7430328892,5303619.372070641,14634.414634146342,1569180.583346324,5304561.318090282,14634.414634146342,1569426.4030170634,5304471.847047136,15609.975609756098,1569083.5627036288,5303529.901027495,15609.975609756098
1569474.9133384111,5304987.555578529,15122.195121951221,14.24087163537601,1569180.583346324,5304561.318090282,14634.414634146342,1569523.4236597589,5305503.2641099235,14634.414634146342,1569769.2433304982,5305413.793066776,15609.975609756098,1569426.4030170634,5304471.847047136,15609.975609756098
1569817.753651846,5305929.501598171,15122.195121951221,13.811832151211341,1569523.4236597589,5305503.2641099235,14634.414634146342,1569866.2639731935,5306445.210129564,14634.414634146342,1570112.083643933,5306355.739086418,15609.975609756098,1569769.2433304982,5305413.793066776,15609.975609756098
1570160.5939652808,5306871.447617811,15122.195121951221,13.522761848220018,1569866.2639731935,5306445.210129564,14634.414634146342,1570209.1042866283,5307387.156149205,14634.414634146342,1570454.923957368,5307297.685106059,15609.975609756098,1570112.083643933,5306355.739086418,15609.975609756098
1570503.4342787156,5307813.393637452,15122.195121951221,12.292381210556384,1570209.1042866283,5307387.156149205,14634.414634146342,1570551.9446000634,5308329.102168846,14634.414634146342,1570797.7642708027,5308239.6311257,15609.975609756098,1570454.923957368,5307297.685106059,15609.975609756098
1570846.2745921505,5308755.3396570925,15122.195121951221,9.554695078144931,1570551.9446000634,5308329.102168846,14634.414634146342,1570894.7849134982,5309271.048188487,14634.414634146342,1571140.6045842376,5309181.57714534,15609.975609756098,1570797.7642708027,5308239.6311257,15609.975609756098
1571189.1149055853,5309697.285676734,15122.195121951221,11.829578736271689,1570894.7849134982,5309271.048188487,14634.414634146342,1571237.625226933,5310212.994208127,14634.414634146342,1571483.4448976724,5310123.523164981,15609.975609756098,1571140.6045842376,5309181.57714534,15609.975609756098
1571531.9552190201,5310639.231696375,15122.195121951221,14.395587775249021,1571237.625226933,5310212.994208127,14634.414634146342,1571580.4655403676,5311154.940227768,14634.414634146342,1571826.2852111072,5311065.469184622,15609.975609756098,1571483.4448976724,5310123.523164981,15609.975609756098
1571874.7955324547,5311581.177716016,15122.195121951221,16.603392917237947,1571580.4655403676,5311154.940227768,14634.414634146342,1571923.3058538025,5312096.8862474095,14634.414634146342,1572169.1255245418,5312007.415204262,15609.975609756098,1571826.2852111072,5311065.469184622,15609.975609756098
1572217.6358458896,5312523.123735657,15122.195121951221,17.19658079150495,1571923.3058538025,5312096.8862474095,14634.414634146342,1572266.1461672373,5313038.83226705,14634.414634146342,1572511.9658379767,5312949.3612239035,15609.975609756098,1572169.1255245418,5312007.415204262,15609.975609756098
1572560.4761593244,5313465.069755297,15122.195121951221,18.104263375925044,1572266.1461672373,5313038.83226705,14634.414634146342,1572608.9864806721,5313980.778286691,14634.414634146342,1572854.8061514115,5313891.307243545,15609.975609756098,1572511.9658379767,5312949.3612239035,15609.975609756098
1572903.3164727592,5314407.015774938,15122.195121951221,18.894446948748367,1572608.9864806721,5313980.778286691,14634.414634146342,1572951.826794107,5314922.724306331,14634.414634146342,1573197.6464648466,5314833.253263186,15609.975609756098,1572854.8061514115,5313891.307243545,15609.975609756098
1573246.1567861943,5315348.9617945785,15122.195121951221,19.459732158574774,1572951.826794107,5314922.724306331,14634.414634146342,1573294.6671075418,5315864.670325973,14634.414634146342,1573540.4867782814,5315775.199282826,15609.975609756098,1573197.6464648466,5314833.253263186,15609.975609756098
1573588.9970996291,5316290.9078142205,15122.195121951221,19.086841183867122,1573294.6671075418,5315864.670325973,14634.414634146342,1573637.5074209766,5316806.616345614,14634.414634146342,1573883.3270917162,5316717.145302468,15609.975609756098,1573540.4867782814,5315775.199282826,15609.975609756098
1573931.837413064,5317232.853833861,15122.195121951221,17.70231378894614,1573637.5074209766,5316806.616345614,14634.414634146342,1573980.3477344115,5317748.562365254,14634.414634146342,1574226.1674051508,5317659.091322108,15609.975609756098,1573883.3270917162,5316717.145302468,15609.975609756098
1574274.6777264986,5318174.799853502,15122.195121951221,17.67460507894994,1573980.3477344115,5317748.562365254,14634.414634146342,1574323.1880478463,5318690.508384896,14634.414634146342,1574569.0077185857,5318601.037341749,15609.975609756098,1574226.1674051508,5317659.091322108,15609.975609756098
1574617.5180399334,5319116.745873143,15122.195121951221,18.621800817433883,1574323.1880478463,5318690.508384896,14634.414634146342,1574666.0283612811,5319632.454404537,14634.414634146342,1574911.8480320205,5319542.9833613895,15609.975609756098,1574569.0077185857,5318601.037341749,15609.975609756098
1574960.358353368,5320058.691892784,15122.195121951221,16.849670114432367,1574666.0283612811,5319632.454404537,14634.414634146342,1575008.8686747157,5320574.400424177,14634.414634146342,1575254.6883454553,5320484.929381032,15609.975609756098,1574911.8480320205,5319542.9833613895,15609.975609756098
1575303.1986668028,5321000.637912424,15122.195121951221,15.681564717339473,1575008.8686747157,5320574.400424177,14634.414634146342,1575351.7089881506,5321516.346443818,14634.414634146342,1575597.5286588902,5321426.875400672,15609.975609756098,1575254.6883454553,5320484.929381032,15609.975609756098
1575646.0389802377,5321942.583932065,15122.195121951221,14.527571767538353,1575351.7089881506,5321516.346443818,14634.414634146342,1575694.5493015856,5322458.292463459,14634.414634146342,1575940.368972325,5322368.821420313,15609.975609756098,1575597.5286588902,5321426.875400672,15609.975609756098
1575988.8792936727,5322884.5299517065,15122.195121951221,14.923189964925088,1575694.5493015856,5322458.292463459,14634.414634146342,1576037.3896150205,5323400.2384831,14634.414634146342,1576283.2092857598,5323310.767439953,15609.975609756098,1575940.368972325,5322368.821420313,15609.975609756098
1576331.7196071076,5323826.475971348,15122.195121951221,16.202041708508837,1576037.3896150205,5323400.2384831,14634.414634146342,1576380.229928455,5324342.18450274,14634.414634146342,1576626.0495991947,5324252.713459595,15609.975609756098,1576283.2092857598,5323310.767439953,15609.975609756098
1576674.5599205422,5324768.421990988,15122.195121951221,16.85246372164095,1576380.229928455,5324342.18450274,14634.414634146342,1576723.07024189,5325284.1305223815,14634.414634146342,1576968.8899126295,5325194.659479235,15609.975609756098,1576626.0495991947,5324252.713459595,15609.975609756098
1577017.400233977,5325710.368010628,15122.195121951221,17.387569260901195,1576723.07024189,5325284.1305223815,14634.414634146342,1577065.9105553248,5326226.076542023,14634.414634146342,1577311.730226064,5326136.605498876,15609.975609756098,1576968.8899126295,5325194.659479235,15609.975609756098
1577360.2405474118,5326652.31403027,15122.195121951221,21.10484115262177,1577065.9105553248,5326226.076542023,14634.414634146342,1577408.7508687596,5327168.022561664,14634.414634146342,1577654.570539499,5327078.551518518,15609.975609756098,1577311.730226064,5326136.605498876,15609.975609756098
1577703.0808608467,5327594.260049911,15122.195121951221,21.65457337010516,1577408.7508687596,5327168.022561664,14634.414634146342,1577751.5911821944,5328109.968581304,14634.414634146342,1577997.4108529338,5328020.497538159,15609.975609756098,1577654.570539499,5327078.551518518,15609.975609756098
1578045.9211742815,5328536.206069551,15122.195121951221,22.964780081682644,1577751.5911821944,5328109.968581304,14634.414634146342,1578094.431495629,5329051.914600946,14634.414634146342,1578340.2511663686,5328962.443557799,15609.975609756098,1577997.4108529338,5328020.497538159,15609.975609756098
1578388.7614877166,5329478.1520891925,15122.195121951221,23.468599704282575,1578094.431495629,5329051.914600946,14634.414634146342,1578437.271809064,5329993.860620586,14634.414634146342,1578683.0914798034,5329904.38957744,15609.975609756098,1578340.2511663686,5328962.443557799,15609.975609756098
1578731.6018011512,5330420.098108834,15122.195121951221,22.538438842009622,1578437.271809064,5329993.860620586,14634.414634146342,1578780.112122499,5330935.806640227,14634.414634146342,1579025.9317932383,5330846.335597081,15609.975609756098,1578683.0914798034,5329904.38957744,15609.975609756098
1579074.442114586,5331362.044128475,15122.195121951221,21.08366677911049,1578780.112122499,5330935.806640227,14634.414634146342,1579122.9524359338,5331877.7526598675,14634.414634146342,1579368.772106673,5331788.281616722,15609.975609756098,1579025.9317932383,5330846.335597081,15609.975609756098
1579417.2824280208,5332303.990148115,15122.195121951221,18.15024162335359,1579122.9524359338,5331877.7526598675,14634.414634146342,1579465.7927493684,5332819.69867951,14634.414634146342,1579711.612420108,5332730.227636362,15609.975609756098,1579368.772106673,5331788.281616722,15609.975609756098
1579760.1227414557,5333245.936167756,15122.195121951221,16.941245579366825,1579465.7927493684,5332819.69867951,14634.414634146342,1579808.6330628032,5333761.64469915,14634.414634146342,1580054.4527335428,5333672.173656003,15609.975609756098,1579711.612420108,5332730.227636362,15609.975609756098
1580102.9630548905,5334187.882187396,15122.195121951221,14.578148530672632,1579808.6330628032,5333761.64469915,14634.414634146342,1580151.473376238,5334703.59071879,14634.414634146342,1580397.2930469774,5334614.119675645,15609.975609756098,1580054.4527335428,5333672.173656003,15609.975609756098
1580445.803368325,5335129.828207037,15122.195121951221,13.591692196878762,1580151.473376238,5334703.59071879,14634.414634146342,1580494.3136896729,5335645.536738431,14634.414634146342,1580740.1333604122,5335556.065695285,15609.975609756098,1580397.2930469774,5334614.119675645,15609.975609756098
1580788.6436817597,5336071.774226679,15122.195121951221,15.090681942937119,1580494.3136896729,5335645.536738431,14634.414634146342,1580837.1540031075,5336587.482758072,14634.414634146342,1581082.9736738473,5336498.011714926,15609.975609756098,1580740.1333604122,5335556.065695285,15609.975609756098
1581131.4839951948,5337013.72024632,15122.195121951221,18.69366958465153,1580837.1540031075,5336587.482758072,14634.414634146342,1581179.9943165425,5337529.428777713,14634.414634146342,1581425.813987282,5337439.957734566,15609.975609756098,1581082.9736738473,5336498.011714926,15609.975609756098
1581474.3243086296,5337955.666265961,15122.195121951221,20.8150452702172,1581179.9943165425,5337529.428777713,14634.414634146342,1581522.8346299774,5338471.3747973535,14634.414634146342,1581768.6543007167,5338381.903754208,15609.975609756098,1581425.813987282,5337439.957734566,15609.975609756098
1581817.1646220644,5338897.612285601,15122.195121951221,21.013395191164925,1581522.8346299774,5338471.3747973535,14634.414634146342,1581865.6749434122,5339413.320816996,14634.414634146342,1582111.4946141515,5339323.849773848,15609.975609756098,1581768.6543007167,5338381.903754208,15609.975609756098
1582160.0049354993,5339839.558305242,15122.195121951221,20.41149166809531,1581865.6749434122,5339413.320816996,14634.414634146342,1582208.515256847,5340355.266836636,14634.414634146342,1582454.3349275864,5340265.79579349,15609.975609756098,1582111.4946141515,5339323.849773848,15609.975609756098
1582502.845248934,5340781.504324883,15122.195121951221,19.146222363307867,1582208.515256847,5340355.266836636,14634.414634146342,1582551.3555702816,5341297.212856277,14634.414634146342,1582797.1752410212,5341207.741813131,15609.975609756098,1582454.3349275864,5340265.79579349,15609.975609756098
1582845.6855623687,5341723.450344523,15122.195121951221,18.85674980852454,1582551.3555702816,5341297.212856277,14634.414634146342,1582894.1958837165,5342239.158875917,14634.414634146342,1583140.0155544558,5342149.687832772,15609.975609756098,1582797.1752410212,5341207.741813131,15609.975609756098
1583188.5258758035,5342665.396364165,15122.195121951221,18.90639483963543,1582894.1958837165,5342239.158875917,14634.414634146342,1583237.0361971513,5343181.104895559,14634.414634146342,1583482.8558678906,5343091.633852412,15609.975609756098,1583140.0155544558,5342149.687832772,15609.975609756098
1583531.3661892384,5343607.342383806,15122.195121951221,15.911673429512494,1583237.0361971513,5343181.104895559,14634.414634146342,1583579.8765105864,5344123.050915199,14634.414634146342,1583825.6961813257,5344033.579872053,15609.975609756098,1583482.8558678906,5343091.633852412,15609.975609756098
1583874.2065026734,5344549.288403447,15122.195121951221,14.21673226314062,1583579.8765105864,5344123.050915199,14634.414634146342,1583922.7168240212,5345064.99693484,14634.414634146342,1584168.5364947605,5344975.525891694,15609.975609756098,1583825.6961813257,5344033.579872053,15609.975609756098
1584217.0468161083,5345491.234423088,15122.195121951221,14.521102476989354,1583922.7168240212,5345064.99693484,14634.414634146342,1584265.5571374558,5346006.942954481,14634.414634146342,1584511.3768081954,5345917.471911335,15609.975609756098,1584168.5364947605,5344975.525891694,15609.975609756098
1584559.887129543,5346433.180442728,15122.195121951221,12.610360607717467,1584265.5571374558,5346006.942954481,14634.414634146342,1584608.3974508906,5346948.888974123,14634.414634146342,1584854.2171216302,5346859.417930976,15609.975609756098,1584511.3768081954,5345917.471911335,15609.975609756098
1584902.7274429777,5347375.12646237,15122.195121951221,11.595970375213465,1584608.3974508906,5346948.888974123,14634.414634146342,1584951.2377643255,5347890.834993763,14634.414634146342,1585197.0574350648,5347801.363950617,15609.975609756098,1584854.2171216302,5346859.417930976,15609.975609756098
1585245.5677564126,5348317.07248201,15122.195121951221,12.420556261749569,1584951.2377643255,5347890.834993763,14634.414634146342,1585294.0780777603,5348832.781013404,14634.414634146342,1585539.8977484996,5348743.309970258,15609.975609756098,1585197.0574350648,5347801.363950617,15609.975609756098
1585588.4080698474,5349259.018501651,15122.195121951221,10.309764071077558,1585294.0780777603,5348832.781013404,14634.414634146342,1585636.9183911951,5349774.727033044,14634.414634146342,1585882.7380619345,5349685.255989899,15609.975609756098,1585539.8977484996,5348743.309970258,15609.975609756098
1585931.2483832822,5350200.964521292,15122.195121951221,9.09614099519289,1585636.9183911951,5349774.727033044,14634.414634146342,1585979.7587046297,5350716.673052686,14634.414634146342,1586225.5783753693,5350627.202009539,15609.975609756098,1585882.7380619345,5349685.255989899,15609.975609756098
1586274.0886967173,5351142.910540934,15122.195121951221,8.879298862759638,1585979.7587046297,5350716.673052686,14634.414634146342,1586322.5990180648,5351658.619072326,14634.414634146342,1586568.4186888044,5351569.148029181,15609.975609756098,1586225.5783753693,5350627.202009539,15609.975609756098
1586616.9290101521,5352084.856560574,15122.195121951221,10.070598009464188,1586322.5990180648,5351658.619072326,14634.414634146342,1586665.4393314996,5352600.565091968,14634.414634146342,1586911.259002239,5352511.094048821,15609.975609756098,1586568.4186888044,5351569.148029181,15609.975609756098
1586959.7693235867,5353026.802580214,15122.195121951221,11.476749638125376,1586665.4393314996,5352600.565091968,14634.414634146342,1587008.2796449345,5353542.511111609,14634.414634146342,1587254.0993156738,5353453.040068462,15609.975609756098,1586911.259002239,5352511.094048821,15609.975609756098
1587302.6096370213,5353968.748599855,15122.195121951221,10.874503252191317,1587008.2796449345,5353542.511111609,14634.414634146342,1587351.119958369,5354484.45713125,14634.414634146342,1587596.9396291086,5354394.986088103,15609.975609756098,1587254.0993156738,5353453.040068462,15609.975609756098
1587645.4499504562,5354910.694619497,15122.195121951221,10.29615271128856,1587351.119958369,5354484.45713125,14634.414634146342,1587693.960271804,5355426.40315089,14634.414634146342,1587939.7799425435,5355336.932107744,15609.975609756098,1587596.9396291086,5354394.986088103,15609.975609756098
1587988.290263891,5355852.6406391375,15122.195121951221,8.160819283801354,1587693.960271804,5355426.40315089,14634.414634146342,1588036.8005852387,5356368.34917053,14634.414634146342,1588282.620255978,5356278.878127385,15609.975609756098,1587939.7799425435,5355336.932107744,15609.975609756098
1588331.1305773258,5356794.586658778,15122.195121951221,8.028101992952491,1588036.8005852387,5356368.34917053,14634.414634146342,1588379.6408986736,5357310.295190172,14634.414634146342,1588625.460569413,5357220.824147025,15609.975609756098,1588282.620255978,5356278.878127385,15609.975609756098
1588673.9708907607,5357736.532678419,15122.195121951221,8.738307616251353,1588379.6408986736,5357310.295190172,14634.414634146342,1588722.4812121082,5358252.241209812,14634.414634146342,1588968.300882848,5358162.770166666,15609.975609756098,1588625.460569413,5357220.824147025,15609.975609756098
1589016.8112041955,5358678.47869806,15122.195121951221,8.069189210133054,1588722.4812121082,5358252.241209812,14634.414634146342,1589065.3215255432,5359194.187229454,14634.414634146342,1589311.1411962828,5359104.716186307,15609.975609756098,1588968.300882848,5358162.770166666,15609.975609756098
1589359.6515176303,5359620.424717701,15122.195121951221,6.612442538266359,1589065.3215255432,5359194.187229454,14634.414634146342,1589408.161838978,5360136.133249094,14634.414634146342,1589653.9815097174,5360046.6622059485,15609.975609756098,1589311.1411962828,5359104.716186307,15609.975609756098
1589702.4918310652,5360562.370737341,15122.195121951221,5.654228922677298,1589408.161838978,5360136.133249094,14634.414634146342,1589751.002152413,5361078.079268736,14634.414634146342,1589996.8218231522,5360988.608225589,15609.975609756098,1589653.9815097174,5360046.6622059485,15609.975609756098
1590045.3321445,5361504.316756983,15122.195121951221,5.165480224245176,1589751.002152413,5361078.079268736,14634.414634146342,1590093.8424658477,5362020.025288376,14634.414634146342,1590339.662136587,5361930.55424523,15609.975609756098,1589996.8218231522,5360988.608225589,15609.975609756098
1590388.1724579348,5362446.2627766235,15122.195121951221,4.891556728362423,1590093.8424658477,5362020.025288376,14634.414634146342,1590436.6827792823,5362961.971308017,14634.414634146342,1590682.502450022,5362872.500264871,15609.975609756098,1590339.662136587,5361930.55424523,15609.975609756098
1590731.0127713697,5363388.208796265,15122.195121951221,4.144679819226002,1590436.6827792823,5362961.971308017,14634.414634146342,1590779.5230927172,5363903.917327658,14634.414634146342,1591025.3427634565,5363814.446284512,15609.975609756098,1590682.502450022,5362872.500264871,15609.975609756098
1591073.8530848043,5364330.154815905,15122.195121951221,4.044780405500534,1590779.5230927172,5363903.917327658,14634.414634146342,1591122.363406152,5364845.863347299,14634.414634146342,1591368.1830768913,5364756.392304152,15609.975609756098,1591025.3427634565,5363814.446284512,15609.975609756098
1591416.693398239,5365272.100835546,15122.195121951221,4.2292069219127395,1591122.363406152,5364845.863347299,14634.414634146342,1591465.203719587,5365787.80936694,14634.414634146342,1591711.0233903264,5365698.338323794,15609.975609756098,1591368.1830768913,5364756.392304152,15609.975609756098
1591759.5337116742,5366214.046855187,15122.195121951221,4.366790277619412,1591465.203719587,5365787.80936694,14634.414634146342,1591808.0440330217,5366729.755386581,14634.414634146342,1592053.8637037612,5366640.2843434345,15609.975609756098,1591711.0233903264,5365698.338323794,15609.975609756098
1592102.374025109,5367155.992874828,15122.195121951221,4.436692766420128,1591808.0440330217,5366729.755386581,14634.414634146342,1592150.8843464565,5367671.701406222,14634.414634146342,1592396.704017196,5367582.230363076,15609.975609756098,1592053.8637037612,5366640.2843434345,15609.975609756098
1592445.2143385438,5368097.938894469,15122.195121951221,4.438126963395898,1592150.8843464565,5367671.701406222,14634.414634146342,1592493.7246598913,5368613.647425863,14634.414634146342,1592739.5443306307,5368524.176382716,15609.975609756098,1592396.704017196,5367582.230363076,15609.975609756098
1592788.0546519784,5369039.8849141095,15122.195121951221,4.025675500251307,1592493.7246598913,5368613.647425863,14634.414634146342,1592836.5649733262,5369555.593445503,14634.414634146342,1593082.3846440655,5369466.122402357,15609.975609756098,1592739.5443306307,5368524.176382716,15609.975609756098
1593130.894965413,5369981.830933751,15122.195121951221,4.680475357389224,1592836.5649733262,5369555.593445503,14634.414634146342,1593179.4052867608,5370497.539465144,14634.414634146342,1593425.2249575004,5370408.068421998,15609.975609756098,1593082.3846440655,5369466.122402357,15609.975609756098
1593473.7352788479,5370923.776953392,15122.195121951221,3.8994718039936136,1593179.4052867608,5370497.539465144,14634.414634146342,1593522.2456001956,5371439.485484785,14634.414634146342,1593768.0652709352,5371350.014441638,15609.975609756098,1593425.2249575004,5370408.068421998,15609.975609756098
1593816.5755922827,5371865.722973033,15122.195121951221,3.8819347566754567,1593522.2456001956,5371439.485484785,14634.414634146342,1593865.0859136304,5372381.431504426,14634.414634146342,1594110.9055843698,5372291.960461279,15609.975609756098,1593768.0652709352,5371350.014441638,15609.975609756098
1594159.4159057178,5372807.668992673,15122.195121951221,3.365001766286987,1593865.0859136304,5372381.431504426,14634.414634146342,1594207.9262270655,5373323.377524067,14634.414634146342,1594453.7458978049,5373233.9064809205,15609.975609756098,1594110.9055843698,5372291.960461279,15609.975609756098
1594502.2562191526,5373749.615012313,15122.195121951221,2.9667949013693113,1594207.9262270655,5373323.377524067,14634.414634146342,1594550.7665405003,5374265.323543708,14634.414634146342,1594796.5862112397,5374175.852500562,15609.975609756098,1594453.7458978049,5373233.9064809205,15609.975609756098
1594845.0965325874,5374691.561031954,15122.195121951221,2.192577954934292,1594550.7665405003,5374265.323543708,14634.414634146342,1594893.606853935,5375207.269563349,14634.414634146342,1595139.4265246745,5375117.798520202,15609.975609756098,1594796.5862112397,5374175.852500562,15609.975609756098
1595187.9368460223,5375633.507051596,15122.195121951221,1.6499794178740868,1594893.606853935,5375207.269563349,14634.414634146342,1595236.4471673698,5376149.215582989,14634.414634146342,1595482.2668381094,5376059.744539844,15609.975609756098,1595139.4265246745,5375117.798520202,15609.975609756098
1595530.7771594569,5376575.453071237,15122.195121951221,1.6514971003249757,1595236.4471673698,5376149.215582989,14634.414634146342,1595579.2874808046,5377091.16160263,14634.414634146342,1595825.107151544,5377001.690559484,15609.975609756098,1595482.2668381094,5376059.744539844,15609.975609756098
1595873.6174728917,5377517.399090878,15122.195121951221,2.1367459718317536,1595579.2874808046,5377091.16160263,14634.414634146342,1595922.1277942394,5378033.107622272,14634.414634146342,1596167.9474649788,5377943.636579125,15609.975609756098,1595825.107151544,5377001.690559484,15609.975609756098
1596216.4577863265,5378459.345110519,15122.195121951221,2.140011959379291,1595922.1277942394,5378033.107622272,14634.414634146342,1596264.9681076743,5378975.0536419125,14634.414634146342,1596510.7877784136,5378885.582598765,15609.975609756098,1596167.9474649788,5377943.636579125,15609.975609756098
1596559.2980997614,5379401.29113016,15122.195121951221,2.886071013797423,1596264.9681076743,5378975.0536419125,14634.414634146342,1596607.8084211089,5379916.999661553,14634.414634146342,1596853.6280918487,5379827.528618407,15609.975609756098,1596510.7877784136,5378885.582598765,15609.975609756098
1596902.1384131964,5380343.2371498,15122.195121951221,2.922202742901803,1596607.8084211089,5379916.999661553,14634.414634146342,1596950.648734544,5380858.945681194,14634.414634146342,1597196.4684052835,5380769.474638048,15609.975609756098,1596853.6280918487,5379827.528618407,15609.975609756098
1597244.978726631,5381285.18316944,15122.195121951221,2.7863331870416634,1596950.648734544,5380858.945681194,14634.414634146342,1597293.4890479788,5381800.891700835,14634.414634146342,1597539.3087187181,5381711.420657689,15609.975609756098,1597196.4684052835,5380769.474638048,15609.975609756098
1597587.8190400659,5382227.129189082,15122.195121951221,2.407619856834604,1597293.4890479788,5381800.891700835,14634.414634146342,1597636.3293614136,5382742.837720476,14634.414634146342,1597882.149032153,5382653.366677329,15609.975609756098,1597539.3087187181,5381711.420657689,15609.975609756098
1546064.7513821486,5239903.809180161,16097.756097560974,4.687819729022306,1545770.4213900615,5239477.571691914,15609.975609756098,1546113.261703496,5240419.517711556,15609.975609756098,1546359.0813742357,5240330.046668409,16585.536585365855,1546016.2410608009,5239388.100648768,16585.536585365855
1546407.5916955834,5240845.755199803,16097.756097560974,4.808528454328427,1546113.261703496,5240419.517711556,15609.975609756098,1546456.102016931,5241361.463731197,15609.975609756098,1546701.9216876705,5241271.99268805,16585.536585365855,1546359.0813742357,5240330.046668409,16585.536585365855
1546750.432009018,5241787.701219444,16097.756097560974,5.058123226713243,1546456.102016931,5241361.463731197,15609.975609756098,1546798.942330366,5242303.409750837,15609.975609756098,1547044.7620011054,5242213.938707692,16585.536585365855,1546701.9216876705,5241271.99268805,16585.536585365855
1547093.272322453,5242729.647239084,16097.756097560974,5.06664074746245,1546798.942330366,5242303.409750837,15609.975609756098,1547141.7826438008,5243245.355770478,15609.975609756098,1547387.6023145402,5243155.884727332,16585.536585365855,1547044.7620011054,5242213.938707692,16585.536585365855
1547436.112635888,5243671.5932587255,16097.756097560974,4.0333812134235325,1547141.7826438008,5243245.355770478,15609.975609756098,1547484.6229572354,5244187.301790119,15609.975609756098,1547730.442627975,5244097.830746973,16585.536585365855,1547387.6023145402,5243155.884727332,16585.536585365855
1547778.9529493228,5244613.539278367,16097.756097560974,2.9808205976214968,1547484.6229572354,5244187.301790119,15609.975609756098,1547827.4632706703,5245129.24780976,15609.975609756098,1548073.2829414099,5245039.776766614,16585.536585365855,1547730.442627975,5244097.830746973,16585.536585365855
1548121.7932627574,5245555.485298008,16097.756097560974,2.4027104881847277,1547827.4632706703,5245129.24780976,15609.975609756098,1548170.303584105,5246071.1938294,15609.975609756098,1548416.1232548445,5245981.722786255,16585.536585365855,1548073.2829414099,5245039.776766614,16585.536585365855
1548464.6335761922,5246497.431317648,16097.756097560974,2.210113944777567,1548170.303584105,5246071.1938294,15609.975609756098,1548513.14389754,5247013.1398490425,15609.975609756098,1548758.9635682793,5246923.668805895,16585.536585365855,1548416.1232548445,5245981.722786255,16585.536585365855
1548807.473889627,5247439.377337288,16097.756097560974,1.9463071864387185,1548513.14389754,5247013.1398490425,15609.975609756098,1548855.9842109748,5247955.085868683,15609.975609756098,1549101.8038817141,5247865.6148255365,16585.536585365855,1548758.9635682793,5246923.668805895,16585.536585365855
1549150.3142030619,5248381.32335693,16097.756097560974,1.6151341973811233,1548855.9842109748,5247955.085868683,15609.975609756098,1549198.8245244094,5248897.031888324,15609.975609756098,1549444.644195149,5248807.560845178,16585.536585365855,1549101.8038817141,5247865.6148255365,16585.536585365855
1549493.154516497,5249323.269376571,16097.756097560974,1.5475687646423064,1549198.8245244094,5248897.031888324,15609.975609756098,1549541.6648378444,5249838.977907964,15609.975609756098,1549787.4845085838,5249749.506864818,16585.536585365855,1549444.644195149,5248807.560845178,16585.536585365855
1549835.9948299315,5250265.2153962115,16097.756097560974,2.1798972381329826,1549541.6648378444,5249838.977907964,15609.975609756098,1549884.5051512793,5250780.923927606,15609.975609756098,1550130.3248220186,5250691.452884459,16585.536585365855,1549787.4845085838,5249749.506864818,16585.536585365855
1550178.8351433664,5251207.161415853,16097.756097560974,2.7926603330828894,1549884.5051512793,5250780.923927606,15609.975609756098,1550227.345464714,5251722.869947246,15609.975609756098,1550473.1651354535,5251633.398904099,16585.536585365855,1550130.3248220186,5250691.452884459,16585.536585365855
1550521.675456801,5252149.107435494,16097.756097560974,2.285991312760889,1550227.345464714,5251722.869947246,15609.975609756098,1550570.1857781487,5252664.8159668865,15609.975609756098,1550816.0054488883,5252575.344923741,16585.536585365855,1550473.1651354535,5251633.398904099,16585.536585365855
1550864.5157702358,5253091.053455134,16097.756097560974,2.766504991913471,1550570.1857781487,5252664.8159668865,15609.975609756098,1550913.0260915835,5253606.761986528,15609.975609756098,1551158.8457623231,5253517.290943381,16585.536585365855,1550816.0054488883,5252575.344923741,16585.536585365855
1551207.3560836706,5254032.999474775,16097.756097560974,2.921720278581999,1550913.0260915835,5253606.761986528,15609.975609756098,1551255.8664050184,5254548.708006169,15609.975609756098,1551501.6860757577,5254459.2369630225,16585.536585365855,1551158.8457623231,5253517.290943381,16585.536585365855
1551550.1963971055,5254974.945494416,16097.756097560974,3.396120959964139,1551255.8664050184,5254548.708006169,15609.975609756098,1551598.7067184532,5255490.65402581,15609.975609756098,1551844.5263891926,5255401.182982664,16585.536585365855,1551501.6860757577,5254459.2369630225,16585.536585365855
1551893.0367105403,5255916.891514057,16097.756097560974,4.262860185976825,1551598.7067184532,5255490.65402581,15609.975609756098,1551941.547031888,5256432.600045451,15609.975609756098,1552187.3667026276,5256343.129002305,16585.536585365855,1551844.5263891926,5255401.182982664,16585.536585365855
1552235.8770239754,5256858.837533698,16097.756097560974,4.183154369705621,1551941.547031888,5256432.600045451,15609.975609756098,1552284.387345323,5257374.546065092,15609.975609756098,1552530.2070160625,5257285.075021945,16585.536585365855,1552187.3667026276,5256343.129002305,16585.536585365855
1552578.7173374102,5257800.783553339,16097.756097560974,4.081236083942115,1552284.387345323,5257374.546065092,15609.975609756098,1552627.2276587577,5258316.492084733,15609.975609756098,1552873.0473294973,5258227.021041586,16585.536585365855,1552530.2070160625,5257285.075021945,16585.536585365855
1552921.5576508448,5258742.72957298,16097.756097560974,4.170300890539567,1552627.2276587577,5258316.492084733,15609.975609756098,1552970.0679721925,5259258.438104373,15609.975609756098,1553215.8876429321,5259168.967061227,16585.536585365855,1552873.0473294973,5258227.021041586,16585.536585365855
1553264.3979642796,5259684.675592621,16097.756097560974,3.96111629840399,1552970.0679721925,5259258.438104373,15609.975609756098,1553312.9082856274,5260200.384124014,15609.975609756098,1553558.7279563667,5260110.913080868,16585.536585365855,1553215.8876429321,5259168.967061227,16585.536585365855
1553607.2382777145,5260626.621612261,16097.756097560974,4.186052701181868,1553312.9082856274,5260200.384124014,15609.975609756098,1553655.7485990622,5261142.330143656,15609.975609756098,1553901.5682698016,5261052.8591005085,16585.536585365855,1553558.7279563667,5260110.913080868,16585.536585365855
1553950.0785911493,5261568.567631902,16097.756097560974,3.942410807046085,1553655.7485990622,5261142.330143656,15609.975609756098,1553998.5889124968,5262084.276163296,15609.975609756098,1554244.4085832364,5261994.80512015,16585.536585365855,1553901.5682698016,5261052.8591005085,16585.536585365855
1554292.9189045841,5262510.513651543,16097.756097560974,3.838252756628183,1553998.5889124968,5262084.276163296,15609.975609756098,1554341.4292259316,5263026.222182937,15609.975609756098,1554587.2488966712,5262936.751139791,16585.536585365855,1554244.4085832364,5261994.80512015,16585.536585365855
1554635.759218019,5263452.4596711835,16097.756097560974,4.372113673644175,1554341.4292259316,5263026.222182937,15609.975609756098,1554684.2695393667,5263968.168202577,15609.975609756098,1554930.089210106,5263878.697159432,16585.536585365855,1554587.2488966712,5262936.751139791,16585.536585365855
1554978.5995314538,5264394.405690825,16097.756097560974,4.739911955084827,1554684.2695393667,5263968.168202577,15609.975609756098,1555027.1098528015,5264910.114222219,15609.975609756098,1555272.929523541,5264820.643179072,16585.536585365855,1554930.089210106,5263878.697159432,16585.536585365855
1555321.4398448886,5265336.351710467,16097.756097560974,5.110030699331008,1555027.1098528015,5264910.114222219,15609.975609756098,1555369.9501662361,5265852.060241859,15609.975609756098,1555615.7698369757,5265762.589198713,16585.536585365855,1555272.929523541,5264820.643179072,16585.536585365855
1555664.2801583235,5266278.297730107,16097.756097560974,4.760099704338347,1555369.9501662361,5265852.060241859,15609.975609756098,1555712.790479671,5266794.0062615005,15609.975609756098,1555958.6101504106,5266704.535218354,16585.536585365855,1555615.7698369757,5265762.589198713,16585.536585365855
1556007.1204717583,5267220.243749748,16097.756097560974,5.5635549408606435,1555712.790479671,5266794.0062615005,15609.975609756098,1556055.6307931058,5267735.952281141,15609.975609756098,1556301.4504638452,5267646.481237995,16585.536585365855,1555958.6101504106,5266704.535218354,16585.536585365855
1556349.960785193,5268162.189769388,16097.756097560974,6.076067324929578,1556055.6307931058,5267735.952281141,15609.975609756098,1556398.4711065406,5268677.898300783,15609.975609756098,1556644.29077728,5268588.427257636,16585.536585365855,1556301.4504638452,5267646.481237995,16585.536585365855
1556692.8010986277,5269104.13578903,16097.756097560974,5.985286627455351,1556398.4711065406,5268677.898300783,15609.975609756098,1556741.3114199755,5269619.844320423,15609.975609756098,1556987.1310907148,5269530.373277278,16585.536585365855,1556644.29077728,5268588.427257636,16585.536585365855
1557035.6414120623,5270046.08180867,16097.756097560974,5.5534772288825796,1556741.3114199755,5269619.844320423,15609.975609756098,1557084.15173341,5270561.790340064,15609.975609756098,1557329.9714041497,5270472.319296918,16585.536585365855,1556987.1310907148,5269530.373277278,16585.536585365855
1557378.4817254974,5270988.027828311,16097.756097560974,4.938547267320978,1557084.15173341,5270561.790340064,15609.975609756098,1557426.9920468451,5271503.736359705,15609.975609756098,1557672.8117175847,5271414.265316558,16585.536585365855,1557329.9714041497,5270472.319296918,16585.536585365855
1557721.3220389322,5271929.973847952,16097.756097560974,5.139758281858693,1557426.9920468451,5271503.736359705,15609.975609756098,1557769.83236028,5272445.682379346,15609.975609756098,1558015.6520310193,5272356.211336199,16585.536585365855,1557672.8117175847,5271414.265316558,16585.536585365855
1558064.162352367,5272871.919867594,16097.756097560974,5.441376720261322,1557769.83236028,5272445.682379346,15609.975609756098,1558112.6726737148,5273387.6283989865,15609.975609756098,1558358.4923444542,5273298.15735584,16585.536585365855,1558015.6520310193,5272356.211336199,16585.536585365855
1558407.002665802,5273813.865887234,16097.756097560974,5.934798531362124,1558112.6726737148,5273387.6283989865,15609.975609756098,1558455.5129871494,5274329.574418627,15609.975609756098,1558701.332657889,5274240.103375481,16585.536585365855,1558358.4923444542,5273298.15735584,16585.536585365855
1558749.8429792367,5274755.811906874,16097.756097560974,6.743697165522863,1558455.5129871494,5274329.574418627,15609.975609756098,1558798.3533005842,5275271.520438269,15609.975609756098,1559044.1729713238,5275182.049395122,16585.536585365855,1558701.332657889,5274240.103375481,16585.536585365855
1559092.6832926713,5275697.757926516,16097.756097560974,7.651523930824291,1558798.3533005842,5275271.520438269,15609.975609756098,1559141.193614019,5276213.466457909,15609.975609756098,1559387.0132847584,5276123.995414763,16585.536585365855,1559044.1729713238,5275182.049395122,16585.536585365855
1559435.5236061062,5276639.703946156,16097.756097560974,6.352176739049115,1559141.193614019,5276213.466457909,15609.975609756098,1559484.033927454,5277155.41247755,15609.975609756098,1559729.8535981933,5277065.941434404,16585.536585365855,1559387.0132847584,5276123.995414763,16585.536585365855
1559778.363919541,5277581.649965798,16097.756097560974,6.181481658592725,1559484.033927454,5277155.41247755,15609.975609756098,1559826.8742408885,5278097.35849719,15609.975609756098,1560072.6939116283,5278007.887454045,16585.536585365855,1559729.8535981933,5277065.941434404,16585.536585365855
1560121.204232976,5278523.595985438,16097.756097560974,6.176974974798217,1559826.8742408885,5278097.35849719,15609.975609756098,1560169.7145543236,5279039.304516832,15609.975609756098,1560415.5342250632,5278949.833473685,16585.536585365855,1560072.6939116283,5278007.887454045,16585.536585365855
1560464.0445464107,5279465.542005079,16097.756097560974,6.135565441370445,1560169.7145543236,5279039.304516832,15609.975609756098,1560512.5548677584,5279981.250536473,15609.975609756098,1560758.3745384978,5279891.779493327,16585.536585365855,1560415.5342250632,5278949.833473685,16585.536585365855
1560806.8848598455,5280407.48802472,16097.756097560974,6.887028952775501,1560512.5548677584,5279981.250536473,15609.975609756098,1560855.3951811932,5280923.196556114,15609.975609756098,1561101.2148519326,5280833.725512967,16585.536585365855,1560758.3745384978,5279891.779493327,16585.536585365855
1561149.7251732803,5281349.434044361,16097.756097560974,8.335908613278324,1560855.3951811932,5280923.196556114,15609.975609756098,1561198.235494628,5281865.142575755,15609.975609756098,1561444.0551653674,5281775.671532609,16585.536585365855,1561101.2148519326,5280833.725512967,16585.536585365855
1561492.5654867152,5282291.380064001,16097.756097560974,9.643835276672634,1561198.235494628,5281865.142575755,15609.975609756098,1561541.0758080627,5282807.088595396,15609.975609756098,1561786.8954788023,5282717.617552249,16585.536585365855,1561444.0551653674,5281775.671532609,16585.536585365855
1561835.40580015,5283233.326083643,16097.756097560974,8.40515217567628,1561541.0758080627,5282807.088595396,15609.975609756098,1561883.9161214975,5283749.034615036,15609.975609756098,1562129.735792237,5283659.563571891,16585.536585365855,1561786.8954788023,5282717.617552249,16585.536585365855
1562178.2461135848,5284175.272103284,16097.756097560974,7.028762567961711,1561883.9161214975,5283749.034615036,15609.975609756098,1562226.7564349324,5284690.980634677,15609.975609756098,1562472.576105672,5284601.509591531,16585.536585365855,1562129.735792237,5283659.563571891,16585.536585365855
1562521.0864270197,5285117.218122925,16097.756097560974,5.750684691710383,1562226.7564349324,5284690.980634677,15609.975609756098,1562569.5967483674,5285632.926654318,15609.975609756098,1562815.4164191068,5285543.455611172,16585.536585365855,1562472.576105672,5284601.509591531,16585.536585365855
1562863.9267404545,5286059.164142566,16097.756097560974,4.752139892679311,1562569.5967483674,5285632.926654318,15609.975609756098,1562912.4370618023,5286574.8726739595,15609.975609756098,1563158.2567325416,5286485.401630812,16585.536585365855,1562815.4164191068,5285543.455611172,16585.536585365855
1563206.7670538893,5287001.110162206,16097.756097560974,4.5649023038405,1562912.4370618023,5286574.8726739595,15609.975609756098,1563255.277375237,5287516.8186936,15609.975609756098,1563501.0970459764,5287427.347650454,16585.536585365855,1563158.2567325416,5286485.401630812,16585.536585365855
1563549.607367324,5287943.056181847,16097.756097560974,3.783285311582493,1563255.277375237,5287516.8186936,15609.975609756098,1563598.1176886717,5288458.764713241,15609.975609756098,1563843.9373594113,5288369.293670095,16585.536585365855,1563501.0970459764,5287427.347650454,16585.536585365855
1563892.4476807588,5288885.002201488,16097.756097560974,4.249235430301911,1563598.1176886717,5288458.764713241,15609.975609756098,1563940.9580021065,5289400.710732882,15609.975609756098,1564186.7776728459,5289311.239689736,16585.536585365855,1563843.9373594113,5288369.293670095,16585.536585365855
1564235.2879941936,5289826.948221129,16097.756097560974,5.372431744830594,1563940.9580021065,5289400.710732882,15609.975609756098,1564283.7983155414,5290342.656752523,15609.975609756098,1564529.6179862807,5290253.185709376,16585.536585365855,1564186.7776728459,5289311.239689736,16585.536585365855
1564578.1283076284,5290768.8942407705,16097.756097560974,6.383690819919333,1564283.7983155414,5290342.656752523,15609.975609756098,1564626.6386289762,5291284.602772163,15609.975609756098,1564872.4582997155,5291195.131729018,16585.536585365855,1564529.6179862807,5290253.185709376,16585.536585365855
1564920.9686210633,5291710.840260411,16097.756097560974,7.4641507646348595,1564626.6386289762,5291284.602772163,15609.975609756098,1564969.4789424108,5292226.548791805,15609.975609756098,1565215.2986131504,5292137.077748658,16585.536585365855,1564872.4582997155,5291195.131729018,16585.536585365855
1565263.808934498,5292652.786280052,16097.756097560974,7.75378503616522,1564969.4789424108,5292226.548791805,15609.975609756098,1565312.3192558459,5293168.4948114455,15609.975609756098,1565558.1389265854,5293079.023768298,16585.536585365855,1565215.2986131504,5292137.077748658,16585.536585365855
1565606.649247933,5293594.732299693,16097.756097560974,8.322402156603095,1565312.3192558459,5293168.4948114455,15609.975609756098,1565655.1595692807,5294110.440831087,15609.975609756098,1565900.97924002,5294020.96978794,16585.536585365855,1565558.1389265854,5293079.023768298,16585.536585365855
1565949.4895613678,5294536.678319333,16097.756097560974,9.258230132039836,1565655.1595692807,5294110.440831087,15609.975609756098,1565997.9998827155,5295052.386850727,15609.975609756098,1566243.8195534549,5294962.915807581,16585.536585365855,1565900.97924002,5294020.96978794,16585.536585365855
1566292.3298748026,5295478.624338973,16097.756097560974,10.64670378221743,1565997.9998827155,5295052.386850727,15609.975609756098,1566340.8401961501,5295994.332870368,15609.975609756098,1566586.6598668897,5295904.861827222,16585.536585365855,1566243.8195534549,5294962.915807581,16585.536585365855
1566635.1701882374,5296420.570358614,16097.756097560974,10.915599266236836,1566340.8401961501,5295994.332870368,15609.975609756098,1566683.680509585,5296936.278890009,15609.975609756098,1566929.5001803245,5296846.807846862,16585.536585365855,1566586.6598668897,5295904.861827222,16585.536585365855
1566978.0105016723,5297362.5163782565,16097.756097560974,9.794853036708126,1566683.680509585,5296936.278890009,15609.975609756098,1567026.5208230198,5297878.224909649,15609.975609756098,1567272.3404937591,5297788.753866504,16585.536585365855,1566929.5001803245,5296846.807846862,16585.536585365855
1567320.8508151069,5298304.462397897,16097.756097560974,9.880459261936606,1567026.5208230198,5297878.224909649,15609.975609756098,1567369.3611364546,5298820.17092929,15609.975609756098,1567615.180807194,5298730.699886144,16585.536585365855,1567272.3404937591,5297788.753866504,16585.536585365855
1567663.6911285417,5299246.408417538,16097.756097560974,9.379974506882766,1567369.3611364546,5298820.17092929,15609.975609756098,1567712.2014498895,5299762.1169489315,15609.975609756098,1567958.021120629,5299672.645905785,16585.536585365855,1567615.180807194,5298730.699886144,16585.536585365855
1568006.5314419768,5300188.354437179,16097.756097560974,11.54674830919821,1567712.2014498895,5299762.1169489315,15609.975609756098,1568055.0417633243,5300704.062968573,15609.975609756098,1568300.8614340639,5300614.591925425,16585.536585365855,1567958.021120629,5299672.645905785,16585.536585365855
1568349.3717554116,5301130.30045682,16097.756097560974,12.438058939028174,1568055.0417633243,5300704.062968573,15609.975609756098,1568397.8820767591,5301646.008988213,15609.975609756098,1568643.7017474985,5301556.5379450675,16585.536585365855,1568300.8614340639,5300614.591925425,16585.536585365855
1568692.2120688462,5302072.24647646,16097.756097560974,12.461760779520331,1568397.8820767591,5301646.008988213,15609.975609756098,1568740.722390194,5302587.955007854,15609.975609756098,1568986.5420609333,5302498.483964708,16585.536585365855,1568643.7017474985,5301556.5379450675,16585.536585365855
1569035.052382281,5303014.1924961,16097.756097560974,11.680100595994979,1568740.722390194,5302587.955007854,15609.975609756098,1569083.5627036288,5303529.901027495,15609.975609756098,1569329.3823743681,5303440.429984349,16585.536585365855,1568986.5420609333,5302498.483964708,16585.536585365855
1569377.8926957157,5303956.1385157425,16097.756097560974,10.469661233133614,1569083.5627036288,5303529.901027495,15609.975609756098,1569426.4030170634,5304471.847047136,15609.975609756098,1569672.222687803,5304382.37600399,16585.536585365855,1569329.3823743681,5303440.429984349,16585.536585365855
1569720.7330091505,5304898.084535384,16097.756097560974,11.43076996937676,1569426.4030170634,5304471.847047136,15609.975609756098,1569769.2433304982,5305413.793066776,15609.975609756098,1570015.0630012378,5305324.322023631,16585.536585365855,1569672.222687803,5304382.37600399,16585.536585365855
1570063.5733225853,5305840.030555024,16097.756097560974,11.770407088100999,1569769.2433304982,5305413.793066776,15609.975609756098,1570112.083643933,5306355.739086418,15609.975609756098,1570357.9033146724,5306266.268043271,16585.536585365855,1570015.0630012378,5305324.322023631,16585.536585365855
1570406.4136360202,5306781.976574664,16097.756097560974,13.677854874440444,1570112.083643933,5306355.739086418,15609.975609756098,1570454.923957368,5307297.685106059,15609.975609756098,1570700.7436281075,5307208.214062911,16585.536585365855,1570357.9033146724,5306266.268043271,16585.536585365855
1570749.2539494552,5307723.922594306,16097.756097560974,11.435926155938585,1570454.923957368,5307297.685106059,15609.975609756098,1570797.7642708027,5308239.6311257,15609.975609756098,1571043.5839415423,5308150.1600825535,16585.536585365855,1570700.7436281075,5307208.214062911,16585.536585365855
1571092.09426289,5308665.868613947,16097.756097560974,11.619096289141586,1570797.7642708027,5308239.6311257,15609.975609756098,1571140.6045842376,5309181.57714534,15609.975609756098,1571386.4242549771,5309092.106102194,16585.536585365855,1571043.5839415423,5308150.1600825535,16585.536585365855
1571434.9345763247,5309607.814633587,16097.756097560974,11.135238460463606,1571140.6045842376,5309181.57714534,15609.975609756098,1571483.4448976724,5310123.523164981,15609.975609756098,1571729.2645684117,5310034.052121835,16585.536585365855,1571386.4242549771,5309092.106102194,16585.536585365855
1571777.7748897595,5310549.7606532285,16097.756097560974,11.641750352851165,1571483.4448976724,5310123.523164981,15609.975609756098,1571826.2852111072,5311065.469184622,15609.975609756098,1572072.1048818466,5310975.998141475,16585.536585365855,1571729.2645684117,5310034.052121835,16585.536585365855
1572120.6152031943,5311491.706672869,16097.756097560974,12.635050372191275,1571826.2852111072,5311065.469184622,15609.975609756098,1572169.1255245418,5312007.415204262,15609.975609756098,1572414.9451952814,5311917.944161117,16585.536585365855,1572072.1048818466,5310975.998141475,16585.536585365855
1572463.4555166292,5312433.65269251,16097.756097560974,13.018939790936523,1572169.1255245418,5312007.415204262,15609.975609756098,1572511.9658379767,5312949.3612239035,15609.975609756098,1572757.7855087162,5312859.890180757,16585.536585365855,1572414.9451952814,5311917.944161117,16585.536585365855
1572806.2958300638,5313375.598712151,16097.756097560974,13.350552528305068,1572511.9658379767,5312949.3612239035,15609.975609756098,1572854.8061514115,5313891.307243545,15609.975609756098,1573100.6258221508,5313801.836200398,16585.536585365855,1572757.7855087162,5312859.890180757,16585.536585365855
1573149.1361434988,5314317.544731792,16097.756097560974,14.245847726149908,1572854.8061514115,5313891.307243545,15609.975609756098,1573197.6464648466,5314833.253263186,15609.975609756098,1573443.466135586,5314743.7822200395,16585.536585365855,1573100.6258221508,5313801.836200398,16585.536585365855
1573491.9764569337,5315259.490751433,16097.756097560974,18.408250630872853,1573197.6464648466,5314833.253263186,15609.975609756098,1573540.4867782814,5315775.199282826,15609.975609756098,1573786.3064490207,5315685.728239681,16585.536585365855,1573443.466135586,5314743.7822200395,16585.536585365855
1573834.8167703685,5316201.436771073,16097.756097560974,15.541675421821903,1573540.4867782814,5315775.199282826,15609.975609756098,1573883.3270917162,5316717.145302468,15609.975609756098,1574129.1467624556,5316627.674259321,16585.536585365855,1573786.3064490207,5315685.728239681,16585.536585365855
1574177.6570838033,5317143.3827907145,16097.756097560974,14.364610689442666,1573883.3270917162,5316717.145302468,15609.975609756098,1574226.1674051508,5317659.091322108,15609.975609756098,1574471.9870758904,5317569.620278962,16585.536585365855,1574129.1467624556,5316627.674259321,16585.536585365855
1574520.4973972382,5318085.328810356,16097.756097560974,13.781364819062766,1574226.1674051508,5317659.091322108,15609.975609756098,1574569.0077185857,5318601.037341749,15609.975609756098,1574814.8273893252,5318511.566298603,16585.536585365855,1574471.9870758904,5317569.620278962,16585.536585365855
1574863.337710673,5319027.274829996,16097.756097560974,15.694296616858173,1574569.0077185857,5318601.037341749,15609.975609756098,1574911.8480320205,5319542.9833613895,15609.975609756098,1575157.6677027598,5319453.512318244,16585.536585365855,1574814.8273893252,5318511.566298603,16585.536585365855
1575206.1780241076,5319969.220849637,16097.756097560974,13.71474910354025,1574911.8480320205,5319542.9833613895,15609.975609756098,1575254.6883454553,5320484.929381032,15609.975609756098,1575500.5080161947,5320395.458337884,16585.536585365855,1575157.6677027598,5319453.512318244,16585.536585365855
1575549.0183375424,5320911.166869279,16097.756097560974,13.349293579759712,1575254.6883454553,5320484.929381032,15609.975609756098,1575597.5286588902,5321426.875400672,15609.975609756098,1575843.3483296297,5321337.4043575255,16585.536585365855,1575500.5080161947,5320395.458337884,16585.536585365855
1575891.8586509773,5321853.112888919,16097.756097560974,14.166274072733044,1575597.5286588902,5321426.875400672,15609.975609756098,1575940.368972325,5322368.821420313,15609.975609756098,1576186.1886430646,5322279.350377167,16585.536585365855,1575843.3483296297,5321337.4043575255,16585.536585365855
1576234.698964412,5322795.05890856,16097.756097560974,15.129852728536603,1575940.368972325,5322368.821420313,15609.975609756098,1576283.2092857598,5323310.767439953,15609.975609756098,1576529.0289564992,5323221.296396808,16585.536585365855,1576186.1886430646,5322279.350377167,16585.536585365855
1576577.539277847,5323737.0049282005,16097.756097560974,14.27011499370385,1576283.2092857598,5323310.767439953,15609.975609756098,1576626.0495991947,5324252.713459595,15609.975609756098,1576871.869269934,5324163.242416448,16585.536585365855,1576529.0289564992,5323221.296396808,16585.536585365855
1576920.3795912818,5324678.950947843,16097.756097560974,14.856346131083628,1576626.0495991947,5324252.713459595,15609.975609756098,1576968.8899126295,5325194.659479235,15609.975609756098,1577214.7095833689,5325105.188436089,16585.536585365855,1576871.869269934,5324163.242416448,16585.536585365855
1577263.2199047166,5325620.896967483,16097.756097560974,18.209246425039016,1576968.8899126295,5325194.659479235,15609.975609756098,1577311.730226064,5326136.605498876,15609.975609756098,1577557.5498968037,5326047.13445573,16585.536585365855,1577214.7095833689,5325105.188436089,16585.536585365855
1577606.0602181512,5326562.842987123,16097.756097560974,21.6390761015054,1577311.730226064,5326136.605498876,15609.975609756098,1577654.570539499,5327078.551518518,15609.975609756098,1577900.3902102385,5326989.080475371,16585.536585365855,1577557.5498968037,5326047.13445573,16585.536585365855
1577948.900531586,5327504.789006764,16097.756097560974,22.62631403390249,1577654.570539499,5327078.551518518,15609.975609756098,1577997.4108529338,5328020.497538159,15609.975609756098,1578243.2305236731,5327931.0264950115,16585.536585365855,1577900.3902102385,5326989.080475371,16585.536585365855
1578291.7408450209,5328446.735026406,16097.756097560974,22.747436487712207,1577997.4108529338,5328020.497538159,15609.975609756098,1578340.2511663686,5328962.443557799,15609.975609756098,1578586.0708371082,5328872.972514654,16585.536585365855,1578243.2305236731,5327931.0264950115,16585.536585365855
1578634.581158456,5329388.681046046,16097.756097560974,22.715122043910046,1578340.2511663686,5328962.443557799,15609.975609756098,1578683.0914798034,5329904.38957744,15609.975609756098,1578928.911150543,5329814.918534294,16585.536585365855,1578586.0708371082,5328872.972514654,16585.536585365855
1578977.4214718908,5330330.6270656865,16097.756097560974,22.622724143851364,1578683.0914798034,5329904.38957744,15609.975609756098,1579025.9317932383,5330846.335597081,15609.975609756098,1579271.7514639779,5330756.864553934,16585.536585365855,1578928.911150543,5329814.918534294,16585.536585365855
1579320.2617853256,5331272.573085328,16097.756097560974,20.264443586250845,1579025.9317932383,5330846.335597081,15609.975609756098,1579368.772106673,5331788.281616722,15609.975609756098,1579614.5917774125,5331698.810573575,16585.536585365855,1579271.7514639779,5330756.864553934,16585.536585365855
1579663.1020987602,5332214.51910497,16097.756097560974,17.763041950126766,1579368.772106673,5331788.281616722,15609.975609756098,1579711.612420108,5332730.227636362,15609.975609756098,1579957.4320908473,5332640.756593216,16585.536585365855,1579614.5917774125,5331698.810573575,16585.536585365855
1580005.942412195,5333156.46512461,16097.756097560974,14.04033521145246,1579711.612420108,5332730.227636362,15609.975609756098,1580054.4527335428,5333672.173656003,15609.975609756098,1580300.2724042821,5333582.702612857,16585.536585365855,1579957.4320908473,5332640.756593216,16585.536585365855
1580348.7827256299,5334098.41114425,16097.756097560974,14.282314410442945,1580054.4527335428,5333672.173656003,15609.975609756098,1580397.2930469774,5334614.119675645,15609.975609756098,1580643.112717717,5334524.6486324975,16585.536585365855,1580300.2724042821,5333582.702612857,16585.536585365855
1580691.6230390647,5335040.357163891,16097.756097560974,15.08900344335095,1580397.2930469774,5334614.119675645,15609.975609756098,1580740.1333604122,5335556.065695285,15609.975609756098,1580985.9530311518,5335466.594652139,16585.536585365855,1580643.112717717,5334524.6486324975,16585.536585365855
1581034.4633524995,5335982.303183532,16097.756097560974,16.290396108084817,1580740.1333604122,5335556.065695285,15609.975609756098,1581082.9736738473,5336498.011714926,15609.975609756098,1581328.7933445866,5336408.54067178,16585.536585365855,1580985.9530311518,5335466.594652139,16585.536585365855
1581377.3036659344,5336924.249203173,16097.756097560974,18.98121547510451,1581082.9736738473,5336498.011714926,15609.975609756098,1581425.813987282,5337439.957734566,15609.975609756098,1581671.6336580215,5337350.486691421,16585.536585365855,1581328.7933445866,5336408.54067178,16585.536585365855
1581720.143979369,5337866.195222814,16097.756097560974,19.74001272090516,1581425.813987282,5337439.957734566,15609.975609756098,1581768.6543007167,5338381.903754208,15609.975609756098,1582014.4739714563,5338292.432711061,16585.536585365855,1581671.6336580215,5337350.486691421,16585.536585365855
1582062.9842928038,5338808.141242456,16097.756097560974,17.504369676250853,1581768.6543007167,5338381.903754208,15609.975609756098,1582111.4946141515,5339323.849773848,15609.975609756098,1582357.3142848911,5339234.378730703,16585.536585365855,1582014.4739714563,5338292.432711061,16585.536585365855
1582405.8246062386,5339750.087262096,16097.756097560974,16.296913735669698,1582111.4946141515,5339323.849773848,15609.975609756098,1582454.3349275864,5340265.79579349,15609.975609756098,1582700.1545983257,5340176.324750343,16585.536585365855,1582357.3142848911,5339234.378730703,16585.536585365855
1582748.6649196735,5340692.033281737,16097.756097560974,14.814432670916512,1582454.3349275864,5340265.79579349,15609.975609756098,1582797.1752410212,5341207.741813131,15609.975609756098,1583042.9949117606,5341118.270769984,16585.536585365855,1582700.1545983257,5340176.324750343,16585.536585365855
1583091.5052331083,5341633.979301377,16097.756097560974,14.295726084773934,1582797.1752410212,5341207.741813131,15609.975609756098,1583140.0155544558,5342149.687832772,15609.975609756098,1583385.8352251954,5342060.216789625,16585.536585365855,1583042.9949117606,5341118.270769984,16585.536585365855
1583434.3455465431,5342575.925321018,16097.756097560974,14.567932523491391,1583140.0155544558,5342149.687832772,15609.975609756098,1583482.8558678906,5343091.633852412,15609.975609756098,1583728.6755386302,5343002.162809267,16585.536585365855,1583385.8352251954,5342060.216789625,16585.536585365855
1583777.1858599782,5343517.871340659,16097.756097560974,15.477516205994789,1583482.8558678906,5343091.633852412,15609.975609756098,1583825.6961813257,5344033.579872053,15609.975609756098,1584071.5158520653,5343944.108828907,16585.536585365855,1583728.6755386302,5343002.162809267,16585.536585365855
1584120.026173413,5344459.817360301,16097.756097560974,13.14732087683767,1583825.6961813257,5344033.579872053,15609.975609756098,1584168.5364947605,5344975.525891694,15609.975609756098,1584414.3561655001,5344886.054848548,16585.536585365855,1584071.5158520653,5343944.108828907,16585.536585365855
1584462.8664868476,5345401.763379942,16097.756097560974,10.89982895005344,1584168.5364947605,5344975.525891694,15609.975609756098,1584511.3768081954,5345917.471911335,15609.975609756098,1584757.1964789347,5345828.000868188,16585.536585365855,1584414.3561655001,5344886.054848548,16585.536585365855
1584805.7068002825,5346343.709399583,16097.756097560974,9.924921679979192,1584511.3768081954,5345917.471911335,15609.975609756098,1584854.2171216302,5346859.417930976,15609.975609756098,1585100.0367923696,5346769.94688783,16585.536585365855,1584757.1964789347,5345828.000868188,16585.536585365855
1585148.5471137173,5347285.655419223,16097.756097560974,9.234443517337557,1584854.2171216302,5346859.417930976,15609.975609756098,1585197.0574350648,5347801.363950617,15609.975609756098,1585442.8771058044,5347711.89290747,16585.536585365855,1585100.0367923696,5346769.94688783,16585.536585365855
1585491.3874271521,5348227.601438864,16097.756097560974,8.936977952298266,1585197.0574350648,5347801.363950617,15609.975609756098,1585539.8977484996,5348743.309970258,15609.975609756098,1585785.7174192392,5348653.838927112,16585.536585365855,1585442.8771058044,5347711.89290747,16585.536585365855
1585834.2277405867,5349169.547458505,16097.756097560974,8.8296306004122,1585539.8977484996,5348743.309970258,15609.975609756098,1585882.7380619345,5349685.255989899,15609.975609756098,1586128.5577326738,5349595.784946753,16585.536585365855,1585785.7174192392,5348653.838927112,16585.536585365855
1586177.0680540216,5350111.493478145,16097.756097560974,9.327203006089173,1585882.7380619345,5349685.255989899,15609.975609756098,1586225.5783753693,5350627.202009539,15609.975609756098,1586471.398046109,5350537.730966393,16585.536585365855,1586128.5577326738,5349595.784946753,16585.536585365855
1586519.9083674566,5351053.439497787,16097.756097560974,9.360773024538778,1586225.5783753693,5350627.202009539,15609.975609756098,1586568.4186888044,5351569.148029181,15609.975609756098,1586814.2383595437,5351479.676986034,16585.536585365855,1586471.398046109,5350537.730966393,16585.536585365855
1586862.7486808915,5351995.385517428,16097.756097560974,9.629376315660496,1586568.4186888044,5351569.148029181,15609.975609756098,1586911.259002239,5352511.094048821,15609.975609756098,1587157.0786729786,5352421.623005674,16585.536585365855,1586814.2383595437,5351479.676986034,16585.536585365855
1587205.5889943263,5352937.331537069,16097.756097560974,9.528042833087037,1586911.259002239,5352511.094048821,15609.975609756098,1587254.0993156738,5353453.040068462,15609.975609756098,1587499.9189864132,5353363.569025316,16585.536585365855,1587157.0786729786,5352421.623005674,16585.536585365855
1587548.429307761,5353879.277556709,16097.756097560974,11.12068158890282,1587254.0993156738,5353453.040068462,15609.975609756098,1587596.9396291086,5354394.986088103,15609.975609756098,1587842.759299848,5354305.5150449565,16585.536585365855,1587499.9189864132,5353363.569025316,16585.536585365855
1587891.2696211957,5354821.22357635,16097.756097560974,11.687353340495822,1587596.9396291086,5354394.986088103,15609.975609756098,1587939.7799425435,5355336.932107744,15609.975609756098,1588185.5996132828,5355247.461064598,16585.536585365855,1587842.759299848,5354305.5150449565,16585.536585365855
1588234.1099346303,5355763.169595991,16097.756097560974,10.96842307638315,1587939.7799425435,5355336.932107744,15609.975609756098,1588282.620255978,5356278.878127385,15609.975609756098,1588528.4399267177,5356189.407084238,16585.536585365855,1588185.5996132828,5355247.461064598,16585.536585365855
1588576.9502480652,5356705.115615632,16097.756097560974,10.094493436928932,1588282.620255978,5356278.878127385,15609.975609756098,1588625.460569413,5357220.824147025,15609.975609756098,1588871.2802401525,5357131.35310388,16585.536585365855,1588528.4399267177,5356189.407084238,16585.536585365855
1588919.7905615,5357647.061635273,16097.756097560974,10.419073535203188,1588625.460569413,5357220.824147025,15609.975609756098,1588968.300882848,5358162.770166666,15609.975609756098,1589214.1205535873,5358073.29912352,16585.536585365855,1588871.2802401525,5357131.35310388,16585.536585365855
1589262.630874935,5358589.007654913,16097.756097560974,8.43748360816922,1588968.300882848,5358162.770166666,15609.975609756098,1589311.1411962828,5359104.716186307,15609.975609756098,1589556.9608670222,5359015.245143161,16585.536585365855,1589214.1205535873,5358073.29912352,16585.536585365855
1589605.47118837,5359530.953674555,16097.756097560974,8.06822663757222,1589311.1411962828,5359104.716186307,15609.975609756098,1589653.9815097174,5360046.6622059485,15609.975609756098,1589899.801180457,5359957.191162801,16585.536585365855,1589556.9608670222,5359015.245143161,16585.536585365855
1589948.3115018045,5360472.899694196,16097.756097560974,6.123728640187302,1589653.9815097174,5360046.6622059485,15609.975609756098,1589996.8218231522,5360988.608225589,15609.975609756098,1590242.6414938918,5360899.137182443,16585.536585365855,1589899.801180457,5359957.191162801,16585.536585365855
1590291.1518152393,5361414.845713836,16097.756097560974,5.225175362309167,1589996.8218231522,5360988.608225589,15609.975609756098,1590339.662136587,5361930.55424523,15609.975609756098,1590585.4818073264,5361841.083202084,16585.536585365855,1590242.6414938918,5360899.137182443,16585.536585365855
1590633.9921286742,5362356.791733477,16097.756097560974,5.501286965776303,1590339.662136587,5361930.55424523,15609.975609756098,1590682.502450022,5362872.500264871,15609.975609756098,1590928.3221207613,5362783.029221725,16585.536585365855,1590585.4818073264,5361841.083202084,16585.536585365855
1590976.832442109,5363298.737753118,16097.756097560974,5.8023134743075975,1590682.502450022,5362872.500264871,15609.975609756098,1591025.3427634565,5363814.446284512,15609.975609756098,1591271.162434196,5363724.975241366,16585.536585365855,1590928.3221207613,5362783.029221725,16585.536585365855
1591319.6727555438,5364240.6837727595,16097.756097560974,5.93867291181554,1591025.3427634565,5363814.446284512,15609.975609756098,1591368.1830768913,5364756.392304152,15609.975609756098,1591614.002747631,5364666.921261007,16585.536585365855,1591271.162434196,5363724.975241366,16585.536585365855
1591662.513068979,5365182.6297924,16097.756097560974,5.6549863178536155,1591368.1830768913,5364756.392304152,15609.975609756098,1591711.0233903264,5365698.338323794,15609.975609756098,1591956.8430610658,5365608.867280647,16585.536585365855,1591614.002747631,5364666.921261007,16585.536585365855
1592005.3533824135,5366124.57581204,16097.756097560974,5.1349182190251526,1591711.0233903264,5365698.338323794,15609.975609756098,1592053.8637037612,5366640.2843434345,15609.975609756098,1592299.6833745006,5366550.813300287,16585.536585365855,1591956.8430610658,5365608.867280647,16585.536585365855
1592348.1936958483,5367066.521831682,16097.756097560974,4.549613881516778,1592053.8637037612,5366640.2843434345,15609.975609756098,1592396.704017196,5367582.230363076,15609.975609756098,1592642.5236879354,5367492.759319929,16585.536585365855,1592299.6833745006,5366550.813300287,16585.536585365855
1592691.0340092832,5368008.467851323,16097.756097560974,4.397761602682367,1592396.704017196,5367582.230363076,15609.975609756098,1592739.5443306307,5368524.176382716,15609.975609756098,1592985.3640013703,5368434.70533957,16585.536585365855,1592642.5236879354,5367492.759319929,16585.536585365855
1593033.874322718,5368950.413870963,16097.756097560974,3.9864953711103976,1592739.5443306307,5368524.176382716,15609.975609756098,1593082.3846440655,5369466.122402357,15609.975609756098,1593328.204314805,5369376.651359211,16585.536585365855,1592985.3640013703,5368434.70533957,16585.536585365855
1593376.7146361528,5369892.359890604,16097.756097560974,3.9767092104861606,1593082.3846440655,5369466.122402357,15609.975609756098,1593425.2249575004,5370408.068421998,15609.975609756098,1593671.0446282397,5370318.597378851,16585.536585365855,1593328.204314805,5369376.651359211,16585.536585365855
1593719.5549495874,5370834.3059102455,16097.756097560974,3.70554858714719,1593425.2249575004,5370408.068421998,15609.975609756098,1593768.0652709352,5371350.014441638,15609.975609756098,1594013.8849416745,5371260.543398493,16585.536585365855,1593671.0446282397,5370318.597378851,16585.536585365855
1594062.395263022,5371776.251929886,16097.756097560974,3.2092239131670843,1593768.0652709352,5371350.014441638,15609.975609756098,1594110.9055843698,5372291.960461279,15609.975609756098,1594356.7252551096,5372202.489418133,16585.536585365855,1594013.8849416745,5371260.543398493,16585.536585365855
1594405.235576457,5372718.197949527,16097.756097560974,2.896404435429387,1594110.9055843698,5372291.960461279,15609.975609756098,1594453.7458978049,5373233.9064809205,15609.975609756098,1594699.5655685444,5373144.435437774,16585.536585365855,1594356.7252551096,5372202.489418133,16585.536585365855
1594748.075889892,5373660.143969168,16097.756097560974,2.8649788590765333,1594453.7458978049,5373233.9064809205,15609.975609756098,1594796.5862112397,5374175.852500562,15609.975609756098,1595042.405881979,5374086.381457415,16585.536585365855,1594699.5655685444,5373144.435437774,16585.536585365855
1595090.9162033268,5374602.089988808,16097.756097560974,2.468282741544743,1594796.5862112397,5374175.852500562,15609.975609756098,1595139.4265246745,5375117.798520202,15609.975609756098,1595385.2461954139,5375028.3274770565,16585.536585365855,1595042.405881979,5374086.381457415,16585.536585365855
1595433.7565167616,5375544.036008449,16097.756097560974,2.0067465862389935,1595139.4265246745,5375117.798520202,15609.975609756098,1595482.2668381094,5376059.744539844,15609.975609756098,1595728.0865088487,5375970.273496697,16585.536585365855,1595385.2461954139,5375028.3274770565,16585.536585365855
1595776.5968301964,5376485.98202809,16097.756097560974,1.6790585772525202,1595482.2668381094,5376059.744539844,15609.975609756098,1595825.107151544,5377001.690559484,15609.975609756098,1596070.9268222835,5376912.219516338,16585.536585365855,1595728.0865088487,5375970.273496697,16585.536585365855
1596119.4371436313,5377427.9280477315,16097.756097560974,1.8436668793845017,1595825.107151544,5377001.690559484,15609.975609756098,1596167.9474649788,5377943.636579125,15609.975609756098,1596413.7671357184,5377854.165535979,16585.536585365855,1596070.9268222835,5376912.219516338,16585.536585365855
1596462.277457066,5378369.874067373,16097.756097560974,2.2677232797774987,1596167.9474649788,5377943.636579125,15609.975609756098,1596510.7877784136,5378885.582598765,15609.975609756098,1596756.6074491532,5378796.11155562,16585.536585365855,1596413.7671357184,5377854.165535979,16585.536585365855
1596805.1177705007,5379311.820087013,16097.756097560974,2.754028760031759,1596510.7877784136,5378885.582598765,15609.975609756098,1596853.6280918487,5379827.528618407,15609.975609756098,1597099.447762588,5379738.05757526,16585.536585365855,1596756.6074491532,5378796.11155562,16585.536585365855
1597147.9580839358,5380253.766106655,16097.756097560974,2.4855795341111455,1596853.6280918487,5379827.528618407,15609.975609756098,1597196.4684052835,5380769.474638048,15609.975609756098,1597442.2880760229,5380680.003594901,16585.536585365855,1597099.447762588,5379738.05757526,16585.536585365855
1597490.7983973706,5381195.712126295,16097.756097560974,2.6809872795788285,1597196.4684052835,5380769.474638048,15609.975609756098,1597539.3087187181,5381711.420657689,15609.975609756098,1597785.1283894577,5381621.949614543,16585.536585365855,1597442.2880760229,5380680.003594901,16585.536585365855
1597833.6387108054,5382137.658145935,16097.756097560974,2.8128221479805005,1597539.3087187181,5381711.420657689,15609.975609756098,1597882.149032153,5382653.366677329,15609.975609756098,1598127.9687028925,5382563.895634184,16585.536585365855,1597785.1283894577,5381621.949614543,16585.536585365855
1546310.5710528875,5239814.338137016,17073.317073170736,4.856331006932098,1546016.2410608009,5239388.100648768,16585.536585365855,1546359.0813742357,5240330.046668409,16585.536585365855,1546604.901044974,5240240.575625264,17561.09756097561,1546262.0607315395,5239298.629605622,17561.09756097561
1546653.4113663223,5240756.284156657,17073.317073170736,5.252452654474949,1546359.0813742357,5240330.046668409,16585.536585365855,1546701.9216876705,5241271.99268805,16585.536585365855,1546947.7413584092,5241182.521644904,17561.09756097561,1546604.901044974,5240240.575625264,17561.09756097561
1546996.2516797574,5241698.230176297,17073.317073170736,4.3062694769379,1546701.9216876705,5241271.99268805,16585.536585365855,1547044.7620011054,5242213.938707692,16585.536585365855,1547290.581671844,5242124.4676645445,17561.09756097561,1546947.7413584092,5241182.521644904,17561.09756097561
1547339.091993192,5242640.176195939,17073.317073170736,3.8570930988670864,1547044.7620011054,5242213.938707692,16585.536585365855,1547387.6023145402,5243155.884727332,16585.536585365855,1547633.4219852788,5243066.413684186,17561.09756097561,1547290.581671844,5242124.4676645445,17561.09756097561
1547681.9323066268,5243582.122215579,17073.317073170736,3.293828027639885,1547387.6023145402,5243155.884727332,16585.536585365855,1547730.442627975,5244097.830746973,16585.536585365855,1547976.2622987137,5244008.359703827,17561.09756097561,1547633.4219852788,5243066.413684186,17561.09756097561
1548024.7726200616,5244524.06823522,17073.317073170736,2.8392533333334526,1547730.442627975,5244097.830746973,16585.536585365855,1548073.2829414099,5245039.776766614,16585.536585365855,1548319.1026121483,5244950.305723468,17561.09756097561,1547976.2622987137,5244008.359703827,17561.09756097561
1548367.6129334965,5245466.014254861,17073.317073170736,2.221926657588863,1548073.2829414099,5245039.776766614,16585.536585365855,1548416.1232548445,5245981.722786255,16585.536585365855,1548661.942925583,5245892.251743108,17561.09756097561,1548319.1026121483,5244950.305723468,17561.09756097561
1548710.4532469313,5246407.960274503,17073.317073170736,1.7032226705816143,1548416.1232548445,5245981.722786255,16585.536585365855,1548758.9635682793,5246923.668805895,16585.536585365855,1549004.783239018,5246834.19776275,17561.09756097561,1548661.942925583,5245892.251743108,17561.09756097561
1549053.2935603661,5247349.906294143,17073.317073170736,1.4680210152082411,1548758.9635682793,5246923.668805895,16585.536585365855,1549101.8038817141,5247865.6148255365,16585.536585365855,1549347.6235524528,5247776.14378239,17561.09756097561,1549004.783239018,5246834.19776275,17561.09756097561
1549396.133873801,5248291.852313783,17073.317073170736,1.2673194855376804,1549101.8038817141,5247865.6148255365,16585.536585365855,1549444.644195149,5248807.560845178,16585.536585365855,1549690.4638658876,5248718.089802031,17561.09756097561,1549347.6235524528,5247776.14378239,17561.09756097561
1549738.9741872358,5249233.798333424,17073.317073170736,1.0179802075856348,1549444.644195149,5248807.560845178,16585.536585365855,1549787.4845085838,5249749.506864818,16585.536585365855,1550033.3041793224,5249660.035821672,17561.09756097561,1549690.4638658876,5248718.089802031,17561.09756097561
1550081.8145006706,5250175.744353066,17073.317073170736,1.237271895256917,1549787.4845085838,5249749.506864818,16585.536585365855,1550130.3248220186,5250691.452884459,16585.536585365855,1550376.1444927573,5250601.981841314,17561.09756097561,1550033.3041793224,5249660.035821672,17561.09756097561
1550424.6548141055,5251117.690372706,17073.317073170736,1.6714187384320442,1550130.3248220186,5250691.452884459,16585.536585365855,1550473.1651354535,5251633.398904099,16585.536585365855,1550718.984806192,5251543.927860954,17561.09756097561,1550376.1444927573,5250601.981841314,17561.09756097561
1550767.4951275403,5252059.6363923475,17073.317073170736,2.2829186763570517,1550473.1651354535,5251633.398904099,16585.536585365855,1550816.0054488883,5252575.344923741,16585.536585365855,1551061.8251196267,5252485.873880595,17561.09756097561,1550718.984806192,5251543.927860954,17561.09756097561
1551110.335440975,5253001.582411989,17073.317073170736,2.426343861497242,1550816.0054488883,5252575.344923741,16585.536585365855,1551158.8457623231,5253517.290943381,16585.536585365855,1551404.6654330615,5253427.819900235,17561.09756097561,1551061.8251196267,5252485.873880595,17561.09756097561
1551453.1757544095,5253943.52843163,17073.317073170736,2.1865975682928505,1551158.8457623231,5253517.290943381,16585.536585365855,1551501.6860757577,5254459.2369630225,16585.536585365855,1551747.5057464964,5254369.765919877,17561.09756097561,1551404.6654330615,5253427.819900235,17561.09756097561
1551796.0160678443,5254885.47445127,17073.317073170736,1.937814400352831,1551501.6860757577,5254459.2369630225,16585.536585365855,1551844.5263891926,5255401.182982664,16585.536585365855,1552090.3460599314,5255311.711939517,17561.09756097561,1551747.5057464964,5254369.765919877,17561.09756097561
1552138.8563812794,5255827.42047091,17073.317073170736,2.0039199978395184,1551844.5263891926,5255401.182982664,16585.536585365855,1552187.3667026276,5256343.129002305,16585.536585365855,1552433.1863733663,5256253.6579591585,17561.09756097561,1552090.3460599314,5255311.711939517,17561.09756097561
1552481.6966947143,5256769.366490552,17073.317073170736,2.721333591390375,1552187.3667026276,5256343.129002305,16585.536585365855,1552530.2070160625,5257285.075021945,16585.536585365855,1552776.026686801,5257195.6039788,17561.09756097561,1552433.1863733663,5256253.6579591585,17561.09756097561
1552824.537008149,5257711.312510193,17073.317073170736,3.2188599128912974,1552530.2070160625,5257285.075021945,16585.536585365855,1552873.0473294973,5258227.021041586,16585.536585365855,1553118.8670002357,5258137.549998441,17561.09756097561,1552776.026686801,5257195.6039788,17561.09756097561
1553167.377321584,5258653.2585298335,17073.317073170736,3.858825168602389,1552873.0473294973,5258227.021041586,16585.536585365855,1553215.8876429321,5259168.967061227,16585.536585365855,1553461.7073136705,5259079.496018081,17561.09756097561,1553118.8670002357,5258137.549998441,17561.09756097561
1553510.2176350188,5259595.204549475,17073.317073170736,3.9478270809707348,1553215.8876429321,5259168.967061227,16585.536585365855,1553558.7279563667,5260110.913080868,16585.536585365855,1553804.5476271054,5260021.442037722,17561.09756097561,1553461.7073136705,5259079.496018081,17561.09756097561
1553853.0579484536,5260537.150569116,17073.317073170736,3.7084078999459034,1553558.7279563667,5260110.913080868,16585.536585365855,1553901.5682698016,5261052.8591005085,16585.536585365855,1554147.3879405402,5260963.388057363,17561.09756097561,1553804.5476271054,5260021.442037722,17561.09756097561
1554195.8982618882,5261479.096588757,17073.317073170736,3.978365638733087,1553901.5682698016,5261052.8591005085,16585.536585365855,1554244.4085832364,5261994.80512015,16585.536585365855,1554490.2282539748,5261905.334077004,17561.09756097561,1554147.3879405402,5260963.388057363,17561.09756097561
1554538.738575323,5262421.042608397,17073.317073170736,5.065346855024879,1554244.4085832364,5261994.80512015,16585.536585365855,1554587.2488966712,5262936.751139791,16585.536585365855,1554833.0685674099,5262847.280096645,17561.09756097561,1554490.2282539748,5261905.334077004,17561.09756097561
1554881.578888758,5263362.988628038,17073.317073170736,5.4982702960177585,1554587.2488966712,5262936.751139791,16585.536585365855,1554930.089210106,5263878.697159432,16585.536585365855,1555175.9088808447,5263789.226116285,17561.09756097561,1554833.0685674099,5262847.280096645,17561.09756097561
1555224.419202193,5264304.934647678,17073.317073170736,5.555718914323869,1554930.089210106,5263878.697159432,16585.536585365855,1555272.929523541,5264820.643179072,16585.536585365855,1555518.7491942795,5264731.172135927,17561.09756097561,1555175.9088808447,5263789.226116285,17561.09756097561
1555567.2595156278,5265246.8806673195,17073.317073170736,5.1113231676989415,1555272.929523541,5264820.643179072,16585.536585365855,1555615.7698369757,5265762.589198713,16585.536585365855,1555861.5895077144,5265673.118155567,17561.09756097561,1555518.7491942795,5264731.172135927,17561.09756097561
1555910.0998290624,5266188.826686961,17073.317073170736,4.547799088702572,1555615.7698369757,5265762.589198713,16585.536585365855,1555958.6101504106,5266704.535218354,16585.536585365855,1556204.429821149,5266615.064175208,17561.09756097561,1555861.5895077144,5265673.118155567,17561.09756097561
1556252.9401424972,5267130.772706602,17073.317073170736,4.776357116528679,1555958.6101504106,5266704.535218354,16585.536585365855,1556301.4504638452,5267646.481237995,16585.536585365855,1556547.2701345838,5267557.010194849,17561.09756097561,1556204.429821149,5266615.064175208,17561.09756097561
1556595.780455932,5268072.718726243,17073.317073170736,5.606084123636922,1556301.4504638452,5267646.481237995,16585.536585365855,1556644.29077728,5268588.427257636,16585.536585365855,1556890.1104480186,5268498.95621449,17561.09756097561,1556547.2701345838,5267557.010194849,17561.09756097561
1556938.6207693669,5269014.664745883,17073.317073170736,5.797767873737732,1556644.29077728,5268588.427257636,16585.536585365855,1556987.1310907148,5269530.373277278,16585.536585365855,1557232.9507614535,5269440.902234131,17561.09756097561,1556890.1104480186,5268498.95621449,17561.09756097561
1557281.4610828017,5269956.610765524,17073.317073170736,6.424268686427766,1556987.1310907148,5269530.373277278,16585.536585365855,1557329.9714041497,5270472.319296918,16585.536585365855,1557575.7910748883,5270382.848253772,17561.09756097561,1557232.9507614535,5269440.902234131,17561.09756097561
1557624.3013962365,5270898.556785165,17073.317073170736,6.832477561536723,1557329.9714041497,5270472.319296918,16585.536585365855,1557672.8117175847,5271414.265316558,16585.536585365855,1557918.6313883231,5271324.794273413,17561.09756097561,1557575.7910748883,5270382.848253772,17561.09756097561
1557967.1417096711,5271840.5028048055,17073.317073170736,7.165477344427989,1557672.8117175847,5271414.265316558,16585.536585365855,1558015.6520310193,5272356.211336199,16585.536585365855,1558261.471701758,5272266.740293054,17561.09756097561,1557918.6313883231,5271324.794273413,17561.09756097561
1558309.982023106,5272782.448824447,17073.317073170736,7.251012146608975,1558015.6520310193,5272356.211336199,16585.536585365855,1558358.4923444542,5273298.15735584,16585.536585365855,1558604.3120151928,5273208.686312694,17561.09756097561,1558261.471701758,5272266.740293054,17561.09756097561
1558652.8223365408,5273724.394844089,17073.317073170736,6.848739028971711,1558358.4923444542,5273298.15735584,16585.536585365855,1558701.332657889,5274240.103375481,16585.536585365855,1558947.1523286274,5274150.632332335,17561.09756097561,1558604.3120151928,5273208.686312694,17561.09756097561
1558995.6626499756,5274666.340863729,17073.317073170736,6.696272074170576,1558701.332657889,5274240.103375481,16585.536585365855,1559044.1729713238,5275182.049395122,16585.536585365855,1559289.9926420623,5275092.578351976,17561.09756097561,1558947.1523286274,5274150.632332335,17561.09756097561
1559338.5029634105,5275608.28688337,17073.317073170736,6.262964320743108,1559044.1729713238,5275182.049395122,16585.536585365855,1559387.0132847584,5276123.995414763,16585.536585365855,1559632.832955497,5276034.5243716175,17561.09756097561,1559289.9926420623,5275092.578351976,17561.09756097561
1559681.343276845,5276550.23290301,17073.317073170736,5.3347265132119315,1559387.0132847584,5276123.995414763,16585.536585365855,1559729.8535981933,5277065.941434404,16585.536585365855,1559975.6732689322,5276976.470391258,17561.09756097561,1559632.832955497,5276034.5243716175,17561.09756097561
1560024.1835902801,5277492.178922652,17073.317073170736,5.92443990205079,1559729.8535981933,5277065.941434404,16585.536585365855,1560072.6939116283,5278007.887454045,16585.536585365855,1560318.513582367,5277918.416410899,17561.09756097561,1559975.6732689322,5276976.470391258,17561.09756097561
1560367.023903715,5278434.124942292,17073.317073170736,7.132278885899104,1560072.6939116283,5278007.887454045,16585.536585365855,1560415.5342250632,5278949.833473685,16585.536585365855,1560661.3538958016,5278860.36243054,17561.09756097561,1560318.513582367,5277918.416410899,17561.09756097561
1560709.8642171498,5279376.070961933,17073.317073170736,7.166831837705423,1560415.5342250632,5278949.833473685,16585.536585365855,1560758.3745384978,5279891.779493327,16585.536585365855,1561004.1942092364,5279802.30845018,17561.09756097561,1560661.3538958016,5278860.36243054,17561.09756097561
1561052.7045305846,5280318.016981573,17073.317073170736,6.9727258133736445,1560758.3745384978,5279891.779493327,16585.536585365855,1561101.2148519326,5280833.725512967,16585.536585365855,1561347.0345226713,5280744.254469821,17561.09756097561,1561004.1942092364,5279802.30845018,17561.09756097561
1561395.5448440195,5281259.963001215,17073.317073170736,6.417774213295641,1561101.2148519326,5280833.725512967,16585.536585365855,1561444.0551653674,5281775.671532609,16585.536585365855,1561689.874836106,5281686.200489462,17561.09756097561,1561347.0345226713,5280744.254469821,17561.09756097561
1561738.3851574543,5282201.909020856,17073.317073170736,6.374408551088225,1561444.0551653674,5281775.671532609,16585.536585365855,1561786.8954788023,5282717.617552249,16585.536585365855,1562032.7151495407,5282628.1465091035,17561.09756097561,1561689.874836106,5281686.200489462,17561.09756097561
1562081.225470889,5283143.855040496,17073.317073170736,8.038179657782333,1561786.8954788023,5282717.617552249,16585.536585365855,1562129.735792237,5283659.563571891,16585.536585365855,1562375.5554629755,5283570.092528744,17561.09756097561,1562032.7151495407,5282628.1465091035,17561.09756097561
1562424.0657843237,5284085.801060137,17073.317073170736,8.432686564974112,1562129.735792237,5283659.563571891,16585.536585365855,1562472.576105672,5284601.509591531,16585.536585365855,1562718.3957764106,5284512.038548385,17561.09756097561,1562375.5554629755,5283570.092528744,17561.09756097561
1562766.9060977588,5285027.747079778,17073.317073170736,8.342034507776527,1562472.576105672,5284601.509591531,16585.536585365855,1562815.4164191068,5285543.455611172,16585.536585365855,1563061.2360898454,5285453.984568026,17561.09756097561,1562718.3957764106,5284512.038548385,17561.09756097561
1563109.7464111936,5285969.69309942,17073.317073170736,7.354084854696891,1562815.4164191068,5285543.455611172,16585.536585365855,1563158.2567325416,5286485.401630812,16585.536585365855,1563404.0764032803,5286395.930587667,17561.09756097561,1563061.2360898454,5285453.984568026,17561.09756097561
1563452.5867246285,5286911.63911906,17073.317073170736,7.383699274864918,1563158.2567325416,5286485.401630812,16585.536585365855,1563501.0970459764,5287427.347650454,16585.536585365855,1563746.916716715,5287337.876607307,17561.09756097561,1563404.0764032803,5286395.930587667,17561.09756097561
1563795.4270380633,5287853.585138701,17073.317073170736,7.271576893591073,1563501.0970459764,5287427.347650454,16585.536585365855,1563843.9373594113,5288369.293670095,16585.536585365855,1564089.7570301497,5288279.822626948,17561.09756097561,1563746.916716715,5287337.876607307,17561.09756097561
1564138.2673514977,5288795.531158342,17073.317073170736,6.327784865907276,1563843.9373594113,5288369.293670095,16585.536585365855,1564186.7776728459,5289311.239689736,16585.536585365855,1564432.5973435845,5289221.7686465895,17561.09756097561,1564089.7570301497,5288279.822626948,17561.09756097561
1564481.1076649325,5289737.477177983,17073.317073170736,6.409820686867001,1564186.7776728459,5289311.239689736,16585.536585365855,1564529.6179862807,5290253.185709376,16585.536585365855,1564775.4376570194,5290163.714666231,17561.09756097561,1564432.5973435845,5289221.7686465895,17561.09756097561
1564823.9479783673,5290679.423197623,17073.317073170736,7.3385576230348555,1564529.6179862807,5290253.185709376,16585.536585365855,1564872.4582997155,5291195.131729018,16585.536585365855,1565118.2779704542,5291105.660685871,17561.09756097561,1564775.4376570194,5290163.714666231,17561.09756097561
1565166.7882918022,5291621.369217265,17073.317073170736,7.67374110021624,1564872.4582997155,5291195.131729018,16585.536585365855,1565215.2986131504,5292137.077748658,16585.536585365855,1565461.118283889,5292047.606705513,17561.09756097561,1565118.2779704542,5291105.660685871,17561.09756097561
1565509.6286052372,5292563.315236906,17073.317073170736,8.678963490637262,1565215.2986131504,5292137.077748658,16585.536585365855,1565558.1389265854,5293079.023768298,16585.536585365855,1565803.9585973239,5292989.552725153,17561.09756097561,1565461.118283889,5292047.606705513,17561.09756097561
1565852.468918672,5293505.261256547,17073.317073170736,9.043422488678837,1565558.1389265854,5293079.023768298,16585.536585365855,1565900.97924002,5294020.96978794,16585.536585365855,1566146.7989107587,5293931.498744794,17561.09756097561,1565803.9585973239,5292989.552725153,17561.09756097561
1566195.309232107,5294447.207276187,17073.317073170736,7.9068588598621306,1565900.97924002,5294020.96978794,16585.536585365855,1566243.8195534549,5294962.915807581,16585.536585365855,1566489.6392241935,5294873.444764434,17561.09756097561,1566146.7989107587,5293931.498744794,17561.09756097561
1566538.1495455417,5295389.153295828,17073.317073170736,8.881257785722703,1566243.8195534549,5294962.915807581,16585.536585365855,1566586.6598668897,5295904.861827222,16585.536585365855,1566832.4795376284,5295815.390784076,17561.09756097561,1566489.6392241935,5294873.444764434,17561.09756097561
1566880.9898589763,5296331.099315469,17073.317073170736,9.17056213796718,1566586.6598668897,5295904.861827222,16585.536585365855,1566929.5001803245,5296846.807846862,16585.536585365855,1567175.319851063,5296757.336803717,17561.09756097561,1566832.4795376284,5295815.390784076,17561.09756097561
1567223.8301724112,5297273.04533511,17073.317073170736,8.170591192388653,1566929.5001803245,5296846.807846862,16585.536585365855,1567272.3404937591,5297788.753866504,16585.536585365855,1567518.1601644978,5297699.282823358,17561.09756097561,1567175.319851063,5296757.336803717,17561.09756097561
1567566.670485846,5298214.991354751,17073.317073170736,8.88641683096019,1567272.3404937591,5297788.753866504,16585.536585365855,1567615.180807194,5298730.699886144,16585.536585365855,1567861.0004779329,5298641.228842998,17561.09756097561,1567518.1601644978,5297699.282823358,17561.09756097561
1567909.510799281,5299156.9373743925,17073.317073170736,7.903912069520326,1567615.180807194,5298730.699886144,16585.536585365855,1567958.021120629,5299672.645905785,16585.536585365855,1568203.8407913677,5299583.17486264,17561.09756097561,1567861.0004779329,5298641.228842998,17561.09756097561
1568252.3511127157,5300098.883394033,17073.317073170736,6.3484769988745375,1567958.021120629,5299672.645905785,16585.536585365855,1568300.8614340639,5300614.591925425,16585.536585365855,1568546.6811048023,5300525.12088228,17561.09756097561,1568203.8407913677,5299583.17486264,17561.09756097561
1568595.1914261505,5301040.829413673,17073.317073170736,6.545867786187377,1568300.8614340639,5300614.591925425,16585.536585365855,1568643.7017474985,5301556.5379450675,16585.536585365855,1568889.5214182371,5301467.06690192,17561.09756097561,1568546.6811048023,5300525.12088228,17561.09756097561
1568938.0317395853,5301982.775433315,17073.317073170736,8.143205094641512,1568643.7017474985,5301556.5379450675,16585.536585365855,1568986.5420609333,5302498.483964708,16585.536585365855,1569232.361731672,5302409.012921562,17561.09756097561,1568889.5214182371,5301467.06690192,17561.09756097561
1569280.8720530202,5302924.721452955,17073.317073170736,8.409831560487051,1568986.5420609333,5302498.483964708,16585.536585365855,1569329.3823743681,5303440.429984349,16585.536585365855,1569575.2020451068,5303350.958941203,17561.09756097561,1569232.361731672,5302409.012921562,17561.09756097561
1569623.712366455,5303866.667472595,17073.317073170736,6.862618451412534,1569329.3823743681,5303440.429984349,16585.536585365855,1569672.222687803,5304382.37600399,16585.536585365855,1569918.0423585414,5304292.904960844,17561.09756097561,1569575.2020451068,5303350.958941203,17561.09756097561
1569966.5526798896,5304808.6134922365,17073.317073170736,6.707285468234708,1569672.222687803,5304382.37600399,16585.536585365855,1570015.0630012378,5305324.322023631,16585.536585365855,1570260.8826719762,5305234.850980484,17561.09756097561,1569918.0423585414,5304292.904960844,17561.09756097561
1570309.3929933242,5305750.5595118785,17073.317073170736,8.571078753346605,1570015.0630012378,5305324.322023631,16585.536585365855,1570357.9033146724,5306266.268043271,16585.536585365855,1570603.7229854113,5306176.797000126,17561.09756097561,1570260.8826719762,5305234.850980484,17561.09756097561
1570652.2333067593,5306692.505531519,17073.317073170736,10.435522702490074,1570357.9033146724,5306266.268043271,16585.536585365855,1570700.7436281075,5307208.214062911,16585.536585365855,1570946.5632988461,5307118.743019766,17561.09756097561,1570603.7229854113,5306176.797000126,17561.09756097561
1570995.073620194,5307634.45155116,17073.317073170736,9.83601191716701,1570700.7436281075,5307208.214062911,16585.536585365855,1571043.5839415423,5308150.1600825535,16585.536585365855,1571289.4036122807,5308060.689039407,17561.09756097561,1570946.5632988461,5307118.743019766,17561.09756097561
1571337.913933629,5308576.397570801,17073.317073170736,8.855367634104155,1571043.5839415423,5308150.1600825535,16585.536585365855,1571386.4242549771,5309092.106102194,16585.536585365855,1571632.2439257156,5309002.6350590475,17561.09756097561,1571289.4036122807,5308060.689039407,17561.09756097561
1571680.7542470638,5309518.343590442,17073.317073170736,8.085171290042155,1571386.4242549771,5309092.106102194,16585.536585365855,1571729.2645684117,5310034.052121835,16585.536585365855,1571975.0842391504,5309944.58107869,17561.09756097561,1571632.2439257156,5309002.6350590475,17561.09756097561
1572023.5945604984,5310460.289610082,17073.317073170736,7.800227880412915,1571729.2645684117,5310034.052121835,16585.536585365855,1572072.1048818466,5310975.998141475,16585.536585365855,1572317.9245525852,5310886.52709833,17561.09756097561,1571975.0842391504,5309944.58107869,17561.09756097561
1572366.4348739332,5311402.2356297225,17073.317073170736,7.822209709969191,1572072.1048818466,5310975.998141475,16585.536585365855,1572414.9451952814,5311917.944161117,16585.536585365855,1572660.76486602,5311828.473117971,17561.09756097561,1572317.9245525852,5310886.52709833,17561.09756097561
1572709.275187368,5312344.1816493645,17073.317073170736,9.436693106161137,1572414.9451952814,5311917.944161117,16585.536585365855,1572757.7855087162,5312859.890180757,16585.536585365855,1573003.6051794547,5312770.419137611,17561.09756097561,1572660.76486602,5311828.473117971,17561.09756097561
1573052.1155008029,5313286.127669006,17073.317073170736,10.907147196772831,1572757.7855087162,5312859.890180757,16585.536585365855,1573100.6258221508,5313801.836200398,16585.536585365855,1573346.4454928897,5313712.365157253,17561.09756097561,1573003.6051794547,5312770.419137611,17561.09756097561
1573394.955814238,5314228.073688646,17073.317073170736,10.725469825405801,1573100.6258221508,5313801.836200398,16585.536585365855,1573443.466135586,5314743.7822200395,16585.536585365855,1573689.2858063246,5314654.311176893,17561.09756097561,1573346.4454928897,5313712.365157253,17561.09756097561
1573737.7961276728,5315170.019708286,17073.317073170736,9.567926365429186,1573443.466135586,5314743.7822200395,16585.536585365855,1573786.3064490207,5315685.728239681,16585.536585365855,1574032.1261197594,5315596.2571965335,17561.09756097561,1573689.2858063246,5314654.311176893,17561.09756097561
1574080.6364411076,5316111.965727928,17073.317073170736,10.05221950691377,1573786.3064490207,5315685.728239681,16585.536585365855,1574129.1467624556,5316627.674259321,16585.536585365855,1574374.9664331942,5316538.203216176,17561.09756097561,1574032.1261197594,5315596.2571965335,17561.09756097561
1574423.4767545424,5317053.911747569,17073.317073170736,11.083743837333909,1574129.1467624556,5316627.674259321,16585.536585365855,1574471.9870758904,5317569.620278962,16585.536585365855,1574717.806746629,5317480.149235817,17561.09756097561,1574374.9664331942,5316538.203216176,17561.09756097561
1574766.3170679773,5317995.857767209,17073.317073170736,11.265788897571998,1574471.9870758904,5317569.620278962,16585.536585365855,1574814.8273893252,5318511.566298603,16585.536585365855,1575060.6470600637,5318422.095255457,17561.09756097561,1574717.806746629,5317480.149235817,17561.09756097561
1575109.1573814119,5318937.80378685,17073.317073170736,11.998755152209712,1574814.8273893252,5318511.566298603,16585.536585365855,1575157.6677027598,5319453.512318244,16585.536585365855,1575403.4873734985,5319364.041275098,17561.09756097561,1575060.6470600637,5318422.095255457,17561.09756097561
1575451.9976948467,5319879.749806492,17073.317073170736,13.920355526526217,1575157.6677027598,5319453.512318244,16585.536585365855,1575500.5080161947,5320395.458337884,16585.536585365855,1575746.3276869336,5320305.987294739,17561.09756097561,1575403.4873734985,5319364.041275098,17561.09756097561
1575794.8380082818,5320821.695826133,17073.317073170736,14.119064826669419,1575500.5080161947,5320395.458337884,16585.536585365855,1575843.3483296297,5321337.4043575255,16585.536585365855,1576089.1680003684,5321247.93331438,17561.09756097561,1575746.3276869336,5320305.987294739,17561.09756097561
1576137.6783217166,5321763.641845773,17073.317073170736,14.534321511070955,1575843.3483296297,5321337.4043575255,16585.536585365855,1576186.1886430646,5322279.350377167,16585.536585365855,1576432.008313803,5322189.87933402,17561.09756097561,1576089.1680003684,5321247.93331438,17561.09756097561
1576480.518635151,5322705.587865414,17073.317073170736,14.731153063065076,1576186.1886430646,5322279.350377167,16585.536585365855,1576529.0289564992,5323221.296396808,16585.536585365855,1576774.8486272378,5323131.825353661,17561.09756097561,1576432.008313803,5322189.87933402,17561.09756097561
1576823.3589485858,5323647.533885055,17073.317073170736,15.126291518137736,1576529.0289564992,5323221.296396808,16585.536585365855,1576871.869269934,5324163.242416448,16585.536585365855,1577117.6889406727,5324073.771373303,17561.09756097561,1576774.8486272378,5323131.825353661,17561.09756097561
1577166.1992620206,5324589.479904695,17073.317073170736,17.85037716554851,1576871.869269934,5324163.242416448,16585.536585365855,1577214.7095833689,5325105.188436089,16585.536585365855,1577460.5292541075,5325015.717392943,17561.09756097561,1577117.6889406727,5324073.771373303,17561.09756097561
1577509.0395754555,5325531.425924337,17073.317073170736,20.3029636520204,1577214.7095833689,5325105.188436089,16585.536585365855,1577557.5498968037,5326047.13445573,16585.536585365855,1577803.369567542,5325957.663412584,17561.09756097561,1577460.5292541075,5325015.717392943,17561.09756097561
1577851.8798888903,5326473.371943978,17073.317073170736,21.750240748371084,1577557.5498968037,5326047.13445573,16585.536585365855,1577900.3902102385,5326989.080475371,16585.536585365855,1578146.209880977,5326899.609432225,17561.09756097561,1577803.369567542,5325957.663412584,17561.09756097561
1578194.7202023251,5327415.317963618,17073.317073170736,22.84328105585653,1577900.3902102385,5326989.080475371,16585.536585365855,1578243.2305236731,5327931.0264950115,16585.536585365855,1578489.050194412,5327841.555451866,17561.09756097561,1578146.209880977,5326899.609432225,17561.09756097561
1578537.5605157602,5328357.263983259,17073.317073170736,22.86753330710918,1578243.2305236731,5327931.0264950115,16585.536585365855,1578586.0708371082,5328872.972514654,16585.536585365855,1578831.8905078468,5328783.501471506,17561.09756097561,1578489.050194412,5327841.555451866,17561.09756097561
1578880.400829195,5329299.2100029,17073.317073170736,22.80161402483773,1578586.0708371082,5328872.972514654,16585.536585365855,1578928.911150543,5329814.918534294,16585.536585365855,1579174.7308212817,5329725.447491148,17561.09756097561,1578831.8905078468,5328783.501471506,17561.09756097561
1579223.2411426296,5330241.156022541,17073.317073170736,21.77733518563551,1578928.911150543,5329814.918534294,16585.536585365855,1579271.7514639779,5330756.864553934,16585.536585365855,1579517.5711347163,5330667.393510789,17561.09756097561,1579174.7308212817,5329725.447491148,17561.09756097561
1579566.0814560645,5331183.102042182,17073.317073170736,19.919016290539226,1579271.7514639779,5330756.864553934,16585.536585365855,1579614.5917774125,5331698.810573575,16585.536585365855,1579860.411448151,5331609.33953043,17561.09756097561,1579517.5711347163,5330667.393510789,17561.09756097561
1579908.9217694993,5332125.048061823,17073.317073170736,18.96243340988969,1579614.5917774125,5331698.810573575,16585.536585365855,1579957.4320908473,5332640.756593216,16585.536585365855,1580203.251761586,5332551.28555007,17561.09756097561,1579860.411448151,5331609.33953043,17561.09756097561
1580251.7620829341,5333066.994081465,17073.317073170736,19.931254770068403,1579957.4320908473,5332640.756593216,16585.536585365855,1580300.2724042821,5333582.702612857,16585.536585365855,1580546.0920750208,5333493.231569711,17561.09756097561,1580203.251761586,5332551.28555007,17561.09756097561
1580594.6023963687,5334008.940101105,17073.317073170736,19.463626742277928,1580300.2724042821,5333582.702612857,16585.536585365855,1580643.112717717,5334524.6486324975,16585.536585365855,1580888.9323884554,5334435.177589352,17561.09756097561,1580546.0920750208,5333493.231569711,17561.09756097561
1580937.4427098036,5334950.886120745,17073.317073170736,16.72977805251382,1580643.112717717,5334524.6486324975,16585.536585365855,1580985.9530311518,5335466.594652139,16585.536585365855,1581231.7727018904,5335377.123608993,17561.09756097561,1580888.9323884554,5334435.177589352,17561.09756097561
1581280.2830232386,5335892.832140386,17073.317073170736,17.934337378630104,1580985.9530311518,5335466.594652139,16585.536585365855,1581328.7933445866,5336408.54067178,16585.536585365855,1581574.6130153253,5336319.069628634,17561.09756097561,1581231.7727018904,5335377.123608993,17561.09756097561
1581623.1233366735,5336834.778160027,17073.317073170736,17.275180152899853,1581328.7933445866,5336408.54067178,16585.536585365855,1581671.6336580215,5337350.486691421,16585.536585365855,1581917.45332876,5337261.015648275,17561.09756097561,1581574.6130153253,5336319.069628634,17561.09756097561
1581965.9636501083,5337776.724179668,17073.317073170736,16.48756934177497,1581671.6336580215,5337350.486691421,16585.536585365855,1582014.4739714563,5338292.432711061,16585.536585365855,1582260.2936421947,5338202.961667916,17561.09756097561,1581917.45332876,5337261.015648275,17561.09756097561
1582308.803963543,5338718.670199309,17073.317073170736,17.405017829539936,1582014.4739714563,5338292.432711061,16585.536585365855,1582357.3142848911,5339234.378730703,16585.536585365855,1582603.1339556295,5339144.907687556,17561.09756097561,1582260.2936421947,5338202.961667916,17561.09756097561
1582651.6442769775,5339660.61621895,17073.317073170736,17.00083727456535,1582357.3142848911,5339234.378730703,16585.536585365855,1582700.1545983257,5340176.324750343,16585.536585365855,1582945.9742690644,5340086.853707197,17561.09756097561,1582603.1339556295,5339144.907687556,17561.09756097561
1582994.4845904124,5340602.562238591,17073.317073170736,18.092738382456904,1582700.1545983257,5340176.324750343,16585.536585365855,1583042.9949117606,5341118.270769984,16585.536585365855,1583288.8145824992,5341028.799726838,17561.09756097561,1582945.9742690644,5340086.853707197,17561.09756097561
1583337.3249038472,5341544.508258232,17073.317073170736,20.09983018464875,1583042.9949117606,5341118.270769984,16585.536585365855,1583385.8352251954,5342060.216789625,16585.536585365855,1583631.6548959343,5341970.745746479,17561.09756097561,1583288.8145824992,5341028.799726838,17561.09756097561
1583680.1652172823,5342486.454277872,17073.317073170736,17.437858136368696,1583385.8352251954,5342060.216789625,16585.536585365855,1583728.6755386302,5343002.162809267,16585.536585365855,1583974.4952093689,5342912.69176612,17561.09756097561,1583631.6548959343,5341970.745746479,17561.09756097561
1584023.005530717,5343428.400297513,17073.317073170736,14.32774558671219,1583728.6755386302,5343002.162809267,16585.536585365855,1584071.5158520653,5343944.108828907,16585.536585365855,1584317.3355228037,5343854.637785761,17561.09756097561,1583974.4952093689,5342912.69176612,17561.09756097561
1584365.845844152,5344370.346317154,17073.317073170736,12.046486985892129,1584071.5158520653,5343944.108828907,16585.536585365855,1584414.3561655001,5344886.054848548,16585.536585365855,1584660.1758362385,5344796.583805402,17561.09756097561,1584317.3355228037,5343854.637785761,17561.09756097561
1584708.6861575868,5345312.2923367955,17073.317073170736,10.509184304070457,1584414.3561655001,5344886.054848548,16585.536585365855,1584757.1964789347,5345828.000868188,16585.536585365855,1585003.0161496734,5345738.529825043,17561.09756097561,1584660.1758362385,5344796.583805402,17561.09756097561
1585051.5264710214,5346254.238356436,17073.317073170736,9.786175717495617,1584757.1964789347,5345828.000868188,16585.536585365855,1585100.0367923696,5346769.94688783,16585.536585365855,1585345.8564631082,5346680.475844683,17561.09756097561,1585003.0161496734,5345738.529825043,17561.09756097561
1585394.3667844562,5347196.184376078,17073.317073170736,8.407249652531199,1585100.0367923696,5346769.94688783,16585.536585365855,1585442.8771058044,5347711.89290747,16585.536585365855,1585688.6967765428,5347622.421864324,17561.09756097561,1585345.8564631082,5346680.475844683,17561.09756097561
1585737.207097891,5348138.130395718,17073.317073170736,6.631076932872857,1585442.8771058044,5347711.89290747,16585.536585365855,1585785.7174192392,5348653.838927112,16585.536585365855,1586031.5370899776,5348564.367883965,17561.09756097561,1585688.6967765428,5347622.421864324,17561.09756097561
1586080.0474113259,5349080.076415359,17073.317073170736,6.085684535241705,1585785.7174192392,5348653.838927112,16585.536585365855,1586128.5577326738,5349595.784946753,16585.536585365855,1586374.3774034127,5349506.3139036065,17561.09756097561,1586031.5370899776,5348564.367883965,17561.09756097561
1586422.887724761,5350022.022434999,17073.317073170736,6.482185447401973,1586128.5577326738,5349595.784946753,16585.536585365855,1586471.398046109,5350537.730966393,16585.536585365855,1586717.2177168475,5350448.259923247,17561.09756097561,1586374.3774034127,5349506.3139036065,17561.09756097561
1586765.7280381958,5350963.96845464,17073.317073170736,6.976461276942815,1586471.398046109,5350537.730966393,16585.536585365855,1586814.2383595437,5351479.676986034,16585.536585365855,1587060.0580302824,5351390.205942889,17561.09756097561,1586717.2177168475,5350448.259923247,17561.09756097561
1587108.5683516306,5351905.9144742815,17073.317073170736,6.972216424747878,1586814.2383595437,5351479.676986034,16585.536585365855,1587157.0786729786,5352421.623005674,16585.536585365855,1587402.898343717,5352332.151962529,17561.09756097561,1587060.0580302824,5351390.205942889,17561.09756097561
1587451.4086650652,5352847.860493923,17073.317073170736,7.545979014060491,1587157.0786729786,5352421.623005674,16585.536585365855,1587499.9189864132,5353363.569025316,16585.536585365855,1587745.7386571518,5353274.09798217,17561.09756097561,1587402.898343717,5352332.151962529,17561.09756097561
1587794.2489785,5353789.806513563,17073.317073170736,8.347167811090902,1587499.9189864132,5353363.569025316,16585.536585365855,1587842.759299848,5354305.5150449565,16585.536585365855,1588088.5789705866,5354216.04400181,17561.09756097561,1587745.7386571518,5353274.09798217,17561.09756097561
1588137.0892919349,5354731.752533205,17073.317073170736,9.261096730787225,1587842.759299848,5354305.5150449565,16585.536585365855,1588185.5996132828,5355247.461064598,16585.536585365855,1588431.4192840215,5355157.990021452,17561.09756097561,1588088.5789705866,5354216.04400181,17561.09756097561
1588479.9296053697,5355673.698552845,17073.317073170736,9.969600740354869,1588185.5996132828,5355247.461064598,16585.536585365855,1588528.4399267177,5356189.407084238,16585.536585365855,1588774.259597456,5356099.9360410925,17561.09756097561,1588431.4192840215,5355157.990021452,17561.09756097561
1588822.7699188043,5356615.644572486,17073.317073170736,10.79307237918007,1588528.4399267177,5356189.407084238,16585.536585365855,1588871.2802401525,5357131.35310388,16585.536585365855,1589117.0999108911,5357041.882060734,17561.09756097561,1588774.259597456,5356099.9360410925,17561.09756097561
1589165.6102322391,5357557.590592127,17073.317073170736,10.255413879846454,1588871.2802401525,5357131.35310388,16585.536585365855,1589214.1205535873,5358073.29912352,16585.536585365855,1589459.940224326,5357983.828080374,17561.09756097561,1589117.0999108911,5357041.882060734,17561.09756097561
1589508.450545674,5358499.5366117675,17073.317073170736,9.450700700566552,1589214.1205535873,5358073.29912352,16585.536585365855,1589556.9608670222,5359015.245143161,16585.536585365855,1589802.7805377608,5358925.774100015,17561.09756097561,1589459.940224326,5357983.828080374,17561.09756097561
1589851.2908591088,5359441.482631408,17073.317073170736,9.157262560031306,1589556.9608670222,5359015.245143161,16585.536585365855,1589899.801180457,5359957.191162801,16585.536585365855,1590145.6208511954,5359867.720119656,17561.09756097561,1589802.7805377608,5358925.774100015,17561.09756097561
1590194.1311725436,5360383.428651049,17073.317073170736,7.116103368285219,1589899.801180457,5359957.191162801,16585.536585365855,1590242.6414938918,5360899.137182443,16585.536585365855,1590488.4611646303,5360809.666139296,17561.09756097561,1590145.6208511954,5359867.720119656,17561.09756097561
1590536.9714859785,5361325.374670691,17073.317073170736,6.027920423181631,1590242.6414938918,5360899.137182443,16585.536585365855,1590585.4818073264,5361841.083202084,16585.536585365855,1590831.301478065,5361751.612158938,17561.09756097561,1590488.4611646303,5360809.666139296,17561.09756097561
1590879.8117994133,5362267.320690331,17073.317073170736,6.429064351259804,1590585.4818073264,5361841.083202084,16585.536585365855,1590928.3221207613,5362783.029221725,16585.536585365855,1591174.1417915,5362693.5581785785,17561.09756097561,1590831.301478065,5361751.612158938,17561.09756097561
1591222.6521128481,5363209.266709972,17073.317073170736,6.742055373664454,1590928.3221207613,5362783.029221725,16585.536585365855,1591271.162434196,5363724.975241366,16585.536585365855,1591516.9821049348,5363635.50419822,17561.09756097561,1591174.1417915,5362693.5581785785,17561.09756097561
1591565.492426283,5364151.212729612,17073.317073170736,8.093119560983746,1591271.162434196,5363724.975241366,16585.536585365855,1591614.002747631,5364666.921261007,16585.536585365855,1591859.8224183696,5364577.45021786,17561.09756097561,1591516.9821049348,5363635.50419822,17561.09756097561
1591908.3327397178,5365093.158749254,17073.317073170736,10.08610729838488,1591614.002747631,5364666.921261007,16585.536585365855,1591956.8430610658,5365608.867280647,16585.536585365855,1592202.6627318044,5365519.396237502,17561.09756097561,1591859.8224183696,5364577.45021786,17561.09756097561
1592251.1730531526,5366035.104768895,17073.317073170736,8.717484664758036,1591956.8430610658,5365608.867280647,16585.536585365855,1592299.6833745006,5366550.813300287,16585.536585365855,1592545.5030452393,5366461.342257142,17561.09756097561,1592202.6627318044,5365519.396237502,17561.09756097561
1592594.0133665875,5366977.050788535,17073.317073170736,7.847430328586509,1592299.6833745006,5366550.813300287,16585.536585365855,1592642.5236879354,5367492.759319929,16585.536585365855,1592888.343358674,5367403.288276783,17561.09756097561,1592545.5030452393,5366461.342257142,17561.09756097561
1592936.853680022,5367918.996808177,17073.317073170736,6.858382449954084,1592642.5236879354,5367492.759319929,16585.536585365855,1592985.3640013703,5368434.70533957,16585.536585365855,1593231.1836721087,5368345.234296423,17561.09756097561,1592888.343358674,5367403.288276783,17561.09756097561
1593279.693993457,5368860.942827818,17073.317073170736,6.308959173244527,1592985.3640013703,5368434.70533957,16585.536585365855,1593328.204314805,5369376.651359211,16585.536585365855,1593574.0239855435,5369287.180316065,17561.09756097561,1593231.1836721087,5368345.234296423,17561.09756097561
1593622.5343068917,5369802.888847458,17073.317073170736,6.869673530726818,1593328.204314805,5369376.651359211,16585.536585365855,1593671.0446282397,5370318.597378851,16585.536585365855,1593916.8642989784,5370229.126335706,17561.09756097561,1593574.0239855435,5369287.180316065,17561.09756097561
1593965.3746203266,5370744.834867099,17073.317073170736,7.357087247210729,1593671.0446282397,5370318.597378851,16585.536585365855,1594013.8849416745,5371260.543398493,16585.536585365855,1594259.7046124134,5371171.072355347,17561.09756097561,1593916.8642989784,5370229.126335706,17561.09756097561
1594308.2149337616,5371686.78088674,17073.317073170736,5.9811328615564685,1594013.8849416745,5371260.543398493,16585.536585365855,1594356.7252551096,5372202.489418133,16585.536585365855,1594602.544925848,5372113.018374987,17561.09756097561,1594259.7046124134,5371171.072355347,17561.09756097561
1594651.0552471962,5372628.726906382,17073.317073170736,4.59840780810196,1594356.7252551096,5372202.489418133,16585.536585365855,1594699.5655685444,5373144.435437774,16585.536585365855,1594945.3852392829,5373054.964394629,17561.09756097561,1594602.544925848,5372113.018374987,17561.09756097561
1594993.8955606308,5373570.672926022,17073.317073170736,3.780372884878574,1594699.5655685444,5373144.435437774,16585.536585365855,1595042.405881979,5374086.381457415,16585.536585365855,1595288.2255527177,5373996.910414269,17561.09756097561,1594945.3852392829,5373054.964394629,17561.09756097561
1595336.7358740657,5374512.618945662,17073.317073170736,2.888022645769562,1595042.405881979,5374086.381457415,16585.536585365855,1595385.2461954139,5375028.3274770565,16585.536585365855,1595631.0658661525,5374938.856433909,17561.09756097561,1595288.2255527177,5373996.910414269,17561.09756097561
1595679.5761875005,5375454.564965303,17073.317073170736,3.3976280029323473,1595385.2461954139,5375028.3274770565,16585.536585365855,1595728.0865088487,5375970.273496697,16585.536585365855,1595973.9061795874,5375880.802453551,17561.09756097561,1595631.0658661525,5374938.856433909,17561.09756097561
1596022.4165009353,5376396.510984944,17073.317073170736,3.427583534509433,1595728.0865088487,5375970.273496697,16585.536585365855,1596070.9268222835,5376912.219516338,16585.536585365855,1596316.746493022,5376822.748473192,17561.09756097561,1595973.9061795874,5375880.802453551,17561.09756097561
1596365.2568143702,5377338.457004585,17073.317073170736,2.349075329634501,1596070.9268222835,5376912.219516338,16585.536585365855,1596413.7671357184,5377854.165535979,16585.536585365855,1596659.5868064568,5377764.694492833,17561.09756097561,1596316.746493022,5376822.748473192,17561.09756097561
1596708.097127805,5378280.403024226,17073.317073170736,1.7900029368977695,1596413.7671357184,5377854.165535979,16585.536585365855,1596756.6074491532,5378796.11155562,16585.536585365855,1597002.4271198919,5378706.640512474,17561.09756097561,1596659.5868064568,5377764.694492833,17561.09756097561
1597050.93744124,5379222.349043868,17073.317073170736,2.481141241339915,1596756.6074491532,5378796.11155562,16585.536585365855,1597099.447762588,5379738.05757526,16585.536585365855,1597345.2674333267,5379648.586532115,17561.09756097561,1597002.4271198919,5378706.640512474,17561.09756097561
1597393.7777546747,5380164.295063509,17073.317073170736,2.9660391447099035,1597099.447762588,5379738.05757526,16585.536585365855,1597442.2880760229,5380680.003594901,16585.536585365855,1597688.1077467615,5380590.532551756,17561.09756097561,1597345.2674333267,5379648.586532115,17561.09756097561
1597736.6180681095,5381106.241083149,17073.317073170736,3.3278595589184676,1597442.2880760229,5380680.003594901,16585.536585365855,1597785.1283894577,5381621.949614543,16585.536585365855,1598030.9480601964,5381532.478571396,17561.09756097561,1597688.1077467615,5380590.532551756,17561.09756097561
1598079.4583815443,5382048.18710279,17073.317073170736,4.069438857612219,1597785.1283894577,5381621.949614543,16585.536585365855,1598127.9687028925,5382563.895634184,16585.536585365855,1598373.788373631,5382474.4245910365,17561.09756097561,1598030.9480601964,5381532.478571396,17561.09756097561
1546556.3907236264,5239724.8670938695,18048.878048780487,4.605708253185898,1546262.0607315395,5239298.629605622,17561.09756097561,1546604.901044974,5240240.575625264,17561.09756097561,1546850.720715714,5240151.104582117,18536.658536585368,1546507.8804022789,5239209.158562476,18536.658536585368
1546899.2310370614,5240666.813113511,18048.878048780487,4.2603360845177365,1546604.901044974,5240240.575625264,17561.09756097561,1546947.7413584092,5241182.521644904,17561.09756097561,1547193.5610291488,5241093.050601757,18536.658536585368,1546850.720715714,5240151.104582117,18536.658536585368
1547242.0713504963,5241608.759133151,18048.878048780487,3.914031637620146,1546947.7413584092,5241182.521644904,17561.09756097561,1547290.581671844,5242124.4676645445,17561.09756097561,1547536.4013425834,5242034.996621399,18536.658536585368,1547193.5610291488,5241093.050601757,18536.658536585368
1547584.911663931,5242550.705152792,18048.878048780487,3.712176373567947,1547290.581671844,5242124.4676645445,17561.09756097561,1547633.4219852788,5243066.413684186,17561.09756097561,1547879.2416560182,5242976.942641039,18536.658536585368,1547536.4013425834,5242034.996621399,18536.658536585368
1547927.751977366,5243492.651172433,18048.878048780487,3.497898955945345,1547633.4219852788,5243066.413684186,17561.09756097561,1547976.2622987137,5244008.359703827,17561.09756097561,1548222.081969453,5243918.8886606805,18536.658536585368,1547879.2416560182,5242976.942641039,18536.658536585368
1548270.5922908008,5244434.597192074,18048.878048780487,2.576990171988542,1547976.2622987137,5244008.359703827,17561.09756097561,1548319.1026121483,5244950.305723468,17561.09756097561,1548564.9222828879,5244860.834680322,18536.658536585368,1548222.081969453,5243918.8886606805,18536.658536585368
1548613.4326042354,5245376.543211715,18048.878048780487,1.9581382835582672,1548319.1026121483,5244950.305723468,17561.09756097561,1548661.942925583,5245892.251743108,17561.09756097561,1548907.7625963225,5245802.780699963,18536.658536585368,1548564.9222828879,5244860.834680322,18536.658536585368
1548956.2729176702,5246318.4892313555,18048.878048780487,1.7914178091211173,1548661.942925583,5245892.251743108,17561.09756097561,1549004.783239018,5246834.19776275,17561.09756097561,1549250.6029097573,5246744.726719603,18536.658536585368,1548907.7625963225,5245802.780699963,18536.658536585368
1549299.113231105,5247260.435250997,18048.878048780487,1.5764302142097644,1549004.783239018,5246834.19776275,17561.09756097561,1549347.6235524528,5247776.14378239,17561.09756097561,1549593.4432231924,5247686.672739244,18536.658536585368,1549250.6029097573,5246744.726719603,18536.658536585368
1549641.95354454,5248202.381270638,18048.878048780487,1.1931040276004405,1549347.6235524528,5247776.14378239,17561.09756097561,1549690.4638658876,5248718.089802031,17561.09756097561,1549936.2835366272,5248628.618758885,18536.658536585368,1549593.4432231924,5247686.672739244,18536.658536585368
1549984.793857975,5249144.327290278,18048.878048780487,1.0912473684639603,1549690.4638658876,5248718.089802031,17561.09756097561,1550033.3041793224,5249660.035821672,17561.09756097561,1550279.123850062,5249570.564778526,18536.658536585368,1549936.2835366272,5248628.618758885,18536.658536585368
1550327.6341714098,5250086.273309919,18048.878048780487,1.236854570353123,1550033.3041793224,5249660.035821672,17561.09756097561,1550376.1444927573,5250601.981841314,17561.09756097561,1550621.9641634966,5250512.5107981665,18536.658536585368,1550279.123850062,5249570.564778526,18536.658536585368
1550670.4744848444,5251028.219329561,18048.878048780487,1.0676611305315062,1550376.1444927573,5250601.981841314,17561.09756097561,1550718.984806192,5251543.927860954,17561.09756097561,1550964.8044769315,5251454.456817808,18536.658536585368,1550621.9641634966,5250512.5107981665,18536.658536585368
1551013.3147982792,5251970.165349201,18048.878048780487,1.3019076971859338,1550718.984806192,5251543.927860954,17561.09756097561,1551061.8251196267,5252485.873880595,17561.09756097561,1551307.6447903663,5252396.402837449,18536.658536585368,1550964.8044769315,5251454.456817808,18536.658536585368
1551356.155111714,5252912.111368842,18048.878048780487,1.5706641147131901,1551061.8251196267,5252485.873880595,17561.09756097561,1551404.6654330615,5253427.819900235,17561.09756097561,1551650.4851038011,5253338.34885709,18536.658536585368,1551307.6447903663,5252396.402837449,18536.658536585368
1551698.9954251489,5253854.057388483,18048.878048780487,1.977485178683552,1551404.6654330615,5253427.819900235,17561.09756097561,1551747.5057464964,5254369.765919877,17561.09756097561,1551993.3254172357,5254280.29487673,18536.658536585368,1551650.4851038011,5253338.34885709,18536.658536585368
1552041.8357385837,5254796.003408125,18048.878048780487,2.388786540804649,1551747.5057464964,5254369.765919877,17561.09756097561,1552090.3460599314,5255311.711939517,17561.09756097561,1552336.165730671,5255222.240896372,18536.658536585368,1551993.3254172357,5254280.29487673,18536.658536585368
1552384.6760520188,5255737.949427765,18048.878048780487,2.5641518406117974,1552090.3460599314,5255311.711939517,17561.09756097561,1552433.1863733663,5256253.6579591585,17561.09756097561,1552679.0060441056,5256164.186916012,18536.658536585368,1552336.165730671,5255222.240896372,18536.658536585368
1552727.5163654534,5256679.895447405,18048.878048780487,2.929763981783966,1552433.1863733663,5256253.6579591585,17561.09756097561,1552776.026686801,5257195.6039788,17561.09756097561,1553021.8463575405,5257106.132935653,18536.658536585368,1552679.0060441056,5256164.186916012,18536.658536585368
1553070.356678888,5257621.841467046,18048.878048780487,3.1893463242058164,1552776.026686801,5257195.6039788,17561.09756097561,1553118.8670002357,5258137.549998441,17561.09756097561,1553364.6866709753,5258048.078955294,18536.658536585368,1553021.8463575405,5257106.132935653,18536.658536585368
1553413.1969923228,5258563.787486688,18048.878048780487,2.9743058736721877,1553118.8670002357,5258137.549998441,17561.09756097561,1553461.7073136705,5259079.496018081,17561.09756097561,1553707.5269844101,5258990.024974936,18536.658536585368,1553364.6866709753,5258048.078955294,18536.658536585368
1553756.0373057576,5259505.733506328,18048.878048780487,3.228669192668656,1553461.7073136705,5259079.496018081,17561.09756097561,1553804.5476271054,5260021.442037722,17561.09756097561,1554050.3672978447,5259931.970994576,18536.658536585368,1553707.5269844101,5258990.024974936,18536.658536585368
1554098.8776191925,5260447.67952597,18048.878048780487,4.031786367963311,1553804.5476271054,5260021.442037722,17561.09756097561,1554147.3879405402,5260963.388057363,17561.09756097561,1554393.2076112796,5260873.917014217,18536.658536585368,1554050.3672978447,5259931.970994576,18536.658536585368
1554441.7179326273,5261389.625545611,18048.878048780487,4.458948247692006,1554147.3879405402,5260963.388057363,17561.09756097561,1554490.2282539748,5261905.334077004,17561.09756097561,1554736.0479247146,5261815.863033857,18536.658536585368,1554393.2076112796,5260873.917014217,18536.658536585368
1554784.5582460624,5262331.571565252,18048.878048780487,5.016839978007317,1554490.2282539748,5261905.334077004,17561.09756097561,1554833.0685674099,5262847.280096645,17561.09756097561,1555078.8882381495,5262757.809053498,18536.658536585368,1554736.0479247146,5261815.863033857,18536.658536585368
1555127.398559497,5263273.517584892,18048.878048780487,4.986809637985624,1554833.0685674099,5262847.280096645,17561.09756097561,1555175.9088808447,5263789.226116285,17561.09756097561,1555421.728551584,5263699.755073139,18536.658536585368,1555078.8882381495,5262757.809053498,18536.658536585368
1555470.2388729318,5264215.463604532,18048.878048780487,5.067232925746053,1555175.9088808447,5263789.226116285,17561.09756097561,1555518.7491942795,5264731.172135927,17561.09756097561,1555764.568865019,5264641.70109278,18536.658536585368,1555421.728551584,5263699.755073139,18536.658536585368
1555813.0791863666,5265157.409624173,18048.878048780487,4.616245559926478,1555518.7491942795,5264731.172135927,17561.09756097561,1555861.5895077144,5265673.118155567,17561.09756097561,1556107.4091784537,5265583.647112421,18536.658536585368,1555764.568865019,5264641.70109278,18536.658536585368
1556155.9194998015,5266099.355643814,18048.878048780487,4.1431172141222925,1555861.5895077144,5265673.118155567,17561.09756097561,1556204.429821149,5266615.064175208,17561.09756097561,1556450.2494918886,5266525.593132062,18536.658536585368,1556107.4091784537,5265583.647112421,18536.658536585368
1556498.7598132363,5267041.301663456,18048.878048780487,4.434997001002388,1556204.429821149,5266615.064175208,17561.09756097561,1556547.2701345838,5267557.010194849,17561.09756097561,1556793.0898053234,5267467.539151703,18536.658536585368,1556450.2494918886,5266525.593132062,18536.658536585368
1556841.600126671,5267983.247683096,18048.878048780487,4.821321974961011,1556547.2701345838,5267557.010194849,17561.09756097561,1556890.1104480186,5268498.95621449,17561.09756097561,1557135.930118758,5268409.485171343,18536.658536585368,1556793.0898053234,5267467.539151703,18536.658536585368
1557184.4404401057,5268925.193702738,18048.878048780487,4.970226583002013,1556890.1104480186,5268498.95621449,17561.09756097561,1557232.9507614535,5269440.902234131,17561.09756097561,1557478.770432193,5269351.431190985,18536.658536585368,1557135.930118758,5268409.485171343,18536.658536585368
1557527.2807535408,5269867.139722378,18048.878048780487,5.243355719735211,1557232.9507614535,5269440.902234131,17561.09756097561,1557575.7910748883,5270382.848253772,17561.09756097561,1557821.610745628,5270293.377210625,18536.658536585368,1557478.770432193,5269351.431190985,18536.658536585368
1557870.1210669756,5270809.085742019,18048.878048780487,5.220146085894255,1557575.7910748883,5270382.848253772,17561.09756097561,1557918.6313883231,5271324.794273413,17561.09756097561,1558164.4510590627,5271235.323230267,18536.658536585368,1557821.610745628,5270293.377210625,18536.658536585368
1558212.9613804105,5271751.031761659,18048.878048780487,5.120838174675069,1557918.6313883231,5271324.794273413,17561.09756097561,1558261.471701758,5272266.740293054,17561.09756097561,1558507.2913724973,5272177.269249907,18536.658536585368,1558164.4510590627,5271235.323230267,18536.658536585368
1558555.801693845,5272692.9777813,18048.878048780487,4.761568067250588,1558261.471701758,5272266.740293054,17561.09756097561,1558604.3120151928,5273208.686312694,17561.09756097561,1558850.1316859322,5273119.215269549,18536.658536585368,1558507.2913724973,5272177.269249907,18536.658536585368
1558898.6420072797,5273634.923800942,18048.878048780487,4.5898404277271005,1558604.3120151928,5273208.686312694,17561.09756097561,1558947.1523286274,5274150.632332335,17561.09756097561,1559192.971999367,5274061.161289189,18536.658536585368,1558850.1316859322,5273119.215269549,18536.658536585368
1559241.4823207145,5274576.869820583,18048.878048780487,4.2787206354781935,1558947.1523286274,5274150.632332335,17561.09756097561,1559289.9926420623,5275092.578351976,17561.09756097561,1559535.8123128018,5275003.10730883,18536.658536585368,1559192.971999367,5274061.161289189,18536.658536585368
1559584.3226341493,5275518.815840224,18048.878048780487,4.232518118786138,1559289.9926420623,5275092.578351976,17561.09756097561,1559632.832955497,5276034.5243716175,17561.09756097561,1559878.6526262364,5275945.05332847,18536.658536585368,1559535.8123128018,5275003.10730883,18536.658536585368
1559927.1629475844,5276460.761859864,18048.878048780487,4.066794985743287,1559632.832955497,5276034.5243716175,17561.09756097561,1559975.6732689322,5276976.470391258,17561.09756097561,1560221.4929396715,5276886.999348111,18536.658536585368,1559878.6526262364,5275945.05332847,18536.658536585368
1560270.0032610192,5277402.707879505,18048.878048780487,4.297727077188848,1559975.6732689322,5276976.470391258,17561.09756097561,1560318.513582367,5277918.416410899,17561.09756097561,1560564.3332531063,5277828.945367753,18536.658536585368,1560221.4929396715,5276886.999348111,18536.658536585368
1560612.843574454,5278344.653899146,18048.878048780487,5.456808393299489,1560318.513582367,5277918.416410899,17561.09756097561,1560661.3538958016,5278860.36243054,17561.09756097561,1560907.1735665412,5278770.891387393,18536.658536585368,1560564.3332531063,5277828.945367753,18536.658536585368
1560955.6838878887,5279286.599918787,18048.878048780487,6.456982628450865,1560661.3538958016,5278860.36243054,17561.09756097561,1561004.1942092364,5279802.30845018,17561.09756097561,1561250.013879976,5279712.837407035,18536.658536585368,1560907.1735665412,5278770.891387393,18536.658536585368
1561298.5242013235,5280228.545938428,18048.878048780487,6.327665334117885,1561004.1942092364,5279802.30845018,17561.09756097561,1561347.0345226713,5280744.254469821,17561.09756097561,1561592.8541934106,5280654.783426675,18536.658536585368,1561250.013879976,5279712.837407035,18536.658536585368
1561641.3645147583,5281170.491958068,18048.878048780487,6.11532096644947,1561347.0345226713,5280744.254469821,17561.09756097561,1561689.874836106,5281686.200489462,17561.09756097561,1561935.6945068454,5281596.729446316,18536.658536585368,1561592.8541934106,5280654.783426675,18536.658536585368
1561984.2048281932,5282112.437977709,18048.878048780487,5.821439957743107,1561689.874836106,5281686.200489462,17561.09756097561,1562032.7151495407,5282628.1465091035,17561.09756097561,1562278.5348202803,5282538.675465956,18536.658536585368,1561935.6945068454,5281596.729446316,18536.658536585368
1562327.045141628,5283054.383997351,18048.878048780487,5.319333831551522,1562032.7151495407,5282628.1465091035,17561.09756097561,1562375.5554629755,5283570.092528744,17561.09756097561,1562621.375133715,5283480.621485598,18536.658536585368,1562278.5348202803,5282538.675465956,18536.658536585368
1562669.885455063,5283996.330016991,18048.878048780487,5.006144918809506,1562375.5554629755,5283570.092528744,17561.09756097561,1562718.3957764106,5284512.038548385,17561.09756097561,1562964.2154471502,5284422.567505239,18536.658536585368,1562621.375133715,5283480.621485598,18536.658536585368
1563012.725768498,5284938.276036632,18048.878048780487,4.926612709875019,1562718.3957764106,5284512.038548385,17561.09756097561,1563061.2360898454,5285453.984568026,17561.09756097561,1563307.0557605848,5285364.51352488,18536.658536585368,1562964.2154471502,5284422.567505239,18536.658536585368
1563355.5660819325,5285880.222056273,18048.878048780487,4.469212545428722,1563061.2360898454,5285453.984568026,17561.09756097561,1563404.0764032803,5286395.930587667,17561.09756097561,1563649.8960740196,5286306.45954452,18536.658536585368,1563307.0557605848,5285364.51352488,18536.658536585368
1563698.4063953673,5286822.1680759145,18048.878048780487,4.9823991902795575,1563404.0764032803,5286395.930587667,17561.09756097561,1563746.916716715,5287337.876607307,17561.09756097561,1563992.7363874544,5287248.405564162,18536.658536585368,1563649.8960740196,5286306.45954452,18536.658536585368
1564041.2467088022,5287764.114095555,18048.878048780487,4.509015092116366,1563746.916716715,5287337.876607307,17561.09756097561,1564089.7570301497,5288279.822626948,17561.09756097561,1564335.5767008893,5288190.351583802,18536.658536585368,1563992.7363874544,5287248.405564162,18536.658536585368
1564384.087022237,5288706.060115195,18048.878048780487,4.74955226602611,1564089.7570301497,5288279.822626948,17561.09756097561,1564432.5973435845,5289221.7686465895,17561.09756097561,1564678.417014324,5289132.297603443,18536.658536585368,1564335.5767008893,5288190.351583802,18536.658536585368
1564726.9273356718,5289648.006134837,18048.878048780487,5.086546618141844,1564432.5973435845,5289221.7686465895,17561.09756097561,1564775.4376570194,5290163.714666231,17561.09756097561,1565021.2573277587,5290074.243623084,18536.658536585368,1564678.417014324,5289132.297603443,18536.658536585368
1565069.7676491064,5290589.952154478,18048.878048780487,6.905171159566471,1564775.4376570194,5290163.714666231,17561.09756097561,1565118.2779704542,5291105.660685871,17561.09756097561,1565364.0976411938,5291016.1896427255,18536.658536585368,1565021.2573277587,5290074.243623084,18536.658536585368
1565412.6079625413,5291531.898174118,18048.878048780487,7.792637561187459,1565118.2779704542,5291105.660685871,17561.09756097561,1565461.118283889,5292047.606705513,17561.09756097561,1565706.9379546286,5291958.135662366,18536.658536585368,1565364.0976411938,5291016.1896427255,18536.658536585368
1565755.448275976,5292473.844193759,18048.878048780487,7.088168586933245,1565461.118283889,5292047.606705513,17561.09756097561,1565803.9585973239,5292989.552725153,17561.09756097561,1566049.7782680634,5292900.081682007,18536.658536585368,1565706.9379546286,5291958.135662366,18536.658536585368
1566098.288589411,5293415.7902134005,18048.878048780487,6.767090395913181,1565803.9585973239,5292989.552725153,17561.09756097561,1566146.7989107587,5293931.498744794,17561.09756097561,1566392.618581498,5293842.027701648,18536.658536585368,1566049.7782680634,5292900.081682007,18536.658536585368
1566441.1289028458,5294357.736233042,18048.878048780487,8.082352305312797,1566146.7989107587,5293931.498744794,17561.09756097561,1566489.6392241935,5294873.444764434,17561.09756097561,1566735.4588949329,5294783.973721289,18536.658536585368,1566392.618581498,5293842.027701648,18536.658536585368
1566783.9692162806,5295299.682252682,18048.878048780487,7.541018937915674,1566489.6392241935,5294873.444764434,17561.09756097561,1566832.4795376284,5295815.390784076,17561.09756097561,1567078.2992083677,5295725.919740929,18536.658536585368,1566735.4588949329,5294783.973721289,18536.658536585368
1567126.8095297155,5296241.628272323,18048.878048780487,6.4416818120803905,1566832.4795376284,5295815.390784076,17561.09756097561,1567175.319851063,5296757.336803717,17561.09756097561,1567421.1395218025,5296667.86576057,18536.658536585368,1567078.2992083677,5295725.919740929,18536.658536585368
1567469.64984315,5297183.574291964,18048.878048780487,6.961173145008107,1567175.319851063,5296757.336803717,17561.09756097561,1567518.1601644978,5297699.282823358,17561.09756097561,1567763.9798352371,5297609.8117802115,18536.658536585368,1567421.1395218025,5296667.86576057,18536.658536585368
1567812.490156585,5298125.520311605,18048.878048780487,7.09651857280074,1567518.1601644978,5297699.282823358,17561.09756097561,1567861.0004779329,5298641.228842998,17561.09756097561,1568106.8201486722,5298551.757799852,18536.658536585368,1567763.9798352371,5297609.8117802115,18536.658536585368
1568155.33047002,5299067.466331245,18048.878048780487,6.18269006243355,1567861.0004779329,5298641.228842998,17561.09756097561,1568203.8407913677,5299583.17486264,17561.09756097561,1568449.660462107,5299493.703819493,18536.658536585368,1568106.8201486722,5298551.757799852,18536.658536585368
1568498.1707834548,5300009.4123508865,18048.878048780487,6.563400146547757,1568203.8407913677,5299583.17486264,17561.09756097561,1568546.6811048023,5300525.12088228,17561.09756097561,1568792.5007755419,5300435.649839133,18536.658536585368,1568449.660462107,5299493.703819493,18536.658536585368
1568841.0110968896,5300951.358370528,18048.878048780487,7.427465477813674,1568546.6811048023,5300525.12088228,17561.09756097561,1568889.5214182371,5301467.06690192,17561.09756097561,1569135.3410889767,5301377.595858775,18536.658536585368,1568792.5007755419,5300435.649839133,18536.658536585368
1569183.8514103242,5301893.304390168,18048.878048780487,6.650424757393813,1568889.5214182371,5301467.06690192,17561.09756097561,1569232.361731672,5302409.012921562,17561.09756097561,1569478.1814024113,5302319.541878415,18536.658536585368,1569135.3410889767,5301377.595858775,18536.658536585368
1569526.691723759,5302835.250409809,18048.878048780487,6.383094431794348,1569232.361731672,5302409.012921562,17561.09756097561,1569575.2020451068,5303350.958941203,17561.09756097561,1569821.0217158461,5303261.487898056,18536.658536585368,1569478.1814024113,5302319.541878415,18536.658536585368
1569869.532037194,5303777.19642945,18048.878048780487,6.392445094058953,1569575.2020451068,5303350.958941203,17561.09756097561,1569918.0423585414,5304292.904960844,17561.09756097561,1570163.862029281,5304203.4339176975,18536.658536585368,1569821.0217158461,5303261.487898056,18536.658536585368
1570212.3723506287,5304719.14244909,18048.878048780487,6.0619297763783635,1569918.0423585414,5304292.904960844,17561.09756097561,1570260.8826719762,5305234.850980484,17561.09756097561,1570506.7023427158,5305145.379937339,18536.658536585368,1570163.862029281,5304203.4339176975,18536.658536585368
1570555.2126640638,5305661.088468731,18048.878048780487,6.73106375093662,1570260.8826719762,5305234.850980484,17561.09756097561,1570603.7229854113,5306176.797000126,17561.09756097561,1570849.5426561506,5306087.325956979,18536.658536585368,1570506.7023427158,5305145.379937339,18536.658536585368
1570898.0529774984,5306603.0344883725,18048.878048780487,7.224420094690135,1570603.7229854113,5306176.797000126,17561.09756097561,1570946.5632988461,5307118.743019766,17561.09756097561,1571192.3829695855,5307029.27197662,18536.658536585368,1570849.5426561506,5306087.325956979,18536.658536585368
1571240.893290933,5307544.980508014,18048.878048780487,7.018240488694568,1570946.5632988461,5307118.743019766,17561.09756097561,1571289.4036122807,5308060.689039407,17561.09756097561,1571535.2232830203,5307971.217996261,18536.658536585368,1571192.3829695855,5307029.27197662,18536.658536585368
1571583.7336043678,5308486.926527655,18048.878048780487,6.641378656736889,1571289.4036122807,5308060.689039407,17561.09756097561,1571632.2439257156,5309002.6350590475,17561.09756097561,1571878.0635964551,5308913.164015902,18536.658536585368,1571535.2232830203,5307971.217996261,18536.658536585368
1571926.5739178027,5309428.872547295,18048.878048780487,6.088125925908191,1571632.2439257156,5309002.6350590475,17561.09756097561,1571975.0842391504,5309944.58107869,17561.09756097561,1572220.9039098897,5309855.110035542,18536.658536585368,1571878.0635964551,5308913.164015902,18536.658536585368
1572269.4142312375,5310370.818566937,18048.878048780487,6.062796266934477,1571975.0842391504,5309944.58107869,17561.09756097561,1572317.9245525852,5310886.52709833,17561.09756097561,1572563.7442233246,5310797.0560551835,18536.658536585368,1572220.9039098897,5309855.110035542,18536.658536585368
1572612.2545446723,5311312.764586577,18048.878048780487,5.673388222686303,1572317.9245525852,5310886.52709833,17561.09756097561,1572660.76486602,5311828.473117971,17561.09756097561,1572906.5845367594,5311739.002074825,18536.658536585368,1572563.7442233246,5310797.0560551835,18536.658536585368
1572955.0948581072,5312254.710606217,18048.878048780487,5.976433349445658,1572660.76486602,5311828.473117971,17561.09756097561,1573003.6051794547,5312770.419137611,17561.09756097561,1573249.4248501945,5312680.948094465,18536.658536585368,1572906.5845367594,5311739.002074825,18536.658536585368
1573297.935171542,5313196.6566258585,18048.878048780487,7.390496765854784,1573003.6051794547,5312770.419137611,17561.09756097561,1573346.4454928897,5313712.365157253,17561.09756097561,1573592.2651636293,5313622.894114106,18536.658536585368,1573249.4248501945,5312680.948094465,18536.658536585368
1573640.7754849768,5314138.602645501,18048.878048780487,8.608895792123471,1573346.4454928897,5313712.365157253,17561.09756097561,1573689.2858063246,5314654.311176893,17561.09756097561,1573935.105477064,5314564.840133747,18536.658536585368,1573592.2651636293,5313622.894114106,18536.658536585368
1573983.6157984117,5315080.548665141,18048.878048780487,9.098680500262418,1573689.2858063246,5314654.311176893,17561.09756097561,1574032.1261197594,5315596.2571965335,17561.09756097561,1574277.9457904988,5315506.786153388,18536.658536585368,1573935.105477064,5314564.840133747,18536.658536585368
1574326.4561118465,5316022.494684782,18048.878048780487,11.785030928221811,1574032.1261197594,5315596.2571965335,17561.09756097561,1574374.9664331942,5316538.203216176,17561.09756097561,1574620.7861039336,5316448.732173029,18536.658536585368,1574277.9457904988,5315506.786153388,18536.658536585368
1574669.2964252813,5316964.440704422,18048.878048780487,16.263814956836008,1574374.9664331942,5316538.203216176,17561.09756097561,1574717.806746629,5317480.149235817,17561.09756097561,1574963.6264173684,5317390.6781926695,18536.658536585368,1574620.7861039336,5316448.732173029,18536.658536585368
1575012.1367387162,5317906.386724064,18048.878048780487,17.717367519058744,1574717.806746629,5317480.149235817,17561.09756097561,1575060.6470600637,5318422.095255457,17561.09756097561,1575306.4667308033,5318332.624212312,18536.658536585368,1574963.6264173684,5317390.6781926695,18536.658536585368
1575354.977052151,5318848.332743704,18048.878048780487,19.363762965092775,1575060.6470600637,5318422.095255457,17561.09756097561,1575403.4873734985,5319364.041275098,17561.09756097561,1575649.3070442379,5319274.570231952,18536.658536585368,1575306.4667308033,5318332.624212312,18536.658536585368
1575697.8173655856,5319790.2787633445,18048.878048780487,20.046758146800727,1575403.4873734985,5319364.041275098,17561.09756097561,1575746.3276869336,5320305.987294739,17561.09756097561,1575992.147357673,5320216.516251592,18536.658536585368,1575649.3070442379,5319274.570231952,18536.658536585368
1576040.6576790207,5320732.224782987,18048.878048780487,21.296470465812163,1575746.3276869336,5320305.987294739,17561.09756097561,1576089.1680003684,5321247.93331438,17561.09756097561,1576334.9876711078,5321158.462271233,18536.658536585368,1575992.147357673,5320216.516251592,18536.658536585368
1576383.4979924555,5321674.170802628,18048.878048780487,21.09581773358707,1576089.1680003684,5321247.93331438,17561.09756097561,1576432.008313803,5322189.87933402,17561.09756097561,1576677.8279845426,5322100.408290874,18536.658536585368,1576334.9876711078,5321158.462271233,18536.658536585368
1576726.3383058903,5322616.116822268,18048.878048780487,22.417841642145525,1576432.008313803,5322189.87933402,17561.09756097561,1576774.8486272378,5323131.825353661,17561.09756097561,1577020.6682979774,5323042.354310515,18536.658536585368,1576677.8279845426,5322100.408290874,18536.658536585368
1577069.1786193252,5323558.062841908,18048.878048780487,22.476852592449813,1576774.8486272378,5323131.825353661,17561.09756097561,1577117.6889406727,5324073.771373303,17561.09756097561,1577363.508611412,5323984.3003301555,18536.658536585368,1577020.6682979774,5323042.354310515,18536.658536585368
1577412.0189327598,5324500.00886155,18048.878048780487,18.635530267570395,1577117.6889406727,5324073.771373303,17561.09756097561,1577460.5292541075,5325015.717392943,17561.09756097561,1577706.3489248469,5324926.246349797,18536.658536585368,1577363.508611412,5323984.3003301555,18536.658536585368
1577754.8592461944,5325441.95488119,18048.878048780487,15.704575858975574,1577460.5292541075,5325015.717392943,17561.09756097561,1577803.369567542,5325957.663412584,17561.09756097561,1578049.1892382817,5325868.192369438,18536.658536585368,1577706.3489248469,5324926.246349797,18536.658536585368
1578097.6995596292,5326383.900900831,18048.878048780487,16.871894489255048,1577803.369567542,5325957.663412584,17561.09756097561,1578146.209880977,5326899.609432225,17561.09756097561,1578392.0295517165,5326810.138389079,18536.658536585368,1578049.1892382817,5325868.192369438,18536.658536585368
1578440.5398730643,5327325.846920472,18048.878048780487,19.086308052984798,1578146.209880977,5326899.609432225,17561.09756097561,1578489.050194412,5327841.555451866,17561.09756097561,1578734.8698651514,5327752.084408719,18536.658536585368,1578392.0295517165,5326810.138389079,18536.658536585368
1578783.380186499,5328267.792940113,18048.878048780487,19.25673163324229,1578489.050194412,5327841.555451866,17561.09756097561,1578831.8905078468,5328783.501471506,17561.09756097561,1579077.7101785862,5328694.030428361,18536.658536585368,1578734.8698651514,5327752.084408719,18536.658536585368
1579126.220499934,5329209.738959754,18048.878048780487,16.568459659024203,1578831.8905078468,5328783.501471506,17561.09756097561,1579174.7308212817,5329725.447491148,17561.09756097561,1579420.550492021,5329635.976448001,18536.658536585368,1579077.7101785862,5328694.030428361,18536.658536585368
1579469.0608133688,5330151.684979395,18048.878048780487,15.378720049971054,1579174.7308212817,5329725.447491148,17561.09756097561,1579517.5711347163,5330667.393510789,17561.09756097561,1579763.3908054559,5330577.922467642,18536.658536585368,1579420.550492021,5329635.976448001,18536.658536585368
1579811.9011268034,5331093.630999036,18048.878048780487,16.620560107717207,1579517.5711347163,5330667.393510789,17561.09756097561,1579860.411448151,5331609.33953043,17561.09756097561,1580106.2311188905,5331519.868487283,18536.658536585368,1579763.3908054559,5330577.922467642,18536.658536585368
1580154.7414402382,5332035.577018677,18048.878048780487,18.203294950951456,1579860.411448151,5331609.33953043,17561.09756097561,1580203.251761586,5332551.28555007,17561.09756097561,1580449.0714323253,5332461.814506925,18536.658536585368,1580106.2311188905,5331519.868487283,18536.658536585368
1580497.581753673,5332977.523038317,18048.878048780487,16.160374475957685,1580203.251761586,5332551.28555007,17561.09756097561,1580546.0920750208,5333493.231569711,17561.09756097561,1580791.9117457601,5333403.760526565,18536.658536585368,1580449.0714323253,5332461.814506925,18536.658536585368
1580840.4220671079,5333919.469057959,18048.878048780487,19.44827011268179,1580546.0920750208,5333493.231569711,17561.09756097561,1580888.9323884554,5334435.177589352,17561.09756097561,1581134.7520591952,5334345.706546205,18536.658536585368,1580791.9117457601,5333403.760526565,18536.658536585368
1581183.262380543,5334861.4150776,18048.878048780487,19.744787246897392,1580888.9323884554,5334435.177589352,17561.09756097561,1581231.7727018904,5335377.123608993,17561.09756097561,1581477.59237263,5335287.652565846,18536.658536585368,1581134.7520591952,5334345.706546205,18536.658536585368
1581526.1026939775,5335803.36109724,18048.878048780487,19.760992258513024,1581231.7727018904,5335377.123608993,17561.09756097561,1581574.6130153253,5336319.069628634,17561.09756097561,1581820.4326860646,5336229.598585487,18536.658536585368,1581477.59237263,5335287.652565846,18536.658536585368
1581868.9430074124,5336745.30711688,18048.878048780487,19.87014545128881,1581574.6130153253,5336319.069628634,17561.09756097561,1581917.45332876,5337261.015648275,17561.09756097561,1582163.2729994995,5337171.5446051285,18536.658536585368,1581820.4326860646,5336229.598585487,18536.658536585368
1582211.7833208472,5337687.253136521,18048.878048780487,19.89398414157238,1581917.45332876,5337261.015648275,17561.09756097561,1582260.2936421947,5338202.961667916,17561.09756097561,1582506.1133129343,5338113.490624769,18536.658536585368,1582163.2729994995,5337171.5446051285,18536.658536585368
1582554.623634282,5338629.199156163,18048.878048780487,21.18371363132068,1582260.2936421947,5338202.961667916,17561.09756097561,1582603.1339556295,5339144.907687556,17561.09756097561,1582848.9536263691,5339055.436644411,18536.658536585368,1582506.1133129343,5338113.490624769,18536.658536585368
1582897.4639477169,5339571.145175803,18048.878048780487,20.053253563815105,1582603.1339556295,5339144.907687556,17561.09756097561,1582945.9742690644,5340086.853707197,17561.09756097561,1583191.7939398037,5339997.382664051,18536.658536585368,1582848.9536263691,5339055.436644411,18536.658536585368
1583240.3042611515,5340513.091195445,18048.878048780487,18.383110720991468,1582945.9742690644,5340086.853707197,17561.09756097561,1583288.8145824992,5341028.799726838,17561.09756097561,1583534.6342532386,5340939.328683692,18536.658536585368,1583191.7939398037,5339997.382664051,18536.658536585368
1583583.1445745863,5341455.037215085,18048.878048780487,18.668486531132057,1583288.8145824992,5341028.799726838,17561.09756097561,1583631.6548959343,5341970.745746479,17561.09756097561,1583877.4745666736,5341881.274703332,18536.658536585368,1583534.6342532386,5340939.328683692,18536.658536585368
1583925.9848880211,5342396.983234727,18048.878048780487,16.385059580728093,1583631.6548959343,5341970.745746479,17561.09756097561,1583974.4952093689,5342912.69176612,17561.09756097561,1584220.3148801085,5342823.220722974,18536.658536585368,1583877.4745666736,5341881.274703332,18536.658536585368
1584268.825201456,5343338.929254367,18048.878048780487,17.664415044783258,1583974.4952093689,5342912.69176612,17561.09756097561,1584317.3355228037,5343854.637785761,17561.09756097561,1584563.1551935433,5343765.1667426145,18536.658536585368,1584220.3148801085,5342823.220722974,18536.658536585368
1584611.6655148908,5344280.875274007,18048.878048780487,14.444302241272606,1584317.3355228037,5343854.637785761,17561.09756097561,1584660.1758362385,5344796.583805402,17561.09756097561,1584905.9955069781,5344707.112762256,18536.658536585368,1584563.1551935433,5343765.1667426145,18536.658536585368
1584954.5058283256,5345222.821293649,18048.878048780487,10.487306896259689,1584660.1758362385,5344796.583805402,17561.09756097561,1585003.0161496734,5345738.529825043,17561.09756097561,1585248.8358204127,5345649.058781896,18536.658536585368,1584905.9955069781,5344707.112762256,18536.658536585368
1585297.3461417605,5346164.76731329,18048.878048780487,10.391362196019525,1585003.0161496734,5345738.529825043,17561.09756097561,1585345.8564631082,5346680.475844683,17561.09756097561,1585591.6761338476,5346591.004801538,18536.658536585368,1585248.8358204127,5345649.058781896,18536.658536585368
1585640.1864551953,5347106.713332931,18048.878048780487,8.791090692656812,1585345.8564631082,5346680.475844683,17561.09756097561,1585688.6967765428,5347622.421864324,17561.09756097561,1585934.5164472824,5347532.950821178,18536.658536585368,1585591.6761338476,5346591.004801538,18536.658536585368
1585983.02676863,5348048.659352572,18048.878048780487,7.252511156556847,1585688.6967765428,5347622.421864324,17561.09756097561,1586031.5370899776,5348564.367883965,17561.09756097561,1586277.3567607172,5348474.896840819,18536.658536585368,1585934.5164472824,5347532.950821178,18536.658536585368
1586325.867082065,5348990.605372213,18048.878048780487,6.058148549312754,1586031.5370899776,5348564.367883965,17561.09756097561,1586374.3774034127,5349506.3139036065,17561.09756097561,1586620.197074152,5349416.84286046,18536.658536585368,1586277.3567607172,5348474.896840819,18536.658536585368
1586668.7073954998,5349932.551391854,18048.878048780487,6.591888250898989,1586374.3774034127,5349506.3139036065,17561.09756097561,1586717.2177168475,5350448.259923247,17561.09756097561,1586963.037387587,5350358.788880101,18536.658536585368,1586620.197074152,5349416.84286046,18536.658536585368
1587011.5477089346,5350874.497411494,18048.878048780487,7.843376882046713,1586717.2177168475,5350448.259923247,17561.09756097561,1587060.0580302824,5351390.205942889,17561.09756097561,1587305.8777010217,5351300.734899742,18536.658536585368,1586963.037387587,5350358.788880101,18536.658536585368
1587354.3880223695,5351816.443431134,18048.878048780487,8.33206574272957,1587060.0580302824,5351390.205942889,17561.09756097561,1587402.898343717,5352332.151962529,17561.09756097561,1587648.7180144566,5352242.680919383,18536.658536585368,1587305.8777010217,5351300.734899742,18536.658536585368
1587697.2283358043,5352758.389450776,18048.878048780487,8.158693844985297,1587402.898343717,5352332.151962529,17561.09756097561,1587745.7386571518,5353274.09798217,17561.09756097561,1587991.5583278914,5353184.626939024,18536.658536585368,1587648.7180144566,5352242.680919383,18536.658536585368
1588040.0686492391,5353700.3354704175,18048.878048780487,9.710714472060111,1587745.7386571518,5353274.09798217,17561.09756097561,1588088.5789705866,5354216.04400181,17561.09756097561,1588334.398641326,5354126.572958665,18536.658536585368,1587991.5583278914,5353184.626939024,18536.658536585368
1588382.9089626737,5354642.281490058,18048.878048780487,10.409867147262814,1588088.5789705866,5354216.04400181,17561.09756097561,1588431.4192840215,5355157.990021452,17561.09756097561,1588677.2389547608,5355068.518978305,18536.658536585368,1588334.398641326,5354126.572958665,18536.658536585368
1588725.7492761086,5355584.227509699,18048.878048780487,10.787498186033476,1588431.4192840215,5355157.990021452,17561.09756097561,1588774.259597456,5356099.9360410925,17561.09756097561,1589020.079268196,5356010.464997945,18536.658536585368,1588677.2389547608,5355068.518978305,18536.658536585368
1589068.5895895436,5356526.17352934,18048.878048780487,10.907172888557662,1588774.259597456,5356099.9360410925,17561.09756097561,1589117.0999108911,5357041.882060734,17561.09756097561,1589362.9195816307,5356952.411017587,18536.658536585368,1589020.079268196,5356010.464997945,18536.658536585368
1589411.4299029785,5357468.119548981,18048.878048780487,11.085182509528233,1589117.0999108911,5357041.882060734,17561.09756097561,1589459.940224326,5357983.828080374,17561.09756097561,1589705.7598950653,5357894.357037228,18536.658536585368,1589362.9195816307,5356952.411017587,18536.658536585368
1589754.270216413,5358410.065568621,18048.878048780487,10.84628718895887,1589459.940224326,5357983.828080374,17561.09756097561,1589802.7805377608,5358925.774100015,17561.09756097561,1590048.6002085002,5358836.303056869,18536.658536585368,1589705.7598950653,5357894.357037228,18536.658536585368
1590097.1105298477,5359352.011588262,18048.878048780487,9.467922140045415,1589802.7805377608,5358925.774100015,17561.09756097561,1590145.6208511954,5359867.720119656,17561.09756097561,1590391.440521935,5359778.24907651,18536.658536585368,1590048.6002085002,5358836.303056869,18536.658536585368
1590439.9508432825,5360293.957607903,18048.878048780487,8.594309794625065,1590145.6208511954,5359867.720119656,17561.09756097561,1590488.4611646303,5360809.666139296,17561.09756097561,1590734.2808353698,5360720.195096151,18536.658536585368,1590391.440521935,5359778.24907651,18536.658536585368
1590782.7911567173,5361235.903627544,18048.878048780487,9.820895774122688,1590488.4611646303,5360809.666139296,17561.09756097561,1590831.301478065,5361751.612158938,17561.09756097561,1591077.1211488044,5361662.141115791,18536.658536585368,1590734.2808353698,5360720.195096151,18536.658536585368
1591125.6314701522,5362177.849647185,18048.878048780487,10.151857692138849,1590831.301478065,5361751.612158938,17561.09756097561,1591174.1417915,5362693.5581785785,17561.09756097561,1591419.9614622393,5362604.087135432,18536.658536585368,1591077.1211488044,5361662.141115791,18536.658536585368
1591468.471783587,5363119.795666826,18048.878048780487,9.510183972015481,1591174.1417915,5362693.5581785785,17561.09756097561,1591516.9821049348,5363635.50419822,17561.09756097561,1591762.8017756743,5363546.033155073,18536.658536585368,1591419.9614622393,5362604.087135432,18536.658536585368
1591811.312097022,5364061.741686467,18048.878048780487,11.125916068495233,1591516.9821049348,5363635.50419822,17561.09756097561,1591859.8224183696,5364577.45021786,17561.09756097561,1592105.6420891092,5364487.979174715,18536.658536585368,1591762.8017756743,5363546.033155073,18536.658536585368
1592154.152410457,5365003.687706107,18048.878048780487,13.753593956868555,1591859.8224183696,5364577.45021786,17561.09756097561,1592202.6627318044,5365519.396237502,17561.09756097561,1592448.482402544,5365429.925194355,18536.658536585368,1592105.6420891092,5364487.979174715,18536.658536585368
1592496.9927238915,5365945.633725748,18048.878048780487,14.662661124648043,1592202.6627318044,5365519.396237502,17561.09756097561,1592545.5030452393,5366461.342257142,17561.09756097561,1592791.3227159786,5366371.871213996,18536.658536585368,1592448.482402544,5365429.925194355,18536.658536585368
1592839.8330373263,5366887.5797453895,18048.878048780487,12.56138629545093,1592545.5030452393,5366461.342257142,17561.09756097561,1592888.343358674,5367403.288276783,17561.09756097561,1593134.1630294134,5367313.817233637,18536.658536585368,1592791.3227159786,5366371.871213996,18536.658536585368
1593182.6733507612,5367829.52576503,18048.878048780487,10.30111018826843,1592888.343358674,5367403.288276783,17561.09756097561,1593231.1836721087,5368345.234296423,17561.09756097561,1593477.0033428483,5368255.763253278,18536.658536585368,1593134.1630294134,5367313.817233637,18536.658536585368
1593525.513664196,5368771.471784671,18048.878048780487,8.271905409225376,1593231.1836721087,5368345.234296423,17561.09756097561,1593574.0239855435,5369287.180316065,17561.09756097561,1593819.843656283,5369197.709272918,18536.658536585368,1593477.0033428483,5368255.763253278,18536.658536585368
1593868.3539776306,5369713.417804313,18048.878048780487,9.189649114633932,1593574.0239855435,5369287.180316065,17561.09756097561,1593916.8642989784,5370229.126335706,17561.09756097561,1594162.6839697177,5370139.655292559,18536.658536585368,1593819.843656283,5369197.709272918,18536.658536585368
1594211.1942910657,5370655.363823953,18048.878048780487,8.63635603110366,1593916.8642989784,5370229.126335706,17561.09756097561,1594259.7046124134,5371171.072355347,17561.09756097561,1594505.5242831528,5371081.601312201,18536.658536585368,1594162.6839697177,5370139.655292559,18536.658536585368
1594554.0346045005,5371597.309843593,18048.878048780487,8.684511016698195,1594259.7046124134,5371171.072355347,17561.09756097561,1594602.544925848,5372113.018374987,17561.09756097561,1594848.3645965876,5372023.547331841,18536.658536585368,1594505.5242831528,5371081.601312201,18536.658536585368
1594896.8749179353,5372539.255863234,18048.878048780487,8.238523349459479,1594602.544925848,5372113.018374987,17561.09756097561,1594945.3852392829,5373054.964394629,17561.09756097561,1595191.2049100224,5372965.493351482,18536.658536585368,1594848.3645965876,5372023.547331841,18536.658536585368
1595239.7152313702,5373481.201882876,18048.878048780487,5.978964318865369,1594945.3852392829,5373054.964394629,17561.09756097561,1595288.2255527177,5373996.910414269,17561.09756097561,1595534.045223457,5373907.439371123,18536.658536585368,1595191.2049100224,5372965.493351482,18536.658536585368
1595582.5555448048,5374423.147902517,18048.878048780487,4.704753719512091,1595288.2255527177,5373996.910414269,17561.09756097561,1595631.0658661525,5374938.856433909,17561.09756097561,1595876.8855368919,5374849.385390764,18536.658536585368,1595534.045223457,5373907.439371123,18536.658536585368
1595925.3958582396,5375365.093922157,18048.878048780487,3.3373606866381276,1595631.0658661525,5374938.856433909,17561.09756097561,1595973.9061795874,5375880.802453551,17561.09756097561,1596219.7258503267,5375791.331410404,18536.658536585368,1595876.8855368919,5374849.385390764,18536.658536585368
1596268.2361716742,5376307.039941797,18048.878048780487,3.276458257649942,1595973.9061795874,5375880.802453551,17561.09756097561,1596316.746493022,5376822.748473192,17561.09756097561,1596562.5661637615,5376733.277430045,18536.658536585368,1596219.7258503267,5375791.331410404,18536.658536585368
1596611.076485109,5377248.98596144,18048.878048780487,2.5257258618548066,1596316.746493022,5376822.748473192,17561.09756097561,1596659.5868064568,5377764.694492833,17561.09756097561,1596905.4064771966,5377675.2234496875,18536.658536585368,1596562.5661637615,5376733.277430045,18536.658536585368
1596953.916798544,5378190.93198108,18048.878048780487,1.784296001262858,1596659.5868064568,5377764.694492833,17561.09756097561,1597002.4271198919,5378706.640512474,17561.09756097561,1597248.2467906314,5378617.169469328,18536.658536585368,1596905.4064771966,5377675.2234496875,18536.658536585368
1597296.757111979,5379132.87800072,18048.878048780487,2.246646503959651,1597002.4271198919,5378706.640512474,17561.09756097561,1597345.2674333267,5379648.586532115,17561.09756097561,1597591.087104066,5379559.115488968,18536.658536585368,1597248.2467906314,5378617.169469328,18536.658536585368
1597639.5974254138,5380074.824020362,18048.878048780487,3.294417526484711,1597345.2674333267,5379648.586532115,17561.09756097561,1597688.1077467615,5380590.532551756,17561.09756097561,1597933.9274175009,5380501.061508609,18536.658536585368,1597591.087104066,5379559.115488968,18536.658536585368
1597982.4377388486,5381016.770040004,18048.878048780487,4.141991797459302,1597688.1077467615,5380590.532551756,17561.09756097561,1598030.9480601964,5381532.478571396,17561.09756097561,1598276.7677309357,5381443.00752825,18536.658536585368,1597933.9274175009,5380501.061508609,18536.658536585368
1598325.2780522835,5381958.716059644,18048.878048780487,4.399312701344876,1598030.9480601964,5381532.478571396,17561.09756097561,1598373.788373631,5382474.4245910365,17561.09756097561,1598619.6080443705,5382384.953547891,18536.658536585368,1598276.7677309357,5381443.00752825,18536.658536585368
1546802.2103943662,5239635.396050723,19024.43902439025,4.9794356540661315,1546507.8804022789,5239209.158562476,18536.658536585368,1546850.720715714,5240151.104582117,18536.658536585368,1547096.5403864533,5240061.633538971,19512.219512195123,1546753.7000730184,5239119.68751933,19512.219512195123
1547145.050707801,5240577.342070364,19024.43902439025,4.39330564593011,1546850.720715714,5240151.104582117,18536.658536585368,1547193.5610291488,5241093.050601757,18536.658536585368,1547439.380699888,5241003.579558612,19512.219512195123,1547096.5403864533,5240061.633538971,19512.219512195123
1547487.8910212356,5241519.288090005,19024.43902439025,4.830477283987167,1547193.5610291488,5241093.050601757,18536.658536585368,1547536.4013425834,5242034.996621399,18536.658536585368,1547782.221013323,5241945.525578252,19512.219512195123,1547439.380699888,5241003.579558612,19512.219512195123
1547830.7313346704,5242461.234109646,19024.43902439025,4.884378634183603,1547536.4013425834,5242034.996621399,18536.658536585368,1547879.2416560182,5242976.942641039,18536.658536585368,1548125.0613267578,5242887.471597894,19512.219512195123,1547782.221013323,5241945.525578252,19512.219512195123
1548173.5716481053,5243403.180129287,19024.43902439025,4.835511900554793,1547879.2416560182,5242976.942641039,18536.658536585368,1548222.081969453,5243918.8886606805,18536.658536585368,1548467.9016401924,5243829.417617534,19512.219512195123,1548125.0613267578,5242887.471597894,19512.219512195123
1548516.41196154,5244345.126148928,19024.43902439025,3.987968916136912,1548222.081969453,5243918.8886606805,18536.658536585368,1548564.9222828879,5244860.834680322,18536.658536585368,1548810.7419536272,5244771.363637175,19512.219512195123,1548467.9016401924,5243829.417617534,19512.219512195123
1548859.252274975,5245287.072168568,19024.43902439025,3.5555922016296493,1548564.9222828879,5244860.834680322,18536.658536585368,1548907.7625963225,5245802.780699963,18536.658536585368,1549153.582267062,5245713.309656816,19512.219512195123,1548810.7419536272,5244771.363637175,19512.219512195123
1549202.0925884095,5246229.01818821,19024.43902439025,2.8088089725362795,1548907.7625963225,5245802.780699963,18536.658536585368,1549250.6029097573,5246744.726719603,18536.658536585368,1549496.4225804969,5246655.255676458,19512.219512195123,1549153.582267062,5245713.309656816,19512.219512195123
1549544.9329018446,5247170.96420785,19024.43902439025,1.7590664780066743,1549250.6029097573,5246744.726719603,18536.658536585368,1549593.4432231924,5247686.672739244,18536.658536585368,1549839.2628939317,5247597.201696098,19512.219512195123,1549496.4225804969,5246655.255676458,19512.219512195123
1549887.7732152794,5248112.9102274915,19024.43902439025,1.500535541132467,1549593.4432231924,5247686.672739244,18536.658536585368,1549936.2835366272,5248628.618758885,18536.658536585368,1550182.1032073665,5248539.147715739,19512.219512195123,1549839.2628939317,5247597.201696098,19512.219512195123
1550230.6135287143,5249054.856247133,19024.43902439025,1.580170079326872,1549936.2835366272,5248628.618758885,18536.658536585368,1550279.123850062,5249570.564778526,18536.658536585368,1550524.9435208014,5249481.093735379,19512.219512195123,1550182.1032073665,5248539.147715739,19512.219512195123
1550573.453842149,5249996.802266773,19024.43902439025,1.883616604017629,1550279.123850062,5249570.564778526,18536.658536585368,1550621.9641634966,5250512.5107981665,18536.658536585368,1550867.7838342362,5250423.039755021,19512.219512195123,1550524.9435208014,5249481.093735379,19512.219512195123
1550916.294155584,5250938.748286414,19024.43902439025,1.9814925232989824,1550621.9641634966,5250512.5107981665,18536.658536585368,1550964.8044769315,5251454.456817808,18536.658536585368,1551210.624147671,5251364.985774661,19512.219512195123,1550867.7838342362,5250423.039755021,19512.219512195123
1551259.1344690188,5251880.694306055,19024.43902439025,2.0764603246244513,1550964.8044769315,5251454.456817808,18536.658536585368,1551307.6447903663,5252396.402837449,18536.658536585368,1551553.4644611056,5252306.931794302,19512.219512195123,1551210.624147671,5251364.985774661,19512.219512195123
1551601.9747824534,5252822.640325696,19024.43902439025,1.7678057740067339,1551307.6447903663,5252396.402837449,18536.658536585368,1551650.4851038011,5253338.34885709,18536.658536585368,1551896.3047745405,5253248.877813943,19512.219512195123,1551553.4644611056,5252306.931794302,19512.219512195123
1551944.8150958882,5253764.586345336,19024.43902439025,1.662390938797018,1551650.4851038011,5253338.34885709,18536.658536585368,1551993.3254172357,5254280.29487673,18536.658536585368,1552239.1450879755,5254190.823833584,19512.219512195123,1551896.3047745405,5253248.877813943,19512.219512195123
1552287.6554093233,5254706.5323649775,19024.43902439025,1.6210950664601504,1551993.3254172357,5254280.29487673,18536.658536585368,1552336.165730671,5255222.240896372,18536.658536585368,1552581.9854014104,5255132.769853225,19512.219512195123,1552239.1450879755,5254190.823833584,19512.219512195123
1552630.4957227581,5255648.478384619,19024.43902439025,1.4453509572921004,1552336.165730671,5255222.240896372,18536.658536585368,1552679.0060441056,5256164.186916012,18536.658536585368,1552924.8257148452,5256074.715872866,19512.219512195123,1552581.9854014104,5255132.769853225,19512.219512195123
1552973.336036193,5256590.42440426,19024.43902439025,1.5529956185959808,1552679.0060441056,5256164.186916012,18536.658536585368,1553021.8463575405,5257106.132935653,18536.658536585368,1553267.6660282798,5257016.661892507,19512.219512195123,1552924.8257148452,5256074.715872866,19512.219512195123
1553316.1763496276,5257532.3704239,19024.43902439025,2.1431697224761317,1553021.8463575405,5257106.132935653,18536.658536585368,1553364.6866709753,5258048.078955294,18536.658536585368,1553610.5063417146,5257958.607912148,19512.219512195123,1553267.6660282798,5257016.661892507,19512.219512195123
1553659.0166630624,5258474.316443541,19024.43902439025,2.5532788557060506,1553364.6866709753,5258048.078955294,18536.658536585368,1553707.5269844101,5258990.024974936,18536.658536585368,1553953.3466551495,5258900.553931789,19512.219512195123,1553610.5063417146,5257958.607912148,19512.219512195123
1554001.856976497,5259416.262463182,19024.43902439025,2.6788599257632586,1553707.5269844101,5258990.024974936,18536.658536585368,1554050.3672978447,5259931.970994576,18536.658536585368,1554296.1869685843,5259842.499951429,19512.219512195123,1553953.3466551495,5258900.553931789,19512.219512195123
1554344.6972899318,5260358.208482823,19024.43902439025,3.3128519375865264,1554050.3672978447,5259931.970994576,18536.658536585368,1554393.2076112796,5260873.917014217,18536.658536585368,1554639.0272820191,5260784.445971071,19512.219512195123,1554296.1869685843,5259842.499951429,19512.219512195123
1554687.5376033667,5261300.1545024635,19024.43902439025,3.1056982999277007,1554393.2076112796,5260873.917014217,18536.658536585368,1554736.0479247146,5261815.863033857,18536.658536585368,1554981.867595454,5261726.391990711,19512.219512195123,1554639.0272820191,5260784.445971071,19512.219512195123
1555030.3779168017,5262242.100522105,19024.43902439025,3.155575029546257,1554736.0479247146,5261815.863033857,18536.658536585368,1555078.8882381495,5262757.809053498,18536.658536585368,1555324.7079088888,5262668.338010352,19512.219512195123,1554981.867595454,5261726.391990711,19512.219512195123
1555373.2182302366,5263184.046541746,19024.43902439025,3.4018617092958587,1555078.8882381495,5262757.809053498,18536.658536585368,1555421.728551584,5263699.755073139,18536.658536585368,1555667.5482223236,5263610.284029992,19512.219512195123,1555324.7079088888,5262668.338010352,19512.219512195123
1555716.0585436714,5264125.992561387,19024.43902439025,3.034900278253273,1555421.728551584,5263699.755073139,18536.658536585368,1555764.568865019,5264641.70109278,18536.658536585368,1556010.3885357585,5264552.230049634,19512.219512195123,1555667.5482223236,5263610.284029992,19512.219512195123
1556058.898857106,5265067.938581027,19024.43902439025,2.4540253629360045,1555764.568865019,5264641.70109278,18536.658536585368,1556107.4091784537,5265583.647112421,18536.658536585368,1556353.228849193,5265494.176069275,19512.219512195123,1556010.3885357585,5264552.230049634,19512.219512195123
1556401.7391705408,5266009.884600667,19024.43902439025,2.5028683091003057,1556107.4091784537,5265583.647112421,18536.658536585368,1556450.2494918886,5266525.593132062,18536.658536585368,1556696.069162628,5266436.122088916,19512.219512195123,1556353.228849193,5265494.176069275,19512.219512195123
1556744.5794839757,5266951.830620309,19024.43902439025,2.695391584242383,1556450.2494918886,5266525.593132062,18536.658536585368,1556793.0898053234,5267467.539151703,18536.658536585368,1557038.9094760627,5267378.068108557,19512.219512195123,1556696.069162628,5266436.122088916,19512.219512195123
1557087.4197974105,5267893.77663995,19024.43902439025,3.2651048405742236,1556793.0898053234,5267467.539151703,18536.658536585368,1557135.930118758,5268409.485171343,18536.658536585368,1557381.7497894976,5268320.014128198,19512.219512195123,1557038.9094760627,5267378.068108557,19512.219512195123
1557430.2601108453,5268835.722659591,19024.43902439025,3.5635464369613743,1557135.930118758,5268409.485171343,18536.658536585368,1557478.770432193,5269351.431190985,18536.658536585368,1557724.5901029324,5269261.960147838,19512.219512195123,1557381.7497894976,5268320.014128198,19512.219512195123
1557773.1004242802,5269777.668679232,19024.43902439025,3.946907900406579,1557478.770432193,5269351.431190985,18536.658536585368,1557821.610745628,5270293.377210625,18536.658536585368,1558067.4304163672,5270203.906167479,19512.219512195123,1557724.5901029324,5269261.960147838,19512.219512195123
1558115.940737715,5270719.614698873,19024.43902439025,3.8406403428996145,1557821.610745628,5270293.377210625,18536.658536585368,1558164.4510590627,5271235.323230267,18536.658536585368,1558410.270729802,5271145.85218712,19512.219512195123,1558067.4304163672,5270203.906167479,19512.219512195123
1558458.7810511498,5271661.560718514,19024.43902439025,3.7374789534092527,1558164.4510590627,5271235.323230267,18536.658536585368,1558507.2913724973,5272177.269249907,18536.658536585368,1558753.111043237,5272087.7982067615,19512.219512195123,1558410.270729802,5271145.85218712,19512.219512195123
1558801.6213645847,5272603.506738154,19024.43902439025,3.181016530143756,1558507.2913724973,5272177.269249907,18536.658536585368,1558850.1316859322,5273119.215269549,18536.658536585368,1559095.9513566718,5273029.744226402,19512.219512195123,1558753.111043237,5272087.7982067615,19512.219512195123
1559144.4616780195,5273545.452757795,19024.43902439025,2.6893276293403674,1558850.1316859322,5273119.215269549,18536.658536585368,1559192.971999367,5274061.161289189,18536.658536585368,1559438.7916701064,5273971.690246042,19512.219512195123,1559095.9513566718,5273029.744226402,19512.219512195123
1559487.301991454,5274487.398777436,19024.43902439025,2.528468873737643,1559192.971999367,5274061.161289189,18536.658536585368,1559535.8123128018,5275003.10730883,18536.658536585368,1559781.6319835412,5274913.636265684,19512.219512195123,1559438.7916701064,5273971.690246042,19512.219512195123
1559830.1423048887,5275429.344797078,19024.43902439025,2.531102370145563,1559535.8123128018,5275003.10730883,18536.658536585368,1559878.6526262364,5275945.05332847,18536.658536585368,1560124.4722969763,5275855.582285324,19512.219512195123,1559781.6319835412,5274913.636265684,19512.219512195123
1560172.9826183238,5276371.290816718,19024.43902439025,2.680230400761805,1559878.6526262364,5275945.05332847,18536.658536585368,1560221.4929396715,5276886.999348111,18536.658536585368,1560467.312610411,5276797.528304965,19512.219512195123,1560124.4722969763,5275855.582285324,19512.219512195123
1560515.8229317586,5277313.236836359,19024.43902439025,3.1881070237141538,1560221.4929396715,5276886.999348111,18536.658536585368,1560564.3332531063,5277828.945367753,18536.658536585368,1560810.1529238457,5277739.474324606,19512.219512195123,1560467.312610411,5276797.528304965,19512.219512195123
1560858.6632451934,5278255.182856,19024.43902439025,4.189909383883565,1560564.3332531063,5277828.945367753,18536.658536585368,1560907.1735665412,5278770.891387393,18536.658536585368,1561152.9932372805,5278681.4203442475,19512.219512195123,1560810.1529238457,5277739.474324606,19512.219512195123
1561201.5035586283,5279197.12887564,19024.43902439025,4.104192814752604,1560907.1735665412,5278770.891387393,18536.658536585368,1561250.013879976,5279712.837407035,18536.658536585368,1561495.8335507154,5279623.366363888,19512.219512195123,1561152.9932372805,5278681.4203442475,19512.219512195123
1561544.343872063,5280139.074895281,19024.43902439025,4.106193662569866,1561250.013879976,5279712.837407035,18536.658536585368,1561592.8541934106,5280654.783426675,18536.658536585368,1561838.6738641502,5280565.312383529,19512.219512195123,1561495.8335507154,5279623.366363888,19512.219512195123
1561887.1841854977,5281081.0209149225,19024.43902439025,4.282527240571408,1561592.8541934106,5280654.783426675,18536.658536585368,1561935.6945068454,5281596.729446316,18536.658536585368,1562181.5141775848,5281507.25840317,19512.219512195123,1561838.6738641502,5280565.312383529,19512.219512195123
1562230.0244989325,5282022.966934563,19024.43902439025,4.186843144801641,1561935.6945068454,5281596.729446316,18536.658536585368,1562278.5348202803,5282538.675465956,18536.658536585368,1562524.3544910196,5282449.204422811,19512.219512195123,1562181.5141775848,5281507.25840317,19512.219512195123
1562572.8648123674,5282964.912954204,19024.43902439025,3.940241040225436,1562278.5348202803,5282538.675465956,18536.658536585368,1562621.375133715,5283480.621485598,18536.658536585368,1562867.1948044547,5283391.150442451,19512.219512195123,1562524.3544910196,5282449.204422811,19512.219512195123
1562915.7051258024,5283906.858973846,19024.43902439025,3.7280743913724113,1562621.375133715,5283480.621485598,18536.658536585368,1562964.2154471502,5284422.567505239,18536.658536585368,1563210.0351178895,5284333.096462092,19512.219512195123,1562867.1948044547,5283391.150442451,19512.219512195123
1563258.5454392373,5284848.804993486,19024.43902439025,3.8386335802334943,1562964.2154471502,5284422.567505239,18536.658536585368,1563307.0557605848,5285364.51352488,18536.658536585368,1563552.8754313244,5285275.0424817335,19512.219512195123,1563210.0351178895,5284333.096462092,19512.219512195123
1563601.385752672,5285790.751013127,19024.43902439025,3.674061370917533,1563307.0557605848,5285364.51352488,18536.658536585368,1563649.8960740196,5286306.45954452,18536.658536585368,1563895.7157447592,5286216.988501375,19512.219512195123,1563552.8754313244,5285275.0424817335,19512.219512195123
1563944.226066107,5286732.697032767,19024.43902439025,2.829642120745637,1563649.8960740196,5286306.45954452,18536.658536585368,1563992.7363874544,5287248.405564162,18536.658536585368,1564238.5560581938,5287158.934521015,19512.219512195123,1563895.7157447592,5286216.988501375,19512.219512195123
1564287.0663795415,5287674.643052409,19024.43902439025,2.8255431751354685,1563992.7363874544,5287248.405564162,18536.658536585368,1564335.5767008893,5288190.351583802,18536.658536585368,1564581.3963716286,5288100.880540656,19512.219512195123,1564238.5560581938,5287158.934521015,19512.219512195123
1564629.9066929764,5288616.58907205,19024.43902439025,3.868968724886674,1564335.5767008893,5288190.351583802,18536.658536585368,1564678.417014324,5289132.297603443,18536.658536585368,1564924.2366850635,5289042.826560297,19512.219512195123,1564581.3963716286,5288100.880540656,19512.219512195123
1564972.7470064112,5289558.53509169,19024.43902439025,4.480484431384084,1564678.417014324,5289132.297603443,18536.658536585368,1565021.2573277587,5290074.243623084,18536.658536585368,1565267.0769984983,5289984.772579938,19512.219512195123,1564924.2366850635,5289042.826560297,19512.219512195123
1565315.587319846,5290500.481111331,19024.43902439025,4.6254535111258,1565021.2573277587,5290074.243623084,18536.658536585368,1565364.0976411938,5291016.1896427255,18536.658536585368,1565609.9173119334,5290926.718599578,19512.219512195123,1565267.0769984983,5289984.772579938,19512.219512195123
1565658.427633281,5291442.427130973,19024.43902439025,4.694160651930735,1565364.0976411938,5291016.1896427255,18536.658536585368,1565706.9379546286,5291958.135662366,18536.658536585368,1565952.757625368,5291868.66461922,19512.219512195123,1565609.9173119334,5290926.718599578,19512.219512195123
1566001.2679467157,5292384.373150613,19024.43902439025,5.2189646217452506,1565706.9379546286,5291958.135662366,18536.658536585368,1566049.7782680634,5292900.081682007,18536.658536585368,1566295.5979388028,5292810.610638861,19512.219512195123,1565952.757625368,5291868.66461922,19512.219512195123
1566344.1082601503,5293326.319170254,19024.43902439025,5.683421349885493,1566049.7782680634,5292900.081682007,18536.658536585368,1566392.618581498,5293842.027701648,18536.658536585368,1566638.4382522376,5293752.556658502,19512.219512195123,1566295.5979388028,5292810.610638861,19512.219512195123
1566686.9485735851,5294268.2651898945,19024.43902439025,6.602380334446288,1566392.618581498,5293842.027701648,18536.658536585368,1566735.4588949329,5294783.973721289,18536.658536585368,1566981.2785656725,5294694.502678142,19512.219512195123,1566638.4382522376,5293752.556658502,19512.219512195123
1567029.78888702,5295210.2112095365,19024.43902439025,6.2728232149159995,1566735.4588949329,5294783.973721289,18536.658536585368,1567078.2992083677,5295725.919740929,18536.658536585368,1567324.118879107,5295636.448697783,19512.219512195123,1566981.2785656725,5294694.502678142,19512.219512195123
1567372.6292004548,5296152.157229177,19024.43902439025,6.467149032586429,1567078.2992083677,5295725.919740929,18536.658536585368,1567421.1395218025,5296667.86576057,18536.658536585368,1567666.959192542,5296578.394717424,19512.219512195123,1567324.118879107,5295636.448697783,19512.219512195123
1567715.4695138896,5297094.103248817,19024.43902439025,6.938154061149935,1567421.1395218025,5296667.86576057,18536.658536585368,1567763.9798352371,5297609.8117802115,18536.658536585368,1568009.799505977,5297520.340737064,19512.219512195123,1567666.959192542,5296578.394717424,19512.219512195123
1568058.3098273247,5298036.049268458,19024.43902439025,6.619063010872299,1567763.9798352371,5297609.8117802115,18536.658536585368,1568106.8201486722,5298551.757799852,18536.658536585368,1568352.6398194118,5298462.2867567055,19512.219512195123,1568009.799505977,5297520.340737064,19512.219512195123
1568401.1501407593,5298977.995288099,19024.43902439025,6.329005017744293,1568106.8201486722,5298551.757799852,18536.658536585368,1568449.660462107,5299493.703819493,18536.658536585368,1568695.4801328464,5299404.232776347,19512.219512195123,1568352.6398194118,5298462.2867567055,19512.219512195123
1568743.9904541941,5299919.94130774,19024.43902439025,5.667913749921695,1568449.660462107,5299493.703819493,18536.658536585368,1568792.5007755419,5300435.649839133,18536.658536585368,1569038.3204462812,5300346.178795988,19512.219512195123,1568695.4801328464,5299404.232776347,19512.219512195123
1569086.830767629,5300861.8873273805,19024.43902439025,5.579923992209554,1568792.5007755419,5300435.649839133,18536.658536585368,1569135.3410889767,5301377.595858775,18536.658536585368,1569381.160759716,5301288.124815628,19512.219512195123,1569038.3204462812,5300346.178795988,19512.219512195123
1569429.6710810638,5301803.8333470225,19024.43902439025,5.058259270218599,1569135.3410889767,5301377.595858775,18536.658536585368,1569478.1814024113,5302319.541878415,18536.658536585368,1569724.001073151,5302230.07083527,19512.219512195123,1569381.160759716,5301288.124815628,19512.219512195123
1569772.5113944984,5302745.779366663,19024.43902439025,4.699760447241726,1569478.1814024113,5302319.541878415,18536.658536585368,1569821.0217158461,5303261.487898056,18536.658536585368,1570066.8413865855,5303172.01685491,19512.219512195123,1569724.001073151,5302230.07083527,19512.219512195123
1570115.3517079332,5303687.725386304,19024.43902439025,5.088076522195127,1569821.0217158461,5303261.487898056,18536.658536585368,1570163.862029281,5304203.4339176975,18536.658536585368,1570409.6817000203,5304113.962874551,19512.219512195123,1570066.8413865855,5303172.01685491,19512.219512195123
1570458.192021368,5304629.671405944,19024.43902439025,6.055838084576149,1570163.862029281,5304203.4339176975,18536.658536585368,1570506.7023427158,5305145.379937339,18536.658536585368,1570752.5220134554,5305055.9088941915,19512.219512195123,1570409.6817000203,5304113.962874551,19512.219512195123
1570801.0323348031,5305571.617425585,19024.43902439025,8.135527999356215,1570506.7023427158,5305145.379937339,18536.658536585368,1570849.5426561506,5306087.325956979,18536.658536585368,1571095.3623268902,5305997.854913834,19512.219512195123,1570752.5220134554,5305055.9088941915,19512.219512195123
1571143.872648238,5306513.563445226,19024.43902439025,8.626540747750626,1570849.5426561506,5306087.325956979,18536.658536585368,1571192.3829695855,5307029.27197662,18536.658536585368,1571438.202640325,5306939.800933474,19512.219512195123,1571095.3623268902,5305997.854913834,19512.219512195123
1571486.7129616728,5307455.509464867,19024.43902439025,8.429240893438775,1571192.3829695855,5307029.27197662,18536.658536585368,1571535.2232830203,5307971.217996261,18536.658536585368,1571781.0429537597,5307881.746953115,19512.219512195123,1571438.202640325,5306939.800933474,19512.219512195123
1571829.5532751074,5308397.455484509,19024.43902439025,7.5866984507031745,1571535.2232830203,5307971.217996261,18536.658536585368,1571878.0635964551,5308913.164015902,18536.658536585368,1572123.8832671945,5308823.692972755,19512.219512195123,1571781.0429537597,5307881.746953115,19512.219512195123
1572172.393588542,5309339.401504149,19024.43902439025,7.558340191261779,1571878.0635964551,5308913.164015902,18536.658536585368,1572220.9039098897,5309855.110035542,18536.658536585368,1572466.7235806293,5309765.638992396,19512.219512195123,1572123.8832671945,5308823.692972755,19512.219512195123
1572515.2339019768,5310281.34752379,19024.43902439025,8.633837982559516,1572220.9039098897,5309855.110035542,18536.658536585368,1572563.7442233246,5310797.0560551835,18536.658536585368,1572809.5638940642,5310707.585012037,19512.219512195123,1572466.7235806293,5309765.638992396,19512.219512195123
1572858.0742154117,5311223.293543431,19024.43902439025,10.60561627072671,1572563.7442233246,5310797.0560551835,18536.658536585368,1572906.5845367594,5311739.002074825,18536.658536585368,1573152.4042074988,5311649.5310316775,19512.219512195123,1572809.5638940642,5310707.585012037,19512.219512195123
1573200.9145288467,5312165.239563072,19024.43902439025,11.91925444497167,1572906.5845367594,5311739.002074825,18536.658536585368,1573249.4248501945,5312680.948094465,18536.658536585368,1573495.2445209338,5312591.47705132,19512.219512195123,1573152.4042074988,5311649.5310316775,19512.219512195123
1573543.7548422816,5313107.185582712,19024.43902439025,13.102599781845893,1573249.4248501945,5312680.948094465,18536.658536585368,1573592.2651636293,5313622.894114106,18536.658536585368,1573838.0848343687,5313533.42307096,19512.219512195123,1573495.2445209338,5312591.47705132,19512.219512195123
1573886.5951557164,5314049.1316023525,19024.43902439025,12.25431429632996,1573592.2651636293,5313622.894114106,18536.658536585368,1573935.105477064,5314564.840133747,18536.658536585368,1574180.9251478035,5314475.369090601,19512.219512195123,1573838.0848343687,5313533.42307096,19512.219512195123
1574229.435469151,5314991.077621994,19024.43902439025,13.412624818555933,1573935.105477064,5314564.840133747,18536.658536585368,1574277.9457904988,5315506.786153388,18536.658536585368,1574523.7654612383,5315417.315110241,19512.219512195123,1574180.9251478035,5314475.369090601,19512.219512195123
1574572.2757825858,5315933.023641636,19024.43902439025,16.59443137343439,1574277.9457904988,5315506.786153388,18536.658536585368,1574620.7861039336,5316448.732173029,18536.658536585368,1574866.6057746732,5316359.261129883,19512.219512195123,1574523.7654612383,5315417.315110241,19512.219512195123
1574915.1160960207,5316874.969661276,19024.43902439025,18.628745575448537,1574620.7861039336,5316448.732173029,18536.658536585368,1574963.6264173684,5317390.6781926695,18536.658536585368,1575209.4460881078,5317301.207149523,19512.219512195123,1574866.6057746732,5316359.261129883,19512.219512195123
1575257.9564094555,5317816.915680917,19024.43902439025,22.32750826143491,1574963.6264173684,5317390.6781926695,18536.658536585368,1575306.4667308033,5318332.624212312,18536.658536585368,1575552.2864015426,5318243.153169164,19512.219512195123,1575209.4460881078,5317301.207149523,19512.219512195123
1575600.7967228903,5318758.861700558,19024.43902439025,23.29285130157308,1575306.4667308033,5318332.624212312,18536.658536585368,1575649.3070442379,5319274.570231952,18536.658536585368,1575895.1267149774,5319185.099188805,19512.219512195123,1575552.2864015426,5318243.153169164,19512.219512195123
1575943.6370363254,5319700.807720199,19024.43902439025,23.301609584757276,1575649.3070442379,5319274.570231952,18536.658536585368,1575992.147357673,5320216.516251592,18536.658536585368,1576237.9670284125,5320127.045208447,19512.219512195123,1575895.1267149774,5319185.099188805,19512.219512195123
1576286.4773497602,5320642.753739839,19024.43902439025,23.156305801521754,1575992.147357673,5320216.516251592,18536.658536585368,1576334.9876711078,5321158.462271233,18536.658536585368,1576580.807341847,5321068.991228087,19512.219512195123,1576237.9670284125,5320127.045208447,19512.219512195123
1576629.3176631948,5321584.69975948,19024.43902439025,20.62462030737955,1576334.9876711078,5321158.462271233,18536.658536585368,1576677.8279845426,5322100.408290874,18536.658536585368,1576923.647655282,5322010.937247728,19512.219512195123,1576580.807341847,5321068.991228087,19512.219512195123
1576972.1579766297,5322526.645779122,19024.43902439025,18.680736720485505,1576677.8279845426,5322100.408290874,18536.658536585368,1577020.6682979774,5323042.354310515,18536.658536585368,1577266.4879687168,5322952.883267368,19512.219512195123,1576923.647655282,5322010.937247728,19512.219512195123
1577314.9982900645,5323468.591798763,19024.43902439025,18.210446331067534,1577020.6682979774,5323042.354310515,18536.658536585368,1577363.508611412,5323984.3003301555,18536.658536585368,1577609.3282821516,5323894.82928701,19512.219512195123,1577266.4879687168,5322952.883267368,19512.219512195123
1577657.8386034993,5324410.537818403,19024.43902439025,18.274507769346698,1577363.508611412,5323984.3003301555,18536.658536585368,1577706.3489248469,5324926.246349797,18536.658536585368,1577952.1685955864,5324836.77530665,19512.219512195123,1577609.3282821516,5323894.82928701,19512.219512195123
1578000.6789169342,5325352.483838044,19024.43902439025,19.350720303090363,1577706.3489248469,5324926.246349797,18536.658536585368,1578049.1892382817,5325868.192369438,18536.658536585368,1578295.008909021,5325778.721326292,19512.219512195123,1577952.1685955864,5324836.77530665,19512.219512195123
1578343.5192303688,5326294.429857685,19024.43902439025,19.960474105059614,1578049.1892382817,5325868.192369438,18536.658536585368,1578392.0295517165,5326810.138389079,18536.658536585368,1578637.849222456,5326720.667345933,19512.219512195123,1578295.008909021,5325778.721326292,19512.219512195123
1578686.3595438036,5327236.375877326,19024.43902439025,21.666009399815703,1578392.0295517165,5326810.138389079,18536.658536585368,1578734.8698651514,5327752.084408719,18536.658536585368,1578980.689535891,5327662.613365574,19512.219512195123,1578637.849222456,5326720.667345933,19512.219512195123
1579029.1998572384,5328178.321896967,19024.43902439025,21.964601492507683,1578734.8698651514,5327752.084408719,18536.658536585368,1579077.7101785862,5328694.030428361,18536.658536585368,1579323.5298493258,5328604.559385214,19512.219512195123,1578980.689535891,5327662.613365574,19512.219512195123
1579372.0401706733,5329120.267916607,19024.43902439025,19.787901827398795,1579077.7101785862,5328694.030428361,18536.658536585368,1579420.550492021,5329635.976448001,18536.658536585368,1579666.3701627604,5329546.505404855,19512.219512195123,1579323.5298493258,5328604.559385214,19512.219512195123
1579714.880484108,5330062.213936249,19024.43902439025,17.630541383524218,1579420.550492021,5329635.976448001,18536.658536585368,1579763.3908054559,5330577.922467642,18536.658536585368,1580009.2104761952,5330488.451424496,19512.219512195123,1579666.3701627604,5329546.505404855,19512.219512195123
1580057.720797543,5331004.15995589,19024.43902439025,19.010548989593683,1579763.3908054559,5330577.922467642,18536.658536585368,1580106.2311188905,5331519.868487283,18536.658536585368,1580352.05078963,5331430.397444136,19512.219512195123,1580009.2104761952,5330488.451424496,19512.219512195123
1580400.5611109778,5331946.10597553,19024.43902439025,18.582036015987537,1580106.2311188905,5331519.868487283,18536.658536585368,1580449.0714323253,5332461.814506925,18536.658536585368,1580694.8911030649,5332372.343463778,19512.219512195123,1580352.05078963,5331430.397444136,19512.219512195123
1580743.4014244124,5332888.051995171,19024.43902439025,17.918718997923946,1580449.0714323253,5332461.814506925,18536.658536585368,1580791.9117457601,5333403.760526565,18536.658536585368,1581037.7314164995,5333314.289483418,19512.219512195123,1580694.8911030649,5332372.343463778,19512.219512195123
1581086.2417378472,5333829.998014812,19024.43902439025,17.963750333227157,1580791.9117457601,5333403.760526565,18536.658536585368,1581134.7520591952,5334345.706546205,18536.658536585368,1581380.5717299345,5334256.23550306,19512.219512195123,1581037.7314164995,5333314.289483418,19512.219512195123
1581429.0820512823,5334771.944034453,19024.43902439025,18.048652186523093,1581134.7520591952,5334345.706546205,18536.658536585368,1581477.59237263,5335287.652565846,18536.658536585368,1581723.4120433694,5335198.1815227,19512.219512195123,1581380.5717299345,5334256.23550306,19512.219512195123
1581771.9223647171,5335713.890054094,19024.43902439025,19.13474855784834,1581477.59237263,5335287.652565846,18536.658536585368,1581820.4326860646,5336229.598585487,18536.658536585368,1582066.2523568042,5336140.127542341,19512.219512195123,1581723.4120433694,5335198.1815227,19512.219512195123
1582114.762678152,5336655.836073735,19024.43902439025,19.012828757491476,1581820.4326860646,5336229.598585487,18536.658536585368,1582163.2729994995,5337171.5446051285,18536.658536585368,1582409.092670239,5337082.073561982,19512.219512195123,1582066.2523568042,5336140.127542341,19512.219512195123
1582457.6029915866,5337597.782093375,19024.43902439025,20.118486061822125,1582163.2729994995,5337171.5446051285,18536.658536585368,1582506.1133129343,5338113.490624769,18536.658536585368,1582751.9329836736,5338024.019581623,19512.219512195123,1582409.092670239,5337082.073561982,19512.219512195123
1582800.4433050214,5338539.728113016,19024.43902439025,21.26589560903945,1582506.1133129343,5338113.490624769,18536.658536585368,1582848.9536263691,5339055.436644411,18536.658536585368,1583094.7732971085,5338965.965601264,19512.219512195123,1582751.9329836736,5338024.019581623,19512.219512195123
1583143.2836184562,5339481.674132657,19024.43902439025,18.440912811866394,1582848.9536263691,5339055.436644411,18536.658536585368,1583191.7939398037,5339997.382664051,18536.658536585368,1583437.6136105433,5339907.911620905,19512.219512195123,1583094.7732971085,5338965.965601264,19512.219512195123
1583486.123931891,5340423.620152298,19024.43902439025,16.65624464061033,1583191.7939398037,5339997.382664051,18536.658536585368,1583534.6342532386,5340939.328683692,18536.658536585368,1583780.4539239781,5340849.857640546,19512.219512195123,1583437.6136105433,5339907.911620905,19512.219512195123
1583828.9642453261,5341365.5661719395,19024.43902439025,15.671537427117666,1583534.6342532386,5340939.328683692,18536.658536585368,1583877.4745666736,5341881.274703332,18536.658536585368,1584123.294237413,5341791.803660187,19512.219512195123,1583780.4539239781,5340849.857640546,19512.219512195123
1584171.8045587607,5342307.51219158,19024.43902439025,13.306699074982154,1583877.4745666736,5341881.274703332,18536.658536585368,1584220.3148801085,5342823.220722974,18536.658536585368,1584466.1345508478,5342733.749679827,19512.219512195123,1584123.294237413,5341791.803660187,19512.219512195123
1584514.6448721956,5343249.458211222,19024.43902439025,12.48408853992182,1584220.3148801085,5342823.220722974,18536.658536585368,1584563.1551935433,5343765.1667426145,18536.658536585368,1584808.9748642826,5343675.695699468,19512.219512195123,1584466.1345508478,5342733.749679827,19512.219512195123
1584857.4851856304,5344191.404230862,19024.43902439025,11.838740276339879,1584563.1551935433,5343765.1667426145,18536.658536585368,1584905.9955069781,5344707.112762256,18536.658536585368,1585151.8151777175,5344617.641719109,19512.219512195123,1584808.9748642826,5343675.695699468,19512.219512195123
1585200.325499065,5345133.350250502,19024.43902439025,11.064075936148251,1584905.9955069781,5344707.112762256,18536.658536585368,1585248.8358204127,5345649.058781896,18536.658536585368,1585494.6554911523,5345559.5877387505,19512.219512195123,1585151.8151777175,5344617.641719109,19512.219512195123
1585543.1658124998,5346075.296270143,19024.43902439025,9.590407095892022,1585248.8358204127,5345649.058781896,18536.658536585368,1585591.6761338476,5346591.004801538,18536.658536585368,1585837.4958045871,5346501.533758391,19512.219512195123,1585494.6554911523,5345559.5877387505,19512.219512195123
1585886.0061259347,5347017.242289785,19024.43902439025,8.545002624775881,1585591.6761338476,5346591.004801538,18536.658536585368,1585934.5164472824,5347532.950821178,18536.658536585368,1586180.3361180217,5347443.479778032,19512.219512195123,1585837.4958045871,5346501.533758391,19512.219512195123
1586228.8464393695,5347959.1883094255,19024.43902439025,8.45316541275476,1585934.5164472824,5347532.950821178,18536.658536585368,1586277.3567607172,5348474.896840819,18536.658536585368,1586523.1764314568,5348385.425797673,19512.219512195123,1586180.3361180217,5347443.479778032,19512.219512195123
1586571.6867528046,5348901.134329067,19024.43902439025,6.394341557447056,1586277.3567607172,5348474.896840819,18536.658536585368,1586620.197074152,5349416.84286046,18536.658536585368,1586866.0167448916,5349327.371817314,19512.219512195123,1586523.1764314568,5348385.425797673,19512.219512195123
1586914.5270662392,5349843.080348707,19024.43902439025,5.550255469109683,1586620.197074152,5349416.84286046,18536.658536585368,1586963.037387587,5350358.788880101,18536.658536585368,1587208.8570583265,5350269.317836954,19512.219512195123,1586866.0167448916,5349327.371817314,19512.219512195123
1587257.367379674,5350785.026368349,19024.43902439025,5.174295948666561,1586963.037387587,5350358.788880101,18536.658536585368,1587305.8777010217,5351300.734899742,18536.658536585368,1587551.697371761,5351211.263856596,19512.219512195123,1587208.8570583265,5350269.317836954,19512.219512195123
1587600.2076931088,5351726.972387989,19024.43902439025,5.199166410349277,1587305.8777010217,5351300.734899742,18536.658536585368,1587648.7180144566,5352242.680919383,18536.658536585368,1587894.537685196,5352153.2098762365,19512.219512195123,1587551.697371761,5351211.263856596,19512.219512195123
1587943.0480065437,5352668.918407629,19024.43902439025,6.015707120016404,1587648.7180144566,5352242.680919383,18536.658536585368,1587991.5583278914,5353184.626939024,18536.658536585368,1588237.3779986307,5353095.155895877,19512.219512195123,1587894.537685196,5352153.2098762365,19512.219512195123
1588285.8883199785,5353610.86442727,19024.43902439025,7.11278681267572,1587991.5583278914,5353184.626939024,18536.658536585368,1588334.398641326,5354126.572958665,18536.658536585368,1588580.2183120656,5354037.101915518,19512.219512195123,1588237.3779986307,5353095.155895877,19512.219512195123
1588628.7286334133,5354552.810446912,19024.43902439025,10.144873582420464,1588334.398641326,5354126.572958665,18536.658536585368,1588677.2389547608,5355068.518978305,18536.658536585368,1588923.0586255002,5354979.047935159,19512.219512195123,1588580.2183120656,5354037.101915518,19512.219512195123
1588971.568946848,5355494.756466553,19024.43902439025,11.754700842846487,1588677.2389547608,5355068.518978305,18536.658536585368,1589020.079268196,5356010.464997945,18536.658536585368,1589265.8989389353,5355920.9939548,19512.219512195123,1588923.0586255002,5354979.047935159,19512.219512195123
1589314.409260283,5356436.702486193,19024.43902439025,12.582898626921567,1589020.079268196,5356010.464997945,18536.658536585368,1589362.9195816307,5356952.411017587,18536.658536585368,1589608.73925237,5356862.93997444,19512.219512195123,1589265.8989389353,5355920.9939548,19512.219512195123
1589657.2495737178,5357378.648505835,19024.43902439025,12.659066121592828,1589362.9195816307,5356952.411017587,18536.658536585368,1589705.7598950653,5357894.357037228,18536.658536585368,1589951.579565805,5357804.885994081,19512.219512195123,1589608.73925237,5356862.93997444,19512.219512195123
1590000.0898871527,5358320.594525475,19024.43902439025,12.165095923979028,1589705.7598950653,5357894.357037228,18536.658536585368,1590048.6002085002,5358836.303056869,18536.658536585368,1590294.4198792398,5358746.8320137225,19512.219512195123,1589951.579565805,5357804.885994081,19512.219512195123
1590342.9302005875,5359262.540545116,19024.43902439025,11.872925547091056,1590048.6002085002,5358836.303056869,18536.658536585368,1590391.440521935,5359778.24907651,18536.658536585368,1590637.2601926744,5359688.778033364,19512.219512195123,1590294.4198792398,5358746.8320137225,19512.219512195123
1590685.770514022,5360204.486564756,19024.43902439025,11.900134200441185,1590391.440521935,5359778.24907651,18536.658536585368,1590734.2808353698,5360720.195096151,18536.658536585368,1590980.1005061092,5360630.724053004,19512.219512195123,1590637.2601926744,5359688.778033364,19512.219512195123
1591028.6108274567,5361146.4325843975,19024.43902439025,11.924415121476107,1590734.2808353698,5360720.195096151,18536.658536585368,1591077.1211488044,5361662.141115791,18536.658536585368,1591322.940819544,5361572.670072646,19512.219512195123,1590980.1005061092,5360630.724053004,19512.219512195123
1591371.4511408915,5362088.378604039,19024.43902439025,11.84187894114553,1591077.1211488044,5361662.141115791,18536.658536585368,1591419.9614622393,5362604.087135432,18536.658536585368,1591665.7811329789,5362514.616092286,19512.219512195123,1591322.940819544,5361572.670072646,19512.219512195123
1591714.2914543266,5363030.32462368,19024.43902439025,12.399748626050936,1591419.9614622393,5362604.087135432,18536.658536585368,1591762.8017756743,5363546.033155073,18536.658536585368,1592008.6214464137,5363456.562111927,19512.219512195123,1591665.7811329789,5362514.616092286,19512.219512195123
1592057.1317677614,5363972.27064332,19024.43902439025,11.661901338993157,1591762.8017756743,5363546.033155073,18536.658536585368,1592105.6420891092,5364487.979174715,18536.658536585368,1592351.4617598485,5364398.508131567,19512.219512195123,1592008.6214464137,5363456.562111927,19512.219512195123
1592399.9720811963,5364914.216662962,19024.43902439025,10.636785367074655,1592105.6420891092,5364487.979174715,18536.658536585368,1592448.482402544,5365429.925194355,18536.658536585368,1592694.3020732834,5365340.454151209,19512.219512195123,1592351.4617598485,5364398.508131567,19512.219512195123
1592742.812394631,5365856.162682602,19024.43902439025,11.260036078769891,1592448.482402544,5365429.925194355,18536.658536585368,1592791.3227159786,5366371.871213996,18536.658536585368,1593037.1423867182,5366282.40017085,19512.219512195123,1592694.3020732834,5365340.454151209,19512.219512195123
1593085.6527080657,5366798.108702243,19024.43902439025,10.781856976715817,1592791.3227159786,5366371.871213996,18536.658536585368,1593134.1630294134,5367313.817233637,18536.658536585368,1593379.9827001528,5367224.346190491,19512.219512195123,1593037.1423867182,5366282.40017085,19512.219512195123
1593428.4930215005,5367740.054721884,19024.43902439025,10.569854000370706,1593134.1630294134,5367313.817233637,18536.658536585368,1593477.0033428483,5368255.763253278,18536.658536585368,1593722.8230135876,5368166.292210131,19512.219512195123,1593379.9827001528,5367224.346190491,19512.219512195123
1593771.3333349354,5368682.000741525,19024.43902439025,10.69201984254653,1593477.0033428483,5368255.763253278,18536.658536585368,1593819.843656283,5369197.709272918,18536.658536585368,1594065.6633270225,5369108.238229772,19512.219512195123,1593722.8230135876,5368166.292210131,19512.219512195123
1594114.1736483702,5369623.946761166,19024.43902439025,11.018522609665949,1593819.843656283,5369197.709272918,18536.658536585368,1594162.6839697177,5370139.655292559,18536.658536585368,1594408.5036404575,5370050.184249413,19512.219512195123,1594065.6633270225,5369108.238229772,19512.219512195123
1594457.0139618053,5370565.892780807,19024.43902439025,11.008434846616046,1594162.6839697177,5370139.655292559,18536.658536585368,1594505.5242831528,5371081.601312201,18536.658536585368,1594751.3439538924,5370992.130269053,19512.219512195123,1594408.5036404575,5370050.184249413,19512.219512195123
1594799.8542752399,5371507.838800448,19024.43902439025,11.601716753587956,1594505.5242831528,5371081.601312201,18536.658536585368,1594848.3645965876,5372023.547331841,18536.658536585368,1595094.184267327,5371934.076288695,19512.219512195123,1594751.3439538924,5370992.130269053,19512.219512195123
1595142.6945886747,5372449.784820088,19024.43902439025,9.619731567283697,1594848.3645965876,5372023.547331841,18536.658536585368,1595191.2049100224,5372965.493351482,18536.658536585368,1595437.0245807618,5372876.022308336,19512.219512195123,1595094.184267327,5371934.076288695,19512.219512195123
1595485.5349021095,5373391.730839729,19024.43902439025,6.8913109515657025,1595191.2049100224,5372965.493351482,18536.658536585368,1595534.045223457,5373907.439371123,18536.658536585368,1595779.8648941966,5373817.968327977,19512.219512195123,1595437.0245807618,5372876.022308336,19512.219512195123
1595828.3752155444,5374333.6768593695,19024.43902439025,6.226842590345664,1595534.045223457,5373907.439371123,18536.658536585368,1595876.8855368919,5374849.385390764,18536.658536585368,1596122.7052076315,5374759.914347617,19512.219512195123,1595779.8648941966,5373817.968327977,19512.219512195123
1596171.2155289792,5375275.622879012,19024.43902439025,6.308144867462142,1595876.8855368919,5374849.385390764,18536.658536585368,1596219.7258503267,5375791.331410404,18536.658536585368,1596465.545521066,5375701.860367259,19512.219512195123,1596122.7052076315,5374759.914347617,19512.219512195123
1596514.0558424138,5376217.568898652,19024.43902439025,5.267888078738151,1596219.7258503267,5375791.331410404,18536.658536585368,1596562.5661637615,5376733.277430045,18536.658536585368,1596808.385834501,5376643.806386899,19512.219512195123,1596465.545521066,5375701.860367259,19512.219512195123
1596856.8961558486,5377159.514918293,19024.43902439025,4.522234434237369,1596562.5661637615,5376733.277430045,18536.658536585368,1596905.4064771966,5377675.2234496875,18536.658536585368,1597151.226147936,5377585.75240654,19512.219512195123,1596808.385834501,5376643.806386899,19512.219512195123
1597199.7364692837,5378101.460937934,19024.43902439025,4.3255430838595785,1596905.4064771966,5377675.2234496875,18536.658536585368,1597248.2467906314,5378617.169469328,18536.658536585368,1597494.0664613708,5378527.6984261805,19512.219512195123,1597151.226147936,5377585.75240654,19512.219512195123
1597542.5767827183,5379043.406957575,19024.43902439025,4.324254564101636,1597248.2467906314,5378617.169469328,18536.658536585368,1597591.087104066,5379559.115488968,18536.658536585368,1597836.9067748056,5379469.644445823,19512.219512195123,1597494.0664613708,5378527.6984261805,19512.219512195123
1597885.4170961531,5379985.352977215,19024.43902439025,4.804221808473771,1597591.087104066,5379559.115488968,18536.658536585368,1597933.9274175009,5380501.061508609,18536.658536585368,1598179.7470882405,5380411.590465463,19512.219512195123,1597836.9067748056,5379469.644445823,19512.219512195123
1598228.257409588,5380927.298996856,19024.43902439025,5.245613008951332,1597933.9274175009,5380501.061508609,18536.658536585368,1598276.7677309357,5381443.00752825,18536.658536585368,1598522.587401675,5381353.536485104,19512.219512195123,1598179.7470882405,5380411.590465463,19512.219512195123
1598571.0977230228,5381869.245016498,19024.43902439025,5.5079475107871225,1598276.7677309357,5381443.00752825,18536.658536585368,1598619.6080443705,5382384.953547891,18536.658536585368,1598865.42771511,5382295.482504744,19512.219512195123,1598522.587401675,5381353.536485104,19512.219512195123
1547048.0300651053,5239545.925007577,20000.0,2.572504330393009,1546753.7000730184,5239119.68751933,19512.219512195123,1547096.5403864533,5240061.633538971,19512.219512195123,1547342.360057192,5239972.1624958245,20487.78048780488,1546999.519743757,5239030.216476184,20487.78048780488
1547390.8703785401,5240487.871027219,20000.0,2.1972900470801444,1547096.5403864533,5240061.633538971,19512.219512195123,1547439.380699888,5241003.579558612,19512.219512195123,1547685.2003706268,5240914.108515466,20487.78048780488,1547342.360057192,5239972.1624958245,20487.78048780488
1547733.710691975,5241429.817046859,20000.0,2.6954037176613115,1547439.380699888,5241003.579558612,19512.219512195123,1547782.221013323,5241945.525578252,19512.219512195123,1548028.0406840614,5241856.054535107,20487.78048780488,1547685.2003706268,5240914.108515466,20487.78048780488
1548076.5510054096,5242371.7630664995,20000.0,2.850839145534313,1547782.221013323,5241945.525578252,19512.219512195123,1548125.0613267578,5242887.471597894,19512.219512195123,1548370.8809974962,5242798.000554748,20487.78048780488,1548028.0406840614,5241856.054535107,20487.78048780488
1548419.3913188442,5243313.709086141,20000.0,3.1409281331163683,1548125.0613267578,5242887.471597894,19512.219512195123,1548467.9016401924,5243829.417617534,19512.219512195123,1548713.721310931,5243739.946574388,20487.78048780488,1548370.8809974962,5242798.000554748,20487.78048780488
1548762.231632279,5244255.655105782,20000.0,3.025269315079671,1548467.9016401924,5243829.417617534,19512.219512195123,1548810.7419536272,5244771.363637175,19512.219512195123,1549056.5616243659,5244681.892594029,20487.78048780488,1548713.721310931,5243739.946574388,20487.78048780488
1549105.0719457138,5245197.601125423,20000.0,2.747357409054755,1548810.7419536272,5244771.363637175,19512.219512195123,1549153.582267062,5245713.309656816,19512.219512195123,1549399.4019378007,5245623.83861367,20487.78048780488,1549056.5616243659,5244681.892594029,20487.78048780488
1549447.9122591487,5246139.547145063,20000.0,2.3298096497024985,1549153.582267062,5245713.309656816,19512.219512195123,1549496.4225804969,5246655.255676458,19512.219512195123,1549742.2422512355,5246565.7846333105,20487.78048780488,1549399.4019378007,5245623.83861367,20487.78048780488
1549790.7525725837,5247081.493164704,20000.0,1.7318247525338766,1549496.4225804969,5246655.255676458,19512.219512195123,1549839.2628939317,5247597.201696098,19512.219512195123,1550085.0825646704,5247507.730652952,20487.78048780488,1549742.2422512355,5246565.7846333105,20487.78048780488
1550133.5928860186,5248023.439184345,20000.0,1.8746432574541692,1549839.2628939317,5247597.201696098,19512.219512195123,1550182.1032073665,5248539.147715739,19512.219512195123,1550427.9228781052,5248449.676672593,20487.78048780488,1550085.0825646704,5247507.730652952,20487.78048780488
1550476.4331994534,5248965.385203986,20000.0,1.9849688057301136,1550182.1032073665,5248539.147715739,19512.219512195123,1550524.9435208014,5249481.093735379,19512.219512195123,1550770.76319154,5249391.622692234,20487.78048780488,1550427.9228781052,5248449.676672593,20487.78048780488
1550819.273512888,5249907.331223627,20000.0,2.0235502653634767,1550524.9435208014,5249481.093735379,19512.219512195123,1550867.7838342362,5250423.039755021,19512.219512195123,1551113.6035049746,5250333.568711874,20487.78048780488,1550770.76319154,5249391.622692234,20487.78048780488
1551162.1138263228,5250849.277243268,20000.0,2.643650293355929,1550867.7838342362,5250423.039755021,19512.219512195123,1551210.624147671,5251364.985774661,19512.219512195123,1551456.4438184095,5251275.514731515,20487.78048780488,1551113.6035049746,5250333.568711874,20487.78048780488
1551504.9541397577,5251791.223262909,20000.0,2.652132325222419,1551210.624147671,5251364.985774661,19512.219512195123,1551553.4644611056,5252306.931794302,19512.219512195123,1551799.2841318443,5252217.460751156,20487.78048780488,1551456.4438184095,5251275.514731515,20487.78048780488
1551847.7944531925,5252733.16928255,20000.0,2.0703225486906613,1551553.4644611056,5252306.931794302,19512.219512195123,1551896.3047745405,5253248.877813943,19512.219512195123,1552142.1244452794,5253159.406770797,20487.78048780488,1551799.2841318443,5252217.460751156,20487.78048780488
1552190.6347666273,5253675.11530219,20000.0,1.7455163755130643,1551896.3047745405,5253248.877813943,19512.219512195123,1552239.1450879755,5254190.823833584,19512.219512195123,1552484.964758714,5254101.352790438,20487.78048780488,1552142.1244452794,5253159.406770797,20487.78048780488
1552533.4750800622,5254617.061321832,20000.0,1.6043796493665508,1552239.1450879755,5254190.823833584,19512.219512195123,1552581.9854014104,5255132.769853225,19512.219512195123,1552827.805072149,5255043.29881008,20487.78048780488,1552484.964758714,5254101.352790438,20487.78048780488
1552876.315393497,5255559.007341472,20000.0,1.3269950510704505,1552581.9854014104,5255132.769853225,19512.219512195123,1552924.8257148452,5256074.715872866,19512.219512195123,1553170.6453855836,5255985.24482972,20487.78048780488,1552827.805072149,5255043.29881008,20487.78048780488
1553219.1557069318,5256500.953361114,20000.0,0.966770442980253,1552924.8257148452,5256074.715872866,19512.219512195123,1553267.6660282798,5257016.661892507,19512.219512195123,1553513.4856990185,5256927.190849361,20487.78048780488,1553170.6453855836,5255985.24482972,20487.78048780488
1553561.9960203667,5257442.899380754,20000.0,0.8765564473125982,1553267.6660282798,5257016.661892507,19512.219512195123,1553610.5063417146,5257958.607912148,19512.219512195123,1553856.3260124533,5257869.136869001,20487.78048780488,1553513.4856990185,5256927.190849361,20487.78048780488
1553904.8363338015,5258384.845400395,20000.0,0.8473262758368065,1553610.5063417146,5257958.607912148,19512.219512195123,1553953.3466551495,5258900.553931789,19512.219512195123,1554199.1663258881,5258811.082888643,20487.78048780488,1553856.3260124533,5257869.136869001,20487.78048780488
1554247.6766472363,5259326.791420036,20000.0,1.0062921469639723,1553953.3466551495,5258900.553931789,19512.219512195123,1554296.1869685843,5259842.499951429,19512.219512195123,1554542.0066393227,5259753.028908283,20487.78048780488,1554199.1663258881,5258811.082888643,20487.78048780488
1554590.516960671,5260268.737439677,20000.0,1.3398666507639092,1554296.1869685843,5259842.499951429,19512.219512195123,1554639.0272820191,5260784.445971071,19512.219512195123,1554884.8469527578,5260694.974927925,20487.78048780488,1554542.0066393227,5259753.028908283,20487.78048780488
1554933.3572741058,5261210.683459318,20000.0,1.4623207091960404,1554639.0272820191,5260784.445971071,19512.219512195123,1554981.867595454,5261726.391990711,19512.219512195123,1555227.6872661926,5261636.920947565,20487.78048780488,1554884.8469527578,5260694.974927925,20487.78048780488
1555276.1975875406,5262152.629478959,20000.0,1.433623981683521,1554981.867595454,5261726.391990711,19512.219512195123,1555324.7079088888,5262668.338010352,19512.219512195123,1555570.5275796275,5262578.866967207,20487.78048780488,1555227.6872661926,5261636.920947565,20487.78048780488
1555619.0379009754,5263094.5754986,20000.0,1.5941995865318932,1555324.7079088888,5262668.338010352,19512.219512195123,1555667.5482223236,5263610.284029992,19512.219512195123,1555913.3678930623,5263520.812986847,20487.78048780488,1555570.5275796275,5262578.866967207,20487.78048780488
1555961.8782144103,5264036.521518241,20000.0,1.5539678085067807,1555667.5482223236,5263610.284029992,19512.219512195123,1556010.3885357585,5264552.230049634,19512.219512195123,1556256.208206497,5264462.759006488,20487.78048780488,1555913.3678930623,5263520.812986847,20487.78048780488
1556304.718527845,5264978.467537882,20000.0,1.6440035790600103,1556010.3885357585,5264552.230049634,19512.219512195123,1556353.228849193,5265494.176069275,19512.219512195123,1556599.0485199317,5265404.705026129,20487.78048780488,1556256.208206497,5264462.759006488,20487.78048780488
1556647.5588412797,5265920.413557522,20000.0,1.5667686558150864,1556353.228849193,5265494.176069275,19512.219512195123,1556696.069162628,5266436.122088916,19512.219512195123,1556941.8888333666,5266346.651045769,20487.78048780488,1556599.0485199317,5265404.705026129,20487.78048780488
1556990.3991547145,5266862.359577162,20000.0,1.7895243087832085,1556696.069162628,5266436.122088916,19512.219512195123,1557038.9094760627,5267378.068108557,19512.219512195123,1557284.7291468014,5267288.597065411,20487.78048780488,1556941.8888333666,5266346.651045769,20487.78048780488
1557333.2394681494,5267804.305596803,20000.0,1.8026809762764235,1557038.9094760627,5267378.068108557,19512.219512195123,1557381.7497894976,5268320.014128198,19512.219512195123,1557627.5694602362,5268230.543085051,20487.78048780488,1557284.7291468014,5267288.597065411,20487.78048780488
1557676.0797815844,5268746.251616445,20000.0,2.2466178418765215,1557381.7497894976,5268320.014128198,19512.219512195123,1557724.5901029324,5269261.960147838,19512.219512195123,1557970.409773671,5269172.489104693,20487.78048780488,1557627.5694602362,5268230.543085051,20487.78048780488
1558018.9200950193,5269688.197636086,20000.0,3.0203104944233443,1557724.5901029324,5269261.960147838,19512.219512195123,1558067.4304163672,5270203.906167479,19512.219512195123,1558313.250087106,5270114.435124333,20487.78048780488,1557970.409773671,5269172.489104693,20487.78048780488
1558361.760408454,5270630.143655727,20000.0,3.2422193412369253,1558067.4304163672,5270203.906167479,19512.219512195123,1558410.270729802,5271145.85218712,19512.219512195123,1558656.0904005407,5271056.381143974,20487.78048780488,1558313.250087106,5270114.435124333,20487.78048780488
1558704.600721889,5271572.089675368,20000.0,3.316720839572923,1558410.270729802,5271145.85218712,19512.219512195123,1558753.111043237,5272087.7982067615,19512.219512195123,1558998.9307139753,5271998.327163614,20487.78048780488,1558656.0904005407,5271056.381143974,20487.78048780488
1559047.4410353235,5272514.035695009,20000.0,2.3208755232645877,1558753.111043237,5272087.7982067615,19512.219512195123,1559095.9513566718,5273029.744226402,19512.219512195123,1559341.7710274102,5272940.273183256,20487.78048780488,1558998.9307139753,5271998.327163614,20487.78048780488
1559390.2813487584,5273455.981714649,20000.0,2.0310912405692627,1559095.9513566718,5273029.744226402,19512.219512195123,1559438.7916701064,5273971.690246042,19512.219512195123,1559684.611340845,5273882.219202897,20487.78048780488,1559341.7710274102,5272940.273183256,20487.78048780488
1559733.1216621932,5274397.927734289,20000.0,2.13034427050444,1559438.7916701064,5273971.690246042,19512.219512195123,1559781.6319835412,5274913.636265684,19512.219512195123,1560027.45165428,5274824.165222538,20487.78048780488,1559684.611340845,5273882.219202897,20487.78048780488
1560075.961975628,5275339.873753931,20000.0,2.5325305105095848,1559781.6319835412,5274913.636265684,19512.219512195123,1560124.4722969763,5275855.582285324,19512.219512195123,1560370.291967715,5275766.111242178,20487.78048780488,1560027.45165428,5274824.165222538,20487.78048780488
1560418.802289063,5276281.8197735725,20000.0,2.4213463918249336,1560124.4722969763,5275855.582285324,19512.219512195123,1560467.312610411,5276797.528304965,19512.219512195123,1560713.1322811495,5276708.05726182,20487.78048780488,1560370.291967715,5275766.111242178,20487.78048780488
1560761.6426024975,5277223.765793213,20000.0,2.583851810380713,1560467.312610411,5276797.528304965,19512.219512195123,1560810.1529238457,5277739.474324606,19512.219512195123,1561055.9725945843,5277650.00328146,20487.78048780488,1560713.1322811495,5276708.05726182,20487.78048780488
1561104.4829159323,5278165.711812854,20000.0,3.3586914755998527,1560810.1529238457,5277739.474324606,19512.219512195123,1561152.9932372805,5278681.4203442475,19512.219512195123,1561398.8129080192,5278591.949301101,20487.78048780488,1561055.9725945843,5277650.00328146,20487.78048780488
1561447.3232293671,5279107.657832495,20000.0,3.312843129413207,1561152.9932372805,5278681.4203442475,19512.219512195123,1561495.8335507154,5279623.366363888,19512.219512195123,1561741.653221454,5279533.895320742,20487.78048780488,1561398.8129080192,5278591.949301101,20487.78048780488
1561790.163542802,5280049.603852136,20000.0,2.994501586066581,1561495.8335507154,5279623.366363888,19512.219512195123,1561838.6738641502,5280565.312383529,19512.219512195123,1562084.4935348886,5280475.8413403835,20487.78048780488,1561741.653221454,5279533.895320742,20487.78048780488
1562133.0038562368,5280991.549871776,20000.0,3.12751024672286,1561838.6738641502,5280565.312383529,19512.219512195123,1562181.5141775848,5281507.25840317,19512.219512195123,1562427.3338483234,5281417.787360024,20487.78048780488,1562084.4935348886,5280475.8413403835,20487.78048780488
1562475.8441696716,5281933.495891416,20000.0,3.6611699361787187,1562181.5141775848,5281507.25840317,19512.219512195123,1562524.3544910196,5282449.204422811,19512.219512195123,1562770.1741617585,5282359.733379664,20487.78048780488,1562427.3338483234,5281417.787360024,20487.78048780488
1562818.6844831067,5282875.441911058,20000.0,3.623912648791006,1562524.3544910196,5282449.204422811,19512.219512195123,1562867.1948044547,5283391.150442451,19512.219512195123,1563113.0144751933,5283301.679399306,20487.78048780488,1562770.1741617585,5282359.733379664,20487.78048780488
1563161.5247965415,5283817.3879307,20000.0,3.1512965751282938,1562867.1948044547,5283391.150442451,19512.219512195123,1563210.0351178895,5284333.096462092,19512.219512195123,1563455.8547886282,5284243.625418947,20487.78048780488,1563113.0144751933,5283301.679399306,20487.78048780488
1563504.3651099764,5284759.33395034,20000.0,3.39497053082242,1563210.0351178895,5284333.096462092,19512.219512195123,1563552.8754313244,5285275.0424817335,19512.219512195123,1563798.695102063,5285185.571438587,20487.78048780488,1563455.8547886282,5284243.625418947,20487.78048780488
1563847.205423411,5285701.279969982,20000.0,3.8890211908591272,1563552.8754313244,5285275.0424817335,19512.219512195123,1563895.7157447592,5286216.988501375,19512.219512195123,1564141.5354154976,5286127.517458228,20487.78048780488,1563798.695102063,5285185.571438587,20487.78048780488
1564190.0457368458,5286643.225989622,20000.0,4.062594314424435,1563895.7157447592,5286216.988501375,19512.219512195123,1564238.5560581938,5287158.934521015,19512.219512195123,1564484.3757289324,5287069.4634778695,20487.78048780488,1564141.5354154976,5286127.517458228,20487.78048780488
1564532.8860502806,5287585.172009262,20000.0,4.51201607443091,1564238.5560581938,5287158.934521015,19512.219512195123,1564581.3963716286,5288100.880540656,19512.219512195123,1564827.2160423673,5288011.40949751,20487.78048780488,1564484.3757289324,5287069.4634778695,20487.78048780488
1564875.7263637155,5288527.118028903,20000.0,4.375832344310312,1564581.3963716286,5288100.880540656,19512.219512195123,1564924.2366850635,5289042.826560297,19512.219512195123,1565170.056355802,5288953.355517151,20487.78048780488,1564827.2160423673,5288011.40949751,20487.78048780488
1565218.56667715,5289469.0640485445,20000.0,4.3041681352693715,1564924.2366850635,5289042.826560297,19512.219512195123,1565267.0769984983,5289984.772579938,19512.219512195123,1565512.896669237,5289895.301536792,20487.78048780488,1565170.056355802,5288953.355517151,20487.78048780488
1565561.4069905852,5290411.010068185,20000.0,3.8705217598554817,1565267.0769984983,5289984.772579938,19512.219512195123,1565609.9173119334,5290926.718599578,19512.219512195123,1565855.7369826718,5290837.247556433,20487.78048780488,1565512.896669237,5289895.301536792,20487.78048780488
1565904.24730402,5291352.956087826,20000.0,3.830111155126686,1565609.9173119334,5290926.718599578,19512.219512195123,1565952.757625368,5291868.66461922,19512.219512195123,1566198.5772961066,5291779.193576073,20487.78048780488,1565855.7369826718,5290837.247556433,20487.78048780488
1566247.0876174548,5292294.902107467,20000.0,4.302927178764947,1565952.757625368,5291868.66461922,19512.219512195123,1566295.5979388028,5292810.610638861,19512.219512195123,1566541.4176095414,5292721.139595714,20487.78048780488,1566198.5772961066,5291779.193576073,20487.78048780488
1566589.9279308897,5293236.848127108,20000.0,4.600270906571807,1566295.5979388028,5292810.610638861,19512.219512195123,1566638.4382522376,5293752.556658502,19512.219512195123,1566884.257922976,5293663.0856153555,20487.78048780488,1566541.4176095414,5292721.139595714,20487.78048780488
1566932.7682443243,5294178.794146749,20000.0,3.9540834673344425,1566638.4382522376,5293752.556658502,19512.219512195123,1566981.2785656725,5294694.502678142,19512.219512195123,1567227.0982364109,5294605.031634997,20487.78048780488,1566884.257922976,5293663.0856153555,20487.78048780488
1567275.6085577589,5295120.740166389,20000.0,3.7570875426579757,1566981.2785656725,5294694.502678142,19512.219512195123,1567324.118879107,5295636.448697783,19512.219512195123,1567569.9385498457,5295546.977654637,20487.78048780488,1567227.0982364109,5294605.031634997,20487.78048780488
1567618.4488711937,5296062.686186031,20000.0,4.270931796721972,1567324.118879107,5295636.448697783,19512.219512195123,1567666.959192542,5296578.394717424,19512.219512195123,1567912.7788632808,5296488.923674278,20487.78048780488,1567569.9385498457,5295546.977654637,20487.78048780488
1567961.2891846288,5297004.632205672,20000.0,5.109560271951123,1567666.959192542,5296578.394717424,19512.219512195123,1568009.799505977,5297520.340737064,19512.219512195123,1568255.6191767156,5297430.869693919,20487.78048780488,1567912.7788632808,5296488.923674278,20487.78048780488
1568304.1294980636,5297946.578225312,20000.0,5.8288662092462005,1568009.799505977,5297520.340737064,19512.219512195123,1568352.6398194118,5298462.2867567055,19512.219512195123,1568598.4594901502,5298372.81571356,20487.78048780488,1568255.6191767156,5297430.869693919,20487.78048780488
1568646.9698114984,5298888.524244953,20000.0,6.812821280244901,1568352.6398194118,5298462.2867567055,19512.219512195123,1568695.4801328464,5299404.232776347,19512.219512195123,1568941.299803585,5299314.7617332,20487.78048780488,1568598.4594901502,5298372.81571356,20487.78048780488
1568989.810124933,5299830.470264595,20000.0,5.952905531079208,1568695.4801328464,5299404.232776347,19512.219512195123,1569038.3204462812,5300346.178795988,19512.219512195123,1569284.1401170199,5300256.7077528415,20487.78048780488,1568941.299803585,5299314.7617332,20487.78048780488
1569332.6504383679,5300772.416284235,20000.0,5.627738684233182,1569038.3204462812,5300346.178795988,19512.219512195123,1569381.160759716,5301288.124815628,19512.219512195123,1569626.9804304547,5301198.653772483,20487.78048780488,1569284.1401170199,5300256.7077528415,20487.78048780488
1569675.4907518027,5301714.362303875,20000.0,5.199461514156244,1569381.160759716,5301288.124815628,19512.219512195123,1569724.001073151,5302230.07083527,19512.219512195123,1569969.8207438893,5302140.599792123,20487.78048780488,1569626.9804304547,5301198.653772483,20487.78048780488
1570018.3310652375,5302656.3083235165,20000.0,5.132222631999522,1569724.001073151,5302230.07083527,19512.219512195123,1570066.8413865855,5303172.01685491,19512.219512195123,1570312.6610573241,5303082.545811764,20487.78048780488,1569969.8207438893,5302140.599792123,20487.78048780488
1570361.1713786724,5303598.254343158,20000.0,6.177857498695755,1570066.8413865855,5303172.01685491,19512.219512195123,1570409.6817000203,5304113.962874551,19512.219512195123,1570655.5013707592,5304024.491831405,20487.78048780488,1570312.6610573241,5303082.545811764,20487.78048780488
1570704.0116921074,5304540.200362799,20000.0,7.4177840768416115,1570409.6817000203,5304113.962874551,19512.219512195123,1570752.5220134554,5305055.9088941915,19512.219512195123,1570998.341684194,5304966.437851046,20487.78048780488,1570655.5013707592,5304024.491831405,20487.78048780488
1571046.8520055423,5305482.146382439,20000.0,8.793823614045788,1570752.5220134554,5305055.9088941915,19512.219512195123,1571095.3623268902,5305997.854913834,19512.219512195123,1571341.1819976286,5305908.383870686,20487.78048780488,1570998.341684194,5304966.437851046,20487.78048780488
1571389.6923189769,5306424.09240208,20000.0,10.741415194480675,1571095.3623268902,5305997.854913834,19512.219512195123,1571438.202640325,5306939.800933474,19512.219512195123,1571684.0223110635,5306850.3298903275,20487.78048780488,1571341.1819976286,5305908.383870686,20487.78048780488
1571732.5326324117,5307366.038421721,20000.0,10.662163414397629,1571438.202640325,5306939.800933474,19512.219512195123,1571781.0429537597,5307881.746953115,19512.219512195123,1572026.8626244983,5307792.275909969,20487.78048780488,1571684.0223110635,5306850.3298903275,20487.78048780488
1572075.3729458465,5308307.984441362,20000.0,11.845857871496214,1571781.0429537597,5307881.746953115,19512.219512195123,1572123.8832671945,5308823.692972755,19512.219512195123,1572369.7029379332,5308734.22192961,20487.78048780488,1572026.8626244983,5307792.275909969,20487.78048780488
1572418.2132592814,5309249.9304610025,20000.0,15.290030499603374,1572123.8832671945,5308823.692972755,19512.219512195123,1572466.7235806293,5309765.638992396,19512.219512195123,1572712.543251368,5309676.16794925,20487.78048780488,1572369.7029379332,5308734.22192961,20487.78048780488
1572761.0535727162,5310191.876480645,20000.0,16.39099435920706,1572466.7235806293,5309765.638992396,19512.219512195123,1572809.5638940642,5310707.585012037,19512.219512195123,1573055.3835648026,5310618.113968891,20487.78048780488,1572712.543251368,5309676.16794925,20487.78048780488
1573103.8938861506,5311133.822500285,20000.0,17.658654701973663,1572809.5638940642,5310707.585012037,19512.219512195123,1573152.4042074988,5311649.5310316775,19512.219512195123,1573398.2238782377,5311560.059988532,20487.78048780488,1573055.3835648026,5310618.113968891,20487.78048780488
1573446.7341995856,5312075.768519926,20000.0,18.973591263585124,1573152.4042074988,5311649.5310316775,19512.219512195123,1573495.2445209338,5312591.47705132,19512.219512195123,1573741.0641916725,5312502.006008173,20487.78048780488,1573398.2238782377,5311560.059988532,20487.78048780488
1573789.5745130205,5313017.714539566,20000.0,20.58645544376473,1573495.2445209338,5312591.47705132,19512.219512195123,1573838.0848343687,5313533.42307096,19512.219512195123,1574083.9045051073,5313443.9520278135,20487.78048780488,1573741.0641916725,5312502.006008173,20487.78048780488
1574132.4148264553,5313959.660559207,20000.0,20.228390747806785,1573838.0848343687,5313533.42307096,19512.219512195123,1574180.9251478035,5314475.369090601,19512.219512195123,1574426.744818542,5314385.898047456,20487.78048780488,1574083.9045051073,5313443.9520278135,20487.78048780488
1574475.2551398901,5314901.606578848,20000.0,22.70702948424203,1574180.9251478035,5314475.369090601,19512.219512195123,1574523.7654612383,5315417.315110241,19512.219512195123,1574769.5851319768,5315327.844067096,20487.78048780488,1574426.744818542,5314385.898047456,20487.78048780488
1574818.095453325,5315843.552598489,20000.0,22.793581787793354,1574523.7654612383,5315417.315110241,19512.219512195123,1574866.6057746732,5316359.261129883,19512.219512195123,1575112.4254454116,5316269.790086737,20487.78048780488,1574769.5851319768,5315327.844067096,20487.78048780488
1575160.9357667598,5316785.49861813,20000.0,22.195930367158354,1574866.6057746732,5316359.261129883,19512.219512195123,1575209.4460881078,5317301.207149523,19512.219512195123,1575455.2657588464,5317211.736106377,20487.78048780488,1575112.4254454116,5316269.790086737,20487.78048780488
1575503.7760801946,5317727.444637772,20000.0,22.246978019110816,1575209.4460881078,5317301.207149523,19512.219512195123,1575552.2864015426,5318243.153169164,19512.219512195123,1575798.1060722815,5318153.682126019,20487.78048780488,1575455.2657588464,5317211.736106377,20487.78048780488
1575846.6163936295,5318669.390657412,20000.0,21.649019723468005,1575552.2864015426,5318243.153169164,19512.219512195123,1575895.1267149774,5319185.099188805,19512.219512195123,1576140.9463857163,5319095.628145659,20487.78048780488,1575798.1060722815,5318153.682126019,20487.78048780488
1576189.4567070643,5319611.336677053,20000.0,21.18203307252595,1575895.1267149774,5319185.099188805,19512.219512195123,1576237.9670284125,5320127.045208447,19512.219512195123,1576483.786699151,5320037.5741653005,20487.78048780488,1576140.9463857163,5319095.628145659,20487.78048780488
1576532.2970204991,5320553.282696694,20000.0,20.360259036869074,1576237.9670284125,5320127.045208447,19512.219512195123,1576580.807341847,5321068.991228087,19512.219512195123,1576826.6270125858,5320979.520184941,20487.78048780488,1576483.786699151,5320037.5741653005,20487.78048780488
1576875.137333934,5321495.228716334,20000.0,16.251975252643334,1576580.807341847,5321068.991228087,19512.219512195123,1576923.647655282,5322010.937247728,19512.219512195123,1577169.4673260206,5321921.466204583,20487.78048780488,1576826.6270125858,5320979.520184941,20487.78048780488
1577217.9776473688,5322437.174735975,20000.0,15.873744817468106,1576923.647655282,5322010.937247728,19512.219512195123,1577266.4879687168,5322952.883267368,19512.219512195123,1577512.3076394554,5322863.412224223,20487.78048780488,1577169.4673260206,5321921.466204583,20487.78048780488
1577560.8179608034,5323379.120755617,20000.0,15.466506428947593,1577266.4879687168,5322952.883267368,19512.219512195123,1577609.3282821516,5323894.82928701,19512.219512195123,1577855.14795289,5323805.358243864,20487.78048780488,1577512.3076394554,5322863.412224223,20487.78048780488
1577903.6582742382,5324321.066775258,20000.0,15.82813023073264,1577609.3282821516,5323894.82928701,19512.219512195123,1577952.1685955864,5324836.77530665,19512.219512195123,1578197.9882663249,5324747.304263505,20487.78048780488,1577855.14795289,5323805.358243864,20487.78048780488
1578246.498587673,5325263.012794898,20000.0,17.49493398550585,1577952.1685955864,5324836.77530665,19512.219512195123,1578295.008909021,5325778.721326292,19512.219512195123,1578540.82857976,5325689.250283145,20487.78048780488,1578197.9882663249,5324747.304263505,20487.78048780488
1578589.3389011081,5326204.958814539,20000.0,18.00143907141992,1578295.008909021,5325778.721326292,19512.219512195123,1578637.849222456,5326720.667345933,19512.219512195123,1578883.6688931948,5326631.1963027865,20487.78048780488,1578540.82857976,5325689.250283145,20487.78048780488
1578932.179214543,5327146.904834179,20000.0,17.989395042911084,1578637.849222456,5326720.667345933,19512.219512195123,1578980.689535891,5327662.613365574,19512.219512195123,1579226.5092066296,5327573.142322427,20487.78048780488,1578883.6688931948,5326631.1963027865,20487.78048780488
1579275.0195279778,5328088.850853821,20000.0,16.10039563727862,1578980.689535891,5327662.613365574,19512.219512195123,1579323.5298493258,5328604.559385214,19512.219512195123,1579569.3495200642,5328515.088342069,20487.78048780488,1579226.5092066296,5327573.142322427,20487.78048780488
1579617.8598414122,5329030.796873461,20000.0,14.165763276024734,1579323.5298493258,5328604.559385214,19512.219512195123,1579666.3701627604,5329546.505404855,19512.219512195123,1579912.189833499,5329457.034361709,20487.78048780488,1579569.3495200642,5328515.088342069,20487.78048780488
1579960.700154847,5329972.742893102,20000.0,12.079052865698301,1579666.3701627604,5329546.505404855,19512.219512195123,1580009.2104761952,5330488.451424496,19512.219512195123,1580255.0301469339,5330398.98038135,20487.78048780488,1579912.189833499,5329457.034361709,20487.78048780488
1580303.5404682818,5330914.688912744,20000.0,14.353728464431736,1580009.2104761952,5330488.451424496,19512.219512195123,1580352.05078963,5331430.397444136,19512.219512195123,1580597.8704603687,5331340.92640099,20487.78048780488,1580255.0301469339,5330398.98038135,20487.78048780488
1580646.3807817167,5331856.634932385,20000.0,16.476909336854497,1580352.05078963,5331430.397444136,19512.219512195123,1580694.8911030649,5332372.343463778,19512.219512195123,1580940.7107738033,5332282.872420632,20487.78048780488,1580597.8704603687,5331340.92640099,20487.78048780488
1580989.2210951515,5332798.580952025,20000.0,18.677338682885118,1580694.8911030649,5332372.343463778,19512.219512195123,1581037.7314164995,5333314.289483418,19512.219512195123,1581283.5510872384,5333224.8184402725,20487.78048780488,1580940.7107738033,5332282.872420632,20487.78048780488
1581332.0614085863,5333740.526971666,20000.0,18.442815025268192,1581037.7314164995,5333314.289483418,19512.219512195123,1581380.5717299345,5334256.23550306,19512.219512195123,1581626.3914006732,5334166.764459914,20487.78048780488,1581283.5510872384,5333224.8184402725,20487.78048780488
1581674.9017220212,5334682.472991307,20000.0,17.711036897725876,1581380.5717299345,5334256.23550306,19512.219512195123,1581723.4120433694,5335198.1815227,19512.219512195123,1581969.231714108,5335108.710479554,20487.78048780488,1581626.3914006732,5334166.764459914,20487.78048780488
1582017.742035456,5335624.419010948,20000.0,17.93015191885139,1581723.4120433694,5335198.1815227,19512.219512195123,1582066.2523568042,5336140.127542341,19512.219512195123,1582312.0720275426,5336050.656499196,20487.78048780488,1581969.231714108,5335108.710479554,20487.78048780488
1582360.5823488908,5336566.365030589,20000.0,18.54408782681869,1582066.2523568042,5336140.127542341,19512.219512195123,1582409.092670239,5337082.073561982,19512.219512195123,1582654.9123409775,5336992.602518836,20487.78048780488,1582312.0720275426,5336050.656499196,20487.78048780488
1582703.4226623257,5337508.311050229,20000.0,15.85504863972926,1582409.092670239,5337082.073561982,19512.219512195123,1582751.9329836736,5338024.019581623,19512.219512195123,1582997.7526544123,5337934.548538477,20487.78048780488,1582654.9123409775,5336992.602518836,20487.78048780488
1583046.2629757605,5338450.257069871,20000.0,12.949382829088448,1582751.9329836736,5338024.019581623,19512.219512195123,1583094.7732971085,5338965.965601264,19512.219512195123,1583340.5929678471,5338876.494558118,20487.78048780488,1582997.7526544123,5337934.548538477,20487.78048780488
1583389.1032891953,5339392.203089511,20000.0,11.951845848120335,1583094.7732971085,5338965.965601264,19512.219512195123,1583437.6136105433,5339907.911620905,19512.219512195123,1583683.433281282,5339818.4405777585,20487.78048780488,1583340.5929678471,5338876.494558118,20487.78048780488
1583731.94360263,5340334.149109152,20000.0,11.68409423873181,1583437.6136105433,5339907.911620905,19512.219512195123,1583780.4539239781,5340849.857640546,19512.219512195123,1584026.2735947168,5340760.3865974,20487.78048780488,1583683.433281282,5339818.4405777585,20487.78048780488
1584074.783916065,5341276.095128793,20000.0,11.222060594763287,1583780.4539239781,5340849.857640546,19512.219512195123,1584123.294237413,5341791.803660187,19512.219512195123,1584369.1139081516,5341702.33261704,20487.78048780488,1584026.2735947168,5340760.3865974,20487.78048780488
1584417.6242294998,5342218.041148434,20000.0,11.001165397766002,1584123.294237413,5341791.803660187,19512.219512195123,1584466.1345508478,5342733.749679827,19512.219512195123,1584711.9542215865,5342644.278636682,20487.78048780488,1584369.1139081516,5341702.33261704,20487.78048780488
1584760.4645429347,5343159.9871680755,20000.0,8.963147766766554,1584466.1345508478,5342733.749679827,19512.219512195123,1584808.9748642826,5343675.695699468,19512.219512195123,1585054.7945350213,5343586.224656323,20487.78048780488,1584711.9542215865,5342644.278636682,20487.78048780488
1585103.3048563695,5344101.933187716,20000.0,8.235728910213425,1584808.9748642826,5343675.695699468,19512.219512195123,1585151.8151777175,5344617.641719109,19512.219512195123,1585397.6348484561,5344528.170675963,20487.78048780488,1585054.7945350213,5343586.224656323,20487.78048780488
1585446.1451698043,5345043.879207357,20000.0,8.064563612131149,1585151.8151777175,5344617.641719109,19512.219512195123,1585494.6554911523,5345559.5877387505,19512.219512195123,1585740.4751618907,5345470.116695604,20487.78048780488,1585397.6348484561,5344528.170675963,20487.78048780488
1585788.985483239,5345985.825226998,20000.0,8.386926643799555,1585494.6554911523,5345559.5877387505,19512.219512195123,1585837.4958045871,5346501.533758391,19512.219512195123,1586083.3154753256,5346412.062715245,20487.78048780488,1585740.4751618907,5345470.116695604,20487.78048780488
1586131.8257966735,5346927.771246638,20000.0,7.773824118580877,1585837.4958045871,5346501.533758391,19512.219512195123,1586180.3361180217,5347443.479778032,19512.219512195123,1586426.1557887606,5347354.008734886,20487.78048780488,1586083.3154753256,5346412.062715245,20487.78048780488
1586474.6661101086,5347869.717266279,20000.0,7.376158931514154,1586180.3361180217,5347443.479778032,19512.219512195123,1586523.1764314568,5348385.425797673,19512.219512195123,1586768.9961021955,5348295.954754527,20487.78048780488,1586426.1557887606,5347354.008734886,20487.78048780488
1586817.5064235434,5348811.66328592,20000.0,7.023335757628537,1586523.1764314568,5348385.425797673,19512.219512195123,1586866.0167448916,5349327.371817314,19512.219512195123,1587111.8364156303,5349237.900774168,20487.78048780488,1586768.9961021955,5348295.954754527,20487.78048780488
1587160.3467369783,5349753.6093055615,20000.0,6.765779204480339,1586866.0167448916,5349327.371817314,19512.219512195123,1587208.8570583265,5350269.317836954,19512.219512195123,1587454.676729065,5350179.846793809,20487.78048780488,1587111.8364156303,5349237.900774168,20487.78048780488
1587503.187050413,5350695.555325202,20000.0,6.118344883917962,1587208.8570583265,5350269.317836954,19512.219512195123,1587551.697371761,5351211.263856596,19512.219512195123,1587797.5170424997,5351121.792813449,20487.78048780488,1587454.676729065,5350179.846793809,20487.78048780488
1587846.027363848,5351637.501344843,20000.0,5.601777040887247,1587551.697371761,5351211.263856596,19512.219512195123,1587894.537685196,5352153.2098762365,19512.219512195123,1588140.3573559346,5352063.73883309,20487.78048780488,1587797.5170424997,5351121.792813449,20487.78048780488
1588188.8676772828,5352579.447364484,20000.0,6.387405085640898,1587894.537685196,5352153.2098762365,19512.219512195123,1588237.3779986307,5353095.155895877,19512.219512195123,1588483.1976693694,5353005.684852731,20487.78048780488,1588140.3573559346,5352063.73883309,20487.78048780488
1588531.7079907174,5353521.393384124,20000.0,7.1995659225065465,1588237.3779986307,5353095.155895877,19512.219512195123,1588580.2183120656,5354037.101915518,19512.219512195123,1588826.037982804,5353947.630872373,20487.78048780488,1588483.1976693694,5353005.684852731,20487.78048780488
1588874.5483041522,5354463.339403765,20000.0,7.58396606804611,1588580.2183120656,5354037.101915518,19512.219512195123,1588923.0586255002,5354979.047935159,19512.219512195123,1589168.878296239,5354889.576892013,20487.78048780488,1588826.037982804,5353947.630872373,20487.78048780488
1589217.3886175873,5355405.285423407,20000.0,8.5777986638953,1588923.0586255002,5354979.047935159,19512.219512195123,1589265.8989389353,5355920.9939548,19512.219512195123,1589511.718609674,5355831.522911654,20487.78048780488,1589168.878296239,5354889.576892013,20487.78048780488
1589560.228931022,5356347.2314430475,20000.0,9.618375247431578,1589265.8989389353,5355920.9939548,19512.219512195123,1589608.73925237,5356862.93997444,19512.219512195123,1589854.5589231087,5356773.468931295,20487.78048780488,1589511.718609674,5355831.522911654,20487.78048780488
1589903.0692444567,5357289.177462689,20000.0,10.811772619214011,1589608.73925237,5356862.93997444,19512.219512195123,1589951.579565805,5357804.885994081,19512.219512195123,1590197.3992365433,5357715.414950936,20487.78048780488,1589854.5589231087,5356773.468931295,20487.78048780488
1590245.9095578915,5358231.123482329,20000.0,11.186373264218057,1589951.579565805,5357804.885994081,19512.219512195123,1590294.4198792398,5358746.8320137225,19512.219512195123,1590540.2395499782,5358657.360970576,20487.78048780488,1590197.3992365433,5357715.414950936,20487.78048780488
1590588.7498713264,5359173.069501971,20000.0,12.204179605782024,1590294.4198792398,5358746.8320137225,19512.219512195123,1590637.2601926744,5359688.778033364,19512.219512195123,1590883.079863413,5359599.306990217,20487.78048780488,1590540.2395499782,5358657.360970576,20487.78048780488
1590931.5901847612,5360115.015521611,20000.0,12.762377099815383,1590637.2601926744,5359688.778033364,19512.219512195123,1590980.1005061092,5360630.724053004,19512.219512195123,1591225.9201768478,5360541.253009859,20487.78048780488,1590883.079863413,5359599.306990217,20487.78048780488
1591274.430498196,5361056.961541251,20000.0,12.94480646064181,1590980.1005061092,5360630.724053004,19512.219512195123,1591322.940819544,5361572.670072646,19512.219512195123,1591568.7604902827,5361483.199029499,20487.78048780488,1591225.9201768478,5360541.253009859,20487.78048780488
1591617.2708116309,5361998.9075608915,20000.0,12.220255902691232,1591322.940819544,5361572.670072646,19512.219512195123,1591665.7811329789,5362514.616092286,19512.219512195123,1591911.6008037175,5362425.14504914,20487.78048780488,1591568.7604902827,5361483.199029499,20487.78048780488
1591960.1111250655,5362940.8535805335,20000.0,11.943556947858182,1591665.7811329789,5362514.616092286,19512.219512195123,1592008.6214464137,5363456.562111927,19512.219512195123,1592254.4411171523,5363367.091068781,20487.78048780488,1591911.6008037175,5362425.14504914,20487.78048780488
1592302.9514385003,5363882.799600175,20000.0,11.756960687647322,1592008.6214464137,5363456.562111927,19512.219512195123,1592351.4617598485,5364398.508131567,19512.219512195123,1592597.2814305872,5364309.037088422,20487.78048780488,1592254.4411171523,5363367.091068781,20487.78048780488
1592645.7917519351,5364824.745619815,20000.0,12.094857278552258,1592351.4617598485,5364398.508131567,19512.219512195123,1592694.3020732834,5365340.454151209,19512.219512195123,1592940.121744022,5365250.983108062,20487.78048780488,1592597.2814305872,5364309.037088422,20487.78048780488
1592988.63206537,5365766.691639457,20000.0,10.694579352058199,1592694.3020732834,5365340.454151209,19512.219512195123,1593037.1423867182,5366282.40017085,19512.219512195123,1593282.9620574566,5366192.929127703,20487.78048780488,1592940.121744022,5365250.983108062,20487.78048780488
1593331.4723788048,5366708.637659097,20000.0,10.513374628913695,1593037.1423867182,5366282.40017085,19512.219512195123,1593379.9827001528,5367224.346190491,19512.219512195123,1593625.8023708914,5367134.875147345,20487.78048780488,1593282.9620574566,5366192.929127703,20487.78048780488
1593674.3126922394,5367650.583678738,20000.0,9.95441642145033,1593379.9827001528,5367224.346190491,19512.219512195123,1593722.8230135876,5368166.292210131,19512.219512195123,1593968.6426843263,5368076.821166986,20487.78048780488,1593625.8023708914,5367134.875147345,20487.78048780488
1594017.1530056742,5368592.529698378,20000.0,9.299556552682198,1593722.8230135876,5368166.292210131,19512.219512195123,1594065.6633270225,5369108.238229772,19512.219512195123,1594311.4829977613,5369018.767186626,20487.78048780488,1593968.6426843263,5368076.821166986,20487.78048780488
1594359.9933191093,5369534.4757180195,20000.0,9.518176452306053,1594065.6633270225,5369108.238229772,19512.219512195123,1594408.5036404575,5370050.184249413,19512.219512195123,1594654.323311196,5369960.713206267,20487.78048780488,1594311.4829977613,5369018.767186626,20487.78048780488
1594702.8336325441,5370476.421737661,20000.0,11.273014431700242,1594408.5036404575,5370050.184249413,19512.219512195123,1594751.3439538924,5370992.130269053,19512.219512195123,1594997.1636246308,5370902.659225908,20487.78048780488,1594654.323311196,5369960.713206267,20487.78048780488
1595045.673945979,5371418.367757302,20000.0,10.799467814922947,1594751.3439538924,5370992.130269053,19512.219512195123,1595094.184267327,5371934.076288695,19512.219512195123,1595340.0039380656,5371844.605245549,20487.78048780488,1594997.1636246308,5370902.659225908,20487.78048780488
1595388.5142594138,5372360.313776942,20000.0,10.31614014741632,1595094.184267327,5371934.076288695,19512.219512195123,1595437.0245807618,5372876.022308336,19512.219512195123,1595682.8442515004,5372786.551265189,20487.78048780488,1595340.0039380656,5371844.605245549,20487.78048780488
1595731.3545728486,5373302.259796584,20000.0,8.197557634454263,1595437.0245807618,5372876.022308336,19512.219512195123,1595779.8648941966,5373817.968327977,19512.219512195123,1596025.684564935,5373728.4972848315,20487.78048780488,1595682.8442515004,5372786.551265189,20487.78048780488
1596074.1948862833,5374244.205816224,20000.0,7.874533988270855,1595779.8648941966,5373817.968327977,19512.219512195123,1596122.7052076315,5374759.914347617,19512.219512195123,1596368.5248783699,5374670.443304472,20487.78048780488,1596025.684564935,5373728.4972848315,20487.78048780488
1596417.035199718,5375186.151835864,20000.0,7.2101269531370304,1596122.7052076315,5374759.914347617,19512.219512195123,1596465.545521066,5375701.860367259,19512.219512195123,1596711.3651918047,5375612.389324112,20487.78048780488,1596368.5248783699,5374670.443304472,20487.78048780488
1596759.875513153,5376128.0978555055,20000.0,5.953888652383034,1596465.545521066,5375701.860367259,19512.219512195123,1596808.385834501,5376643.806386899,19512.219512195123,1597054.2055052398,5376554.335343753,20487.78048780488,1596711.3651918047,5375612.389324112,20487.78048780488
1597102.715826588,5377070.043875147,20000.0,6.111884095618448,1596808.385834501,5376643.806386899,19512.219512195123,1597151.226147936,5377585.75240654,19512.219512195123,1597397.0458186746,5377496.281363395,20487.78048780488,1597054.2055052398,5376554.335343753,20487.78048780488
1597445.5561400228,5378011.989894788,20000.0,5.792645914702601,1597151.226147936,5377585.75240654,19512.219512195123,1597494.0664613708,5378527.6984261805,19512.219512195123,1597739.8861321094,5378438.227383035,20487.78048780488,1597397.0458186746,5377496.281363395,20487.78048780488
1597788.3964534577,5378953.935914429,20000.0,4.774130864214106,1597494.0664613708,5378527.6984261805,19512.219512195123,1597836.9067748056,5379469.644445823,19512.219512195123,1598082.726445544,5379380.173402676,20487.78048780488,1597739.8861321094,5378438.227383035,20487.78048780488
1598131.2367668923,5379895.88193407,20000.0,4.368148488928157,1597836.9067748056,5379469.644445823,19512.219512195123,1598179.7470882405,5380411.590465463,19512.219512195123,1598425.5667589789,5380322.119422317,20487.78048780488,1598082.726445544,5379380.173402676,20487.78048780488
1598474.0770803269,5380837.827953711,20000.0,5.023814664997627,1598179.7470882405,5380411.590465463,19512.219512195123,1598522.587401675,5381353.536485104,19512.219512195123,1598768.4070724137,5381264.065441959,20487.78048780488,1598425.5667589789,5380322.119422317,20487.78048780488
1598816.9173937617,5381779.773973351,20000.0,5.6952984171840795,1598522.587401675,5381353.536485104,19512.219512195123,1598865.42771511,5382295.482504744,19512.219512195123,1599111.2473858485,5382206.011461599,20487.78048780488,1598768.4070724137,5381264.065441959,20487.78048780488
1547293.8497358444,5239456.453964432,20975.56097560976,1.406989722429062,1546999.519743757,5239030.216476184,20487.78048780488,1547342.360057192,5239972.1624958245,20487.78048780488,1547588.1797279313,5239882.691452679,21463.341463414636,1547245.3394144967,5238940.745433037,21463.341463414636
1547636.690049279,5240398.399984072,20975.56097560976,1.295747509284675,1547342.360057192,5239972.1624958245,20487.78048780488,1547685.2003706268,5240914.108515466,20487.78048780488,1547931.020041366,5240824.637472319,21463.341463414636,1547588.1797279313,5239882.691452679,21463.341463414636
1547979.5303627138,5241340.346003713,20975.56097560976,1.3977798566113468,1547685.2003706268,5240914.108515466,20487.78048780488,1548028.0406840614,5241856.054535107,20487.78048780488,1548273.860354801,5241766.58349196,21463.341463414636,1547931.020041366,5240824.637472319,21463.341463414636
1548322.3706761487,5242282.292023354,20975.56097560976,1.4841389391222504,1548028.0406840614,5241856.054535107,20487.78048780488,1548370.8809974962,5242798.000554748,20487.78048780488,1548616.7006682358,5242708.529511602,21463.341463414636,1548273.860354801,5241766.58349196,21463.341463414636
1548665.2109895835,5243224.238042994,20975.56097560976,1.4169503517988298,1548370.8809974962,5242798.000554748,20487.78048780488,1548713.721310931,5243739.946574388,20487.78048780488,1548959.5409816704,5243650.475531242,21463.341463414636,1548616.7006682358,5242708.529511602,21463.341463414636
1549008.0513030181,5244166.184062635,20975.56097560976,1.6735973079223267,1548713.721310931,5243739.946574388,20487.78048780488,1549056.5616243659,5244681.892594029,20487.78048780488,1549302.3812951052,5244592.421550883,21463.341463414636,1548959.5409816704,5243650.475531242,21463.341463414636
1549350.891616453,5245108.130082276,20975.56097560976,2.3619675081324334,1549056.5616243659,5244681.892594029,20487.78048780488,1549399.4019378007,5245623.83861367,20487.78048780488,1549645.2216085403,5245534.367570523,21463.341463414636,1549302.3812951052,5244592.421550883,21463.341463414636
1549693.7319298878,5246050.076101918,20975.56097560976,2.3264753365254838,1549399.4019378007,5245623.83861367,20487.78048780488,1549742.2422512355,5246565.7846333105,20487.78048780488,1549988.061921975,5246476.313590165,21463.341463414636,1549645.2216085403,5245534.367570523,21463.341463414636
1550036.5722433226,5246992.022121558,20975.56097560976,1.865482898864001,1549742.2422512355,5246565.7846333105,20487.78048780488,1550085.0825646704,5247507.730652952,20487.78048780488,1550330.90223541,5247418.259609805,21463.341463414636,1549988.061921975,5246476.313590165,21463.341463414636
1550379.4125567575,5247933.968141199,20975.56097560976,1.5101060774295245,1550085.0825646704,5247507.730652952,20487.78048780488,1550427.9228781052,5248449.676672593,20487.78048780488,1550673.7425488445,5248360.205629447,21463.341463414636,1550330.90223541,5247418.259609805,21463.341463414636
1550722.2528701923,5248875.91416084,20975.56097560976,1.3686727328746846,1550427.9228781052,5248449.676672593,20487.78048780488,1550770.76319154,5249391.622692234,20487.78048780488,1551016.5828622794,5249302.151649087,21463.341463414636,1550673.7425488445,5248360.205629447,21463.341463414636
1551065.0931836271,5249817.860180481,20975.56097560976,1.5592684442716818,1550770.76319154,5249391.622692234,20487.78048780488,1551113.6035049746,5250333.568711874,20487.78048780488,1551359.4231757142,5250244.097668729,21463.341463414636,1551016.5828622794,5249302.151649087,21463.341463414636
1551407.933497062,5250759.8062001215,20975.56097560976,1.6938112863372754,1551113.6035049746,5250333.568711874,20487.78048780488,1551456.4438184095,5251275.514731515,20487.78048780488,1551702.263489149,5251186.043688369,21463.341463414636,1551359.4231757142,5250244.097668729,21463.341463414636
1551750.7738104966,5251701.752219762,20975.56097560976,2.0006522407918474,1551456.4438184095,5251275.514731515,20487.78048780488,1551799.2841318443,5252217.460751156,20487.78048780488,1552045.1038025836,5252127.98970801,21463.341463414636,1551702.263489149,5251186.043688369,21463.341463414636
1552093.6141239314,5252643.698239404,20975.56097560976,2.2283705536192233,1551799.2841318443,5252217.460751156,20487.78048780488,1552142.1244452794,5253159.406770797,20487.78048780488,1552387.9441160187,5253069.935727651,21463.341463414636,1552045.1038025836,5252127.98970801,21463.341463414636
1552436.4544373665,5253585.644259045,20975.56097560976,1.6498640911213034,1552142.1244452794,5253159.406770797,20487.78048780488,1552484.964758714,5254101.352790438,20487.78048780488,1552730.7844294535,5254011.881747292,21463.341463414636,1552387.9441160187,5253069.935727651,21463.341463414636
1552779.2947508013,5254527.590278685,20975.56097560976,1.3093385324215026,1552484.964758714,5254101.352790438,20487.78048780488,1552827.805072149,5255043.29881008,20487.78048780488,1553073.6247428884,5254953.827766933,21463.341463414636,1552730.7844294535,5254011.881747292,21463.341463414636
1553122.1350642361,5255469.536298326,20975.56097560976,0.9926909104664717,1552827.805072149,5255043.29881008,20487.78048780488,1553170.6453855836,5255985.24482972,20487.78048780488,1553416.4650563232,5255895.773786574,21463.341463414636,1553073.6247428884,5254953.827766933,21463.341463414636
1553464.975377671,5256411.482317967,20975.56097560976,1.0541348211499828,1553170.6453855836,5255985.24482972,20487.78048780488,1553513.4856990185,5256927.190849361,20487.78048780488,1553759.305369758,5256837.719806215,21463.341463414636,1553416.4650563232,5255895.773786574,21463.341463414636
1553807.8156911056,5257353.428337608,20975.56097560976,0.9429892022091599,1553513.4856990185,5256927.190849361,20487.78048780488,1553856.3260124533,5257869.136869001,20487.78048780488,1554102.1456831926,5257779.665825856,21463.341463414636,1553759.305369758,5256837.719806215,21463.341463414636
1554150.6560045404,5258295.374357249,20975.56097560976,0.901850262112543,1553856.3260124533,5257869.136869001,20487.78048780488,1554199.1663258881,5258811.082888643,20487.78048780488,1554444.9859966275,5258721.611845496,21463.341463414636,1554102.1456831926,5257779.665825856,21463.341463414636
1554493.4963179752,5259237.32037689,20975.56097560976,1.0070355313597525,1554199.1663258881,5258811.082888643,20487.78048780488,1554542.0066393227,5259753.028908283,20487.78048780488,1554787.8263100623,5259663.557865137,21463.341463414636,1554444.9859966275,5258721.611845496,21463.341463414636
1554836.3366314103,5260179.266396531,20975.56097560976,1.1771167423368365,1554542.0066393227,5259753.028908283,20487.78048780488,1554884.8469527578,5260694.974927925,20487.78048780488,1555130.6666234974,5260605.503884778,21463.341463414636,1554787.8263100623,5259663.557865137,21463.341463414636
1555179.1769448451,5261121.212416172,20975.56097560976,1.3066942676036344,1554884.8469527578,5260694.974927925,20487.78048780488,1555227.6872661926,5261636.920947565,20487.78048780488,1555473.506936932,5261547.4499044195,21463.341463414636,1555130.6666234974,5260605.503884778,21463.341463414636
1555522.0172582797,5262063.158435812,20975.56097560976,1.265401205950738,1555227.6872661926,5261636.920947565,20487.78048780488,1555570.5275796275,5262578.866967207,20487.78048780488,1555816.3472503668,5262489.39592406,21463.341463414636,1555473.506936932,5261547.4499044195,21463.341463414636
1555864.8575717146,5263005.104455453,20975.56097560976,1.5420210178510327,1555570.5275796275,5262578.866967207,20487.78048780488,1555913.3678930623,5263520.812986847,20487.78048780488,1556159.1875638016,5263431.3419437,21463.341463414636,1555816.3472503668,5262489.39592406,21463.341463414636
1556207.6978851492,5263947.0504750945,20975.56097560976,1.6240488035788068,1555913.3678930623,5263520.812986847,20487.78048780488,1556256.208206497,5264462.759006488,20487.78048780488,1556502.0278772365,5264373.287963342,21463.341463414636,1556159.1875638016,5263431.3419437,21463.341463414636
1556550.538198584,5264888.996494736,20975.56097560976,1.6754207541874888,1556256.208206497,5264462.759006488,20487.78048780488,1556599.0485199317,5265404.705026129,20487.78048780488,1556844.868190671,5265315.233982982,21463.341463414636,1556502.0278772365,5264373.287963342,21463.341463414636
1556893.3785120188,5265830.942514376,20975.56097560976,1.839296670122247,1556599.0485199317,5265404.705026129,20487.78048780488,1556941.8888333666,5266346.651045769,20487.78048780488,1557187.708504106,5266257.180002623,21463.341463414636,1556844.868190671,5265315.233982982,21463.341463414636
1557236.2188254537,5266772.888534017,20975.56097560976,2.7774191216778155,1556941.8888333666,5266346.651045769,20487.78048780488,1557284.7291468014,5267288.597065411,20487.78048780488,1557530.548817541,5267199.126022264,21463.341463414636,1557187.708504106,5266257.180002623,21463.341463414636
1557579.0591388887,5267714.834553657,20975.56097560976,3.510669066878128,1557284.7291468014,5267288.597065411,20487.78048780488,1557627.5694602362,5268230.543085051,20487.78048780488,1557873.3891309758,5268141.0720419055,21463.341463414636,1557530.548817541,5267199.126022264,21463.341463414636
1557921.8994523233,5268656.780573298,20975.56097560976,3.167014409244158,1557627.5694602362,5268230.543085051,20487.78048780488,1557970.409773671,5269172.489104693,20487.78048780488,1558216.2294444107,5269083.018061546,21463.341463414636,1557873.3891309758,5268141.0720419055,21463.341463414636
1558264.7397657582,5269598.726592939,20975.56097560976,3.490176658108885,1557970.409773671,5269172.489104693,20487.78048780488,1558313.250087106,5270114.435124333,20487.78048780488,1558559.0697578453,5270024.964081187,21463.341463414636,1558216.2294444107,5269083.018061546,21463.341463414636
1558607.580079193,5270540.6726125805,20975.56097560976,3.8439718428512593,1558313.250087106,5270114.435124333,20487.78048780488,1558656.0904005407,5271056.381143974,20487.78048780488,1558901.91007128,5270966.910100828,21463.341463414636,1558559.0697578453,5270024.964081187,21463.341463414636
1558950.4203926278,5271482.618632222,20975.56097560976,3.054659469009555,1558656.0904005407,5271056.381143974,20487.78048780488,1558998.9307139753,5271998.327163614,20487.78048780488,1559244.750384715,5271908.856120469,21463.341463414636,1558901.91007128,5270966.910100828,21463.341463414636
1559293.2607060627,5272424.564651862,20975.56097560976,2.799778669245897,1558998.9307139753,5271998.327163614,20487.78048780488,1559341.7710274102,5272940.273183256,20487.78048780488,1559587.5906981498,5272850.802140109,21463.341463414636,1559244.750384715,5271908.856120469,21463.341463414636
1559636.1010194975,5273366.510671504,20975.56097560976,2.5864078089173264,1559341.7710274102,5272940.273183256,20487.78048780488,1559684.611340845,5273882.219202897,20487.78048780488,1559930.4310115844,5273792.74815975,21463.341463414636,1559587.5906981498,5272850.802140109,21463.341463414636
1559978.941332932,5274308.456691144,20975.56097560976,2.339285688667355,1559684.611340845,5273882.219202897,20487.78048780488,1560027.45165428,5274824.165222538,20487.78048780488,1560273.2713250194,5274734.6941793915,21463.341463414636,1559930.4310115844,5273792.74815975,21463.341463414636
1560321.7816463672,5275250.402710784,20975.56097560976,2.3955487469728074,1560027.45165428,5274824.165222538,20487.78048780488,1560370.291967715,5275766.111242178,20487.78048780488,1560616.1116384543,5275676.640199033,21463.341463414636,1560273.2713250194,5274734.6941793915,21463.341463414636
1560664.621959802,5276192.348730425,20975.56097560976,3.326540212473693,1560370.291967715,5275766.111242178,20487.78048780488,1560713.1322811495,5276708.05726182,20487.78048780488,1560958.951951889,5276618.586218673,21463.341463414636,1560616.1116384543,5275676.640199033,21463.341463414636
1561007.4622732368,5277134.294750067,20975.56097560976,3.6679013059249024,1560713.1322811495,5276708.05726182,20487.78048780488,1561055.9725945843,5277650.00328146,20487.78048780488,1561301.7922653237,5277560.532238315,21463.341463414636,1560958.951951889,5276618.586218673,21463.341463414636
1561350.3025866714,5278076.240769708,20975.56097560976,3.320522048506351,1561055.9725945843,5277650.00328146,20487.78048780488,1561398.8129080192,5278591.949301101,20487.78048780488,1561644.6325787585,5278502.478257955,21463.341463414636,1561301.7922653237,5277560.532238315,21463.341463414636
1561693.1429001063,5279018.186789348,20975.56097560976,3.539676515108405,1561398.8129080192,5278591.949301101,20487.78048780488,1561741.653221454,5279533.895320742,20487.78048780488,1561987.4728921934,5279444.424277595,21463.341463414636,1561644.6325787585,5278502.478257955,21463.341463414636
1562035.9832135409,5279960.132808989,20975.56097560976,3.66489402880704,1561741.653221454,5279533.895320742,20487.78048780488,1562084.4935348886,5280475.8413403835,20487.78048780488,1562330.3132056282,5280386.370297236,21463.341463414636,1561987.4728921934,5279444.424277595,21463.341463414636
1562378.8235269757,5280902.078828631,20975.56097560976,3.5621476738968463,1562084.4935348886,5280475.8413403835,20487.78048780488,1562427.3338483234,5281417.787360024,20487.78048780488,1562673.153519063,5281328.3163168775,21463.341463414636,1562330.3132056282,5280386.370297236,21463.341463414636
1562721.6638404108,5281844.024848271,20975.56097560976,2.4293204138711513,1562427.3338483234,5281417.787360024,20487.78048780488,1562770.1741617585,5282359.733379664,20487.78048780488,1563015.9938324979,5282270.262336519,21463.341463414636,1562673.153519063,5281328.3163168775,21463.341463414636
1563064.5041538456,5282785.970867911,20975.56097560976,2.1754718349132602,1562770.1741617585,5282359.733379664,20487.78048780488,1563113.0144751933,5283301.679399306,20487.78048780488,1563358.8341459327,5283212.208356159,21463.341463414636,1563015.9938324979,5282270.262336519,21463.341463414636
1563407.3444672804,5283727.916887553,20975.56097560976,2.6070241228914157,1563113.0144751933,5283301.679399306,20487.78048780488,1563455.8547886282,5284243.625418947,20487.78048780488,1563701.6744593675,5284154.1543758,21463.341463414636,1563358.8341459327,5283212.208356159,21463.341463414636
1563750.1847807153,5284669.8629071945,20975.56097560976,2.435078529302121,1563455.8547886282,5284243.625418947,20487.78048780488,1563798.695102063,5285185.571438587,20487.78048780488,1564044.5147728024,5285096.100395441,21463.341463414636,1563701.6744593675,5284154.1543758,21463.341463414636
1564093.02509415,5285611.808926835,20975.56097560976,2.4262278208083776,1563798.695102063,5285185.571438587,20487.78048780488,1564141.5354154976,5286127.517458228,20487.78048780488,1564387.3550862372,5286038.046415082,21463.341463414636,1564044.5147728024,5285096.100395441,21463.341463414636
1564435.865407585,5286553.754946475,20975.56097560976,2.6880132463180377,1564141.5354154976,5286127.517458228,20487.78048780488,1564484.3757289324,5287069.4634778695,20487.78048780488,1564730.195399672,5286979.992434722,21463.341463414636,1564387.3550862372,5286038.046415082,21463.341463414636
1564778.7057210195,5287495.700966117,20975.56097560976,3.108291091611268,1564484.3757289324,5287069.4634778695,20487.78048780488,1564827.2160423673,5288011.40949751,20487.78048780488,1565073.0357131066,5287921.9384543635,21463.341463414636,1564730.195399672,5286979.992434722,21463.341463414636
1565121.5460344544,5288437.646985757,20975.56097560976,3.3455843796371427,1564827.2160423673,5288011.40949751,20487.78048780488,1565170.056355802,5288953.355517151,20487.78048780488,1565415.8760265417,5288863.884474005,21463.341463414636,1565073.0357131066,5287921.9384543635,21463.341463414636
1565464.3863478894,5289379.593005398,20975.56097560976,3.748645500823542,1565170.056355802,5288953.355517151,20487.78048780488,1565512.896669237,5289895.301536792,20487.78048780488,1565758.7163399765,5289805.830493646,21463.341463414636,1565415.8760265417,5288863.884474005,21463.341463414636
1565807.2266613243,5290321.5390250385,20975.56097560976,3.3490005707796366,1565512.896669237,5289895.301536792,20487.78048780488,1565855.7369826718,5290837.247556433,20487.78048780488,1566101.5566534114,5290747.776513286,21463.341463414636,1565758.7163399765,5289805.830493646,21463.341463414636
1566150.0669747589,5291263.48504468,20975.56097560976,3.648073490976408,1565855.7369826718,5290837.247556433,20487.78048780488,1566198.5772961066,5291779.193576073,20487.78048780488,1566444.396966846,5291689.722532928,21463.341463414636,1566101.5566534114,5290747.776513286,21463.341463414636
1566492.9072881937,5292205.431064321,20975.56097560976,4.127432769329964,1566198.5772961066,5291779.193576073,20487.78048780488,1566541.4176095414,5292721.139595714,20487.78048780488,1566787.2372802808,5292631.668552568,21463.341463414636,1566444.396966846,5291689.722532928,21463.341463414636
1566835.7476016285,5293147.377083962,20975.56097560976,3.533175540185604,1566541.4176095414,5292721.139595714,20487.78048780488,1566884.257922976,5293663.0856153555,20487.78048780488,1567130.0775937156,5293573.614572209,21463.341463414636,1566787.2372802808,5292631.668552568,21463.341463414636
1567178.5879150634,5294089.323103603,20975.56097560976,3.806609027870333,1566884.257922976,5293663.0856153555,20487.78048780488,1567227.0982364109,5294605.031634997,20487.78048780488,1567472.9179071505,5294515.5605918495,21463.341463414636,1567130.0775937156,5293573.614572209,21463.341463414636
1567521.4282284982,5295031.269123244,20975.56097560976,4.334867969898377,1567227.0982364109,5294605.031634997,20487.78048780488,1567569.9385498457,5295546.977654637,20487.78048780488,1567815.758220585,5295457.506611492,21463.341463414636,1567472.9179071505,5294515.5605918495,21463.341463414636
1567864.2685419328,5295973.215142884,20975.56097560976,5.130946220930669,1567569.9385498457,5295546.977654637,20487.78048780488,1567912.7788632808,5296488.923674278,20487.78048780488,1568158.5985340201,5296399.452631132,21463.341463414636,1567815.758220585,5295457.506611492,21463.341463414636
1568207.1088553679,5296915.161162525,20975.56097560976,6.136768934529159,1567912.7788632808,5296488.923674278,20487.78048780488,1568255.6191767156,5297430.869693919,20487.78048780488,1568501.438847455,5297341.398650773,21463.341463414636,1568158.5985340201,5296399.452631132,21463.341463414636
1568549.9491688025,5297857.107182167,20975.56097560976,7.4129910260145175,1568255.6191767156,5297430.869693919,20487.78048780488,1568598.4594901502,5298372.81571356,20487.78048780488,1568844.2791608898,5298283.344670413,21463.341463414636,1568501.438847455,5297341.398650773,21463.341463414636
1568892.7894822373,5298799.053201807,20975.56097560976,9.503525803106154,1568598.4594901502,5298372.81571356,20487.78048780488,1568941.299803585,5299314.7617332,20487.78048780488,1569187.1194743244,5299225.290690055,21463.341463414636,1568844.2791608898,5298283.344670413,21463.341463414636
1569235.6297956721,5299740.999221448,20975.56097560976,8.1539068477539,1568941.299803585,5299314.7617332,20487.78048780488,1569284.1401170199,5300256.7077528415,20487.78048780488,1569529.9597877592,5300167.236709695,21463.341463414636,1569187.1194743244,5299225.290690055,21463.341463414636
1569578.470109107,5300682.945241089,20975.56097560976,7.309139719859909,1569284.1401170199,5300256.7077528415,20487.78048780488,1569626.9804304547,5301198.653772483,20487.78048780488,1569872.800101194,5301109.1827293355,21463.341463414636,1569529.9597877592,5300167.236709695,21463.341463414636
1569921.3104225418,5301624.89126073,20975.56097560976,6.392214214347293,1569626.9804304547,5301198.653772483,20487.78048780488,1569969.8207438893,5302140.599792123,20487.78048780488,1570215.640414629,5302051.128748978,21463.341463414636,1569872.800101194,5301109.1827293355,21463.341463414636
1570264.1507359764,5302566.83728037,20975.56097560976,5.65662337785916,1569969.8207438893,5302140.599792123,20487.78048780488,1570312.6610573241,5303082.545811764,20487.78048780488,1570558.4807280637,5302993.074768618,21463.341463414636,1570215.640414629,5302051.128748978,21463.341463414636
1570606.9910494115,5303508.783300011,20975.56097560976,6.008310995206095,1570312.6610573241,5303082.545811764,20487.78048780488,1570655.5013707592,5304024.491831405,20487.78048780488,1570901.3210414986,5303935.020788259,21463.341463414636,1570558.4807280637,5302993.074768618,21463.341463414636
1570949.8313628463,5304450.729319652,20975.56097560976,8.357127672686401,1570655.5013707592,5304024.491831405,20487.78048780488,1570998.341684194,5304966.437851046,20487.78048780488,1571244.1613549334,5304876.966807899,21463.341463414636,1570901.3210414986,5303935.020788259,21463.341463414636
1571292.6716762811,5305392.675339294,20975.56097560976,9.520407540443426,1570998.341684194,5304966.437851046,20487.78048780488,1571341.1819976286,5305908.383870686,20487.78048780488,1571587.0016683682,5305818.912827541,21463.341463414636,1571244.1613549334,5304876.966807899,21463.341463414636
1571635.511989716,5306334.621358934,20975.56097560976,10.529151339373843,1571341.1819976286,5305908.383870686,20487.78048780488,1571684.0223110635,5306850.3298903275,20487.78048780488,1571929.841981803,5306760.858847181,21463.341463414636,1571587.0016683682,5305818.912827541,21463.341463414636
1571978.3523031508,5307276.567378574,20975.56097560976,13.971058211742646,1571684.0223110635,5306850.3298903275,20487.78048780488,1572026.8626244983,5307792.275909969,20487.78048780488,1572272.6822952377,5307702.804866822,21463.341463414636,1571929.841981803,5306760.858847181,21463.341463414636
1572321.1926165854,5308218.513398216,20975.56097560976,15.716825531549032,1572026.8626244983,5307792.275909969,20487.78048780488,1572369.7029379332,5308734.22192961,20487.78048780488,1572615.5226086725,5308644.750886463,21463.341463414636,1572272.6822952377,5307702.804866822,21463.341463414636
1572664.0329300202,5309160.459417857,20975.56097560976,17.248972444560714,1572369.7029379332,5308734.22192961,20487.78048780488,1572712.543251368,5309676.16794925,20487.78048780488,1572958.3629221073,5309586.696906105,21463.341463414636,1572615.5226086725,5308644.750886463,21463.341463414636
1573006.873243455,5310102.405437497,20975.56097560976,19.081260481397603,1572712.543251368,5309676.16794925,20487.78048780488,1573055.3835648026,5310618.113968891,20487.78048780488,1573301.2032355424,5310528.642925745,21463.341463414636,1572958.3629221073,5309586.696906105,21463.341463414636
1573349.7135568901,5311044.351457139,20975.56097560976,16.1041066269848,1573055.3835648026,5310618.113968891,20487.78048780488,1573398.2238782377,5311560.059988532,20487.78048780488,1573644.0435489772,5311470.588945386,21463.341463414636,1573301.2032355424,5310528.642925745,21463.341463414636
1573692.553870325,5311986.29747678,20975.56097560976,15.646834327824156,1573398.2238782377,5311560.059988532,20487.78048780488,1573741.0641916725,5312502.006008173,20487.78048780488,1573986.8838624118,5312412.534965027,21463.341463414636,1573644.0435489772,5311470.588945386,21463.341463414636
1574035.3941837596,5312928.243496421,20975.56097560976,14.332200613871368,1573741.0641916725,5312502.006008173,20487.78048780488,1574083.9045051073,5313443.9520278135,20487.78048780488,1574329.7241758467,5313354.480984668,21463.341463414636,1573986.8838624118,5312412.534965027,21463.341463414636
1574378.2344971942,5313870.189516061,20975.56097560976,15.847446657187024,1574083.9045051073,5313443.9520278135,20487.78048780488,1574426.744818542,5314385.898047456,20487.78048780488,1574672.5644892815,5314296.427004308,21463.341463414636,1574329.7241758467,5313354.480984668,21463.341463414636
1574721.074810629,5314812.135535701,20975.56097560976,17.23717627334433,1574426.744818542,5314385.898047456,20487.78048780488,1574769.5851319768,5315327.844067096,20487.78048780488,1575015.4048027163,5315238.373023949,21463.341463414636,1574672.5644892815,5314296.427004308,21463.341463414636
1575063.9151240638,5315754.081555343,20975.56097560976,16.808874070687075,1574769.5851319768,5315327.844067096,20487.78048780488,1575112.4254454116,5316269.790086737,20487.78048780488,1575358.2451161512,5316180.319043591,21463.341463414636,1575015.4048027163,5315238.373023949,21463.341463414636
1575406.7554374987,5316696.027574984,20975.56097560976,18.948346897173238,1575112.4254454116,5316269.790086737,20487.78048780488,1575455.2657588464,5317211.736106377,20487.78048780488,1575701.0854295858,5317122.265063232,21463.341463414636,1575358.2451161512,5316180.319043591,21463.341463414636
1575749.5957509335,5317637.973594625,20975.56097560976,17.489240164030946,1575455.2657588464,5317211.736106377,20487.78048780488,1575798.1060722815,5318153.682126019,20487.78048780488,1576043.9257430208,5318064.211082872,21463.341463414636,1575701.0854295858,5317122.265063232,21463.341463414636
1576092.4360643686,5318579.919614267,20975.56097560976,15.824544745502559,1575798.1060722815,5318153.682126019,20487.78048780488,1576140.9463857163,5319095.628145659,20487.78048780488,1576386.7660564557,5319006.157102513,21463.341463414636,1576043.9257430208,5318064.211082872,21463.341463414636
1576435.2763778034,5319521.865633907,20975.56097560976,15.505000914738046,1576140.9463857163,5319095.628145659,20487.78048780488,1576483.786699151,5320037.5741653005,20487.78048780488,1576729.6063698905,5319948.103122154,21463.341463414636,1576386.7660564557,5319006.157102513,21463.341463414636
1576778.1166912382,5320463.811653548,20975.56097560976,14.82656052799999,1576483.786699151,5320037.5741653005,20487.78048780488,1576826.6270125858,5320979.520184941,20487.78048780488,1577072.4466833253,5320890.049141795,21463.341463414636,1576729.6063698905,5319948.103122154,21463.341463414636
1577120.9570046728,5321405.757673188,20975.56097560976,13.252679898035217,1576826.6270125858,5320979.520184941,20487.78048780488,1577169.4673260206,5321921.466204583,20487.78048780488,1577415.28699676,5321831.995161436,21463.341463414636,1577072.4466833253,5320890.049141795,21463.341463414636
1577463.7973181077,5322347.703692829,20975.56097560976,12.638785130020336,1577169.4673260206,5321921.466204583,20487.78048780488,1577512.3076394554,5322863.412224223,20487.78048780488,1577758.1273101948,5322773.941181077,21463.341463414636,1577415.28699676,5321831.995161436,21463.341463414636
1577806.6376315425,5323289.64971247,20975.56097560976,10.420145986813454,1577512.3076394554,5322863.412224223,20487.78048780488,1577855.14795289,5323805.358243864,20487.78048780488,1578100.9676236296,5323715.887200718,21463.341463414636,1577758.1273101948,5322773.941181077,21463.341463414636
1578149.4779449773,5324231.5957321115,20975.56097560976,11.06926355309302,1577855.14795289,5323805.358243864,20487.78048780488,1578197.9882663249,5324747.304263505,20487.78048780488,1578443.8079370644,5324657.833220358,21463.341463414636,1578100.9676236296,5323715.887200718,21463.341463414636
1578492.3182584122,5325173.541751752,20975.56097560976,10.106710178586997,1578197.9882663249,5324747.304263505,20487.78048780488,1578540.82857976,5325689.250283145,20487.78048780488,1578786.6482504993,5325599.779239999,21463.341463414636,1578443.8079370644,5324657.833220358,21463.341463414636
1578835.158571847,5326115.487771393,20975.56097560976,8.49199113045984,1578540.82857976,5325689.250283145,20487.78048780488,1578883.6688931948,5326631.1963027865,20487.78048780488,1579129.488563934,5326541.72525964,21463.341463414636,1578786.6482504993,5325599.779239999,21463.341463414636
1579177.9988852818,5327057.433791034,20975.56097560976,8.435771816372915,1578883.6688931948,5326631.1963027865,20487.78048780488,1579226.5092066296,5327573.142322427,20487.78048780488,1579472.328877369,5327483.671279281,21463.341463414636,1579129.488563934,5326541.72525964,21463.341463414636
1579520.8391987167,5327999.379810674,20975.56097560976,9.726159747449675,1579226.5092066296,5327573.142322427,20487.78048780488,1579569.3495200642,5328515.088342069,20487.78048780488,1579815.1691908038,5328425.617298922,21463.341463414636,1579472.328877369,5327483.671279281,21463.341463414636
1579863.6795121515,5328941.325830315,20975.56097560976,9.821507689109291,1579569.3495200642,5328515.088342069,20487.78048780488,1579912.189833499,5329457.034361709,20487.78048780488,1580158.0095042384,5329367.563318563,21463.341463414636,1579815.1691908038,5328425.617298922,21463.341463414636
1580206.5198255861,5329883.271849956,20975.56097560976,10.193420678120404,1579912.189833499,5329457.034361709,20487.78048780488,1580255.0301469339,5330398.98038135,20487.78048780488,1580500.8498176732,5330309.509338204,21463.341463414636,1580158.0095042384,5329367.563318563,21463.341463414636
1580549.360139021,5330825.217869597,20975.56097560976,10.143264425993273,1580255.0301469339,5330398.98038135,20487.78048780488,1580597.8704603687,5331340.92640099,20487.78048780488,1580843.690131108,5331251.455357845,21463.341463414636,1580500.8498176732,5330309.509338204,21463.341463414636
1580892.2004524556,5331767.163889238,20975.56097560976,11.571474296809967,1580597.8704603687,5331340.92640099,20487.78048780488,1580940.7107738033,5332282.872420632,20487.78048780488,1581186.530444543,5332193.401377485,21463.341463414636,1580843.690131108,5331251.455357845,21463.341463414636
1581235.0407658906,5332709.10990888,20975.56097560976,13.709644799308409,1580940.7107738033,5332282.872420632,20487.78048780488,1581283.5510872384,5333224.8184402725,20487.78048780488,1581529.370757978,5333135.347397126,21463.341463414636,1581186.530444543,5332193.401377485,21463.341463414636
1581577.8810793255,5333651.05592852,20975.56097560976,17.514633868375814,1581283.5510872384,5333224.8184402725,20487.78048780488,1581626.3914006732,5334166.764459914,20487.78048780488,1581872.2110714125,5334077.293416767,21463.341463414636,1581529.370757978,5333135.347397126,21463.341463414636
1581920.7213927603,5334593.001948161,20975.56097560976,15.494803653397048,1581626.3914006732,5334166.764459914,20487.78048780488,1581969.231714108,5335108.710479554,20487.78048780488,1582215.0513848474,5335019.2394364085,21463.341463414636,1581872.2110714125,5334077.293416767,21463.341463414636
1582263.5617061951,5335534.947967801,20975.56097560976,12.729517979434016,1581969.231714108,5335108.710479554,20487.78048780488,1582312.0720275426,5336050.656499196,20487.78048780488,1582557.8916982822,5335961.185456049,21463.341463414636,1582215.0513848474,5335019.2394364085,21463.341463414636
1582606.4020196297,5336476.893987443,20975.56097560976,12.498597176990595,1582312.0720275426,5336050.656499196,20487.78048780488,1582654.9123409775,5336992.602518836,20487.78048780488,1582900.732011717,5336903.13147569,21463.341463414636,1582557.8916982822,5335961.185456049,21463.341463414636
1582949.2423330646,5337418.8400070835,20975.56097560976,10.59503141239913,1582654.9123409775,5336992.602518836,20487.78048780488,1582997.7526544123,5337934.548538477,20487.78048780488,1583243.5723251516,5337845.077495331,21463.341463414636,1582900.732011717,5336903.13147569,21463.341463414636
1583292.0826464994,5338360.786026724,20975.56097560976,8.374522192687278,1582997.7526544123,5337934.548538477,20487.78048780488,1583340.5929678471,5338876.494558118,20487.78048780488,1583586.4126385865,5338787.023514971,21463.341463414636,1583243.5723251516,5337845.077495331,21463.341463414636
1583634.9229599342,5339302.732046364,20975.56097560976,7.948168114521533,1583340.5929678471,5338876.494558118,20487.78048780488,1583683.433281282,5339818.4405777585,20487.78048780488,1583929.2529520215,5339728.969534612,21463.341463414636,1583586.4126385865,5338787.023514971,21463.341463414636
1583977.7632733693,5340244.678066006,20975.56097560976,7.442144274790118,1583683.433281282,5339818.4405777585,20487.78048780488,1584026.2735947168,5340760.3865974,20487.78048780488,1584272.0932654564,5340670.915554253,21463.341463414636,1583929.2529520215,5339728.969534612,21463.341463414636
1584320.6035868041,5341186.624085647,20975.56097560976,8.120013688395776,1584026.2735947168,5340760.3865974,20487.78048780488,1584369.1139081516,5341702.33261704,20487.78048780488,1584614.933578891,5341612.8615738945,21463.341463414636,1584272.0932654564,5340670.915554253,21463.341463414636
1584663.4439002387,5342128.570105287,20975.56097560976,8.268680969941844,1584369.1139081516,5341702.33261704,20487.78048780488,1584711.9542215865,5342644.278636682,20487.78048780488,1584957.7738923258,5342554.807593535,21463.341463414636,1584614.933578891,5341612.8615738945,21463.341463414636
1585006.2842136736,5343070.516124929,20975.56097560976,8.972274400106722,1584711.9542215865,5342644.278636682,20487.78048780488,1585054.7945350213,5343586.224656323,20487.78048780488,1585300.6142057606,5343496.753613176,21463.341463414636,1584957.7738923258,5342554.807593535,21463.341463414636
1585349.1245271084,5344012.46214457,20975.56097560976,9.10018540025895,1585054.7945350213,5343586.224656323,20487.78048780488,1585397.6348484561,5344528.170675963,20487.78048780488,1585643.4545191955,5344438.699632817,21463.341463414636,1585300.6142057606,5343496.753613176,21463.341463414636
1585691.9648405432,5344954.408164211,20975.56097560976,10.25716530625364,1585397.6348484561,5344528.170675963,20487.78048780488,1585740.4751618907,5345470.116695604,20487.78048780488,1585986.2948326303,5345380.645652458,21463.341463414636,1585643.4545191955,5344438.699632817,21463.341463414636
1586034.805153978,5345896.354183851,20975.56097560976,11.129411607422616,1585740.4751618907,5345470.116695604,20487.78048780488,1586083.3154753256,5346412.062715245,20487.78048780488,1586329.1351460651,5346322.591672098,21463.341463414636,1585986.2948326303,5345380.645652458,21463.341463414636
1586377.645467413,5346838.300203492,20975.56097560976,12.991132876884178,1586083.3154753256,5346412.062715245,20487.78048780488,1586426.1557887606,5347354.008734886,20487.78048780488,1586671.9754595,5347264.53769174,21463.341463414636,1586329.1351460651,5346322.591672098,21463.341463414636
1586720.4857808477,5347780.246223133,20975.56097560976,14.037783293382924,1586426.1557887606,5347354.008734886,20487.78048780488,1586768.9961021955,5348295.954754527,20487.78048780488,1587014.8157729348,5348206.4837113805,21463.341463414636,1586671.9754595,5347264.53769174,21463.341463414636
1587063.3260942826,5348722.192242774,20975.56097560976,14.602622412529422,1586768.9961021955,5348295.954754527,20487.78048780488,1587111.8364156303,5349237.900774168,20487.78048780488,1587357.6560863697,5349148.429731022,21463.341463414636,1587014.8157729348,5348206.4837113805,21463.341463414636
1587406.1664077172,5349664.138262414,20975.56097560976,11.641199467773731,1587111.8364156303,5349237.900774168,20487.78048780488,1587454.676729065,5350179.846793809,20487.78048780488,1587700.4963998045,5350090.375750662,21463.341463414636,1587357.6560863697,5349148.429731022,21463.341463414636
1587749.006721152,5350606.084282056,20975.56097560976,10.187074205830502,1587454.676729065,5350179.846793809,20487.78048780488,1587797.5170424997,5351121.792813449,20487.78048780488,1588043.336713239,5351032.321770304,21463.341463414636,1587700.4963998045,5350090.375750662,21463.341463414636
1588091.8470345868,5351548.030301697,20975.56097560976,9.772053113942137,1587797.5170424997,5351121.792813449,20487.78048780488,1588140.3573559346,5352063.73883309,20487.78048780488,1588386.177026674,5351974.267789944,21463.341463414636,1588043.336713239,5351032.321770304,21463.341463414636
1588434.6873480217,5352489.976321338,20975.56097560976,10.273524686333282,1588140.3573559346,5352063.73883309,20487.78048780488,1588483.1976693694,5353005.684852731,20487.78048780488,1588729.0173401088,5352916.213809585,21463.341463414636,1588386.177026674,5351974.267789944,21463.341463414636
1588777.5276614565,5353431.922340979,20975.56097560976,9.075406093168978,1588483.1976693694,5353005.684852731,20487.78048780488,1588826.037982804,5353947.630872373,20487.78048780488,1589071.8576535438,5353858.159829225,21463.341463414636,1588729.0173401088,5352916.213809585,21463.341463414636
1589120.3679748916,5354373.868360619,20975.56097560976,9.107566885522136,1588826.037982804,5353947.630872373,20487.78048780488,1589168.878296239,5354889.576892013,20487.78048780488,1589414.6979669787,5354800.105848867,21463.341463414636,1589071.8576535438,5353858.159829225,21463.341463414636
1589463.2082883262,5355315.81438026,20975.56097560976,11.014531799547791,1589168.878296239,5354889.576892013,20487.78048780488,1589511.718609674,5355831.522911654,20487.78048780488,1589757.5382804133,5355742.051868508,21463.341463414636,1589414.6979669787,5354800.105848867,21463.341463414636
1589806.048601761,5356257.760399901,20975.56097560976,10.203879957541986,1589511.718609674,5355831.522911654,20487.78048780488,1589854.5589231087,5356773.468931295,20487.78048780488,1590100.378593848,5356683.997888149,21463.341463414636,1589757.5382804133,5355742.051868508,21463.341463414636
1590148.8889151958,5357199.706419542,20975.56097560976,12.128766015235769,1589854.5589231087,5356773.468931295,20487.78048780488,1590197.3992365433,5357715.414950936,20487.78048780488,1590443.218907283,5357625.943907789,21463.341463414636,1590100.378593848,5356683.997888149,21463.341463414636
1590491.7292286307,5358141.652439183,20975.56097560976,12.459370283225574,1590197.3992365433,5357715.414950936,20487.78048780488,1590540.2395499782,5358657.360970576,20487.78048780488,1590786.0592207178,5358567.88992743,21463.341463414636,1590443.218907283,5357625.943907789,21463.341463414636
1590834.5695420653,5359083.598458824,20975.56097560976,12.78687342700491,1590540.2395499782,5358657.360970576,20487.78048780488,1590883.079863413,5359599.306990217,20487.78048780488,1591128.8995341524,5359509.835947071,21463.341463414636,1590786.0592207178,5358567.88992743,21463.341463414636
1591177.4098555,5360025.544478465,20975.56097560976,13.205980560228351,1590883.079863413,5359599.306990217,20487.78048780488,1591225.9201768478,5360541.253009859,20487.78048780488,1591471.7398475872,5360451.781966711,21463.341463414636,1591128.8995341524,5359509.835947071,21463.341463414636
1591520.250168935,5360967.490498106,20975.56097560976,16.42942286553851,1591225.9201768478,5360541.253009859,20487.78048780488,1591568.7604902827,5361483.199029499,20487.78048780488,1591814.5801610223,5361393.727986353,21463.341463414636,1591471.7398475872,5360451.781966711,21463.341463414636
1591863.09048237,5361909.436517746,20975.56097560976,18.14413923534527,1591568.7604902827,5361483.199029499,20487.78048780488,1591911.6008037175,5362425.14504914,20487.78048780488,1592157.420474457,5362335.674005994,21463.341463414636,1591814.5801610223,5361393.727986353,21463.341463414636
1592205.9307958048,5362851.382537386,20975.56097560976,18.488826111841497,1591911.6008037175,5362425.14504914,20487.78048780488,1592254.4411171523,5363367.091068781,20487.78048780488,1592500.2607878917,5363277.620025635,21463.341463414636,1592157.420474457,5362335.674005994,21463.341463414636
1592548.7711092394,5363793.3285570275,20975.56097560976,18.97435376101975,1592254.4411171523,5363367.091068781,20487.78048780488,1592597.2814305872,5364309.037088422,20487.78048780488,1592843.1011013265,5364219.566045275,21463.341463414636,1592500.2607878917,5363277.620025635,21463.341463414636
1592891.6114226743,5364735.27457667,20975.56097560976,17.895184403760965,1592597.2814305872,5364309.037088422,20487.78048780488,1592940.121744022,5365250.983108062,20487.78048780488,1593185.9414147614,5365161.512064917,21463.341463414636,1592843.1011013265,5364219.566045275,21463.341463414636
1593234.4517361089,5365677.22059631,20975.56097560976,16.566317413040423,1592940.121744022,5365250.983108062,20487.78048780488,1593282.9620574566,5366192.929127703,20487.78048780488,1593528.7817281962,5366103.458084557,21463.341463414636,1593185.9414147614,5365161.512064917,21463.341463414636
1593577.2920495437,5366619.166615951,20975.56097560976,17.14944131939781,1593282.9620574566,5366192.929127703,20487.78048780488,1593625.8023708914,5367134.875147345,20487.78048780488,1593871.622041631,5367045.404104198,21463.341463414636,1593528.7817281962,5366103.458084557,21463.341463414636
1593920.1323629785,5367561.112635592,20975.56097560976,16.530593411877675,1593625.8023708914,5367134.875147345,20487.78048780488,1593968.6426843263,5368076.821166986,20487.78048780488,1594214.4623550656,5367987.3501238385,21463.341463414636,1593871.622041631,5367045.404104198,21463.341463414636
1594262.9726764136,5368503.058655233,20975.56097560976,17.85884428615141,1593968.6426843263,5368076.821166986,20487.78048780488,1594311.4829977613,5369018.767186626,20487.78048780488,1594557.3026685007,5368929.296143481,21463.341463414636,1594214.4623550656,5367987.3501238385,21463.341463414636
1594605.8129898484,5369445.004674873,20975.56097560976,17.262101716810317,1594311.4829977613,5369018.767186626,20487.78048780488,1594654.323311196,5369960.713206267,20487.78048780488,1594900.1429819355,5369871.242163121,21463.341463414636,1594557.3026685007,5368929.296143481,21463.341463414636
1594948.653303283,5370386.9506945135,20975.56097560976,14.096415338464757,1594654.323311196,5369960.713206267,20487.78048780488,1594997.1636246308,5370902.659225908,20487.78048780488,1595242.9832953704,5370813.188182762,21463.341463414636,1594900.1429819355,5369871.242163121,21463.341463414636
1595291.4936167179,5371328.896714156,20975.56097560976,12.533773271303703,1594997.1636246308,5370902.659225908,20487.78048780488,1595340.0039380656,5371844.605245549,20487.78048780488,1595585.823608805,5371755.134202403,21463.341463414636,1595242.9832953704,5370813.188182762,21463.341463414636
1595634.3339301527,5372270.842733797,20975.56097560976,11.75989830930577,1595340.0039380656,5371844.605245549,20487.78048780488,1595682.8442515004,5372786.551265189,20487.78048780488,1595928.6639222398,5372697.080222044,21463.341463414636,1595585.823608805,5371755.134202403,21463.341463414636
1595977.1742435875,5373212.788753437,20975.56097560976,10.99620798518465,1595682.8442515004,5372786.551265189,20487.78048780488,1596025.684564935,5373728.4972848315,20487.78048780488,1596271.5042356746,5373639.026241684,21463.341463414636,1595928.6639222398,5372697.080222044,21463.341463414636
1596320.0145570224,5374154.734773077,20975.56097560976,9.49513862472642,1596025.684564935,5373728.4972848315,20487.78048780488,1596368.5248783699,5374670.443304472,20487.78048780488,1596614.3445491095,5374580.9722613245,21463.341463414636,1596271.5042356746,5373639.026241684,21463.341463414636
1596662.8548704572,5375096.680792719,20975.56097560976,8.915891362271658,1596368.5248783699,5374670.443304472,20487.78048780488,1596711.3651918047,5375612.389324112,20487.78048780488,1596957.1848625443,5375522.918280967,21463.341463414636,1596614.3445491095,5374580.9722613245,21463.341463414636
1597005.695183892,5376038.626812359,20975.56097560976,6.752944260234028,1596711.3651918047,5375612.389324112,20487.78048780488,1597054.2055052398,5376554.335343753,20487.78048780488,1597300.0251759791,5376464.864300607,21463.341463414636,1596957.1848625443,5375522.918280967,21463.341463414636
1597348.5354973269,5376980.572832,20975.56097560976,5.817149769380521,1597054.2055052398,5376554.335343753,20487.78048780488,1597397.0458186746,5377496.281363395,20487.78048780488,1597642.865489414,5377406.810320248,21463.341463414636,1597300.0251759791,5376464.864300607,21463.341463414636
1597691.3758107617,5377922.518851642,20975.56097560976,5.659072839639391,1597397.0458186746,5377496.281363395,20487.78048780488,1597739.8861321094,5378438.227383035,20487.78048780488,1597985.7058028488,5378348.756339889,21463.341463414636,1597642.865489414,5377406.810320248,21463.341463414636
1598034.2161241965,5378864.464871283,20975.56097560976,4.9878714137032185,1597739.8861321094,5378438.227383035,20487.78048780488,1598082.726445544,5379380.173402676,20487.78048780488,1598328.5461162836,5379290.70235953,21463.341463414636,1597985.7058028488,5378348.756339889,21463.341463414636
1598377.0564376314,5379806.410890924,20975.56097560976,4.903093638123967,1598082.726445544,5379380.173402676,20487.78048780488,1598425.5667589789,5380322.119422317,20487.78048780488,1598671.3864297185,5380232.648379171,21463.341463414636,1598328.5461162836,5379290.70235953,21463.341463414636
1598719.8967510662,5380748.356910564,20975.56097560976,5.577140251936623,1598425.5667589789,5380322.119422317,20487.78048780488,1598768.4070724137,5381264.065441959,20487.78048780488,1599014.226743153,5381174.594398811,21463.341463414636,1598671.3864297185,5380232.648379171,21463.341463414636
1599062.7370645008,5381690.302930205,20975.56097560976,5.61421754389087,1598768.4070724137,5381264.065441959,20487.78048780488,1599111.2473858485,5382206.011461599,20487.78048780488,1599357.067056588,5382116.540418453,21463.341463414636,1599014.226743153,5381174.594398811,21463.341463414636
1547539.6694065838,5239366.982921285,21951.121951219513,0.9842316124286563,1547245.3394144967,5238940.745433037,21463.341463414636,1547588.1797279313,5239882.691452679,21463.341463414636,1547833.9993986709,5239793.220409532,22438.902439024394,1547491.159085236,5238851.274389891,22438.902439024394
1547882.5097200186,5240308.928940926,21951.121951219513,0.7969103061316385,1547588.1797279313,5239882.691452679,21463.341463414636,1547931.020041366,5240824.637472319,21463.341463414636,1548176.8397121057,5240735.166429173,22438.902439024394,1547833.9993986709,5239793.220409532,22438.902439024394
1548225.3500334534,5241250.874960567,21951.121951219513,0.8963961431651527,1547931.020041366,5240824.637472319,21463.341463414636,1548273.860354801,5241766.58349196,21463.341463414636,1548519.6800255403,5241677.112448814,22438.902439024394,1548176.8397121057,5240735.166429173,22438.902439024394
1548568.190346888,5242192.820980207,21951.121951219513,1.1463978284925114,1548273.860354801,5241766.58349196,21463.341463414636,1548616.7006682358,5242708.529511602,21463.341463414636,1548862.5203389751,5242619.0584684545,22438.902439024394,1548519.6800255403,5241677.112448814,22438.902439024394
1548911.0306603229,5243134.766999848,21951.121951219513,1.2652700863214528,1548616.7006682358,5242708.529511602,21463.341463414636,1548959.5409816704,5243650.475531242,21463.341463414636,1549205.36065241,5243561.004488096,22438.902439024394,1548862.5203389751,5242619.0584684545,22438.902439024394
1549253.8709737577,5244076.713019489,21951.121951219513,1.308571576876494,1548959.5409816704,5243650.475531242,21463.341463414636,1549302.3812951052,5244592.421550883,21463.341463414636,1549548.2009658448,5244502.950507737,22438.902439024394,1549205.36065241,5243561.004488096,22438.902439024394
1549596.7112871925,5245018.6590391295,21951.121951219513,1.3852913306367896,1549302.3812951052,5244592.421550883,21463.341463414636,1549645.2216085403,5245534.367570523,21463.341463414636,1549891.0412792796,5245444.896527378,22438.902439024394,1549548.2009658448,5244502.950507737,22438.902439024394
1549939.5516006274,5245960.605058771,21951.121951219513,1.7108876899760839,1549645.2216085403,5245534.367570523,21463.341463414636,1549988.061921975,5246476.313590165,21463.341463414636,1550233.8815927145,5246386.842547018,22438.902439024394,1549891.0412792796,5245444.896527378,22438.902439024394
1550282.3919140622,5246902.551078413,21951.121951219513,1.6466865295831596,1549988.061921975,5246476.313590165,21463.341463414636,1550330.90223541,5247418.259609805,21463.341463414636,1550576.7219061493,5247328.788566659,22438.902439024394,1550233.8815927145,5246386.842547018,22438.902439024394
1550625.2322274968,5247844.497098053,21951.121951219513,1.2935080063586046,1550330.90223541,5247418.259609805,21463.341463414636,1550673.7425488445,5248360.205629447,21463.341463414636,1550919.5622195841,5248270.7345863,22438.902439024394,1550576.7219061493,5247328.788566659,22438.902439024394
1550968.0725409316,5248786.443117694,21951.121951219513,1.3741096748131567,1550673.7425488445,5248360.205629447,21463.341463414636,1551016.5828622794,5249302.151649087,21463.341463414636,1551262.4025330187,5249212.680605941,22438.902439024394,1550919.5622195841,5248270.7345863,22438.902439024394
1551310.9128543665,5249728.389137334,21951.121951219513,1.5283326235509878,1551016.5828622794,5249302.151649087,21463.341463414636,1551359.4231757142,5250244.097668729,21463.341463414636,1551605.2428464536,5250154.626625582,22438.902439024394,1551262.4025330187,5249212.680605941,22438.902439024394
1551653.7531678013,5250670.335156976,21951.121951219513,1.4763397677516208,1551359.4231757142,5250244.097668729,21463.341463414636,1551702.263489149,5251186.043688369,21463.341463414636,1551948.0831598884,5251096.572645223,22438.902439024394,1551605.2428464536,5250154.626625582,22438.902439024394
1551996.5934812361,5251612.281176616,21951.121951219513,1.7388068101115666,1551702.263489149,5251186.043688369,21463.341463414636,1552045.1038025836,5252127.98970801,21463.341463414636,1552290.9234733232,5252038.518664864,22438.902439024394,1551948.0831598884,5251096.572645223,22438.902439024394
1552339.4337946712,5252554.227196257,21951.121951219513,1.5911517769495487,1552045.1038025836,5252127.98970801,21463.341463414636,1552387.9441160187,5253069.935727651,21463.341463414636,1552633.7637867583,5252980.464684505,22438.902439024394,1552290.9234733232,5252038.518664864,22438.902439024394
1552682.2741081058,5253496.173215898,21951.121951219513,1.5046651498446983,1552387.9441160187,5253069.935727651,21463.341463414636,1552730.7844294535,5254011.881747292,21463.341463414636,1552976.604100193,5253922.410704145,22438.902439024394,1552633.7637867583,5252980.464684505,22438.902439024394
1553025.1144215406,5254438.11923554,21951.121951219513,1.3636063171024082,1552730.7844294535,5254011.881747292,21463.341463414636,1553073.6247428884,5254953.827766933,21463.341463414636,1553319.4444136277,5254864.356723787,22438.902439024394,1552976.604100193,5253922.410704145,22438.902439024394
1553367.9547349755,5255380.06525518,21951.121951219513,1.2579336963623202,1553073.6247428884,5254953.827766933,21463.341463414636,1553416.4650563232,5255895.773786574,21463.341463414636,1553662.2847270626,5255806.302743427,22438.902439024394,1553319.4444136277,5254864.356723787,22438.902439024394
1553710.7950484103,5256322.011274821,21951.121951219513,1.1997933263645206,1553416.4650563232,5255895.773786574,21463.341463414636,1553759.305369758,5256837.719806215,21463.341463414636,1554005.1250404974,5256748.248763069,22438.902439024394,1553662.2847270626,5255806.302743427,22438.902439024394
1554053.6353618451,5257263.957294461,21951.121951219513,1.2418334444800767,1553759.305369758,5256837.719806215,21463.341463414636,1554102.1456831926,5257779.665825856,21463.341463414636,1554347.9653539322,5257690.194782709,22438.902439024394,1554005.1250404974,5256748.248763069,22438.902439024394
1554396.47567528,5258205.903314103,21951.121951219513,1.5304423381506285,1554102.1456831926,5257779.665825856,21463.341463414636,1554444.9859966275,5258721.611845496,21463.341463414636,1554690.805667367,5258632.140802351,22438.902439024394,1554347.9653539322,5257690.194782709,22438.902439024394
1554739.3159887146,5259147.849333744,21951.121951219513,1.800414794240047,1554444.9859966275,5258721.611845496,21463.341463414636,1554787.8263100623,5259663.557865137,21463.341463414636,1555033.645980802,5259574.086821991,22438.902439024394,1554690.805667367,5258632.140802351,22438.902439024394
1555082.1563021496,5260089.795353384,21951.121951219513,1.9405132452503135,1554787.8263100623,5259663.557865137,21463.341463414636,1555130.6666234974,5260605.503884778,21463.341463414636,1555376.4862942367,5260516.032841631,22438.902439024394,1555033.645980802,5259574.086821991,22438.902439024394
1555424.9966155845,5261031.741373026,21951.121951219513,1.9339794114121251,1555130.6666234974,5260605.503884778,21463.341463414636,1555473.506936932,5261547.4499044195,21463.341463414636,1555719.3266076716,5261457.978861272,22438.902439024394,1555376.4862942367,5260516.032841631,22438.902439024394
1555767.8369290193,5261973.687392667,21951.121951219513,1.6670963311090892,1555473.506936932,5261547.4499044195,21463.341463414636,1555816.3472503668,5262489.39592406,21463.341463414636,1556062.1669211064,5262399.924880913,22438.902439024394,1555719.3266076716,5261457.978861272,22438.902439024394
1556110.6772424541,5262915.633412307,21951.121951219513,1.6795710578784682,1555816.3472503668,5262489.39592406,21463.341463414636,1556159.1875638016,5263431.3419437,21463.341463414636,1556405.007234541,5263341.870900555,22438.902439024394,1556062.1669211064,5262399.924880913,22438.902439024394
1556453.5175558887,5263857.579431947,21951.121951219513,2.089460279263966,1556159.1875638016,5263431.3419437,21463.341463414636,1556502.0278772365,5264373.287963342,21463.341463414636,1556747.8475479758,5264283.816920195,22438.902439024394,1556405.007234541,5263341.870900555,22438.902439024394
1556796.3578693233,5264799.525451589,21951.121951219513,1.8824031707429727,1556502.0278772365,5264373.287963342,21463.341463414636,1556844.868190671,5265315.233982982,21463.341463414636,1557090.6878614107,5265225.762939837,22438.902439024394,1556747.8475479758,5264283.816920195,22438.902439024394
1557139.1981827582,5265741.47147123,21951.121951219513,1.7606376126226435,1556844.868190671,5265315.233982982,21463.341463414636,1557187.708504106,5266257.180002623,21463.341463414636,1557433.5281748455,5266167.708959477,22438.902439024394,1557090.6878614107,5265225.762939837,22438.902439024394
1557482.038496193,5266683.417490871,21951.121951219513,1.8996644317840188,1557187.708504106,5266257.180002623,21463.341463414636,1557530.548817541,5267199.126022264,21463.341463414636,1557776.3684882803,5267109.654979118,22438.902439024394,1557433.5281748455,5266167.708959477,22438.902439024394
1557824.878809628,5267625.363510511,21951.121951219513,1.6166523507058856,1557530.548817541,5267199.126022264,21463.341463414636,1557873.3891309758,5268141.0720419055,21463.341463414636,1558119.2088017152,5268051.600998758,22438.902439024394,1557776.3684882803,5267109.654979118,22438.902439024394
1558167.719123063,5268567.309530152,21951.121951219513,1.6203017413390297,1557873.3891309758,5268141.0720419055,21463.341463414636,1558216.2294444107,5269083.018061546,21463.341463414636,1558462.04911515,5268993.5470184,22438.902439024394,1558119.2088017152,5268051.600998758,22438.902439024394
1558510.5594364977,5269509.255549793,21951.121951219513,1.7604081781882712,1558216.2294444107,5269083.018061546,21463.341463414636,1558559.0697578453,5270024.964081187,21463.341463414636,1558804.8894285848,5269935.493038041,22438.902439024394,1558462.04911515,5268993.5470184,22438.902439024394
1558853.3997499323,5270451.201569434,21951.121951219513,1.9469498775498564,1558559.0697578453,5270024.964081187,21463.341463414636,1558901.91007128,5270966.910100828,21463.341463414636,1559147.7297420197,5270877.439057682,22438.902439024394,1558804.8894285848,5269935.493038041,22438.902439024394
1559196.2400633672,5271393.147589075,21951.121951219513,1.7684802146722098,1558901.91007128,5270966.910100828,21463.341463414636,1559244.750384715,5271908.856120469,21463.341463414636,1559490.5700554543,5271819.385077322,22438.902439024394,1559147.7297420197,5270877.439057682,22438.902439024394
1559539.080376802,5272335.0936087165,21951.121951219513,1.7006229734621758,1559244.750384715,5271908.856120469,21463.341463414636,1559587.5906981498,5272850.802140109,21463.341463414636,1559833.410368889,5272761.331096964,22438.902439024394,1559490.5700554543,5271819.385077322,22438.902439024394
1559881.9206902368,5273277.039628357,21951.121951219513,1.7044171031528785,1559587.5906981498,5272850.802140109,21463.341463414636,1559930.4310115844,5273792.74815975,21463.341463414636,1560176.250682324,5273703.277116604,22438.902439024394,1559833.410368889,5272761.331096964,22438.902439024394
1560224.761003672,5274218.985647998,21951.121951219513,1.6703647935684256,1559930.4310115844,5273792.74815975,21463.341463414636,1560273.2713250194,5274734.6941793915,21463.341463414636,1560519.090995759,5274645.223136245,22438.902439024394,1560176.250682324,5273703.277116604,22438.902439024394
1560567.6013171067,5275160.931667639,21951.121951219513,1.603155659772682,1560273.2713250194,5274734.6941793915,21463.341463414636,1560616.1116384543,5275676.640199033,21463.341463414636,1560861.9313091936,5275587.169155886,22438.902439024394,1560519.090995759,5274645.223136245,22438.902439024394
1560910.4416305413,5276102.877687279,21951.121951219513,1.8582059544149143,1560616.1116384543,5275676.640199033,21463.341463414636,1560958.951951889,5276618.586218673,21463.341463414636,1561204.7716226284,5276529.115175527,22438.902439024394,1560861.9313091936,5275587.169155886,22438.902439024394
1561253.2819439762,5277044.82370692,21951.121951219513,2.187900546103347,1560958.951951889,5276618.586218673,21463.341463414636,1561301.7922653237,5277560.532238315,21463.341463414636,1561547.6119360633,5277471.061195168,22438.902439024394,1561204.7716226284,5276529.115175527,22438.902439024394
1561596.122257411,5277986.769726561,21951.121951219513,2.536986957088987,1561301.7922653237,5277560.532238315,21463.341463414636,1561644.6325787585,5278502.478257955,21463.341463414636,1561890.452249498,5278413.007214808,22438.902439024394,1561547.6119360633,5277471.061195168,22438.902439024394
1561938.9625708458,5278928.7157462025,21951.121951219513,2.6626470016683297,1561644.6325787585,5278502.478257955,21463.341463414636,1561987.4728921934,5279444.424277595,21463.341463414636,1562233.2925629327,5279354.95323445,22438.902439024394,1561890.452249498,5278413.007214808,22438.902439024394
1562281.8028842804,5279870.661765843,21951.121951219513,2.802380182717628,1561987.4728921934,5279444.424277595,21463.341463414636,1562330.3132056282,5280386.370297236,21463.341463414636,1562576.1328763675,5280296.89925409,22438.902439024394,1562233.2925629327,5279354.95323445,22438.902439024394
1562624.6431977153,5280812.607785484,21951.121951219513,2.266401313645436,1562330.3132056282,5280386.370297236,21463.341463414636,1562673.153519063,5281328.3163168775,21463.341463414636,1562918.9731898026,5281238.845273731,22438.902439024394,1562576.1328763675,5280296.89925409,22438.902439024394
1562967.48351115,5281754.553805125,21951.121951219513,1.7708429583733372,1562673.153519063,5281328.3163168775,21463.341463414636,1563015.9938324979,5282270.262336519,21463.341463414636,1563261.8135032374,5282180.7912933715,22438.902439024394,1562918.9731898026,5281238.845273731,22438.902439024394
1563310.323824585,5282696.499824766,21951.121951219513,1.5702072444054378,1563015.9938324979,5282270.262336519,21463.341463414636,1563358.8341459327,5283212.208356159,21463.341463414636,1563604.6538166723,5283122.7373130135,22438.902439024394,1563261.8135032374,5282180.7912933715,22438.902439024394
1563653.1641380198,5283638.445844406,21951.121951219513,2.023158133375341,1563358.8341459327,5283212.208356159,21463.341463414636,1563701.6744593675,5284154.1543758,21463.341463414636,1563947.494130107,5284064.683332654,22438.902439024394,1563604.6538166723,5283122.7373130135,22438.902439024394
1563996.0044514546,5284580.391864046,21951.121951219513,2.276383513983759,1563701.6744593675,5284154.1543758,21463.341463414636,1564044.5147728024,5285096.100395441,21463.341463414636,1564290.3344435417,5285006.629352295,22438.902439024394,1563947.494130107,5284064.683332654,22438.902439024394
1564338.8447648895,5285522.3378836885,21951.121951219513,1.792800345005779,1564044.5147728024,5285096.100395441,21463.341463414636,1564387.3550862372,5286038.046415082,21463.341463414636,1564633.1747569765,5285948.575371935,22438.902439024394,1564290.3344435417,5285006.629352295,22438.902439024394
1564681.6850783243,5286464.28390333,21951.121951219513,1.5452427141249463,1564387.3550862372,5286038.046415082,21463.341463414636,1564730.195399672,5286979.992434722,21463.341463414636,1564976.0150704114,5286890.521391577,22438.902439024394,1564633.1747569765,5285948.575371935,22438.902439024394
1565024.5253917591,5287406.22992297,21951.121951219513,1.442677649997346,1564730.195399672,5286979.992434722,21463.341463414636,1565073.0357131066,5287921.9384543635,21463.341463414636,1565318.8553838462,5287832.467411217,22438.902439024394,1564976.0150704114,5286890.521391577,22438.902439024394
1565367.3657051937,5288348.175942611,21951.121951219513,1.7475269812306127,1565073.0357131066,5287921.9384543635,21463.341463414636,1565415.8760265417,5288863.884474005,21463.341463414636,1565661.695697281,5288774.413430858,22438.902439024394,1565318.8553838462,5287832.467411217,22438.902439024394
1565710.2060186288,5289290.121962252,21951.121951219513,1.490248529178025,1565415.8760265417,5288863.884474005,21463.341463414636,1565758.7163399765,5289805.830493646,21463.341463414636,1566004.5360107159,5289716.3594504995,22438.902439024394,1565661.695697281,5288774.413430858,22438.902439024394
1566053.0463320636,5290232.067981893,21951.121951219513,1.248439164604884,1565758.7163399765,5289805.830493646,21463.341463414636,1566101.5566534114,5290747.776513286,21463.341463414636,1566347.3763241507,5290658.305470141,22438.902439024394,1566004.5360107159,5289716.3594504995,22438.902439024394
1566395.8866454985,5291174.014001533,21951.121951219513,1.507423851859913,1566101.5566534114,5290747.776513286,21463.341463414636,1566444.396966846,5291689.722532928,21463.341463414636,1566690.2166375855,5291600.251489781,22438.902439024394,1566347.3763241507,5290658.305470141,22438.902439024394
1566738.7269589333,5292115.960021174,21951.121951219513,1.5920621154945782,1566444.396966846,5291689.722532928,21463.341463414636,1566787.2372802808,5292631.668552568,21463.341463414636,1567033.0569510204,5292542.197509422,22438.902439024394,1566690.2166375855,5291600.251489781,22438.902439024394
1567081.567272368,5293057.906040816,21951.121951219513,1.9112837150871247,1566787.2372802808,5292631.668552568,21463.341463414636,1567130.0775937156,5293573.614572209,21463.341463414636,1567375.897264455,5293484.143529063,22438.902439024394,1567033.0569510204,5292542.197509422,22438.902439024394
1567424.4075858027,5293999.852060457,21951.121951219513,2.7319791571195298,1567130.0775937156,5293573.614572209,21463.341463414636,1567472.9179071505,5294515.5605918495,21463.341463414636,1567718.7375778898,5294426.089548704,22438.902439024394,1567375.897264455,5293484.143529063,22438.902439024394
1567767.2478992376,5294941.798080097,21951.121951219513,2.686324022516444,1567472.9179071505,5294515.5605918495,21463.341463414636,1567815.758220585,5295457.506611492,21463.341463414636,1568061.5778913246,5295368.035568344,22438.902439024394,1567718.7375778898,5294426.089548704,22438.902439024394
1568110.0882126726,5295883.744099739,21951.121951219513,2.889332488745451,1567815.758220585,5295457.506611492,21463.341463414636,1568158.5985340201,5296399.452631132,21463.341463414636,1568404.4182047597,5296309.9815879855,22438.902439024394,1568061.5778913246,5295368.035568344,22438.902439024394
1568452.9285261075,5296825.690119379,21951.121951219513,3.3879543690018226,1568158.5985340201,5296399.452631132,21463.341463414636,1568501.438847455,5297341.398650773,21463.341463414636,1568747.2585181943,5297251.927607627,22438.902439024394,1568404.4182047597,5296309.9815879855,22438.902439024394
1568795.768839542,5297767.63613902,21951.121951219513,4.02417094921617,1568501.438847455,5297341.398650773,21463.341463414636,1568844.2791608898,5298283.344670413,21463.341463414636,1569090.0988316291,5298193.873627267,22438.902439024394,1568747.2585181943,5297251.927607627,22438.902439024394
1569138.6091529767,5298709.5821586605,21951.121951219513,4.895952695900991,1568844.2791608898,5298283.344670413,21463.341463414636,1569187.1194743244,5299225.290690055,21463.341463414636,1569432.939145064,5299135.819646908,22438.902439024394,1569090.0988316291,5298193.873627267,22438.902439024394
1569481.4494664115,5299651.528178302,21951.121951219513,4.429423973691992,1569187.1194743244,5299225.290690055,21463.341463414636,1569529.9597877592,5300167.236709695,21463.341463414636,1569775.7794584988,5300077.765666549,22438.902439024394,1569432.939145064,5299135.819646908,22438.902439024394
1569824.2897798463,5300593.474197942,21951.121951219513,4.601215967014451,1569529.9597877592,5300167.236709695,21463.341463414636,1569872.800101194,5301109.1827293355,21463.341463414636,1570118.6197719334,5301019.71168619,22438.902439024394,1569775.7794584988,5300077.765666549,22438.902439024394
1570167.1300932812,5301535.420217583,21951.121951219513,4.372692615838432,1569872.800101194,5301109.1827293355,21463.341463414636,1570215.640414629,5302051.128748978,21463.341463414636,1570461.4600853682,5301961.65770583,22438.902439024394,1570118.6197719334,5301019.71168619,22438.902439024394
1570509.970406716,5302477.366237224,21951.121951219513,4.591618895257147,1570215.640414629,5302051.128748978,21463.341463414636,1570558.4807280637,5302993.074768618,21463.341463414636,1570804.3003988033,5302903.6037254715,22438.902439024394,1570461.4600853682,5301961.65770583,22438.902439024394
1570852.810720151,5303419.312256865,21951.121951219513,5.321882345060383,1570558.4807280637,5302993.074768618,21463.341463414636,1570901.3210414986,5303935.020788259,21463.341463414636,1571147.1407122381,5303845.549745113,22438.902439024394,1570804.3003988033,5302903.6037254715,22438.902439024394
1571195.6510335857,5304361.258276506,21951.121951219513,6.106197806385471,1570901.3210414986,5303935.020788259,21463.341463414636,1571244.1613549334,5304876.966807899,21463.341463414636,1571489.981025673,5304787.495764754,22438.902439024394,1571147.1407122381,5303845.549745113,22438.902439024394
1571538.4913470205,5305303.2042961465,21951.121951219513,6.871003195813087,1571244.1613549334,5304876.966807899,21463.341463414636,1571587.0016683682,5305818.912827541,21463.341463414636,1571832.8213391076,5305729.441784394,22438.902439024394,1571489.981025673,5304787.495764754,22438.902439024394
1571881.3316604553,5306245.150315789,21951.121951219513,7.234705424668004,1571587.0016683682,5305818.912827541,21463.341463414636,1571929.841981803,5306760.858847181,21463.341463414636,1572175.6616525424,5306671.387804035,22438.902439024394,1571832.8213391076,5305729.441784394,22438.902439024394
1572224.1719738902,5307187.096335429,21951.121951219513,8.143735715907711,1571929.841981803,5306760.858847181,21463.341463414636,1572272.6822952377,5307702.804866822,21463.341463414636,1572518.5019659773,5307613.333823676,22438.902439024394,1572175.6616525424,5306671.387804035,22438.902439024394
1572567.012287325,5308129.042355069,21951.121951219513,9.084613448704038,1572272.6822952377,5307702.804866822,21463.341463414636,1572615.5226086725,5308644.750886463,21463.341463414636,1572861.342279412,5308555.279843317,22438.902439024394,1572518.5019659773,5307613.333823676,22438.902439024394
1572909.8526007598,5309070.98837471,21951.121951219513,11.703547872194816,1572615.5226086725,5308644.750886463,21463.341463414636,1572958.3629221073,5309586.696906105,21463.341463414636,1573204.1825928467,5309497.225862958,22438.902439024394,1572861.342279412,5308555.279843317,22438.902439024394
1573252.6929141944,5310012.934394352,21951.121951219513,11.084718425151056,1572958.3629221073,5309586.696906105,21463.341463414636,1573301.2032355424,5310528.642925745,21463.341463414636,1573547.0229062818,5310439.171882599,22438.902439024394,1573204.1825928467,5309497.225862958,22438.902439024394
1573595.5332276295,5310954.880413992,21951.121951219513,8.165707696250346,1573301.2032355424,5310528.642925745,21463.341463414636,1573644.0435489772,5311470.588945386,21463.341463414636,1573889.8632197166,5311381.11790224,22438.902439024394,1573547.0229062818,5310439.171882599,22438.902439024394
1573938.3735410643,5311896.8264336325,21951.121951219513,6.838000002205038,1573644.0435489772,5311470.588945386,21463.341463414636,1573986.8838624118,5312412.534965027,21463.341463414636,1574232.7035331514,5312323.06392188,22438.902439024394,1573889.8632197166,5311381.11790224,22438.902439024394
1574281.2138544992,5312838.772453274,21951.121951219513,7.623210735802023,1573986.8838624118,5312412.534965027,21463.341463414636,1574329.7241758467,5313354.480984668,21463.341463414636,1574575.543846586,5313265.009941521,22438.902439024394,1574232.7035331514,5312323.06392188,22438.902439024394
1574624.0541679338,5313780.718472916,21951.121951219513,8.04109161662526,1574329.7241758467,5313354.480984668,21463.341463414636,1574672.5644892815,5314296.427004308,21463.341463414636,1574918.3841600209,5314206.955961162,22438.902439024394,1574575.543846586,5313265.009941521,22438.902439024394
1574966.8944813686,5314722.664492556,21951.121951219513,7.617683251197252,1574672.5644892815,5314296.427004308,21463.341463414636,1575015.4048027163,5315238.373023949,21463.341463414636,1575261.2244734557,5315148.901980803,22438.902439024394,1574918.3841600209,5314206.955961162,22438.902439024394
1575309.7347948034,5315664.610512196,21951.121951219513,7.5240251848844615,1575015.4048027163,5315238.373023949,21463.341463414636,1575358.2451161512,5316180.319043591,21463.341463414636,1575604.0647868905,5316090.8480004445,22438.902439024394,1575261.2244734557,5315148.901980803,22438.902439024394
1575652.575108238,5316606.556531837,21951.121951219513,7.233978704524816,1575358.2451161512,5316180.319043591,21463.341463414636,1575701.0854295858,5317122.265063232,21463.341463414636,1575946.9051003254,5317032.794020085,22438.902439024394,1575604.0647868905,5316090.8480004445,22438.902439024394
1575995.415421673,5317548.502551479,21951.121951219513,7.843138625736525,1575701.0854295858,5317122.265063232,21463.341463414636,1576043.9257430208,5318064.211082872,21463.341463414636,1576289.7454137604,5317974.740039727,22438.902439024394,1575946.9051003254,5317032.794020085,22438.902439024394
1576338.255735108,5318490.448571119,21951.121951219513,7.185457863449172,1576043.9257430208,5318064.211082872,21463.341463414636,1576386.7660564557,5319006.157102513,21463.341463414636,1576632.585727195,5318916.686059367,22438.902439024394,1576289.7454137604,5317974.740039727,22438.902439024394
1576681.0960485428,5319432.39459076,21951.121951219513,6.765710667588796,1576386.7660564557,5319006.157102513,21463.341463414636,1576729.6063698905,5319948.103122154,21463.341463414636,1576975.4260406299,5319858.632079007,22438.902439024394,1576632.585727195,5318916.686059367,22438.902439024394
1577023.9363619776,5320374.340610402,21951.121951219513,5.756909278119768,1576729.6063698905,5319948.103122154,21463.341463414636,1577072.4466833253,5320890.049141795,21463.341463414636,1577318.2663540647,5320800.578098648,22438.902439024394,1576975.4260406299,5319858.632079007,22438.902439024394
1577366.7766754124,5321316.286630043,21951.121951219513,5.174749038848021,1577072.4466833253,5320890.049141795,21463.341463414636,1577415.28699676,5321831.995161436,21463.341463414636,1577661.1066674995,5321742.524118289,22438.902439024394,1577318.2663540647,5320800.578098648,22438.902439024394
1577709.6169888473,5322258.232649683,21951.121951219513,4.546623060767197,1577415.28699676,5321831.995161436,21463.341463414636,1577758.1273101948,5322773.941181077,21463.341463414636,1578003.9469809344,5322684.4701379305,22438.902439024394,1577661.1066674995,5321742.524118289,22438.902439024394
1578052.4573022819,5323200.178669323,21951.121951219513,4.539215622741948,1577758.1273101948,5322773.941181077,21463.341463414636,1578100.9676236296,5323715.887200718,21463.341463414636,1578346.787294369,5323626.416157571,22438.902439024394,1578003.9469809344,5322684.4701379305,22438.902439024394
1578395.2976157167,5324142.124688964,21951.121951219513,5.038300781539654,1578100.9676236296,5323715.887200718,21463.341463414636,1578443.8079370644,5324657.833220358,21463.341463414636,1578689.627607804,5324568.362177213,22438.902439024394,1578346.787294369,5323626.416157571,22438.902439024394
1578738.1379291518,5325084.070708605,21951.121951219513,5.601291987669815,1578443.8079370644,5324657.833220358,21463.341463414636,1578786.6482504993,5325599.779239999,21463.341463414636,1579032.4679212389,5325510.308196853,22438.902439024394,1578689.627607804,5324568.362177213,22438.902439024394
1579080.9782425866,5326026.016728247,21951.121951219513,6.12469820104732,1578786.6482504993,5325599.779239999,21463.341463414636,1579129.488563934,5326541.72525964,21463.341463414636,1579375.3082346737,5326452.254216494,22438.902439024394,1579032.4679212389,5325510.308196853,22438.902439024394
1579423.8185560212,5326967.962747887,21951.121951219513,6.936979010070874,1579129.488563934,5326541.72525964,21463.341463414636,1579472.328877369,5327483.671279281,21463.341463414636,1579718.1485481083,5327394.200236134,22438.902439024394,1579375.3082346737,5326452.254216494,22438.902439024394
1579766.658869456,5327909.908767529,21951.121951219513,8.652382325570828,1579472.328877369,5327483.671279281,21463.341463414636,1579815.1691908038,5328425.617298922,21463.341463414636,1580060.9888615431,5328336.146255776,22438.902439024394,1579718.1485481083,5327394.200236134,22438.902439024394
1580109.4991828909,5328851.854787169,21951.121951219513,10.258063815182648,1579815.1691908038,5328425.617298922,21463.341463414636,1580158.0095042384,5329367.563318563,21463.341463414636,1580403.829174978,5329278.0922754165,22438.902439024394,1580060.9888615431,5328336.146255776,22438.902439024394
1580452.3394963257,5329793.80080681,21951.121951219513,11.86646583565624,1580158.0095042384,5329367.563318563,21463.341463414636,1580500.8498176732,5330309.509338204,21463.341463414636,1580746.6694884128,5330220.038295058,22438.902439024394,1580403.829174978,5329278.0922754165,22438.902439024394
1580795.1798097605,5330735.746826451,21951.121951219513,12.663482247823415,1580500.8498176732,5330309.509338204,21463.341463414636,1580843.690131108,5331251.455357845,21463.341463414636,1581089.5098018474,5331161.984314698,22438.902439024394,1580746.6694884128,5330220.038295058,22438.902439024394
1581138.0201231951,5331677.692846091,21951.121951219513,10.745696404651493,1580843.690131108,5331251.455357845,21463.341463414636,1581186.530444543,5332193.401377485,21463.341463414636,1581432.3501152825,5332103.93033434,22438.902439024394,1581089.5098018474,5331161.984314698,22438.902439024394
1581480.8604366302,5332619.638865733,21951.121951219513,11.62094536680813,1581186.530444543,5332193.401377485,21463.341463414636,1581529.370757978,5333135.347397126,21463.341463414636,1581775.1904287173,5333045.87635398,22438.902439024394,1581432.3501152825,5332103.93033434,22438.902439024394
1581823.7007500648,5333561.584885374,21951.121951219513,10.990514386349702,1581529.370757978,5333135.347397126,21463.341463414636,1581872.2110714125,5334077.293416767,21463.341463414636,1582118.0307421521,5333987.82237362,22438.902439024394,1581775.1904287173,5333045.87635398,22438.902439024394
1582166.5410634996,5334503.530905015,21951.121951219513,9.402844318215767,1581872.2110714125,5334077.293416767,21463.341463414636,1582215.0513848474,5335019.2394364085,21463.341463414636,1582460.8710555867,5334929.768393262,22438.902439024394,1582118.0307421521,5333987.82237362,22438.902439024394
1582509.3813769345,5335445.476924655,21951.121951219513,9.012653274457215,1582215.0513848474,5335019.2394364085,21463.341463414636,1582557.8916982822,5335961.185456049,21463.341463414636,1582803.7113690216,5335871.7144129025,22438.902439024394,1582460.8710555867,5334929.768393262,22438.902439024394
1582852.2216903693,5336387.422944296,21951.121951219513,7.5582863645394465,1582557.8916982822,5335961.185456049,21463.341463414636,1582900.732011717,5336903.13147569,21463.341463414636,1583146.5516824564,5336813.660432544,22438.902439024394,1582803.7113690216,5335871.7144129025,22438.902439024394
1583195.0620038041,5337329.368963936,21951.121951219513,6.553441846380588,1582900.732011717,5336903.13147569,21463.341463414636,1583243.5723251516,5337845.077495331,21463.341463414636,1583489.3919958912,5337755.606452184,22438.902439024394,1583146.5516824564,5336813.660432544,22438.902439024394
1583537.9023172387,5338271.314983578,21951.121951219513,5.448488796252845,1583243.5723251516,5337845.077495331,21463.341463414636,1583586.4126385865,5338787.023514971,21463.341463414636,1583832.232309326,5338697.552471826,22438.902439024394,1583489.3919958912,5337755.606452184,22438.902439024394
1583880.7426306738,5339213.261003219,21951.121951219513,5.42913380229012,1583586.4126385865,5338787.023514971,21463.341463414636,1583929.2529520215,5339728.969534612,21463.341463414636,1584175.072622761,5339639.498491466,22438.902439024394,1583832.232309326,5338697.552471826,22438.902439024394
1584223.5829441086,5340155.207022859,21951.121951219513,6.018147091277633,1583929.2529520215,5339728.969534612,21463.341463414636,1584272.0932654564,5340670.915554253,21463.341463414636,1584517.9129361957,5340581.444511107,22438.902439024394,1584175.072622761,5339639.498491466,22438.902439024394
1584566.4232575435,5341097.153042501,21951.121951219513,6.016764856652277,1584272.0932654564,5340670.915554253,21463.341463414636,1584614.933578891,5341612.8615738945,21463.341463414636,1584860.7532496306,5341523.390530747,22438.902439024394,1584517.9129361957,5340581.444511107,22438.902439024394
1584909.2635709783,5342039.099062142,21951.121951219513,6.898637495507553,1584614.933578891,5341612.8615738945,21463.341463414636,1584957.7738923258,5342554.807593535,21463.341463414636,1585203.5935630654,5342465.336550389,22438.902439024394,1584860.7532496306,5341523.390530747,22438.902439024394
1585252.1038844131,5342981.045081782,21951.121951219513,8.123505320516802,1584957.7738923258,5342554.807593535,21463.341463414636,1585300.6142057606,5343496.753613176,21463.341463414636,1585546.4338765002,5343407.28257003,22438.902439024394,1585203.5935630654,5342465.336550389,22438.902439024394
1585594.944197848,5343922.991101423,21951.121951219513,8.853271171736454,1585300.6142057606,5343496.753613176,21463.341463414636,1585643.4545191955,5344438.699632817,21463.341463414636,1585889.274189935,5344349.228589671,22438.902439024394,1585546.4338765002,5343407.28257003,22438.902439024394
1585937.7845112828,5344864.937121064,21951.121951219513,10.47668171399197,1585643.4545191955,5344438.699632817,21463.341463414636,1585986.2948326303,5345380.645652458,21463.341463414636,1586232.1145033697,5345291.174609311,22438.902439024394,1585889.274189935,5344349.228589671,22438.902439024394
1586280.6248247174,5345806.8831407055,21951.121951219513,13.404411323495353,1585986.2948326303,5345380.645652458,21463.341463414636,1586329.1351460651,5346322.591672098,21463.341463414636,1586574.9548168047,5346233.120628953,22438.902439024394,1586232.1145033697,5345291.174609311,22438.902439024394
1586623.4651381525,5346748.829160346,21951.121951219513,15.495072882759569,1586329.1351460651,5346322.591672098,21463.341463414636,1586671.9754595,5347264.53769174,21463.341463414636,1586917.7951302396,5347175.066648593,22438.902439024394,1586574.9548168047,5346233.120628953,22438.902439024394
1586966.3054515873,5347690.775179986,21951.121951219513,18.737875189076895,1586671.9754595,5347264.53769174,21463.341463414636,1587014.8157729348,5348206.4837113805,21463.341463414636,1587260.6354436744,5348117.012668234,22438.902439024394,1586917.7951302396,5347175.066648593,22438.902439024394
1587309.1457650221,5348632.721199628,21951.121951219513,20.957499872347114,1587014.8157729348,5348206.4837113805,21463.341463414636,1587357.6560863697,5349148.429731022,21463.341463414636,1587603.475757109,5349058.958687875,22438.902439024394,1587260.6354436744,5348117.012668234,22438.902439024394
1587651.9860784567,5349574.667219269,21951.121951219513,19.3737612657921,1587357.6560863697,5349148.429731022,21463.341463414636,1587700.4963998045,5350090.375750662,21463.341463414636,1587946.3160705438,5350000.904707517,22438.902439024394,1587603.475757109,5349058.958687875,22438.902439024394
1587994.8263918913,5350516.613238909,21951.121951219513,14.598489138166533,1587700.4963998045,5350090.375750662,21463.341463414636,1588043.336713239,5351032.321770304,21463.341463414636,1588289.1563839787,5350942.850727157,22438.902439024394,1587946.3160705438,5350000.904707517,22438.902439024394
1588337.6667053262,5351458.55925855,21951.121951219513,13.744822170176274,1588043.336713239,5351032.321770304,21463.341463414636,1588386.177026674,5351974.267789944,21463.341463414636,1588631.9966974135,5351884.796746798,22438.902439024394,1588289.1563839787,5350942.850727157,22438.902439024394
1588680.507018761,5352400.5052781915,21951.121951219513,13.40896950264872,1588386.177026674,5351974.267789944,21463.341463414636,1588729.0173401088,5352916.213809585,21463.341463414636,1588974.837010848,5352826.742766439,22438.902439024394,1588631.9966974135,5351884.796746798,22438.902439024394
1589023.3473321958,5353342.451297833,21951.121951219513,12.48870322217042,1588729.0173401088,5352916.213809585,21463.341463414636,1589071.8576535438,5353858.159829225,21463.341463414636,1589317.6773242832,5353768.68878608,22438.902439024394,1588974.837010848,5352826.742766439,22438.902439024394
1589366.187645631,5354284.397317473,21951.121951219513,14.1850716201569,1589071.8576535438,5353858.159829225,21463.341463414636,1589414.6979669787,5354800.105848867,21463.341463414636,1589660.517637718,5354710.63480572,22438.902439024394,1589317.6773242832,5353768.68878608,22438.902439024394
1589709.0279590657,5355226.343337114,21951.121951219513,15.509517419652543,1589414.6979669787,5354800.105848867,21463.341463414636,1589757.5382804133,5355742.051868508,21463.341463414636,1590003.3579511528,5355652.5808253605,22438.902439024394,1589660.517637718,5354710.63480572,22438.902439024394
1590051.8682725006,5356168.289356755,21951.121951219513,14.462683415333203,1589757.5382804133,5355742.051868508,21463.341463414636,1590100.378593848,5356683.997888149,21463.341463414636,1590346.1982645877,5356594.526845003,22438.902439024394,1590003.3579511528,5355652.5808253605,22438.902439024394
1590394.7085859352,5357110.235376396,21951.121951219513,11.3382003626662,1590100.378593848,5356683.997888149,21463.341463414636,1590443.218907283,5357625.943907789,21463.341463414636,1590689.0385780223,5357536.472864643,22438.902439024394,1590346.1982645877,5356594.526845003,22438.902439024394
1590737.54889937,5358052.181396036,21951.121951219513,10.491914130692242,1590443.218907283,5357625.943907789,21463.341463414636,1590786.0592207178,5358567.88992743,21463.341463414636,1591031.878891457,5358478.418884284,22438.902439024394,1590689.0385780223,5357536.472864643,22438.902439024394
1591080.3892128048,5358994.1274156775,21951.121951219513,12.45010362329474,1590786.0592207178,5358567.88992743,21463.341463414636,1591128.8995341524,5359509.835947071,21463.341463414636,1591374.719204892,5359420.364903925,22438.902439024394,1591031.878891457,5358478.418884284,22438.902439024394
1591423.2295262397,5359936.073435319,21951.121951219513,14.77912343858639,1591128.8995341524,5359509.835947071,21463.341463414636,1591471.7398475872,5360451.781966711,21463.341463414636,1591717.5595183268,5360362.310923566,22438.902439024394,1591374.719204892,5359420.364903925,22438.902439024394
1591766.0698396745,5360878.019454959,21951.121951219513,16.04829364525193,1591471.7398475872,5360451.781966711,21463.341463414636,1591814.5801610223,5361393.727986353,21463.341463414636,1592060.3998317616,5361304.256943206,22438.902439024394,1591717.5595183268,5360362.310923566,22438.902439024394
1592108.9101531093,5361819.9654746,21951.121951219513,18.047689658923183,1591814.5801610223,5361393.727986353,21463.341463414636,1592157.420474457,5362335.674005994,21463.341463414636,1592403.2401451964,5362246.202962847,22438.902439024394,1592060.3998317616,5361304.256943206,22438.902439024394
1592451.7504665442,5362761.911494241,21951.121951219513,14.750296548520666,1592157.420474457,5362335.674005994,21463.341463414636,1592500.2607878917,5363277.620025635,21463.341463414636,1592746.0804586313,5363188.148982489,22438.902439024394,1592403.2401451964,5362246.202962847,22438.902439024394
1592794.590779979,5363703.857513881,21951.121951219513,14.932217786367412,1592500.2607878917,5363277.620025635,21463.341463414636,1592843.1011013265,5364219.566045275,21463.341463414636,1593088.920772066,5364130.09500213,22438.902439024394,1592746.0804586313,5363188.148982489,22438.902439024394
1593137.4310934138,5364645.803533522,21951.121951219513,17.35119721614049,1592843.1011013265,5364219.566045275,21463.341463414636,1593185.9414147614,5365161.512064917,21463.341463414636,1593431.7610855007,5365072.04102177,22438.902439024394,1593088.920772066,5364130.09500213,22438.902439024394
1593480.2714068484,5365587.7495531645,21951.121951219513,18.260119828105978,1593185.9414147614,5365161.512064917,21463.341463414636,1593528.7817281962,5366103.458084557,21463.341463414636,1593774.6013989355,5366013.987041411,22438.902439024394,1593431.7610855007,5365072.04102177,22438.902439024394
1593823.1117202833,5366529.695572805,21951.121951219513,16.75477903682774,1593528.7817281962,5366103.458084557,21463.341463414636,1593871.622041631,5367045.404104198,21463.341463414636,1594117.4417123704,5366955.933061052,22438.902439024394,1593774.6013989355,5366013.987041411,22438.902439024394
1594165.952033718,5367471.641592446,21951.121951219513,16.733796302373726,1593871.622041631,5367045.404104198,21463.341463414636,1594214.4623550656,5367987.3501238385,21463.341463414636,1594460.2820258054,5367897.879080693,22438.902439024394,1594117.4417123704,5366955.933061052,22438.902439024394
1594508.792347153,5368413.587612086,21951.121951219513,15.692640445548976,1594214.4623550656,5367987.3501238385,21463.341463414636,1594557.3026685007,5368929.296143481,21463.341463414636,1594803.12233924,5368839.825100333,22438.902439024394,1594460.2820258054,5367897.879080693,22438.902439024394
1594851.6326605878,5369355.533631728,21951.121951219513,13.835526503636956,1594557.3026685007,5368929.296143481,21463.341463414636,1594900.1429819355,5369871.242163121,21463.341463414636,1595145.9626526749,5369781.771119975,22438.902439024394,1594803.12233924,5368839.825100333,22438.902439024394
1595194.4729740226,5370297.479651368,21951.121951219513,13.707633744563022,1594900.1429819355,5369871.242163121,21463.341463414636,1595242.9832953704,5370813.188182762,21463.341463414636,1595488.8029661097,5370723.717139616,22438.902439024394,1595145.9626526749,5369781.771119975,22438.902439024394
1595537.3132874575,5371239.425671008,21951.121951219513,11.205511168743396,1595242.9832953704,5370813.188182762,21463.341463414636,1595585.823608805,5371755.134202403,21463.341463414636,1595831.6432795445,5371665.663159256,22438.902439024394,1595488.8029661097,5370723.717139616,22438.902439024394
1595880.153600892,5372181.37169065,21951.121951219513,10.755315064847695,1595585.823608805,5371755.134202403,21463.341463414636,1595928.6639222398,5372697.080222044,21463.341463414636,1596174.4835929794,5372607.609178897,22438.902439024394,1595831.6432795445,5371665.663159256,22438.902439024394
1596222.993914327,5373123.317710292,21951.121951219513,13.248632956116904,1595928.6639222398,5372697.080222044,21463.341463414636,1596271.5042356746,5373639.026241684,21463.341463414636,1596517.323906414,5373549.555198538,22438.902439024394,1596174.4835929794,5372607.609178897,22438.902439024394
1596565.8342277617,5374065.263729932,21951.121951219513,12.841867629278433,1596271.5042356746,5373639.026241684,21463.341463414636,1596614.3445491095,5374580.9722613245,21463.341463414636,1596860.1642198488,5374491.501218179,22438.902439024394,1596517.323906414,5373549.555198538,22438.902439024394
1596908.6745411966,5375007.209749572,21951.121951219513,10.334641556749155,1596614.3445491095,5374580.9722613245,21463.341463414636,1596957.1848625443,5375522.918280967,21463.341463414636,1597203.0045332839,5375433.447237819,22438.902439024394,1596860.1642198488,5374491.501218179,22438.902439024394
1597251.5148546316,5375949.155769214,21951.121951219513,9.84236946828005,1596957.1848625443,5375522.918280967,21463.341463414636,1597300.0251759791,5376464.864300607,21463.341463414636,1597545.8448467187,5376375.393257461,22438.902439024394,1597203.0045332839,5375433.447237819,22438.902439024394
1597594.3551680665,5376891.101788855,21951.121951219513,8.65581304209834,1597300.0251759791,5376464.864300607,21463.341463414636,1597642.865489414,5377406.810320248,21463.341463414636,1597888.6851601535,5377317.339277103,22438.902439024394,1597545.8448467187,5376375.393257461,22438.902439024394
1597937.1954815013,5377833.047808495,21951.121951219513,6.583008616481614,1597642.865489414,5377406.810320248,21463.341463414636,1597985.7058028488,5378348.756339889,21463.341463414636,1598231.5254735884,5378259.285296743,22438.902439024394,1597888.6851601535,5377317.339277103,22438.902439024394
1598280.0357949361,5378774.993828136,21951.121951219513,5.750020433470157,1597985.7058028488,5378348.756339889,21463.341463414636,1598328.5461162836,5379290.70235953,21463.341463414636,1598574.365787023,5379201.231316383,22438.902439024394,1598231.5254735884,5378259.285296743,22438.902439024394
1598622.8761083707,5379716.939847778,21951.121951219513,4.559511325563915,1598328.5461162836,5379290.70235953,21463.341463414636,1598671.3864297185,5380232.648379171,21463.341463414636,1598917.2061004578,5380143.177336024,22438.902439024394,1598574.365787023,5379201.231316383,22438.902439024394
1598965.7164218056,5380658.885867419,21951.121951219513,4.920524548052065,1598671.3864297185,5380232.648379171,21463.341463414636,1599014.226743153,5381174.594398811,21463.341463414636,1599260.0464138926,5381085.123355665,22438.902439024394,1598917.2061004578,5380143.177336024,22438.902439024394
1599308.5567352404,5381600.831887059,21951.121951219513,4.856512435513174,1599014.226743153,5381174.594398811,21463.341463414636,1599357.067056588,5382116.540418453,21463.341463414636,1599602.8867273275,5382027.069375306,22438.902439024394,1599260.0464138926,5381085.123355665,22438.902439024394
1547785.4890773227,5239277.511878139,22926.68292682927,0.8800988388713809,1547491.159085236,5238851.274389891,22438.902439024394,1547833.9993986709,5239793.220409532,22438.902439024394,1548079.8190694093,5239703.749366387,23414.46341463415,1547736.9787559747,5238761.803346745,23414.46341463415
1548128.3293907575,5240219.4578977795,22926.68292682927,0.8203075962085421,1547833.9993986709,5239793.220409532,22438.902439024394,1548176.8397121057,5240735.166429173,22438.902439024394,1548422.659382844,5240645.695386027,23414.46341463415,1548079.8190694093,5239703.749366387,23414.46341463415
1548471.1697041923,5241161.403917421,22926.68292682927,1.0080952887707573,1548176.8397121057,5240735.166429173,22438.902439024394,1548519.6800255403,5241677.112448814,22438.902439024394,1548765.499696279,5241587.641405668,23414.46341463415,1548422.659382844,5240645.695386027,23414.46341463415
1548814.0100176272,5242103.349937062,22926.68292682927,1.0517790701580414,1548519.6800255403,5241677.112448814,22438.902439024394,1548862.5203389751,5242619.0584684545,22438.902439024394,1549108.3400097138,5242529.587425309,23414.46341463415,1548765.499696279,5241587.641405668,23414.46341463415
1549156.850331062,5243045.295956703,22926.68292682927,1.0621620268097984,1548862.5203389751,5242619.0584684545,22438.902439024394,1549205.36065241,5243561.004488096,22438.902439024394,1549451.1803231486,5243471.53344495,23414.46341463415,1549108.3400097138,5242529.587425309,23414.46341463415
1549499.6906444966,5243987.241976343,22926.68292682927,1.2502265034013698,1549205.36065241,5243561.004488096,22438.902439024394,1549548.2009658448,5244502.950507737,22438.902439024394,1549794.0206365834,5244413.479464591,23414.46341463415,1549451.1803231486,5243471.53344495,23414.46341463415
1549842.5309579317,5244929.187995983,22926.68292682927,1.213621205004748,1549548.2009658448,5244502.950507737,22438.902439024394,1549891.0412792796,5245444.896527378,22438.902439024394,1550136.8609500183,5245355.425484232,23414.46341463415,1549794.0206365834,5244413.479464591,23414.46341463415
1550185.3712713665,5245871.134015625,22926.68292682927,1.3461709341433736,1549891.0412792796,5245444.896527378,22438.902439024394,1550233.8815927145,5246386.842547018,22438.902439024394,1550479.701263453,5246297.371503873,23414.46341463415,1550136.8609500183,5245355.425484232,23414.46341463415
1550528.2115848013,5246813.080035266,22926.68292682927,1.452879452535545,1550233.8815927145,5246386.842547018,22438.902439024394,1550576.7219061493,5247328.788566659,22438.902439024394,1550822.541576888,5247239.317523513,23414.46341463415,1550479.701263453,5246297.371503873,23414.46341463415
1550871.0518982362,5247755.026054907,22926.68292682927,1.6116488795761963,1550576.7219061493,5247328.788566659,22438.902439024394,1550919.5622195841,5248270.7345863,22438.902439024394,1551165.3818903225,5248181.263543154,23414.46341463415,1550822.541576888,5247239.317523513,23414.46341463415
1551213.8922116705,5248696.972074548,22926.68292682927,1.6809786448446389,1550919.5622195841,5248270.7345863,22438.902439024394,1551262.4025330187,5249212.680605941,22438.902439024394,1551508.2222037574,5249123.209562794,23414.46341463415,1551165.3818903225,5248181.263543154,23414.46341463415
1551556.7325251054,5249638.918094189,22926.68292682927,1.4525074712959478,1551262.4025330187,5249212.680605941,22438.902439024394,1551605.2428464536,5250154.626625582,22438.902439024394,1551851.0625171922,5250065.155582436,23414.46341463415,1551508.2222037574,5249123.209562794,23414.46341463415
1551899.5728385402,5250580.864113829,22926.68292682927,1.2232691989798388,1551605.2428464536,5250154.626625582,22438.902439024394,1551948.0831598884,5251096.572645223,22438.902439024394,1552193.9028306273,5251007.101602077,23414.46341463415,1551851.0625171922,5250065.155582436,23414.46341463415
1552242.4131519753,5251522.81013347,22926.68292682927,1.0582154372968244,1551948.0831598884,5251096.572645223,22438.902439024394,1552290.9234733232,5252038.518664864,22438.902439024394,1552536.7431440619,5251949.047621718,23414.46341463415,1552193.9028306273,5251007.101602077,23414.46341463415
1552585.25346541,5252464.756153111,22926.68292682927,1.2368305767709675,1552290.9234733232,5252038.518664864,22438.902439024394,1552633.7637867583,5252980.464684505,22438.902439024394,1552879.5834574967,5252890.993641359,23414.46341463415,1552536.7431440619,5251949.047621718,23414.46341463415
1552928.093778845,5253406.702172752,22926.68292682927,1.459436404988047,1552633.7637867583,5252980.464684505,22438.902439024394,1552976.604100193,5253922.410704145,22438.902439024394,1553222.4237709315,5253832.939661,23414.46341463415,1552879.5834574967,5252890.993641359,23414.46341463415
1553270.9340922795,5254348.648192393,22926.68292682927,1.3804041052547502,1552976.604100193,5253922.410704145,22438.902439024394,1553319.4444136277,5254864.356723787,22438.902439024394,1553565.2640843664,5254774.88568064,23414.46341463415,1553222.4237709315,5253832.939661,23414.46341463415
1553613.7744057144,5255290.594212034,22926.68292682927,1.2241717186308154,1553319.4444136277,5254864.356723787,22438.902439024394,1553662.2847270626,5255806.302743427,22438.902439024394,1553908.1043978012,5255716.831700281,23414.46341463415,1553565.2640843664,5254774.88568064,23414.46341463415
1553956.6147191492,5256232.540231675,22926.68292682927,1.2413855246050332,1553662.2847270626,5255806.302743427,22438.902439024394,1554005.1250404974,5256748.248763069,22438.902439024394,1554250.944711236,5256658.777719922,23414.46341463415,1553908.1043978012,5255716.831700281,23414.46341463415
1554299.455032584,5257174.486251316,22926.68292682927,1.2944162888966213,1554005.1250404974,5256748.248763069,22438.902439024394,1554347.9653539322,5257690.194782709,22438.902439024394,1554593.7850246707,5257600.7237395635,23414.46341463415,1554250.944711236,5256658.777719922,23414.46341463415
1554642.2953460189,5258116.432270956,22926.68292682927,1.597712205489342,1554347.9653539322,5257690.194782709,22438.902439024394,1554690.805667367,5258632.140802351,22438.902439024394,1554936.6253381057,5258542.669759204,23414.46341463415,1554593.7850246707,5257600.7237395635,23414.46341463415
1554985.135659454,5259058.378290598,22926.68292682927,2.275302177290425,1554690.805667367,5258632.140802351,22438.902439024394,1555033.645980802,5259574.086821991,22438.902439024394,1555279.4656515406,5259484.615778845,23414.46341463415,1554936.6253381057,5258542.669759204,23414.46341463415
1555327.9759728888,5260000.3243102385,22926.68292682927,2.1539216897156046,1555033.645980802,5259574.086821991,22438.902439024394,1555376.4862942367,5260516.032841631,22438.902439024394,1555622.3059649754,5260426.561798486,23414.46341463415,1555279.4656515406,5259484.615778845,23414.46341463415
1555670.8162863236,5260942.270329879,22926.68292682927,1.7532422796896847,1555376.4862942367,5260516.032841631,22438.902439024394,1555719.3266076716,5261457.978861272,22438.902439024394,1555965.14627841,5261368.507818127,23414.46341463415,1555622.3059649754,5260426.561798486,23414.46341463415
1556013.6565997582,5261884.21634952,22926.68292682927,1.5444161416648279,1555719.3266076716,5261457.978861272,22438.902439024394,1556062.1669211064,5262399.924880913,22438.902439024394,1556307.9865918448,5262310.453837767,23414.46341463415,1555965.14627841,5261368.507818127,23414.46341463415
1556356.496913193,5262826.162369162,22926.68292682927,1.2761523506152188,1556062.1669211064,5262399.924880913,22438.902439024394,1556405.007234541,5263341.870900555,22438.902439024394,1556650.8269052797,5263252.399857408,23414.46341463415,1556307.9865918448,5262310.453837767,23414.46341463415
1556699.3372266279,5263768.108388802,22926.68292682927,1.0497671719053017,1556405.007234541,5263341.870900555,22438.902439024394,1556747.8475479758,5264283.816920195,22438.902439024394,1556993.6672187145,5264194.3458770495,23414.46341463415,1556650.8269052797,5263252.399857408,23414.46341463415
1557042.1775400627,5264710.054408443,22926.68292682927,0.9225332304683357,1556747.8475479758,5264283.816920195,22438.902439024394,1557090.6878614107,5265225.762939837,22438.902439024394,1557336.5075321493,5265136.291896691,23414.46341463415,1556993.6672187145,5264194.3458770495,23414.46341463415
1557385.0178534975,5265652.000428083,22926.68292682927,0.9555705826078579,1557090.6878614107,5265225.762939837,22438.902439024394,1557433.5281748455,5266167.708959477,22438.902439024394,1557679.3478455842,5266078.237916331,23414.46341463415,1557336.5075321493,5265136.291896691,23414.46341463415
1557727.8581669321,5266593.946447725,22926.68292682927,0.9115293971042672,1557433.5281748455,5266167.708959477,22438.902439024394,1557776.3684882803,5267109.654979118,22438.902439024394,1558022.188159019,5267020.183935973,23414.46341463415,1557679.3478455842,5266078.237916331,23414.46341463415
1558070.698480367,5267535.892467366,22926.68292682927,0.7972335237471516,1557776.3684882803,5267109.654979118,22438.902439024394,1558119.2088017152,5268051.600998758,22438.902439024394,1558365.0284724538,5267962.129955613,23414.46341463415,1558022.188159019,5267020.183935973,23414.46341463415
1558413.5387938018,5268477.838487006,22926.68292682927,0.897072235562894,1558119.2088017152,5268051.600998758,22438.902439024394,1558462.04911515,5268993.5470184,22438.902439024394,1558707.8687858887,5268904.075975253,23414.46341463415,1558365.0284724538,5267962.129955613,23414.46341463415
1558756.3791072366,5269419.784506647,22926.68292682927,1.0629573251471478,1558462.04911515,5268993.5470184,22438.902439024394,1558804.8894285848,5269935.493038041,22438.902439024394,1559050.7090993233,5269846.021994894,23414.46341463415,1558707.8687858887,5268904.075975253,23414.46341463415
1559099.2194206715,5270361.730526288,22926.68292682927,0.9852102358236725,1558804.8894285848,5269935.493038041,22438.902439024394,1559147.7297420197,5270877.439057682,22438.902439024394,1559393.549412758,5270787.9680145355,23414.46341463415,1559050.7090993233,5269846.021994894,23414.46341463415
1559442.0597341063,5271303.676545929,22926.68292682927,0.868281944640069,1559147.7297420197,5270877.439057682,22438.902439024394,1559490.5700554543,5271819.385077322,22438.902439024394,1559736.389726193,5271729.914034177,23414.46341463415,1559393.549412758,5270787.9680145355,23414.46341463415
1559784.9000475411,5272245.622565569,22926.68292682927,0.9240799555615461,1559490.5700554543,5271819.385077322,22438.902439024394,1559833.410368889,5272761.331096964,22438.902439024394,1560079.2300396278,5272671.860053817,23414.46341463415,1559736.389726193,5271729.914034177,23414.46341463415
1560127.740360976,5273187.568585211,22926.68292682927,1.1904963136870834,1559833.410368889,5272761.331096964,22438.902439024394,1560176.250682324,5273703.277116604,22438.902439024394,1560422.0703530626,5273613.806073458,23414.46341463415,1560079.2300396278,5272671.860053817,23414.46341463415
1560470.5806744108,5274129.514604852,22926.68292682927,1.6871639946197263,1560176.250682324,5273703.277116604,22438.902439024394,1560519.090995759,5274645.223136245,22438.902439024394,1560764.9106664974,5274555.752093099,23414.46341463415,1560422.0703530626,5273613.806073458,23414.46341463415
1560813.4209878456,5275071.460624493,22926.68292682927,1.8511150153376104,1560519.090995759,5274645.223136245,22438.902439024394,1560861.9313091936,5275587.169155886,22438.902439024394,1561107.7509799323,5275497.69811274,23414.46341463415,1560764.9106664974,5274555.752093099,23414.46341463415
1561156.2613012805,5276013.406644133,22926.68292682927,1.7881251155442435,1560861.9313091936,5275587.169155886,22438.902439024394,1561204.7716226284,5276529.115175527,22438.902439024394,1561450.591293367,5276439.64413238,23414.46341463415,1561107.7509799323,5275497.69811274,23414.46341463415
1561499.1016147153,5276955.352663774,22926.68292682927,1.4969049000033678,1561204.7716226284,5276529.115175527,22438.902439024394,1561547.6119360633,5277471.061195168,22438.902439024394,1561793.431606802,5277381.590152022,23414.46341463415,1561450.591293367,5276439.64413238,23414.46341463415
1561841.94192815,5277897.298683415,22926.68292682927,1.455750475096288,1561547.6119360633,5277471.061195168,22438.902439024394,1561890.452249498,5278413.007214808,22438.902439024394,1562136.2719202365,5278323.536171663,23414.46341463415,1561793.431606802,5277381.590152022,23414.46341463415
1562184.7822415847,5278839.244703056,22926.68292682927,1.589509428160108,1561890.452249498,5278413.007214808,22438.902439024394,1562233.2925629327,5279354.95323445,22438.902439024394,1562479.1122336714,5279265.482191304,23414.46341463415,1562136.2719202365,5278323.536171663,23414.46341463415
1562527.6225550196,5279781.1907226965,22926.68292682927,1.7343501446966896,1562233.2925629327,5279354.95323445,22438.902439024394,1562576.1328763675,5280296.89925409,22438.902439024394,1562821.9525471064,5280207.428210944,23414.46341463415,1562479.1122336714,5279265.482191304,23414.46341463415
1562870.4628684546,5280723.136742339,22926.68292682927,1.3557206828838808,1562576.1328763675,5280296.89925409,22438.902439024394,1562918.9731898026,5281238.845273731,22438.902439024394,1563164.7928605413,5281149.374230586,23414.46341463415,1562821.9525471064,5280207.428210944,23414.46341463415
1563213.3031818895,5281665.082761979,22926.68292682927,1.2612096139690099,1562918.9731898026,5281238.845273731,22438.902439024394,1563261.8135032374,5282180.7912933715,22438.902439024394,1563507.6331739759,5282091.320250226,23414.46341463415,1563164.7928605413,5281149.374230586,23414.46341463415
1563556.143495324,5282607.028781619,22926.68292682927,1.133516523600009,1563261.8135032374,5282180.7912933715,22438.902439024394,1563604.6538166723,5283122.7373130135,22438.902439024394,1563850.4734874107,5283033.266269866,23414.46341463415,1563507.6331739759,5282091.320250226,23414.46341463415
1563898.983808759,5283548.974801261,22926.68292682927,0.9146431605025556,1563604.6538166723,5283122.7373130135,22438.902439024394,1563947.494130107,5284064.683332654,22438.902439024394,1564193.3138008455,5283975.2122895075,23414.46341463415,1563850.4734874107,5283033.266269866,23414.46341463415
1564241.8241221935,5284490.920820901,22926.68292682927,0.8284395237343276,1563947.494130107,5284064.683332654,22438.902439024394,1564290.3344435417,5285006.629352295,22438.902439024394,1564536.1541142804,5284917.15830915,23414.46341463415,1564193.3138008455,5283975.2122895075,23414.46341463415
1564584.6644356283,5285432.866840542,22926.68292682927,0.7851501728728527,1564290.3344435417,5285006.629352295,22438.902439024394,1564633.1747569765,5285948.575371935,22438.902439024394,1564878.9944277152,5285859.10432879,23414.46341463415,1564536.1541142804,5284917.15830915,23414.46341463415
1564927.5047490632,5286374.812860183,22926.68292682927,0.858607530966773,1564633.1747569765,5285948.575371935,22438.902439024394,1564976.0150704114,5286890.521391577,22438.902439024394,1565221.83474115,5286801.050348431,23414.46341463415,1564878.9944277152,5285859.10432879,23414.46341463415
1565270.345062498,5287316.758879825,22926.68292682927,1.207505896897355,1564976.0150704114,5286890.521391577,22438.902439024394,1565318.8553838462,5287832.467411217,22438.902439024394,1565564.6750545849,5287742.996368072,23414.46341463415,1565221.83474115,5286801.050348431,23414.46341463415
1565613.185375933,5288258.704899466,22926.68292682927,1.265081319443002,1565318.8553838462,5287832.467411217,22438.902439024394,1565661.695697281,5288774.413430858,22438.902439024394,1565907.5153680197,5288684.942387713,23414.46341463415,1565564.6750545849,5287742.996368072,23414.46341463415
1565956.0256893677,5289200.650919106,22926.68292682927,0.9522732769332156,1565661.695697281,5288774.413430858,22438.902439024394,1566004.5360107159,5289716.3594504995,22438.902439024394,1566250.3556814545,5289626.888407353,23414.46341463415,1565907.5153680197,5288684.942387713,23414.46341463415
1566298.8660028025,5290142.596938746,22926.68292682927,0.9144882127405499,1566004.5360107159,5289716.3594504995,22438.902439024394,1566347.3763241507,5290658.305470141,22438.902439024394,1566593.1959948894,5290568.8344269935,23414.46341463415,1566250.3556814545,5289626.888407353,23414.46341463415
1566641.7063162373,5291084.542958388,22926.68292682927,0.8061306626645479,1566347.3763241507,5290658.305470141,22438.902439024394,1566690.2166375855,5291600.251489781,22438.902439024394,1566936.036308324,5291510.780446636,23414.46341463415,1566593.1959948894,5290568.8344269935,23414.46341463415
1566984.5466296722,5292026.488978028,22926.68292682927,0.7929455067016941,1566690.2166375855,5291600.251489781,22438.902439024394,1567033.0569510204,5292542.197509422,22438.902439024394,1567278.8766217588,5292452.726466276,23414.46341463415,1566936.036308324,5291510.780446636,23414.46341463415
1567327.386943107,5292968.4349976685,22926.68292682927,0.7963443506804211,1567033.0569510204,5292542.197509422,22438.902439024394,1567375.897264455,5293484.143529063,22438.902439024394,1567621.7169351936,5293394.672485917,23414.46341463415,1567278.8766217588,5292452.726466276,23414.46341463415
1567670.2272565418,5293910.381017311,22926.68292682927,0.8029194923151469,1567375.897264455,5293484.143529063,22438.902439024394,1567718.7375778898,5294426.089548704,22438.902439024394,1567964.5572486285,5294336.618505557,23414.46341463415,1567621.7169351936,5293394.672485917,23414.46341463415
1568013.0675699767,5294852.327036952,22926.68292682927,0.8595729135270536,1567718.7375778898,5294426.089548704,22438.902439024394,1568061.5778913246,5295368.035568344,22438.902439024394,1568307.3975620633,5295278.564525199,23414.46341463415,1567964.5572486285,5294336.618505557,23414.46341463415
1568355.9078834115,5295794.273056592,22926.68292682927,0.8757074773541493,1568061.5778913246,5295368.035568344,22438.902439024394,1568404.4182047597,5296309.9815879855,22438.902439024394,1568650.2378754981,5296220.510544839,23414.46341463415,1568307.3975620633,5295278.564525199,23414.46341463415
1568698.7481968463,5296736.219076233,22926.68292682927,1.046811867907971,1568404.4182047597,5296309.9815879855,22438.902439024394,1568747.2585181943,5297251.927607627,22438.902439024394,1568993.078188933,5297162.45656448,23414.46341463415,1568650.2378754981,5296220.510544839,23414.46341463415
1569041.5885102812,5297678.165095874,22926.68292682927,1.3991907660921437,1568747.2585181943,5297251.927607627,22438.902439024394,1569090.0988316291,5298193.873627267,22438.902439024394,1569335.9185023678,5298104.402584121,23414.46341463415,1568993.078188933,5297162.45656448,23414.46341463415
1569384.428823716,5298620.111115515,22926.68292682927,1.710243542138809,1569090.0988316291,5298193.873627267,22438.902439024394,1569432.939145064,5299135.819646908,22438.902439024394,1569678.7588158026,5299046.348603763,23414.46341463415,1569335.9185023678,5298104.402584121,23414.46341463415
1569727.2691371508,5299562.057135155,22926.68292682927,1.6555074777923793,1569432.939145064,5299135.819646908,22438.902439024394,1569775.7794584988,5300077.765666549,22438.902439024394,1570021.5991292372,5299988.294623403,23414.46341463415,1569678.7588158026,5299046.348603763,23414.46341463415
1570070.1094505852,5300504.003154796,22926.68292682927,1.716713496144535,1569775.7794584988,5300077.765666549,22438.902439024394,1570118.6197719334,5301019.71168619,22438.902439024394,1570364.439442672,5300930.240643044,23414.46341463415,1570021.5991292372,5299988.294623403,23414.46341463415
1570412.94976402,5301445.949174438,22926.68292682927,1.5930501443318958,1570118.6197719334,5301019.71168619,22438.902439024394,1570461.4600853682,5301961.65770583,22438.902439024394,1570707.2797561071,5301872.186662685,23414.46341463415,1570364.439442672,5300930.240643044,23414.46341463415
1570755.790077455,5302387.895194079,22926.68292682927,1.575142294458096,1570461.4600853682,5301961.65770583,22438.902439024394,1570804.3003988033,5302903.6037254715,22438.902439024394,1571050.120069542,5302814.132682326,23414.46341463415,1570707.2797561071,5301872.186662685,23414.46341463415
1571098.63039089,5303329.841213719,22926.68292682927,1.5891262398858064,1570804.3003988033,5302903.6037254715,22438.902439024394,1571147.1407122381,5303845.549745113,22438.902439024394,1571392.9603829766,5303756.078701966,23414.46341463415,1571050.120069542,5302814.132682326,23414.46341463415
1571441.4707043248,5304271.78723336,22926.68292682927,1.7741313209386824,1571147.1407122381,5303845.549745113,22438.902439024394,1571489.981025673,5304787.495764754,22438.902439024394,1571735.8006964114,5304698.024721607,23414.46341463415,1571392.9603829766,5303756.078701966,23414.46341463415
1571784.3110177596,5305213.733253001,22926.68292682927,1.7853776791894245,1571489.981025673,5304787.495764754,22438.902439024394,1571832.8213391076,5305729.441784394,22438.902439024394,1572078.6410098462,5305639.970741249,23414.46341463415,1571735.8006964114,5304698.024721607,23414.46341463415
1572127.1513311944,5306155.679272641,22926.68292682927,1.9134390760515527,1571832.8213391076,5305729.441784394,22438.902439024394,1572175.6616525424,5306671.387804035,22438.902439024394,1572421.481323281,5306581.916760889,23414.46341463415,1572078.6410098462,5305639.970741249,23414.46341463415
1572469.9916446293,5307097.625292283,22926.68292682927,2.814919728865475,1572175.6616525424,5306671.387804035,22438.902439024394,1572518.5019659773,5307613.333823676,22438.902439024394,1572764.321636716,5307523.86278053,23414.46341463415,1572421.481323281,5306581.916760889,23414.46341463415
1572812.8319580639,5308039.571311924,22926.68292682927,4.421886733502692,1572518.5019659773,5307613.333823676,22438.902439024394,1572861.342279412,5308555.279843317,22438.902439024394,1573107.1619501505,5308465.80880017,23414.46341463415,1572764.321636716,5307523.86278053,23414.46341463415
1573155.6722714987,5308981.517331564,22926.68292682927,5.096800169379691,1572861.342279412,5308555.279843317,22438.902439024394,1573204.1825928467,5309497.225862958,22438.902439024394,1573450.0022635856,5309407.754819812,23414.46341463415,1573107.1619501505,5308465.80880017,23414.46341463415
1573498.5125849338,5309923.463351205,22926.68292682927,5.357980180414488,1573204.1825928467,5309497.225862958,22438.902439024394,1573547.0229062818,5310439.171882599,22438.902439024394,1573792.8425770204,5310349.700839452,23414.46341463415,1573450.0022635856,5309407.754819812,23414.46341463415
1573841.3528983686,5310865.409370846,22926.68292682927,5.594784499240913,1573547.0229062818,5310439.171882599,22438.902439024394,1573889.8632197166,5311381.11790224,22438.902439024394,1574135.6828904552,5311291.646859094,23414.46341463415,1573792.8425770204,5310349.700839452,23414.46341463415
1574184.1932118032,5311807.355390487,22926.68292682927,5.572855227657645,1573889.8632197166,5311381.11790224,22438.902439024394,1574232.7035331514,5312323.06392188,22438.902439024394,1574478.5232038898,5312233.592878735,23414.46341463415,1574135.6828904552,5311291.646859094,23414.46341463415
1574527.033525238,5312749.301410128,22926.68292682927,5.235407767081221,1574232.7035331514,5312323.06392188,22438.902439024394,1574575.543846586,5313265.009941521,22438.902439024394,1574821.3635173247,5313175.538898376,23414.46341463415,1574478.5232038898,5312233.592878735,23414.46341463415
1574869.8738386729,5313691.247429769,22926.68292682927,4.707683430010712,1574575.543846586,5313265.009941521,22438.902439024394,1574918.3841600209,5314206.955961162,22438.902439024394,1575164.2038307595,5314117.484918016,23414.46341463415,1574821.3635173247,5313175.538898376,23414.46341463415
1575212.7141521077,5314633.19344941,22926.68292682927,3.844168666622535,1574918.3841600209,5314206.955961162,22438.902439024394,1575261.2244734557,5315148.901980803,22438.902439024394,1575507.0441441943,5315059.430937657,23414.46341463415,1575164.2038307595,5314117.484918016,23414.46341463415
1575555.5544655425,5315575.139469051,22926.68292682927,4.267274343602327,1575261.2244734557,5315148.901980803,22438.902439024394,1575604.0647868905,5316090.8480004445,22438.902439024394,1575849.8844576292,5316001.376957298,23414.46341463415,1575507.0441441943,5315059.430937657,23414.46341463415
1575898.3947789774,5316517.085488691,22926.68292682927,4.383996609759144,1575604.0647868905,5316090.8480004445,22438.902439024394,1575946.9051003254,5317032.794020085,22438.902439024394,1576192.7247710642,5316943.322976939,23414.46341463415,1575849.8844576292,5316001.376957298,23414.46341463415
1576241.2350924124,5317459.031508332,22926.68292682927,4.079386121821377,1575946.9051003254,5317032.794020085,22438.902439024394,1576289.7454137604,5317974.740039727,22438.902439024394,1576535.5650844988,5317885.26899658,23414.46341463415,1576192.7247710642,5316943.322976939,23414.46341463415
1576584.0754058468,5318400.977527974,22926.68292682927,5.171821713282004,1576289.7454137604,5317974.740039727,22438.902439024394,1576632.585727195,5318916.686059367,22438.902439024394,1576878.4053979337,5318827.215016221,23414.46341463415,1576535.5650844988,5317885.26899658,23414.46341463415
1576926.9157192816,5319342.923547614,22926.68292682927,6.1697769704499485,1576632.585727195,5318916.686059367,22438.902439024394,1576975.4260406299,5319858.632079007,22438.902439024394,1577221.2457113685,5319769.161035862,23414.46341463415,1576878.4053979337,5318827.215016221,23414.46341463415
1577269.7560327165,5320284.8695672555,22926.68292682927,6.322343657409165,1576975.4260406299,5319858.632079007,22438.902439024394,1577318.2663540647,5320800.578098648,22438.902439024394,1577564.0860248033,5320711.107055503,23414.46341463415,1577221.2457113685,5319769.161035862,23414.46341463415
1577612.5963461513,5321226.815586896,22926.68292682927,5.464830140487775,1577318.2663540647,5320800.578098648,22438.902439024394,1577661.1066674995,5321742.524118289,22438.902439024394,1577906.926338238,5321653.053075143,23414.46341463415,1577564.0860248033,5320711.107055503,23414.46341463415
1577955.4366595862,5322168.761606538,22926.68292682927,5.446415425761687,1577661.1066674995,5321742.524118289,22438.902439024394,1578003.9469809344,5322684.4701379305,22438.902439024394,1578249.7666516728,5322594.999094784,23414.46341463415,1577906.926338238,5321653.053075143,23414.46341463415
1578298.276973021,5323110.707626178,22926.68292682927,6.572848245095019,1578003.9469809344,5322684.4701379305,22438.902439024394,1578346.787294369,5323626.416157571,22438.902439024394,1578592.6069651078,5323536.945114425,23414.46341463415,1578249.7666516728,5322594.999094784,23414.46341463415
1578641.1172864558,5324052.653645818,22926.68292682927,7.252201308688126,1578346.787294369,5323626.416157571,22438.902439024394,1578689.627607804,5324568.362177213,22438.902439024394,1578935.4472785427,5324478.8911340665,23414.46341463415,1578592.6069651078,5323536.945114425,23414.46341463415
1578983.9575998907,5324994.599665459,22926.68292682927,7.24956720861366,1578689.627607804,5324568.362177213,22438.902439024394,1579032.4679212389,5325510.308196853,22438.902439024394,1579278.2875919773,5325420.837153707,23414.46341463415,1578935.4472785427,5324478.8911340665,23414.46341463415
1579326.7979133255,5325936.5456851,22926.68292682927,7.237945026086374,1579032.4679212389,5325510.308196853,22438.902439024394,1579375.3082346737,5326452.254216494,22438.902439024394,1579621.127905412,5326362.783173348,23414.46341463415,1579278.2875919773,5325420.837153707,23414.46341463415
1579669.6382267603,5326878.4917047415,22926.68292682927,6.407677202831645,1579375.3082346737,5326452.254216494,22438.902439024394,1579718.1485481083,5327394.200236134,22438.902439024394,1579963.968218847,5327304.729192989,23414.46341463415,1579621.127905412,5326362.783173348,23414.46341463415
1580012.4785401952,5327820.437724382,22926.68292682927,6.9126972387280325,1579718.1485481083,5327394.200236134,22438.902439024394,1580060.9888615431,5328336.146255776,22438.902439024394,1580306.8085322818,5328246.675212629,23414.46341463415,1579963.968218847,5327304.729192989,23414.46341463415
1580355.31885363,5328762.383744024,22926.68292682927,7.3933709867016555,1580060.9888615431,5328336.146255776,22438.902439024394,1580403.829174978,5329278.0922754165,22438.902439024394,1580649.6488457166,5329188.62123227,23414.46341463415,1580306.8085322818,5328246.675212629,23414.46341463415
1580698.1591670648,5329704.329763664,22926.68292682927,7.321646789658826,1580403.829174978,5329278.0922754165,22438.902439024394,1580746.6694884128,5330220.038295058,22438.902439024394,1580992.4891591512,5330130.567251911,23414.46341463415,1580649.6488457166,5329188.62123227,23414.46341463415
1581040.9994804994,5330646.275783305,22926.68292682927,6.981575118208705,1580746.6694884128,5330220.038295058,22438.902439024394,1581089.5098018474,5331161.984314698,22438.902439024394,1581335.3294725863,5331072.5132715525,23414.46341463415,1580992.4891591512,5330130.567251911,23414.46341463415
1581383.8397939345,5331588.221802945,22926.68292682927,6.019721154331431,1581089.5098018474,5331161.984314698,22438.902439024394,1581432.3501152825,5332103.93033434,22438.902439024394,1581678.169786021,5332014.459291193,23414.46341463415,1581335.3294725863,5331072.5132715525,23414.46341463415
1581726.6801073693,5332530.167822586,22926.68292682927,6.4016979841724,1581432.3501152825,5332103.93033434,22438.902439024394,1581775.1904287173,5333045.87635398,22438.902439024394,1582021.010099456,5332956.405310834,23414.46341463415,1581678.169786021,5332014.459291193,23414.46341463415
1582069.5204208042,5333472.1138422275,22926.68292682927,6.473568804369562,1581775.1904287173,5333045.87635398,22438.902439024394,1582118.0307421521,5333987.82237362,22438.902439024394,1582363.8504128905,5333898.351330475,23414.46341463415,1582021.010099456,5332956.405310834,23414.46341463415
1582412.3607342385,5334414.059861869,22926.68292682927,5.661718002745199,1582118.0307421521,5333987.82237362,22438.902439024394,1582460.8710555867,5334929.768393262,22438.902439024394,1582706.6907263254,5334840.297350116,23414.46341463415,1582363.8504128905,5333898.351330475,23414.46341463415
1582755.2010476734,5335356.005881509,22926.68292682927,5.218392980757235,1582460.8710555867,5334929.768393262,22438.902439024394,1582803.7113690216,5335871.7144129025,22438.902439024394,1583049.5310397602,5335782.243369756,23414.46341463415,1582706.6907263254,5334840.297350116,23414.46341463415
1583098.0413611082,5336297.951901151,22926.68292682927,4.683781409192691,1582803.7113690216,5335871.7144129025,22438.902439024394,1583146.5516824564,5336813.660432544,22438.902439024394,1583392.371353195,5336724.189389398,23414.46341463415,1583049.5310397602,5335782.243369756,23414.46341463415
1583440.881674543,5337239.897920791,22926.68292682927,5.120819062660075,1583146.5516824564,5336813.660432544,22438.902439024394,1583489.3919958912,5337755.606452184,22438.902439024394,1583735.2116666296,5337666.1354090385,23414.46341463415,1583392.371353195,5336724.189389398,23414.46341463415
1583783.7219879779,5338181.843940432,22926.68292682927,5.734343823288445,1583489.3919958912,5337755.606452184,22438.902439024394,1583832.232309326,5338697.552471826,22438.902439024394,1584078.0519800647,5338608.08142868,23414.46341463415,1583735.2116666296,5337666.1354090385,23414.46341463415
1584126.562301413,5339123.789960072,22926.68292682927,6.418098883916846,1583832.232309326,5338697.552471826,22438.902439024394,1584175.072622761,5339639.498491466,22438.902439024394,1584420.8922934995,5339550.02744832,23414.46341463415,1584078.0519800647,5338608.08142868,23414.46341463415
1584469.4026148478,5340065.7359797135,22926.68292682927,6.026278511012118,1584175.072622761,5339639.498491466,22438.902439024394,1584517.9129361957,5340581.444511107,22438.902439024394,1584763.7326069344,5340491.973467962,23414.46341463415,1584420.8922934995,5339550.02744832,23414.46341463415
1584812.2429282826,5341007.681999355,22926.68292682927,5.655686066463948,1584517.9129361957,5340581.444511107,22438.902439024394,1584860.7532496306,5341523.390530747,22438.902439024394,1585106.5729203692,5341433.919487602,23414.46341463415,1584763.7326069344,5340491.973467962,23414.46341463415
1585155.0832417172,5341949.628018995,22926.68292682927,6.8972875800484275,1584860.7532496306,5341523.390530747,22438.902439024394,1585203.5935630654,5342465.336550389,22438.902439024394,1585449.4132338038,5342375.865507242,23414.46341463415,1585106.5729203692,5341433.919487602,23414.46341463415
1585497.923555152,5342891.574038637,22926.68292682927,9.077007298276774,1585203.5935630654,5342465.336550389,22438.902439024394,1585546.4338765002,5343407.28257003,22438.902439024394,1585792.2535472387,5343317.811526883,23414.46341463415,1585449.4132338038,5342375.865507242,23414.46341463415
1585840.7638685869,5343833.520058278,22926.68292682927,10.092368337313696,1585546.4338765002,5343407.28257003,22438.902439024394,1585889.274189935,5344349.228589671,22438.902439024394,1586135.0938606735,5344259.757546525,23414.46341463415,1585792.2535472387,5343317.811526883,23414.46341463415
1586183.6041820217,5344775.466077918,22926.68292682927,11.392643686078898,1585889.274189935,5344349.228589671,22438.902439024394,1586232.1145033697,5345291.174609311,22438.902439024394,1586477.9341741086,5345201.703566166,23414.46341463415,1586135.0938606735,5344259.757546525,23414.46341463415
1586526.4444954568,5345717.412097559,22926.68292682927,14.060550012165749,1586232.1145033697,5345291.174609311,22438.902439024394,1586574.9548168047,5346233.120628953,22438.902439024394,1586820.7744875434,5346143.649585807,23414.46341463415,1586477.9341741086,5345201.703566166,23414.46341463415
1586869.2848088914,5346659.3581172,22926.68292682927,16.451198496565095,1586574.9548168047,5346233.120628953,22438.902439024394,1586917.7951302396,5347175.066648593,22438.902439024394,1587163.614800978,5347085.595605448,23414.46341463415,1586820.7744875434,5346143.649585807,23414.46341463415
1587212.1251223262,5347601.304136841,22926.68292682927,15.083055026518002,1586917.7951302396,5347175.066648593,22438.902439024394,1587260.6354436744,5348117.012668234,22438.902439024394,1587506.4551144128,5348027.541625088,23414.46341463415,1587163.614800978,5347085.595605448,23414.46341463415
1587554.965435761,5348543.250156481,22926.68292682927,13.235663511723827,1587260.6354436744,5348117.012668234,22438.902439024394,1587603.475757109,5349058.958687875,22438.902439024394,1587849.2954278477,5348969.487644729,23414.46341463415,1587506.4551144128,5348027.541625088,23414.46341463415
1587897.8057491959,5349485.196176122,22926.68292682927,14.324063360148168,1587603.475757109,5349058.958687875,22438.902439024394,1587946.3160705438,5350000.904707517,22438.902439024394,1588192.1357412825,5349911.433664369,23414.46341463415,1587849.2954278477,5348969.487644729,23414.46341463415
1588240.6460626307,5350427.142195764,22926.68292682927,14.262067947165159,1587946.3160705438,5350000.904707517,22438.902439024394,1588289.1563839787,5350942.850727157,22438.902439024394,1588534.9760547173,5350853.379684011,23414.46341463415,1588192.1357412825,5349911.433664369,23414.46341463415
1588583.4863760655,5351369.088215404,22926.68292682927,13.97240840073219,1588289.1563839787,5350942.850727157,22438.902439024394,1588631.9966974135,5351884.796746798,22438.902439024394,1588877.816368152,5351795.325703652,23414.46341463415,1588534.9760547173,5350853.379684011,23414.46341463415
1588926.3266895,5352311.034235045,22926.68292682927,17.262049091221396,1588631.9966974135,5351884.796746798,22438.902439024394,1588974.837010848,5352826.742766439,22438.902439024394,1589220.656681587,5352737.271723293,23414.46341463415,1588877.816368152,5351795.325703652,23414.46341463415
1589269.167002935,5353252.980254686,22926.68292682927,17.021935960438842,1588974.837010848,5352826.742766439,22438.902439024394,1589317.6773242832,5353768.68878608,22438.902439024394,1589563.4969950218,5353679.217742933,23414.46341463415,1589220.656681587,5352737.271723293,23414.46341463415
1589612.0073163698,5354194.926274328,22926.68292682927,16.608938638276033,1589317.6773242832,5353768.68878608,22438.902439024394,1589660.517637718,5354710.63480572,22438.902439024394,1589906.3373084567,5354621.163762575,23414.46341463415,1589563.4969950218,5353679.217742933,23414.46341463415
1589954.8476298046,5355136.872293968,22926.68292682927,17.119630196837353,1589660.517637718,5354710.63480572,22438.902439024394,1590003.3579511528,5355652.5808253605,22438.902439024394,1590249.1776218913,5355563.109782215,23414.46341463415,1589906.3373084567,5354621.163762575,23414.46341463415
1590297.6879432395,5356078.818313608,22926.68292682927,16.696464421274914,1590003.3579511528,5355652.5808253605,22438.902439024394,1590346.1982645877,5356594.526845003,22438.902439024394,1590592.017935326,5356505.055801856,23414.46341463415,1590249.1776218913,5355563.109782215,23414.46341463415
1590640.5282566743,5357020.76433325,22926.68292682927,17.027788388873404,1590346.1982645877,5356594.526845003,22438.902439024394,1590689.0385780223,5357536.472864643,22438.902439024394,1590934.858248761,5357447.001821497,23414.46341463415,1590592.017935326,5356505.055801856,23414.46341463415
1590983.368570109,5357962.710352891,22926.68292682927,15.904963643234092,1590689.0385780223,5357536.472864643,22438.902439024394,1591031.878891457,5358478.418884284,22438.902439024394,1591277.6985621958,5358388.947841139,23414.46341463415,1590934.858248761,5357447.001821497,23414.46341463415
1591326.2088835437,5358904.656372531,22926.68292682927,13.91729070930192,1591031.878891457,5358478.418884284,22438.902439024394,1591374.719204892,5359420.364903925,22438.902439024394,1591620.5388756304,5359330.893860779,23414.46341463415,1591277.6985621958,5358388.947841139,23414.46341463415
1591669.0491969786,5359846.602392172,22926.68292682927,14.507395324805653,1591374.719204892,5359420.364903925,22438.902439024394,1591717.5595183268,5360362.310923566,22438.902439024394,1591963.3791890654,5360272.83988042,23414.46341463415,1591620.5388756304,5359330.893860779,23414.46341463415
1592011.8895104136,5360788.548411814,22926.68292682927,13.936881009547436,1591717.5595183268,5360362.310923566,22438.902439024394,1592060.3998317616,5361304.256943206,22438.902439024394,1592306.2195025003,5361214.785900061,23414.46341463415,1591963.3791890654,5360272.83988042,23414.46341463415
1592354.7298238485,5361730.494431455,22926.68292682927,14.774109634109251,1592060.3998317616,5361304.256943206,22438.902439024394,1592403.2401451964,5362246.202962847,22438.902439024394,1592649.059815935,5362156.731919702,23414.46341463415,1592306.2195025003,5361214.785900061,23414.46341463415
1592697.5701372833,5362672.440451095,22926.68292682927,15.155309106136379,1592403.2401451964,5362246.202962847,22438.902439024394,1592746.0804586313,5363188.148982489,22438.902439024394,1592991.90012937,5363098.677939342,23414.46341463415,1592649.059815935,5362156.731919702,23414.46341463415
1593040.4104507181,5363614.386470736,22926.68292682927,14.892081462902695,1592746.0804586313,5363188.148982489,22438.902439024394,1593088.920772066,5364130.09500213,22438.902439024394,1593334.7404428045,5364040.6239589825,23414.46341463415,1592991.90012937,5363098.677939342,23414.46341463415
1593383.2507641527,5364556.332490376,22926.68292682927,14.605795871103343,1593088.920772066,5364130.09500213,22438.902439024394,1593431.7610855007,5365072.04102177,22438.902439024394,1593677.5807562394,5364982.569978625,23414.46341463415,1593334.7404428045,5364040.6239589825,23414.46341463415
1593726.0910775876,5365498.278510017,22926.68292682927,14.747595164313864,1593431.7610855007,5365072.04102177,22438.902439024394,1593774.6013989355,5366013.987041411,22438.902439024394,1594020.4210696742,5365924.515998265,23414.46341463415,1593677.5807562394,5364982.569978625,23414.46341463415
1594068.9313910224,5366440.224529658,22926.68292682927,16.147567376817907,1593774.6013989355,5366013.987041411,22438.902439024394,1594117.4417123704,5366955.933061052,22438.902439024394,1594363.2613831093,5366866.462017906,23414.46341463415,1594020.4210696742,5365924.515998265,23414.46341463415
1594411.7717044572,5367382.1705493,22926.68292682927,15.463916572381958,1594117.4417123704,5366955.933061052,22438.902439024394,1594460.2820258054,5367897.879080693,22438.902439024394,1594706.1016965439,5367808.408037546,23414.46341463415,1594363.2613831093,5366866.462017906,23414.46341463415
1594754.6120178918,5368324.116568941,22926.68292682927,14.80569450465182,1594460.2820258054,5367897.879080693,22438.902439024394,1594803.12233924,5368839.825100333,22438.902439024394,1595048.9420099787,5368750.354057188,23414.46341463415,1594706.1016965439,5367808.408037546,23414.46341463415
1595097.4523313267,5369266.062588581,22926.68292682927,14.213274664166686,1594803.12233924,5368839.825100333,22438.902439024394,1595145.9626526749,5369781.771119975,22438.902439024394,1595391.7823234135,5369692.300076828,23414.46341463415,1595048.9420099787,5368750.354057188,23414.46341463415
1595440.2926447615,5370208.008608222,22926.68292682927,12.358046890901399,1595145.9626526749,5369781.771119975,22438.902439024394,1595488.8029661097,5370723.717139616,22438.902439024394,1595734.6226368484,5370634.246096469,23414.46341463415,1595391.7823234135,5369692.300076828,23414.46341463415
1595783.1329581963,5371149.954627863,22926.68292682927,10.851980828052348,1595488.8029661097,5370723.717139616,22438.902439024394,1595831.6432795445,5371665.663159256,22438.902439024394,1596077.462950283,5371576.192116111,23414.46341463415,1595734.6226368484,5370634.246096469,23414.46341463415
1596125.9732716312,5372091.900647503,22926.68292682927,12.932006761073485,1595831.6432795445,5371665.663159256,22438.902439024394,1596174.4835929794,5372607.609178897,22438.902439024394,1596420.3032637178,5372518.138135752,23414.46341463415,1596077.462950283,5371576.192116111,23414.46341463415
1596468.813585066,5373033.846667144,22926.68292682927,13.189554154299065,1596174.4835929794,5372607.609178897,22438.902439024394,1596517.323906414,5373549.555198538,22438.902439024394,1596763.1435771526,5373460.084155392,23414.46341463415,1596420.3032637178,5372518.138135752,23414.46341463415
1596811.6538985008,5373975.792686786,22926.68292682927,9.75509511919105,1596517.323906414,5373549.555198538,22438.902439024394,1596860.1642198488,5374491.501218179,22438.902439024394,1597105.9838905877,5374402.030175033,23414.46341463415,1596763.1435771526,5373460.084155392,23414.46341463415
1597154.494211936,5374917.738706427,22926.68292682927,9.542975829233308,1596860.1642198488,5374491.501218179,22438.902439024394,1597203.0045332839,5375433.447237819,22438.902439024394,1597448.8242040225,5375343.976194674,23414.46341463415,1597105.9838905877,5374402.030175033,23414.46341463415
1597497.3345253705,5375859.684726068,22926.68292682927,9.306089148765354,1597203.0045332839,5375433.447237819,22438.902439024394,1597545.8448467187,5376375.393257461,22438.902439024394,1597791.6645174571,5376285.922214315,23414.46341463415,1597448.8242040225,5375343.976194674,23414.46341463415
1597840.1748388053,5376801.630745708,22926.68292682927,7.731123661993298,1597545.8448467187,5376375.393257461,22438.902439024394,1597888.6851601535,5377317.339277103,22438.902439024394,1598134.504830892,5377227.868233955,23414.46341463415,1597791.6645174571,5376285.922214315,23414.46341463415
1598183.0151522402,5377743.57676535,22926.68292682927,7.619603943356326,1597888.6851601535,5377317.339277103,22438.902439024394,1598231.5254735884,5378259.285296743,22438.902439024394,1598477.3451443268,5378169.814253597,23414.46341463415,1598134.504830892,5377227.868233955,23414.46341463415
1598525.855465675,5378685.52278499,22926.68292682927,6.749286358741394,1598231.5254735884,5378259.285296743,22438.902439024394,1598574.365787023,5379201.231316383,22438.902439024394,1598820.1854577616,5379111.760273238,23414.46341463415,1598477.3451443268,5378169.814253597,23414.46341463415
1598868.6957791098,5379627.46880463,22926.68292682927,6.674982274681095,1598574.365787023,5379201.231316383,22438.902439024394,1598917.2061004578,5380143.177336024,22438.902439024394,1599163.0257711965,5380053.706292879,23414.46341463415,1598820.1854577616,5379111.760273238,23414.46341463415
1599211.5360925444,5380569.414824272,22926.68292682927,6.313760026316146,1598917.2061004578,5380143.177336024,22438.902439024394,1599260.0464138926,5381085.123355665,22438.902439024394,1599505.866084631,5380995.652312519,23414.46341463415,1599163.0257711965,5380053.706292879,23414.46341463415
1599554.3764059793,5381511.360843914,22926.68292682927,5.469945021821183,1599260.0464138926,5381085.123355665,22438.902439024394,1599602.8867273275,5382027.069375306,22438.902439024394,1599848.7063980661,5381937.598332161,23414.46341463415,1599505.866084631,5380995.652312519,23414.46341463415
1548031.3087480618,5239188.040834992,23902.24390243903,1.0629138256631294,1547736.9787559747,5238761.803346745,23414.46341463415,1548079.8190694093,5239703.749366387,23414.46341463415,1548325.6387401489,5239614.27832324,24390.024390243903,1547982.798426714,5238672.332303599,24390.024390243903
1548374.1490614966,5240129.986854634,23902.24390243903,1.0080854050508135,1548079.8190694093,5239703.749366387,23414.46341463415,1548422.659382844,5240645.695386027,23414.46341463415,1548668.4790535837,5240556.224342882,24390.024390243903,1548325.6387401489,5239614.27832324,24390.024390243903
1548716.9893749312,5241071.932874274,23902.24390243903,0.9661393296970316,1548422.659382844,5240645.695386027,23414.46341463415,1548765.499696279,5241587.641405668,23414.46341463415,1549011.3193670183,5241498.170362522,24390.024390243903,1548668.4790535837,5240556.224342882,24390.024390243903
1549059.829688366,5242013.878893916,23902.24390243903,1.082322693575712,1548765.499696279,5241587.641405668,23414.46341463415,1549108.3400097138,5242529.587425309,23414.46341463415,1549354.1596804531,5242440.116382163,24390.024390243903,1549011.3193670183,5241498.170362522,24390.024390243903
1549402.6700018009,5242955.824913556,23902.24390243903,1.0319923640722113,1549108.3400097138,5242529.587425309,23414.46341463415,1549451.1803231486,5243471.53344495,23414.46341463415,1549696.9999938882,5243382.062401803,24390.024390243903,1549354.1596804531,5242440.116382163,24390.024390243903
1549745.510315236,5243897.770933198,23902.24390243903,1.3461405603255956,1549451.1803231486,5243471.53344495,23414.46341463415,1549794.0206365834,5244413.479464591,23414.46341463415,1550039.840307323,5244324.008421444,24390.024390243903,1549696.9999938882,5243382.062401803,24390.024390243903
1550088.3506286705,5244839.716952838,23902.24390243903,1.4717854867384768,1549794.0206365834,5244413.479464591,23414.46341463415,1550136.8609500183,5245355.425484232,23414.46341463415,1550382.6806207576,5245265.954441085,24390.024390243903,1550039.840307323,5244324.008421444,24390.024390243903
1550431.1909421054,5245781.662972478,23902.24390243903,1.4668922484172102,1550136.8609500183,5245355.425484232,23414.46341463415,1550479.701263453,5246297.371503873,23414.46341463415,1550725.5209341925,5246207.900460726,24390.024390243903,1550382.6806207576,5245265.954441085,24390.024390243903
1550774.0312555402,5246723.608992119,23902.24390243903,1.4182418558687915,1550479.701263453,5246297.371503873,23414.46341463415,1550822.541576888,5247239.317523513,23414.46341463415,1551068.3612476273,5247149.846480367,24390.024390243903,1550725.5209341925,5246207.900460726,24390.024390243903
1551116.871568975,5247665.55501176,23902.24390243903,1.275141810801932,1550822.541576888,5247239.317523513,23414.46341463415,1551165.3818903225,5248181.263543154,23414.46341463415,1551411.2015610621,5248091.792500008,24390.024390243903,1551068.3612476273,5247149.846480367,24390.024390243903
1551459.7118824099,5248607.501031402,23902.24390243903,1.6324237729206779,1551165.3818903225,5248181.263543154,23414.46341463415,1551508.2222037574,5249123.209562794,23414.46341463415,1551754.041874497,5249033.738519649,24390.024390243903,1551411.2015610621,5248091.792500008,24390.024390243903
1551802.5521958447,5249549.447051042,23902.24390243903,1.9064663100233707,1551508.2222037574,5249123.209562794,23414.46341463415,1551851.0625171922,5250065.155582436,23414.46341463415,1552096.8821879316,5249975.684539289,24390.024390243903,1551754.041874497,5249033.738519649,24390.024390243903
1552145.3925092793,5250491.393070684,23902.24390243903,1.6831706732318246,1551851.0625171922,5250065.155582436,23414.46341463415,1552193.9028306273,5251007.101602077,23414.46341463415,1552439.7225013666,5250917.63055893,24390.024390243903,1552096.8821879316,5249975.684539289,24390.024390243903
1552488.2328227141,5251433.339090324,23902.24390243903,1.5209887589491513,1552193.9028306273,5251007.101602077,23414.46341463415,1552536.7431440619,5251949.047621718,23414.46341463415,1552782.5628148015,5251859.576578571,24390.024390243903,1552439.7225013666,5250917.63055893,24390.024390243903
1552831.073136149,5252375.285109965,23902.24390243903,1.4493068054497407,1552536.7431440619,5251949.047621718,23414.46341463415,1552879.5834574967,5252890.993641359,23414.46341463415,1553125.4031282363,5252801.522598213,24390.024390243903,1552782.5628148015,5251859.576578571,24390.024390243903
1553173.9134495838,5253317.231129605,23902.24390243903,1.2773819041563825,1552879.5834574967,5252890.993641359,23414.46341463415,1553222.4237709315,5253832.939661,23414.46341463415,1553468.243441671,5253743.468617853,24390.024390243903,1553125.4031282363,5252801.522598213,24390.024390243903
1553516.7537630186,5254259.177149246,23902.24390243903,1.0832605726404958,1553222.4237709315,5253832.939661,23414.46341463415,1553565.2640843664,5254774.88568064,23414.46341463415,1553811.083755106,5254685.414637495,24390.024390243903,1553468.243441671,5253743.468617853,24390.024390243903
1553859.5940764535,5255201.123168888,23902.24390243903,1.0298052906969282,1553565.2640843664,5254774.88568064,23414.46341463415,1553908.1043978012,5255716.831700281,23414.46341463415,1554153.9240685406,5255627.360657135,24390.024390243903,1553811.083755106,5254685.414637495,24390.024390243903
1554202.4343898883,5256143.069188529,23902.24390243903,1.2266531186410174,1553908.1043978012,5255716.831700281,23414.46341463415,1554250.944711236,5256658.777719922,23414.46341463415,1554496.7643819754,5256569.306676776,24390.024390243903,1554153.9240685406,5255627.360657135,24390.024390243903
1554545.2747033231,5257085.01520817,23902.24390243903,1.2708610053283067,1554250.944711236,5256658.777719922,23414.46341463415,1554593.7850246707,5257600.7237395635,23414.46341463415,1554839.6046954102,5257511.252696416,24390.024390243903,1554496.7643819754,5256569.306676776,24390.024390243903
1554888.115016758,5258026.961227811,23902.24390243903,1.1767941541387592,1554593.7850246707,5257600.7237395635,23414.46341463415,1554936.6253381057,5258542.669759204,23414.46341463415,1555182.4450088453,5258453.198716058,24390.024390243903,1554839.6046954102,5257511.252696416,24390.024390243903
1555230.9553301928,5258968.907247451,23902.24390243903,1.3754792360390495,1554936.6253381057,5258542.669759204,23414.46341463415,1555279.4656515406,5259484.615778845,23414.46341463415,1555525.28532228,5259395.144735699,24390.024390243903,1555182.4450088453,5258453.198716058,24390.024390243903
1555573.7956436276,5259910.853267092,23902.24390243903,1.4351943869539583,1555279.4656515406,5259484.615778845,23414.46341463415,1555622.3059649754,5260426.561798486,23414.46341463415,1555868.1256357147,5260337.09075534,24390.024390243903,1555525.28532228,5259395.144735699,24390.024390243903
1555916.6359570625,5260852.799286733,23902.24390243903,1.6298621278057652,1555622.3059649754,5260426.561798486,23414.46341463415,1555965.14627841,5261368.507818127,23414.46341463415,1556210.9659491496,5261279.03677498,24390.024390243903,1555868.1256357147,5260337.09075534,24390.024390243903
1556259.4762704973,5261794.745306374,23902.24390243903,1.3744810660935738,1555965.14627841,5261368.507818127,23414.46341463415,1556307.9865918448,5262310.453837767,23414.46341463415,1556553.8062625844,5262220.982794622,24390.024390243903,1556210.9659491496,5261279.03677498,24390.024390243903
1556602.3165839321,5262736.691326015,23902.24390243903,1.3155044103565576,1556307.9865918448,5262310.453837767,23414.46341463415,1556650.8269052797,5263252.399857408,23414.46341463415,1556896.646576019,5263162.928814262,24390.024390243903,1556553.8062625844,5262220.982794622,24390.024390243903
1556945.1568973667,5263678.637345656,23902.24390243903,1.1202205236845917,1556650.8269052797,5263252.399857408,23414.46341463415,1556993.6672187145,5264194.3458770495,23414.46341463415,1557239.4868894538,5264104.874833903,24390.024390243903,1556896.646576019,5263162.928814262,24390.024390243903
1557287.9972108016,5264620.583365297,23902.24390243903,0.8219499483553497,1556993.6672187145,5264194.3458770495,23414.46341463415,1557336.5075321493,5265136.291896691,23414.46341463415,1557582.327202889,5265046.820853544,24390.024390243903,1557239.4868894538,5264104.874833903,24390.024390243903
1557630.8375242366,5265562.529384937,23902.24390243903,0.7770022224582678,1557336.5075321493,5265136.291896691,23414.46341463415,1557679.3478455842,5266078.237916331,23414.46341463415,1557925.1675163237,5265988.766873185,24390.024390243903,1557582.327202889,5265046.820853544,24390.024390243903
1557973.6778376715,5266504.475404578,23902.24390243903,0.6875815452022718,1557679.3478455842,5266078.237916331,23414.46341463415,1558022.188159019,5267020.183935973,23414.46341463415,1558268.0078297586,5266930.712892826,24390.024390243903,1557925.1675163237,5265988.766873185,24390.024390243903
1558316.5181511063,5267446.421424219,23902.24390243903,0.6139130335783736,1558022.188159019,5267020.183935973,23414.46341463415,1558365.0284724538,5267962.129955613,23414.46341463415,1558610.8481431932,5267872.658912466,24390.024390243903,1558268.0078297586,5266930.712892826,24390.024390243903
1558659.358464541,5268388.3674438605,23902.24390243903,0.6938381308737538,1558365.0284724538,5267962.129955613,23414.46341463415,1558707.8687858887,5268904.075975253,23414.46341463415,1558953.688456628,5268814.604932108,24390.024390243903,1558610.8481431932,5267872.658912466,24390.024390243903
1559002.1987779755,5269330.313463501,23902.24390243903,0.6159621281180159,1558707.8687858887,5268904.075975253,23414.46341463415,1559050.7090993233,5269846.021994894,23414.46341463415,1559296.5287700628,5269756.550951748,24390.024390243903,1558953.688456628,5268814.604932108,24390.024390243903
1559345.0390914103,5270272.259483141,23902.24390243903,0.6074230199394783,1559050.7090993233,5269846.021994894,23414.46341463415,1559393.549412758,5270787.9680145355,23414.46341463415,1559639.3690834977,5270698.496971389,24390.024390243903,1559296.5287700628,5269756.550951748,24390.024390243903
1559687.8794048452,5271214.205502783,23902.24390243903,0.6894736519377268,1559393.549412758,5270787.9680145355,23414.46341463415,1559736.389726193,5271729.914034177,23414.46341463415,1559982.2093969323,5271640.4429910295,24390.024390243903,1559639.3690834977,5270698.496971389,24390.024390243903
1560030.71971828,5272156.151522424,23902.24390243903,0.6702094258591715,1559736.389726193,5271729.914034177,23414.46341463415,1560079.2300396278,5272671.860053817,23414.46341463415,1560325.0497103673,5272582.3890106715,24390.024390243903,1559982.2093969323,5271640.4429910295,24390.024390243903
1560373.560031715,5273098.097542064,23902.24390243903,0.7955199560169839,1560079.2300396278,5272671.860053817,23414.46341463415,1560422.0703530626,5273613.806073458,23414.46341463415,1560667.8900238022,5273524.335030312,24390.024390243903,1560325.0497103673,5272582.3890106715,24390.024390243903
1560716.40034515,5274040.043561705,23902.24390243903,0.9988471826273528,1560422.0703530626,5273613.806073458,23414.46341463415,1560764.9106664974,5274555.752093099,23414.46341463415,1561010.730337237,5274466.281049953,24390.024390243903,1560667.8900238022,5273524.335030312,24390.024390243903
1561059.2406585845,5274981.9895813465,23902.24390243903,1.2579062462205768,1560764.9106664974,5274555.752093099,23414.46341463415,1561107.7509799323,5275497.69811274,23414.46341463415,1561353.5706506716,5275408.227069594,24390.024390243903,1561010.730337237,5274466.281049953,24390.024390243903
1561402.0809720194,5275923.935600988,23902.24390243903,1.2427453445321794,1561107.7509799323,5275497.69811274,23414.46341463415,1561450.591293367,5276439.64413238,23414.46341463415,1561696.4109641064,5276350.173089235,24390.024390243903,1561353.5706506716,5275408.227069594,24390.024390243903
1561744.9212854542,5276865.881620628,23902.24390243903,1.0089602410669958,1561450.591293367,5276439.64413238,23414.46341463415,1561793.431606802,5277381.590152022,23414.46341463415,1562039.2512775413,5277292.119108875,24390.024390243903,1561696.4109641064,5276350.173089235,24390.024390243903
1562087.761598889,5277807.827640268,23902.24390243903,0.9020062873384986,1561793.431606802,5277381.590152022,23414.46341463415,1562136.2719202365,5278323.536171663,23414.46341463415,1562382.091590976,5278234.065128516,24390.024390243903,1562039.2512775413,5277292.119108875,24390.024390243903
1562430.6019123239,5278749.77365991,23902.24390243903,1.1530337453237833,1562136.2719202365,5278323.536171663,23414.46341463415,1562479.1122336714,5279265.482191304,23414.46341463415,1562724.931904411,5279176.0111481575,24390.024390243903,1562382.091590976,5278234.065128516,24390.024390243903
1562773.4422257587,5279691.719679551,23902.24390243903,1.445182559224002,1562479.1122336714,5279265.482191304,23414.46341463415,1562821.9525471064,5280207.428210944,23414.46341463415,1563067.7722178458,5280117.957167799,24390.024390243903,1562724.931904411,5279176.0111481575,24390.024390243903
1563116.2825391935,5280633.665699191,23902.24390243903,1.3750337883941002,1562821.9525471064,5280207.428210944,23414.46341463415,1563164.7928605413,5281149.374230586,23414.46341463415,1563410.6125312806,5281059.903187439,24390.024390243903,1563067.7722178458,5280117.957167799,24390.024390243903
1563459.1228526284,5281575.6117188325,23902.24390243903,1.107660729492929,1563164.7928605413,5281149.374230586,23414.46341463415,1563507.6331739759,5282091.320250226,23414.46341463415,1563753.4528447154,5282001.849207079,24390.024390243903,1563410.6125312806,5281059.903187439,24390.024390243903
1563801.9631660632,5282517.557738474,23902.24390243903,1.0361730587079843,1563507.6331739759,5282091.320250226,23414.46341463415,1563850.4734874107,5283033.266269866,23414.46341463415,1564096.2931581503,5282943.795226721,24390.024390243903,1563753.4528447154,5282001.849207079,24390.024390243903
1564144.803479498,5283459.503758115,23902.24390243903,0.9880747711163259,1563850.4734874107,5283033.266269866,23414.46341463415,1564193.3138008455,5283975.2122895075,23414.46341463415,1564439.133471585,5283885.741246362,24390.024390243903,1564096.2931581503,5282943.795226721,24390.024390243903
1564487.6437929329,5284401.449777755,23902.24390243903,1.2172086651673537,1564193.3138008455,5283975.2122895075,23414.46341463415,1564536.1541142804,5284917.15830915,23414.46341463415,1564781.9737850197,5284827.687266002,24390.024390243903,1564439.133471585,5283885.741246362,24390.024390243903
1564830.4841063675,5285343.395797396,23902.24390243903,1.1757305851720758,1564536.1541142804,5284917.15830915,23414.46341463415,1564878.9944277152,5285859.10432879,23414.46341463415,1565124.8140984545,5285769.6332856435,24390.024390243903,1564781.9737850197,5284827.687266002,24390.024390243903
1565173.3244198023,5286285.341817037,23902.24390243903,1.2100292453370438,1564878.9944277152,5285859.10432879,23414.46341463415,1565221.83474115,5286801.050348431,23414.46341463415,1565467.6544118896,5286711.579305285,24390.024390243903,1565124.8140984545,5285769.6332856435,24390.024390243903
1565516.1647332371,5287227.287836678,23902.24390243903,1.2109717216556932,1565221.83474115,5286801.050348431,23414.46341463415,1565564.6750545849,5287742.996368072,23414.46341463415,1565810.4947253244,5287653.525324925,24390.024390243903,1565467.6544118896,5286711.579305285,24390.024390243903
1565859.005046672,5288169.2338563185,23902.24390243903,1.097498761532924,1565564.6750545849,5287742.996368072,23414.46341463415,1565907.5153680197,5288684.942387713,23414.46341463415,1566153.3350387593,5288595.471344566,24390.024390243903,1565810.4947253244,5287653.525324925,24390.024390243903
1566201.8453601068,5289111.17987596,23902.24390243903,1.3949602880547096,1565907.5153680197,5288684.942387713,23414.46341463415,1566250.3556814545,5289626.888407353,23414.46341463415,1566496.1753521939,5289537.417364207,24390.024390243903,1566153.3350387593,5288595.471344566,24390.024390243903
1566544.6856735416,5290053.125895601,23902.24390243903,1.5064717808970867,1566250.3556814545,5289626.888407353,23414.46341463415,1566593.1959948894,5290568.8344269935,23414.46341463415,1566839.0156656287,5290479.363383848,24390.024390243903,1566496.1753521939,5289537.417364207,24390.024390243903
1566887.5259869765,5290995.071915241,23902.24390243903,1.1442663873989323,1566593.1959948894,5290568.8344269935,23414.46341463415,1566936.036308324,5291510.780446636,23414.46341463415,1567181.8559790635,5291421.309403488,24390.024390243903,1566839.0156656287,5290479.363383848,24390.024390243903
1567230.366300411,5291937.017934882,23902.24390243903,0.8153937819270404,1566936.036308324,5291510.780446636,23414.46341463415,1567278.8766217588,5292452.726466276,23414.46341463415,1567524.6962924984,5292363.25542313,24390.024390243903,1567181.8559790635,5291421.309403488,24390.024390243903
1567573.206613846,5292878.963954523,23902.24390243903,0.8661996505537073,1567278.8766217588,5292452.726466276,23414.46341463415,1567621.7169351936,5293394.672485917,23414.46341463415,1567867.536605933,5293305.201442771,24390.024390243903,1567524.6962924984,5292363.25542313,24390.024390243903
1567916.0469272807,5293820.909974163,23902.24390243903,0.8904719219454028,1567621.7169351936,5293394.672485917,23414.46341463415,1567964.5572486285,5294336.618505557,23414.46341463415,1568210.376919368,5294247.147462412,24390.024390243903,1567867.536605933,5293305.201442771,24390.024390243903
1568258.8872407158,5294762.8559938045,23902.24390243903,0.863882271481638,1567964.5572486285,5294336.618505557,23414.46341463415,1568307.3975620633,5295278.564525199,23414.46341463415,1568553.2172328029,5295189.093482052,24390.024390243903,1568210.376919368,5294247.147462412,24390.024390243903
1568601.7275541506,5295704.802013447,23902.24390243903,0.8225674596998588,1568307.3975620633,5295278.564525199,23414.46341463415,1568650.2378754981,5296220.510544839,23414.46341463415,1568896.0575462377,5296131.039501693,24390.024390243903,1568553.2172328029,5295189.093482052,24390.024390243903
1568944.5678675855,5296646.748033087,23902.24390243903,0.7848572450681585,1568650.2378754981,5296220.510544839,23414.46341463415,1568993.078188933,5297162.45656448,23414.46341463415,1569238.8978596723,5297072.985521334,24390.024390243903,1568896.0575462377,5296131.039501693,24390.024390243903
1569287.40818102,5297588.694052728,23902.24390243903,1.0751300207863976,1568993.078188933,5297162.45656448,23414.46341463415,1569335.9185023678,5298104.402584121,23414.46341463415,1569581.7381731072,5298014.931540975,24390.024390243903,1569238.8978596723,5297072.985521334,24390.024390243903
1569630.248494455,5298530.640072368,23902.24390243903,1.1265902815517832,1569335.9185023678,5298104.402584121,23414.46341463415,1569678.7588158026,5299046.348603763,23414.46341463415,1569924.578486542,5298956.877560616,24390.024390243903,1569581.7381731072,5298014.931540975,24390.024390243903
1569973.0888078897,5299472.58609201,23902.24390243903,1.0156393850917969,1569678.7588158026,5299046.348603763,23414.46341463415,1570021.5991292372,5299988.294623403,23414.46341463415,1570267.4187999768,5299898.823580258,24390.024390243903,1569924.578486542,5298956.877560616,24390.024390243903
1570315.9291213246,5300414.53211165,23902.24390243903,0.8026680845128565,1570021.5991292372,5299988.294623403,23414.46341463415,1570364.439442672,5300930.240643044,23414.46341463415,1570610.2591134117,5300840.769599898,24390.024390243903,1570267.4187999768,5299898.823580258,24390.024390243903
1570658.7694347594,5301356.4781312905,23902.24390243903,0.7215522976027132,1570364.439442672,5300930.240643044,23414.46341463415,1570707.2797561071,5301872.186662685,23414.46341463415,1570953.0994268465,5301782.715619538,24390.024390243903,1570610.2591134117,5300840.769599898,24390.024390243903
1571001.6097481942,5302298.424150932,23902.24390243903,0.6863990181684282,1570707.2797561071,5301872.186662685,23414.46341463415,1571050.120069542,5302814.132682326,23414.46341463415,1571295.9397402813,5302724.661639179,24390.024390243903,1570953.0994268465,5301782.715619538,24390.024390243903
1571344.4500616288,5303240.370170574,23902.24390243903,0.7456667813636406,1571050.120069542,5302814.132682326,23414.46341463415,1571392.9603829766,5303756.078701966,23414.46341463415,1571638.7800537162,5303666.60765882,24390.024390243903,1571295.9397402813,5302724.661639179,24390.024390243903
1571687.2903750637,5304182.316190214,23902.24390243903,0.7360000994711157,1571392.9603829766,5303756.078701966,23414.46341463415,1571735.8006964114,5304698.024721607,23414.46341463415,1571981.620367151,5304608.553678461,24390.024390243903,1571638.7800537162,5303666.60765882,24390.024390243903
1572030.1306884985,5305124.262209854,23902.24390243903,0.9032660033361439,1571735.8006964114,5304698.024721607,23414.46341463415,1572078.6410098462,5305639.970741249,23414.46341463415,1572324.4606805856,5305550.499698102,24390.024390243903,1571981.620367151,5304608.553678461,24390.024390243903
1572372.9710019333,5306066.208229496,23902.24390243903,1.3174930441198953,1572078.6410098462,5305639.970741249,23414.46341463415,1572421.481323281,5306581.916760889,23414.46341463415,1572667.3009940204,5306492.445717743,24390.024390243903,1572324.4606805856,5305550.499698102,24390.024390243903
1572715.8113153682,5307008.154249136,23902.24390243903,1.6121038722367986,1572421.481323281,5306581.916760889,23414.46341463415,1572764.321636716,5307523.86278053,23414.46341463415,1573010.1413074553,5307434.391737384,24390.024390243903,1572667.3009940204,5306492.445717743,24390.024390243903
1573058.651628803,5307950.100268777,23902.24390243903,1.7851486521269477,1572764.321636716,5307523.86278053,23414.46341463415,1573107.1619501505,5308465.80880017,23414.46341463415,1573352.98162089,5308376.337757025,24390.024390243903,1573010.1413074553,5307434.391737384,24390.024390243903
1573401.4919422378,5308892.046288418,23902.24390243903,1.8369238885751484,1573107.1619501505,5308465.80880017,23414.46341463415,1573450.0022635856,5309407.754819812,23414.46341463415,1573695.821934325,5309318.283776665,24390.024390243903,1573352.98162089,5308376.337757025,24390.024390243903
1573744.3322556727,5309833.992308059,23902.24390243903,2.2815036268766034,1573450.0022635856,5309407.754819812,23414.46341463415,1573792.8425770204,5310349.700839452,23414.46341463415,1574038.6622477598,5310260.229796307,24390.024390243903,1573695.821934325,5309318.283776665,24390.024390243903
1574087.1725691075,5310775.9383277,23902.24390243903,2.5616210090051417,1573792.8425770204,5310349.700839452,23414.46341463415,1574135.6828904552,5311291.646859094,23414.46341463415,1574381.5025611946,5311202.175815947,24390.024390243903,1574038.6622477598,5310260.229796307,24390.024390243903
1574430.0128825423,5311717.884347341,23902.24390243903,2.8719230791106423,1574135.6828904552,5311291.646859094,23414.46341463415,1574478.5232038898,5312233.592878735,23414.46341463415,1574724.3428746294,5312144.1218355885,24390.024390243903,1574381.5025611946,5311202.175815947,24390.024390243903
1574772.8531959772,5312659.830366981,23902.24390243903,3.262980867298338,1574478.5232038898,5312233.592878735,23414.46341463415,1574821.3635173247,5313175.538898376,23414.46341463415,1575067.1831880643,5313086.067855229,24390.024390243903,1574724.3428746294,5312144.1218355885,24390.024390243903
1575115.6935094118,5313601.776386623,23902.24390243903,3.263508730126128,1574821.3635173247,5313175.538898376,23414.46341463415,1575164.2038307595,5314117.484918016,23414.46341463415,1575410.0235014989,5314028.013874871,24390.024390243903,1575067.1831880643,5313086.067855229,24390.024390243903
1575458.5338228466,5314543.722406263,23902.24390243903,3.587686008317681,1575164.2038307595,5314117.484918016,23414.46341463415,1575507.0441441943,5315059.430937657,23414.46341463415,1575752.8638149337,5314969.959894511,24390.024390243903,1575410.0235014989,5314028.013874871,24390.024390243903
1575801.3741362814,5315485.668425905,23902.24390243903,2.708479279940827,1575507.0441441943,5315059.430937657,23414.46341463415,1575849.8844576292,5316001.376957298,23414.46341463415,1576095.7041283688,5315911.905914152,24390.024390243903,1575752.8638149337,5314969.959894511,24390.024390243903
1576144.2144497165,5316427.614445546,23902.24390243903,2.129450023687671,1575849.8844576292,5316001.376957298,23414.46341463415,1576192.7247710642,5316943.322976939,23414.46341463415,1576438.5444418036,5316853.851933792,24390.024390243903,1576095.7041283688,5315911.905914152,24390.024390243903
1576487.0547631513,5317369.560465186,23902.24390243903,2.5682068962232925,1576192.7247710642,5316943.322976939,23414.46341463415,1576535.5650844988,5317885.26899658,23414.46341463415,1576781.3847552384,5317795.797953434,24390.024390243903,1576438.5444418036,5316853.851933792,24390.024390243903
1576829.8950765862,5318311.506484827,23902.24390243903,3.980816595066213,1576535.5650844988,5317885.26899658,23414.46341463415,1576878.4053979337,5318827.215016221,23414.46341463415,1577124.2250686733,5318737.7439730745,24390.024390243903,1576781.3847552384,5317795.797953434,24390.024390243903
1577172.735390021,5319253.452504468,23902.24390243903,5.100182644044471,1576878.4053979337,5318827.215016221,23414.46341463415,1577221.2457113685,5319769.161035862,23414.46341463415,1577467.0653821079,5319679.689992716,24390.024390243903,1577124.2250686733,5318737.7439730745,24390.024390243903
1577515.5757034556,5320195.398524109,23902.24390243903,6.074897290399061,1577221.2457113685,5319769.161035862,23414.46341463415,1577564.0860248033,5320711.107055503,23414.46341463415,1577809.9056955427,5320621.636012356,24390.024390243903,1577467.0653821079,5319679.689992716,24390.024390243903
1577858.4160168902,5321137.34454375,23902.24390243903,6.3256349560314815,1577564.0860248033,5320711.107055503,23414.46341463415,1577906.926338238,5321653.053075143,23414.46341463415,1578152.7460089775,5321563.582031998,24390.024390243903,1577809.9056955427,5320621.636012356,24390.024390243903
1578201.256330325,5322079.290563391,23902.24390243903,5.617893316597668,1577906.926338238,5321653.053075143,23414.46341463415,1578249.7666516728,5322594.999094784,23414.46341463415,1578495.5863224124,5322505.528051638,24390.024390243903,1578152.7460089775,5321563.582031998,24390.024390243903
1578544.0966437599,5323021.236583032,23902.24390243903,5.916285780126379,1578249.7666516728,5322594.999094784,23414.46341463415,1578592.6069651078,5323536.945114425,23414.46341463415,1578838.4266358472,5323447.474071279,24390.024390243903,1578495.5863224124,5322505.528051638,24390.024390243903
1578886.936957195,5323963.182602673,23902.24390243903,5.721386264353319,1578592.6069651078,5323536.945114425,23414.46341463415,1578935.4472785427,5324478.8911340665,23414.46341463415,1579181.266949282,5324389.42009092,24390.024390243903,1578838.4266358472,5323447.474071279,24390.024390243903
1579229.7772706298,5324905.128622313,23902.24390243903,7.100833708415401,1578935.4472785427,5324478.8911340665,23414.46341463415,1579278.2875919773,5325420.837153707,23414.46341463415,1579524.1072627169,5325331.3661105605,24390.024390243903,1579181.266949282,5324389.42009092,24390.024390243903
1579572.6175840644,5325847.074641953,23902.24390243903,8.026841855543092,1579278.2875919773,5325420.837153707,23414.46341463415,1579621.127905412,5326362.783173348,23414.46341463415,1579866.9475761517,5326273.312130202,24390.024390243903,1579524.1072627169,5325331.3661105605,24390.024390243903
1579915.4578974992,5326789.020661594,23902.24390243903,10.000309044930821,1579621.127905412,5326362.783173348,23414.46341463415,1579963.968218847,5327304.729192989,23414.46341463415,1580209.7878895863,5327215.258149842,24390.024390243903,1579866.9475761517,5326273.312130202,24390.024390243903
1580258.298210934,5327730.966681236,23902.24390243903,8.330249990981919,1579963.968218847,5327304.729192989,23414.46341463415,1580306.8085322818,5328246.675212629,23414.46341463415,1580552.6282030211,5328157.204169484,24390.024390243903,1580209.7878895863,5327215.258149842,24390.024390243903
1580601.1385243689,5328672.912700877,23902.24390243903,7.052993557441014,1580306.8085322818,5328246.675212629,23414.46341463415,1580649.6488457166,5329188.62123227,23414.46341463415,1580895.468516456,5329099.150189124,24390.024390243903,1580552.6282030211,5328157.204169484,24390.024390243903
1580943.9788378037,5329614.858720518,23902.24390243903,7.129011214933645,1580649.6488457166,5329188.62123227,23414.46341463415,1580992.4891591512,5330130.567251911,23414.46341463415,1581238.3088298908,5330041.096208765,24390.024390243903,1580895.468516456,5329099.150189124,24390.024390243903
1581286.8191512388,5330556.804740159,23902.24390243903,7.944812952133857,1580992.4891591512,5330130.567251911,23414.46341463415,1581335.3294725863,5331072.5132715525,23414.46341463415,1581581.1491433256,5330983.042228405,24390.024390243903,1581238.3088298908,5330041.096208765,24390.024390243903
1581629.6594646734,5331498.7507598,23902.24390243903,7.45329554386599,1581335.3294725863,5331072.5132715525,23414.46341463415,1581678.169786021,5332014.459291193,23414.46341463415,1581923.9894567605,5331924.988248047,24390.024390243903,1581581.1491433256,5330983.042228405,24390.024390243903
1581972.4997781082,5332440.69677944,23902.24390243903,6.969195093262617,1581678.169786021,5332014.459291193,23414.46341463415,1582021.010099456,5332956.405310834,23414.46341463415,1582266.8297701953,5332866.934267688,24390.024390243903,1581923.9894567605,5331924.988248047,24390.024390243903
1582315.340091543,5333382.64279908,23902.24390243903,7.026047568674113,1582021.010099456,5332956.405310834,23414.46341463415,1582363.8504128905,5333898.351330475,23414.46341463415,1582609.6700836301,5333808.880287329,24390.024390243903,1582266.8297701953,5332866.934267688,24390.024390243903
1582658.1804049779,5334324.588818722,23902.24390243903,7.4059333022706015,1582363.8504128905,5333898.351330475,23414.46341463415,1582706.6907263254,5334840.297350116,23414.46341463415,1582952.510397065,5334750.82630697,24390.024390243903,1582609.6700836301,5333808.880287329,24390.024390243903
1583001.0207184127,5335266.5348383635,23902.24390243903,7.496249526277451,1582706.6907263254,5334840.297350116,23414.46341463415,1583049.5310397602,5335782.243369756,23414.46341463415,1583295.3507104996,5335692.772326611,24390.024390243903,1582952.510397065,5334750.82630697,24390.024390243903
1583343.8610318473,5336208.480858004,23902.24390243903,6.676303215664042,1583049.5310397602,5335782.243369756,23414.46341463415,1583392.371353195,5336724.189389398,23414.46341463415,1583638.1910239344,5336634.718346251,24390.024390243903,1583295.3507104996,5335692.772326611,24390.024390243903
1583686.701345282,5337150.426877645,23902.24390243903,6.430938292090993,1583392.371353195,5336724.189389398,23414.46341463415,1583735.2116666296,5337666.1354090385,23414.46341463415,1583981.0313373695,5337576.664365892,24390.024390243903,1583638.1910239344,5336634.718346251,24390.024390243903
1584029.541658717,5338092.372897286,23902.24390243903,5.992764969971043,1583735.2116666296,5337666.1354090385,23414.46341463415,1584078.0519800647,5338608.08142868,23414.46341463415,1584323.8716508043,5338518.610385533,24390.024390243903,1583981.0313373695,5337576.664365892,24390.024390243903
1584372.3819721518,5339034.318916927,23902.24390243903,5.8592841670823645,1584078.0519800647,5338608.08142868,23414.46341463415,1584420.8922934995,5339550.02744832,23414.46341463415,1584666.711964239,5339460.556405174,24390.024390243903,1584323.8716508043,5338518.610385533,24390.024390243903
1584715.2222855866,5339976.264936567,23902.24390243903,6.063990448217319,1584420.8922934995,5339550.02744832,23414.46341463415,1584763.7326069344,5340491.973467962,23414.46341463415,1585009.5522776737,5340402.502424815,24390.024390243903,1584666.711964239,5339460.556405174,24390.024390243903
1585058.0625990215,5340918.210956208,23902.24390243903,5.109502131244097,1584763.7326069344,5340491.973467962,23414.46341463415,1585106.5729203692,5341433.919487602,23414.46341463415,1585352.3925911086,5341344.448444455,24390.024390243903,1585009.5522776737,5340402.502424815,24390.024390243903
1585400.9029124563,5341860.156975849,23902.24390243903,4.675778629686784,1585106.5729203692,5341433.919487602,23414.46341463415,1585449.4132338038,5342375.865507242,23414.46341463415,1585695.2329045434,5342286.394464097,24390.024390243903,1585352.3925911086,5341344.448444455,24390.024390243903
1585743.7432258911,5342802.102995491,23902.24390243903,5.703784229173005,1585449.4132338038,5342375.865507242,23414.46341463415,1585792.2535472387,5343317.811526883,23414.46341463415,1586038.0732179782,5343228.340483738,24390.024390243903,1585695.2329045434,5342286.394464097,24390.024390243903
1586086.583539326,5343744.049015131,23902.24390243903,6.78436471888303,1585792.2535472387,5343317.811526883,23414.46341463415,1586135.0938606735,5344259.757546525,23414.46341463415,1586380.913531413,5344170.286503378,24390.024390243903,1586038.0732179782,5343228.340483738,24390.024390243903
1586429.4238527606,5344685.995034773,23902.24390243903,8.305362398631157,1586135.0938606735,5344259.757546525,23414.46341463415,1586477.9341741086,5345201.703566166,23414.46341463415,1586723.753844848,5345112.232523019,24390.024390243903,1586380.913531413,5344170.286503378,24390.024390243903
1586772.2641661956,5345627.941054413,23902.24390243903,7.98708635912002,1586477.9341741086,5345201.703566166,23414.46341463415,1586820.7744875434,5346143.649585807,23414.46341463415,1587066.5941582827,5346054.178542661,24390.024390243903,1586723.753844848,5345112.232523019,24390.024390243903
1587115.1044796305,5346569.887074054,23902.24390243903,8.561567133743216,1586820.7744875434,5346143.649585807,23414.46341463415,1587163.614800978,5347085.595605448,23414.46341463415,1587409.4344717176,5346996.124562301,24390.024390243903,1587066.5941582827,5346054.178542661,24390.024390243903
1587457.9447930653,5347511.833093694,23902.24390243903,8.912389132362726,1587163.614800978,5347085.595605448,23414.46341463415,1587506.4551144128,5348027.541625088,23414.46341463415,1587752.2747851524,5347938.070581942,24390.024390243903,1587409.4344717176,5346996.124562301,24390.024390243903
1587800.7851065,5348453.779113336,23902.24390243903,9.34103561424891,1587506.4551144128,5348027.541625088,23414.46341463415,1587849.2954278477,5348969.487644729,23414.46341463415,1588095.115098587,5348880.016601583,24390.024390243903,1587752.2747851524,5347938.070581942,24390.024390243903
1588143.6254199347,5349395.725132976,23902.24390243903,11.36580891903889,1587849.2954278477,5348969.487644729,23414.46341463415,1588192.1357412825,5349911.433664369,23414.46341463415,1588437.9554120218,5349821.962621224,24390.024390243903,1588095.115098587,5348880.016601583,24390.024390243903
1588486.4657333696,5350337.671152617,23902.24390243903,13.120817808436813,1588192.1357412825,5349911.433664369,23414.46341463415,1588534.9760547173,5350853.379684011,23414.46341463415,1588780.7957254567,5350763.908640864,24390.024390243903,1588437.9554120218,5349821.962621224,24390.024390243903
1588829.3060468044,5351279.617172258,23902.24390243903,13.701861997161023,1588534.9760547173,5350853.379684011,23414.46341463415,1588877.816368152,5351795.325703652,23414.46341463415,1589123.6360388915,5351705.854660505,24390.024390243903,1588780.7957254567,5350763.908640864,24390.024390243903
1589172.1463602395,5352221.563191899,23902.24390243903,13.078340102770373,1588877.816368152,5351795.325703652,23414.46341463415,1589220.656681587,5352737.271723293,23414.46341463415,1589466.4763523266,5352647.800680147,24390.024390243903,1589123.6360388915,5351705.854660505,24390.024390243903
1589514.9866736743,5353163.50921154,23902.24390243903,13.072989950693986,1589220.656681587,5352737.271723293,23414.46341463415,1589563.4969950218,5353679.217742933,23414.46341463415,1589809.3166657612,5353589.746699788,24390.024390243903,1589466.4763523266,5352647.800680147,24390.024390243903
1589857.826987109,5354105.45523118,23902.24390243903,14.683366502068878,1589563.4969950218,5353679.217742933,23414.46341463415,1589906.3373084567,5354621.163762575,23414.46341463415,1590152.156979196,5354531.692719428,24390.024390243903,1589809.3166657612,5353589.746699788,24390.024390243903
1590200.6673005435,5355047.4012508225,23902.24390243903,13.470106553192055,1589906.3373084567,5354621.163762575,23414.46341463415,1590249.1776218913,5355563.109782215,23414.46341463415,1590494.9972926308,5355473.638739069,24390.024390243903,1590152.156979196,5354531.692719428,24390.024390243903
1590543.5076139783,5355989.347270463,23902.24390243903,11.624540690488432,1590249.1776218913,5355563.109782215,23414.46341463415,1590592.017935326,5356505.055801856,23414.46341463415,1590837.8376060657,5356415.58475871,24390.024390243903,1590494.9972926308,5355473.638739069,24390.024390243903
1590886.3479274132,5356931.293290103,23902.24390243903,11.814793737390948,1590592.017935326,5356505.055801856,23414.46341463415,1590934.858248761,5357447.001821497,23414.46341463415,1591180.6779195003,5357357.530778351,24390.024390243903,1590837.8376060657,5356415.58475871,24390.024390243903
1591229.188240848,5357873.239309744,23902.24390243903,11.148291510154563,1590934.858248761,5357447.001821497,23414.46341463415,1591277.6985621958,5358388.947841139,23414.46341463415,1591523.518232935,5358299.476797991,24390.024390243903,1591180.6779195003,5357357.530778351,24390.024390243903
1591572.0285542828,5358815.185329386,23902.24390243903,9.164408348082091,1591277.6985621958,5358388.947841139,23414.46341463415,1591620.5388756304,5359330.893860779,23414.46341463415,1591866.3585463702,5359241.4228176335,24390.024390243903,1591523.518232935,5358299.476797991,24390.024390243903
1591914.8688677177,5359757.131349026,23902.24390243903,9.259664443092715,1591620.5388756304,5359330.893860779,23414.46341463415,1591963.3791890654,5360272.83988042,23414.46341463415,1592209.198859805,5360183.368837274,24390.024390243903,1591866.3585463702,5359241.4228176335,24390.024390243903
1592257.7091811525,5360699.077368666,23902.24390243903,8.472242182401319,1591963.3791890654,5360272.83988042,23414.46341463415,1592306.2195025003,5361214.785900061,23414.46341463415,1592552.0391732396,5361125.314856914,24390.024390243903,1592209.198859805,5360183.368837274,24390.024390243903
1592600.5494945874,5361641.023388308,23902.24390243903,9.624201764995588,1592306.2195025003,5361214.785900061,23414.46341463415,1592649.059815935,5362156.731919702,23414.46341463415,1592894.8794866744,5362067.260876555,24390.024390243903,1592552.0391732396,5361125.314856914,24390.024390243903
1592943.3898080222,5362582.96940795,23902.24390243903,12.172370481179247,1592649.059815935,5362156.731919702,23414.46341463415,1592991.90012937,5363098.677939342,23414.46341463415,1593237.7198001093,5363009.206896196,24390.024390243903,1592894.8794866744,5362067.260876555,24390.024390243903
1593286.230121457,5363524.91542759,23902.24390243903,15.293123734228917,1592991.90012937,5363098.677939342,23414.46341463415,1593334.7404428045,5364040.6239589825,23414.46341463415,1593580.560113544,5363951.152915837,24390.024390243903,1593237.7198001093,5363009.206896196,24390.024390243903
1593629.0704348919,5364466.86144723,23902.24390243903,15.964740214906106,1593334.7404428045,5364040.6239589825,23414.46341463415,1593677.5807562394,5364982.569978625,23414.46341463415,1593923.4004269787,5364893.098935477,24390.024390243903,1593580.560113544,5363951.152915837,24390.024390243903
1593971.9107483265,5365408.807466871,23902.24390243903,15.13745027689098,1593677.5807562394,5364982.569978625,23414.46341463415,1594020.4210696742,5365924.515998265,23414.46341463415,1594266.2407404135,5365835.044955119,24390.024390243903,1593923.4004269787,5364893.098935477,24390.024390243903
1594314.7510617613,5366350.753486512,23902.24390243903,14.31861576355934,1594020.4210696742,5365924.515998265,23414.46341463415,1594363.2613831093,5366866.462017906,23414.46341463415,1594609.0810538486,5366776.99097476,24390.024390243903,1594266.2407404135,5365835.044955119,24390.024390243903
1594657.5913751964,5367292.699506153,23902.24390243903,12.476758348982496,1594363.2613831093,5366866.462017906,23414.46341463415,1594706.1016965439,5367808.408037546,23414.46341463415,1594951.9213672834,5367718.936994401,24390.024390243903,1594609.0810538486,5366776.99097476,24390.024390243903
1595000.4316886312,5368234.645525794,23902.24390243903,11.773216148298598,1594706.1016965439,5367808.408037546,23414.46341463415,1595048.9420099787,5368750.354057188,23414.46341463415,1595294.7616807183,5368660.883014041,24390.024390243903,1594951.9213672834,5367718.936994401,24390.024390243903
1595343.272002066,5369176.591545436,23902.24390243903,10.806144130017255,1595048.9420099787,5368750.354057188,23414.46341463415,1595391.7823234135,5369692.300076828,23414.46341463415,1595637.6019941529,5369602.829033683,24390.024390243903,1595294.7616807183,5368660.883014041,24390.024390243903
1595686.1123155006,5370118.537565076,23902.24390243903,9.727002250432811,1595391.7823234135,5369692.300076828,23414.46341463415,1595734.6226368484,5370634.246096469,23414.46341463415,1595980.4423075877,5370544.775053323,24390.024390243903,1595637.6019941529,5369602.829033683,24390.024390243903
1596028.9526289352,5371060.483584717,23902.24390243903,8.245797421204882,1595734.6226368484,5370634.246096469,23414.46341463415,1596077.462950283,5371576.192116111,23414.46341463415,1596323.2826210225,5371486.721072964,24390.024390243903,1595980.4423075877,5370544.775053323,24390.024390243903
1596371.79294237,5372002.429604357,23902.24390243903,8.177628229942862,1596077.462950283,5371576.192116111,23414.46341463415,1596420.3032637178,5372518.138135752,23414.46341463415,1596666.1229344574,5372428.667092605,24390.024390243903,1596323.2826210225,5371486.721072964,24390.024390243903
1596714.633255805,5372944.375623998,23902.24390243903,7.4231959383509425,1596420.3032637178,5372518.138135752,23414.46341463415,1596763.1435771526,5373460.084155392,23414.46341463415,1597008.963247892,5373370.613112247,24390.024390243903,1596666.1229344574,5372428.667092605,24390.024390243903
1597057.47356924,5373886.321643639,23902.24390243903,6.777254005293719,1596763.1435771526,5373460.084155392,23414.46341463415,1597105.9838905877,5374402.030175033,23414.46341463415,1597351.803561327,5374312.559131887,24390.024390243903,1597008.963247892,5373370.613112247,24390.024390243903
1597400.3138826748,5374828.2676632805,23902.24390243903,6.507269365971516,1597105.9838905877,5374402.030175033,23414.46341463415,1597448.8242040225,5375343.976194674,23414.46341463415,1597694.6438747619,5375254.505151527,24390.024390243903,1597351.803561327,5374312.559131887,24390.024390243903
1597743.1541961096,5375770.213682922,23902.24390243903,5.976238812730875,1597448.8242040225,5375343.976194674,23414.46341463415,1597791.6645174571,5376285.922214315,23414.46341463415,1598037.4841881967,5376196.451171168,24390.024390243903,1597694.6438747619,5375254.505151527,24390.024390243903
1598085.9945095445,5376712.159702563,23902.24390243903,5.512790324287357,1597791.6645174571,5376285.922214315,23414.46341463415,1598134.504830892,5377227.868233955,23414.46341463415,1598380.3245016315,5377138.39719081,24390.024390243903,1598037.4841881967,5376196.451171168,24390.024390243903
1598428.8348229793,5377654.105722203,23902.24390243903,4.942307034745551,1598134.504830892,5377227.868233955,23414.46341463415,1598477.3451443268,5378169.814253597,23414.46341463415,1598723.1648150664,5378080.34321045,24390.024390243903,1598380.3245016315,5377138.39719081,24390.024390243903
1598771.675136414,5378596.051741844,23902.24390243903,5.061400927207079,1598477.3451443268,5378169.814253597,23414.46341463415,1598820.1854577616,5379111.760273238,23414.46341463415,1599066.005128501,5379022.2892300915,24390.024390243903,1598723.1648150664,5378080.34321045,24390.024390243903
1599114.5154498487,5379537.997761485,23902.24390243903,4.77207384157222,1598820.1854577616,5379111.760273238,23414.46341463415,1599163.0257711965,5380053.706292879,23414.46341463415,1599408.8454419358,5379964.235249732,24390.024390243903,1599066.005128501,5379022.2892300915,24390.024390243903
1599457.3557632836,5380479.943781125,23902.24390243903,4.9318747833406995,1599163.0257711965,5380053.706292879,23414.46341463415,1599505.866084631,5380995.652312519,23414.46341463415,1599751.6857553709,5380906.181269374,24390.024390243903,1599408.8454419358,5379964.235249732,24390.024390243903
1599800.1960767186,5381421.8898007665,23902.24390243903,4.725472251329789,1599505.866084631,5380995.652312519,23414.46341463415,1599848.7063980661,5381937.598332161,23414.46341463415,1600094.5260688057,5381848.127289014,24390.024390243903,1599751.6857553709,5380906.181269374,24390.024390243903
1548277.1284188011,5239098.569791846,24877.804878048784,0.7424832964026894,1547982.798426714,5238672.332303599,24390.024390243903,1548325.6387401489,5239614.27832324,24390.024390243903,1548571.4584108882,5239524.807280094,25365.58536585366,1548228.6180974536,5238582.861260453,25365.58536585366
1548619.968732236,5240040.515811487,24877.804878048784,1.0448531911400745,1548325.6387401489,5239614.27832324,24390.024390243903,1548668.4790535837,5240556.224342882,24390.024390243903,1548914.298724323,5240466.753299735,25365.58536585366,1548571.4584108882,5239524.807280094,25365.58536585366
1548962.8090456708,5240982.461831128,24877.804878048784,1.023762705077527,1548668.4790535837,5240556.224342882,24390.024390243903,1549011.3193670183,5241498.170362522,24390.024390243903,1549257.1390377579,5241408.699319375,25365.58536585366,1548914.298724323,5240466.753299735,25365.58536585366
1549305.6493591056,5241924.407850769,24877.804878048784,1.0449549444732522,1549011.3193670183,5241498.170362522,24390.024390243903,1549354.1596804531,5242440.116382163,24390.024390243903,1549599.9793511927,5242350.645339017,25365.58536585366,1549257.1390377579,5241408.699319375,25365.58536585366
1549648.4896725402,5242866.35387041,24877.804878048784,1.2928540438184424,1549354.1596804531,5242440.116382163,24390.024390243903,1549696.9999938882,5243382.062401803,24390.024390243903,1549942.8196646275,5243292.591358657,25365.58536585366,1549599.9793511927,5242350.645339017,25365.58536585366
1549991.3299859753,5243808.299890051,24877.804878048784,1.3598547672113825,1549696.9999938882,5243382.062401803,24390.024390243903,1550039.840307323,5244324.008421444,24390.024390243903,1550285.6599780624,5244234.537378298,25365.58536585366,1549942.8196646275,5243292.591358657,25365.58536585366
1550334.1702994101,5244750.245909692,24877.804878048784,1.599100946947822,1550039.840307323,5244324.008421444,24390.024390243903,1550382.6806207576,5245265.954441085,24390.024390243903,1550628.5002914972,5245176.483397938,25365.58536585366,1550285.6599780624,5244234.537378298,25365.58536585366
1550677.010612845,5245692.191929333,24877.804878048784,1.7161718515304478,1550382.6806207576,5245265.954441085,24390.024390243903,1550725.5209341925,5246207.900460726,24390.024390243903,1550971.340604932,5246118.42941758,25365.58536585366,1550628.5002914972,5245176.483397938,25365.58536585366
1551019.8509262796,5246634.137948973,24877.804878048784,1.4110560379397608,1550725.5209341925,5246207.900460726,24390.024390243903,1551068.3612476273,5247149.846480367,24390.024390243903,1551314.1809183666,5247060.375437221,25365.58536585366,1550971.340604932,5246118.42941758,25365.58536585366
1551362.6912397144,5247576.083968613,24877.804878048784,1.3229353060918627,1551068.3612476273,5247149.846480367,24390.024390243903,1551411.2015610621,5248091.792500008,24390.024390243903,1551657.0212318015,5248002.321456862,25365.58536585366,1551314.1809183666,5247060.375437221,25365.58536585366
1551705.5315531492,5248518.029988255,24877.804878048784,1.2938319233493085,1551411.2015610621,5248091.792500008,24390.024390243903,1551754.041874497,5249033.738519649,24390.024390243903,1551999.8615452363,5248944.267476502,25365.58536585366,1551657.0212318015,5248002.321456862,25365.58536585366
1552048.371866584,5249459.9760078965,24877.804878048784,1.546084219516347,1551754.041874497,5249033.738519649,24390.024390243903,1552096.8821879316,5249975.684539289,24390.024390243903,1552342.7018586711,5249886.213496144,25365.58536585366,1551999.8615452363,5248944.267476502,25365.58536585366
1552391.2121800191,5250401.922027537,24877.804878048784,1.693031432587603,1552096.8821879316,5249975.684539289,24390.024390243903,1552439.7225013666,5250917.63055893,24390.024390243903,1552685.5421721062,5250828.159515784,25365.58536585366,1552342.7018586711,5249886.213496144,25365.58536585366
1552734.052493454,5251343.868047178,24877.804878048784,1.5502505402653919,1552439.7225013666,5250917.63055893,24390.024390243903,1552782.5628148015,5251859.576578571,24390.024390243903,1553028.3824855408,5251770.105535425,25365.58536585366,1552685.5421721062,5250828.159515784,25365.58536585366
1553076.8928068886,5252285.814066819,24877.804878048784,1.4815835449627353,1552782.5628148015,5251859.576578571,24390.024390243903,1553125.4031282363,5252801.522598213,24390.024390243903,1553371.2227989757,5252712.051555066,25365.58536585366,1553028.3824855408,5251770.105535425,25365.58536585366
1553419.7331203232,5253227.76008646,24877.804878048784,1.591809549843176,1553125.4031282363,5252801.522598213,24390.024390243903,1553468.243441671,5253743.468617853,24390.024390243903,1553714.0631124105,5253653.9975747075,25365.58536585366,1553371.2227989757,5252712.051555066,25365.58536585366
1553762.573433758,5254169.7061061,24877.804878048784,1.5949963412381767,1553468.243441671,5253743.468617853,24390.024390243903,1553811.083755106,5254685.414637495,24390.024390243903,1554056.9034258453,5254595.943594348,25365.58536585366,1553714.0631124105,5253653.9975747075,25365.58536585366
1554105.4137471928,5255111.65212574,24877.804878048784,1.8917634722794063,1553811.083755106,5254685.414637495,24390.024390243903,1554153.9240685406,5255627.360657135,24390.024390243903,1554399.7437392802,5255537.889613989,25365.58536585366,1554056.9034258453,5254595.943594348,25365.58536585366
1554448.2540606277,5256053.5981453825,24877.804878048784,1.8368087697080178,1554153.9240685406,5255627.360657135,24390.024390243903,1554496.7643819754,5256569.306676776,24390.024390243903,1554742.5840527148,5256479.83563363,25365.58536585366,1554399.7437392802,5255537.889613989,25365.58536585366
1554791.0943740625,5256995.544165024,24877.804878048784,1.6811179464231292,1554496.7643819754,5256569.306676776,24390.024390243903,1554839.6046954102,5257511.252696416,24390.024390243903,1555085.4243661498,5257421.781653271,25365.58536585366,1554742.5840527148,5256479.83563363,25365.58536585366
1555133.9346874976,5257937.490184664,24877.804878048784,1.6467278254419986,1554839.6046954102,5257511.252696416,24390.024390243903,1555182.4450088453,5258453.198716058,24390.024390243903,1555428.2646795847,5258363.727672911,25365.58536585366,1555085.4243661498,5257421.781653271,25365.58536585366
1555476.7750009324,5258879.436204306,24877.804878048784,1.6134506918631808,1555182.4450088453,5258453.198716058,24390.024390243903,1555525.28532228,5259395.144735699,24390.024390243903,1555771.1049930195,5259305.673692552,25365.58536585366,1555428.2646795847,5258363.727672911,25365.58536585366
1555819.615314367,5259821.382223946,24877.804878048784,1.3579122456021966,1555525.28532228,5259395.144735699,24390.024390243903,1555868.1256357147,5260337.09075534,24390.024390243903,1556113.9453064543,5260247.6197121935,25365.58536585366,1555771.1049930195,5259305.673692552,25365.58536585366
1556162.4556278018,5260763.328243587,24877.804878048784,1.2739105664941979,1555868.1256357147,5260337.09075534,24390.024390243903,1556210.9659491496,5261279.03677498,24390.024390243903,1556456.785619889,5261189.565731835,25365.58536585366,1556113.9453064543,5260247.6197121935,25365.58536585366
1556505.2959412367,5261705.274263227,24877.804878048784,1.2993962112563129,1556210.9659491496,5261279.03677498,24390.024390243903,1556553.8062625844,5262220.982794622,24390.024390243903,1556799.6259333238,5262131.511751475,25365.58536585366,1556456.785619889,5261189.565731835,25365.58536585366
1556848.1362546715,5262647.2202828685,24877.804878048784,1.2483574365696009,1556553.8062625844,5262220.982794622,24390.024390243903,1556896.646576019,5263162.928814262,24390.024390243903,1557142.4662467586,5263073.457771116,25365.58536585366,1556799.6259333238,5262131.511751475,25365.58536585366
1557190.9765681063,5263589.16630251,24877.804878048784,0.8968163146990984,1556896.646576019,5263162.928814262,24390.024390243903,1557239.4868894538,5264104.874833903,24390.024390243903,1557485.3065601934,5264015.403790757,25365.58536585366,1557142.4662467586,5263073.457771116,25365.58536585366
1557533.8168815412,5264531.112322151,24877.804878048784,0.6420807572337593,1557239.4868894538,5264104.874833903,24390.024390243903,1557582.327202889,5265046.820853544,24390.024390243903,1557828.1468736283,5264957.349810397,25365.58536585366,1557485.3065601934,5264015.403790757,25365.58536585366
1557876.657194976,5265473.058341791,24877.804878048784,0.6508332485206731,1557582.327202889,5265046.820853544,24390.024390243903,1557925.1675163237,5265988.766873185,24390.024390243903,1558170.987187063,5265899.295830038,25365.58536585366,1557828.1468736283,5264957.349810397,25365.58536585366
1558219.4975084108,5266415.004361432,24877.804878048784,0.5591475784487677,1557925.1675163237,5265988.766873185,24390.024390243903,1558268.0078297586,5266930.712892826,24390.024390243903,1558513.827500498,5266841.2418496795,25365.58536585366,1558170.987187063,5265899.295830038,25365.58536585366
1558562.3378218457,5267356.950381073,24877.804878048784,0.48739826637135225,1558268.0078297586,5266930.712892826,24390.024390243903,1558610.8481431932,5267872.658912466,24390.024390243903,1558856.6678139328,5267783.187869321,25365.58536585366,1558513.827500498,5266841.2418496795,25365.58536585366
1558905.1781352805,5268298.896400713,24877.804878048784,0.6202213461189143,1558610.8481431932,5267872.658912466,24390.024390243903,1558953.688456628,5268814.604932108,24390.024390243903,1559199.5081273674,5268725.133888961,25365.58536585366,1558856.6678139328,5267783.187869321,25365.58536585366
1559248.018448715,5269240.842420355,24877.804878048784,0.5651860630831046,1558953.688456628,5268814.604932108,24390.024390243903,1559296.5287700628,5269756.550951748,24390.024390243903,1559542.3484408022,5269667.079908602,25365.58536585366,1559199.5081273674,5268725.133888961,25365.58536585366
1559590.85876215,5270182.788439996,24877.804878048784,0.5202959369872164,1559296.5287700628,5269756.550951748,24390.024390243903,1559639.3690834977,5270698.496971389,24390.024390243903,1559885.188754237,5270609.025928243,25365.58536585366,1559542.3484408022,5269667.079908602,25365.58536585366
1559933.6990755845,5271124.734459636,24877.804878048784,0.6159974384104856,1559639.3690834977,5270698.496971389,24390.024390243903,1559982.2093969323,5271640.4429910295,24390.024390243903,1560228.0290676719,5271550.971947884,25365.58536585366,1559885.188754237,5270609.025928243,25365.58536585366
1560276.5393890196,5272066.680479277,24877.804878048784,0.6158630387238746,1559982.2093969323,5271640.4429910295,24390.024390243903,1560325.0497103673,5272582.3890106715,24390.024390243903,1560570.869381107,5272492.917967524,25365.58536585366,1560228.0290676719,5271550.971947884,25365.58536585366
1560619.3797024544,5273008.626498919,24877.804878048784,0.6140723424700828,1560325.0497103673,5272582.3890106715,24390.024390243903,1560667.8900238022,5273524.335030312,24390.024390243903,1560913.7096945415,5273434.8639871655,25365.58536585366,1560570.869381107,5272492.917967524,25365.58536585366
1560962.2200158893,5273950.572518559,24877.804878048784,0.6321948465442753,1560667.8900238022,5273524.335030312,24390.024390243903,1561010.730337237,5274466.281049953,24390.024390243903,1561256.5500079764,5274376.810006807,25365.58536585366,1560913.7096945415,5273434.8639871655,25365.58536585366
1561305.060329324,5274892.5185382,24877.804878048784,0.6924632124199388,1561010.730337237,5274466.281049953,24390.024390243903,1561353.5706506716,5275408.227069594,24390.024390243903,1561599.3903214112,5275318.756026448,25365.58536585366,1561256.5500079764,5274376.810006807,25365.58536585366
1561647.900642759,5275834.4645578405,24877.804878048784,0.7900981410379614,1561353.5706506716,5275408.227069594,24390.024390243903,1561696.4109641064,5276350.173089235,24390.024390243903,1561942.230634846,5276260.702046088,25365.58536585366,1561599.3903214112,5275318.756026448,25365.58536585366
1561990.7409561935,5276776.410577483,24877.804878048784,0.8516295807749822,1561696.4109641064,5276350.173089235,24390.024390243903,1562039.2512775413,5277292.119108875,24390.024390243903,1562285.0709482806,5277202.64806573,25365.58536585366,1561942.230634846,5276260.702046088,25365.58536585366
1562333.5812696284,5277718.356597123,24877.804878048784,1.0138215380254891,1562039.2512775413,5277292.119108875,24390.024390243903,1562382.091590976,5278234.065128516,24390.024390243903,1562627.9112617155,5278144.59408537,25365.58536585366,1562285.0709482806,5277202.64806573,25365.58536585366
1562676.4215830632,5278660.302616763,24877.804878048784,1.2660364821632983,1562382.091590976,5278234.065128516,24390.024390243903,1562724.931904411,5279176.0111481575,24390.024390243903,1562970.7515751505,5279086.54010501,25365.58536585366,1562627.9112617155,5278144.59408537,25365.58536585366
1563019.2618964983,5279602.248636404,24877.804878048784,1.3723979914525242,1562724.931904411,5279176.0111481575,24390.024390243903,1563067.7722178458,5280117.957167799,24390.024390243903,1563313.5918885854,5280028.4861246515,25365.58536585366,1562970.7515751505,5279086.54010501,25365.58536585366
1563362.1022099329,5280544.194656046,24877.804878048784,1.3967033275861223,1563067.7722178458,5280117.957167799,24390.024390243903,1563410.6125312806,5281059.903187439,24390.024390243903,1563656.43220202,5280970.432144293,25365.58536585366,1563313.5918885854,5280028.4861246515,25365.58536585366
1563704.9425233677,5281486.140675686,24877.804878048784,1.5184952724720682,1563410.6125312806,5281059.903187439,24390.024390243903,1563753.4528447154,5282001.849207079,24390.024390243903,1563999.2725154548,5281912.378163934,25365.58536585366,1563656.43220202,5280970.432144293,25365.58536585366
1564047.7828368025,5282428.0866953265,24877.804878048784,1.6024133922919912,1563753.4528447154,5282001.849207079,24390.024390243903,1564096.2931581503,5282943.795226721,24390.024390243903,1564342.1128288896,5282854.324183574,25365.58536585366,1563999.2725154548,5281912.378163934,25365.58536585366
1564390.6231502374,5283370.032714969,24877.804878048784,1.429433648211977,1564096.2931581503,5282943.795226721,24390.024390243903,1564439.133471585,5283885.741246362,24390.024390243903,1564684.9531423245,5283796.270203215,25365.58536585366,1564342.1128288896,5282854.324183574,25365.58536585366
1564733.4634636722,5284311.97873461,24877.804878048784,1.5794910855489694,1564439.133471585,5283885.741246362,24390.024390243903,1564781.9737850197,5284827.687266002,24390.024390243903,1565027.7934557593,5284738.216222856,25365.58536585366,1564684.9531423245,5283796.270203215,25365.58536585366
1565076.303777107,5285253.92475425,24877.804878048784,1.661778162141659,1564781.9737850197,5284827.687266002,24390.024390243903,1565124.8140984545,5285769.6332856435,24390.024390243903,1565370.6337691941,5285680.162242497,25365.58536585366,1565027.7934557593,5284738.216222856,25365.58536585366
1565419.1440905419,5286195.87077389,24877.804878048784,1.3617643255868366,1565124.8140984545,5285769.6332856435,24390.024390243903,1565467.6544118896,5286711.579305285,24390.024390243903,1565713.474082629,5286622.1082621375,25365.58536585366,1565370.6337691941,5285680.162242497,25365.58536585366
1565761.9844039767,5287137.816793531,24877.804878048784,1.372392639919222,1565467.6544118896,5286711.579305285,24390.024390243903,1565810.4947253244,5287653.525324925,24390.024390243903,1566056.3143960638,5287564.05428178,25365.58536585366,1565713.474082629,5286622.1082621375,25365.58536585366
1566104.8247174115,5288079.762813172,24877.804878048784,1.0891246606456542,1565810.4947253244,5287653.525324925,24390.024390243903,1566153.3350387593,5288595.471344566,24390.024390243903,1566399.1547094986,5288506.00030142,25365.58536585366,1566056.3143960638,5287564.05428178,25365.58536585366
1566447.6650308461,5289021.708832813,24877.804878048784,1.0131910086964382,1566153.3350387593,5288595.471344566,24390.024390243903,1566496.1753521939,5289537.417364207,24390.024390243903,1566741.9950229335,5289447.946321061,25365.58536585366,1566399.1547094986,5288506.00030142,25365.58536585366
1566790.505344281,5289963.654852454,24877.804878048784,1.1716459837760138,1566496.1753521939,5289537.417364207,24390.024390243903,1566839.0156656287,5290479.363383848,24390.024390243903,1567084.835336368,5290389.892340701,25365.58536585366,1566741.9950229335,5289447.946321061,25365.58536585366
1567133.3456577158,5290905.600872096,24877.804878048784,0.9883621527418385,1566839.0156656287,5290479.363383848,24390.024390243903,1567181.8559790635,5291421.309403488,24390.024390243903,1567427.675649803,5291331.838360343,25365.58536585366,1567084.835336368,5290389.892340701,25365.58536585366
1567476.1859711506,5291847.546891736,24877.804878048784,0.8518755769483363,1567181.8559790635,5291421.309403488,24390.024390243903,1567524.6962924984,5292363.25542313,24390.024390243903,1567770.5159632377,5292273.784379983,25365.58536585366,1567427.675649803,5291331.838360343,25365.58536585366
1567819.0262845855,5292789.492911377,24877.804878048784,0.7897661318477786,1567524.6962924984,5292363.25542313,24390.024390243903,1567867.536605933,5293305.201442771,24390.024390243903,1568113.3562766726,5293215.730399624,25365.58536585366,1567770.5159632377,5292273.784379983,25365.58536585366
1568161.8665980203,5293731.438931018,24877.804878048784,0.7665585146399386,1567867.536605933,5293305.201442771,24390.024390243903,1568210.376919368,5294247.147462412,24390.024390243903,1568456.1965901076,5294157.676419265,25365.58536585366,1568113.3562766726,5293215.730399624,25365.58536585366
1568504.7069114551,5294673.384950658,24877.804878048784,0.7751721211401772,1568210.376919368,5294247.147462412,24390.024390243903,1568553.2172328029,5295189.093482052,24390.024390243903,1568799.0369035422,5295099.622438907,25365.58536585366,1568456.1965901076,5294157.676419265,25365.58536585366
1568847.54722489,5295615.330970299,24877.804878048784,0.802742405045675,1568553.2172328029,5295189.093482052,24390.024390243903,1568896.0575462377,5296131.039501693,24390.024390243903,1569141.877216977,5296041.568458547,25365.58536585366,1568799.0369035422,5295099.622438907,25365.58536585366
1569190.3875383248,5296557.276989941,24877.804878048784,0.8786701120934699,1568896.0575462377,5296131.039501693,24390.024390243903,1569238.8978596723,5297072.985521334,24390.024390243903,1569484.717530412,5296983.514478188,25365.58536585366,1569141.877216977,5296041.568458547,25365.58536585366
1569533.2278517596,5297499.223009582,24877.804878048784,1.03918883915176,1569238.8978596723,5297072.985521334,24390.024390243903,1569581.7381731072,5298014.931540975,24390.024390243903,1569827.5578438467,5297925.460497829,25365.58536585366,1569484.717530412,5296983.514478188,25365.58536585366
1569876.0681651945,5298441.169029223,24877.804878048784,1.2009136265390075,1569581.7381731072,5298014.931540975,24390.024390243903,1569924.578486542,5298956.877560616,24390.024390243903,1570170.3981572813,5298867.40651747,25365.58536585366,1569827.5578438467,5297925.460497829,25365.58536585366
1570218.908478629,5299383.115048863,24877.804878048784,1.2645057449500736,1569924.578486542,5298956.877560616,24390.024390243903,1570267.4187999768,5299898.823580258,24390.024390243903,1570513.2384707162,5299809.35253711,25365.58536585366,1570170.3981572813,5298867.40651747,25365.58536585366
1570561.748792064,5300325.061068504,24877.804878048784,1.188692052443985,1570267.4187999768,5299898.823580258,24390.024390243903,1570610.2591134117,5300840.769599898,24390.024390243903,1570856.0787841512,5300751.298556751,25365.58536585366,1570513.2384707162,5299809.35253711,25365.58536585366
1570904.589105499,5301267.007088145,24877.804878048784,0.9611093581452819,1570610.2591134117,5300840.769599898,24390.024390243903,1570953.0994268465,5301782.715619538,24390.024390243903,1571198.919097586,5301693.244576393,25365.58536585366,1570856.0787841512,5300751.298556751,25365.58536585366
1571247.4294189338,5302208.953107785,24877.804878048784,0.8340313009971971,1570953.0994268465,5301782.715619538,24390.024390243903,1571295.9397402813,5302724.661639179,24390.024390243903,1571541.7594110207,5302635.190596033,25365.58536585366,1571198.919097586,5301693.244576393,25365.58536585366
1571590.2697323684,5303150.899127426,24877.804878048784,0.9002834765863774,1571295.9397402813,5302724.661639179,24390.024390243903,1571638.7800537162,5303666.60765882,24390.024390243903,1571884.5997244555,5303577.136615674,25365.58536585366,1571541.7594110207,5302635.190596033,25365.58536585366
1571933.1100458032,5304092.845147068,24877.804878048784,1.0215193453653237,1571638.7800537162,5303666.60765882,24390.024390243903,1571981.620367151,5304608.553678461,24390.024390243903,1572227.4400378903,5304519.082635314,25365.58536585366,1571884.5997244555,5303577.136615674,25365.58536585366
1572275.9503592378,5305034.791166709,24877.804878048784,1.0330895201171235,1571981.620367151,5304608.553678461,24390.024390243903,1572324.4606805856,5305550.499698102,24390.024390243903,1572570.2803513252,5305461.028654956,25365.58536585366,1572227.4400378903,5304519.082635314,25365.58536585366
1572618.7906726727,5305976.737186349,24877.804878048784,1.2454290813548774,1572324.4606805856,5305550.499698102,24390.024390243903,1572667.3009940204,5306492.445717743,24390.024390243903,1572913.12066476,5306402.974674596,25365.58536585366,1572570.2803513252,5305461.028654956,25365.58536585366
1572961.6309861075,5306918.68320599,24877.804878048784,1.3553081190382719,1572667.3009940204,5306492.445717743,24390.024390243903,1573010.1413074553,5307434.391737384,24390.024390243903,1573255.9609781946,5307344.920694238,25365.58536585366,1572913.12066476,5306402.974674596,25365.58536585366
1573304.4712995423,5307860.629225631,24877.804878048784,1.3189427195401584,1573010.1413074553,5307434.391737384,24390.024390243903,1573352.98162089,5308376.337757025,24390.024390243903,1573598.8012916297,5308286.866713878,25365.58536585366,1573255.9609781946,5307344.920694238,25365.58536585366
1573647.3116129774,5308802.575245272,24877.804878048784,1.5112704301971824,1573352.98162089,5308376.337757025,24390.024390243903,1573695.821934325,5309318.283776665,24390.024390243903,1573941.6416050645,5309228.81273352,25365.58536585366,1573598.8012916297,5308286.866713878,25365.58536585366
1573990.1519264122,5309744.521264913,24877.804878048784,1.941013157898067,1573695.821934325,5309318.283776665,24390.024390243903,1574038.6622477598,5310260.229796307,24390.024390243903,1574284.4819184993,5310170.75875316,25365.58536585366,1573941.6416050645,5309228.81273352,25365.58536585366
1574332.9922398468,5310686.467284553,24877.804878048784,2.1501069335331033,1574038.6622477598,5310260.229796307,24390.024390243903,1574381.5025611946,5311202.175815947,24390.024390243903,1574627.322231934,5311112.704772801,25365.58536585366,1574284.4819184993,5310170.75875316,25365.58536585366
1574675.8325532817,5311628.413304195,24877.804878048784,1.9705178008092648,1574381.5025611946,5311202.175815947,24390.024390243903,1574724.3428746294,5312144.1218355885,24390.024390243903,1574970.1625453688,5312054.650792442,25365.58536585366,1574627.322231934,5311112.704772801,25365.58536585366
1575018.6728667165,5312570.359323836,24877.804878048784,1.9318159111853255,1574724.3428746294,5312144.1218355885,24390.024390243903,1575067.1831880643,5313086.067855229,24390.024390243903,1575313.0028588036,5312996.596812083,25365.58536585366,1574970.1625453688,5312054.650792442,25365.58536585366
1575361.5131801513,5313512.305343476,24877.804878048784,2.2949725659651805,1575067.1831880643,5313086.067855229,24390.024390243903,1575410.0235014989,5314028.013874871,24390.024390243903,1575655.8431722384,5313938.542831724,25365.58536585366,1575313.0028588036,5312996.596812083,25365.58536585366
1575704.353493586,5314454.251363117,24877.804878048784,2.4883054312203052,1575410.0235014989,5314028.013874871,24390.024390243903,1575752.8638149337,5314969.959894511,24390.024390243903,1575998.683485673,5314880.488851364,25365.58536585366,1575655.8431722384,5313938.542831724,25365.58536585366
1576047.193807021,5315396.197382758,24877.804878048784,2.622565556242684,1575752.8638149337,5314969.959894511,24390.024390243903,1576095.7041283688,5315911.905914152,24390.024390243903,1576341.5237991083,5315822.434871006,25365.58536585366,1575998.683485673,5314880.488851364,25365.58536585366
1576390.0341204558,5316338.1434023995,24877.804878048784,2.4464314819543853,1576095.7041283688,5315911.905914152,24390.024390243903,1576438.5444418036,5316853.851933792,24390.024390243903,1576684.364112543,5316764.380890647,25365.58536585366,1576341.5237991083,5315822.434871006,25365.58536585366
1576732.8744338907,5317280.08942204,24877.804878048784,2.7708390184160225,1576438.5444418036,5316853.851933792,24390.024390243903,1576781.3847552384,5317795.797953434,24390.024390243903,1577027.2044259778,5317706.326910287,25365.58536585366,1576684.364112543,5316764.380890647,25365.58536585366
1577075.7147473255,5318222.035441681,24877.804878048784,3.0741800666266914,1576781.3847552384,5317795.797953434,24390.024390243903,1577124.2250686733,5318737.7439730745,24390.024390243903,1577370.0447394126,5318648.272929928,25365.58536585366,1577027.2044259778,5317706.326910287,25365.58536585366
1577418.5550607604,5319163.981461322,24877.804878048784,4.287314858794255,1577124.2250686733,5318737.7439730745,24390.024390243903,1577467.0653821079,5319679.689992716,24390.024390243903,1577712.8850528474,5319590.218949569,25365.58536585366,1577370.0447394126,5318648.272929928,25365.58536585366
1577761.3953741952,5320105.927480963,24877.804878048784,5.162879633046842,1577467.0653821079,5319679.689992716,24390.024390243903,1577809.9056955427,5320621.636012356,24390.024390243903,1578055.725366282,5320532.1649692105,25365.58536585366,1577712.8850528474,5319590.218949569,25365.58536585366
1578104.2356876298,5321047.873500603,24877.804878048784,5.551630400903845,1577809.9056955427,5320621.636012356,24390.024390243903,1578152.7460089775,5321563.582031998,24390.024390243903,1578398.5656797169,5321474.110988851,25365.58536585366,1578055.725366282,5320532.1649692105,25365.58536585366
1578447.0760010646,5321989.819520244,24877.804878048784,5.2736722585995235,1578152.7460089775,5321563.582031998,24390.024390243903,1578495.5863224124,5322505.528051638,24390.024390243903,1578741.405993152,5322416.057008492,25365.58536585366,1578398.5656797169,5321474.110988851,25365.58536585366
1578789.9163144995,5322931.7655398855,24877.804878048784,5.248946034814555,1578495.5863224124,5322505.528051638,24390.024390243903,1578838.4266358472,5323447.474071279,24390.024390243903,1579084.2463065868,5323358.003028133,25365.58536585366,1578741.405993152,5322416.057008492,25365.58536585366
1579132.7566279343,5323873.711559527,24877.804878048784,6.12635108515582,1578838.4266358472,5323447.474071279,24390.024390243903,1579181.266949282,5324389.42009092,24390.024390243903,1579427.0866200216,5324299.949047773,25365.58536585366,1579084.2463065868,5323358.003028133,25365.58536585366
1579475.5969413691,5324815.657579167,24877.804878048784,7.32974432809755,1579181.266949282,5324389.42009092,24390.024390243903,1579524.1072627169,5325331.3661105605,24390.024390243903,1579769.9269334562,5325241.895067414,25365.58536585366,1579427.0866200216,5324299.949047773,25365.58536585366
1579818.437254804,5325757.603598808,24877.804878048784,9.618227761037009,1579524.1072627169,5325331.3661105605,24390.024390243903,1579866.9475761517,5326273.312130202,24390.024390243903,1580112.767246891,5326183.841087055,25365.58536585366,1579769.9269334562,5325241.895067414,25365.58536585366
1580161.2775682388,5326699.549618448,24877.804878048784,11.821525140053707,1579866.9475761517,5326273.312130202,24390.024390243903,1580209.7878895863,5327215.258149842,24390.024390243903,1580455.6075603259,5327125.7871066965,25365.58536585366,1580112.767246891,5326183.841087055,25365.58536585366
1580504.1178816734,5327641.495638089,24877.804878048784,12.059962325336329,1580209.7878895863,5327215.258149842,24390.024390243903,1580552.6282030211,5328157.204169484,24390.024390243903,1580798.4478737607,5328067.733126337,25365.58536585366,1580455.6075603259,5327125.7871066965,25365.58536585366
1580846.9581951082,5328583.441657731,24877.804878048784,8.825683429324883,1580552.6282030211,5328157.204169484,24390.024390243903,1580895.468516456,5329099.150189124,24390.024390243903,1581141.2881871953,5329009.679145978,25365.58536585366,1580798.4478737607,5328067.733126337,25365.58536585366
1581189.798508543,5329525.3876773715,24877.804878048784,9.110856829627046,1580895.468516456,5329099.150189124,24390.024390243903,1581238.3088298908,5330041.096208765,24390.024390243903,1581484.1285006304,5329951.625165619,25365.58536585366,1581141.2881871953,5329009.679145978,25365.58536585366
1581532.6388219781,5330467.333697013,24877.804878048784,9.156432229985871,1581238.3088298908,5330041.096208765,24390.024390243903,1581581.1491433256,5330983.042228405,24390.024390243903,1581826.9688140652,5330893.57118526,25365.58536585366,1581484.1285006304,5329951.625165619,25365.58536585366
1581875.479135413,5331409.279716653,24877.804878048784,8.143041584157194,1581581.1491433256,5330983.042228405,24390.024390243903,1581923.9894567605,5331924.988248047,24390.024390243903,1582169.8091275,5331835.5172049,25365.58536585366,1581826.9688140652,5330893.57118526,25365.58536585366
1582218.3194488478,5332351.225736295,24877.804878048784,6.702276692633308,1581923.9894567605,5331924.988248047,24390.024390243903,1582266.8297701953,5332866.934267688,24390.024390243903,1582512.6494409346,5332777.463224541,25365.58536585366,1582169.8091275,5331835.5172049,25365.58536585366
1582561.1597622824,5333293.171755935,24877.804878048784,6.6539782274654735,1582266.8297701953,5332866.934267688,24390.024390243903,1582609.6700836301,5333808.880287329,24390.024390243903,1582855.4897543695,5333719.4092441825,25365.58536585366,1582512.6494409346,5332777.463224541,25365.58536585366
1582904.0000757172,5334235.117775575,24877.804878048784,6.0758098522129345,1582609.6700836301,5333808.880287329,24390.024390243903,1582952.510397065,5334750.82630697,24390.024390243903,1583198.3300678043,5334661.355263824,25365.58536585366,1582855.4897543695,5333719.4092441825,25365.58536585366
1583246.840389152,5335177.063795216,24877.804878048784,5.67691944181328,1582952.510397065,5334750.82630697,24390.024390243903,1583295.3507104996,5335692.772326611,24390.024390243903,1583541.1703812391,5335603.301283464,25365.58536585366,1583198.3300678043,5334661.355263824,25365.58536585366
1583589.680702587,5336119.009814858,24877.804878048784,6.14091623150245,1583295.3507104996,5335692.772326611,24390.024390243903,1583638.1910239344,5336634.718346251,24390.024390243903,1583884.010694674,5336545.247303105,25365.58536585366,1583541.1703812391,5335603.301283464,25365.58536585366
1583932.5210160217,5337060.955834499,24877.804878048784,6.242149938239263,1583638.1910239344,5336634.718346251,24390.024390243903,1583981.0313373695,5337576.664365892,24390.024390243903,1584226.8510081088,5337487.193322746,25365.58536585366,1583884.010694674,5336545.247303105,25365.58536585366
1584275.3613294566,5338002.901854139,24877.804878048784,6.282212693494729,1583981.0313373695,5337576.664365892,24390.024390243903,1584323.8716508043,5338518.610385533,24390.024390243903,1584569.6913215437,5338429.139342386,25365.58536585366,1584226.8510081088,5337487.193322746,25365.58536585366
1584618.2016428912,5338944.847873781,24877.804878048784,5.975825494767144,1584323.8716508043,5338518.610385533,24390.024390243903,1584666.711964239,5339460.556405174,24390.024390243903,1584912.5316349785,5339371.085362027,25365.58536585366,1584569.6913215437,5338429.139342386,25365.58536585366
1584961.041956326,5339886.793893421,24877.804878048784,5.191086192954144,1584666.711964239,5339460.556405174,24390.024390243903,1585009.5522776737,5340402.502424815,24390.024390243903,1585255.3719484133,5340313.0313816685,25365.58536585366,1584912.5316349785,5339371.085362027,25365.58536585366
1585303.8822697608,5340828.739913062,24877.804878048784,4.376843655161804,1585009.5522776737,5340402.502424815,24390.024390243903,1585352.3925911086,5341344.448444455,24390.024390243903,1585598.212261848,5341254.97740131,25365.58536585366,1585255.3719484133,5340313.0313816685,25365.58536585366
1585646.7225831957,5341770.685932702,24877.804878048784,3.7579371936460624,1585352.3925911086,5341344.448444455,24390.024390243903,1585695.2329045434,5342286.394464097,24390.024390243903,1585941.0525752828,5342196.92342095,25365.58536585366,1585598.212261848,5341254.97740131,25365.58536585366
1585989.5628966305,5342712.631952344,24877.804878048784,3.2214098308896144,1585695.2329045434,5342286.394464097,24390.024390243903,1586038.0732179782,5343228.340483738,24390.024390243903,1586283.8928887176,5343138.869440591,25365.58536585366,1585941.0525752828,5342196.92342095,25365.58536585366
1586332.4032100653,5343654.577971986,24877.804878048784,3.9852431446214616,1586038.0732179782,5343228.340483738,24390.024390243903,1586380.913531413,5344170.286503378,24390.024390243903,1586626.7332021524,5344080.815460232,25365.58536585366,1586283.8928887176,5343138.869440591,25365.58536585366
1586675.2435235004,5344596.523991626,24877.804878048784,4.5829953723233405,1586380.913531413,5344170.286503378,24390.024390243903,1586723.753844848,5345112.232523019,24390.024390243903,1586969.5735155875,5345022.761479873,25365.58536585366,1586626.7332021524,5344080.815460232,25365.58536585366
1587018.0838369352,5345538.470011266,24877.804878048784,5.775053244129324,1586723.753844848,5345112.232523019,24390.024390243903,1587066.5941582827,5346054.178542661,24390.024390243903,1587312.4138290223,5345964.707499513,25365.58536585366,1586969.5735155875,5345022.761479873,25365.58536585366
1587360.9241503698,5346480.416030908,24877.804878048784,7.062725754458975,1587066.5941582827,5346054.178542661,24390.024390243903,1587409.4344717176,5346996.124562301,24390.024390243903,1587655.254142457,5346906.653519155,25365.58536585366,1587312.4138290223,5345964.707499513,25365.58536585366
1587703.7644638047,5347422.362050548,24877.804878048784,6.920840676271476,1587409.4344717176,5346996.124562301,24390.024390243903,1587752.2747851524,5347938.070581942,24390.024390243903,1587998.0944558918,5347848.599538796,25365.58536585366,1587655.254142457,5346906.653519155,25365.58536585366
1588046.6047772395,5348364.308070189,24877.804878048784,7.6791580101976935,1587752.2747851524,5347938.070581942,24390.024390243903,1588095.115098587,5348880.016601583,24390.024390243903,1588340.9347693266,5348790.545558437,25365.58536585366,1587998.0944558918,5347848.599538796,25365.58536585366
1588389.4450906743,5349306.2540898295,24877.804878048784,9.51891848329905,1588095.115098587,5348880.016601583,24390.024390243903,1588437.9554120218,5349821.962621224,24390.024390243903,1588683.7750827614,5349732.491578077,25365.58536585366,1588340.9347693266,5348790.545558437,25365.58536585366
1588732.285404109,5350248.200109471,24877.804878048784,11.165245008896218,1588437.9554120218,5349821.962621224,24390.024390243903,1588780.7957254567,5350763.908640864,24390.024390243903,1589026.615396196,5350674.437597719,25365.58536585366,1588683.7750827614,5349732.491578077,25365.58536585366
1589075.1257175438,5351190.146129112,24877.804878048784,11.840391785139731,1588780.7957254567,5350763.908640864,24390.024390243903,1589123.6360388915,5351705.854660505,24390.024390243903,1589369.455709631,5351616.383617359,25365.58536585366,1589026.615396196,5350674.437597719,25365.58536585366
1589417.9660309788,5352132.092148753,24877.804878048784,13.401679651150666,1589123.6360388915,5351705.854660505,24390.024390243903,1589466.4763523266,5352647.800680147,24390.024390243903,1589712.296023066,5352558.329637,25365.58536585366,1589369.455709631,5351616.383617359,25365.58536585366
1589760.8063444137,5353074.038168394,24877.804878048784,16.111875956446564,1589466.4763523266,5352647.800680147,24390.024390243903,1589809.3166657612,5353589.746699788,24390.024390243903,1590055.1363365008,5353500.2756566405,25365.58536585366,1589712.296023066,5352558.329637,25365.58536585366
1590103.6466578485,5354015.984188035,24877.804878048784,17.392734046271148,1589809.3166657612,5353589.746699788,24390.024390243903,1590152.156979196,5354531.692719428,24390.024390243903,1590397.9766499354,5354442.221676283,25365.58536585366,1590055.1363365008,5353500.2756566405,25365.58536585366
1590446.486971283,5354957.930207675,24877.804878048784,18.000817534701785,1590152.156979196,5354531.692719428,24390.024390243903,1590494.9972926308,5355473.638739069,24390.024390243903,1590740.8169633702,5355384.167695923,25365.58536585366,1590397.9766499354,5354442.221676283,25365.58536585366
1590789.327284718,5355899.876227316,24877.804878048784,15.558301757826609,1590494.9972926308,5355473.638739069,24390.024390243903,1590837.8376060657,5356415.58475871,24390.024390243903,1591083.657276805,5356326.113715564,25365.58536585366,1590740.8169633702,5355384.167695923,25365.58536585366
1591132.1675981525,5356841.822246958,24877.804878048784,13.027774539058047,1590837.8376060657,5356415.58475871,24390.024390243903,1591180.6779195003,5357357.530778351,24390.024390243903,1591426.4975902399,5357268.059735205,25365.58536585366,1591083.657276805,5356326.113715564,25365.58536585366
1591475.0079115874,5357783.768266598,24877.804878048784,11.953757485773373,1591180.6779195003,5357357.530778351,24390.024390243903,1591523.518232935,5358299.476797991,24390.024390243903,1591769.3379036747,5358210.005754845,25365.58536585366,1591426.4975902399,5357268.059735205,25365.58536585366
1591817.8482250222,5358725.714286239,24877.804878048784,11.158187436493973,1591523.518232935,5358299.476797991,24390.024390243903,1591866.3585463702,5359241.4228176335,24390.024390243903,1592112.1782171095,5359151.951774486,25365.58536585366,1591769.3379036747,5358210.005754845,25365.58536585366
1592160.6885384573,5359667.66030588,24877.804878048784,9.6491096355925,1591866.3585463702,5359241.4228176335,24390.024390243903,1592209.198859805,5360183.368837274,24390.024390243903,1592455.0185305444,5360093.8977941265,25365.58536585366,1592112.1782171095,5359151.951774486,25365.58536585366
1592503.528851892,5360609.606325521,24877.804878048784,8.780781935503276,1592209.198859805,5360183.368837274,24390.024390243903,1592552.0391732396,5361125.314856914,24390.024390243903,1592797.8588439792,5361035.843813769,25365.58536585366,1592455.0185305444,5360093.8977941265,25365.58536585366
1592846.3691653267,5361551.552345161,24877.804878048784,8.15695428155861,1592552.0391732396,5361125.314856914,24390.024390243903,1592894.8794866744,5362067.260876555,24390.024390243903,1593140.699157414,5361977.789833409,25365.58536585366,1592797.8588439792,5361035.843813769,25365.58536585366
1593189.2094787615,5362493.498364802,24877.804878048784,8.250438858020189,1592894.8794866744,5362067.260876555,24390.024390243903,1593237.7198001093,5363009.206896196,24390.024390243903,1593483.5394708486,5362919.73585305,25365.58536585366,1593140.699157414,5361977.789833409,25365.58536585366
1593532.0497921964,5363435.444384444,24877.804878048784,7.79603796787099,1593237.7198001093,5363009.206896196,24390.024390243903,1593580.560113544,5363951.152915837,24390.024390243903,1593826.3797842835,5363861.68187269,25365.58536585366,1593483.5394708486,5362919.73585305,25365.58536585366
1593874.8901056312,5364377.390404085,24877.804878048784,7.923156696657655,1593580.560113544,5363951.152915837,24390.024390243903,1593923.4004269787,5364893.098935477,24390.024390243903,1594169.2200977183,5364803.627892332,25365.58536585366,1593826.3797842835,5363861.68187269,25365.58536585366
1594217.730419066,5365319.336423725,24877.804878048784,6.659266349515457,1593923.4004269787,5364893.098935477,24390.024390243903,1594266.2407404135,5365835.044955119,24390.024390243903,1594512.0604111531,5365745.573911972,25365.58536585366,1594169.2200977183,5364803.627892332,25365.58536585366
1594560.570732501,5366261.282443365,24877.804878048784,6.987320387051638,1594266.2407404135,5365835.044955119,24390.024390243903,1594609.0810538486,5366776.99097476,24390.024390243903,1594854.900724588,5366687.5199316135,25365.58536585366,1594512.0604111531,5365745.573911972,25365.58536585366
1594903.4110459357,5367203.228463007,24877.804878048784,7.581166078634323,1594609.0810538486,5366776.99097476,24390.024390243903,1594951.9213672834,5367718.936994401,24390.024390243903,1595197.7410380228,5367629.465951255,25365.58536585366,1594854.900724588,5366687.5199316135,25365.58536585366
1595246.2513593705,5368145.174482648,24877.804878048784,6.421440364605387,1594951.9213672834,5367718.936994401,24390.024390243903,1595294.7616807183,5368660.883014041,24390.024390243903,1595540.5813514576,5368571.411970896,25365.58536585366,1595197.7410380228,5367629.465951255,25365.58536585366
1595589.0916728054,5369087.120502288,24877.804878048784,6.390092476642491,1595294.7616807183,5368660.883014041,24390.024390243903,1595637.6019941529,5369602.829033683,24390.024390243903,1595883.4216648925,5369513.357990536,25365.58536585366,1595540.5813514576,5368571.411970896,25365.58536585366
1595931.9319862402,5370029.06652193,24877.804878048784,5.905062057646091,1595637.6019941529,5369602.829033683,24390.024390243903,1595980.4423075877,5370544.775053323,24390.024390243903,1596226.2619783273,5370455.304010177,25365.58536585366,1595883.4216648925,5369513.357990536,25365.58536585366
1596274.772299675,5370971.012541571,24877.804878048784,5.583615742775764,1595980.4423075877,5370544.775053323,24390.024390243903,1596323.2826210225,5371486.721072964,24390.024390243903,1596569.102291762,5371397.250029818,25365.58536585366,1596226.2619783273,5370455.304010177,25365.58536585366
1596617.6126131096,5371912.958561212,24877.804878048784,4.898620055455365,1596323.2826210225,5371486.721072964,24390.024390243903,1596666.1229344574,5372428.667092605,24390.024390243903,1596911.9426051967,5372339.196049459,25365.58536585366,1596569.102291762,5371397.250029818,25365.58536585366
1596960.4529265442,5372854.904580852,24877.804878048784,4.964942457763758,1596666.1229344574,5372428.667092605,24390.024390243903,1597008.963247892,5373370.613112247,24390.024390243903,1597254.7829186318,5373281.1420690995,25365.58536585366,1596911.9426051967,5372339.196049459,25365.58536585366
1597303.2932399793,5373796.850600493,24877.804878048784,4.26604970640603,1597008.963247892,5373370.613112247,24390.024390243903,1597351.803561327,5374312.559131887,24390.024390243903,1597597.6232320666,5374223.08808874,25365.58536585366,1597254.7829186318,5373281.1420690995,25365.58536585366
1597646.1335534141,5374738.796620133,24877.804878048784,3.1348090002181124,1597351.803561327,5374312.559131887,24390.024390243903,1597694.6438747619,5375254.505151527,24390.024390243903,1597940.4635455012,5375165.034108382,25365.58536585366,1597597.6232320666,5374223.08808874,25365.58536585366
1597988.973866849,5375680.742639774,24877.804878048784,3.2327789041417905,1597694.6438747619,5375254.505151527,24390.024390243903,1598037.4841881967,5376196.451171168,24390.024390243903,1598283.303858936,5376106.980128022,25365.58536585366,1597940.4635455012,5375165.034108382,25365.58536585366
1598331.8141802838,5376622.688659416,24877.804878048784,2.9884989496637533,1598037.4841881967,5376196.451171168,24390.024390243903,1598380.3245016315,5377138.39719081,24390.024390243903,1598626.144172371,5377048.926147663,25365.58536585366,1598283.303858936,5376106.980128022,25365.58536585366
1598674.6544937186,5377564.634679058,24877.804878048784,2.8648672388557483,1598380.3245016315,5377138.39719081,24390.024390243903,1598723.1648150664,5378080.34321045,24390.024390243903,1598968.9844858057,5377990.872167304,25365.58536585366,1598626.144172371,5377048.926147663,25365.58536585366
1599017.4948071535,5378506.580698698,24877.804878048784,3.2670982251304874,1598723.1648150664,5378080.34321045,24390.024390243903,1599066.005128501,5379022.2892300915,24390.024390243903,1599311.8247992406,5378932.818186945,25365.58536585366,1598968.9844858057,5377990.872167304,25365.58536585366
1599360.3351205883,5379448.526718339,24877.804878048784,3.9944102809766164,1599066.005128501,5379022.2892300915,24390.024390243903,1599408.8454419358,5379964.235249732,24390.024390243903,1599654.6651126754,5379874.764206586,25365.58536585366,1599311.8247992406,5378932.818186945,25365.58536585366
1599703.175434023,5380390.472737979,24877.804878048784,4.288361087490892,1599408.8454419358,5379964.235249732,24390.024390243903,1599751.6857553709,5380906.181269374,24390.024390243903,1599997.5054261102,5380816.710226227,25365.58536585366,1599654.6651126754,5379874.764206586,25365.58536585366
1600046.015747458,5381332.41875762,24877.804878048784,3.8056908879088454,1599751.6857553709,5380906.181269374,24390.024390243903,1600094.5260688057,5381848.127289014,24390.024390243903,1600340.345739545,5381758.656245868,25365.58536585366,1599997.5054261102,5380816.710226227,25365.58536585366
1548522.94808954,5239009.0987487,25853.36585365854,1.1547050235388745,1548228.6180974536,5238582.861260453,25365.58536585366,1548571.4584108882,5239524.807280094,25365.58536585366,1548817.2780816269,5239435.336236947,26341.146341463416,1548474.437768192,5238493.390217307,26341.146341463416
1548865.7884029748,5239951.044768341,25853.36585365854,1.6254525663694357,1548571.4584108882,5239524.807280094,25365.58536585366,1548914.298724323,5240466.753299735,25365.58536585366,1549160.1183950617,5240377.282256589,26341.146341463416,1548817.2780816269,5239435.336236947,26341.146341463416
1549208.6287164097,5240892.990787982,25853.36585365854,1.8197514885779509,1548914.298724323,5240466.753299735,25365.58536585366,1549257.1390377579,5241408.699319375,25365.58536585366,1549502.9587084963,5241319.228276229,26341.146341463416,1549160.1183950617,5240377.282256589,26341.146341463416
1549551.4690298445,5241834.936807623,25853.36585365854,1.82821374001053,1549257.1390377579,5241408.699319375,25365.58536585366,1549599.9793511927,5242350.645339017,25365.58536585366,1549845.7990219314,5242261.174295871,26341.146341463416,1549502.9587084963,5241319.228276229,26341.146341463416
1549894.3093432796,5242776.882827263,25853.36585365854,1.6557083296180422,1549599.9793511927,5242350.645339017,25365.58536585366,1549942.8196646275,5243292.591358657,25365.58536585366,1550188.6393353662,5243203.120315511,26341.146341463416,1549845.7990219314,5242261.174295871,26341.146341463416
1550237.1496567142,5243718.828846905,25853.36585365854,1.6134437014146514,1549942.8196646275,5243292.591358657,25365.58536585366,1550285.6599780624,5244234.537378298,25365.58536585366,1550531.479648801,5244145.066335153,26341.146341463416,1550188.6393353662,5243203.120315511,26341.146341463416
1550579.989970149,5244660.774866546,25853.36585365854,1.693246894464743,1550285.6599780624,5244234.537378298,25365.58536585366,1550628.5002914972,5245176.483397938,25365.58536585366,1550874.3199622359,5245087.012354793,26341.146341463416,1550531.479648801,5244145.066335153,26341.146341463416
1550922.8302835838,5245602.720886187,25853.36585365854,1.8169600936931196,1550628.5002914972,5245176.483397938,25365.58536585366,1550971.340604932,5246118.42941758,25365.58536585366,1551217.1602756705,5246028.958374434,26341.146341463416,1550874.3199622359,5245087.012354793,26341.146341463416
1551265.6705970187,5246544.666905828,25853.36585365854,1.5355127681848493,1550971.340604932,5246118.42941758,25365.58536585366,1551314.1809183666,5247060.375437221,25365.58536585366,1551560.0005891053,5246970.904394074,26341.146341463416,1551217.1602756705,5246028.958374434,26341.146341463416
1551608.5109104535,5247486.612925468,25853.36585365854,1.3322429198368735,1551314.1809183666,5247060.375437221,25365.58536585366,1551657.0212318015,5248002.321456862,25365.58536585366,1551902.8409025401,5247912.850413716,26341.146341463416,1551560.0005891053,5246970.904394074,26341.146341463416
1551951.3512238883,5248428.558945109,25853.36585365854,1.108072954054768,1551657.0212318015,5248002.321456862,25365.58536585366,1551999.8615452363,5248944.267476502,25365.58536585366,1552245.681215975,5248854.796433357,26341.146341463416,1551902.8409025401,5247912.850413716,26341.146341463416
1552294.1915373232,5249370.504964749,25853.36585365854,1.0908944769453057,1551999.8615452363,5248944.267476502,25365.58536585366,1552342.7018586711,5249886.213496144,25365.58536585366,1552588.5215294098,5249796.742452997,26341.146341463416,1552245.681215975,5248854.796433357,26341.146341463416
1552637.031850758,5250312.450984391,25853.36585365854,1.3022702208296337,1552342.7018586711,5249886.213496144,25365.58536585366,1552685.5421721062,5250828.159515784,25365.58536585366,1552931.3618428446,5250738.688472639,26341.146341463416,1552588.5215294098,5249796.742452997,26341.146341463416
1552979.8721641928,5251254.397004032,25853.36585365854,1.3486957673441446,1552685.5421721062,5250828.159515784,25365.58536585366,1553028.3824855408,5251770.105535425,25365.58536585366,1553274.2021562795,5251680.634492279,26341.146341463416,1552931.3618428446,5250738.688472639,26341.146341463416
1553322.7124776277,5252196.343023673,25853.36585365854,1.1727637183646986,1553028.3824855408,5251770.105535425,25365.58536585366,1553371.2227989757,5252712.051555066,25365.58536585366,1553617.0424697143,5252622.58051192,26341.146341463416,1553274.2021562795,5251680.634492279,26341.146341463416
1553665.5527910625,5253138.289043313,25853.36585365854,1.716540845936539,1553371.2227989757,5252712.051555066,25365.58536585366,1553714.0631124105,5253653.9975747075,25365.58536585366,1553959.882783149,5253564.52653156,26341.146341463416,1553617.0424697143,5252622.58051192,26341.146341463416
1554008.393104497,5254080.235062955,25853.36585365854,2.2430788453249124,1553714.0631124105,5253653.9975747075,25365.58536585366,1554056.9034258453,5254595.943594348,25365.58536585366,1554302.723096584,5254506.472551202,26341.146341463416,1553959.882783149,5253564.52653156,26341.146341463416
1554351.2334179322,5255022.181082595,25853.36585365854,2.493554821948946,1554056.9034258453,5254595.943594348,25365.58536585366,1554399.7437392802,5255537.889613989,25365.58536585366,1554645.5634100186,5255448.418570843,26341.146341463416,1554302.723096584,5254506.472551202,26341.146341463416
1554694.0737313665,5255964.127102235,25853.36585365854,2.3097468046334857,1554399.7437392802,5255537.889613989,25365.58536585366,1554742.5840527148,5256479.83563363,25365.58536585366,1554988.4037234536,5256390.364590484,26341.146341463416,1554645.5634100186,5255448.418570843,26341.146341463416
1555036.9140448016,5256906.073121877,25853.36585365854,2.1663436209622247,1554742.5840527148,5256479.83563363,25365.58536585366,1555085.4243661498,5257421.781653271,25365.58536585366,1555331.2440368885,5257332.310610124,26341.146341463416,1554988.4037234536,5256390.364590484,26341.146341463416
1555379.7543582364,5257848.0191415185,25853.36585365854,2.2261585901512255,1555085.4243661498,5257421.781653271,25365.58536585366,1555428.2646795847,5258363.727672911,25365.58536585366,1555674.0843503233,5258274.256629766,26341.146341463416,1555331.2440368885,5257332.310610124,26341.146341463416
1555722.5946716713,5258789.965161159,25853.36585365854,2.0964274792530593,1555428.2646795847,5258363.727672911,25365.58536585366,1555771.1049930195,5259305.673692552,25365.58536585366,1556016.924663758,5259216.202649406,26341.146341463416,1555674.0843503233,5258274.256629766,26341.146341463416
1556065.434985106,5259731.9111808,25853.36585365854,1.9299746684683787,1555771.1049930195,5259305.673692552,25365.58536585366,1556113.9453064543,5260247.6197121935,25365.58536585366,1556359.7649771927,5260158.148669047,26341.146341463416,1556016.924663758,5259216.202649406,26341.146341463416
1556408.275298541,5260673.857200441,25853.36585365854,1.5266442596831018,1556113.9453064543,5260247.6197121935,25365.58536585366,1556456.785619889,5261189.565731835,25365.58536585366,1556702.6052906276,5261100.0946886875,26341.146341463416,1556359.7649771927,5260158.148669047,26341.146341463416
1556751.1156119758,5261615.803220082,25853.36585365854,1.3402391888270737,1556456.785619889,5261189.565731835,25365.58536585366,1556799.6259333238,5262131.511751475,25365.58536585366,1557045.4456040624,5262042.0407083295,26341.146341463416,1556702.6052906276,5261100.0946886875,26341.146341463416
1557093.9559254106,5262557.749239722,25853.36585365854,1.3047739044659181,1556799.6259333238,5262131.511751475,25365.58536585366,1557142.4662467586,5263073.457771116,25365.58536585366,1557388.2859174972,5262983.98672797,26341.146341463416,1557045.4456040624,5262042.0407083295,26341.146341463416
1557436.7962388452,5263499.695259362,25853.36585365854,1.015622409148232,1557142.4662467586,5263073.457771116,25365.58536585366,1557485.3065601934,5264015.403790757,25365.58536585366,1557731.126230932,5263925.932747611,26341.146341463416,1557388.2859174972,5262983.98672797,26341.146341463416
1557779.6365522803,5264441.6412790045,25853.36585365854,0.8366174485154575,1557485.3065601934,5264015.403790757,25365.58536585366,1557828.1468736283,5264957.349810397,25365.58536585366,1558073.966544367,5264867.878767252,26341.146341463416,1557731.126230932,5263925.932747611,26341.146341463416
1558122.476865715,5265383.587298646,25853.36585365854,0.9224112606600386,1557828.1468736283,5264957.349810397,25365.58536585366,1558170.987187063,5265899.295830038,25365.58536585366,1558416.8068578017,5265809.824786893,26341.146341463416,1558073.966544367,5264867.878767252,26341.146341463416
1558465.31717915,5266325.533318286,25853.36585365854,0.9039660939106113,1558170.987187063,5265899.295830038,25365.58536585366,1558513.827500498,5266841.2418496795,25365.58536585366,1558759.6471712366,5266751.770806533,26341.146341463416,1558416.8068578017,5265809.824786893,26341.146341463416
1558808.1574925845,5267267.479337927,25853.36585365854,1.0693243119667848,1558513.827500498,5266841.2418496795,25365.58536585366,1558856.6678139328,5267783.187869321,25365.58536585366,1559102.4874846712,5267693.716826174,26341.146341463416,1558759.6471712366,5266751.770806533,26341.146341463416
1559150.9978060194,5268209.425357568,25853.36585365854,1.1604307213985008,1558856.6678139328,5267783.187869321,25365.58536585366,1559199.5081273674,5268725.133888961,25365.58536585366,1559445.327798106,5268635.6628458155,26341.146341463416,1559102.4874846712,5267693.716826174,26341.146341463416
1559493.8381194542,5269151.371377209,25853.36585365854,0.9907119596540919,1559199.5081273674,5268725.133888961,25365.58536585366,1559542.3484408022,5269667.079908602,25365.58536585366,1559788.1681115408,5269577.608865457,26341.146341463416,1559445.327798106,5268635.6628458155,26341.146341463416
1559836.678432889,5270093.317396849,25853.36585365854,0.8004567796385923,1559542.3484408022,5269667.079908602,25365.58536585366,1559885.188754237,5270609.025928243,25365.58536585366,1560131.0084249757,5270519.554885097,26341.146341463416,1559788.1681115408,5269577.608865457,26341.146341463416
1560179.5187463239,5271035.2634164905,25853.36585365854,0.8277303814074938,1559885.188754237,5270609.025928243,25365.58536585366,1560228.0290676719,5271550.971947884,25365.58536585366,1560473.8487384105,5271461.500904737,26341.146341463416,1560131.0084249757,5270519.554885097,26341.146341463416
1560522.3590597587,5271977.209436131,25853.36585365854,0.6822232137426061,1560228.0290676719,5271550.971947884,25365.58536585366,1560570.869381107,5272492.917967524,25365.58536585366,1560816.6890518453,5272403.446924379,26341.146341463416,1560473.8487384105,5271461.500904737,26341.146341463416
1560865.1993731933,5272919.155455772,25853.36585365854,0.6189983802284234,1560570.869381107,5272492.917967524,25365.58536585366,1560913.7096945415,5273434.8639871655,25365.58536585366,1561159.5293652802,5273345.392944019,26341.146341463416,1560816.6890518453,5272403.446924379,26341.146341463416
1561208.0396866282,5273861.101475413,25853.36585365854,0.6673775068573251,1560913.7096945415,5273434.8639871655,25365.58536585366,1561256.5500079764,5274376.810006807,25365.58536585366,1561502.369678715,5274287.33896366,26341.146341463416,1561159.5293652802,5273345.392944019,26341.146341463416
1561550.880000063,5274803.047495054,25853.36585365854,0.6875451181403348,1561256.5500079764,5274376.810006807,25365.58536585366,1561599.3903214112,5275318.756026448,25365.58536585366,1561845.2099921498,5275229.284983302,26341.146341463416,1561502.369678715,5274287.33896366,26341.146341463416
1561893.7203134978,5275744.993514695,25853.36585365854,0.6635269920557513,1561599.3903214112,5275318.756026448,25365.58536585366,1561942.230634846,5276260.702046088,25365.58536585366,1562188.0503055844,5276171.231002943,26341.146341463416,1561845.2099921498,5275229.284983302,26341.146341463416
1562236.5606269327,5276686.939534335,25853.36585365854,0.6422771256769815,1561942.230634846,5276260.702046088,25365.58536585366,1562285.0709482806,5277202.64806573,25365.58536585366,1562530.8906190193,5277113.177022583,26341.146341463416,1562188.0503055844,5276171.231002943,26341.146341463416
1562579.4009403673,5277628.8855539765,25853.36585365854,0.6766806577138501,1562285.0709482806,5277202.64806573,25365.58536585366,1562627.9112617155,5278144.59408537,25365.58536585366,1562873.7309324543,5278055.123042224,26341.146341463416,1562530.8906190193,5277113.177022583,26341.146341463416
1562922.2412538023,5278570.831573618,25853.36585365854,0.8899490963796317,1562627.9112617155,5278144.59408537,25365.58536585366,1562970.7515751505,5279086.54010501,25365.58536585366,1563216.5712458892,5278997.069061865,26341.146341463416,1562873.7309324543,5278055.123042224,26341.146341463416
1563265.0815672372,5279512.777593258,25853.36585365854,1.1487945557399322,1562970.7515751505,5279086.54010501,25365.58536585366,1563313.5918885854,5280028.4861246515,25365.58536585366,1563559.4115593238,5279939.015081506,26341.146341463416,1563216.5712458892,5278997.069061865,26341.146341463416
1563607.921880672,5280454.723612899,25853.36585365854,1.2196884997222646,1563313.5918885854,5280028.4861246515,25365.58536585366,1563656.43220202,5280970.432144293,25365.58536585366,1563902.2518727586,5280880.961101146,26341.146341463416,1563559.4115593238,5279939.015081506,26341.146341463416
1563950.7621941068,5281396.669632541,25853.36585365854,1.3388135845577052,1563656.43220202,5280970.432144293,25365.58536585366,1563999.2725154548,5281912.378163934,25365.58536585366,1564245.0921861934,5281822.907120788,26341.146341463416,1563902.2518727586,5280880.961101146,26341.146341463416
1564293.6025075417,5282338.615652181,25853.36585365854,1.3732425752172224,1563999.2725154548,5281912.378163934,25365.58536585366,1564342.1128288896,5282854.324183574,25365.58536585366,1564587.9324996283,5282764.853140429,26341.146341463416,1564245.0921861934,5281822.907120788,26341.146341463416
1564636.4428209765,5283280.561671822,25853.36585365854,1.0593741784462027,1564342.1128288896,5282854.324183574,25365.58536585366,1564684.9531423245,5283796.270203215,25365.58536585366,1564930.772813063,5283706.79916007,26341.146341463416,1564587.9324996283,5282764.853140429,26341.146341463416
1564979.2831344113,5284222.5076914625,25853.36585365854,0.9879917508015436,1564684.9531423245,5283796.270203215,25365.58536585366,1565027.7934557593,5284738.216222856,25365.58536585366,1565273.613126498,5284648.74517971,26341.146341463416,1564930.772813063,5283706.79916007,26341.146341463416
1565322.1234478462,5285164.453711105,25853.36585365854,0.975336235538517,1565027.7934557593,5284738.216222856,25365.58536585366,1565370.6337691941,5285680.162242497,25365.58536585366,1565616.4534399328,5285590.691199351,26341.146341463416,1565273.613126498,5284648.74517971,26341.146341463416
1565664.963761281,5286106.399730745,25853.36585365854,0.9655138657669737,1565370.6337691941,5285680.162242497,25365.58536585366,1565713.474082629,5286622.1082621375,25365.58536585366,1565959.2937533676,5286532.637218992,26341.146341463416,1565616.4534399328,5285590.691199351,26341.146341463416
1566007.8040747158,5287048.345750385,25853.36585365854,0.8203268813861219,1565713.474082629,5286622.1082621375,25365.58536585366,1566056.3143960638,5287564.05428178,25365.58536585366,1566302.1340668024,5287474.583238633,26341.146341463416,1565959.2937533676,5286532.637218992,26341.146341463416
1566350.6443881507,5287990.291770026,25853.36585365854,0.8181677441155716,1566056.3143960638,5287564.05428178,25365.58536585366,1566399.1547094986,5288506.00030142,25365.58536585366,1566644.9743802373,5288416.529258274,26341.146341463416,1566302.1340668024,5287474.583238633,26341.146341463416
1566693.4847015855,5288932.237789668,25853.36585365854,0.8177479117163463,1566399.1547094986,5288506.00030142,25365.58536585366,1566741.9950229335,5289447.946321061,25365.58536585366,1566987.814693672,5289358.475277916,26341.146341463416,1566644.9743802373,5288416.529258274,26341.146341463416
1567036.3250150199,5289874.183809308,25853.36585365854,0.8122939273295995,1566741.9950229335,5289447.946321061,25365.58536585366,1567084.835336368,5290389.892340701,25365.58536585366,1567330.6550071067,5290300.421297556,26341.146341463416,1566987.814693672,5289358.475277916,26341.146341463416
1567379.1653284547,5290816.129828949,25853.36585365854,0.7975762544583672,1567084.835336368,5290389.892340701,25365.58536585366,1567427.675649803,5291331.838360343,25365.58536585366,1567673.4953205416,5291242.367317197,26341.146341463416,1567330.6550071067,5290300.421297556,26341.146341463416
1567722.0056418895,5291758.075848591,25853.36585365854,0.7826398241294084,1567427.675649803,5291331.838360343,25365.58536585366,1567770.5159632377,5292273.784379983,25365.58536585366,1568016.3356339764,5292184.313336837,26341.146341463416,1567673.4953205416,5291242.367317197,26341.146341463416
1568064.8459553244,5292700.021868231,25853.36585365854,0.7287228435617882,1567770.5159632377,5292273.784379983,25365.58536585366,1568113.3562766726,5293215.730399624,25365.58536585366,1568359.1759474112,5293126.259356478,26341.146341463416,1568016.3356339764,5292184.313336837,26341.146341463416
1568407.6862687594,5293641.967887872,25853.36585365854,0.640667117733914,1568113.3562766726,5293215.730399624,25365.58536585366,1568456.1965901076,5294157.676419265,25365.58536585366,1568702.016260846,5294068.205376119,26341.146341463416,1568359.1759474112,5293126.259356478,26341.146341463416
1568750.5265821943,5294583.913907512,25853.36585365854,0.7620505229398409,1568456.1965901076,5294157.676419265,25365.58536585366,1568799.0369035422,5295099.622438907,25365.58536585366,1569044.856574281,5295010.15139576,26341.146341463416,1568702.016260846,5294068.205376119,26341.146341463416
1569093.366895629,5295525.859927153,25853.36585365854,0.894253682383611,1568799.0369035422,5295099.622438907,25365.58536585366,1569141.877216977,5296041.568458547,25365.58536585366,1569387.6968877157,5295952.097415401,26341.146341463416,1569044.856574281,5295010.15139576,26341.146341463416
1569436.207209064,5296467.805946794,25853.36585365854,0.9177200491805371,1569141.877216977,5296041.568458547,25365.58536585366,1569484.717530412,5296983.514478188,25365.58536585366,1569730.5372011506,5296894.043435042,26341.146341463416,1569387.6968877157,5295952.097415401,26341.146341463416
1569779.0475224985,5297409.751966435,25853.36585365854,1.0936338685458795,1569484.717530412,5296983.514478188,25365.58536585366,1569827.5578438467,5297925.460497829,25365.58536585366,1570073.3775145852,5297835.989454683,26341.146341463416,1569730.5372011506,5296894.043435042,26341.146341463416
1570121.8878359334,5298351.697986076,25853.36585365854,1.1644993017647238,1569827.5578438467,5297925.460497829,25365.58536585366,1570170.3981572813,5298867.40651747,25365.58536585366,1570416.21782802,5298777.935474323,26341.146341463416,1570073.3775145852,5297835.989454683,26341.146341463416
1570464.7281493682,5299293.644005718,25853.36585365854,1.4345220635074376,1570170.3981572813,5298867.40651747,25365.58536585366,1570513.2384707162,5299809.35253711,25365.58536585366,1570759.058141455,5299719.881493965,26341.146341463416,1570416.21782802,5298777.935474323,26341.146341463416
1570807.5684628033,5300235.590025358,25853.36585365854,1.3791835550347473,1570513.2384707162,5299809.35253711,25365.58536585366,1570856.0787841512,5300751.298556751,25365.58536585366,1571101.89845489,5300661.827513605,26341.146341463416,1570759.058141455,5299719.881493965,26341.146341463416
1571150.4087762379,5301177.536044999,25853.36585365854,1.1497357619046857,1570856.0787841512,5300751.298556751,25365.58536585366,1571198.919097586,5301693.244576393,25365.58536585366,1571444.7387683245,5301603.7735332465,26341.146341463416,1571101.89845489,5300661.827513605,26341.146341463416
1571493.2490896727,5302119.482064639,25853.36585365854,0.8505588052494574,1571198.919097586,5301693.244576393,25365.58536585366,1571541.7594110207,5302635.190596033,25365.58536585366,1571787.5790817593,5302545.719552887,26341.146341463416,1571444.7387683245,5301603.7735332465,26341.146341463416
1571836.0894031075,5303061.42808428,25853.36585365854,0.8960401085914239,1571541.7594110207,5302635.190596033,25365.58536585366,1571884.5997244555,5303577.136615674,25365.58536585366,1572130.4193951942,5303487.665572529,26341.146341463416,1571787.5790817593,5302545.719552887,26341.146341463416
1572178.9297165424,5304003.374103921,25853.36585365854,0.8699757026013889,1571884.5997244555,5303577.136615674,25365.58536585366,1572227.4400378903,5304519.082635314,25365.58536585366,1572473.259708629,5304429.611592169,26341.146341463416,1572130.4193951942,5303487.665572529,26341.146341463416
1572521.7700299772,5304945.320123563,25853.36585365854,0.9358853333433413,1572227.4400378903,5304519.082635314,25365.58536585366,1572570.2803513252,5305461.028654956,25365.58536585366,1572816.1000220636,5305371.55761181,26341.146341463416,1572473.259708629,5304429.611592169,26341.146341463416
1572864.6103434118,5305887.266143204,25853.36585365854,0.9660780033114453,1572570.2803513252,5305461.028654956,25365.58536585366,1572913.12066476,5306402.974674596,25365.58536585366,1573158.9403354984,5306313.50363145,26341.146341463416,1572816.1000220636,5305371.55761181,26341.146341463416
1573207.4506568464,5306829.212162844,25853.36585365854,0.8889124531232935,1572913.12066476,5306402.974674596,25365.58536585366,1573255.9609781946,5307344.920694238,25365.58536585366,1573501.7806489335,5307255.449651091,26341.146341463416,1573158.9403354984,5306313.50363145,26341.146341463416
1573550.2909702815,5307771.158182485,25853.36585365854,0.8699582083884667,1573255.9609781946,5307344.920694238,25365.58536585366,1573598.8012916297,5308286.866713878,25365.58536585366,1573844.6209623683,5308197.3956707325,26341.146341463416,1573501.7806489335,5307255.449651091,26341.146341463416
1573893.1312837163,5308713.104202125,25853.36585365854,0.9158321482266737,1573598.8012916297,5308286.866713878,25365.58536585366,1573941.6416050645,5309228.81273352,25365.58536585366,1574187.4612758032,5309139.341690373,26341.146341463416,1573844.6209623683,5308197.3956707325,26341.146341463416
1574235.9715971511,5309655.050221767,25853.36585365854,0.993335837072708,1573941.6416050645,5309228.81273352,25365.58536585366,1574284.4819184993,5310170.75875316,25365.58536585366,1574530.3015892378,5310081.287710015,26341.146341463416,1574187.4612758032,5309139.341690373,26341.146341463416
1574578.811910586,5310596.9962414075,25853.36585365854,1.0876232399017918,1574284.4819184993,5310170.75875316,25365.58536585366,1574627.322231934,5311112.704772801,25365.58536585366,1574873.1419026726,5311023.233729655,26341.146341463416,1574530.3015892378,5310081.287710015,26341.146341463416
1574921.6522240206,5311538.942261048,25853.36585365854,1.0582284522134078,1574627.322231934,5311112.704772801,25365.58536585366,1574970.1625453688,5312054.650792442,25365.58536585366,1575215.9822161074,5311965.179749296,26341.146341463416,1574873.1419026726,5311023.233729655,26341.146341463416
1575264.4925374554,5312480.888280689,25853.36585365854,1.3187033408531872,1574970.1625453688,5312054.650792442,25365.58536585366,1575313.0028588036,5312996.596812083,25365.58536585366,1575558.8225295423,5312907.125768936,26341.146341463416,1575215.9822161074,5311965.179749296,26341.146341463416
1575607.3328508902,5313422.834300331,25853.36585365854,1.410807154939004,1575313.0028588036,5312996.596812083,25365.58536585366,1575655.8431722384,5313938.542831724,25365.58536585366,1575901.6628429769,5313849.071788578,26341.146341463416,1575558.8225295423,5312907.125768936,26341.146341463416
1575950.173164325,5314364.780319971,25853.36585365854,1.5819702282415917,1575655.8431722384,5313938.542831724,25365.58536585366,1575998.683485673,5314880.488851364,25365.58536585366,1576244.503156412,5314791.0178082185,26341.146341463416,1575901.6628429769,5313849.071788578,26341.146341463416
1576293.0134777601,5315306.726339612,25853.36585365854,1.5510886279922647,1575998.683485673,5314880.488851364,25365.58536585366,1576341.5237991083,5315822.434871006,25365.58536585366,1576587.3434698468,5315732.96382786,26341.146341463416,1576244.503156412,5314791.0178082185,26341.146341463416
1576635.853791195,5316248.672359253,25853.36585365854,1.3433452371895995,1576341.5237991083,5315822.434871006,25365.58536585366,1576684.364112543,5316764.380890647,25365.58536585366,1576930.1837832816,5316674.9098475,26341.146341463416,1576587.3434698468,5315732.96382786,26341.146341463416
1576978.6941046298,5317190.618378894,25853.36585365854,1.3806413675961136,1576684.364112543,5316764.380890647,25365.58536585366,1577027.2044259778,5317706.326910287,25365.58536585366,1577273.0240967164,5317616.855867142,26341.146341463416,1576930.1837832816,5316674.9098475,26341.146341463416
1577321.5344180646,5318132.564398535,25853.36585365854,1.9046828583287365,1577027.2044259778,5317706.326910287,25365.58536585366,1577370.0447394126,5318648.272929928,25365.58536585366,1577615.8644101513,5318558.801886782,26341.146341463416,1577273.0240967164,5317616.855867142,26341.146341463416
1577664.3747314995,5319074.510418175,25853.36585365854,3.242957002390263,1577370.0447394126,5318648.272929928,25365.58536585366,1577712.8850528474,5319590.218949569,25365.58536585366,1577958.7047235859,5319500.747906423,26341.146341463416,1577615.8644101513,5318558.801886782,26341.146341463416
1578007.215044934,5320016.456437817,25853.36585365854,4.621946571035326,1577712.8850528474,5319590.218949569,25365.58536585366,1578055.725366282,5320532.1649692105,25365.58536585366,1578301.5450370207,5320442.693926064,26341.146341463416,1577958.7047235859,5319500.747906423,26341.146341463416
1578350.055358369,5320958.402457458,25853.36585365854,5.355133605269882,1578055.725366282,5320532.1649692105,25365.58536585366,1578398.5656797169,5321474.110988851,25365.58536585366,1578644.3853504558,5321384.639945705,26341.146341463416,1578301.5450370207,5320442.693926064,26341.146341463416
1578692.895671804,5321900.348477098,25853.36585365854,5.2948264887262795,1578398.5656797169,5321474.110988851,25365.58536585366,1578741.405993152,5322416.057008492,25365.58536585366,1578987.2256638906,5322326.585965346,26341.146341463416,1578644.3853504558,5321384.639945705,26341.146341463416
1579035.7359852388,5322842.294496739,25853.36585365854,6.235629743666879,1578741.405993152,5322416.057008492,25365.58536585366,1579084.2463065868,5323358.003028133,25365.58536585366,1579330.0659773252,5323268.531984987,26341.146341463416,1578987.2256638906,5322326.585965346,26341.146341463416
1579378.5762986734,5323784.24051638,25853.36585365854,7.066062034309562,1579084.2463065868,5323358.003028133,25365.58536585366,1579427.0866200216,5324299.949047773,25365.58536585366,1579672.90629076,5324210.478004628,26341.146341463416,1579330.0659773252,5323268.531984987,26341.146341463416
1579721.416612108,5324726.1865360215,25853.36585365854,7.029091293101524,1579427.0866200216,5324299.949047773,25365.58536585366,1579769.9269334562,5325241.895067414,25365.58536585366,1580015.7466041949,5325152.424024269,26341.146341463416,1579672.90629076,5324210.478004628,26341.146341463416
1580064.2569255428,5325668.132555662,25853.36585365854,7.262996338860167,1579769.9269334562,5325241.895067414,25365.58536585366,1580112.767246891,5326183.841087055,25365.58536585366,1580358.5869176297,5326094.370043909,26341.146341463416,1580015.7466041949,5325152.424024269,26341.146341463416
1580407.0972389777,5326610.078575303,25853.36585365854,8.386926800605028,1580112.767246891,5326183.841087055,25365.58536585366,1580455.6075603259,5327125.7871066965,25365.58536585366,1580701.4272310643,5327036.31606355,26341.146341463416,1580358.5869176297,5326094.370043909,26341.146341463416
1580749.9375524125,5327552.024594944,25853.36585365854,9.139900399398554,1580455.6075603259,5327125.7871066965,25365.58536585366,1580798.4478737607,5328067.733126337,25365.58536585366,1581044.2675444991,5327978.262083191,26341.146341463416,1580701.4272310643,5327036.31606355,26341.146341463416
1581092.7778658473,5328493.970614584,25853.36585365854,8.828472927262368,1580798.4478737607,5328067.733126337,25365.58536585366,1581141.2881871953,5329009.679145978,25365.58536585366,1581387.1078579342,5328920.208102832,26341.146341463416,1581044.2675444991,5327978.262083191,26341.146341463416
1581435.6181792824,5329435.916634225,25853.36585365854,9.390066450837756,1581141.2881871953,5329009.679145978,25365.58536585366,1581484.1285006304,5329951.625165619,25365.58536585366,1581729.948171369,5329862.154122473,26341.146341463416,1581387.1078579342,5328920.208102832,26341.146341463416
1581778.4584927172,5330377.862653866,25853.36585365854,10.562547857726708,1581484.1285006304,5329951.625165619,25365.58536585366,1581826.9688140652,5330893.57118526,25365.58536585366,1582072.7884848039,5330804.100142113,26341.146341463416,1581729.948171369,5329862.154122473,26341.146341463416
1582121.2988061518,5331319.8086735075,25853.36585365854,10.495849337337253,1581826.9688140652,5330893.57118526,25365.58536585366,1582169.8091275,5331835.5172049,25365.58536585366,1582415.6287982385,5331746.046161755,26341.146341463416,1582072.7884848039,5330804.100142113,26341.146341463416
1582464.1391195867,5332261.754693148,25853.36585365854,8.841154217441684,1582169.8091275,5331835.5172049,25365.58536585366,1582512.6494409346,5332777.463224541,25365.58536585366,1582758.4691116733,5332687.992181395,26341.146341463416,1582415.6287982385,5331746.046161755,26341.146341463416
1582806.9794330215,5333203.700712789,25853.36585365854,7.780469846489201,1582512.6494409346,5332777.463224541,25365.58536585366,1582855.4897543695,5333719.4092441825,25365.58536585366,1583101.3094251081,5333629.938201036,26341.146341463416,1582758.4691116733,5332687.992181395,26341.146341463416
1583149.8197464563,5334145.64673243,25853.36585365854,6.465523925645895,1582855.4897543695,5333719.4092441825,25365.58536585366,1583198.3300678043,5334661.355263824,25365.58536585366,1583444.149738543,5334571.884220677,26341.146341463416,1583101.3094251081,5333629.938201036,26341.146341463416
1583492.660059891,5335087.59275207,25853.36585365854,5.333070269880004,1583198.3300678043,5334661.355263824,25365.58536585366,1583541.1703812391,5335603.301283464,25365.58536585366,1583786.9900519776,5335513.830240319,26341.146341463416,1583444.149738543,5334571.884220677,26341.146341463416
1583835.5003733258,5336029.538771711,25853.36585365854,4.682823990433063,1583541.1703812391,5335603.301283464,25365.58536585366,1583884.010694674,5336545.247303105,25365.58536585366,1584129.8303654126,5336455.776259959,26341.146341463416,1583786.9900519776,5335513.830240319,26341.146341463416
1584178.3406867608,5336971.484791352,25853.36585365854,4.478110148915488,1583884.010694674,5336545.247303105,25365.58536585366,1584226.8510081088,5337487.193322746,25365.58536585366,1584472.6706788475,5337397.7222796,26341.146341463416,1584129.8303654126,5336455.776259959,26341.146341463416
1584521.1810001957,5337913.430810994,25853.36585365854,4.6743973629662054,1584226.8510081088,5337487.193322746,25365.58536585366,1584569.6913215437,5338429.139342386,25365.58536585366,1584815.5109922823,5338339.668299241,26341.146341463416,1584472.6706788475,5337397.7222796,26341.146341463416
1584864.0213136305,5338855.376830635,25853.36585365854,4.313524093151915,1584569.6913215437,5338429.139342386,25365.58536585366,1584912.5316349785,5339371.085362027,25365.58536585366,1585158.3513057171,5339281.614318882,26341.146341463416,1584815.5109922823,5338339.668299241,26341.146341463416
1585206.8616270653,5339797.322850275,25853.36585365854,4.342337333017104,1584912.5316349785,5339371.085362027,25365.58536585366,1585255.3719484133,5340313.0313816685,25365.58536585366,1585501.1916191517,5340223.560338522,26341.146341463416,1585158.3513057171,5339281.614318882,26341.146341463416
1585549.7019404997,5340739.268869917,25853.36585365854,4.3522506203799125,1585255.3719484133,5340313.0313816685,25365.58536585366,1585598.212261848,5341254.97740131,25365.58536585366,1585844.0319325866,5341165.506358163,26341.146341463416,1585501.1916191517,5340223.560338522,26341.146341463416
1585892.5422539345,5341681.214889557,25853.36585365854,3.315765447444173,1585598.212261848,5341254.97740131,25365.58536585366,1585941.0525752828,5342196.92342095,25365.58536585366,1586186.8722460214,5342107.452377805,26341.146341463416,1585844.0319325866,5341165.506358163,26341.146341463416
1586235.3825673694,5342623.160909197,25853.36585365854,3.0741616014932394,1585941.0525752828,5342196.92342095,25365.58536585366,1586283.8928887176,5343138.869440591,25365.58536585366,1586529.7125594565,5343049.398397446,26341.146341463416,1586186.8722460214,5342107.452377805,26341.146341463416
1586578.2228808044,5343565.106928838,25853.36585365854,3.002843984240226,1586283.8928887176,5343138.869440591,25365.58536585366,1586626.7332021524,5344080.815460232,25365.58536585366,1586872.5528728913,5343991.344417086,26341.146341463416,1586529.7125594565,5343049.398397446,26341.146341463416
1586921.0631942393,5344507.0529484805,25853.36585365854,2.71763579379478,1586626.7332021524,5344080.815460232,25365.58536585366,1586969.5735155875,5345022.761479873,25365.58536585366,1587215.393186326,5344933.290436728,26341.146341463416,1586872.5528728913,5343991.344417086,26341.146341463416
1587263.903507674,5345448.998968121,25853.36585365854,3.1140189805783263,1586969.5735155875,5345022.761479873,25365.58536585366,1587312.4138290223,5345964.707499513,25365.58536585366,1587558.2334997607,5345875.236456368,26341.146341463416,1587215.393186326,5344933.290436728,26341.146341463416
1587606.743821109,5346390.944987762,25853.36585365854,3.750157667141754,1587312.4138290223,5345964.707499513,25365.58536585366,1587655.254142457,5346906.653519155,25365.58536585366,1587901.0738131956,5346817.182476009,26341.146341463416,1587558.2334997607,5345875.236456368,26341.146341463416
1587949.5841345435,5347332.891007402,25853.36585365854,4.894354227426477,1587655.254142457,5346906.653519155,25365.58536585366,1587998.0944558918,5347848.599538796,25365.58536585366,1588243.9141266304,5347759.128495649,26341.146341463416,1587901.0738131956,5346817.182476009,26341.146341463416
1588292.4244479784,5348274.837027044,25853.36585365854,6.750828541554189,1587998.0944558918,5347848.599538796,25365.58536585366,1588340.9347693266,5348790.545558437,25365.58536585366,1588586.7544400652,5348701.0745152915,26341.146341463416,1588243.9141266304,5347759.128495649,26341.146341463416
1588635.2647614132,5349216.783046684,25853.36585365854,6.645765220615598,1588340.9347693266,5348790.545558437,25365.58536585366,1588683.7750827614,5349732.491578077,25365.58536585366,1588929.5947534998,5349643.020534932,26341.146341463416,1588586.7544400652,5348701.0745152915,26341.146341463416
1588978.105074848,5350158.729066324,25853.36585365854,6.7328807848705186,1588683.7750827614,5349732.491578077,25365.58536585366,1589026.615396196,5350674.437597719,25365.58536585366,1589272.435066935,5350584.966554572,26341.146341463416,1588929.5947534998,5349643.020534932,26341.146341463416
1589320.945388283,5351100.675085966,25853.36585365854,7.091867927093906,1589026.615396196,5350674.437597719,25365.58536585366,1589369.455709631,5351616.383617359,25365.58536585366,1589615.2753803697,5351526.912574213,26341.146341463416,1589272.435066935,5350584.966554572,26341.146341463416
1589663.785701718,5352042.621105607,25853.36585365854,7.974577062369379,1589369.455709631,5351616.383617359,25365.58536585366,1589712.296023066,5352558.329637,25365.58536585366,1589958.1156938046,5352468.858593854,26341.146341463416,1589615.2753803697,5351526.912574213,26341.146341463416
1590006.6260151528,5352984.567125248,25853.36585365854,10.575382844910488,1589712.296023066,5352558.329637,25365.58536585366,1590055.1363365008,5353500.2756566405,25365.58536585366,1590300.9560072392,5353410.804613495,26341.146341463416,1589958.1156938046,5352468.858593854,26341.146341463416
1590349.4663285874,5353926.513144888,25853.36585365854,12.991463674271014,1590055.1363365008,5353500.2756566405,25365.58536585366,1590397.9766499354,5354442.221676283,25365.58536585366,1590643.796320674,5354352.750633135,26341.146341463416,1590300.9560072392,5353410.804613495,26341.146341463416
1590692.3066420222,5354868.45916453,25853.36585365854,14.262842353106379,1590397.9766499354,5354442.221676283,25365.58536585366,1590740.8169633702,5355384.167695923,25365.58536585366,1590986.6366341088,5355294.696652777,26341.146341463416,1590643.796320674,5354352.750633135,26341.146341463416
1591035.146955457,5355810.40518417,25853.36585365854,13.667165774210346,1590740.8169633702,5355384.167695923,25365.58536585366,1591083.657276805,5356326.113715564,25365.58536585366,1591329.4769475437,5356236.642672418,26341.146341463416,1590986.6366341088,5355294.696652777,26341.146341463416
1591377.987268892,5356752.351203811,25853.36585365854,12.28780240640092,1591083.657276805,5356326.113715564,25365.58536585366,1591426.4975902399,5357268.059735205,25365.58536585366,1591672.3172609783,5357178.588692059,26341.146341463416,1591329.4769475437,5356236.642672418,26341.146341463416
1591720.8275823265,5357694.297223452,25853.36585365854,10.511288867649537,1591426.4975902399,5357268.059735205,25365.58536585366,1591769.3379036747,5358210.005754845,25365.58536585366,1592015.1575744133,5358120.534711699,26341.146341463416,1591672.3172609783,5357178.588692059,26341.146341463416
1592063.6678957613,5358636.243243093,25853.36585365854,8.448893628027909,1591769.3379036747,5358210.005754845,25365.58536585366,1592112.1782171095,5359151.951774486,25365.58536585366,1592357.9978878482,5359062.480731341,26341.146341463416,1592015.1575744133,5358120.534711699,26341.146341463416
1592406.5082091962,5359578.189262734,25853.36585365854,7.778677652569416,1592112.1782171095,5359151.951774486,25365.58536585366,1592455.0185305444,5360093.8977941265,25365.58536585366,1592700.838201283,5360004.426750981,26341.146341463416,1592357.9978878482,5359062.480731341,26341.146341463416
1592749.348522631,5360520.135282375,25853.36585365854,6.85103746040527,1592455.0185305444,5360093.8977941265,25365.58536585366,1592797.8588439792,5361035.843813769,25365.58536585366,1593043.6785147178,5360946.372770622,26341.146341463416,1592700.838201283,5360004.426750981,26341.146341463416
1593092.1888360658,5361462.081302015,25853.36585365854,5.576127788106351,1592797.8588439792,5361035.843813769,25365.58536585366,1593140.699157414,5361977.789833409,25365.58536585366,1593386.5188281524,5361888.318790263,26341.146341463416,1593043.6785147178,5360946.372770622,26341.146341463416
1593435.0291495007,5362404.027321657,25853.36585365854,5.219951592451789,1593140.699157414,5361977.789833409,25365.58536585366,1593483.5394708486,5362919.73585305,25365.58536585366,1593729.3591415873,5362830.264809905,26341.146341463416,1593386.5188281524,5361888.318790263,26341.146341463416
1593777.8694629355,5363345.973341297,25853.36585365854,4.631331693961967,1593483.5394708486,5362919.73585305,25365.58536585366,1593826.3797842835,5363861.68187269,25365.58536585366,1594072.199455022,5363772.210829545,26341.146341463416,1593729.3591415873,5362830.264809905,26341.146341463416
1594120.7097763703,5364287.9193609385,25853.36585365854,4.94440964491575,1593826.3797842835,5363861.68187269,25365.58536585366,1594169.2200977183,5364803.627892332,25365.58536585366,1594415.039768457,5364714.156849186,26341.146341463416,1594072.199455022,5363772.210829545,26341.146341463416
1594463.5500898052,5365229.86538058,25853.36585365854,5.377464156404083,1594169.2200977183,5364803.627892332,25365.58536585366,1594512.0604111531,5365745.573911972,25365.58536585366,1594757.8800818918,5365656.102868826,26341.146341463416,1594415.039768457,5364714.156849186,26341.146341463416
1594806.39040324,5366171.81140022,25853.36585365854,5.202080824443448,1594512.0604111531,5365745.573911972,25365.58536585366,1594854.900724588,5366687.5199316135,25365.58536585366,1595100.7203953266,5366598.048888467,26341.146341463416,1594757.8800818918,5365656.102868826,26341.146341463416
1595149.2307166748,5367113.75741986,25853.36585365854,5.301558158666916,1594854.900724588,5366687.5199316135,25365.58536585366,1595197.7410380228,5367629.465951255,25365.58536585366,1595443.5607087614,5367539.994908108,26341.146341463416,1595100.7203953266,5366598.048888467,26341.146341463416
1595492.0710301097,5368055.703439501,25853.36585365854,4.8858578767664405,1595197.7410380228,5367629.465951255,25365.58536585366,1595540.5813514576,5368571.411970896,25365.58536585366,1595786.4010221963,5368481.940927749,26341.146341463416,1595443.5607087614,5367539.994908108,26341.146341463416
1595834.9113435443,5368997.649459143,25853.36585365854,3.7591714358100847,1595540.5813514576,5368571.411970896,25365.58536585366,1595883.4216648925,5369513.357990536,25365.58536585366,1596129.2413356309,5369423.886947391,26341.146341463416,1595786.4010221963,5368481.940927749,26341.146341463416
1596177.751656979,5369939.595478783,25853.36585365854,3.030729476099421,1595883.4216648925,5369513.357990536,25365.58536585366,1596226.2619783273,5370455.304010177,25365.58536585366,1596472.0816490657,5370365.832967031,26341.146341463416,1596129.2413356309,5369423.886947391,26341.146341463416
1596520.591970414,5370881.5414984245,25853.36585365854,3.007328306843263,1596226.2619783273,5370455.304010177,25365.58536585366,1596569.102291762,5371397.250029818,25365.58536585366,1596814.9219625005,5371307.778986672,26341.146341463416,1596472.0816490657,5370365.832967031,26341.146341463416
1596863.4322838488,5371823.487518065,25853.36585365854,3.4700087129963464,1596569.102291762,5371397.250029818,25365.58536585366,1596911.9426051967,5372339.196049459,25365.58536585366,1597157.7622759356,5372249.725006312,26341.146341463416,1596814.9219625005,5371307.778986672,26341.146341463416
1597206.2725972838,5372765.433537707,25853.36585365854,3.1528056305535213,1596911.9426051967,5372339.196049459,25365.58536585366,1597254.7829186318,5373281.1420690995,25365.58536585366,1597500.6025893705,5373191.671025954,26341.146341463416,1597157.7622759356,5372249.725006312,26341.146341463416
1597549.1129107187,5373707.379557347,25853.36585365854,3.093184739992579,1597254.7829186318,5373281.1420690995,25365.58536585366,1597597.6232320666,5374223.08808874,25365.58536585366,1597843.442902805,5374133.617045594,26341.146341463416,1597500.6025893705,5373191.671025954,26341.146341463416
1597891.953224153,5374649.325576987,25853.36585365854,2.5834113363099687,1597597.6232320666,5374223.08808874,25365.58536585366,1597940.4635455012,5375165.034108382,25365.58536585366,1598186.28321624,5375075.5630652355,26341.146341463416,1597843.442902805,5374133.617045594,26341.146341463416
1598234.7935375879,5375591.271596629,25853.36585365854,2.0927798228835814,1597940.4635455012,5375165.034108382,25365.58536585366,1598283.303858936,5376106.980128022,25365.58536585366,1598529.1235296747,5376017.509084876,26341.146341463416,1598186.28321624,5375075.5630652355,26341.146341463416
1598577.6338510227,5376533.21761627,25853.36585365854,1.6583222964180868,1598283.303858936,5376106.980128022,25365.58536585366,1598626.144172371,5377048.926147663,25365.58536585366,1598871.9638431096,5376959.455104518,26341.146341463416,1598529.1235296747,5376017.509084876,26341.146341463416
1598920.4741644575,5377475.1636359105,25853.36585365854,1.5219480719421339,1598626.144172371,5377048.926147663,25365.58536585366,1598968.9844858057,5377990.872167304,25365.58536585366,1599214.8041565444,5377901.401124158,26341.146341463416,1598871.9638431096,5376959.455104518,26341.146341463416
1599263.3144778924,5378417.109655552,25853.36585365854,1.692429985147855,1598968.9844858057,5377990.872167304,25365.58536585366,1599311.8247992406,5378932.818186945,25365.58536585366,1599557.644469979,5378843.347143799,26341.146341463416,1599214.8041565444,5377901.401124158,26341.146341463416
1599606.1547913272,5379359.055675193,25853.36585365854,1.922056308243953,1599311.8247992406,5378932.818186945,25365.58536585366,1599654.6651126754,5379874.764206586,25365.58536585366,1599900.484783414,5379785.29316344,26341.146341463416,1599557.644469979,5378843.347143799,26341.146341463416
1599948.9951047623,5380301.001694834,25853.36585365854,2.4808473385260057,1599654.6651126754,5379874.764206586,25365.58536585366,1599997.5054261102,5380816.710226227,25365.58536585366,1600243.325096849,5380727.239183081,26341.146341463416,1599900.484783414,5379785.29316344,26341.146341463416
1600291.8354181969,5381242.947714474,25853.36585365854,3.6568927712959747,1599997.5054261102,5380816.710226227,25365.58536585366,1600340.345739545,5381758.656245868,25365.58536585366,1600586.1654102837,5381669.1852027215,26341.146341463416,1600243.325096849,5380727.239183081,26341.146341463416
1548768.7677602794,5238919.6277055545,26828.926829268297,2.938066002391929,1548474.437768192,5238493.390217307,26341.146341463416,1548817.2780816269,5239435.336236947,26341.146341463416,1549063.0977523662,5239345.865193802,27316.707317073175,1548720.2574389316,5238403.919174161,27316.707317073175
1549111.608073714,5239861.573725195,26828.926829268297,2.467698182823934,1548817.2780816269,5239435.336236947,26341.146341463416,1549160.1183950617,5240377.282256589,26341.146341463416,1549405.938065801,5240287.811213442,27316.707317073175,1549063.0977523662,5239345.865193802,27316.707317073175
1549454.4483871486,5240803.519744835,26828.926829268297,2.7497477505830017,1549160.1183950617,5240377.282256589,26341.146341463416,1549502.9587084963,5241319.228276229,26341.146341463416,1549748.778379236,5241229.757233083,27316.707317073175,1549405.938065801,5240287.811213442,27316.707317073175
1549797.2887005836,5241745.465764477,26828.926829268297,3.0419083750851788,1549502.9587084963,5241319.228276229,26341.146341463416,1549845.7990219314,5242261.174295871,26341.146341463416,1550091.618692671,5242171.703252724,27316.707317073175,1549748.778379236,5241229.757233083,27316.707317073175
1550140.1290140185,5242687.411784118,26828.926829268297,2.8995692874674757,1549845.7990219314,5242261.174295871,26341.146341463416,1550188.6393353662,5243203.120315511,26341.146341463416,1550434.4590061055,5243113.6492723655,27316.707317073175,1550091.618692671,5242171.703252724,27316.707317073175
1550482.9693274533,5243629.357803758,26828.926829268297,2.896597002021526,1550188.6393353662,5243203.120315511,26341.146341463416,1550531.479648801,5244145.066335153,26341.146341463416,1550777.2993195404,5244055.595292006,27316.707317073175,1550434.4590061055,5243113.6492723655,27316.707317073175
1550825.8096408881,5244571.3038234,26828.926829268297,2.928063508707543,1550531.479648801,5244145.066335153,26341.146341463416,1550874.3199622359,5245087.012354793,26341.146341463416,1551120.1396329752,5244997.541311647,27316.707317073175,1550777.2993195404,5244055.595292006,27316.707317073175
1551168.649954323,5245513.2498430405,26828.926829268297,2.8936093345088496,1550874.3199622359,5245087.012354793,26341.146341463416,1551217.1602756705,5246028.958374434,26341.146341463416,1551462.97994641,5245939.487331288,27316.707317073175,1551120.1396329752,5244997.541311647,27316.707317073175
1551511.4902677576,5246455.195862682,26828.926829268297,2.6394936197932086,1551217.1602756705,5246028.958374434,26341.146341463416,1551560.0005891053,5246970.904394074,26341.146341463416,1551805.820259845,5246881.433350928,27316.707317073175,1551462.97994641,5245939.487331288,27316.707317073175
1551854.3305811924,5247397.141882322,26828.926829268297,2.162472310408265,1551560.0005891053,5246970.904394074,26341.146341463416,1551902.8409025401,5247912.850413716,26341.146341463416,1552148.6605732795,5247823.379370569,27316.707317073175,1551805.820259845,5246881.433350928,27316.707317073175
1552197.1708946272,5248339.087901963,26828.926829268297,2.022556542103825,1551902.8409025401,5247912.850413716,26341.146341463416,1552245.681215975,5248854.796433357,26341.146341463416,1552491.5008867146,5248765.32539021,27316.707317073175,1552148.6605732795,5247823.379370569,27316.707317073175
1552540.0112080623,5249281.033921603,26828.926829268297,1.9848422375147101,1552245.681215975,5248854.796433357,26341.146341463416,1552588.5215294098,5249796.742452997,26341.146341463416,1552834.3412001494,5249707.2714098515,27316.707317073175,1552491.5008867146,5248765.32539021,27316.707317073175
1552882.8515214971,5250222.979941244,26828.926829268297,2.2612551152551794,1552588.5215294098,5249796.742452997,26341.146341463416,1552931.3618428446,5250738.688472639,26341.146341463416,1553177.1815135842,5250649.217429492,27316.707317073175,1552834.3412001494,5249707.2714098515,27316.707317073175
1553225.691834932,5251164.925960885,26828.926829268297,2.3755062273186502,1552931.3618428446,5250738.688472639,26341.146341463416,1553274.2021562795,5251680.634492279,26341.146341463416,1553520.0218270188,5251591.163449133,27316.707317073175,1553177.1815135842,5250649.217429492,27316.707317073175
1553568.5321483666,5252106.8719805265,26828.926829268297,1.9716014934165809,1553274.2021562795,5251680.634492279,26341.146341463416,1553617.0424697143,5252622.58051192,26341.146341463416,1553862.8621404537,5252533.109468774,27316.707317073175,1553520.0218270188,5251591.163449133,27316.707317073175
1553911.3724618014,5253048.818000168,26828.926829268297,1.950081231640667,1553617.0424697143,5252622.58051192,26341.146341463416,1553959.882783149,5253564.52653156,26341.146341463416,1554205.7024538885,5253475.055488415,27316.707317073175,1553862.8621404537,5252533.109468774,27316.707317073175
1554254.2127752362,5253990.764019808,26828.926829268297,2.0162779313774175,1553959.882783149,5253564.52653156,26341.146341463416,1554302.723096584,5254506.472551202,26341.146341463416,1554548.5427673233,5254417.001508055,27316.707317073175,1554205.7024538885,5253475.055488415,27316.707317073175
1554597.053088671,5254932.710039449,26828.926829268297,2.367065455466215,1554302.723096584,5254506.472551202,26341.146341463416,1554645.5634100186,5255448.418570843,26341.146341463416,1554891.3830807582,5255358.947527696,27316.707317073175,1554548.5427673233,5254417.001508055,27316.707317073175
1554939.893402106,5255874.65605909,26828.926829268297,2.640769499710696,1554645.5634100186,5255448.418570843,26341.146341463416,1554988.4037234536,5256390.364590484,26341.146341463416,1555234.2233941932,5256300.8935473375,27316.707317073175,1554891.3830807582,5255358.947527696,27316.707317073175
1555282.733715541,5256816.60207873,26828.926829268297,2.9570034957188955,1554988.4037234536,5256390.364590484,26341.146341463416,1555331.2440368885,5257332.310610124,26341.146341463416,1555577.0637076278,5257242.839566979,27316.707317073175,1555234.2233941932,5256300.8935473375,27316.707317073175
1555625.5740289756,5257758.548098371,26828.926829268297,3.2446312445193146,1555331.2440368885,5257332.310610124,26341.146341463416,1555674.0843503233,5258274.256629766,26341.146341463416,1555919.9040210627,5258184.785586619,27316.707317073175,1555577.0637076278,5257242.839566979,27316.707317073175
1555968.4143424102,5258700.494118013,26828.926829268297,2.8841322330431534,1555674.0843503233,5258274.256629766,26341.146341463416,1556016.924663758,5259216.202649406,26341.146341463416,1556262.7443344975,5259126.73160626,27316.707317073175,1555919.9040210627,5258184.785586619,27316.707317073175
1556311.254655845,5259642.440137654,26828.926829268297,2.1215359733403565,1556016.924663758,5259216.202649406,26341.146341463416,1556359.7649771927,5260158.148669047,26341.146341463416,1556605.5846479323,5260068.677625901,27316.707317073175,1556262.7443344975,5259126.73160626,27316.707317073175
1556654.0949692798,5260584.386157295,26828.926829268297,1.8207615073311298,1556359.7649771927,5260158.148669047,26341.146341463416,1556702.6052906276,5261100.0946886875,26341.146341463416,1556948.424961367,5261010.623645542,27316.707317073175,1556605.5846479323,5260068.677625901,27316.707317073175
1556996.9352827147,5261526.332176935,26828.926829268297,1.8797974221538811,1556702.6052906276,5261100.0946886875,26341.146341463416,1557045.4456040624,5262042.0407083295,26341.146341463416,1557291.2652748018,5261952.569665182,27316.707317073175,1556948.424961367,5261010.623645542,27316.707317073175
1557339.7755961495,5262468.278196577,26828.926829268297,1.6447946844666674,1557045.4456040624,5262042.0407083295,26341.146341463416,1557388.2859174972,5262983.98672797,26341.146341463416,1557634.1055882368,5262894.515684824,27316.707317073175,1557291.2652748018,5261952.569665182,27316.707317073175
1557682.6159095846,5263410.224216217,26828.926829268297,1.8899910436701135,1557388.2859174972,5262983.98672797,26341.146341463416,1557731.126230932,5263925.932747611,26341.146341463416,1557976.9459016717,5263836.461704465,27316.707317073175,1557634.1055882368,5262894.515684824,27316.707317073175
1558025.4562230192,5264352.170235857,26828.926829268297,2.0532782620408474,1557731.126230932,5263925.932747611,26341.146341463416,1558073.966544367,5264867.878767252,26341.146341463416,1558319.7862151063,5264778.407724106,27316.707317073175,1557976.9459016717,5263836.461704465,27316.707317073175
1558368.296536454,5265294.1162554985,26828.926829268297,1.7925913065027432,1558073.966544367,5264867.878767252,26341.146341463416,1558416.8068578017,5265809.824786893,26341.146341463416,1558662.626528541,5265720.353743746,27316.707317073175,1558319.7862151063,5264778.407724106,27316.707317073175
1558711.1368498888,5266236.062275141,26828.926829268297,1.819097662506399,1558416.8068578017,5265809.824786893,26341.146341463416,1558759.6471712366,5266751.770806533,26341.146341463416,1559005.466841976,5266662.299763388,27316.707317073175,1558662.626528541,5265720.353743746,27316.707317073175
1559053.9771633237,5267178.008294781,26828.926829268297,1.5712311320293995,1558759.6471712366,5266751.770806533,26341.146341463416,1559102.4874846712,5267693.716826174,26341.146341463416,1559348.3071554108,5267604.245783028,27316.707317073175,1559005.466841976,5266662.299763388,27316.707317073175
1559396.8174767585,5268119.954314421,26828.926829268297,1.3384334585849056,1559102.4874846712,5267693.716826174,26341.146341463416,1559445.327798106,5268635.6628458155,26341.146341463416,1559691.1474688456,5268546.191802668,27316.707317073175,1559348.3071554108,5267604.245783028,27316.707317073175
1559739.657790193,5269061.900334063,26828.926829268297,1.001101815444868,1559445.327798106,5268635.6628458155,26341.146341463416,1559788.1681115408,5269577.608865457,26341.146341463416,1560033.9877822802,5269488.1378223095,27316.707317073175,1559691.1474688456,5268546.191802668,27316.707317073175
1560082.498103628,5270003.846353704,26828.926829268297,0.8261011426675859,1559788.1681115408,5269577.608865457,26341.146341463416,1560131.0084249757,5270519.554885097,26341.146341463416,1560376.8280957153,5270430.083841951,27316.707317073175,1560033.9877822802,5269488.1378223095,27316.707317073175
1560425.338417063,5270945.792373344,26828.926829268297,0.9326730523502549,1560131.0084249757,5270519.554885097,26341.146341463416,1560473.8487384105,5271461.500904737,26341.146341463416,1560719.66840915,5271372.029861592,27316.707317073175,1560376.8280957153,5270430.083841951,27316.707317073175
1560768.1787304978,5271887.7383929845,26828.926829268297,1.2721290726536691,1560473.8487384105,5271461.500904737,26341.146341463416,1560816.6890518453,5272403.446924379,26341.146341463416,1561062.508722585,5272313.975881232,27316.707317073175,1560719.66840915,5271372.029861592,27316.707317073175
1561111.0190439327,5272829.684412626,26828.926829268297,1.169109962104686,1560816.6890518453,5272403.446924379,26341.146341463416,1561159.5293652802,5273345.392944019,26341.146341463416,1561405.3490360195,5273255.921900874,27316.707317073175,1561062.508722585,5272313.975881232,27316.707317073175
1561453.8593573673,5273771.630432267,26828.926829268297,1.0758431087222062,1561159.5293652802,5273345.392944019,26341.146341463416,1561502.369678715,5274287.33896366,26341.146341463416,1561748.1893494544,5274197.867920514,27316.707317073175,1561405.3490360195,5273255.921900874,27316.707317073175
1561796.699670802,5274713.576451908,26828.926829268297,1.1385008056445598,1561502.369678715,5274287.33896366,26341.146341463416,1561845.2099921498,5275229.284983302,26341.146341463416,1562091.0296628892,5275139.813940155,27316.707317073175,1561748.1893494544,5274197.867920514,27316.707317073175
1562139.5399842367,5275655.522471548,26828.926829268297,1.2890193273685469,1561845.2099921498,5275229.284983302,26341.146341463416,1562188.0503055844,5276171.231002943,26341.146341463416,1562433.869976324,5276081.7599597955,27316.707317073175,1562091.0296628892,5275139.813940155,27316.707317073175
1562482.3802976715,5276597.46849119,26828.926829268297,1.1957066251503323,1562188.0503055844,5276171.231002943,26341.146341463416,1562530.8906190193,5277113.177022583,26341.146341463416,1562776.7102897586,5277023.705979438,27316.707317073175,1562433.869976324,5276081.7599597955,27316.707317073175
1562825.2206111066,5277539.41451083,26828.926829268297,0.9893384012854265,1562530.8906190193,5277113.177022583,26341.146341463416,1562873.7309324543,5278055.123042224,26341.146341463416,1563119.5506031937,5277965.651999078,27316.707317073175,1562776.7102897586,5277023.705979438,27316.707317073175
1563168.0609245414,5278481.360530471,26828.926829268297,0.9502129885376548,1562873.7309324543,5278055.123042224,26341.146341463416,1563216.5712458892,5278997.069061865,26341.146341463416,1563462.3909166285,5278907.598018719,27316.707317073175,1563119.5506031937,5277965.651999078,27316.707317073175
1563510.9012379763,5279423.306550113,26828.926829268297,0.8195744568491219,1563216.5712458892,5278997.069061865,26341.146341463416,1563559.4115593238,5279939.015081506,26341.146341463416,1563805.2312300634,5279849.544038359,27316.707317073175,1563462.3909166285,5278907.598018719,27316.707317073175
1563853.7415514109,5280365.252569753,26828.926829268297,0.993498788566756,1563559.4115593238,5279939.015081506,26341.146341463416,1563902.2518727586,5280880.961101146,26341.146341463416,1564148.0715434982,5280791.490058001,27316.707317073175,1563805.2312300634,5279849.544038359,27316.707317073175
1564196.5818648457,5281307.198589394,26828.926829268297,1.1649470988506463,1563902.2518727586,5280880.961101146,26341.146341463416,1564245.0921861934,5281822.907120788,26341.146341463416,1564490.9118569328,5281733.436077641,27316.707317073175,1564148.0715434982,5280791.490058001,27316.707317073175
1564539.4221782805,5282249.144609035,26828.926829268297,1.3517808584032227,1564245.0921861934,5281822.907120788,26341.146341463416,1564587.9324996283,5282764.853140429,26341.146341463416,1564833.7521703676,5282675.3820972815,27316.707317073175,1564490.9118569328,5281733.436077641,27316.707317073175
1564882.2624917154,5283191.090628676,26828.926829268297,1.201530918753051,1564587.9324996283,5282764.853140429,26341.146341463416,1564930.772813063,5283706.79916007,26341.146341463416,1565176.5924838025,5283617.328116923,27316.707317073175,1564833.7521703676,5282675.3820972815,27316.707317073175
1565225.1028051502,5284133.036648317,26828.926829268297,0.8768855343836104,1564930.772813063,5283706.79916007,26341.146341463416,1565273.613126498,5284648.74517971,26341.146341463416,1565519.4327972373,5284559.274136565,27316.707317073175,1565176.5924838025,5283617.328116923,27316.707317073175
1565567.9431185853,5285074.982667957,26828.926829268297,1.2275813060626182,1565273.613126498,5284648.74517971,26341.146341463416,1565616.4534399328,5285590.691199351,26341.146341463416,1565862.2731106724,5285501.220156205,27316.707317073175,1565519.4327972373,5284559.274136565,27316.707317073175
1565910.78343202,5286016.928687599,26828.926829268297,1.473133557997726,1565616.4534399328,5285590.691199351,26341.146341463416,1565959.2937533676,5286532.637218992,26341.146341463416,1566205.1134241072,5286443.166175846,27316.707317073175,1565862.2731106724,5285501.220156205,27316.707317073175
1566253.623745455,5286958.87470724,26828.926829268297,1.4953510073226786,1565959.2937533676,5286532.637218992,26341.146341463416,1566302.1340668024,5287474.583238633,26341.146341463416,1566547.9537375418,5287385.112195487,27316.707317073175,1566205.1134241072,5286443.166175846,27316.707317073175
1566596.4640588895,5287900.82072688,26828.926829268297,1.0287756490669353,1566302.1340668024,5287474.583238633,26341.146341463416,1566644.9743802373,5288416.529258274,26341.146341463416,1566890.7940509766,5288327.058215128,27316.707317073175,1566547.9537375418,5287385.112195487,27316.707317073175
1566939.3043723244,5288842.766746521,26828.926829268297,0.9587726322290724,1566644.9743802373,5288416.529258274,26341.146341463416,1566987.814693672,5289358.475277916,26341.146341463416,1567233.6343644115,5289269.004234768,27316.707317073175,1566890.7940509766,5288327.058215128,27316.707317073175
1567282.1446857592,5289784.712766162,26828.926829268297,0.9017409562543419,1566987.814693672,5289358.475277916,26341.146341463416,1567330.6550071067,5290300.421297556,26341.146341463416,1567576.4746778463,5290210.950254409,27316.707317073175,1567233.6343644115,5289269.004234768,27316.707317073175
1567624.984999194,5290726.658785803,26828.926829268297,1.050893695185572,1567330.6550071067,5290300.421297556,26341.146341463416,1567673.4953205416,5291242.367317197,26341.146341463416,1567919.314991281,5291152.896274051,27316.707317073175,1567576.4746778463,5290210.950254409,27316.707317073175
1567967.8253126286,5291668.604805443,26828.926829268297,0.972752752101588,1567673.4953205416,5291242.367317197,26341.146341463416,1568016.3356339764,5292184.313336837,26341.146341463416,1568262.155304716,5292094.842293691,27316.707317073175,1567919.314991281,5291152.896274051,27316.707317073175
1568310.6656260635,5292610.550825085,26828.926829268297,0.9813296126447836,1568016.3356339764,5292184.313336837,26341.146341463416,1568359.1759474112,5293126.259356478,26341.146341463416,1568604.9956181508,5293036.788313332,27316.707317073175,1568262.155304716,5292094.842293691,27316.707317073175
1568653.5059394983,5293552.496844726,26828.926829268297,1.0965701026944852,1568359.1759474112,5293126.259356478,26341.146341463416,1568702.016260846,5294068.205376119,26341.146341463416,1568947.8359315856,5293978.734332972,27316.707317073175,1568604.9956181508,5293036.788313332,27316.707317073175
1568996.3462529331,5294494.442864367,26828.926829268297,0.8094376450927042,1568702.016260846,5294068.205376119,26341.146341463416,1569044.856574281,5295010.15139576,26341.146341463416,1569290.6762450202,5294920.680352614,27316.707317073175,1568947.8359315856,5293978.734332972,27316.707317073175
1569339.186566368,5295436.388884007,26828.926829268297,0.7770709424688818,1569044.856574281,5295010.15139576,26341.146341463416,1569387.6968877157,5295952.097415401,26341.146341463416,1569633.516558455,5295862.626372254,27316.707317073175,1569290.6762450202,5294920.680352614,27316.707317073175
1569682.0268798028,5296378.334903647,26828.926829268297,0.8298365083774542,1569387.6968877157,5295952.097415401,26341.146341463416,1569730.5372011506,5296894.043435042,26341.146341463416,1569976.35687189,5296804.572391896,27316.707317073175,1569633.516558455,5295862.626372254,27316.707317073175
1570024.8671932376,5297320.280923289,26828.926829268297,0.6526535664430847,1569730.5372011506,5296894.043435042,26341.146341463416,1570073.3775145852,5297835.989454683,26341.146341463416,1570319.1971853247,5297746.518411537,27316.707317073175,1569976.35687189,5296804.572391896,27316.707317073175
1570367.7075066722,5298262.22694293,26828.926829268297,0.6620116870714263,1570073.3775145852,5297835.989454683,26341.146341463416,1570416.21782802,5298777.935474323,26341.146341463416,1570662.0374987593,5298688.464431178,27316.707317073175,1570319.1971853247,5297746.518411537,27316.707317073175
1570710.547820107,5299204.172962571,26828.926829268297,0.7869483423082325,1570416.21782802,5298777.935474323,26341.146341463416,1570759.058141455,5299719.881493965,26341.146341463416,1571004.8778121944,5299630.410450818,27316.707317073175,1570662.0374987593,5298688.464431178,27316.707317073175
1571053.3881335421,5300146.118982212,26828.926829268297,0.7026942760451613,1570759.058141455,5299719.881493965,26341.146341463416,1571101.89845489,5300661.827513605,26341.146341463416,1571347.7181256292,5300572.356470459,27316.707317073175,1571004.8778121944,5299630.410450818,27316.707317073175
1571396.228446977,5301088.065001853,26828.926829268297,0.6213960358331794,1571101.89845489,5300661.827513605,26341.146341463416,1571444.7387683245,5301603.7735332465,26341.146341463416,1571690.558439064,5301514.3024901,27316.707317073175,1571347.7181256292,5300572.356470459,27316.707317073175
1571739.0687604118,5302030.011021494,26828.926829268297,0.6082085322391402,1571444.7387683245,5301603.7735332465,26341.146341463416,1571787.5790817593,5302545.719552887,26341.146341463416,1572033.398752499,5302456.248509741,27316.707317073175,1571690.558439064,5301514.3024901,27316.707317073175
1572081.9090738464,5302971.957041134,26828.926829268297,0.617202811055395,1571787.5790817593,5302545.719552887,26341.146341463416,1572130.4193951942,5303487.665572529,26341.146341463416,1572376.2390659335,5303398.194529382,27316.707317073175,1572033.398752499,5302456.248509741,27316.707317073175
1572424.7493872812,5303913.903060775,26828.926829268297,0.7243918821860623,1572130.4193951942,5303487.665572529,26341.146341463416,1572473.259708629,5304429.611592169,26341.146341463416,1572719.0793793683,5304340.140549022,27316.707317073175,1572376.2390659335,5303398.194529382,27316.707317073175
1572767.589700716,5304855.849080416,26828.926829268297,0.661702110453968,1572473.259708629,5304429.611592169,26341.146341463416,1572816.1000220636,5305371.55761181,26341.146341463416,1573061.9196928032,5305282.086568664,27316.707317073175,1572719.0793793683,5304340.140549022,27316.707317073175
1573110.430014151,5305797.7951000575,26828.926829268297,0.45281355733085715,1572816.1000220636,5305371.55761181,26341.146341463416,1573158.9403354984,5306313.50363145,26341.146341463416,1573404.760006238,5306224.032588304,27316.707317073175,1573061.9196928032,5305282.086568664,27316.707317073175
1573453.270327586,5306739.741119698,26828.926829268297,0.4701044124318559,1573158.9403354984,5306313.50363145,26341.146341463416,1573501.7806489335,5307255.449651091,26341.146341463416,1573747.6003196728,5307165.978607945,27316.707317073175,1573404.760006238,5306224.032588304,27316.707317073175
1573796.1106410206,5307681.687139339,26828.926829268297,0.42660755054566646,1573501.7806489335,5307255.449651091,26341.146341463416,1573844.6209623683,5308197.3956707325,26341.146341463416,1574090.4406331077,5308107.924627586,27316.707317073175,1573747.6003196728,5307165.978607945,27316.707317073175
1574138.9509544554,5308623.63315898,26828.926829268297,0.5245945093467274,1573844.6209623683,5308197.3956707325,26341.146341463416,1574187.4612758032,5309139.341690373,26341.146341463416,1574433.2809465425,5309049.870647227,27316.707317073175,1574090.4406331077,5308107.924627586,27316.707317073175
1574481.79126789,5309565.57917862,26828.926829268297,0.61067806613751,1574187.4612758032,5309139.341690373,26341.146341463416,1574530.3015892378,5310081.287710015,26341.146341463416,1574776.1212599773,5309991.816666868,27316.707317073175,1574433.2809465425,5309049.870647227,27316.707317073175
1574824.6315813249,5310507.525198261,26828.926829268297,0.6143728205689508,1574530.3015892378,5310081.287710015,26341.146341463416,1574873.1419026726,5311023.233729655,26341.146341463416,1575118.961573412,5310933.762686509,27316.707317073175,1574776.1212599773,5309991.816666868,27316.707317073175
1575167.4718947597,5311449.471217902,26828.926829268297,0.6012648847249465,1574873.1419026726,5311023.233729655,26341.146341463416,1575215.9822161074,5311965.179749296,26341.146341463416,1575461.8018868468,5311875.70870615,27316.707317073175,1575118.961573412,5310933.762686509,27316.707317073175
1575510.3122081945,5312391.417237543,26828.926829268297,0.6936852714845866,1575215.9822161074,5311965.179749296,26341.146341463416,1575558.8225295423,5312907.125768936,26341.146341463416,1575804.6422002816,5312817.654725791,27316.707317073175,1575461.8018868468,5311875.70870615,27316.707317073175
1575853.1525216294,5313333.363257184,26828.926829268297,0.8510816171026148,1575558.8225295423,5312907.125768936,26341.146341463416,1575901.6628429769,5313849.071788578,26341.146341463416,1576147.4825137167,5313759.600745431,27316.707317073175,1575804.6422002816,5312817.654725791,27316.707317073175
1576195.9928350642,5314275.309276825,26828.926829268297,1.1724478999087076,1575901.6628429769,5313849.071788578,26341.146341463416,1576244.503156412,5314791.0178082185,26341.146341463416,1576490.3228271515,5314701.546765072,27316.707317073175,1576147.4825137167,5313759.600745431,27316.707317073175
1576538.833148499,5315217.255296466,26828.926829268297,1.045321860617279,1576244.503156412,5314791.0178082185,26341.146341463416,1576587.3434698468,5315732.96382786,26341.146341463416,1576833.1631405863,5315643.492784713,27316.707317073175,1576490.3228271515,5314701.546765072,27316.707317073175
1576881.6734619339,5316159.201316107,26828.926829268297,0.8582194313634212,1576587.3434698468,5315732.96382786,26341.146341463416,1576930.1837832816,5316674.9098475,26341.146341463416,1577176.003454021,5316585.4388043545,27316.707317073175,1576833.1631405863,5315643.492784713,27316.707317073175
1577224.5137753687,5317101.147335747,26828.926829268297,1.1690611938574822,1576930.1837832816,5316674.9098475,26341.146341463416,1577273.0240967164,5317616.855867142,26341.146341463416,1577518.8437674558,5317527.384823995,27316.707317073175,1577176.003454021,5316585.4388043545,27316.707317073175
1577567.3540888035,5318043.093355389,26828.926829268297,1.5843009287743959,1577273.0240967164,5317616.855867142,26341.146341463416,1577615.8644101513,5318558.801886782,26341.146341463416,1577861.6840808906,5318469.330843636,27316.707317073175,1577518.8437674558,5317527.384823995,27316.707317073175
1577910.1944022384,5318985.0393750295,26828.926829268297,2.0495822614540744,1577615.8644101513,5318558.801886782,26341.146341463416,1577958.7047235859,5319500.747906423,26341.146341463416,1578204.5243943254,5319411.276863277,27316.707317073175,1577861.6840808906,5318469.330843636,27316.707317073175
1578253.0347156732,5319926.98539467,26828.926829268297,2.0914310955660214,1577958.7047235859,5319500.747906423,26341.146341463416,1578301.5450370207,5320442.693926064,26341.146341463416,1578547.3647077603,5320353.222882918,27316.707317073175,1578204.5243943254,5319411.276863277,27316.707317073175
1578595.875029108,5320868.931414311,26828.926829268297,1.8605989644520953,1578301.5450370207,5320442.693926064,26341.146341463416,1578644.3853504558,5321384.639945705,26341.146341463416,1578890.205021195,5321295.168902558,27316.707317073175,1578547.3647077603,5320353.222882918,27316.707317073175
1578938.7153425429,5321810.877433953,26828.926829268297,1.9599237324583993,1578644.3853504558,5321384.639945705,26341.146341463416,1578987.2256638906,5322326.585965346,26341.146341463416,1579233.04533463,5322237.1149222,27316.707317073175,1578890.205021195,5321295.168902558,27316.707317073175
1579281.5556559777,5322752.823453593,26828.926829268297,2.0009174240216216,1578987.2256638906,5322326.585965346,26341.146341463416,1579330.0659773252,5323268.531984987,26341.146341463416,1579575.8856480648,5323179.0609418405,27316.707317073175,1579233.04533463,5322237.1149222,27316.707317073175
1579624.3959694125,5323694.769473234,26828.926829268297,3.2635419610807808,1579330.0659773252,5323268.531984987,26341.146341463416,1579672.90629076,5324210.478004628,26341.146341463416,1579918.7259614996,5324121.006961482,27316.707317073175,1579575.8856480648,5323179.0609418405,27316.707317073175
1579967.2362828474,5324636.715492874,26828.926829268297,3.9428253607457844,1579672.90629076,5324210.478004628,26341.146341463416,1580015.7466041949,5325152.424024269,26341.146341463416,1580261.5662749342,5325062.952981122,27316.707317073175,1579918.7259614996,5324121.006961482,27316.707317073175
1580310.076596282,5325578.661512516,26828.926829268297,3.9886066722236957,1580015.7466041949,5325152.424024269,26341.146341463416,1580358.5869176297,5326094.370043909,26341.146341463416,1580604.406588369,5326004.899000763,27316.707317073175,1580261.5662749342,5325062.952981122,27316.707317073175
1580652.9169097166,5326520.607532157,26828.926829268297,4.737435101215209,1580358.5869176297,5326094.370043909,26341.146341463416,1580701.4272310643,5327036.31606355,26341.146341463416,1580947.2469018039,5326946.845020404,27316.707317073175,1580604.406588369,5326004.899000763,27316.707317073175
1580995.7572231514,5327462.553551797,26828.926829268297,5.935068179691425,1580701.4272310643,5327036.31606355,26341.146341463416,1581044.2675444991,5327978.262083191,26341.146341463416,1581290.0872152387,5327888.791040044,27316.707317073175,1580947.2469018039,5326946.845020404,27316.707317073175
1581338.5975365865,5328404.499571438,26828.926829268297,7.351899992177564,1581044.2675444991,5327978.262083191,26341.146341463416,1581387.1078579342,5328920.208102832,26341.146341463416,1581632.9275286736,5328830.737059685,27316.707317073175,1581290.0872152387,5327888.791040044,27316.707317073175
1581681.4378500213,5329346.445591079,26828.926829268297,8.328556938177632,1581387.1078579342,5328920.208102832,26341.146341463416,1581729.948171369,5329862.154122473,26341.146341463416,1581975.7678421084,5329772.6830793265,27316.707317073175,1581632.9275286736,5328830.737059685,27316.707317073175
1582024.2781634561,5330288.39161072,26828.926829268297,8.58301651814803,1581729.948171369,5329862.154122473,26341.146341463416,1582072.7884848039,5330804.100142113,26341.146341463416,1582318.6081555432,5330714.629098968,27316.707317073175,1581975.7678421084,5329772.6830793265,27316.707317073175
1582367.118476891,5331230.33763036,26828.926829268297,7.444936908969411,1582072.7884848039,5330804.100142113,26341.146341463416,1582415.6287982385,5331746.046161755,26341.146341463416,1582661.448468978,5331656.575118608,27316.707317073175,1582318.6081555432,5330714.629098968,27316.707317073175
1582709.9587903258,5332172.283650002,26828.926829268297,7.089880724969642,1582415.6287982385,5331746.046161755,26341.146341463416,1582758.4691116733,5332687.992181395,26341.146341463416,1583004.288782413,5332598.52113825,27316.707317073175,1582661.448468978,5331656.575118608,27316.707317073175
1583052.7991037604,5333114.229669643,26828.926829268297,7.169237966370981,1582758.4691116733,5332687.992181395,26341.146341463416,1583101.3094251081,5333629.938201036,26341.146341463416,1583347.1290958475,5333540.46715789,27316.707317073175,1583004.288782413,5332598.52113825,27316.707317073175
1583395.6394171952,5334056.175689284,26828.926829268297,6.768671410383318,1583101.3094251081,5333629.938201036,26341.146341463416,1583444.149738543,5334571.884220677,26341.146341463416,1583689.9694092823,5334482.413177531,27316.707317073175,1583347.1290958475,5333540.46715789,27316.707317073175
1583738.47973063,5334998.121708924,26828.926829268297,6.12337087327154,1583444.149738543,5334571.884220677,26341.146341463416,1583786.9900519776,5335513.830240319,26341.146341463416,1584032.8097227174,5335424.359197171,27316.707317073175,1583689.9694092823,5334482.413177531,27316.707317073175
1584081.3200440651,5335940.067728565,26828.926829268297,5.392231756674024,1583786.9900519776,5335513.830240319,26341.146341463416,1584129.8303654126,5336455.776259959,26341.146341463416,1584375.6500361522,5336366.305216813,27316.707317073175,1584032.8097227174,5335424.359197171,27316.707317073175
1584424.1603574997,5336882.013748206,26828.926829268297,4.668152082974422,1584129.8303654126,5336455.776259959,26341.146341463416,1584472.6706788475,5337397.7222796,26341.146341463416,1584718.4903495868,5337308.251236454,27316.707317073175,1584375.6500361522,5336366.305216813,27316.707317073175
1584767.0006709346,5337823.959767847,26828.926829268297,4.1317105349033305,1584472.6706788475,5337397.7222796,26341.146341463416,1584815.5109922823,5338339.668299241,26341.146341463416,1585061.3306630217,5338250.197256095,27316.707317073175,1584718.4903495868,5337308.251236454,27316.707317073175
1585109.8409843694,5338765.905787488,26828.926829268297,3.5674105137036776,1584815.5109922823,5338339.668299241,26341.146341463416,1585158.3513057171,5339281.614318882,26341.146341463416,1585404.1709764565,5339192.143275735,27316.707317073175,1585061.3306630217,5338250.197256095,27316.707317073175
1585452.6812978042,5339707.85180713,26828.926829268297,3.0071545854532356,1585158.3513057171,5339281.614318882,26341.146341463416,1585501.1916191517,5340223.560338522,26341.146341463416,1585747.0112898913,5340134.089295377,27316.707317073175,1585404.1709764565,5339192.143275735,27316.707317073175
1585795.521611239,5340649.79782677,26828.926829268297,3.0257623081816334,1585501.1916191517,5340223.560338522,26341.146341463416,1585844.0319325866,5341165.506358163,26341.146341463416,1586089.851603326,5341076.035315017,27316.707317073175,1585747.0112898913,5340134.089295377,27316.707317073175
1586138.3619246737,5341591.743846411,26828.926829268297,2.9932469590989026,1585844.0319325866,5341165.506358163,26341.146341463416,1586186.8722460214,5342107.452377805,26341.146341463416,1586432.6919167608,5342017.981334657,27316.707317073175,1586089.851603326,5341076.035315017,27316.707317073175
1586481.2022381085,5342533.689866052,26828.926829268297,2.406920493758753,1586186.8722460214,5342107.452377805,26341.146341463416,1586529.7125594565,5343049.398397446,26341.146341463416,1586775.5322301958,5342959.9273542985,27316.707317073175,1586432.6919167608,5342017.981334657,27316.707317073175
1586824.0425515436,5343475.635885692,26828.926829268297,2.6626651270166817,1586529.7125594565,5343049.398397446,26341.146341463416,1586872.5528728913,5343991.344417086,26341.146341463416,1587118.3725436307,5343901.873373941,27316.707317073175,1586775.5322301958,5342959.9273542985,27316.707317073175
1587166.8828649782,5344417.581905333,26828.926829268297,2.4298538915452133,1586872.5528728913,5343991.344417086,26341.146341463416,1587215.393186326,5344933.290436728,26341.146341463416,1587461.2128570655,5344843.819393581,27316.707317073175,1587118.3725436307,5343901.873373941,27316.707317073175
1587509.723178413,5345359.527924974,26828.926829268297,2.289543719856255,1587215.393186326,5344933.290436728,26341.146341463416,1587558.2334997607,5345875.236456368,26341.146341463416,1587804.0531705003,5345785.765413222,27316.707317073175,1587461.2128570655,5344843.819393581,27316.707317073175
1587852.5634918478,5346301.473944616,26828.926829268297,2.422306315591002,1587558.2334997607,5345875.236456368,26341.146341463416,1587901.0738131956,5346817.182476009,26341.146341463416,1588146.893483935,5346727.711432863,27316.707317073175,1587804.0531705003,5345785.765413222,27316.707317073175
1588195.4038052827,5347243.419964256,26828.926829268297,2.6359528824477847,1587901.0738131956,5346817.182476009,26341.146341463416,1588243.9141266304,5347759.128495649,26341.146341463416,1588489.7337973698,5347669.657452503,27316.707317073175,1588146.893483935,5346727.711432863,27316.707317073175
1588538.2441187175,5348185.365983897,26828.926829268297,4.120812887702286,1588243.9141266304,5347759.128495649,26341.146341463416,1588586.7544400652,5348701.0745152915,26341.146341463416,1588832.5741108046,5348611.603472144,27316.707317073175,1588489.7337973698,5347669.657452503,27316.707317073175
1588881.0844321523,5349127.312003538,26828.926829268297,5.195577209816815,1588586.7544400652,5348701.0745152915,26341.146341463416,1588929.5947534998,5349643.020534932,26341.146341463416,1589175.4144242394,5349553.549491785,27316.707317073175,1588832.5741108046,5348611.603472144,27316.707317073175
1589223.9247455872,5350069.258023179,26828.926829268297,5.469846128655751,1588929.5947534998,5349643.020534932,26341.146341463416,1589272.435066935,5350584.966554572,26341.146341463416,1589518.2547376743,5350495.495511427,27316.707317073175,1589175.4144242394,5349553.549491785,27316.707317073175
1589566.765059022,5351011.204042819,26828.926829268297,5.8161571074672205,1589272.435066935,5350584.966554572,26341.146341463416,1589615.2753803697,5351526.912574213,26341.146341463416,1589861.095051109,5351437.441531067,27316.707317073175,1589518.2547376743,5350495.495511427,27316.707317073175
1589909.6053724568,5351953.1500624595,26828.926829268297,6.190982763050591,1589615.2753803697,5351526.912574213,26341.146341463416,1589958.1156938046,5352468.858593854,26341.146341463416,1590203.935364544,5352379.387550708,27316.707317073175,1589861.095051109,5351437.441531067,27316.707317073175
1590252.4456858917,5352895.096082102,26828.926829268297,6.997173598908123,1589958.1156938046,5352468.858593854,26341.146341463416,1590300.9560072392,5353410.804613495,26341.146341463416,1590546.7756779788,5353321.333570348,27316.707317073175,1590203.935364544,5352379.387550708,27316.707317073175
1590595.2859993265,5353837.042101743,26828.926829268297,7.0053596972286245,1590300.9560072392,5353410.804613495,26341.146341463416,1590643.796320674,5354352.750633135,26341.146341463416,1590889.6159914136,5354263.27958999,27316.707317073175,1590546.7756779788,5353321.333570348,27316.707317073175
1590938.1263127613,5354778.988121383,26828.926829268297,7.7214041854251825,1590643.796320674,5354352.750633135,26341.146341463416,1590986.6366341088,5355294.696652777,26341.146341463416,1591232.4563048482,5355205.22560963,27316.707317073175,1590889.6159914136,5354263.27958999,27316.707317073175
1591280.966626196,5355720.934141024,26828.926829268297,9.38247236319631,1590986.6366341088,5355294.696652777,26341.146341463416,1591329.4769475437,5356236.642672418,26341.146341463416,1591575.296618283,5356147.1716292715,27316.707317073175,1591232.4563048482,5355205.22560963,27316.707317073175
1591623.8069396308,5356662.880160665,26828.926829268297,8.171531560240613,1591329.4769475437,5356236.642672418,26341.146341463416,1591672.3172609783,5357178.588692059,26341.146341463416,1591918.136931718,5357089.117648913,27316.707317073175,1591575.296618283,5356147.1716292715,27316.707317073175
1591966.6472530658,5357604.826180306,26828.926829268297,6.252090723549718,1591672.3172609783,5357178.588692059,26341.146341463416,1592015.1575744133,5358120.534711699,26341.146341463416,1592260.977245153,5358031.063668554,27316.707317073175,1591918.136931718,5357089.117648913,27316.707317073175
1592309.4875665007,5358546.772199946,26828.926829268297,5.597730173346567,1592015.1575744133,5358120.534711699,26341.146341463416,1592357.9978878482,5359062.480731341,26341.146341463416,1592603.8175585875,5358973.009688194,27316.707317073175,1592260.977245153,5358031.063668554,27316.707317073175
1592652.3278799353,5359488.718219587,26828.926829268297,5.311159458927279,1592357.9978878482,5359062.480731341,26341.146341463416,1592700.838201283,5360004.426750981,26341.146341463416,1592946.6578720224,5359914.955707835,27316.707317073175,1592603.8175585875,5358973.009688194,27316.707317073175
1592995.16819337,5360430.664239229,26828.926829268297,5.467772765301267,1592700.838201283,5360004.426750981,26341.146341463416,1593043.6785147178,5360946.372770622,26341.146341463416,1593289.4981854572,5360856.901727476,27316.707317073175,1592946.6578720224,5359914.955707835,27316.707317073175
1593338.0085068047,5361372.61025887,26828.926829268297,5.5296085278240765,1593043.6785147178,5360946.372770622,26341.146341463416,1593386.5188281524,5361888.318790263,26341.146341463416,1593632.338498892,5361798.847747117,27316.707317073175,1593289.4981854572,5360856.901727476,27316.707317073175
1593680.8488202395,5362314.55627851,26828.926829268297,5.46547434811436,1593386.5188281524,5361888.318790263,26341.146341463416,1593729.3591415873,5362830.264809905,26341.146341463416,1593975.1788123266,5362740.7937667575,27316.707317073175,1593632.338498892,5361798.847747117,27316.707317073175
1594023.6891336744,5363256.502298151,26828.926829268297,5.2672695248363715,1593729.3591415873,5362830.264809905,26341.146341463416,1594072.199455022,5363772.210829545,26341.146341463416,1594318.0191257615,5363682.739786398,27316.707317073175,1593975.1788123266,5362740.7937667575,27316.707317073175
1594366.5294471092,5364198.448317792,26828.926829268297,5.433720408466137,1594072.199455022,5363772.210829545,26341.146341463416,1594415.039768457,5364714.156849186,26341.146341463416,1594660.8594391965,5364624.68580604,27316.707317073175,1594318.0191257615,5363682.739786398,27316.707317073175
1594709.3697605443,5365140.394337433,26828.926829268297,5.0146908662700245,1594415.039768457,5364714.156849186,26341.146341463416,1594757.8800818918,5365656.102868826,26341.146341463416,1595003.6997526314,5365566.63182568,27316.707317073175,1594660.8594391965,5364624.68580604,27316.707317073175
1595052.210073979,5366082.340357074,26828.926829268297,4.823062730140667,1594757.8800818918,5365656.102868826,26341.146341463416,1595100.7203953266,5366598.048888467,26341.146341463416,1595346.5400660662,5366508.577845321,27316.707317073175,1595003.6997526314,5365566.63182568,27316.707317073175
1595395.0503874137,5367024.286376715,26828.926829268297,5.247383169786803,1595100.7203953266,5366598.048888467,26341.146341463416,1595443.5607087614,5367539.994908108,26341.146341463416,1595689.3803795008,5367450.523864962,27316.707317073175,1595346.5400660662,5366508.577845321,27316.707317073175
1595737.8907008485,5367966.232396355,26828.926829268297,5.466508854275819,1595443.5607087614,5367539.994908108,26341.146341463416,1595786.4010221963,5368481.940927749,26341.146341463416,1596032.2206929356,5368392.469884603,27316.707317073175,1595689.3803795008,5367450.523864962,27316.707317073175
1596080.7310142834,5368908.178415996,26828.926829268297,4.987653914136278,1595786.4010221963,5368481.940927749,26341.146341463416,1596129.2413356309,5369423.886947391,26341.146341463416,1596375.0610063705,5369334.4159042435,27316.707317073175,1596032.2206929356,5368392.469884603,27316.707317073175
1596423.5713277182,5369850.124435637,26828.926829268297,4.042260657184122,1596129.2413356309,5369423.886947391,26341.146341463416,1596472.0816490657,5370365.832967031,26341.146341463416,1596717.9013198053,5370276.361923885,27316.707317073175,1596375.0610063705,5369334.4159042435,27316.707317073175
1596766.4116411528,5370792.070455278,26828.926829268297,3.7872967607851056,1596472.0816490657,5370365.832967031,26341.146341463416,1596814.9219625005,5371307.778986672,26341.146341463416,1597060.74163324,5371218.307943526,27316.707317073175,1596717.9013198053,5370276.361923885,27316.707317073175
1597109.2519545879,5371734.016474919,26828.926829268297,3.3694744335490285,1596814.9219625005,5371307.778986672,26341.146341463416,1597157.7622759356,5372249.725006312,26341.146341463416,1597403.581946675,5372160.253963167,27316.707317073175,1597060.74163324,5371218.307943526,27316.707317073175
1597452.0922680227,5372675.96249456,26828.926829268297,3.151327618160424,1597157.7622759356,5372249.725006312,26341.146341463416,1597500.6025893705,5373191.671025954,26341.146341463416,1597746.4222601098,5373102.199982807,27316.707317073175,1597403.581946675,5372160.253963167,27316.707317073175
1597794.9325814575,5373617.908514202,26828.926829268297,2.5209155699010237,1597500.6025893705,5373191.671025954,26341.146341463416,1597843.442902805,5374133.617045594,26341.146341463416,1598089.2625735446,5374044.146002448,27316.707317073175,1597746.4222601098,5373102.199982807,27316.707317073175
1598137.7728948924,5374559.854533842,26828.926829268297,2.2455024724519053,1597843.442902805,5374133.617045594,26341.146341463416,1598186.28321624,5375075.5630652355,26341.146341463416,1598432.1028869792,5374986.092022089,27316.707317073175,1598089.2625735446,5374044.146002448,27316.707317073175
1598480.613208327,5375501.800553482,26828.926829268297,2.9090711547253574,1598186.28321624,5375075.5630652355,26341.146341463416,1598529.1235296747,5376017.509084876,26341.146341463416,1598774.943200414,5375928.03804173,27316.707317073175,1598432.1028869792,5374986.092022089,27316.707317073175
1598823.4535217618,5376443.746573123,26828.926829268297,3.6277706737493762,1598529.1235296747,5376017.509084876,26341.146341463416,1598871.9638431096,5376959.455104518,26341.146341463416,1599117.783513849,5376869.984061371,27316.707317073175,1598774.943200414,5375928.03804173,27316.707317073175
1599166.2938351966,5377385.692592765,26828.926829268297,2.6336227550999647,1598871.9638431096,5376959.455104518,26341.146341463416,1599214.8041565444,5377901.401124158,26341.146341463416,1599460.6238272837,5377811.930081012,27316.707317073175,1599117.783513849,5376869.984061371,27316.707317073175
1599509.1341486312,5378327.638612405,26828.926829268297,2.258879227420706,1599214.8041565444,5377901.401124158,26341.146341463416,1599557.644469979,5378843.347143799,26341.146341463416,1599803.4641407188,5378753.876100653,27316.707317073175,1599460.6238272837,5377811.930081012,27316.707317073175
1599851.9744620663,5379269.5846320465,26828.926829268297,2.2096842231837073,1599557.644469979,5378843.347143799,26341.146341463416,1599900.484783414,5379785.29316344,26341.146341463416,1600146.3044541536,5379695.822120294,27316.707317073175,1599803.4641407188,5378753.876100653,27316.707317073175
1600194.8147755011,5380211.530651687,26828.926829268297,2.6914908227526473,1599900.484783414,5379785.29316344,26341.146341463416,1600243.325096849,5380727.239183081,26341.146341463416,1600489.1447675882,5380637.768139934,27316.707317073175,1600146.3044541536,5379695.822120294,27316.707317073175
1600537.655088936,5381153.476671329,26828.926829268297,3.964426089103898,1600243.325096849,5380727.239183081,26341.146341463416,1600586.1654102837,5381669.1852027215,26341.146341463416,1600831.985081023,5381579.714159576,27316.707317073175,1600489.1447675882,5380637.768139934,27316.707317073175
1549014.5874310187,5238830.156662407,27804.487804878052,2.8245133295983527,1548720.2574389316,5238403.919174161,27316.707317073175,1549063.0977523662,5239345.865193802,27316.707317073175,1549308.9174231058,5239256.394150655,28292.26829268293,1548966.077109671,5238314.448131015,28292.26829268293
1549357.4277444535,5239772.102682049,27804.487804878052,2.5393044039341985,1549063.0977523662,5239345.865193802,27316.707317073175,1549405.938065801,5240287.811213442,27316.707317073175,1549651.7577365406,5240198.340170297,28292.26829268293,1549308.9174231058,5239256.394150655,28292.26829268293
1549700.2680578884,5240714.04870169,27804.487804878052,3.0833084798323864,1549405.938065801,5240287.811213442,27316.707317073175,1549748.778379236,5241229.757233083,27316.707317073175,1549994.5980499755,5241140.286189937,28292.26829268293,1549651.7577365406,5240198.340170297,28292.26829268293
1550043.1083713232,5241655.99472133,27804.487804878052,3.1428947900021464,1549748.778379236,5241229.757233083,27316.707317073175,1550091.618692671,5242171.703252724,27316.707317073175,1550337.4383634103,5242082.232209578,28292.26829268293,1549994.5980499755,5241140.286189937,28292.26829268293
1550385.9486847578,5242597.940740971,27804.487804878052,3.1374738448723467,1550091.618692671,5242171.703252724,27316.707317073175,1550434.4590061055,5243113.6492723655,27316.707317073175,1550680.2786768451,5243024.178229218,28292.26829268293,1550337.4383634103,5242082.232209578,28292.26829268293
1550728.7889981926,5243539.886760613,27804.487804878052,2.745403314302717,1550434.4590061055,5243113.6492723655,27316.707317073175,1550777.2993195404,5244055.595292006,27316.707317073175,1551023.11899028,5243966.1242488595,28292.26829268293,1550680.2786768451,5243024.178229218,28292.26829268293
1551071.6293116275,5244481.832780253,27804.487804878052,2.5501277020887367,1550777.2993195404,5244055.595292006,27316.707317073175,1551120.1396329752,5244997.541311647,27316.707317073175,1551365.9593037146,5244908.070268501,28292.26829268293,1551023.11899028,5243966.1242488595,28292.26829268293
1551414.4696250623,5245423.778799893,27804.487804878052,2.675891200068124,1551120.1396329752,5244997.541311647,27316.707317073175,1551462.97994641,5245939.487331288,27316.707317073175,1551708.7996171494,5245850.016288141,28292.26829268293,1551365.9593037146,5244908.070268501,28292.26829268293
1551757.3099384971,5246365.724819535,27804.487804878052,2.799410986021504,1551462.97994641,5245939.487331288,27316.707317073175,1551805.820259845,5246881.433350928,27316.707317073175,1552051.6399305842,5246791.962307782,28292.26829268293,1551708.7996171494,5245850.016288141,28292.26829268293
1552100.150251932,5247307.670839176,27804.487804878052,3.1661743167593976,1551805.820259845,5246881.433350928,27316.707317073175,1552148.6605732795,5247823.379370569,27316.707317073175,1552394.480244019,5247733.908327423,28292.26829268293,1552051.6399305842,5246791.962307782,28292.26829268293
1552442.9905653668,5248249.616858817,27804.487804878052,3.5038438437526116,1552148.6605732795,5247823.379370569,27316.707317073175,1552491.5008867146,5248765.32539021,27316.707317073175,1552737.320557454,5248675.854347064,28292.26829268293,1552394.480244019,5247733.908327423,28292.26829268293
1552785.8308788016,5249191.562878457,27804.487804878052,3.6335199032238825,1552491.5008867146,5248765.32539021,27316.707317073175,1552834.3412001494,5249707.2714098515,27316.707317073175,1553080.1608708887,5249617.800366704,28292.26829268293,1552737.320557454,5248675.854347064,28292.26829268293
1553128.6711922365,5250133.508898098,27804.487804878052,3.588065598716183,1552834.3412001494,5249707.2714098515,27316.707317073175,1553177.1815135842,5250649.217429492,27316.707317073175,1553423.0011843236,5250559.746386346,28292.26829268293,1553080.1608708887,5249617.800366704,28292.26829268293
1553471.5115056713,5251075.454917739,27804.487804878052,3.7256267734356734,1553177.1815135842,5250649.217429492,27316.707317073175,1553520.0218270188,5251591.163449133,27316.707317073175,1553765.8414977584,5251501.692405987,28292.26829268293,1553423.0011843236,5250559.746386346,28292.26829268293
1553814.3518191061,5252017.40093738,27804.487804878052,3.500749460685701,1553520.0218270188,5251591.163449133,27316.707317073175,1553862.8621404537,5252533.109468774,27316.707317073175,1554108.6818111932,5252443.638425628,28292.26829268293,1553765.8414977584,5251501.692405987,28292.26829268293
1554157.192132541,5252959.34695702,27804.487804878052,3.4168195802354293,1553862.8621404537,5252533.109468774,27316.707317073175,1554205.7024538885,5253475.055488415,27316.707317073175,1554451.5221246278,5253385.584445268,28292.26829268293,1554108.6818111932,5252443.638425628,28292.26829268293
1554500.0324459756,5253901.2929766625,27804.487804878052,2.818936713555869,1554205.7024538885,5253475.055488415,27316.707317073175,1554548.5427673233,5254417.001508055,27316.707317073175,1554794.3624380627,5254327.53046491,28292.26829268293,1554451.5221246278,5253385.584445268,28292.26829268293
1554842.8727594104,5254843.238996303,27804.487804878052,2.2181398226871942,1554548.5427673233,5254417.001508055,27316.707317073175,1554891.3830807582,5255358.947527696,27316.707317073175,1555137.2027514977,5255269.47648455,28292.26829268293,1554794.3624380627,5254327.53046491,28292.26829268293
1555185.7130728455,5255785.185015944,27804.487804878052,2.8829264204591567,1554891.3830807582,5255358.947527696,27316.707317073175,1555234.2233941932,5256300.8935473375,27316.707317073175,1555480.0430649326,5256211.422504191,28292.26829268293,1555137.2027514977,5255269.47648455,28292.26829268293
1555528.5533862803,5256727.131035585,27804.487804878052,3.4168445360231434,1555234.2233941932,5256300.8935473375,27316.707317073175,1555577.0637076278,5257242.839566979,27316.707317073175,1555822.8833783674,5257153.3685238315,28292.26829268293,1555480.0430649326,5256211.422504191,28292.26829268293
1555871.3936997151,5257669.077055225,27804.487804878052,4.028488452802339,1555577.0637076278,5257242.839566979,27316.707317073175,1555919.9040210627,5258184.785586619,27316.707317073175,1556165.7236918022,5258095.3145434735,28292.26829268293,1555822.8833783674,5257153.3685238315,28292.26829268293
1556214.23401315,5258611.023074866,27804.487804878052,3.2782967504608282,1555919.9040210627,5258184.785586619,27316.707317073175,1556262.7443344975,5259126.73160626,27316.707317073175,1556508.5640052368,5259037.260563114,28292.26829268293,1556165.7236918022,5258095.3145434735,28292.26829268293
1556557.0743265846,5259552.969094507,27804.487804878052,2.4594090250177327,1556262.7443344975,5259126.73160626,27316.707317073175,1556605.5846479323,5260068.677625901,27316.707317073175,1556851.4043186717,5259979.206582755,28292.26829268293,1556508.5640052368,5259037.260563114,28292.26829268293
1556899.9146400192,5260494.9151141485,27804.487804878052,2.6474039741316924,1556605.5846479323,5260068.677625901,27316.707317073175,1556948.424961367,5261010.623645542,27316.707317073175,1557194.2446321065,5260921.152602396,28292.26829268293,1556851.4043186717,5259979.206582755,28292.26829268293
1557242.754953454,5261436.86113379,27804.487804878052,2.8037505203919078,1556948.424961367,5261010.623645542,27316.707317073175,1557291.2652748018,5261952.569665182,27316.707317073175,1557537.0849455413,5261863.098622037,28292.26829268293,1557194.2446321065,5260921.152602396,28292.26829268293
1557585.5952668888,5262378.80715343,27804.487804878052,2.5353443647167753,1557291.2652748018,5261952.569665182,27316.707317073175,1557634.1055882368,5262894.515684824,27316.707317073175,1557879.9252589762,5262805.044641677,28292.26829268293,1557537.0849455413,5261863.098622037,28292.26829268293
1557928.435580324,5263320.753173071,27804.487804878052,2.2842593781175298,1557634.1055882368,5262894.515684824,27316.707317073175,1557976.9459016717,5263836.461704465,27316.707317073175,1558222.765572411,5263746.990661318,28292.26829268293,1557879.9252589762,5262805.044641677,28292.26829268293
1558271.2758937587,5264262.699192712,27804.487804878052,2.740018860678865,1557976.9459016717,5263836.461704465,27316.707317073175,1558319.7862151063,5264778.407724106,27316.707317073175,1558565.6058858458,5264688.93668096,28292.26829268293,1558222.765572411,5263746.990661318,28292.26829268293
1558614.1162071936,5265204.645212352,27804.487804878052,2.911780415108791,1558319.7862151063,5264778.407724106,27316.707317073175,1558662.626528541,5265720.353743746,27316.707317073175,1558908.4461992807,5265630.8827006,28292.26829268293,1558565.6058858458,5264688.93668096,28292.26829268293
1558956.9565206282,5266146.591231993,27804.487804878052,2.0832241607844275,1558662.626528541,5265720.353743746,27316.707317073175,1559005.466841976,5266662.299763388,27316.707317073175,1559251.2865127153,5266572.828720241,28292.26829268293,1558908.4461992807,5265630.8827006,28292.26829268293
1559299.796834063,5267088.5372516345,27804.487804878052,1.3542663669029753,1559005.466841976,5266662.299763388,27316.707317073175,1559348.3071554108,5267604.245783028,27316.707317073175,1559594.12682615,5267514.774739881,28292.26829268293,1559251.2865127153,5266572.828720241,28292.26829268293
1559642.6371474979,5268030.483271276,27804.487804878052,1.1295062195193795,1559348.3071554108,5267604.245783028,27316.707317073175,1559691.1474688456,5268546.191802668,27316.707317073175,1559936.967139585,5268456.720759523,28292.26829268293,1559594.12682615,5267514.774739881,28292.26829268293
1559985.4774609327,5268972.429290916,27804.487804878052,1.05480078795605,1559691.1474688456,5268546.191802668,27316.707317073175,1560033.9877822802,5269488.1378223095,27316.707317073175,1560279.8074530198,5269398.666779163,28292.26829268293,1559936.967139585,5268456.720759523,28292.26829268293
1560328.3177743675,5269914.375310557,27804.487804878052,0.8131600924502386,1560033.9877822802,5269488.1378223095,27316.707317073175,1560376.8280957153,5270430.083841951,27316.707317073175,1560622.6477664546,5270340.612798804,28292.26829268293,1560279.8074530198,5269398.666779163,28292.26829268293
1560671.1580878024,5270856.321330198,27804.487804878052,0.7786146430670208,1560376.8280957153,5270430.083841951,27316.707317073175,1560719.66840915,5271372.029861592,27316.707317073175,1560965.4880798894,5271282.558818445,28292.26829268293,1560622.6477664546,5270340.612798804,28292.26829268293
1561013.9984012372,5271798.267349839,27804.487804878052,0.802941772856974,1560719.66840915,5271372.029861592,27316.707317073175,1561062.508722585,5272313.975881232,27316.707317073175,1561308.3283933243,5272224.504838087,28292.26829268293,1560965.4880798894,5271282.558818445,28292.26829268293
1561356.838714672,5272740.213369479,27804.487804878052,0.7849357487218147,1561062.508722585,5272313.975881232,27316.707317073175,1561405.3490360195,5273255.921900874,27316.707317073175,1561651.168706759,5273166.450857727,28292.26829268293,1561308.3283933243,5272224.504838087,28292.26829268293
1561699.6790281069,5273682.15938912,27804.487804878052,0.6924076133107777,1561405.3490360195,5273255.921900874,27316.707317073175,1561748.1893494544,5274197.867920514,27316.707317073175,1561994.009020194,5274108.396877368,28292.26829268293,1561651.168706759,5273166.450857727,28292.26829268293
1562042.5193415417,5274624.105408762,27804.487804878052,0.7257314766514278,1561748.1893494544,5274197.867920514,27316.707317073175,1562091.0296628892,5275139.813940155,27316.707317073175,1562336.8493336285,5275050.342897009,28292.26829268293,1561994.009020194,5274108.396877368,28292.26829268293
1562385.3596549763,5275566.051428403,27804.487804878052,0.7105799660532012,1562091.0296628892,5275139.813940155,27316.707317073175,1562433.869976324,5276081.7599597955,27316.707317073175,1562679.6896470634,5275992.28891665,28292.26829268293,1562336.8493336285,5275050.342897009,28292.26829268293
1562728.199968411,5276507.997448043,27804.487804878052,0.7375098497477512,1562433.869976324,5276081.7599597955,27316.707317073175,1562776.7102897586,5277023.705979438,27316.707317073175,1563022.5299604984,5276934.23493629,28292.26829268293,1562679.6896470634,5275992.28891665,28292.26829268293
1563071.040281846,5277449.943467684,27804.487804878052,0.9506113556745914,1562776.7102897586,5277023.705979438,27316.707317073175,1563119.5506031937,5277965.651999078,27316.707317073175,1563365.3702739333,5277876.180955932,28292.26829268293,1563022.5299604984,5276934.23493629,28292.26829268293
1563413.8805952808,5278391.889487325,27804.487804878052,0.8568620691205723,1563119.5506031937,5277965.651999078,27316.707317073175,1563462.3909166285,5278907.598018719,27316.707317073175,1563708.2105873679,5278818.126975573,28292.26829268293,1563365.3702739333,5277876.180955932,28292.26829268293
1563756.7209087156,5279333.835506966,27804.487804878052,0.923639773244572,1563462.3909166285,5278907.598018719,27316.707317073175,1563805.2312300634,5279849.544038359,27316.707317073175,1564051.0509008027,5279760.072995214,28292.26829268293,1563708.2105873679,5278818.126975573,28292.26829268293
1564099.5612221505,5280275.7815266065,27804.487804878052,0.8569027962481953,1563805.2312300634,5279849.544038359,27316.707317073175,1564148.0715434982,5280791.490058001,27316.707317073175,1564393.8912142375,5280702.019014854,28292.26829268293,1564051.0509008027,5279760.072995214,28292.26829268293
1564442.4015355853,5281217.727546248,27804.487804878052,0.8194981860749264,1564148.0715434982,5280791.490058001,27316.707317073175,1564490.9118569328,5281733.436077641,27316.707317073175,1564736.7315276724,5281643.965034494,28292.26829268293,1564393.8912142375,5280702.019014854,28292.26829268293
1564785.24184902,5282159.673565888,27804.487804878052,0.7720342748338155,1564490.9118569328,5281733.436077641,27316.707317073175,1564833.7521703676,5282675.3820972815,27316.707317073175,1565079.5718411072,5282585.911054136,28292.26829268293,1564736.7315276724,5281643.965034494,28292.26829268293
1565128.0821624547,5283101.61958553,27804.487804878052,0.7752605569607074,1564833.7521703676,5282675.3820972815,27316.707317073175,1565176.5924838025,5283617.328116923,27316.707317073175,1565422.412154542,5283527.857073777,28292.26829268293,1565079.5718411072,5282585.911054136,28292.26829268293
1565470.9224758896,5284043.56560517,27804.487804878052,0.8575929726539004,1565176.5924838025,5283617.328116923,27316.707317073175,1565519.4327972373,5284559.274136565,27316.707317073175,1565765.2524679769,5284469.803093418,28292.26829268293,1565422.412154542,5283527.857073777,28292.26829268293
1565813.7627893246,5284985.511624812,27804.487804878052,0.9275204745338219,1565519.4327972373,5284559.274136565,27316.707317073175,1565862.2731106724,5285501.220156205,27316.707317073175,1566108.0927814117,5285411.74911306,28292.26829268293,1565765.2524679769,5284469.803093418,28292.26829268293
1566156.6031027595,5285927.457644452,27804.487804878052,1.3264015600500434,1565862.2731106724,5285501.220156205,27316.707317073175,1566205.1134241072,5286443.166175846,27316.707317073175,1566450.9330948466,5286353.6951327,28292.26829268293,1566108.0927814117,5285411.74911306,28292.26829268293
1566499.4434161943,5286869.403664093,27804.487804878052,1.7328581784461223,1566205.1134241072,5286443.166175846,27316.707317073175,1566547.9537375418,5287385.112195487,27316.707317073175,1566793.7734082814,5287295.64115234,28292.26829268293,1566450.9330948466,5286353.6951327,28292.26829268293
1566842.2837296291,5287811.349683734,27804.487804878052,1.462948950790708,1566547.9537375418,5287385.112195487,27316.707317073175,1566890.7940509766,5288327.058215128,27316.707317073175,1567136.613721716,5288237.587171981,28292.26829268293,1566793.7734082814,5287295.64115234,28292.26829268293
1567185.1240430637,5288753.295703375,27804.487804878052,1.1965853173042902,1566890.7940509766,5288327.058215128,27316.707317073175,1567233.6343644115,5289269.004234768,27316.707317073175,1567479.4540351508,5289179.533191622,28292.26829268293,1567136.613721716,5288237.587171981,28292.26829268293
1567527.9643564986,5289695.241723015,27804.487804878052,0.8172852681648752,1567233.6343644115,5289269.004234768,27316.707317073175,1567576.4746778463,5290210.950254409,27316.707317073175,1567822.2943485857,5290121.479211263,28292.26829268293,1567479.4540351508,5289179.533191622,28292.26829268293
1567870.8046699334,5290637.187742656,27804.487804878052,0.8120700546788135,1567576.4746778463,5290210.950254409,27316.707317073175,1567919.314991281,5291152.896274051,27316.707317073175,1568165.1346620205,5291063.425230904,28292.26829268293,1567822.2943485857,5290121.479211263,28292.26829268293
1568213.6449833682,5291579.133762298,27804.487804878052,0.9150811981304755,1567919.314991281,5291152.896274051,27316.707317073175,1568262.155304716,5292094.842293691,27316.707317073175,1568507.9749754556,5292005.371250545,28292.26829268293,1568165.1346620205,5291063.425230904,28292.26829268293
1568556.4852968033,5292521.079781938,27804.487804878052,0.7156333264283766,1568262.155304716,5292094.842293691,27316.707317073175,1568604.9956181508,5293036.788313332,27316.707317073175,1568850.8152888902,5292947.317270186,28292.26829268293,1568507.9749754556,5292005.371250545,28292.26829268293
1568899.325610238,5293463.0258015795,27804.487804878052,0.5986926866191957,1568604.9956181508,5293036.788313332,27316.707317073175,1568947.8359315856,5293978.734332972,27316.707317073175,1569193.655602325,5293889.263289827,28292.26829268293,1568850.8152888902,5292947.317270186,28292.26829268293
1569242.1659236725,5294404.97182122,27804.487804878052,0.36548234327767,1568947.8359315856,5293978.734332972,27316.707317073175,1569290.6762450202,5294920.680352614,27316.707317073175,1569536.4959157598,5294831.209309467,28292.26829268293,1569193.655602325,5293889.263289827,28292.26829268293
1569585.0062371073,5295346.917840862,27804.487804878052,0.3253180995331463,1569290.6762450202,5294920.680352614,27316.707317073175,1569633.516558455,5295862.626372254,27316.707317073175,1569879.3362291947,5295773.155329108,28292.26829268293,1569536.4959157598,5294831.209309467,28292.26829268293
1569927.8465505422,5296288.863860502,27804.487804878052,0.252137397097243,1569633.516558455,5295862.626372254,27316.707317073175,1569976.35687189,5296804.572391896,27316.707317073175,1570222.1765426293,5296715.101348749,28292.26829268293,1569879.3362291947,5295773.155329108,28292.26829268293
1570270.686863977,5297230.809880142,27804.487804878052,0.17435347892791234,1569976.35687189,5296804.572391896,27316.707317073175,1570319.1971853247,5297746.518411537,27316.707317073175,1570565.016856064,5297657.0473683905,28292.26829268293,1570222.1765426293,5296715.101348749,28292.26829268293
1570613.5271774118,5298172.755899783,27804.487804878052,0.13415106162207568,1570319.1971853247,5297746.518411537,27316.707317073175,1570662.0374987593,5298688.464431178,27316.707317073175,1570907.8571694992,5298598.993388031,28292.26829268293,1570565.016856064,5297657.0473683905,28292.26829268293
1570956.367490847,5299114.701919425,27804.487804878052,0.18524090829537976,1570662.0374987593,5298688.464431178,27316.707317073175,1571004.8778121944,5299630.410450818,27316.707317073175,1571250.697482934,5299540.939407673,28292.26829268293,1570907.8571694992,5298598.993388031,28292.26829268293
1571299.2078042815,5300056.6479390655,27804.487804878052,0.20350235290489774,1571004.8778121944,5299630.410450818,27316.707317073175,1571347.7181256292,5300572.356470459,27316.707317073175,1571593.5377963686,5300482.885427313,28292.26829268293,1571250.697482934,5299540.939407673,28292.26829268293
1571642.0481177163,5300998.593958706,27804.487804878052,0.27033961845617055,1571347.7181256292,5300572.356470459,27316.707317073175,1571690.558439064,5301514.3024901,27316.707317073175,1571936.3781098034,5301424.831446953,28292.26829268293,1571593.5377963686,5300482.885427313,28292.26829268293
1571984.8884311512,5301940.539978348,27804.487804878052,0.3025859998979641,1571690.558439064,5301514.3024901,27316.707317073175,1572033.398752499,5302456.248509741,27316.707317073175,1572279.2184232383,5302366.777466594,28292.26829268293,1571936.3781098034,5301424.831446953,28292.26829268293
1572327.728744586,5302882.485997989,27804.487804878052,0.3298602976753505,1572033.398752499,5302456.248509741,27316.707317073175,1572376.2390659335,5303398.194529382,27316.707317073175,1572622.058736673,5303308.723486235,28292.26829268293,1572279.2184232383,5302366.777466594,28292.26829268293
1572670.5690580208,5303824.432017629,27804.487804878052,0.3482118290425901,1572376.2390659335,5303398.194529382,27316.707317073175,1572719.0793793683,5304340.140549022,27316.707317073175,1572964.899050108,5304250.6695058765,28292.26829268293,1572622.058736673,5303308.723486235,28292.26829268293
1573013.4093714554,5304766.378037269,27804.487804878052,0.2826433374098476,1572719.0793793683,5304340.140549022,27316.707317073175,1573061.9196928032,5305282.086568664,27316.707317073175,1573307.7393635425,5305192.615525517,28292.26829268293,1572964.899050108,5304250.6695058765,28292.26829268293
1573356.2496848903,5305708.32405691,27804.487804878052,0.20136754059488485,1573061.9196928032,5305282.086568664,27316.707317073175,1573404.760006238,5306224.032588304,27316.707317073175,1573650.5796769776,5306134.561545158,28292.26829268293,1573307.7393635425,5305192.615525517,28292.26829268293
1573699.0899983253,5306650.2700765515,27804.487804878052,0.14385746804319052,1573404.760006238,5306224.032588304,27316.707317073175,1573747.6003196728,5307165.978607945,27316.707317073175,1573993.4199904124,5307076.507564799,28292.26829268293,1573650.5796769776,5306134.561545158,28292.26829268293
1574041.9303117602,5307592.216096193,27804.487804878052,0.1486605220310355,1573747.6003196728,5307165.978607945,27316.707317073175,1574090.4406331077,5308107.924627586,27316.707317073175,1574336.2603038473,5308018.45358444,28292.26829268293,1573993.4199904124,5307076.507564799,28292.26829268293
1574384.770625195,5308534.162115833,27804.487804878052,0.19653386220876629,1574090.4406331077,5308107.924627586,27316.707317073175,1574433.2809465425,5309049.870647227,27316.707317073175,1574679.1006172819,5308960.39960408,28292.26829268293,1574336.2603038473,5308018.45358444,28292.26829268293
1574727.6109386296,5309476.108135475,27804.487804878052,0.32384037488299033,1574433.2809465425,5309049.870647227,27316.707317073175,1574776.1212599773,5309991.816666868,27316.707317073175,1575021.9409307167,5309902.345623722,28292.26829268293,1574679.1006172819,5308960.39960408,28292.26829268293
1575070.4512520642,5310418.054155115,27804.487804878052,0.37468245788151694,1574776.1212599773,5309991.816666868,27316.707317073175,1575118.961573412,5310933.762686509,27316.707317073175,1575364.7812441515,5310844.2916433625,28292.26829268293,1575021.9409307167,5309902.345623722,28292.26829268293
1575413.291565499,5311360.000174756,27804.487804878052,0.3841073104106632,1575118.961573412,5310933.762686509,27316.707317073175,1575461.8018868468,5311875.70870615,27316.707317073175,1575707.6215575864,5311786.237663004,28292.26829268293,1575364.7812441515,5310844.2916433625,28292.26829268293
1575756.1318789339,5312301.946194396,27804.487804878052,0.5371500558513425,1575461.8018868468,5311875.70870615,27316.707317073175,1575804.6422002816,5312817.654725791,27316.707317073175,1576050.461871021,5312728.183682644,28292.26829268293,1575707.6215575864,5311786.237663004,28292.26829268293
1576098.972192369,5313243.8922140375,27804.487804878052,0.7414565466076362,1575804.6422002816,5312817.654725791,27316.707317073175,1576147.4825137167,5313759.600745431,27316.707317073175,1576393.302184456,5313670.129702286,28292.26829268293,1576050.461871021,5312728.183682644,28292.26829268293
1576441.8125058038,5314185.838233679,27804.487804878052,0.9223466122049078,1576147.4825137167,5313759.600745431,27316.707317073175,1576490.3228271515,5314701.546765072,27316.707317073175,1576736.1424978909,5314612.075721926,28292.26829268293,1576393.302184456,5313670.129702286,28292.26829268293
1576784.6528192386,5315127.78425332,27804.487804878052,1.183359546728543,1576490.3228271515,5314701.546765072,27316.707317073175,1576833.1631405863,5315643.492784713,27316.707317073175,1577078.9828113257,5315554.021741567,28292.26829268293,1576736.1424978909,5314612.075721926,28292.26829268293
1577127.4931326734,5316069.730272961,27804.487804878052,1.2373092074345393,1576833.1631405863,5315643.492784713,27316.707317073175,1577176.003454021,5316585.4388043545,27316.707317073175,1577421.8231247605,5316495.967761207,28292.26829268293,1577078.9828113257,5315554.021741567,28292.26829268293
1577470.333446108,5317011.676292602,27804.487804878052,1.4642462116917139,1577176.003454021,5316585.4388043545,27316.707317073175,1577518.8437674558,5317527.384823995,27316.707317073175,1577764.6634381954,5317437.913780849,28292.26829268293,1577421.8231247605,5316495.967761207,28292.26829268293
1577813.1737595429,5317953.622312242,27804.487804878052,1.5149180958069497,1577518.8437674558,5317527.384823995,27316.707317073175,1577861.6840808906,5318469.330843636,27316.707317073175,1578107.50375163,5318379.85980049,28292.26829268293,1577764.6634381954,5317437.913780849,28292.26829268293
1578156.0140729777,5318895.568331883,27804.487804878052,1.410828484614611,1577861.6840808906,5318469.330843636,27316.707317073175,1578204.5243943254,5319411.276863277,27316.707317073175,1578450.3440650648,5319321.805820131,28292.26829268293,1578107.50375163,5318379.85980049,28292.26829268293
1578498.8543864125,5319837.514351524,27804.487804878052,1.3623908210505713,1578204.5243943254,5319411.276863277,27316.707317073175,1578547.3647077603,5320353.222882918,27316.707317073175,1578793.1843784996,5320263.751839772,28292.26829268293,1578450.3440650648,5319321.805820131,28292.26829268293
1578841.6946998476,5320779.460371165,27804.487804878052,1.332597188161986,1578547.3647077603,5320353.222882918,27316.707317073175,1578890.205021195,5321295.168902558,27316.707317073175,1579136.0246919347,5321205.697859413,28292.26829268293,1578793.1843784996,5320263.751839772,28292.26829268293
1579184.5350132824,5321721.406390806,27804.487804878052,1.4627791800183936,1578890.205021195,5321295.168902558,27316.707317073175,1579233.04533463,5322237.1149222,27316.707317073175,1579478.8650053693,5322147.643879053,28292.26829268293,1579136.0246919347,5321205.697859413,28292.26829268293
1579527.375326717,5322663.352410447,27804.487804878052,1.3961450726413371,1579233.04533463,5322237.1149222,27316.707317073175,1579575.8856480648,5323179.0609418405,27316.707317073175,1579821.7053188041,5323089.589898694,28292.26829268293,1579478.8650053693,5322147.643879053,28292.26829268293
1579870.2156401519,5323605.298430088,27804.487804878052,1.7953481053701066,1579575.8856480648,5323179.0609418405,27316.707317073175,1579918.7259614996,5324121.006961482,27316.707317073175,1580164.545632239,5324031.535918335,28292.26829268293,1579821.7053188041,5323089.589898694,28292.26829268293
1580213.0559535867,5324547.244449728,27804.487804878052,2.108835016520399,1579918.7259614996,5324121.006961482,27316.707317073175,1580261.5662749342,5325062.952981122,27316.707317073175,1580507.3859456738,5324973.481937976,28292.26829268293,1580164.545632239,5324031.535918335,28292.26829268293
1580555.8962670215,5325489.190469369,27804.487804878052,2.173510329720972,1580261.5662749342,5325062.952981122,27316.707317073175,1580604.406588369,5326004.899000763,27316.707317073175,1580850.2262591086,5325915.427957617,28292.26829268293,1580507.3859456738,5324973.481937976,28292.26829268293
1580898.7365804564,5326431.13648901,27804.487804878052,2.3554811543101066,1580604.406588369,5326004.899000763,27316.707317073175,1580947.2469018039,5326946.845020404,27316.707317073175,1581193.0665725432,5326857.373977257,28292.26829268293,1580850.2262591086,5325915.427957617,28292.26829268293
1581241.576893891,5327373.082508652,27804.487804878052,2.493702241701613,1580947.2469018039,5326946.845020404,27316.707317073175,1581290.0872152387,5327888.791040044,27316.707317073175,1581535.9068859783,5327799.319996899,28292.26829268293,1581193.0665725432,5326857.373977257,28292.26829268293
1581584.4172073258,5328315.028528292,27804.487804878052,3.3499194159354193,1581290.0872152387,5327888.791040044,27316.707317073175,1581632.9275286736,5328830.737059685,27316.707317073175,1581878.7471994131,5328741.266016539,28292.26829268293,1581535.9068859783,5327799.319996899,28292.26829268293
1581927.2575207606,5329256.974547932,27804.487804878052,3.9795523257267504,1581632.9275286736,5328830.737059685,27316.707317073175,1581975.7678421084,5329772.6830793265,27316.707317073175,1582221.587512848,5329683.21203618,28292.26829268293,1581878.7471994131,5328741.266016539,28292.26829268293
1582270.0978341955,5330198.920567574,27804.487804878052,4.102633360001712,1581975.7678421084,5329772.6830793265,27316.707317073175,1582318.6081555432,5330714.629098968,27316.707317073175,1582564.4278262826,5330625.158055821,28292.26829268293,1582221.587512848,5329683.21203618,28292.26829268293
1582612.9381476303,5331140.866587215,27804.487804878052,4.292107762078628,1582318.6081555432,5330714.629098968,27316.707317073175,1582661.448468978,5331656.575118608,27316.707317073175,1582907.2681397174,5331567.104075463,28292.26829268293,1582564.4278262826,5330625.158055821,28292.26829268293
1582955.7784610651,5332082.812606855,27804.487804878052,4.3981166849641875,1582661.448468978,5331656.575118608,27316.707317073175,1583004.288782413,5332598.52113825,27316.707317073175,1583250.1084531522,5332509.050095103,28292.26829268293,1582907.2681397174,5331567.104075463,28292.26829268293
1583298.6187745,5333024.758626496,27804.487804878052,4.462983701596059,1583004.288782413,5332598.52113825,27316.707317073175,1583347.1290958475,5333540.46715789,27316.707317073175,1583592.948766587,5333450.996114744,28292.26829268293,1583250.1084531522,5332509.050095103,28292.26829268293
1583641.4590879348,5333966.704646138,27804.487804878052,4.2264188688751965,1583347.1290958475,5333540.46715789,27316.707317073175,1583689.9694092823,5334482.413177531,27316.707317073175,1583935.789080022,5334392.942134385,28292.26829268293,1583592.948766587,5333450.996114744,28292.26829268293
1583984.2994013694,5334908.650665779,27804.487804878052,4.31069774676757,1583689.9694092823,5334482.413177531,27316.707317073175,1584032.8097227174,5335424.359197171,27316.707317073175,1584278.6293934567,5335334.888154026,28292.26829268293,1583935.789080022,5334392.942134385,28292.26829268293
1584327.1397148045,5335850.596685419,27804.487804878052,4.877304626576469,1584032.8097227174,5335424.359197171,27316.707317073175,1584375.6500361522,5336366.305216813,27316.707317073175,1584621.4697068916,5336276.834173666,28292.26829268293,1584278.6293934567,5335334.888154026,28292.26829268293
1584669.9800282393,5336792.54270506,27804.487804878052,4.748049393310414,1584375.6500361522,5336366.305216813,27316.707317073175,1584718.4903495868,5337308.251236454,27316.707317073175,1584964.3100203264,5337218.780193307,28292.26829268293,1584621.4697068916,5336276.834173666,28292.26829268293
1585012.8203416741,5337734.488724701,27804.487804878052,5.031650791853939,1584718.4903495868,5337308.251236454,27316.707317073175,1585061.3306630217,5338250.197256095,27316.707317073175,1585307.1503337612,5338160.726212949,28292.26829268293,1584964.3100203264,5337218.780193307,28292.26829268293
1585355.6606551087,5338676.434744342,27804.487804878052,4.583887486339774,1585061.3306630217,5338250.197256095,27316.707317073175,1585404.1709764565,5339192.143275735,27316.707317073175,1585649.9906471958,5339102.672232589,28292.26829268293,1585307.1503337612,5338160.726212949,28292.26829268293
1585698.5009685436,5339618.380763982,27804.487804878052,4.3662049642384035,1585404.1709764565,5339192.143275735,27316.707317073175,1585747.0112898913,5340134.089295377,27316.707317073175,1585992.8309606307,5340044.61825223,28292.26829268293,1585649.9906471958,5339102.672232589,28292.26829268293
1586041.3412819784,5340560.326783624,27804.487804878052,3.9539185253677913,1585747.0112898913,5340134.089295377,27316.707317073175,1586089.851603326,5341076.035315017,27316.707317073175,1586335.6712740655,5340986.56427187,28292.26829268293,1585992.8309606307,5340044.61825223,28292.26829268293
1586384.1815954132,5341502.272803265,27804.487804878052,3.295875448690059,1586089.851603326,5341076.035315017,27316.707317073175,1586432.6919167608,5342017.981334657,27316.707317073175,1586678.5115875003,5341928.510291512,28292.26829268293,1586335.6712740655,5340986.56427187,28292.26829268293
1586727.0219088483,5342444.218822906,27804.487804878052,3.2691051767593793,1586432.6919167608,5342017.981334657,27316.707317073175,1586775.5322301958,5342959.9273542985,27316.707317073175,1587021.3519009354,5342870.456311153,28292.26829268293,1586678.5115875003,5341928.510291512,28292.26829268293
1587069.8622222831,5343386.164842546,27804.487804878052,2.9904305055073657,1586775.5322301958,5342959.9273542985,27316.707317073175,1587118.3725436307,5343901.873373941,27316.707317073175,1587364.1922143702,5343812.402330793,28292.26829268293,1587021.3519009354,5342870.456311153,28292.26829268293
1587412.702535718,5344328.110862187,27804.487804878052,2.7906867834250857,1587118.3725436307,5343901.873373941,27316.707317073175,1587461.2128570655,5344843.819393581,27316.707317073175,1587707.0325278048,5344754.3483504355,28292.26829268293,1587364.1922143702,5343812.402330793,28292.26829268293
1587755.5428491526,5345270.056881828,27804.487804878052,3.562202408833343,1587461.2128570655,5344843.819393581,27316.707317073175,1587804.0531705003,5345785.765413222,27316.707317073175,1588049.8728412397,5345696.294370076,28292.26829268293,1587707.0325278048,5344754.3483504355,28292.26829268293
1588098.3831625872,5346212.002901469,27804.487804878052,4.036608968393831,1587804.0531705003,5345785.765413222,27316.707317073175,1588146.893483935,5346727.711432863,27316.707317073175,1588392.7131546745,5346638.240389716,28292.26829268293,1588049.8728412397,5345696.294370076,28292.26829268293
1588441.223476022,5347153.94892111,27804.487804878052,4.1783492757184035,1588146.893483935,5346727.711432863,27316.707317073175,1588489.7337973698,5347669.657452503,27316.707317073175,1588735.5534681093,5347580.186409357,28292.26829268293,1588392.7131546745,5346638.240389716,28292.26829268293
1588784.0637894568,5348095.894940751,27804.487804878052,5.028873371057513,1588489.7337973698,5347669.657452503,27316.707317073175,1588832.5741108046,5348611.603472144,27316.707317073175,1589078.393781544,5348522.132428998,28292.26829268293,1588735.5534681093,5347580.186409357,28292.26829268293
1589126.9041028917,5349037.840960392,27804.487804878052,5.133112285382685,1588832.5741108046,5348611.603472144,27316.707317073175,1589175.4144242394,5349553.549491785,27316.707317073175,1589421.234094979,5349464.078448639,28292.26829268293,1589078.393781544,5348522.132428998,28292.26829268293
1589469.7444163268,5349979.786980032,27804.487804878052,4.9622075288845995,1589175.4144242394,5349553.549491785,27316.707317073175,1589518.2547376743,5350495.495511427,27316.707317073175,1589764.0744084138,5350406.024468279,28292.26829268293,1589421.234094979,5349464.078448639,28292.26829268293
1589812.5847297614,5350921.732999674,27804.487804878052,5.091404218264734,1589518.2547376743,5350495.495511427,27316.707317073175,1589861.095051109,5351437.441531067,27316.707317073175,1590106.9147218487,5351347.970487921,28292.26829268293,1589764.0744084138,5350406.024468279,28292.26829268293
1590155.4250431962,5351863.679019314,27804.487804878052,6.602007592481242,1589861.095051109,5351437.441531067,27316.707317073175,1590203.935364544,5352379.387550708,27316.707317073175,1590449.7550352833,5352289.916507562,28292.26829268293,1590106.9147218487,5351347.970487921,28292.26829268293
1590498.265356631,5352805.625038954,27804.487804878052,7.042439815393518,1590203.935364544,5352379.387550708,27316.707317073175,1590546.7756779788,5353321.333570348,27316.707317073175,1590792.595348718,5353231.862527203,28292.26829268293,1590449.7550352833,5352289.916507562,28292.26829268293
1590841.1056700659,5353747.571058596,27804.487804878052,6.010170954197045,1590546.7756779788,5353321.333570348,27316.707317073175,1590889.6159914136,5354263.27958999,27316.707317073175,1591135.435662153,5354173.808546843,28292.26829268293,1590792.595348718,5353231.862527203,28292.26829268293
1591183.9459835007,5354689.517078238,27804.487804878052,6.106083844674227,1590889.6159914136,5354263.27958999,27316.707317073175,1591232.4563048482,5355205.22560963,27316.707317073175,1591478.2759755878,5355115.754566485,28292.26829268293,1591135.435662153,5354173.808546843,28292.26829268293
1591526.7862969355,5355631.463097878,27804.487804878052,6.500460071736614,1591232.4563048482,5355205.22560963,27316.707317073175,1591575.296618283,5356147.1716292715,27316.707317073175,1591821.1162890226,5356057.700586125,28292.26829268293,1591478.2759755878,5355115.754566485,28292.26829268293
1591869.6266103704,5356573.409117519,27804.487804878052,6.354065022977173,1591575.296618283,5356147.1716292715,27316.707317073175,1591918.136931718,5357089.117648913,27316.707317073175,1592163.9566024574,5356999.646605766,28292.26829268293,1591821.1162890226,5356057.700586125,28292.26829268293
1592212.4669238052,5357515.355137159,27804.487804878052,6.0685523998470385,1591918.136931718,5357089.117648913,27316.707317073175,1592260.977245153,5358031.063668554,27316.707317073175,1592506.7969158923,5357941.592625407,28292.26829268293,1592163.9566024574,5356999.646605766,28292.26829268293
1592555.30723724,5358457.301156801,27804.487804878052,6.315237507985063,1592260.977245153,5358031.063668554,27316.707317073175,1592603.8175585875,5358973.009688194,27316.707317073175,1592849.637229327,5358883.538645049,28292.26829268293,1592506.7969158923,5357941.592625407,28292.26829268293
1592898.1475506749,5359399.247176441,27804.487804878052,6.050655743141213,1592603.8175585875,5358973.009688194,27316.707317073175,1592946.6578720224,5359914.955707835,27316.707317073175,1593192.477542762,5359825.484664689,28292.26829268293,1592849.637229327,5358883.538645049,28292.26829268293
1593240.9878641097,5360341.193196082,27804.487804878052,5.807346921838625,1592946.6578720224,5359914.955707835,27316.707317073175,1593289.4981854572,5360856.901727476,27316.707317073175,1593535.3178561965,5360767.430684329,28292.26829268293,1593192.477542762,5359825.484664689,28292.26829268293
1593583.8281775443,5361283.139215724,27804.487804878052,5.681597082707182,1593289.4981854572,5360856.901727476,27316.707317073175,1593632.338498892,5361798.847747117,27316.707317073175,1593878.1581696314,5361709.37670397,28292.26829268293,1593535.3178561965,5360767.430684329,28292.26829268293
1593926.668490979,5362225.085235365,27804.487804878052,7.2435571991947505,1593632.338498892,5361798.847747117,27316.707317073175,1593975.1788123266,5362740.7937667575,27316.707317073175,1594220.9984830662,5362651.322723611,28292.26829268293,1593878.1581696314,5361709.37670397,28292.26829268293
1594269.5088044137,5363167.031255005,27804.487804878052,7.461658393681382,1593975.1788123266,5362740.7937667575,27316.707317073175,1594318.0191257615,5363682.739786398,27316.707317073175,1594563.838796501,5363593.268743252,28292.26829268293,1594220.9984830662,5362651.322723611,28292.26829268293
1594612.3491178488,5364108.977274645,27804.487804878052,5.703164382981134,1594318.0191257615,5363682.739786398,27316.707317073175,1594660.8594391965,5364624.68580604,27316.707317073175,1594906.6791099359,5364535.214762893,28292.26829268293,1594563.838796501,5363593.268743252,28292.26829268293
1594955.1894312836,5365050.923294287,27804.487804878052,4.854381234739808,1594660.8594391965,5364624.68580604,27316.707317073175,1595003.6997526314,5365566.63182568,27316.707317073175,1595249.5194233707,5365477.160782534,28292.26829268293,1594906.6791099359,5364535.214762893,28292.26829268293
1595298.0297447185,5365992.869313927,27804.487804878052,4.612746427599436,1595003.6997526314,5365566.63182568,27316.707317073175,1595346.5400660662,5366508.577845321,27316.707317073175,1595592.3597368055,5366419.106802175,28292.26829268293,1595249.5194233707,5365477.160782534,28292.26829268293
1595640.8700581533,5366934.8153335685,27804.487804878052,5.166385820759901,1595346.5400660662,5366508.577845321,27316.707317073175,1595689.3803795008,5367450.523864962,27316.707317073175,1595935.2000502404,5367361.052821816,28292.26829268293,1595592.3597368055,5366419.106802175,28292.26829268293
1595983.7103715881,5367876.761353209,27804.487804878052,4.950828713363451,1595689.3803795008,5367450.523864962,27316.707317073175,1596032.2206929356,5368392.469884603,27316.707317073175,1596278.0403636752,5368302.998841456,28292.26829268293,1595935.2000502404,5367361.052821816,28292.26829268293
1596326.5506850227,5368818.70737285,27804.487804878052,4.893719033109167,1596032.2206929356,5368392.469884603,27316.707317073175,1596375.0610063705,5369334.4159042435,27316.707317073175,1596620.8806771098,5369244.944861098,28292.26829268293,1596278.0403636752,5368302.998841456,28292.26829268293
1596669.3909984576,5369760.653392491,27804.487804878052,3.5194292534641516,1596375.0610063705,5369334.4159042435,27316.707317073175,1596717.9013198053,5370276.361923885,27316.707317073175,1596963.7209905447,5370186.890880738,28292.26829268293,1596620.8806771098,5369244.944861098,28292.26829268293
1597012.2313118924,5370702.599412132,27804.487804878052,2.8389134238969675,1596717.9013198053,5370276.361923885,27316.707317073175,1597060.74163324,5371218.307943526,27316.707317073175,1597306.5613039797,5371128.8369003795,28292.26829268293,1596963.7209905447,5370186.890880738,28292.26829268293
1597355.0716253275,5371644.545431772,27804.487804878052,2.3968554547770284,1597060.74163324,5371218.307943526,27316.707317073175,1597403.581946675,5372160.253963167,27316.707317073175,1597649.4016174146,5372070.78292002,28292.26829268293,1597306.5613039797,5371128.8369003795,28292.26829268293
1597697.911938762,5372586.491451414,27804.487804878052,2.4465888589343243,1597403.581946675,5372160.253963167,27316.707317073175,1597746.4222601098,5373102.199982807,27316.707317073175,1597992.2419308492,5373012.728939662,28292.26829268293,1597649.4016174146,5372070.78292002,28292.26829268293
1598040.752252197,5373528.4374710545,27804.487804878052,2.086281310572718,1597746.4222601098,5373102.199982807,27316.707317073175,1598089.2625735446,5374044.146002448,27316.707317073175,1598335.082244284,5373954.674959302,28292.26829268293,1597992.2419308492,5373012.728939662,28292.26829268293
1598383.5925656317,5374470.383490696,27804.487804878052,1.663965673642344,1598089.2625735446,5374044.146002448,27316.707317073175,1598432.1028869792,5374986.092022089,27316.707317073175,1598677.9225577188,5374896.620978942,28292.26829268293,1598335.082244284,5373954.674959302,28292.26829268293
1598726.4328790666,5375412.329510337,27804.487804878052,1.3355348350982563,1598432.1028869792,5374986.092022089,27316.707317073175,1598774.943200414,5375928.03804173,27316.707317073175,1599020.7628711537,5375838.566998583,28292.26829268293,1598677.9225577188,5374896.620978942,28292.26829268293
1599069.2731925014,5376354.275529977,27804.487804878052,1.4175038136805016,1598774.943200414,5375928.03804173,27316.707317073175,1599117.783513849,5376869.984061371,27316.707317073175,1599363.6031845885,5376780.513018225,28292.26829268293,1599020.7628711537,5375838.566998583,28292.26829268293
1599412.1135059362,5377296.221549618,27804.487804878052,1.5646642458164235,1599117.783513849,5376869.984061371,27316.707317073175,1599460.6238272837,5377811.930081012,27316.707317073175,1599706.4434980233,5377722.4590378655,28292.26829268293,1599363.6031845885,5376780.513018225,28292.26829268293
1599754.953819371,5378238.167569259,27804.487804878052,1.6881059192383598,1599460.6238272837,5377811.930081012,27316.707317073175,1599803.4641407188,5378753.876100653,27316.707317073175,1600049.2838114582,5378664.405057507,28292.26829268293,1599706.4434980233,5377722.4590378655,28292.26829268293
1600097.794132806,5379180.1135889,27804.487804878052,2.6758633534470584,1599803.4641407188,5378753.876100653,27316.707317073175,1600146.3044541536,5379695.822120294,27316.707317073175,1600392.124124893,5379606.351077148,28292.26829268293,1600049.2838114582,5378664.405057507,28292.26829268293
1600440.6344462405,5380122.059608541,27804.487804878052,3.96436235515643,1600146.3044541536,5379695.822120294,27316.707317073175,1600489.1447675882,5380637.768139934,27316.707317073175,1600734.9644383278,5380548.297096789,28292.26829268293,1600392.124124893,5379606.351077148,28292.26829268293
1600783.4747596753,5381064.005628182,27804.487804878052,3.4148470842286494,1600489.1447675882,5380637.768139934,27316.707317073175,1600831.985081023,5381579.714159576,27316.707317073175,1601077.8047517627,5381490.243116429,28292.26829268293,1600734.9644383278,5380548.297096789,28292.26829268293
1549260.407101758,5238740.685619262,28780.04878048781,2.3694419905273842,1548966.077109671,5238314.448131015,28292.26829268293,1549308.9174231058,5239256.394150655,28292.26829268293,1549554.7370938451,5239166.9231075095,29267.829268292688,1549211.8967804103,5238224.977087868,29267.829268292688
1549603.247415193,5239682.631638902,28780.04878048781,2.1364479448576486,1549308.9174231058,5239256.394150655,28292.26829268293,1549651.7577365406,5240198.340170297,28292.26829268293,1549897.57740728,5240108.86912715,29267.829268292688,1549554.7370938451,5239166.9231075095,29267.829268292688
1549946.087728628,5240624.577658543,28780.04878048781,2.139157180399193,1549651.7577365406,5240198.340170297,28292.26829268293,1549994.5980499755,5241140.286189937,28292.26829268293,1550240.417720715,5241050.81514679,29267.829268292688,1549897.57740728,5240108.86912715,29267.829268292688
1550288.9280420628,5241566.5236781845,28780.04878048781,2.2267238594952192,1549994.5980499755,5241140.286189937,28292.26829268293,1550337.4383634103,5242082.232209578,28292.26829268293,1550583.2580341499,5241992.761166432,29267.829268292688,1550240.417720715,5241050.81514679,29267.829268292688
1550631.7683554976,5242508.469697825,28780.04878048781,2.655904851933764,1550337.4383634103,5242082.232209578,28292.26829268293,1550680.2786768451,5243024.178229218,28292.26829268293,1550926.0983475845,5242934.707186072,29267.829268292688,1550583.2580341499,5241992.761166432,29267.829268292688
1550974.6086689322,5243450.415717465,28780.04878048781,3.045897471308751,1550680.2786768451,5243024.178229218,28292.26829268293,1551023.11899028,5243966.1242488595,28292.26829268293,1551268.9386610193,5243876.653205713,29267.829268292688,1550926.0983475845,5242934.707186072,29267.829268292688
1551317.4489823668,5244392.361737107,28780.04878048781,3.3638329888375176,1551023.11899028,5243966.1242488595,28292.26829268293,1551365.9593037146,5244908.070268501,28292.26829268293,1551611.7789744542,5244818.599225353,29267.829268292688,1551268.9386610193,5243876.653205713,29267.829268292688
1551660.2892958017,5245334.307756748,28780.04878048781,3.340533589761988,1551365.9593037146,5244908.070268501,28292.26829268293,1551708.7996171494,5245850.016288141,28292.26829268293,1551954.619287889,5245760.5452449955,29267.829268292688,1551611.7789744542,5244818.599225353,29267.829268292688
1552003.1296092365,5246276.253776388,28780.04878048781,2.7033275586588825,1551708.7996171494,5245850.016288141,28292.26829268293,1552051.6399305842,5246791.962307782,28292.26829268293,1552297.4596013236,5246702.491264636,29267.829268292688,1551954.619287889,5245760.5452449955,29267.829268292688
1552345.9699226713,5247218.199796029,28780.04878048781,3.15450240298526,1552051.6399305842,5246791.962307782,28292.26829268293,1552394.480244019,5247733.908327423,28292.26829268293,1552640.2999147587,5247644.437284277,29267.829268292688,1552297.4596013236,5246702.491264636,29267.829268292688
1552688.8102361064,5248160.1458156705,28780.04878048781,3.5574908580962035,1552394.480244019,5247733.908327423,28292.26829268293,1552737.320557454,5248675.854347064,28292.26829268293,1552983.1402281935,5248586.383303918,29267.829268292688,1552640.2999147587,5247644.437284277,29267.829268292688
1553031.650549541,5249102.091835312,28780.04878048781,3.892201182857492,1552737.320557454,5248675.854347064,28292.26829268293,1553080.1608708887,5249617.800366704,28292.26829268293,1553325.9805416283,5249528.329323559,29267.829268292688,1552983.1402281935,5248586.383303918,29267.829268292688
1553374.4908629758,5250044.037854952,28780.04878048781,4.47948775919538,1553080.1608708887,5249617.800366704,28292.26829268293,1553423.0011843236,5250559.746386346,28292.26829268293,1553668.820855063,5250470.275343199,29267.829268292688,1553325.9805416283,5249528.329323559,29267.829268292688
1553717.3311764107,5250985.983874592,28780.04878048781,4.3961976369334215,1553423.0011843236,5250559.746386346,28292.26829268293,1553765.8414977584,5251501.692405987,28292.26829268293,1554011.6611684978,5251412.22136284,29267.829268292688,1553668.820855063,5250470.275343199,29267.829268292688
1554060.1714898455,5251927.929894234,28780.04878048781,2.9972097517440313,1553765.8414977584,5251501.692405987,28292.26829268293,1554108.6818111932,5252443.638425628,28292.26829268293,1554354.5014819326,5252354.1673824815,29267.829268292688,1554011.6611684978,5251412.22136284,29267.829268292688
1554403.0118032803,5252869.875913875,28780.04878048781,2.8316943929206464,1554108.6818111932,5252443.638425628,28292.26829268293,1554451.5221246278,5253385.584445268,28292.26829268293,1554697.3417953674,5253296.113402123,29267.829268292688,1554354.5014819326,5252354.1673824815,29267.829268292688
1554745.8521167152,5253811.821933515,28780.04878048781,2.437679972682531,1554451.5221246278,5253385.584445268,28292.26829268293,1554794.3624380627,5254327.53046491,28292.26829268293,1555040.1821088023,5254238.059421763,29267.829268292688,1554697.3417953674,5253296.113402123,29267.829268292688
1555088.69243015,5254753.767953157,28780.04878048781,2.8745016299142847,1554794.3624380627,5254327.53046491,28292.26829268293,1555137.2027514977,5255269.47648455,28292.26829268293,1555383.0224222373,5255180.005441404,29267.829268292688,1555040.1821088023,5254238.059421763,29267.829268292688
1555431.532743585,5255695.713972798,28780.04878048781,3.3663246672819542,1555137.2027514977,5255269.47648455,28292.26829268293,1555480.0430649326,5256211.422504191,28292.26829268293,1555725.862735672,5256121.951461045,29267.829268292688,1555383.0224222373,5255180.005441404,29267.829268292688
1555774.3730570197,5256637.659992439,28780.04878048781,3.5166359461571415,1555480.0430649326,5256211.422504191,28292.26829268293,1555822.8833783674,5257153.3685238315,28292.26829268293,1556068.7030491068,5257063.897480686,29267.829268292688,1555725.862735672,5256121.951461045,29267.829268292688
1556117.2133704545,5257579.606012079,28780.04878048781,3.7828276443357005,1555822.8833783674,5257153.3685238315,28292.26829268293,1556165.7236918022,5258095.3145434735,28292.26829268293,1556411.5433625416,5258005.843500326,29267.829268292688,1556068.7030491068,5257063.897480686,29267.829268292688
1556460.0536838893,5258521.55203172,28780.04878048781,3.553687515839824,1556165.7236918022,5258095.3145434735,28292.26829268293,1556508.5640052368,5259037.260563114,28292.26829268293,1556754.3836759764,5258947.7895199675,29267.829268292688,1556411.5433625416,5258005.843500326,29267.829268292688
1556802.8939973242,5259463.498051361,28780.04878048781,3.2100783634670655,1556508.5640052368,5259037.260563114,28292.26829268293,1556851.4043186717,5259979.206582755,28292.26829268293,1557097.223989411,5259889.735539609,29267.829268292688,1556754.3836759764,5258947.7895199675,29267.829268292688
1557145.7343107588,5260405.444071002,28780.04878048781,2.551329847717619,1556851.4043186717,5259979.206582755,28292.26829268293,1557194.2446321065,5260921.152602396,28292.26829268293,1557440.0643028459,5260831.68155925,29267.829268292688,1557097.223989411,5259889.735539609,29267.829268292688
1557488.5746241936,5261347.3900906425,28780.04878048781,2.6197754269729305,1557194.2446321065,5260921.152602396,28292.26829268293,1557537.0849455413,5261863.098622037,28292.26829268293,1557782.9046162807,5261773.62757889,29267.829268292688,1557440.0643028459,5260831.68155925,29267.829268292688
1557831.4149376284,5262289.336110284,28780.04878048781,3.4413302093509373,1557537.0849455413,5261863.098622037,28292.26829268293,1557879.9252589762,5262805.044641677,28292.26829268293,1558125.7449297158,5262715.573598531,29267.829268292688,1557782.9046162807,5261773.62757889,29267.829268292688
1558174.2552510633,5263231.282129925,28780.04878048781,3.496438158065984,1557879.9252589762,5262805.044641677,28292.26829268293,1558222.765572411,5263746.990661318,28292.26829268293,1558468.5852431506,5263657.519618172,29267.829268292688,1558125.7449297158,5262715.573598531,29267.829268292688
1558517.095564498,5264173.228149566,28780.04878048781,3.454491736173983,1558222.765572411,5263746.990661318,28292.26829268293,1558565.6058858458,5264688.93668096,28292.26829268293,1558811.4255565852,5264599.465637812,29267.829268292688,1558468.5852431506,5263657.519618172,29267.829268292688
1558859.935877933,5265115.174169206,28780.04878048781,2.7110032169941087,1558565.6058858458,5264688.93668096,28292.26829268293,1558908.4461992807,5265630.8827006,28292.26829268293,1559154.26587002,5265541.4116574535,29267.829268292688,1558811.4255565852,5264599.465637812,29267.829268292688
1559202.7761913678,5266057.120188847,28780.04878048781,2.0087955434967513,1558908.4461992807,5265630.8827006,28292.26829268293,1559251.2865127153,5266572.828720241,28292.26829268293,1559497.1061834549,5266483.357677095,29267.829268292688,1559154.26587002,5265541.4116574535,29267.829268292688
1559545.6165048026,5266999.066208487,28780.04878048781,1.7763320065206085,1559251.2865127153,5266572.828720241,28292.26829268293,1559594.12682615,5267514.774739881,28292.26829268293,1559839.9464968897,5267425.303696736,29267.829268292688,1559497.1061834549,5266483.357677095,29267.829268292688
1559888.4568182372,5267941.0122281285,28780.04878048781,1.2459858975011031,1559594.12682615,5267514.774739881,28292.26829268293,1559936.967139585,5268456.720759523,28292.26829268293,1560182.7868103243,5268367.249716376,29267.829268292688,1559839.9464968897,5267425.303696736,29267.829268292688
1560231.297131672,5268882.958247771,28780.04878048781,0.9021226041352504,1559936.967139585,5268456.720759523,28292.26829268293,1560279.8074530198,5269398.666779163,28292.26829268293,1560525.6271237594,5269309.195736017,29267.829268292688,1560182.7868103243,5268367.249716376,29267.829268292688
1560574.137445107,5269824.904267411,28780.04878048781,0.7073925386983936,1560279.8074530198,5269398.666779163,28292.26829268293,1560622.6477664546,5270340.612798804,28292.26829268293,1560868.4674371942,5270251.141755658,29267.829268292688,1560525.6271237594,5269309.195736017,29267.829268292688
1560916.977758542,5270766.850287052,28780.04878048781,0.5014041057924061,1560622.6477664546,5270340.612798804,28292.26829268293,1560965.4880798894,5271282.558818445,28292.26829268293,1561211.307750629,5271193.087775299,29267.829268292688,1560868.4674371942,5270251.141755658,29267.829268292688
1561259.8180719765,5271708.796306692,28780.04878048781,0.42417217561820086,1560965.4880798894,5271282.558818445,28292.26829268293,1561308.3283933243,5272224.504838087,28292.26829268293,1561554.1480640636,5272135.0337949395,29267.829268292688,1561211.307750629,5271193.087775299,29267.829268292688
1561602.6583854114,5272650.742326334,28780.04878048781,0.302788266420273,1561308.3283933243,5272224.504838087,28292.26829268293,1561651.168706759,5273166.450857727,28292.26829268293,1561896.9883774985,5273076.979814582,29267.829268292688,1561554.1480640636,5272135.0337949395,29267.829268292688
1561945.4986988462,5273592.688345974,28780.04878048781,0.3658805251074236,1561651.168706759,5273166.450857727,28292.26829268293,1561994.009020194,5274108.396877368,28292.26829268293,1562239.8286909333,5274018.925834222,29267.829268292688,1561896.9883774985,5273076.979814582,29267.829268292688
1562288.339012281,5274534.6343656145,28780.04878048781,0.5530643931985139,1561994.009020194,5274108.396877368,28292.26829268293,1562336.8493336285,5275050.342897009,28292.26829268293,1562582.6690043681,5274960.871853863,29267.829268292688,1562239.8286909333,5274018.925834222,29267.829268292688
1562631.1793257159,5275476.580385256,28780.04878048781,0.6894678224344232,1562336.8493336285,5275050.342897009,28292.26829268293,1562679.6896470634,5275992.28891665,28292.26829268293,1562925.509317803,5275902.817873503,29267.829268292688,1562582.6690043681,5274960.871853863,29267.829268292688
1562974.0196391507,5276418.526404898,28780.04878048781,0.7059311597455936,1562679.6896470634,5275992.28891665,28292.26829268293,1563022.5299604984,5276934.23493629,28292.26829268293,1563268.3496312378,5276844.763893145,29267.829268292688,1562925.509317803,5275902.817873503,29267.829268292688
1563316.8599525855,5277360.472424538,28780.04878048781,0.5902740769413595,1563022.5299604984,5276934.23493629,28292.26829268293,1563365.3702739333,5277876.180955932,28292.26829268293,1563611.1899446726,5277786.709912785,29267.829268292688,1563268.3496312378,5276844.763893145,29267.829268292688
1563659.7002660201,5278302.418444178,28780.04878048781,0.5736200352837835,1563365.3702739333,5277876.180955932,28292.26829268293,1563708.2105873679,5278818.126975573,28292.26829268293,1563954.0302581075,5278728.6559324255,29267.829268292688,1563611.1899446726,5277786.709912785,29267.829268292688
1564002.540579455,5279244.36446382,28780.04878048781,0.5817364747217398,1563708.2105873679,5278818.126975573,28292.26829268293,1564051.0509008027,5279760.072995214,28292.26829268293,1564296.8705715423,5279670.601952067,29267.829268292688,1563954.0302581075,5278728.6559324255,29267.829268292688
1564345.3808928898,5280186.310483461,28780.04878048781,0.4951488937879225,1564051.0509008027,5279760.072995214,28292.26829268293,1564393.8912142375,5280702.019014854,28292.26829268293,1564639.710884977,5280612.547971708,29267.829268292688,1564296.8705715423,5279670.601952067,29267.829268292688
1564688.2212063246,5281128.256503101,28780.04878048781,0.5422984784513863,1564393.8912142375,5280702.019014854,28292.26829268293,1564736.7315276724,5281643.965034494,28292.26829268293,1564982.5511984117,5281554.493991349,29267.829268292688,1564639.710884977,5280612.547971708,29267.829268292688
1565031.0615197595,5282070.202522742,28780.04878048781,0.5126487980652431,1564736.7315276724,5281643.965034494,28292.26829268293,1565079.5718411072,5282585.911054136,28292.26829268293,1565325.3915118466,5282496.440010989,29267.829268292688,1564982.5511984117,5281554.493991349,29267.829268292688
1565373.9018331943,5283012.148542384,28780.04878048781,0.5527374738290941,1565079.5718411072,5282585.911054136,28292.26829268293,1565422.412154542,5283527.857073777,28292.26829268293,1565668.2318252814,5283438.386030631,29267.829268292688,1565325.3915118466,5282496.440010989,29267.829268292688
1565716.7421466294,5283954.094562025,28780.04878048781,0.6104484661358048,1565422.412154542,5283527.857073777,28292.26829268293,1565765.2524679769,5284469.803093418,28292.26829268293,1566011.0721387165,5284380.332050271,29267.829268292688,1565668.2318252814,5283438.386030631,29267.829268292688
1566059.582460064,5284896.040581665,28780.04878048781,0.7763756809649616,1565765.2524679769,5284469.803093418,28292.26829268293,1566108.0927814117,5285411.74911306,28292.26829268293,1566353.9124521513,5285322.278069912,29267.829268292688,1566011.0721387165,5284380.332050271,29267.829268292688
1566402.4227734988,5285837.986601305,28780.04878048781,1.1844578573569213,1566108.0927814117,5285411.74911306,28292.26829268293,1566450.9330948466,5286353.6951327,28292.26829268293,1566696.752765586,5286264.224089553,29267.829268292688,1566353.9124521513,5285322.278069912,29267.829268292688
1566745.2630869336,5286779.932620947,28780.04878048781,1.2765340925467568,1566450.9330948466,5286353.6951327,28292.26829268293,1566793.7734082814,5287295.64115234,28292.26829268293,1567039.5930790207,5287206.170109195,29267.829268292688,1566696.752765586,5286264.224089553,29267.829268292688
1567088.1034003685,5287721.878640587,28780.04878048781,1.0208795995143827,1566793.7734082814,5287295.64115234,28292.26829268293,1567136.613721716,5288237.587171981,28292.26829268293,1567382.4333924556,5288148.116128835,29267.829268292688,1567039.5930790207,5287206.170109195,29267.829268292688
1567430.9437138033,5288663.824660229,28780.04878048781,0.8272849655268442,1567136.613721716,5288237.587171981,28292.26829268293,1567479.4540351508,5289179.533191622,28292.26829268293,1567725.2737058904,5289090.062148476,29267.829268292688,1567382.4333924556,5288148.116128835,29267.829268292688
1567773.7840272381,5289605.77067987,28780.04878048781,0.8679518444346352,1567479.4540351508,5289179.533191622,28292.26829268293,1567822.2943485857,5290121.479211263,28292.26829268293,1568068.114019325,5290032.008168116,29267.829268292688,1567725.2737058904,5289090.062148476,29267.829268292688
1568116.6243406727,5290547.71669951,28780.04878048781,0.7269737480850362,1567822.2943485857,5290121.479211263,28292.26829268293,1568165.1346620205,5291063.425230904,28292.26829268293,1568410.95433276,5290973.954187758,29267.829268292688,1568068.114019325,5290032.008168116,29267.829268292688
1568459.4646541078,5291489.662719151,28780.04878048781,0.5576956675368667,1568165.1346620205,5291063.425230904,28292.26829268293,1568507.9749754556,5292005.371250545,28292.26829268293,1568753.794646195,5291915.900207398,29267.829268292688,1568410.95433276,5290973.954187758,29267.829268292688
1568802.3049675426,5292431.608738792,28780.04878048781,0.5624347720405833,1568507.9749754556,5292005.371250545,28292.26829268293,1568850.8152888902,5292947.317270186,28292.26829268293,1569096.6349596297,5292857.84622704,29267.829268292688,1568753.794646195,5291915.900207398,29267.829268292688
1569145.1452809775,5293373.554758433,28780.04878048781,0.468036579921921,1568850.8152888902,5292947.317270186,28292.26829268293,1569193.655602325,5293889.263289827,28292.26829268293,1569439.4752730643,5293799.79224668,29267.829268292688,1569096.6349596297,5292857.84622704,29267.829268292688
1569487.985594412,5294315.500778074,28780.04878048781,0.35868828753479604,1569193.655602325,5293889.263289827,28292.26829268293,1569536.4959157598,5294831.209309467,28292.26829268293,1569782.3155864992,5294741.738266322,29267.829268292688,1569439.4752730643,5293799.79224668,29267.829268292688
1569830.825907847,5295257.446797715,28780.04878048781,0.2690636109251481,1569536.4959157598,5294831.209309467,28292.26829268293,1569879.3362291947,5295773.155329108,28292.26829268293,1570125.155899934,5295683.684285962,29267.829268292688,1569782.3155864992,5294741.738266322,29267.829268292688
1570173.6662212815,5296199.392817356,28780.04878048781,0.12036782594944336,1569879.3362291947,5295773.155329108,28292.26829268293,1570222.1765426293,5296715.101348749,28292.26829268293,1570467.9962133688,5296625.630305603,29267.829268292688,1570125.155899934,5295683.684285962,29267.829268292688
1570516.5065347163,5297141.338836997,28780.04878048781,0.13208750771566594,1570222.1765426293,5296715.101348749,28292.26829268293,1570565.016856064,5297657.0473683905,28292.26829268293,1570810.8365268037,5297567.576325244,29267.829268292688,1570467.9962133688,5296625.630305603,29267.829268292688
1570859.3468481512,5298083.284856637,28780.04878048781,0.13873667017494193,1570565.016856064,5297657.0473683905,28292.26829268293,1570907.8571694992,5298598.993388031,28292.26829268293,1571153.6768402385,5298509.522344885,29267.829268292688,1570810.8365268037,5297567.576325244,29267.829268292688
1571202.1871615862,5299025.230876278,28780.04878048781,0.12033399017167261,1570907.8571694992,5298598.993388031,28292.26829268293,1571250.697482934,5299540.939407673,28292.26829268293,1571496.5171536733,5299451.468364526,29267.829268292688,1571153.6768402385,5298509.522344885,29267.829268292688
1571545.027475021,5299967.176895919,28780.04878048781,0.1434085635927056,1571250.697482934,5299540.939407673,28292.26829268293,1571593.5377963686,5300482.885427313,28292.26829268293,1571839.3574671082,5300393.414384166,29267.829268292688,1571496.5171536733,5299451.468364526,29267.829268292688
1571887.867788456,5300909.12291556,28780.04878048781,0.12166197468212045,1571593.5377963686,5300482.885427313,28292.26829268293,1571936.3781098034,5301424.831446953,28292.26829268293,1572182.197780543,5301335.360403808,29267.829268292688,1571839.3574671082,5300393.414384166,29267.829268292688
1572230.7081018905,5301851.068935201,28780.04878048781,0.10326828219288305,1571936.3781098034,5301424.831446953,28292.26829268293,1572279.2184232383,5302366.777466594,28292.26829268293,1572525.0380939776,5302277.306423448,29267.829268292688,1572182.197780543,5301335.360403808,29267.829268292688
1572573.5484153253,5302793.014954842,28780.04878048781,0.10264832926314565,1572279.2184232383,5302366.777466594,28292.26829268293,1572622.058736673,5303308.723486235,28292.26829268293,1572867.8784074124,5303219.252443089,29267.829268292688,1572525.0380939776,5302277.306423448,29267.829268292688
1572916.3887287602,5303734.960974483,28780.04878048781,0.0763736527690016,1572622.058736673,5303308.723486235,28292.26829268293,1572964.899050108,5304250.6695058765,28292.26829268293,1573210.7187208473,5304161.198462729,29267.829268292688,1572867.8784074124,5303219.252443089,29267.829268292688
1573259.229042195,5304676.906994124,28780.04878048781,0.10991568652181287,1572964.899050108,5304250.6695058765,28292.26829268293,1573307.7393635425,5305192.615525517,28292.26829268293,1573553.559034282,5305103.144482371,29267.829268292688,1573210.7187208473,5304161.198462729,29267.829268292688
1573602.0693556299,5305618.853013764,28780.04878048781,0.14070528401791374,1573307.7393635425,5305192.615525517,28292.26829268293,1573650.5796769776,5306134.561545158,28292.26829268293,1573896.399347717,5306045.090502012,29267.829268292688,1573553.559034282,5305103.144482371,29267.829268292688
1573944.9096690647,5306560.799033404,28780.04878048781,0.13902634631461963,1573650.5796769776,5306134.561545158,28292.26829268293,1573993.4199904124,5307076.507564799,28292.26829268293,1574239.2396611518,5306987.036521653,29267.829268292688,1573896.399347717,5306045.090502012,29267.829268292688
1574287.7499824995,5307502.745053046,28780.04878048781,0.19688513998227775,1573993.4199904124,5307076.507564799,28292.26829268293,1574336.2603038473,5308018.45358444,28292.26829268293,1574582.0799745866,5307928.982541294,29267.829268292688,1574239.2396611518,5306987.036521653,29267.829268292688
1574630.5902959344,5308444.6910726875,28780.04878048781,0.2527523439974196,1574336.2603038473,5308018.45358444,28292.26829268293,1574679.1006172819,5308960.39960408,28292.26829268293,1574924.9202880214,5308870.928560935,29267.829268292688,1574582.0799745866,5307928.982541294,29267.829268292688
1574973.4306093692,5309386.637092328,28780.04878048781,0.30782305740773813,1574679.1006172819,5308960.39960408,28292.26829268293,1575021.9409307167,5309902.345623722,28292.26829268293,1575267.7606014563,5309812.874580575,29267.829268292688,1574924.9202880214,5308870.928560935,29267.829268292688
1575316.270922804,5310328.583111969,28780.04878048781,0.3221888165030279,1575021.9409307167,5309902.345623722,28292.26829268293,1575364.7812441515,5310844.2916433625,28292.26829268293,1575610.6009148909,5310754.820600216,29267.829268292688,1575267.7606014563,5309812.874580575,29267.829268292688
1575659.1112362386,5311270.52913161,28780.04878048781,0.3552713183549331,1575364.7812441515,5310844.2916433625,28292.26829268293,1575707.6215575864,5311786.237663004,28292.26829268293,1575953.4412283257,5311696.766619857,29267.829268292688,1575610.6009148909,5310754.820600216,29267.829268292688
1576001.9515496732,5312212.475151251,28780.04878048781,0.43925781517704987,1575707.6215575864,5311786.237663004,28292.26829268293,1576050.461871021,5312728.183682644,28292.26829268293,1576296.2815417608,5312638.7126394985,29267.829268292688,1575953.4412283257,5311696.766619857,29267.829268292688
1576344.7918631083,5313154.421170891,28780.04878048781,0.6552642759241604,1576050.461871021,5312728.183682644,28292.26829268293,1576393.302184456,5313670.129702286,28292.26829268293,1576639.1218551956,5313580.658659139,29267.829268292688,1576296.2815417608,5312638.7126394985,29267.829268292688
1576687.6321765431,5314096.367190532,28780.04878048781,0.7495865375189545,1576393.302184456,5313670.129702286,28292.26829268293,1576736.1424978909,5314612.075721926,28292.26829268293,1576981.9621686302,5314522.604678779,29267.829268292688,1576639.1218551956,5313580.658659139,29267.829268292688
1577030.472489978,5315038.3132101735,28780.04878048781,0.9028169718814028,1576736.1424978909,5314612.075721926,28292.26829268293,1577078.9828113257,5315554.021741567,28292.26829268293,1577324.8024820653,5315464.550698421,29267.829268292688,1576981.9621686302,5314522.604678779,29267.829268292688
1577373.3128034128,5315980.259229815,28780.04878048781,0.9222838052851526,1577078.9828113257,5315554.021741567,28292.26829268293,1577421.8231247605,5316495.967761207,28292.26829268293,1577667.6427954999,5316406.496718062,29267.829268292688,1577324.8024820653,5315464.550698421,29267.829268292688
1577716.1531168476,5316922.205249455,28780.04878048781,1.1723258781165027,1577421.8231247605,5316495.967761207,28292.26829268293,1577764.6634381954,5317437.913780849,28292.26829268293,1578010.4831089347,5317348.442737702,29267.829268292688,1577667.6427954999,5316406.496718062,29267.829268292688
1578058.9934302825,5317864.151269097,28780.04878048781,1.3953333660804448,1577764.6634381954,5317437.913780849,28292.26829268293,1578107.50375163,5318379.85980049,28292.26829268293,1578353.3234223695,5318290.388757343,29267.829268292688,1578010.4831089347,5317348.442737702,29267.829268292688
1578401.833743717,5318806.097288737,28780.04878048781,1.372012404116637,1578107.50375163,5318379.85980049,28292.26829268293,1578450.3440650648,5319321.805820131,28292.26829268293,1578696.1637358044,5319232.3347769845,29267.829268292688,1578353.3234223695,5318290.388757343,29267.829268292688
1578744.674057152,5319748.043308378,28780.04878048781,1.3832833153018564,1578450.3440650648,5319321.805820131,28292.26829268293,1578793.1843784996,5320263.751839772,28292.26829268293,1579039.0040492392,5320174.280796626,29267.829268292688,1578696.1637358044,5319232.3347769845,29267.829268292688
1579087.514370587,5320689.989328018,28780.04878048781,1.5592108691912079,1578793.1843784996,5320263.751839772,28292.26829268293,1579136.0246919347,5321205.697859413,28292.26829268293,1579381.844362674,5321116.226816266,29267.829268292688,1579039.0040492392,5320174.280796626,29267.829268292688
1579430.3546840218,5321631.9353476595,28780.04878048781,1.4837475453906972,1579136.0246919347,5321205.697859413,28292.26829268293,1579478.8650053693,5322147.643879053,28292.26829268293,1579724.6846761089,5322058.172835907,29267.829268292688,1579381.844362674,5321116.226816266,29267.829268292688
1579773.1949974566,5322573.881367301,28780.04878048781,1.4399796025588574,1579478.8650053693,5322147.643879053,28292.26829268293,1579821.7053188041,5323089.589898694,28292.26829268293,1580067.5249895437,5323000.118855548,29267.829268292688,1579724.6846761089,5322058.172835907,29267.829268292688
1580116.0353108915,5323515.827386942,28780.04878048781,1.5270847567714076,1579821.7053188041,5323089.589898694,28292.26829268293,1580164.545632239,5324031.535918335,28292.26829268293,1580410.3653029783,5323942.064875188,29267.829268292688,1580067.5249895437,5323000.118855548,29267.829268292688
1580458.875624326,5324457.773406582,28780.04878048781,1.755811091561273,1580164.545632239,5324031.535918335,28292.26829268293,1580507.3859456738,5324973.481937976,28292.26829268293,1580753.2056164131,5324884.010894829,29267.829268292688,1580410.3653029783,5323942.064875188,29267.829268292688
1580801.715937761,5325399.719426223,28780.04878048781,1.6074011074635872,1580507.3859456738,5324973.481937976,28292.26829268293,1580850.2262591086,5325915.427957617,28292.26829268293,1581096.045929848,5325825.9569144705,29267.829268292688,1580753.2056164131,5324884.010894829,29267.829268292688
1581144.5562511957,5326341.665445864,28780.04878048781,1.710962546531177,1580850.2262591086,5325915.427957617,28292.26829268293,1581193.0665725432,5326857.373977257,28292.26829268293,1581438.8862432828,5326767.902934112,29267.829268292688,1581096.045929848,5325825.9569144705,29267.829268292688
1581487.3965646306,5327283.611465504,28780.04878048781,1.9254540093982468,1581193.0665725432,5326857.373977257,28292.26829268293,1581535.9068859783,5327799.319996899,28292.26829268293,1581781.726556718,5327709.848953752,29267.829268292688,1581438.8862432828,5326767.902934112,29267.829268292688
1581830.2368780656,5328225.557485146,28780.04878048781,2.5026487496920673,1581535.9068859783,5327799.319996899,28292.26829268293,1581878.7471994131,5328741.266016539,28292.26829268293,1582124.5668701525,5328651.794973393,29267.829268292688,1581781.726556718,5327709.848953752,29267.829268292688
1582173.0771915002,5329167.503504787,28780.04878048781,3.0933140522320985,1581878.7471994131,5328741.266016539,28292.26829268293,1582221.587512848,5329683.21203618,28292.26829268293,1582467.4071835873,5329593.740993034,29267.829268292688,1582124.5668701525,5328651.794973393,29267.829268292688
1582515.9175049348,5330109.449524427,28780.04878048781,3.762552537366644,1582221.587512848,5329683.21203618,28292.26829268293,1582564.4278262826,5330625.158055821,28292.26829268293,1582810.2474970222,5330535.687012675,29267.829268292688,1582467.4071835873,5329593.740993034,29267.829268292688
1582858.7578183697,5331051.395544068,28780.04878048781,3.4501853296330145,1582564.4278262826,5330625.158055821,28292.26829268293,1582907.2681397174,5331567.104075463,28292.26829268293,1583153.087810457,5331477.633032315,29267.829268292688,1582810.2474970222,5330535.687012675,29267.829268292688
1583201.5981318045,5331993.34156371,28780.04878048781,2.196542715750085,1582907.2681397174,5331567.104075463,28292.26829268293,1583250.1084531522,5332509.050095103,28292.26829268293,1583495.9281238916,5332419.5790519575,29267.829268292688,1583153.087810457,5331477.633032315,29267.829268292688
1583544.4384452393,5332935.28758335,28780.04878048781,2.4003207343635133,1583250.1084531522,5332509.050095103,28292.26829268293,1583592.948766587,5333450.996114744,28292.26829268293,1583838.7684373264,5333361.525071598,29267.829268292688,1583495.9281238916,5332419.5790519575,29267.829268292688
1583887.2787586742,5333877.233602991,28780.04878048781,2.8476801706425525,1583592.948766587,5333450.996114744,28292.26829268293,1583935.789080022,5334392.942134385,28292.26829268293,1584181.6087507615,5334303.471091239,29267.829268292688,1583838.7684373264,5333361.525071598,29267.829268292688
1584230.1190721092,5334819.1796226315,28780.04878048781,3.3597490716411738,1583935.789080022,5334392.942134385,28292.26829268293,1584278.6293934567,5335334.888154026,28292.26829268293,1584524.4490641963,5335245.417110879,29267.829268292688,1584181.6087507615,5334303.471091239,29267.829268292688
1584572.9593855438,5335761.125642274,28780.04878048781,3.7229566816488386,1584278.6293934567,5335334.888154026,28292.26829268293,1584621.4697068916,5336276.834173666,28292.26829268293,1584867.289377631,5336187.36313052,29267.829268292688,1584524.4490641963,5335245.417110879,29267.829268292688
1584915.7996989787,5336703.071661914,28780.04878048781,4.708000563361954,1584621.4697068916,5336276.834173666,28292.26829268293,1584964.3100203264,5337218.780193307,28292.26829268293,1585210.1296910658,5337129.309150161,29267.829268292688,1584867.289377631,5336187.36313052,29267.829268292688
1585258.6400124135,5337645.017681554,28780.04878048781,4.758446504796663,1584964.3100203264,5337218.780193307,28292.26829268293,1585307.1503337612,5338160.726212949,28292.26829268293,1585552.9700045006,5338071.255169801,29267.829268292688,1585210.1296910658,5337129.309150161,29267.829268292688
1585601.4803258483,5338586.963701195,28780.04878048781,4.021695034290395,1585307.1503337612,5338160.726212949,28292.26829268293,1585649.9906471958,5339102.672232589,28292.26829268293,1585895.8103179354,5339013.201189443,29267.829268292688,1585552.9700045006,5338071.255169801,29267.829268292688
1585944.320639283,5339528.909720836,28780.04878048781,3.6828068388073945,1585649.9906471958,5339102.672232589,28292.26829268293,1585992.8309606307,5340044.61825223,28292.26829268293,1586238.65063137,5339955.147209084,29267.829268292688,1585895.8103179354,5339013.201189443,29267.829268292688
1586287.1609527178,5340470.855740477,28780.04878048781,4.073805724096742,1585992.8309606307,5340044.61825223,28292.26829268293,1586335.6712740655,5340986.56427187,28292.26829268293,1586581.4909448049,5340897.093228725,29267.829268292688,1586238.65063137,5339955.147209084,29267.829268292688
1586630.0012661526,5341412.8017601175,28780.04878048781,4.2861615702070175,1586335.6712740655,5340986.56427187,28292.26829268293,1586678.5115875003,5341928.510291512,28292.26829268293,1586924.33125824,5341839.039248365,29267.829268292688,1586581.4909448049,5340897.093228725,29267.829268292688
1586972.8415795877,5342354.74777976,28780.04878048781,3.980403817426808,1586678.5115875003,5341928.510291512,28292.26829268293,1587021.3519009354,5342870.456311153,28292.26829268293,1587267.1715716748,5342780.985268007,29267.829268292688,1586924.33125824,5341839.039248365,29267.829268292688
1587315.6818930225,5343296.693799401,28780.04878048781,3.413313715029616,1587021.3519009354,5342870.456311153,28292.26829268293,1587364.1922143702,5343812.402330793,28292.26829268293,1587610.0118851096,5343722.931287647,29267.829268292688,1587267.1715716748,5342780.985268007,29267.829268292688
1587658.5222064573,5344238.639819041,28780.04878048781,2.9068632028800625,1587364.1922143702,5343812.402330793,28292.26829268293,1587707.0325278048,5344754.3483504355,28292.26829268293,1587952.8521985444,5344664.877307288,29267.829268292688,1587610.0118851096,5343722.931287647,29267.829268292688
1588001.3625198922,5345180.585838681,28780.04878048781,2.9339337136652497,1587707.0325278048,5344754.3483504355,28292.26829268293,1588049.8728412397,5345696.294370076,28292.26829268293,1588295.692511979,5345606.823326929,29267.829268292688,1587952.8521985444,5344664.877307288,29267.829268292688
1588344.2028333268,5346122.531858322,28780.04878048781,3.6226629647379642,1588049.8728412397,5345696.294370076,28292.26829268293,1588392.7131546745,5346638.240389716,28292.26829268293,1588638.5328254139,5346548.769346571,29267.829268292688,1588295.692511979,5345606.823326929,29267.829268292688
1588687.0431467616,5347064.477877963,28780.04878048781,4.496266527685877,1588392.7131546745,5346638.240389716,28292.26829268293,1588735.5534681093,5347580.186409357,28292.26829268293,1588981.3731388487,5347490.715366211,29267.829268292688,1588638.5328254139,5346548.769346571,29267.829268292688
1589029.8834601962,5348006.423897604,28780.04878048781,5.06002664906763,1588735.5534681093,5347580.186409357,28292.26829268293,1589078.393781544,5348522.132428998,28292.26829268293,1589324.2134522835,5348432.661385852,29267.829268292688,1588981.3731388487,5347490.715366211,29267.829268292688
1589372.7237736313,5348948.369917246,28780.04878048781,5.302443259351355,1589078.393781544,5348522.132428998,28292.26829268293,1589421.234094979,5349464.078448639,28292.26829268293,1589667.0537657186,5349374.607405492,29267.829268292688,1589324.2134522835,5348432.661385852,29267.829268292688
1589715.564087066,5349890.315936887,28780.04878048781,5.471381892517003,1589421.234094979,5349464.078448639,28292.26829268293,1589764.0744084138,5350406.024468279,28292.26829268293,1590009.8940791532,5350316.553425134,29267.829268292688,1589667.0537657186,5349374.607405492,29267.829268292688
1590058.404400501,5350832.261956527,28780.04878048781,5.245069293852635,1589764.0744084138,5350406.024468279,28292.26829268293,1590106.9147218487,5351347.970487921,28292.26829268293,1590352.734392588,5351258.499444774,29267.829268292688,1590009.8940791532,5350316.553425134,29267.829268292688
1590401.2447139358,5351774.207976168,28780.04878048781,5.412486827799631,1590106.9147218487,5351347.970487921,28292.26829268293,1590449.7550352833,5352289.916507562,28292.26829268293,1590695.5747060229,5352200.4454644155,29267.829268292688,1590352.734392588,5351258.499444774,29267.829268292688
1590744.0850273704,5352716.153995809,28780.04878048781,5.740645977080386,1590449.7550352833,5352289.916507562,28292.26829268293,1590792.595348718,5353231.862527203,28292.26829268293,1591038.4150194577,5353142.391484056,29267.829268292688,1590695.5747060229,5352200.4454644155,29267.829268292688
1591086.9253408052,5353658.100015449,28780.04878048781,5.321387301374929,1590792.595348718,5353231.862527203,28292.26829268293,1591135.435662153,5354173.808546843,28292.26829268293,1591381.2553328923,5354084.337503698,29267.829268292688,1591038.4150194577,5353142.391484056,29267.829268292688
1591429.76565424,5354600.04603509,28780.04878048781,5.299501991824846,1591135.435662153,5354173.808546843,28292.26829268293,1591478.2759755878,5355115.754566485,28292.26829268293,1591724.0956463271,5355026.283523338,29267.829268292688,1591381.2553328923,5354084.337503698,29267.829268292688
1591772.6059676749,5355541.992054732,28780.04878048781,6.119740454722258,1591478.2759755878,5355115.754566485,28292.26829268293,1591821.1162890226,5356057.700586125,28292.26829268293,1592066.935959762,5355968.229542979,29267.829268292688,1591724.0956463271,5355026.283523338,29267.829268292688
1592115.44628111,5356483.938074373,28780.04878048781,7.278851031890445,1591821.1162890226,5356057.700586125,28292.26829268293,1592163.9566024574,5356999.646605766,28292.26829268293,1592409.776273197,5356910.17556262,29267.829268292688,1592066.935959762,5355968.229542979,29267.829268292688
1592458.2865945448,5357425.884094013,28780.04878048781,7.078442102084652,1592163.9566024574,5356999.646605766,28292.26829268293,1592506.7969158923,5357941.592625407,28292.26829268293,1592752.6165866316,5357852.12158226,29267.829268292688,1592409.776273197,5356910.17556262,29267.829268292688
1592801.1269079794,5358367.830113654,28780.04878048781,7.646864539501498,1592506.7969158923,5357941.592625407,28292.26829268293,1592849.637229327,5358883.538645049,28292.26829268293,1593095.4569000665,5358794.0676019015,29267.829268292688,1592752.6165866316,5357852.12158226,29267.829268292688
1593143.9672214142,5359309.776133295,28780.04878048781,6.96147538699264,1592849.637229327,5358883.538645049,28292.26829268293,1593192.477542762,5359825.484664689,28292.26829268293,1593438.2972135013,5359736.013621542,29267.829268292688,1593095.4569000665,5358794.0676019015,29267.829268292688
1593486.807534849,5360251.722152936,28780.04878048781,6.70494445330229,1593192.477542762,5359825.484664689,28292.26829268293,1593535.3178561965,5360767.430684329,28292.26829268293,1593781.1375269361,5360677.959641184,29267.829268292688,1593438.2972135013,5359736.013621542,29267.829268292688
1593829.6478482839,5361193.668172576,28780.04878048781,6.432678037105884,1593535.3178561965,5360767.430684329,28292.26829268293,1593878.1581696314,5361709.37670397,28292.26829268293,1594123.977840371,5361619.905660824,29267.829268292688,1593781.1375269361,5360677.959641184,29267.829268292688
1594172.4881617187,5362135.614192217,28780.04878048781,7.0424847189528785,1593878.1581696314,5361709.37670397,28292.26829268293,1594220.9984830662,5362651.322723611,28292.26829268293,1594466.8181538056,5362561.851680465,29267.829268292688,1594123.977840371,5361619.905660824,29267.829268292688
1594515.3284751533,5363077.560211859,28780.04878048781,6.65144693881851,1594220.9984830662,5362651.322723611,28292.26829268293,1594563.838796501,5363593.268743252,28292.26829268293,1594809.6584672406,5363503.797700105,29267.829268292688,1594466.8181538056,5362561.851680465,29267.829268292688
1594858.1687885881,5364019.5062315,28780.04878048781,5.613480744087248,1594563.838796501,5363593.268743252,28292.26829268293,1594906.6791099359,5364535.214762893,28292.26829268293,1595152.4987806755,5364445.743719747,29267.829268292688,1594809.6584672406,5363503.797700105,29267.829268292688
1595201.009102023,5364961.45225114,28780.04878048781,4.967582019021947,1594906.6791099359,5364535.214762893,28292.26829268293,1595249.5194233707,5365477.160782534,28292.26829268293,1595495.3390941103,5365387.6897393875,29267.829268292688,1595152.4987806755,5364445.743719747,29267.829268292688
1595543.8494154578,5365903.398270781,28780.04878048781,5.345516578006943,1595249.5194233707,5365477.160782534,28292.26829268293,1595592.3597368055,5366419.106802175,28292.26829268293,1595838.179407545,5366329.635759029,29267.829268292688,1595495.3390941103,5365387.6897393875,29267.829268292688
1595886.6897288926,5366845.344290422,28780.04878048781,4.725947662255064,1595592.3597368055,5366419.106802175,28292.26829268293,1595935.2000502404,5367361.052821816,28292.26829268293,1596181.0197209797,5367271.58177867,29267.829268292688,1595838.179407545,5366329.635759029,29267.829268292688
1596229.5300423275,5367787.290310063,28780.04878048781,3.814349482698593,1595935.2000502404,5367361.052821816,28292.26829268293,1596278.0403636752,5368302.998841456,28292.26829268293,1596523.8600344146,5368213.527798311,29267.829268292688,1596181.0197209797,5367271.58177867,29267.829268292688
1596572.3703557623,5368729.236329704,28780.04878048781,3.2461914573600557,1596278.0403636752,5368302.998841456,28292.26829268293,1596620.8806771098,5369244.944861098,28292.26829268293,1596866.7003478494,5369155.473817951,29267.829268292688,1596523.8600344146,5368213.527798311,29267.829268292688
1596915.210669197,5369671.182349344,28780.04878048781,3.0421492710909277,1596620.8806771098,5369244.944861098,28292.26829268293,1596963.7209905447,5370186.890880738,28292.26829268293,1597209.540661284,5370097.419837592,29267.829268292688,1596866.7003478494,5369155.473817951,29267.829268292688
1597258.0509826317,5370613.128368986,28780.04878048781,2.9893832720857234,1596963.7209905447,5370186.890880738,28292.26829268293,1597306.5613039797,5371128.8369003795,28292.26829268293,1597552.380974719,5371039.365857233,29267.829268292688,1597209.540661284,5370097.419837592,29267.829268292688
1597600.8912960668,5371555.074388627,28780.04878048781,2.902424428437605,1597306.5613039797,5371128.8369003795,28292.26829268293,1597649.4016174146,5372070.78292002,28292.26829268293,1597895.221288154,5371981.311876874,29267.829268292688,1597552.380974719,5371039.365857233,29267.829268292688
1597943.7316095016,5372497.020408267,28780.04878048781,2.147926856998714,1597649.4016174146,5372070.78292002,28292.26829268293,1597992.2419308492,5373012.728939662,28292.26829268293,1598238.0616015887,5372923.257896515,29267.829268292688,1597895.221288154,5371981.311876874,29267.829268292688
1598286.5719229365,5373438.966427908,28780.04878048781,1.4393530548695603,1597992.2419308492,5373012.728939662,28292.26829268293,1598335.082244284,5373954.674959302,28292.26829268293,1598580.9019150236,5373865.203916155,29267.829268292688,1598238.0616015887,5372923.257896515,29267.829268292688
1598629.412236371,5374380.912447549,28780.04878048781,0.7876980523011019,1598335.082244284,5373954.674959302,28292.26829268293,1598677.9225577188,5374896.620978942,28292.26829268293,1598923.7422284582,5374807.149935797,29267.829268292688,1598580.9019150236,5373865.203916155,29267.829268292688
1598972.252549806,5375322.85846719,28780.04878048781,0.7316887392502252,1598677.9225577188,5374896.620978942,28292.26829268293,1599020.7628711537,5375838.566998583,28292.26829268293,1599266.582541893,5375749.095955437,29267.829268292688,1598923.7422284582,5374807.149935797,29267.829268292688
1599315.0928632407,5376264.804486831,28780.04878048781,0.9496829895662755,1599020.7628711537,5375838.566998583,28292.26829268293,1599363.6031845885,5376780.513018225,28292.26829268293,1599609.4228553278,5376691.041975078,29267.829268292688,1599266.582541893,5375749.095955437,29267.829268292688
1599657.9331766756,5377206.750506472,28780.04878048781,1.082005759049869,1599363.6031845885,5376780.513018225,28292.26829268293,1599706.4434980233,5377722.4590378655,28292.26829268293,1599952.2631687627,5377632.98799472,29267.829268292688,1599609.4228553278,5376691.041975078,29267.829268292688
1600000.7734901106,5378148.696526113,28780.04878048781,1.5399849287047018,1599706.4434980233,5377722.4590378655,28292.26829268293,1600049.2838114582,5378664.405057507,28292.26829268293,1600295.1034821977,5378574.93401436,29267.829268292688,1599952.2631687627,5377632.98799472,29267.829268292688
1600343.6138035455,5379090.642545754,28780.04878048781,2.0348064715961534,1600049.2838114582,5378664.405057507,28292.26829268293,1600392.124124893,5379606.351077148,28292.26829268293,1600637.9437956326,5379516.880034002,29267.829268292688,1600295.1034821977,5378574.93401436,29267.829268292688
1600686.4541169803,5380032.588565394,28780.04878048781,2.717127945598383,1600392.124124893,5379606.351077148,28292.26829268293,1600734.9644383278,5380548.297096789,28292.26829268293,1600980.7841090672,5380458.826053642,29267.829268292688,1600637.9437956326,5379516.880034002,29267.829268292688
1601029.294430415,5380974.534585035,28780.04878048781,3.0058542527111336,1600734.9644383278,5380548.297096789,28292.26829268293,1601077.8047517627,5381490.243116429,28292.26829268293,1601323.624422502,5381400.772073283,29267.829268292688,1600980.7841090672,5380458.826053642,29267.829268292688
1549506.2267724972,5238651.214576115,29755.60975609756,2.1988179660108966,1549211.8967804103,5238224.977087868,29267.829268292688,1549554.7370938451,5239166.9231075095,29267.829268292688,1549800.5567645838,5239077.452064362,30243.390243902442,1549457.716451149,5238135.506044722,30243.390243902442
1549849.067085932,5239593.160595757,29755.60975609756,2.022436230769371,1549554.7370938451,5239166.9231075095,29267.829268292688,1549897.57740728,5240108.86912715,29267.829268292688,1550143.3970780189,5240019.398084004,30243.390243902442,1549800.5567645838,5239077.452064362,30243.390243902442
1550191.907399367,5240535.106615397,29755.60975609756,2.139017485059104,1549897.57740728,5240108.86912715,29267.829268292688,1550240.417720715,5241050.81514679,29267.829268292688,1550486.2373914535,5240961.344103645,30243.390243902442,1550143.3970780189,5240019.398084004,30243.390243902442
1550534.7477128017,5241477.052635038,29755.60975609756,1.8259450717978423,1550240.417720715,5241050.81514679,29267.829268292688,1550583.2580341499,5241992.761166432,29267.829268292688,1550829.0777048883,5241903.290123286,30243.390243902442,1550486.2373914535,5240961.344103645,30243.390243902442
1550877.5880262365,5242418.998654679,29755.60975609756,1.6198294126831716,1550583.2580341499,5241992.761166432,29267.829268292688,1550926.0983475845,5242934.707186072,29267.829268292688,1551171.9180183231,5242845.236142926,30243.390243902442,1550829.0777048883,5241903.290123286,30243.390243902442
1551220.4283396713,5243360.94467432,29755.60975609756,2.3751065817664214,1550926.0983475845,5242934.707186072,29267.829268292688,1551268.9386610193,5243876.653205713,29267.829268292688,1551514.758331758,5243787.182162568,30243.390243902442,1551171.9180183231,5242845.236142926,30243.390243902442
1551563.2686531062,5244302.890693961,29755.60975609756,2.32737112149984,1551268.9386610193,5243876.653205713,29267.829268292688,1551611.7789744542,5244818.599225353,29267.829268292688,1551857.5986451926,5244729.128182208,30243.390243902442,1551514.758331758,5243787.182162568,30243.390243902442
1551906.1089665408,5245244.836713602,29755.60975609756,2.1299447478699034,1551611.7789744542,5244818.599225353,29267.829268292688,1551954.619287889,5245760.5452449955,29267.829268292688,1552200.4389586274,5245671.074201849,30243.390243902442,1551857.5986451926,5244729.128182208,30243.390243902442
1552248.9492799754,5246186.782733243,29755.60975609756,2.081327246150919,1551954.619287889,5245760.5452449955,29267.829268292688,1552297.4596013236,5246702.491264636,29267.829268292688,1552543.2792720625,5246613.0202214895,30243.390243902442,1552200.4389586274,5245671.074201849,30243.390243902442
1552591.7895934104,5247128.728752884,29755.60975609756,2.4835376286148234,1552297.4596013236,5246702.491264636,29267.829268292688,1552640.2999147587,5247644.437284277,29267.829268292688,1552886.1195854973,5247554.966241132,30243.390243902442,1552543.2792720625,5246613.0202214895,30243.390243902442
1552934.6299068453,5248070.674772524,29755.60975609756,3.093498030189852,1552640.2999147587,5247644.437284277,29267.829268292688,1552983.1402281935,5248586.383303918,29267.829268292688,1553228.9598989321,5248496.912260772,30243.390243902442,1552886.1195854973,5247554.966241132,30243.390243902442
1553277.47022028,5249012.6207921645,29755.60975609756,3.382702875858779,1552983.1402281935,5248586.383303918,29267.829268292688,1553325.9805416283,5249528.329323559,29267.829268292688,1553571.8002123667,5249438.858280412,30243.390243902442,1553228.9598989321,5248496.912260772,30243.390243902442
1553620.310533715,5249954.5668118065,29755.60975609756,3.2977087214467415,1553325.9805416283,5249528.329323559,29267.829268292688,1553668.820855063,5250470.275343199,29267.829268292688,1553914.6405258016,5250380.804300054,30243.390243902442,1553571.8002123667,5249438.858280412,30243.390243902442
1553963.1508471498,5250896.512831447,29755.60975609756,3.4099819207175055,1553668.820855063,5250470.275343199,29267.829268292688,1554011.6611684978,5251412.22136284,29267.829268292688,1554257.4808392364,5251322.750319694,30243.390243902442,1553914.6405258016,5250380.804300054,30243.390243902442
1554305.9911605846,5251838.458851087,29755.60975609756,2.802066766617599,1554011.6611684978,5251412.22136284,29267.829268292688,1554354.5014819326,5252354.1673824815,29267.829268292688,1554600.3211526712,5252264.696339335,30243.390243902442,1554257.4808392364,5251322.750319694,30243.390243902442
1554648.8314740192,5252780.404870728,29755.60975609756,2.630887435175125,1554354.5014819326,5252354.1673824815,29267.829268292688,1554697.3417953674,5253296.113402123,29267.829268292688,1554943.1614661058,5253206.6423589755,30243.390243902442,1554600.3211526712,5252264.696339335,30243.390243902442
1554991.6717874543,5253722.35089037,29755.60975609756,2.949403962837992,1554697.3417953674,5253296.113402123,29267.829268292688,1555040.1821088023,5254238.059421763,29267.829268292688,1555286.0017795411,5254148.588378618,30243.390243902442,1554943.1614661058,5253206.6423589755,30243.390243902442
1555334.512100889,5254664.29691001,29755.60975609756,3.855273036226136,1555040.1821088023,5254238.059421763,29267.829268292688,1555383.0224222373,5255180.005441404,29267.829268292688,1555628.8420929757,5255090.534398258,30243.390243902442,1555286.0017795411,5254148.588378618,30243.390243902442
1555677.352414324,5255606.242929651,29755.60975609756,3.9108290293155474,1555383.0224222373,5255180.005441404,29267.829268292688,1555725.862735672,5256121.951461045,29267.829268292688,1555971.6824064106,5256032.480417899,30243.390243902442,1555628.8420929757,5255090.534398258,30243.390243902442
1556020.1927277588,5256548.1889492925,29755.60975609756,4.122906371888734,1555725.862735672,5256121.951461045,29267.829268292688,1556068.7030491068,5257063.897480686,29267.829268292688,1556314.5227198454,5256974.426437539,30243.390243902442,1555971.6824064106,5256032.480417899,30243.390243902442
1556363.0330411936,5257490.134968934,29755.60975609756,4.166142357831862,1556068.7030491068,5257063.897480686,29267.829268292688,1556411.5433625416,5258005.843500326,29267.829268292688,1556657.3630332802,5257916.372457181,30243.390243902442,1556314.5227198454,5256974.426437539,30243.390243902442
1556705.8733546282,5258432.080988574,29755.60975609756,3.4450898771553544,1556411.5433625416,5258005.843500326,29267.829268292688,1556754.3836759764,5258947.7895199675,29267.829268292688,1557000.2033467148,5258858.318476821,30243.390243902442,1556657.3630332802,5257916.372457181,30243.390243902442
1557048.713668063,5259374.027008214,29755.60975609756,4.103156061536147,1556754.3836759764,5258947.7895199675,29267.829268292688,1557097.223989411,5259889.735539609,29267.829268292688,1557343.0436601497,5259800.264496462,30243.390243902442,1557000.2033467148,5258858.318476821,30243.390243902442
1557391.553981498,5260315.973027856,29755.60975609756,4.657864462477656,1557097.223989411,5259889.735539609,29267.829268292688,1557440.0643028459,5260831.68155925,29267.829268292688,1557685.8839735845,5260742.210516104,30243.390243902442,1557343.0436601497,5259800.264496462,30243.390243902442
1557734.3942949327,5261257.919047497,29755.60975609756,5.103485473219377,1557440.0643028459,5260831.68155925,29267.829268292688,1557782.9046162807,5261773.62757889,29267.829268292688,1558028.7242870196,5261684.156535745,30243.390243902442,1557685.8839735845,5260742.210516104,30243.390243902442
1558077.2346083678,5262199.865067137,29755.60975609756,5.272132318165123,1557782.9046162807,5261773.62757889,29267.829268292688,1558125.7449297158,5262715.573598531,29267.829268292688,1558371.5646004542,5262626.102555385,30243.390243902442,1558028.7242870196,5261684.156535745,30243.390243902442
1558420.0749218024,5263141.8110867785,29755.60975609756,4.491393388798863,1558125.7449297158,5262715.573598531,29267.829268292688,1558468.5852431506,5263657.519618172,29267.829268292688,1558714.404913889,5263568.048575026,30243.390243902442,1558371.5646004542,5262626.102555385,30243.390243902442
1558762.915235237,5264083.75710642,29755.60975609756,3.735523028226045,1558468.5852431506,5263657.519618172,29267.829268292688,1558811.4255565852,5264599.465637812,29267.829268292688,1559057.2452273238,5264509.994594667,30243.390243902442,1558714.404913889,5263568.048575026,30243.390243902442
1559105.7555486718,5265025.703126061,29755.60975609756,3.112420392006985,1558811.4255565852,5264599.465637812,29267.829268292688,1559154.26587002,5265541.4116574535,29267.829268292688,1559400.0855407587,5265451.940614308,30243.390243902442,1559057.2452273238,5264509.994594667,30243.390243902442
1559448.5958621067,5265967.649145701,29755.60975609756,2.9999639200610573,1559154.26587002,5265541.4116574535,29267.829268292688,1559497.1061834549,5266483.357677095,29267.829268292688,1559742.9258541933,5266393.886633948,30243.390243902442,1559400.0855407587,5265451.940614308,30243.390243902442
1559791.4361755415,5266909.595165342,29755.60975609756,2.689544735998373,1559497.1061834549,5266483.357677095,29267.829268292688,1559839.9464968897,5267425.303696736,29267.829268292688,1560085.766167628,5267335.83265359,30243.390243902442,1559742.9258541933,5266393.886633948,30243.390243902442
1560134.2764889763,5267851.541184983,29755.60975609756,2.465804463761868,1559839.9464968897,5267425.303696736,29267.829268292688,1560182.7868103243,5268367.249716376,29267.829268292688,1560428.6064810632,5268277.778673231,30243.390243902442,1560085.766167628,5267335.83265359,30243.390243902442
1560477.1168024112,5268793.487204624,29755.60975609756,1.7157737268915554,1560182.7868103243,5268367.249716376,29267.829268292688,1560525.6271237594,5269309.195736017,29267.829268292688,1560771.446794498,5269219.724692872,30243.390243902442,1560428.6064810632,5268277.778673231,30243.390243902442
1560819.957115846,5269735.4332242645,29755.60975609756,1.2209077528537742,1560525.6271237594,5269309.195736017,29267.829268292688,1560868.4674371942,5270251.141755658,29267.829268292688,1561114.2871079328,5270161.670712512,30243.390243902442,1560771.446794498,5269219.724692872,30243.390243902442
1561162.7974292808,5270677.379243906,29755.60975609756,0.9960631976094118,1560868.4674371942,5270251.141755658,29267.829268292688,1561211.307750629,5271193.087775299,29267.829268292688,1561457.1274213674,5271103.616732153,30243.390243902442,1561114.2871079328,5270161.670712512,30243.390243902442
1561505.6377427157,5271619.325263547,29755.60975609756,0.8250025220390615,1561211.307750629,5271193.087775299,29267.829268292688,1561554.1480640636,5272135.0337949395,29267.829268292688,1561799.9677348023,5272045.562751794,30243.390243902442,1561457.1274213674,5271103.616732153,30243.390243902442
1561848.4780561505,5272561.271283187,29755.60975609756,0.7046177750428978,1561554.1480640636,5272135.0337949395,29267.829268292688,1561896.9883774985,5273076.979814582,29267.829268292688,1562142.808048237,5272987.508771434,30243.390243902442,1561799.9677348023,5272045.562751794,30243.390243902442
1562191.3183695853,5273503.217302828,29755.60975609756,0.6760516577538795,1561896.9883774985,5273076.979814582,29267.829268292688,1562239.8286909333,5274018.925834222,29267.829268292688,1562485.648361672,5273929.454791076,30243.390243902442,1562142.808048237,5272987.508771434,30243.390243902442
1562534.1586830202,5274445.163322469,29755.60975609756,0.6439455061282988,1562239.8286909333,5274018.925834222,29267.829268292688,1562582.6690043681,5274960.871853863,29267.829268292688,1562828.4886751065,5274871.400810717,30243.390243902442,1562485.648361672,5273929.454791076,30243.390243902442
1562876.9989964548,5275387.109342109,29755.60975609756,0.5310007335251268,1562582.6690043681,5274960.871853863,29267.829268292688,1562925.509317803,5275902.817873503,29267.829268292688,1563171.3289885416,5275813.346830358,30243.390243902442,1562828.4886751065,5274871.400810717,30243.390243902442
1563219.8393098898,5276329.055361751,29755.60975609756,0.3904371705133474,1562925.509317803,5275902.817873503,29267.829268292688,1563268.3496312378,5276844.763893145,29267.829268292688,1563514.1693019764,5276755.292849998,30243.390243902442,1563171.3289885416,5275813.346830358,30243.390243902442
1563562.6796233247,5277271.001381392,29755.60975609756,0.3108913532108192,1563268.3496312378,5276844.763893145,29267.829268292688,1563611.1899446726,5277786.709912785,29267.829268292688,1563857.0096154113,5277697.238869639,30243.390243902442,1563514.1693019764,5276755.292849998,30243.390243902442
1563905.5199367595,5278212.947401033,29755.60975609756,0.33579035404928465,1563611.1899446726,5277786.709912785,29267.829268292688,1563954.0302581075,5278728.6559324255,29267.829268292688,1564199.8499288461,5278639.18488928,30243.390243902442,1563857.0096154113,5277697.238869639,30243.390243902442
1564248.3602501943,5279154.893420674,29755.60975609756,0.30517400898217334,1563954.0302581075,5278728.6559324255,29267.829268292688,1564296.8705715423,5279670.601952067,29267.829268292688,1564542.6902422807,5279581.130908921,30243.390243902442,1564199.8499288461,5278639.18488928,30243.390243902442
1564591.2005636287,5280096.839440314,29755.60975609756,0.2886823545656702,1564296.8705715423,5279670.601952067,29267.829268292688,1564639.710884977,5280612.547971708,29267.829268292688,1564885.5305557156,5280523.076928562,30243.390243902442,1564542.6902422807,5279581.130908921,30243.390243902442
1564934.0408770635,5281038.785459956,29755.60975609756,0.23370436421999138,1564639.710884977,5280612.547971708,29267.829268292688,1564982.5511984117,5281554.493991349,29267.829268292688,1565228.3708691504,5281465.022948203,30243.390243902442,1564885.5305557156,5280523.076928562,30243.390243902442
1565276.8811904984,5281980.731479596,29755.60975609756,0.1799655088078533,1564982.5511984117,5281554.493991349,29267.829268292688,1565325.3915118466,5282496.440010989,29267.829268292688,1565571.2111825852,5282406.968967844,30243.390243902442,1565228.3708691504,5281465.022948203,30243.390243902442
1565619.7215039332,5282922.677499237,29755.60975609756,0.20123000724872736,1565325.3915118466,5282496.440010989,29267.829268292688,1565668.2318252814,5283438.386030631,29267.829268292688,1565914.0514960203,5283348.914987485,30243.390243902442,1565571.2111825852,5282406.968967844,30243.390243902442
1565962.5618173683,5283864.623518878,29755.60975609756,0.30300411442418945,1565668.2318252814,5283438.386030631,29267.829268292688,1566011.0721387165,5284380.332050271,29267.829268292688,1566256.891809455,5284290.861007125,30243.390243902442,1565914.0514960203,5283348.914987485,30243.390243902442
1566305.402130803,5284806.56953852,29755.60975609756,0.3243261240939255,1566011.0721387165,5284380.332050271,29267.829268292688,1566353.9124521513,5285322.278069912,29267.829268292688,1566599.7321228897,5285232.807026767,30243.390243902442,1566256.891809455,5284290.861007125,30243.390243902442
1566648.242444238,5285748.51555816,29755.60975609756,0.3252564615524196,1566353.9124521513,5285322.278069912,29267.829268292688,1566696.752765586,5286264.224089553,29267.829268292688,1566942.5724363246,5286174.753046407,30243.390243902442,1566599.7321228897,5285232.807026767,30243.390243902442
1566991.0827576728,5286690.461577801,29755.60975609756,0.3970924406165968,1566696.752765586,5286264.224089553,29267.829268292688,1567039.5930790207,5287206.170109195,29267.829268292688,1567285.4127497594,5287116.6990660485,30243.390243902442,1566942.5724363246,5286174.753046407,30243.390243902442
1567333.9230711076,5287632.407597441,29755.60975609756,0.45205987544539034,1567039.5930790207,5287206.170109195,29267.829268292688,1567382.4333924556,5288148.116128835,29267.829268292688,1567628.2530631942,5288058.645085689,30243.390243902442,1567285.4127497594,5287116.6990660485,30243.390243902442
1567676.7633845422,5288574.353617083,29755.60975609756,0.47180148396596094,1567382.4333924556,5288148.116128835,29267.829268292688,1567725.2737058904,5289090.062148476,29267.829268292688,1567971.0933766288,5289000.591105331,30243.390243902442,1567628.2530631942,5288058.645085689,30243.390243902442
1568019.603697977,5289516.2996367235,29755.60975609756,0.5454803293495611,1567725.2737058904,5289090.062148476,29267.829268292688,1568068.114019325,5290032.008168116,29267.829268292688,1568313.933690064,5289942.537124971,30243.390243902442,1567971.0933766288,5289000.591105331,30243.390243902442
1568362.444011412,5290458.245656364,29755.60975609756,0.49439842486437485,1568068.114019325,5290032.008168116,29267.829268292688,1568410.95433276,5290973.954187758,29267.829268292688,1568656.7740034987,5290884.483144612,30243.390243902442,1568313.933690064,5289942.537124971,30243.390243902442
1568705.284324847,5291400.191676006,29755.60975609756,0.298462998167026,1568410.95433276,5290973.954187758,29267.829268292688,1568753.794646195,5291915.900207398,29267.829268292688,1568999.6143169336,5291826.429164252,30243.390243902442,1568656.7740034987,5290884.483144612,30243.390243902442
1569048.1246382815,5292342.137695646,29755.60975609756,0.23702335405929964,1568753.794646195,5291915.900207398,29267.829268292688,1569096.6349596297,5292857.84622704,29267.829268292688,1569342.4546303682,5292768.375183893,30243.390243902442,1568999.6143169336,5291826.429164252,30243.390243902442
1569390.9649517164,5293284.083715287,29755.60975609756,0.2659626712346788,1569096.6349596297,5292857.84622704,29267.829268292688,1569439.4752730643,5293799.79224668,29267.829268292688,1569685.294943803,5293710.3212035345,30243.390243902442,1569342.4546303682,5292768.375183893,30243.390243902442
1569733.8052651512,5294226.029734927,29755.60975609756,0.2977374790671641,1569439.4752730643,5293799.79224668,29267.829268292688,1569782.3155864992,5294741.738266322,29267.829268292688,1570028.1352572378,5294652.267223175,30243.390243902442,1569685.294943803,5293710.3212035345,30243.390243902442
1570076.645578586,5295167.975754569,29755.60975609756,0.19196936862649938,1569782.3155864992,5294741.738266322,29267.829268292688,1570125.155899934,5295683.684285962,29267.829268292688,1570370.9755706727,5295594.213242817,30243.390243902442,1570028.1352572378,5294652.267223175,30243.390243902442
1570419.4858920209,5296109.9217742095,29755.60975609756,0.12338706402037959,1570125.155899934,5295683.684285962,29267.829268292688,1570467.9962133688,5296625.630305603,29267.829268292688,1570713.8158841073,5296536.159262457,30243.390243902442,1570370.9755706727,5295594.213242817,30243.390243902442
1570762.3262054555,5297051.867793851,29755.60975609756,0.08356637985764392,1570467.9962133688,5296625.630305603,29267.829268292688,1570810.8365268037,5297567.576325244,29267.829268292688,1571056.6561975423,5297478.105282098,30243.390243902442,1570713.8158841073,5296536.159262457,30243.390243902442
1571105.1665188903,5297993.813813491,29755.60975609756,0.06172702214453675,1570810.8365268037,5297567.576325244,29267.829268292688,1571153.6768402385,5298509.522344885,29267.829268292688,1571399.4965109772,5298420.051301738,30243.390243902442,1571056.6561975423,5297478.105282098,30243.390243902442
1571448.0068323251,5298935.759833132,29755.60975609756,0.05798736887150238,1571153.6768402385,5298509.522344885,29267.829268292688,1571496.5171536733,5299451.468364526,29267.829268292688,1571742.336824412,5299361.99732138,30243.390243902442,1571399.4965109772,5298420.051301738,30243.390243902442
1571790.84714576,5299877.705852773,29755.60975609756,0.07961446029114456,1571496.5171536733,5299451.468364526,29267.829268292688,1571839.3574671082,5300393.414384166,29267.829268292688,1572085.1771378468,5300303.9433410205,30243.390243902442,1571742.336824412,5299361.99732138,30243.390243902442
1572133.6874591948,5300819.651872414,29755.60975609756,0.14140187078376665,1571839.3574671082,5300393.414384166,29267.829268292688,1572182.197780543,5301335.360403808,29267.829268292688,1572428.0174512814,5301245.889360662,30243.390243902442,1572085.1771378468,5300303.9433410205,30243.390243902442
1572476.5277726296,5301761.597892055,29755.60975609756,0.16569774915559612,1572182.197780543,5301335.360403808,29267.829268292688,1572525.0380939776,5302277.306423448,29267.829268292688,1572770.8577647163,5302187.835380302,30243.390243902442,1572428.0174512814,5301245.889360662,30243.390243902442
1572819.3680860642,5302703.543911696,29755.60975609756,0.17419596491569417,1572525.0380939776,5302277.306423448,29267.829268292688,1572867.8784074124,5303219.252443089,29267.829268292688,1573113.698078151,5303129.781399944,30243.390243902442,1572770.8577647163,5302187.835380302,30243.390243902442
1573162.208399499,5303645.489931337,29755.60975609756,0.16551811313731893,1572867.8784074124,5303219.252443089,29267.829268292688,1573210.7187208473,5304161.198462729,29267.829268292688,1573456.538391586,5304071.727419584,30243.390243902442,1573113.698078151,5303129.781399944,30243.390243902442
1573505.048712934,5304587.435950978,29755.60975609756,0.182899555625477,1573210.7187208473,5304161.198462729,29267.829268292688,1573553.559034282,5305103.144482371,29267.829268292688,1573799.3787050208,5305013.673439225,30243.390243902442,1573456.538391586,5304071.727419584,30243.390243902442
1573847.889026369,5305529.381970619,29755.60975609756,0.15939446676189772,1573553.559034282,5305103.144482371,29267.829268292688,1573896.399347717,5306045.090502012,29267.829268292688,1574142.2190184556,5305955.619458865,30243.390243902442,1573799.3787050208,5305013.673439225,30243.390243902442
1574190.7293398038,5306471.327990259,29755.60975609756,0.1839099514757078,1573896.399347717,5306045.090502012,29267.829268292688,1574239.2396611518,5306987.036521653,29267.829268292688,1574485.0593318904,5306897.5654785065,30243.390243902442,1574142.2190184556,5305955.619458865,30243.390243902442
1574533.5696532386,5307413.274009899,29755.60975609756,0.23020171500223294,1574239.2396611518,5306987.036521653,29267.829268292688,1574582.0799745866,5307928.982541294,29267.829268292688,1574827.8996453253,5307839.511498148,30243.390243902442,1574485.0593318904,5306897.5654785065,30243.390243902442
1574876.4099666735,5308355.22002954,29755.60975609756,0.32403094963724827,1574582.0799745866,5307928.982541294,29267.829268292688,1574924.9202880214,5308870.928560935,29267.829268292688,1575170.7399587599,5308781.457517788,30243.390243902442,1574827.8996453253,5307839.511498148,30243.390243902442
1575219.250280108,5309297.166049182,29755.60975609756,0.4905048047180002,1574924.9202880214,5308870.928560935,29267.829268292688,1575267.7606014563,5309812.874580575,29267.829268292688,1575513.5802721947,5309723.40353743,30243.390243902442,1575170.7399587599,5308781.457517788,30243.390243902442
1575562.090593543,5310239.112068823,29755.60975609756,0.5971757020802434,1575267.7606014563,5309812.874580575,29267.829268292688,1575610.6009148909,5310754.820600216,29267.829268292688,1575856.4205856295,5310665.34955707,30243.390243902442,1575513.5802721947,5309723.40353743,30243.390243902442
1575904.9309069777,5311181.058088464,29755.60975609756,0.5346430690892786,1575610.6009148909,5310754.820600216,29267.829268292688,1575953.4412283257,5311696.766619857,29267.829268292688,1576199.2608990646,5311607.295576711,30243.390243902442,1575856.4205856295,5310665.34955707,30243.390243902442
1576247.7712204126,5312123.004108105,29755.60975609756,0.494983016133688,1575953.4412283257,5311696.766619857,29267.829268292688,1576296.2815417608,5312638.7126394985,29267.829268292688,1576542.1012124994,5312549.241596351,30243.390243902442,1576199.2608990646,5311607.295576711,30243.390243902442
1576590.6115338476,5313064.950127746,29755.60975609756,0.603082481974605,1576296.2815417608,5312638.7126394985,29267.829268292688,1576639.1218551956,5313580.658659139,29267.829268292688,1576884.941525934,5313491.187615993,30243.390243902442,1576542.1012124994,5312549.241596351,30243.390243902442
1576933.451847282,5314006.896147386,29755.60975609756,0.5959833300676989,1576639.1218551956,5313580.658659139,29267.829268292688,1576981.9621686302,5314522.604678779,29267.829268292688,1577227.7818393689,5314433.133635634,30243.390243902442,1576884.941525934,5313491.187615993,30243.390243902442
1577276.2921607168,5314948.842167026,29755.60975609756,0.7297821062127874,1576981.9621686302,5314522.604678779,29267.829268292688,1577324.8024820653,5315464.550698421,29267.829268292688,1577570.6221528037,5315375.079655275,30243.390243902442,1577227.7818393689,5314433.133635634,30243.390243902442
1577619.1324741517,5315890.788186668,29755.60975609756,0.8338436007677844,1577324.8024820653,5315464.550698421,29267.829268292688,1577667.6427954999,5316406.496718062,29267.829268292688,1577913.4624662385,5316317.025674915,30243.390243902442,1577570.6221528037,5315375.079655275,30243.390243902442
1577961.9727875865,5316832.73420631,29755.60975609756,0.83327643339169,1577667.6427954999,5316406.496718062,29267.829268292688,1578010.4831089347,5317348.442737702,29267.829268292688,1578256.3027796734,5317258.971694557,30243.390243902442,1577913.4624662385,5316317.025674915,30243.390243902442
1578304.8131010213,5317774.68022595,29755.60975609756,0.9165411495566183,1578010.4831089347,5317348.442737702,29267.829268292688,1578353.3234223695,5318290.388757343,29267.829268292688,1578599.143093108,5318200.917714197,30243.390243902442,1578256.3027796734,5317258.971694557,30243.390243902442
1578647.6534144562,5318716.626245591,29755.60975609756,1.0246443993010346,1578353.3234223695,5318290.388757343,29267.829268292688,1578696.1637358044,5319232.3347769845,29267.829268292688,1578941.983406543,5319142.863733838,30243.390243902442,1578599.143093108,5318200.917714197,30243.390243902442
1578990.4937278912,5319658.572265232,29755.60975609756,1.1897808870144426,1578696.1637358044,5319232.3347769845,29267.829268292688,1579039.0040492392,5320174.280796626,29267.829268292688,1579284.8237199779,5320084.809753479,30243.390243902442,1578941.983406543,5319142.863733838,30243.390243902442
1579333.334041326,5320600.518284873,29755.60975609756,1.2332873787481433,1579039.0040492392,5320174.280796626,29267.829268292688,1579381.844362674,5321116.226816266,29267.829268292688,1579627.6640334127,5321026.755773121,30243.390243902442,1579284.8237199779,5320084.809753479,30243.390243902442
1579676.174354761,5321542.464304513,29755.60975609756,1.0234682763379737,1579381.844362674,5321116.226816266,29267.829268292688,1579724.6846761089,5322058.172835907,29267.829268292688,1579970.5043468475,5321968.701792761,30243.390243902442,1579627.6640334127,5321026.755773121,30243.390243902442
1580019.0146681955,5322484.4103241535,29755.60975609756,0.9556479252046568,1579724.6846761089,5322058.172835907,29267.829268292688,1580067.5249895437,5323000.118855548,29267.829268292688,1580313.3446602821,5322910.647812402,30243.390243902442,1579970.5043468475,5321968.701792761,30243.390243902442
1580361.8549816303,5323426.356343796,29755.60975609756,1.265589560591533,1580067.5249895437,5323000.118855548,29267.829268292688,1580410.3653029783,5323942.064875188,29267.829268292688,1580656.184973717,5323852.593832043,30243.390243902442,1580313.3446602821,5322910.647812402,30243.390243902442
1580704.6952950652,5324368.302363437,29755.60975609756,1.4829836190320824,1580410.3653029783,5323942.064875188,29267.829268292688,1580753.2056164131,5324884.010894829,29267.829268292688,1580999.0252871518,5324794.539851684,30243.390243902442,1580656.184973717,5323852.593832043,30243.390243902442
1581047.5356085,5325310.248383077,29755.60975609756,1.5790258189134312,1580753.2056164131,5324884.010894829,29267.829268292688,1581096.045929848,5325825.9569144705,29267.829268292688,1581341.8656005866,5325736.485871324,30243.390243902442,1580999.0252871518,5324794.539851684,30243.390243902442
1581390.3759219346,5326252.194402719,29755.60975609756,1.6206608834891307,1581096.045929848,5325825.9569144705,29267.829268292688,1581438.8862432828,5326767.902934112,29267.829268292688,1581684.7059140215,5326678.431890965,30243.390243902442,1581341.8656005866,5325736.485871324,30243.390243902442
1581733.2162353697,5327194.140422359,29755.60975609756,1.6973088917054386,1581438.8862432828,5326767.902934112,29267.829268292688,1581781.726556718,5327709.848953752,29267.829268292688,1582027.5462274563,5327620.377910607,30243.390243902442,1581684.7059140215,5326678.431890965,30243.390243902442
1582076.0565488045,5328136.086441999,29755.60975609756,2.1980622687103755,1581781.726556718,5327709.848953752,29267.829268292688,1582124.5668701525,5328651.794973393,29267.829268292688,1582370.3865408911,5328562.323930247,30243.390243902442,1582027.5462274563,5327620.377910607,30243.390243902442
1582418.8968622393,5329078.03246164,29755.60975609756,2.6576001709341353,1582124.5668701525,5328651.794973393,29267.829268292688,1582467.4071835873,5329593.740993034,29267.829268292688,1582713.226854326,5329504.269949888,30243.390243902442,1582370.3865408911,5328562.323930247,30243.390243902442
1582761.7371756742,5330019.978481282,29755.60975609756,2.889720623368244,1582467.4071835873,5329593.740993034,29267.829268292688,1582810.2474970222,5330535.687012675,29267.829268292688,1583056.0671677606,5330446.215969529,30243.390243902442,1582713.226854326,5329504.269949888,30243.390243902442
1583104.5774891088,5330961.924500922,29755.60975609756,2.7377612806150697,1582810.2474970222,5330535.687012675,29267.829268292688,1583153.087810457,5331477.633032315,29267.829268292688,1583398.9074811954,5331388.16198917,30243.390243902442,1583056.0671677606,5330446.215969529,30243.390243902442
1583447.4178025434,5331903.870520563,29755.60975609756,2.544348277952777,1583153.087810457,5331477.633032315,29267.829268292688,1583495.9281238916,5332419.5790519575,29267.829268292688,1583741.7477946302,5332330.10800881,30243.390243902442,1583398.9074811954,5331388.16198917,30243.390243902442
1583790.2581159782,5332845.816540204,29755.60975609756,2.2031815756687236,1583495.9281238916,5332419.5790519575,29267.829268292688,1583838.7684373264,5333361.525071598,29267.829268292688,1584084.5881080653,5333272.054028451,30243.390243902442,1583741.7477946302,5332330.10800881,30243.390243902442
1584133.0984294133,5333787.762559845,29755.60975609756,1.8930607506489565,1583838.7684373264,5333361.525071598,29267.829268292688,1584181.6087507615,5334303.471091239,29267.829268292688,1584427.4284215001,5334214.000048093,30243.390243902442,1584084.5881080653,5333272.054028451,30243.390243902442
1584475.938742848,5334729.708579486,29755.60975609756,2.345438229400836,1584181.6087507615,5334303.471091239,29267.829268292688,1584524.4490641963,5335245.417110879,29267.829268292688,1584770.2687349347,5335155.946067734,30243.390243902442,1584427.4284215001,5334214.000048093,30243.390243902442
1584818.779056283,5335671.654599126,29755.60975609756,2.8048411449802524,1584524.4490641963,5335245.417110879,29267.829268292688,1584867.289377631,5336187.36313052,29267.829268292688,1585113.1090483696,5336097.892087374,30243.390243902442,1584770.2687349347,5335155.946067734,30243.390243902442
1585161.6193697175,5336613.6006187685,29755.60975609756,3.4469171971198937,1584867.289377631,5336187.36313052,29267.829268292688,1585210.1296910658,5337129.309150161,29267.829268292688,1585455.9493618044,5337039.838107015,30243.390243902442,1585113.1090483696,5336097.892087374,30243.390243902442
1585504.4596831524,5337555.546638409,29755.60975609756,4.234854976321283,1585210.1296910658,5337129.309150161,29267.829268292688,1585552.9700045006,5338071.255169801,29267.829268292688,1585798.7896752392,5337981.784126656,30243.390243902442,1585455.9493618044,5337039.838107015,30243.390243902442
1585847.2999965872,5338497.492658049,29755.60975609756,4.248928687527028,1585552.9700045006,5338071.255169801,29267.829268292688,1585895.8103179354,5339013.201189443,29267.829268292688,1586141.6299886738,5338923.730146297,30243.390243902442,1585798.7896752392,5337981.784126656,30243.390243902442
1586190.140310022,5339439.43867769,29755.60975609756,3.186862210532711,1585895.8103179354,5339013.201189443,29267.829268292688,1586238.65063137,5339955.147209084,29267.829268292688,1586484.4703021087,5339865.676165937,30243.390243902442,1586141.6299886738,5338923.730146297,30243.390243902442
1586532.9806234569,5340381.384697332,29755.60975609756,2.597725753412845,1586238.65063137,5339955.147209084,29267.829268292688,1586581.4909448049,5340897.093228725,29267.829268292688,1586827.3106155437,5340807.622185579,30243.390243902442,1586484.4703021087,5339865.676165937,30243.390243902442
1586875.820936892,5341323.330716972,29755.60975609756,2.966570514419069,1586581.4909448049,5340897.093228725,29267.829268292688,1586924.33125824,5341839.039248365,29267.829268292688,1587170.1509289786,5341749.56820522,30243.390243902442,1586827.3106155437,5340807.622185579,30243.390243902442
1587218.6612503268,5342265.276736613,29755.60975609756,3.8729842454472387,1586924.33125824,5341839.039248365,29267.829268292688,1587267.1715716748,5342780.985268007,29267.829268292688,1587512.9912424134,5342691.514224861,30243.390243902442,1587170.1509289786,5341749.56820522,30243.390243902442
1587561.5015637616,5343207.222756254,29755.60975609756,4.284585348198965,1587267.1715716748,5342780.985268007,29267.829268292688,1587610.0118851096,5343722.931287647,29267.829268292688,1587855.8315558482,5343633.460244501,30243.390243902442,1587512.9912424134,5342691.514224861,30243.390243902442
1587904.3418771964,5344149.168775896,29755.60975609756,4.4539016642276446,1587610.0118851096,5343722.931287647,29267.829268292688,1587952.8521985444,5344664.877307288,29267.829268292688,1588198.6718692828,5344575.406264143,30243.390243902442,1587855.8315558482,5343633.460244501,30243.390243902442
1588247.182190631,5345091.114795536,29755.60975609756,4.162928995340994,1587952.8521985444,5344664.877307288,29267.829268292688,1588295.692511979,5345606.823326929,29267.829268292688,1588541.5121827177,5345517.352283783,30243.390243902442,1588198.6718692828,5344575.406264143,30243.390243902442
1588590.022504066,5346033.060815176,29755.60975609756,3.5565377219871546,1588295.692511979,5345606.823326929,29267.829268292688,1588638.5328254139,5346548.769346571,29267.829268292688,1588884.3524961525,5346459.298303424,30243.390243902442,1588541.5121827177,5345517.352283783,30243.390243902442
1588932.8628175007,5346975.006834817,29755.60975609756,3.1531022968021216,1588638.5328254139,5346548.769346571,29267.829268292688,1588981.3731388487,5347490.715366211,29267.829268292688,1589227.1928095873,5347401.244323065,30243.390243902442,1588884.3524961525,5346459.298303424,30243.390243902442
1589275.7031309356,5347916.952854459,29755.60975609756,2.7806816430517767,1588981.3731388487,5347490.715366211,29267.829268292688,1589324.2134522835,5348432.661385852,29267.829268292688,1589570.0331230222,5348343.190342707,30243.390243902442,1589227.1928095873,5347401.244323065,30243.390243902442
1589618.5434443704,5348858.898874099,29755.60975609756,3.4182323623033217,1589324.2134522835,5348432.661385852,29267.829268292688,1589667.0537657186,5349374.607405492,29267.829268292688,1589912.873436457,5349285.136362347,30243.390243902442,1589570.0331230222,5348343.190342707,30243.390243902442
1589961.383757805,5349800.84489374,29755.60975609756,3.619629773339105,1589667.0537657186,5349374.607405492,29267.829268292688,1590009.8940791532,5350316.553425134,29267.829268292688,1590255.7137498918,5350227.082381987,30243.390243902442,1589912.873436457,5349285.136362347,30243.390243902442
1590304.2240712398,5350742.790913382,29755.60975609756,3.762137937511369,1590009.8940791532,5350316.553425134,29267.829268292688,1590352.734392588,5351258.499444774,29267.829268292688,1590598.5540633267,5351169.028401628,30243.390243902442,1590255.7137498918,5350227.082381987,30243.390243902442
1590647.0643846747,5351684.736933022,29755.60975609756,4.387250134883762,1590352.734392588,5351258.499444774,29267.829268292688,1590695.5747060229,5352200.4454644155,29267.829268292688,1590941.3943767613,5352110.974421269,30243.390243902442,1590598.5540633267,5351169.028401628,30243.390243902442
1590989.9046981095,5352626.682952663,29755.60975609756,4.957779975611876,1590695.5747060229,5352200.4454644155,29267.829268292688,1591038.4150194577,5353142.391484056,29267.829268292688,1591284.234690196,5353052.92044091,30243.390243902442,1590941.3943767613,5352110.974421269,30243.390243902442
1591332.7450115443,5353568.628972303,29755.60975609756,5.5839989629322,1591038.4150194577,5353142.391484056,29267.829268292688,1591381.2553328923,5354084.337503698,29267.829268292688,1591627.075003631,5353994.866460551,30243.390243902442,1591284.234690196,5353052.92044091,30243.390243902442
1591675.5853249792,5354510.574991944,29755.60975609756,5.611742369517884,1591381.2553328923,5354084.337503698,29267.829268292688,1591724.0956463271,5355026.283523338,29267.829268292688,1591969.915317066,5354936.812480193,30243.390243902442,1591627.075003631,5353994.866460551,30243.390243902442
1592018.425638414,5355452.521011585,29755.60975609756,5.529256533559465,1591724.0956463271,5355026.283523338,29267.829268292688,1592066.935959762,5355968.229542979,29267.829268292688,1592312.7556305008,5355878.758499833,30243.390243902442,1591969.915317066,5354936.812480193,30243.390243902442
1592361.2659518488,5356394.4670312265,29755.60975609756,5.3142078568287205,1592066.935959762,5355968.229542979,29267.829268292688,1592409.776273197,5356910.17556262,29267.829268292688,1592655.5959439354,5356820.704519474,30243.390243902442,1592312.7556305008,5355878.758499833,30243.390243902442
1592704.1062652837,5357336.413050867,29755.60975609756,5.306672575780375,1592409.776273197,5356910.17556262,29267.829268292688,1592752.6165866316,5357852.12158226,29267.829268292688,1592998.4362573703,5357762.650539114,30243.390243902442,1592655.5959439354,5356820.704519474,30243.390243902442
1593046.9465787185,5358278.359070509,29755.60975609756,5.85795866767975,1592752.6165866316,5357852.12158226,29267.829268292688,1593095.4569000665,5358794.0676019015,29267.829268292688,1593341.276570805,5358704.596558756,30243.390243902442,1592998.4362573703,5357762.650539114,30243.390243902442
1593389.7868921533,5359220.305090149,29755.60975609756,5.416684841004699,1593095.4569000665,5358794.0676019015,29267.829268292688,1593438.2972135013,5359736.013621542,29267.829268292688,1593684.11688424,5359646.542578396,30243.390243902442,1593341.276570805,5358704.596558756,30243.390243902442
1593732.627205588,5360162.25110979,29755.60975609756,4.886992402833194,1593438.2972135013,5359736.013621542,29267.829268292688,1593781.1375269361,5360677.959641184,29267.829268292688,1594026.9571976746,5360588.4885980375,30243.390243902442,1593684.11688424,5359646.542578396,30243.390243902442
1594075.4675190228,5361104.197129431,29755.60975609756,4.926742570793456,1593781.1375269361,5360677.959641184,29267.829268292688,1594123.977840371,5361619.905660824,29267.829268292688,1594369.7975111094,5361530.434617678,30243.390243902442,1594026.9571976746,5360588.4885980375,30243.390243902442
1594418.3078324576,5362046.143149071,29755.60975609756,4.909720410247741,1594123.977840371,5361619.905660824,29267.829268292688,1594466.8181538056,5362561.851680465,29267.829268292688,1594712.6378245445,5362472.38063732,30243.390243902442,1594369.7975111094,5361530.434617678,30243.390243902442
1594761.1481458927,5362988.0891687125,29755.60975609756,4.2984786938089625,1594466.8181538056,5362561.851680465,29267.829268292688,1594809.6584672406,5363503.797700105,29267.829268292688,1595055.4781379793,5363414.32665696,30243.390243902442,1594712.6378245445,5362472.38063732,30243.390243902442
1595103.9884593275,5363930.035188354,29755.60975609756,3.92643734286473,1594809.6584672406,5363503.797700105,29267.829268292688,1595152.4987806755,5364445.743719747,29267.829268292688,1595398.3184514141,5364356.272676601,30243.390243902442,1595055.4781379793,5363414.32665696,30243.390243902442
1595446.8287727623,5364871.981207995,29755.60975609756,3.725264178619716,1595152.4987806755,5364445.743719747,29267.829268292688,1595495.3390941103,5365387.6897393875,29267.829268292688,1595741.1587648487,5365298.218696242,30243.390243902442,1595398.3184514141,5364356.272676601,30243.390243902442
1595789.6690861967,5365813.927227635,29755.60975609756,3.7067581242341925,1595495.3390941103,5365387.6897393875,29267.829268292688,1595838.179407545,5366329.635759029,29267.829268292688,1596083.9990782836,5366240.164715882,30243.390243902442,1595741.1587648487,5365298.218696242,30243.390243902442
1596132.5093996315,5366755.873247276,29755.60975609756,2.9389644287757926,1595838.179407545,5366329.635759029,29267.829268292688,1596181.0197209797,5367271.58177867,29267.829268292688,1596426.8393917184,5367182.1107355235,30243.390243902442,1596083.9990782836,5366240.164715882,30243.390243902442
1596475.3497130664,5367697.819266916,29755.60975609756,2.907310239975701,1596181.0197209797,5367271.58177867,29267.829268292688,1596523.8600344146,5368213.527798311,29267.829268292688,1596769.6797051532,5368124.056755164,30243.390243902442,1596426.8393917184,5367182.1107355235,30243.390243902442
1596818.1900265012,5368639.765286558,29755.60975609756,3.2005127915227596,1596523.8600344146,5368213.527798311,29267.829268292688,1596866.7003478494,5369155.473817951,29267.829268292688,1597112.5200185878,5369066.002774806,30243.390243902442,1596769.6797051532,5368124.056755164,30243.390243902442
1597161.030339936,5369581.7113061985,29755.60975609756,2.940748772678941,1596866.7003478494,5369155.473817951,29267.829268292688,1597209.540661284,5370097.419837592,29267.829268292688,1597455.360332023,5370007.948794446,30243.390243902442,1597112.5200185878,5369066.002774806,30243.390243902442
1597503.8706533709,5370523.657325839,29755.60975609756,2.96385823376388,1597209.540661284,5370097.419837592,29267.829268292688,1597552.380974719,5371039.365857233,29267.829268292688,1597798.2006454577,5370949.894814087,30243.390243902442,1597455.360332023,5370007.948794446,30243.390243902442
1597846.7109668057,5371465.603345481,29755.60975609756,2.5752323735285634,1597552.380974719,5371039.365857233,29267.829268292688,1597895.221288154,5371981.311876874,29267.829268292688,1598141.0409588926,5371891.840833727,30243.390243902442,1597798.2006454577,5370949.894814087,30243.390243902442
1598189.5512802405,5372407.549365122,29755.60975609756,2.038990064308415,1597895.221288154,5371981.311876874,29267.829268292688,1598238.0616015887,5372923.257896515,29267.829268292688,1598483.8812723272,5372833.786853369,30243.390243902442,1598141.0409588926,5371891.840833727,30243.390243902442
1598532.3915936754,5373349.495384762,29755.60975609756,1.5214015662676723,1598238.0616015887,5372923.257896515,29267.829268292688,1598580.9019150236,5373865.203916155,29267.829268292688,1598826.721585762,5373775.7328730095,30243.390243902442,1598483.8812723272,5372833.786853369,30243.390243902442
1598875.2319071102,5374291.441404403,29755.60975609756,1.2891172985997417,1598580.9019150236,5373865.203916155,29267.829268292688,1598923.7422284582,5374807.149935797,29267.829268292688,1599169.5618991968,5374717.678892651,30243.390243902442,1598826.721585762,5373775.7328730095,30243.390243902442
1599218.072220545,5375233.387424044,29755.60975609756,1.20827092691237,1598923.7422284582,5374807.149935797,29267.829268292688,1599266.582541893,5375749.095955437,29267.829268292688,1599512.4022126317,5375659.624912291,30243.390243902442,1599169.5618991968,5374717.678892651,30243.390243902442
1599560.9125339799,5376175.333443685,29755.60975609756,1.2298022040000258,1599266.582541893,5375749.095955437,29267.829268292688,1599609.4228553278,5376691.041975078,29267.829268292688,1599855.2425260665,5376601.570931933,30243.390243902442,1599512.4022126317,5375659.624912291,30243.390243902442
1599903.7528474147,5377117.279463326,29755.60975609756,1.4370828111102465,1599609.4228553278,5376691.041975078,29267.829268292688,1599952.2631687627,5377632.98799472,29267.829268292688,1600198.0828395016,5377543.516951573,30243.390243902442,1599855.2425260665,5376601.570931933,30243.390243902442
1600246.5931608498,5378059.225482966,29755.60975609756,1.7486627191710118,1599952.2631687627,5377632.98799472,29267.829268292688,1600295.1034821977,5378574.93401436,29267.829268292688,1600540.9231529362,5378485.462971214,30243.390243902442,1600198.0828395016,5377543.516951573,30243.390243902442
1600589.4334742844,5379001.171502608,29755.60975609756,1.6177959758903353,1600295.1034821977,5378574.93401436,29267.829268292688,1600637.9437956326,5379516.880034002,29267.829268292688,1600883.763466371,5379427.408990855,30243.390243902442,1600540.9231529362,5378485.462971214,30243.390243902442
1600932.2737877192,5379943.117522249,29755.60975609756,1.6470552049302254,1600637.9437956326,5379516.880034002,29267.829268292688,1600980.7841090672,5380458.826053642,29267.829268292688,1601226.6037798058,5380369.355010496,30243.390243902442,1600883.763466371,5379427.408990855,30243.390243902442
1601275.114101154,5380885.063541889,29755.60975609756,1.8096941658383978,1600980.7841090672,5380458.826053642,29267.829268292688,1601323.624422502,5381400.772073283,29267.829268292688,1601569.4440932407,5381311.301030137,30243.390243902442,1601226.6037798058,5380369.355010496,30243.390243902442
1549752.046443236,5238561.74353297,30731.170731707323,2.8919083561143077,1549457.716451149,5238135.506044722,30243.390243902442,1549800.5567645838,5239077.452064362,30243.390243902442,1550046.3764353234,5238987.981021217,31218.9512195122,1549703.5361218886,5238046.035001576,31218.9512195122
1550094.8867566711,5239503.68955261,30731.170731707323,2.513588142808755,1549800.5567645838,5239077.452064362,30243.390243902442,1550143.3970780189,5240019.398084004,30243.390243902442,1550389.2167487582,5239929.927040857,31218.9512195122,1550046.3764353234,5238987.981021217,31218.9512195122
1550437.727070106,5240445.635572251,30731.170731707323,2.2490227937171317,1550143.3970780189,5240019.398084004,30243.390243902442,1550486.2373914535,5240961.344103645,30243.390243902442,1550732.057062193,5240871.873060498,31218.9512195122,1550389.2167487582,5239929.927040857,31218.9512195122
1550780.5673835408,5241387.581591892,30731.170731707323,2.454773501112307,1550486.2373914535,5240961.344103645,30243.390243902442,1550829.0777048883,5241903.290123286,30243.390243902442,1551074.897375628,5241813.8190801395,31218.9512195122,1550732.057062193,5240871.873060498,31218.9512195122
1551123.4076969756,5242329.527611533,30731.170731707323,2.2664899268863863,1550829.0777048883,5241903.290123286,30243.390243902442,1551171.9180183231,5242845.236142926,30243.390243902442,1551417.7376890625,5242755.765099781,31218.9512195122,1551074.897375628,5241813.8190801395,31218.9512195122
1551466.2480104102,5243271.473631173,30731.170731707323,2.6565730567744277,1551171.9180183231,5242845.236142926,30243.390243902442,1551514.758331758,5243787.182162568,30243.390243902442,1551760.5780024973,5243697.711119421,31218.9512195122,1551417.7376890625,5242755.765099781,31218.9512195122
1551809.088323845,5244213.4196508145,30731.170731707323,2.9843223447340486,1551514.758331758,5243787.182162568,30243.390243902442,1551857.5986451926,5244729.128182208,30243.390243902442,1552103.4183159322,5244639.657139062,31218.9512195122,1551760.5780024973,5243697.711119421,31218.9512195122
1552151.92863728,5245155.365670456,30731.170731707323,4.071169771337871,1551857.5986451926,5244729.128182208,30243.390243902442,1552200.4389586274,5245671.074201849,30243.390243902442,1552446.258629367,5245581.603158703,31218.9512195122,1552103.4183159322,5244639.657139062,31218.9512195122
1552494.7689507147,5246097.311690097,30731.170731707323,3.6448711879876545,1552200.4389586274,5245671.074201849,30243.390243902442,1552543.2792720625,5246613.0202214895,30243.390243902442,1552789.0989428018,5246523.549178343,31218.9512195122,1552446.258629367,5245581.603158703,31218.9512195122
1552837.6092641496,5247039.257709737,30731.170731707323,2.8627956879185543,1552543.2792720625,5246613.0202214895,30243.390243902442,1552886.1195854973,5247554.966241132,30243.390243902442,1553131.9392562367,5247465.495197984,31218.9512195122,1552789.0989428018,5246523.549178343,31218.9512195122
1553180.4495775844,5247981.203729378,30731.170731707323,2.9660302434393575,1552886.1195854973,5247554.966241132,30243.390243902442,1553228.9598989321,5248496.912260772,30243.390243902442,1553474.7795696715,5248407.4412176255,31218.9512195122,1553131.9392562367,5247465.495197984,31218.9512195122
1553523.289891019,5248923.149749019,30731.170731707323,2.9942998889788925,1553228.9598989321,5248496.912260772,30243.390243902442,1553571.8002123667,5249438.858280412,30243.390243902442,1553817.6198831063,5249349.387237267,31218.9512195122,1553474.7795696715,5248407.4412176255,31218.9512195122
1553866.1302044538,5249865.095768659,30731.170731707323,2.6325768363324267,1553571.8002123667,5249438.858280412,30243.390243902442,1553914.6405258016,5250380.804300054,30243.390243902442,1554160.4601965412,5250291.333256907,31218.9512195122,1553817.6198831063,5249349.387237267,31218.9512195122
1554208.9705178887,5250807.0417883005,30731.170731707323,2.43113940175521,1553914.6405258016,5250380.804300054,30243.390243902442,1554257.4808392364,5251322.750319694,30243.390243902442,1554503.3005099758,5251233.279276548,31218.9512195122,1554160.4601965412,5250291.333256907,31218.9512195122
1554551.8108313235,5251748.987807942,30731.170731707323,2.403820607278361,1554257.4808392364,5251322.750319694,30243.390243902442,1554600.3211526712,5252264.696339335,30243.390243902442,1554846.1408234106,5252175.225296189,31218.9512195122,1554503.3005099758,5251233.279276548,31218.9512195122
1554894.6511447583,5252690.933827582,30731.170731707323,2.4665304934772245,1554600.3211526712,5252264.696339335,30243.390243902442,1554943.1614661058,5253206.6423589755,30243.390243902442,1555188.9811368454,5253117.17131583,31218.9512195122,1554846.1408234106,5252175.225296189,31218.9512195122
1555237.4914581934,5253632.879847223,30731.170731707323,2.6302473187272204,1554943.1614661058,5253206.6423589755,30243.390243902442,1555286.0017795411,5254148.588378618,30243.390243902442,1555531.8214502805,5254059.11733547,31218.9512195122,1555188.9811368454,5253117.17131583,31218.9512195122
1555580.3317716282,5254574.825866865,30731.170731707323,2.984708593363505,1555286.0017795411,5254148.588378618,30243.390243902442,1555628.8420929757,5255090.534398258,30243.390243902442,1555874.6617637153,5255001.0633551115,31218.9512195122,1555531.8214502805,5254059.11733547,31218.9512195122
1555923.1720850628,5255516.771886505,30731.170731707323,3.337268695595787,1555628.8420929757,5255090.534398258,30243.390243902442,1555971.6824064106,5256032.480417899,30243.390243902442,1556217.50207715,5255943.009374753,31218.9512195122,1555874.6617637153,5255001.0633551115,31218.9512195122
1556266.0123984977,5256458.717906146,30731.170731707323,3.895268824130655,1555971.6824064106,5256032.480417899,30243.390243902442,1556314.5227198454,5256974.426437539,30243.390243902442,1556560.3423905848,5256884.955394394,31218.9512195122,1556217.50207715,5255943.009374753,31218.9512195122
1556608.8527119325,5257400.6639257865,30731.170731707323,3.973307084088537,1556314.5227198454,5256974.426437539,30243.390243902442,1556657.3630332802,5257916.372457181,30243.390243902442,1556903.1827040196,5257826.901414034,31218.9512195122,1556560.3423905848,5256884.955394394,31218.9512195122
1556951.6930253673,5258342.609945429,30731.170731707323,3.51553085841937,1556657.3630332802,5257916.372457181,30243.390243902442,1557000.2033467148,5258858.318476821,30243.390243902442,1557246.0230174544,5258768.847433675,31218.9512195122,1556903.1827040196,5257826.901414034,31218.9512195122
1557294.5333388022,5259284.555965069,30731.170731707323,3.385027127560575,1557000.2033467148,5258858.318476821,30243.390243902442,1557343.0436601497,5259800.264496462,30243.390243902442,1557588.8633308893,5259710.793453316,31218.9512195122,1557246.0230174544,5258768.847433675,31218.9512195122
1557637.3736522368,5260226.501984709,30731.170731707323,3.306794727372979,1557343.0436601497,5259800.264496462,30243.390243902442,1557685.8839735845,5260742.210516104,30243.390243902442,1557931.703644324,5260652.739472957,31218.9512195122,1557588.8633308893,5259710.793453316,31218.9512195122
1557980.2139656718,5261168.44800435,30731.170731707323,3.8337531055561853,1557685.8839735845,5260742.210516104,30243.390243902442,1558028.7242870196,5261684.156535745,30243.390243902442,1558274.543957759,5261594.6854925975,31218.9512195122,1557931.703644324,5260652.739472957,31218.9512195122
1558323.0542791067,5262110.394023992,30731.170731707323,4.1472855888672875,1558028.7242870196,5261684.156535745,30243.390243902442,1558371.5646004542,5262626.102555385,30243.390243902442,1558617.3842711938,5262536.63151224,31218.9512195122,1558274.543957759,5261594.6854925975,31218.9512195122
1558665.8945925415,5263052.340043632,30731.170731707323,3.964028364335013,1558371.5646004542,5262626.102555385,30243.390243902442,1558714.404913889,5263568.048575026,30243.390243902442,1558960.2245846286,5263478.57753188,31218.9512195122,1558617.3842711938,5262536.63151224,31218.9512195122
1559008.7349059763,5263994.286063273,30731.170731707323,4.006285329218756,1558714.404913889,5263568.048575026,30243.390243902442,1559057.2452273238,5264509.994594667,30243.390243902442,1559303.0648980632,5264420.523551521,31218.9512195122,1558960.2245846286,5263478.57753188,31218.9512195122
1559351.575219411,5264936.232082915,30731.170731707323,3.169537920634715,1559057.2452273238,5264509.994594667,30243.390243902442,1559400.0855407587,5265451.940614308,30243.390243902442,1559645.905211498,5265362.469571161,31218.9512195122,1559303.0648980632,5264420.523551521,31218.9512195122
1559694.4155328455,5265878.178102556,30731.170731707323,2.4574912192952287,1559400.0855407587,5265451.940614308,30243.390243902442,1559742.9258541933,5266393.886633948,30243.390243902442,1559988.7455249329,5266304.415590803,31218.9512195122,1559645.905211498,5265362.469571161,31218.9512195122
1560037.2558462804,5266820.124122196,30731.170731707323,2.00823427368041,1559742.9258541933,5266393.886633948,30243.390243902442,1560085.766167628,5267335.83265359,30243.390243902442,1560331.5858383677,5267246.361610443,31218.9512195122,1559988.7455249329,5266304.415590803,31218.9512195122
1560380.0961597152,5267762.070141836,30731.170731707323,1.6866218670387778,1560085.766167628,5267335.83265359,30243.390243902442,1560428.6064810632,5268277.778673231,30243.390243902442,1560674.4261518025,5268188.3076300835,31218.9512195122,1560331.5858383677,5267246.361610443,31218.9512195122
1560722.9364731503,5268704.016161478,30731.170731707323,1.6023732108830286,1560428.6064810632,5268277.778673231,30243.390243902442,1560771.446794498,5269219.724692872,30243.390243902442,1561017.2664652374,5269130.253649725,31218.9512195122,1560674.4261518025,5268188.3076300835,31218.9512195122
1561065.776786585,5269645.962181119,30731.170731707323,1.3250075059860271,1560771.446794498,5269219.724692872,30243.390243902442,1561114.2871079328,5270161.670712512,30243.390243902442,1561360.1067786722,5270072.199669366,31218.9512195122,1561017.2664652374,5269130.253649725,31218.9512195122
1561408.61710002,5270587.908200759,30731.170731707323,1.0971857747179197,1561114.2871079328,5270161.670712512,30243.390243902442,1561457.1274213674,5271103.616732153,30243.390243902442,1561702.947092107,5271014.145689007,31218.9512195122,1561360.1067786722,5270072.199669366,31218.9512195122
1561751.4574134545,5271529.8542204,30731.170731707323,0.7987823847461624,1561457.1274213674,5271103.616732153,30243.390243902442,1561799.9677348023,5272045.562751794,30243.390243902442,1562045.7874055419,5271956.091708647,31218.9512195122,1561702.947092107,5271014.145689007,31218.9512195122
1562094.2977268894,5272471.800240042,30731.170731707323,0.7068430276638487,1561799.9677348023,5272045.562751794,30243.390243902442,1562142.808048237,5272987.508771434,30243.390243902442,1562388.6277189765,5272898.037728289,31218.9512195122,1562045.7874055419,5271956.091708647,31218.9512195122
1562437.1380403242,5273413.746259682,30731.170731707323,0.5283721574389902,1562142.808048237,5272987.508771434,30243.390243902442,1562485.648361672,5273929.454791076,30243.390243902442,1562731.4680324113,5273839.983747929,31218.9512195122,1562388.6277189765,5272898.037728289,31218.9512195122
1562779.978353759,5274355.692279323,30731.170731707323,0.4418325472070207,1562485.648361672,5273929.454791076,30243.390243902442,1562828.4886751065,5274871.400810717,30243.390243902442,1563074.3083458461,5274781.92976757,31218.9512195122,1562731.4680324113,5273839.983747929,31218.9512195122
1563122.818667194,5275297.638298963,30731.170731707323,0.4854014582335798,1562828.4886751065,5274871.400810717,30243.390243902442,1563171.3289885416,5275813.346830358,30243.390243902442,1563417.1486592812,5275723.875787211,31218.9512195122,1563074.3083458461,5274781.92976757,31218.9512195122
1563465.658980629,5276239.584318604,30731.170731707323,0.4586055178309867,1563171.3289885416,5275813.346830358,30243.390243902442,1563514.1693019764,5276755.292849998,30243.390243902442,1563759.9889727158,5276665.821806853,31218.9512195122,1563417.1486592812,5275723.875787211,31218.9512195122
1563808.4992940635,5277181.530338245,30731.170731707323,0.3715665798032459,1563514.1693019764,5276755.292849998,30243.390243902442,1563857.0096154113,5277697.238869639,30243.390243902442,1564102.8292861506,5277607.767826493,31218.9512195122,1563759.9889727158,5276665.821806853,31218.9512195122
1564151.3396074984,5278123.476357887,30731.170731707323,0.2543923605167479,1563857.0096154113,5277697.238869639,30243.390243902442,1564199.8499288461,5278639.18488928,30243.390243902442,1564445.6695995855,5278549.713846134,31218.9512195122,1564102.8292861506,5277607.767826493,31218.9512195122
1564494.1799209332,5279065.422377528,30731.170731707323,0.22560019603058182,1564199.8499288461,5278639.18488928,30243.390243902442,1564542.6902422807,5279581.130908921,30243.390243902442,1564788.5099130203,5279491.659865774,31218.9512195122,1564445.6695995855,5278549.713846134,31218.9512195122
1564837.020234368,5280007.368397169,30731.170731707323,0.17917786865028557,1564542.6902422807,5279581.130908921,30243.390243902442,1564885.5305557156,5280523.076928562,30243.390243902442,1565131.350226455,5280433.605885416,31218.9512195122,1564788.5099130203,5279491.659865774,31218.9512195122
1565179.8605478026,5280949.314416809,30731.170731707323,0.15787109641312774,1564885.5305557156,5280523.076928562,30243.390243902442,1565228.3708691504,5281465.022948203,30243.390243902442,1565474.1905398897,5281375.551905056,31218.9512195122,1565131.350226455,5280433.605885416,31218.9512195122
1565522.7008612375,5281891.26043645,30731.170731707323,0.10570519715554225,1565228.3708691504,5281465.022948203,30243.390243902442,1565571.2111825852,5282406.968967844,30243.390243902442,1565817.0308533248,5282317.497924697,31218.9512195122,1565474.1905398897,5281375.551905056,31218.9512195122
1565865.5411746725,5282833.206456091,30731.170731707323,0.09128244850994752,1565571.2111825852,5282406.968967844,30243.390243902442,1565914.0514960203,5283348.914987485,30243.390243902442,1566159.8711667596,5283259.443944339,31218.9512195122,1565817.0308533248,5282317.497924697,31218.9512195122
1566208.3814881071,5283775.152475731,30731.170731707323,0.08658761538507409,1565914.0514960203,5283348.914987485,30243.390243902442,1566256.891809455,5284290.861007125,30243.390243902442,1566502.7114801945,5284201.38996398,31218.9512195122,1566159.8711667596,5283259.443944339,31218.9512195122
1566551.221801542,5284717.098495373,30731.170731707323,0.08528161715159939,1566256.891809455,5284290.861007125,30243.390243902442,1566599.7321228897,5285232.807026767,30243.390243902442,1566845.5517936293,5285143.33598362,31218.9512195122,1566502.7114801945,5284201.38996398,31218.9512195122
1566894.0621149768,5285659.044515014,30731.170731707323,0.08377312106635039,1566599.7321228897,5285232.807026767,30243.390243902442,1566942.5724363246,5286174.753046407,30243.390243902442,1567188.392107064,5286085.282003261,31218.9512195122,1566845.5517936293,5285143.33598362,31218.9512195122
1567236.9024284116,5286600.990534655,30731.170731707323,0.1452038398902375,1566942.5724363246,5286174.753046407,30243.390243902442,1567285.4127497594,5287116.6990660485,30243.390243902442,1567531.2324204987,5287027.228022902,31218.9512195122,1567188.392107064,5286085.282003261,31218.9512195122
1567579.7427418465,5287542.936554296,30731.170731707323,0.24111732564303556,1567285.4127497594,5287116.6990660485,30243.390243902442,1567628.2530631942,5288058.645085689,30243.390243902442,1567874.0727339336,5287969.174042543,31218.9512195122,1567531.2324204987,5287027.228022902,31218.9512195122
1567922.5830552813,5288484.882573936,30731.170731707323,0.2795462603320975,1567628.2530631942,5288058.645085689,30243.390243902442,1567971.0933766288,5289000.591105331,30243.390243902442,1568216.9130473684,5288911.120062184,31218.9512195122,1567874.0727339336,5287969.174042543,31218.9512195122
1568265.423368716,5289426.828593578,30731.170731707323,0.3590438843921058,1567971.0933766288,5289000.591105331,30243.390243902442,1568313.933690064,5289942.537124971,30243.390243902442,1568559.7533608032,5289853.066081824,31218.9512195122,1568216.9130473684,5288911.120062184,31218.9512195122
1568608.263682151,5290368.774613218,30731.170731707323,0.40245703900939517,1568313.933690064,5289942.537124971,30243.390243902442,1568656.7740034987,5290884.483144612,30243.390243902442,1568902.593674238,5290795.012101466,31218.9512195122,1568559.7533608032,5289853.066081824,31218.9512195122
1568951.1039955858,5291310.720632859,30731.170731707323,0.44083906155171154,1568656.7740034987,5290884.483144612,30243.390243902442,1568999.6143169336,5291826.429164252,30243.390243902442,1569245.433987673,5291736.958121106,31218.9512195122,1568902.593674238,5290795.012101466,31218.9512195122
1569293.9443090206,5292252.666652499,30731.170731707323,0.4440354360170344,1568999.6143169336,5291826.429164252,30243.390243902442,1569342.4546303682,5292768.375183893,30243.390243902442,1569588.2743011077,5292678.904140747,31218.9512195122,1569245.433987673,5291736.958121106,31218.9512195122
1569636.7846224555,5293194.612672141,30731.170731707323,0.4565145686860199,1569342.4546303682,5292768.375183893,30243.390243902442,1569685.294943803,5293710.3212035345,30243.390243902442,1569931.1146145426,5293620.850160388,31218.9512195122,1569588.2743011077,5292678.904140747,31218.9512195122
1569979.62493589,5294136.558691782,30731.170731707323,0.4642299859783352,1569685.294943803,5293710.3212035345,30243.390243902442,1570028.1352572378,5294652.267223175,30243.390243902442,1570273.9549279772,5294562.796180029,31218.9512195122,1569931.1146145426,5293620.850160388,31218.9512195122
1570322.465249325,5295078.504711422,30731.170731707323,0.31285728271032087,1570028.1352572378,5294652.267223175,30243.390243902442,1570370.9755706727,5295594.213242817,30243.390243902442,1570616.795241412,5295504.74219967,31218.9512195122,1570273.9549279772,5294562.796180029,31218.9512195122
1570665.3055627597,5296020.450731063,30731.170731707323,0.19222110777013626,1570370.9755706727,5295594.213242817,30243.390243902442,1570713.8158841073,5296536.159262457,30243.390243902442,1570959.6355548468,5296446.688219311,31218.9512195122,1570616.795241412,5295504.74219967,31218.9512195122
1571008.1458761948,5296962.396750704,30731.170731707323,0.19808653081723995,1570713.8158841073,5296536.159262457,30243.390243902442,1571056.6561975423,5297478.105282098,30243.390243902442,1571302.475868282,5297388.634238952,31218.9512195122,1570959.6355548468,5296446.688219311,31218.9512195122
1571350.9861896296,5297904.3427703455,30731.170731707323,0.17830816336228902,1571056.6561975423,5297478.105282098,30243.390243902442,1571399.4965109772,5298420.051301738,30243.390243902442,1571645.3161817165,5298330.580258593,31218.9512195122,1571302.475868282,5297388.634238952,31218.9512195122
1571693.8265030643,5298846.288789986,30731.170731707323,0.1633055625235848,1571399.4965109772,5298420.051301738,30243.390243902442,1571742.336824412,5299361.99732138,30243.390243902442,1571988.1564951513,5299272.526278233,31218.9512195122,1571645.3161817165,5298330.580258593,31218.9512195122
1572036.666816499,5299788.234809627,30731.170731707323,0.11517140520337708,1571742.336824412,5299361.99732138,30243.390243902442,1572085.1771378468,5300303.9433410205,30243.390243902442,1572330.9968085862,5300214.472297874,31218.9512195122,1571988.1564951513,5299272.526278233,31218.9512195122
1572379.5071299337,5300730.180829268,30731.170731707323,0.07567606040281329,1572085.1771378468,5300303.9433410205,30243.390243902442,1572428.0174512814,5301245.889360662,30243.390243902442,1572673.837122021,5301156.418317515,31218.9512195122,1572330.9968085862,5300214.472297874,31218.9512195122
1572722.3474433685,5301672.126848909,30731.170731707323,0.07452725331889559,1572428.0174512814,5301245.889360662,30243.390243902442,1572770.8577647163,5302187.835380302,30243.390243902442,1573016.6774354556,5302098.3643371565,31218.9512195122,1572673.837122021,5301156.418317515,31218.9512195122
1573065.1877568034,5302614.072868549,30731.170731707323,0.09554949018802983,1572770.8577647163,5302187.835380302,30243.390243902442,1573113.698078151,5303129.781399944,30243.390243902442,1573359.5177488904,5303040.310356797,31218.9512195122,1573016.6774354556,5302098.3643371565,31218.9512195122
1573408.0280702382,5303556.01888819,30731.170731707323,0.08238485927370008,1573113.698078151,5303129.781399944,30243.390243902442,1573456.538391586,5304071.727419584,30243.390243902442,1573702.3580623255,5303982.256376437,31218.9512195122,1573359.5177488904,5303040.310356797,31218.9512195122
1573750.8683836733,5304497.9649078315,30731.170731707323,0.10683908968949268,1573456.538391586,5304071.727419584,30243.390243902442,1573799.3787050208,5305013.673439225,30243.390243902442,1574045.1983757603,5304924.202396079,31218.9512195122,1573702.3580623255,5303982.256376437,31218.9512195122
1574093.7086971079,5305439.910927473,30731.170731707323,0.1280002924955337,1573799.3787050208,5305013.673439225,30243.390243902442,1574142.2190184556,5305955.619458865,30243.390243902442,1574388.0386891952,5305866.148415719,31218.9512195122,1574045.1983757603,5304924.202396079,31218.9512195122
1574436.5490105427,5306381.856947113,30731.170731707323,0.08782236942846026,1574142.2190184556,5305955.619458865,30243.390243902442,1574485.0593318904,5306897.5654785065,30243.390243902442,1574730.8790026298,5306808.09443536,31218.9512195122,1574388.0386891952,5305866.148415719,31218.9512195122
1574779.3893239775,5307323.802966754,30731.170731707323,0.07163702254266165,1574485.0593318904,5306897.5654785065,30243.390243902442,1574827.8996453253,5307839.511498148,30243.390243902442,1575073.7193160646,5307750.040455001,31218.9512195122,1574730.8790026298,5306808.09443536,31218.9512195122
1575122.2296374124,5308265.748986394,30731.170731707323,0.07286056587910356,1574827.8996453253,5307839.511498148,30243.390243902442,1575170.7399587599,5308781.457517788,30243.390243902442,1575416.5596294994,5308691.9864746425,31218.9512195122,1575073.7193160646,5307750.040455001,31218.9512195122
1575465.0699508472,5309207.695006035,30731.170731707323,0.10647673536352734,1575170.7399587599,5308781.457517788,30243.390243902442,1575513.5802721947,5309723.40353743,30243.390243902442,1575759.3999429343,5309633.932494283,31218.9512195122,1575416.5596294994,5308691.9864746425,31218.9512195122
1575807.910264282,5310149.641025676,30731.170731707323,0.12491409325001294,1575513.5802721947,5309723.40353743,30243.390243902442,1575856.4205856295,5310665.34955707,30243.390243902442,1576102.2402563689,5310575.878513924,31218.9512195122,1575759.3999429343,5309633.932494283,31218.9512195122
1576150.7505777166,5311091.5870453175,30731.170731707323,0.18859039577931444,1575856.4205856295,5310665.34955707,30243.390243902442,1576199.2608990646,5311607.295576711,30243.390243902442,1576445.080569804,5311517.824533565,31218.9512195122,1576102.2402563689,5310575.878513924,31218.9512195122
1576493.5908911517,5312033.533064959,30731.170731707323,0.21073516863459135,1576199.2608990646,5311607.295576711,30243.390243902442,1576542.1012124994,5312549.241596351,30243.390243902442,1576787.9208832388,5312459.770553206,31218.9512195122,1576445.080569804,5311517.824533565,31218.9512195122
1576836.4312045865,5312975.479084599,30731.170731707323,0.2505126799369946,1576542.1012124994,5312549.241596351,30243.390243902442,1576884.941525934,5313491.187615993,30243.390243902442,1577130.7611966736,5313401.716572846,31218.9512195122,1576787.9208832388,5312459.770553206,31218.9512195122
1577179.2715180214,5313917.425104241,30731.170731707323,0.4061957825103245,1576884.941525934,5313491.187615993,30243.390243902442,1577227.7818393689,5314433.133635634,30243.390243902442,1577473.6015101082,5314343.662592487,31218.9512195122,1577130.7611966736,5313401.716572846,31218.9512195122
1577522.111831456,5314859.371123881,30731.170731707323,0.45036181267587555,1577227.7818393689,5314433.133635634,30243.390243902442,1577570.6221528037,5315375.079655275,30243.390243902442,1577816.4418235433,5315285.6086121285,31218.9512195122,1577473.6015101082,5314343.662592487,31218.9512195122
1577864.952144891,5315801.317143521,30731.170731707323,0.5672700676522675,1577570.6221528037,5315375.079655275,30243.390243902442,1577913.4624662385,5316317.025674915,30243.390243902442,1578159.2821369779,5316227.55463177,31218.9512195122,1577816.4418235433,5315285.6086121285,31218.9512195122
1578207.7924583256,5316743.263163162,30731.170731707323,0.59569140790938,1577913.4624662385,5316317.025674915,30243.390243902442,1578256.3027796734,5317258.971694557,30243.390243902442,1578502.1224504127,5317169.50065141,31218.9512195122,1578159.2821369779,5316227.55463177,31218.9512195122
1578550.6327717602,5317685.209182804,30731.170731707323,0.6612714495073592,1578256.3027796734,5317258.971694557,30243.390243902442,1578599.143093108,5318200.917714197,30243.390243902442,1578844.9627638476,5318111.446671052,31218.9512195122,1578502.1224504127,5317169.50065141,31218.9512195122
1578893.4730851953,5318627.155202445,30731.170731707323,0.6630920152954062,1578599.143093108,5318200.917714197,30243.390243902442,1578941.983406543,5319142.863733838,30243.390243902442,1579187.8030772826,5319053.392690692,31218.9512195122,1578844.9627638476,5318111.446671052,31218.9512195122
1579236.3133986301,5319569.101222086,30731.170731707323,0.7307815083513174,1578941.983406543,5319142.863733838,30243.390243902442,1579284.8237199779,5320084.809753479,30243.390243902442,1579530.6433907172,5319995.338710333,31218.9512195122,1579187.8030772826,5319053.392690692,31218.9512195122
1579579.153712065,5320511.047241726,30731.170731707323,0.6868100063515709,1579284.8237199779,5320084.809753479,30243.390243902442,1579627.6640334127,5321026.755773121,30243.390243902442,1579873.483704152,5320937.284729973,31218.9512195122,1579530.6433907172,5319995.338710333,31218.9512195122
1579921.9940254998,5321452.993261368,30731.170731707323,0.66977975374893,1579627.6640334127,5321026.755773121,30243.390243902442,1579970.5043468475,5321968.701792761,30243.390243902442,1580216.324017587,5321879.2307496155,31218.9512195122,1579873.483704152,5320937.284729973,31218.9512195122
1580264.8343389346,5322394.939281008,30731.170731707323,0.6654786618435163,1579970.5043468475,5321968.701792761,30243.390243902442,1580313.3446602821,5322910.647812402,30243.390243902442,1580559.1643310217,5322821.176769256,31218.9512195122,1580216.324017587,5321879.2307496155,31218.9512195122
1580607.6746523695,5323336.885300648,30731.170731707323,0.6783384805806694,1580313.3446602821,5322910.647812402,30243.390243902442,1580656.184973717,5323852.593832043,30243.390243902442,1580902.0046444566,5323763.122788897,31218.9512195122,1580559.1643310217,5322821.176769256,31218.9512195122
1580950.514965804,5324278.83132029,30731.170731707323,0.9449261380465697,1580656.184973717,5323852.593832043,30243.390243902442,1580999.0252871518,5324794.539851684,30243.390243902442,1581244.8449578912,5324705.068808537,31218.9512195122,1580902.0046444566,5323763.122788897,31218.9512195122
1581293.355279239,5325220.777339932,30731.170731707323,1.075114479626434,1580999.0252871518,5324794.539851684,30243.390243902442,1581341.8656005866,5325736.485871324,30243.390243902442,1581587.6852713262,5325647.014828178,31218.9512195122,1581244.8449578912,5324705.068808537,31218.9512195122
1581636.195592674,5326162.723359572,30731.170731707323,1.310060400826684,1581341.8656005866,5325736.485871324,30243.390243902442,1581684.7059140215,5326678.431890965,30243.390243902442,1581930.525584761,5326588.960847819,31218.9512195122,1581587.6852713262,5325647.014828178,31218.9512195122
1581979.0359061088,5327104.669379212,30731.170731707323,1.4955764759023382,1581684.7059140215,5326678.431890965,30243.390243902442,1582027.5462274563,5327620.377910607,30243.390243902442,1582273.365898196,5327530.906867459,31218.9512195122,1581930.525584761,5326588.960847819,31218.9512195122
1582321.8762195434,5328046.615398854,30731.170731707323,1.766661800840469,1582027.5462274563,5327620.377910607,30243.390243902442,1582370.3865408911,5328562.323930247,30243.390243902442,1582616.2062116305,5328472.852887101,31218.9512195122,1582273.365898196,5327530.906867459,31218.9512195122
1582664.7165329782,5328988.561418494,30731.170731707323,1.88511797581363,1582370.3865408911,5328562.323930247,30243.390243902442,1582713.226854326,5329504.269949888,30243.390243902442,1582959.0465250653,5329414.798906742,31218.9512195122,1582616.2062116305,5328472.852887101,31218.9512195122
1583007.556846413,5329930.507438135,30731.170731707323,1.7870372785531907,1582713.226854326,5329504.269949888,30243.390243902442,1583056.0671677606,5330446.215969529,30243.390243902442,1583301.8868385002,5330356.744926383,31218.9512195122,1582959.0465250653,5329414.798906742,31218.9512195122
1583350.397159848,5330872.4534577755,30731.170731707323,1.9375476207171687,1583056.0671677606,5330446.215969529,30243.390243902442,1583398.9074811954,5331388.16198917,30243.390243902442,1583644.727151935,5331298.690946023,31218.9512195122,1583301.8868385002,5330356.744926383,31218.9512195122
1583693.2374732827,5331814.399477417,30731.170731707323,1.8802813959501918,1583398.9074811954,5331388.16198917,30243.390243902442,1583741.7477946302,5332330.10800881,30243.390243902442,1583987.5674653696,5332240.636965665,31218.9512195122,1583644.727151935,5331298.690946023,31218.9512195122
1584036.0777867173,5332756.345497058,30731.170731707323,1.7405120969169474,1583741.7477946302,5332330.10800881,30243.390243902442,1584084.5881080653,5333272.054028451,30243.390243902442,1584330.4077788047,5333182.582985305,31218.9512195122,1583987.5674653696,5332240.636965665,31218.9512195122
1584378.9181001524,5333698.291516699,30731.170731707323,1.7727887782378138,1584084.5881080653,5333272.054028451,30243.390243902442,1584427.4284215001,5334214.000048093,30243.390243902442,1584673.2480922395,5334124.529004946,31218.9512195122,1584330.4077788047,5333182.582985305,31218.9512195122
1584721.758413587,5334640.237536339,30731.170731707323,1.7718362105264553,1584427.4284215001,5334214.000048093,30243.390243902442,1584770.2687349347,5335155.946067734,30243.390243902442,1585016.0884056743,5335066.475024587,31218.9512195122,1584673.2480922395,5334124.529004946,31218.9512195122
1585064.5987270218,5335582.183555981,30731.170731707323,1.5819921136299553,1584770.2687349347,5335155.946067734,30243.390243902442,1585113.1090483696,5336097.892087374,30243.390243902442,1585358.928719109,5336008.421044229,31218.9512195122,1585016.0884056743,5335066.475024587,31218.9512195122
1585407.4390404567,5336524.129575621,30731.170731707323,1.5368752907407643,1585113.1090483696,5336097.892087374,30243.390243902442,1585455.9493618044,5337039.838107015,30243.390243902442,1585701.7690325438,5336950.367063869,31218.9512195122,1585358.928719109,5336008.421044229,31218.9512195122
1585750.2793538915,5337466.075595262,30731.170731707323,1.8383284680114156,1585455.9493618044,5337039.838107015,30243.390243902442,1585798.7896752392,5337981.784126656,30243.390243902442,1586044.6093459786,5337892.31308351,31218.9512195122,1585701.7690325438,5336950.367063869,31218.9512195122
1586093.1196673263,5338408.021614904,30731.170731707323,2.9953047316684986,1585798.7896752392,5337981.784126656,30243.390243902442,1586141.6299886738,5338923.730146297,30243.390243902442,1586387.4496594134,5338834.25910315,31218.9512195122,1586044.6093459786,5337892.31308351,31218.9512195122
1586435.959980761,5339349.967634544,30731.170731707323,3.3466993119089317,1586141.6299886738,5338923.730146297,30243.390243902442,1586484.4703021087,5339865.676165937,30243.390243902442,1586730.2899728483,5339776.205122792,31218.9512195122,1586387.4496594134,5338834.25910315,31218.9512195122
1586778.800294196,5340291.913654185,30731.170731707323,3.4397144000462854,1586484.4703021087,5339865.676165937,30243.390243902442,1586827.3106155437,5340807.622185579,30243.390243902442,1587073.130286283,5340718.151142432,31218.9512195122,1586730.2899728483,5339776.205122792,31218.9512195122
1587121.6406076308,5341233.859673826,30731.170731707323,3.770320936671737,1586827.3106155437,5340807.622185579,30243.390243902442,1587170.1509289786,5341749.56820522,30243.390243902442,1587415.970599718,5341660.097162073,31218.9512195122,1587073.130286283,5340718.151142432,31218.9512195122
1587464.4809210657,5342175.805693467,30731.170731707323,3.6877483078666433,1587170.1509289786,5341749.56820522,30243.390243902442,1587512.9912424134,5342691.514224861,30243.390243902442,1587758.8109131528,5342602.043181715,31218.9512195122,1587415.970599718,5341660.097162073,31218.9512195122
1587807.3212345005,5343117.751713108,30731.170731707323,3.3398018618119854,1587512.9912424134,5342691.514224861,30243.390243902442,1587855.8315558482,5343633.460244501,30243.390243902442,1588101.6512265876,5343543.989201356,31218.9512195122,1587758.8109131528,5342602.043181715,31218.9512195122
1588150.1615479353,5344059.697732748,30731.170731707323,2.986329744243172,1587855.8315558482,5343633.460244501,30243.390243902442,1588198.6718692828,5344575.406264143,30243.390243902442,1588444.4915400224,5344485.935220996,31218.9512195122,1588101.6512265876,5343543.989201356,31218.9512195122
1588493.0018613702,5345001.64375239,30731.170731707323,4.014785013261844,1588198.6718692828,5344575.406264143,30243.390243902442,1588541.5121827177,5345517.352283783,30243.390243902442,1588787.3318534573,5345427.881240637,31218.9512195122,1588444.4915400224,5344485.935220996,31218.9512195122
1588835.842174805,5345943.589772031,30731.170731707323,4.377194850883503,1588541.5121827177,5345517.352283783,30243.390243902442,1588884.3524961525,5346459.298303424,30243.390243902442,1589130.1721668919,5346369.827260278,31218.9512195122,1588787.3318534573,5345427.881240637,31218.9512195122
1589178.6824882396,5346885.535791671,30731.170731707323,3.5274237036223894,1588884.3524961525,5346459.298303424,30243.390243902442,1589227.1928095873,5347401.244323065,30243.390243902442,1589473.012480327,5347311.773279918,31218.9512195122,1589130.1721668919,5346369.827260278,31218.9512195122
1589521.5228016747,5347827.481811312,30731.170731707323,3.0537969625148524,1589227.1928095873,5347401.244323065,30243.390243902442,1589570.0331230222,5348343.190342707,30243.390243902442,1589815.8527937618,5348253.7192995595,31218.9512195122,1589473.012480327,5347311.773279918,31218.9512195122
1589864.3631151095,5348769.427830954,30731.170731707323,3.2663663592778054,1589570.0331230222,5348343.190342707,30243.390243902442,1589912.873436457,5349285.136362347,30243.390243902442,1590158.6931071966,5349195.6653192,31218.9512195122,1589815.8527937618,5348253.7192995595,31218.9512195122
1590207.2034285443,5349711.373850594,30731.170731707323,2.7378872907884917,1589912.873436457,5349285.136362347,30243.390243902442,1590255.7137498918,5350227.082381987,30243.390243902442,1590501.5334206312,5350137.611338842,31218.9512195122,1590158.6931071966,5349195.6653192,31218.9512195122
1590550.043741979,5350653.3198702345,30731.170731707323,2.333024874721479,1590255.7137498918,5350227.082381987,30243.390243902442,1590598.5540633267,5351169.028401628,30243.390243902442,1590844.373734066,5351079.557358482,31218.9512195122,1590501.5334206312,5350137.611338842,31218.9512195122
1590892.8840554135,5351595.265889876,30731.170731707323,2.7895289320476526,1590598.5540633267,5351169.028401628,30243.390243902442,1590941.3943767613,5352110.974421269,30243.390243902442,1591187.2140475009,5352021.503378123,31218.9512195122,1590844.373734066,5351079.557358482,31218.9512195122
1591235.7243688484,5352537.211909517,30731.170731707323,3.4233722917891973,1590941.3943767613,5352110.974421269,30243.390243902442,1591284.234690196,5353052.92044091,30243.390243902442,1591530.0543609357,5352963.449397764,31218.9512195122,1591187.2140475009,5352021.503378123,31218.9512195122
1591578.5646822832,5353479.157929158,30731.170731707323,3.172682246277485,1591284.234690196,5353052.92044091,30243.390243902442,1591627.075003631,5353994.866460551,30243.390243902442,1591872.8946743703,5353905.395417405,31218.9512195122,1591530.0543609357,5352963.449397764,31218.9512195122
1591921.404995718,5354421.103948798,30731.170731707323,3.4765844015821656,1591627.075003631,5353994.866460551,30243.390243902442,1591969.915317066,5354936.812480193,30243.390243902442,1592215.7349878054,5354847.3414370455,31218.9512195122,1591872.8946743703,5353905.395417405,31218.9512195122
1592264.245309153,5355363.049968438,30731.170731707323,3.0630147908479053,1591969.915317066,5354936.812480193,30243.390243902442,1592312.7556305008,5355878.758499833,30243.390243902442,1592558.5753012402,5355789.287456687,31218.9512195122,1592215.7349878054,5354847.3414370455,31218.9512195122
1592607.085622588,5356304.99598808,30731.170731707323,3.2685751272246284,1592312.7556305008,5355878.758499833,30243.390243902442,1592655.5959439354,5356820.704519474,30243.390243902442,1592901.415614675,5356731.233476328,31218.9512195122,1592558.5753012402,5355789.287456687,31218.9512195122
1592949.9259360228,5357246.942007721,30731.170731707323,3.590539559433597,1592655.5959439354,5356820.704519474,30243.390243902442,1592998.4362573703,5357762.650539114,30243.390243902442,1593244.2559281099,5357673.179495969,31218.9512195122,1592901.415614675,5356731.233476328,31218.9512195122
1593292.7662494574,5358188.888027362,30731.170731707323,3.7897680885211704,1592998.4362573703,5357762.650539114,30243.390243902442,1593341.276570805,5358704.596558756,30243.390243902442,1593587.0962415445,5358615.125515609,31218.9512195122,1593244.2559281099,5357673.179495969,31218.9512195122
1593635.6065628922,5359130.834047004,30731.170731707323,3.5552899611386626,1593341.276570805,5358704.596558756,30243.390243902442,1593684.11688424,5359646.542578396,30243.390243902442,1593929.9365549793,5359557.07153525,31218.9512195122,1593587.0962415445,5358615.125515609,31218.9512195122
1593978.446876327,5360072.780066644,30731.170731707323,3.203073264446708,1593684.11688424,5359646.542578396,30243.390243902442,1594026.9571976746,5360588.4885980375,30243.390243902442,1594272.7768684141,5360499.017554891,31218.9512195122,1593929.9365549793,5359557.07153525,31218.9512195122
1594321.2871897619,5361014.726086285,30731.170731707323,3.636913804777002,1594026.9571976746,5360588.4885980375,30243.390243902442,1594369.7975111094,5361530.434617678,30243.390243902442,1594615.617181849,5361440.963574532,31218.9512195122,1594272.7768684141,5360499.017554891,31218.9512195122
1594664.1275031967,5361956.672105925,30731.170731707323,3.479810763103302,1594369.7975111094,5361530.434617678,30243.390243902442,1594712.6378245445,5362472.38063732,30243.390243902442,1594958.4574952838,5362382.909594173,31218.9512195122,1594615.617181849,5361440.963574532,31218.9512195122
1595006.9678166315,5362898.618125566,30731.170731707323,3.240389960016084,1594712.6378245445,5362472.38063732,30243.390243902442,1595055.4781379793,5363414.32665696,30243.390243902442,1595301.2978087186,5363324.855613813,31218.9512195122,1594958.4574952838,5362382.909594173,31218.9512195122
1595349.8081300664,5363840.564145207,30731.170731707323,2.4652724214138417,1595055.4781379793,5363414.32665696,30243.390243902442,1595398.3184514141,5364356.272676601,30243.390243902442,1595644.1381221535,5364266.801633455,31218.9512195122,1595301.2978087186,5363324.855613813,31218.9512195122
1595692.6484435012,5364782.5101648485,30731.170731707323,2.0168398907629665,1595398.3184514141,5364356.272676601,30243.390243902442,1595741.1587648487,5365298.218696242,30243.390243902442,1595986.9784355883,5365208.747653095,31218.9512195122,1595644.1381221535,5364266.801633455,31218.9512195122
1596035.488756936,5365724.456184489,30731.170731707323,2.121832323733586,1595741.1587648487,5365298.218696242,30243.390243902442,1596083.9990782836,5366240.164715882,30243.390243902442,1596329.818749023,5366150.693672736,31218.9512195122,1595986.9784355883,5365208.747653095,31218.9512195122
1596378.3290703706,5366666.40220413,30731.170731707323,2.1696806778960034,1596083.9990782836,5366240.164715882,30243.390243902442,1596426.8393917184,5367182.1107355235,30243.390243902442,1596672.6590624577,5367092.639692377,31218.9512195122,1596329.818749023,5366150.693672736,31218.9512195122
1596721.1693838055,5367608.348223771,30731.170731707323,2.167837801897734,1596426.8393917184,5367182.1107355235,30243.390243902442,1596769.6797051532,5368124.056755164,30243.390243902442,1597015.4993758926,5368034.585712018,31218.9512195122,1596672.6590624577,5367092.639692377,31218.9512195122
1597064.00969724,5368550.294243411,30731.170731707323,2.397830176375409,1596769.6797051532,5368124.056755164,30243.390243902442,1597112.5200185878,5369066.002774806,30243.390243902442,1597358.3396893276,5368976.531731659,31218.9512195122,1597015.4993758926,5368034.585712018,31218.9512195122
1597406.8500106751,5369492.240263052,30731.170731707323,2.646357280193073,1597112.5200185878,5369066.002774806,30243.390243902442,1597455.360332023,5370007.948794446,30243.390243902442,1597701.1800027625,5369918.4777513,31218.9512195122,1597358.3396893276,5368976.531731659,31218.9512195122
1597749.69032411,5370434.186282693,30731.170731707323,2.2099178360395015,1597455.360332023,5370007.948794446,30243.390243902442,1597798.2006454577,5370949.894814087,30243.390243902442,1598044.020316197,5370860.423770941,31218.9512195122,1597701.1800027625,5369918.4777513,31218.9512195122
1598092.5306375448,5371376.132302334,30731.170731707323,2.0115752783630865,1597798.2006454577,5370949.894814087,30243.390243902442,1598141.0409588926,5371891.840833727,30243.390243902442,1598386.860629632,5371802.369790582,31218.9512195122,1598044.020316197,5370860.423770941,31218.9512195122
1598435.3709509796,5372318.078321975,30731.170731707323,1.7508371770428215,1598141.0409588926,5371891.840833727,30243.390243902442,1598483.8812723272,5372833.786853369,30243.390243902442,1598729.7009430667,5372744.315810222,31218.9512195122,1598386.860629632,5371802.369790582,31218.9512195122
1598778.2112644142,5373260.024341617,30731.170731707323,1.514181829530122,1598483.8812723272,5372833.786853369,30243.390243902442,1598826.721585762,5373775.7328730095,30243.390243902442,1599072.5412565016,5373686.261829863,31218.9512195122,1598729.7009430667,5372744.315810222,31218.9512195122
1599121.051577849,5374201.970361257,30731.170731707323,1.6370314034256979,1598826.721585762,5373775.7328730095,30243.390243902442,1599169.5618991968,5374717.678892651,30243.390243902442,1599415.3815699362,5374628.207849504,31218.9512195122,1599072.5412565016,5373686.261829863,31218.9512195122
1599463.891891284,5375143.916380898,30731.170731707323,1.5621996439871983,1599169.5618991968,5374717.678892651,30243.390243902442,1599512.4022126317,5375659.624912291,30243.390243902442,1599758.221883371,5375570.153869146,31218.9512195122,1599415.3815699362,5374628.207849504,31218.9512195122
1599806.7322047187,5376085.862400538,30731.170731707323,1.192426054672512,1599512.4022126317,5375659.624912291,30243.390243902442,1599855.2425260665,5376601.570931933,30243.390243902442,1600101.062196806,5376512.099888786,31218.9512195122,1599758.221883371,5375570.153869146,31218.9512195122
1600149.5725181538,5377027.80842018,30731.170731707323,1.3954299904340248,1599855.2425260665,5376601.570931933,30243.390243902442,1600198.0828395016,5377543.516951573,30243.390243902442,1600443.902510241,5377454.045908428,31218.9512195122,1600101.062196806,5376512.099888786,31218.9512195122
1600492.4128315886,5377969.754439821,30731.170731707323,1.7483529021811395,1600198.0828395016,5377543.516951573,30243.390243902442,1600540.9231529362,5378485.462971214,30243.390243902442,1600786.7428236757,5378395.991928068,31218.9512195122,1600443.902510241,5377454.045908428,31218.9512195122
1600835.2531450235,5378911.700459461,30731.170731707323,1.7816541878660859,1600540.9231529362,5378485.462971214,30243.390243902442,1600883.763466371,5379427.408990855,30243.390243902442,1601129.5831371106,5379337.937947709,31218.9512195122,1600786.7428236757,5378395.991928068,31218.9512195122
1601178.0934584583,5379853.646479102,30731.170731707323,1.8403899770890777,1600883.763466371,5379427.408990855,30243.390243902442,1601226.6037798058,5380369.355010496,30243.390243902442,1601472.4234505452,5380279.883967349,31218.9512195122,1601129.5831371106,5379337.937947709,31218.9512195122
1601520.933771893,5380795.592498744,30731.170731707323,1.6379545523232608,1601226.6037798058,5380369.355010496,30243.390243902442,1601569.4440932407,5381311.301030137,30243.390243902442,1601815.26376398,5381221.829986991,31218.9512195122,1601472.4234505452,5380279.883967349,31218.9512195122
1549997.8661139756,5238472.2724898225,31706.731707317074,4.6038837497688805,1549703.5361218886,5238046.035001576,31218.9512195122,1550046.3764353234,5238987.981021217,31218.9512195122,1550292.196106063,5238898.50997807,32194.51219512195,1549949.355792628,5237956.56395843,32194.51219512195
1550340.7064274105,5239414.2185094645,31706.731707317074,4.883709399913355,1550046.3764353234,5238987.981021217,31218.9512195122,1550389.2167487582,5239929.927040857,31218.9512195122,1550635.0364194976,5239840.455997712,32194.51219512195,1550292.196106063,5238898.50997807,32194.51219512195
1550683.5467408453,5240356.164529105,31706.731707317074,4.363025095274816,1550389.2167487582,5239929.927040857,31218.9512195122,1550732.057062193,5240871.873060498,31218.9512195122,1550977.8767329324,5240782.402017352,32194.51219512195,1550635.0364194976,5239840.455997712,32194.51219512195
1551026.3870542801,5241298.110548746,31706.731707317074,3.8630592516181004,1550732.057062193,5240871.873060498,31218.9512195122,1551074.897375628,5241813.8190801395,31218.9512195122,1551320.7170463672,5241724.348036993,32194.51219512195,1550977.8767329324,5240782.402017352,32194.51219512195
1551369.227367715,5242240.056568387,31706.731707317074,3.5808901646453473,1551074.897375628,5241813.8190801395,31218.9512195122,1551417.7376890625,5242755.765099781,31218.9512195122,1551663.557359802,5242666.2940566335,32194.51219512195,1551320.7170463672,5241724.348036993,32194.51219512195
1551712.0676811498,5243182.002588028,31706.731707317074,2.952938092641301,1551417.7376890625,5242755.765099781,31218.9512195122,1551760.5780024973,5243697.711119421,31218.9512195122,1552006.397673237,5243608.240076275,32194.51219512195,1551663.557359802,5242666.2940566335,32194.51219512195
1552054.9079945846,5244123.948607668,31706.731707317074,2.9189281713363973,1551760.5780024973,5243697.711119421,31218.9512195122,1552103.4183159322,5244639.657139062,31218.9512195122,1552349.2379866715,5244550.186095916,32194.51219512195,1552006.397673237,5243608.240076275,32194.51219512195
1552397.7483080192,5245065.8946273085,31706.731707317074,3.164281342776296,1552103.4183159322,5244639.657139062,31218.9512195122,1552446.258629367,5245581.603158703,31218.9512195122,1552692.0783001066,5245492.132115556,32194.51219512195,1552349.2379866715,5244550.186095916,32194.51219512195
1552740.5886214543,5246007.84064695,31706.731707317074,3.238699077390146,1552446.258629367,5245581.603158703,31218.9512195122,1552789.0989428018,5246523.549178343,31218.9512195122,1553034.9186135414,5246434.078135198,32194.51219512195,1552692.0783001066,5245492.132115556,32194.51219512195
1553083.4289348891,5246949.786666591,31706.731707317074,3.829351777960248,1552789.0989428018,5246523.549178343,31218.9512195122,1553131.9392562367,5247465.495197984,31218.9512195122,1553377.7589269762,5247376.024154838,32194.51219512195,1553034.9186135414,5246434.078135198,32194.51219512195
1553426.269248324,5247891.732686232,31706.731707317074,4.243507406288509,1553131.9392562367,5247465.495197984,31218.9512195122,1553474.7795696715,5248407.4412176255,31218.9512195122,1553720.5992404108,5248317.970174479,32194.51219512195,1553377.7589269762,5247376.024154838,32194.51219512195
1553769.1095617586,5248833.678705872,31706.731707317074,4.071001236387531,1553474.7795696715,5248407.4412176255,31218.9512195122,1553817.6198831063,5249349.387237267,31218.9512195122,1554063.4395538457,5249259.9161941195,32194.51219512195,1553720.5992404108,5248317.970174479,32194.51219512195
1554111.9498751934,5249775.624725514,31706.731707317074,3.5076548374611756,1553817.6198831063,5249349.387237267,31218.9512195122,1554160.4601965412,5250291.333256907,31218.9512195122,1554406.2798672805,5250201.862213762,32194.51219512195,1554063.4395538457,5249259.9161941195,32194.51219512195
1554454.790188628,5250717.570745154,31706.731707317074,2.4819894586714275,1554160.4601965412,5250291.333256907,31218.9512195122,1554503.3005099758,5251233.279276548,31218.9512195122,1554749.1201807153,5251143.808233402,32194.51219512195,1554406.2798672805,5250201.862213762,32194.51219512195
1554797.6305020628,5251659.516764795,31706.731707317074,2.7122730073576435,1554503.3005099758,5251233.279276548,31218.9512195122,1554846.1408234106,5252175.225296189,31218.9512195122,1555091.96049415,5252085.754253043,32194.51219512195,1554749.1201807153,5251143.808233402,32194.51219512195
1555140.4708154977,5252601.4627844365,31706.731707317074,3.695340872062525,1554846.1408234106,5252175.225296189,31218.9512195122,1555188.9811368454,5253117.17131583,31218.9512195122,1555434.800807585,5253027.700272683,32194.51219512195,1555091.96049415,5252085.754253043,32194.51219512195
1555483.3111289327,5253543.408804077,31706.731707317074,3.104060216129207,1555188.9811368454,5253117.17131583,31218.9512195122,1555531.8214502805,5254059.11733547,31218.9512195122,1555777.6411210198,5253969.646292325,32194.51219512195,1555434.800807585,5253027.700272683,32194.51219512195
1555826.1514423676,5254485.354823718,31706.731707317074,2.6281845503723256,1555531.8214502805,5254059.11733547,31218.9512195122,1555874.6617637153,5255001.0633551115,31218.9512195122,1556120.4814344547,5254911.592311965,32194.51219512195,1555777.6411210198,5253969.646292325,32194.51219512195
1556168.9917558024,5255427.300843359,31706.731707317074,2.404884995456282,1555874.6617637153,5255001.0633551115,31218.9512195122,1556217.50207715,5255943.009374753,31218.9512195122,1556463.3217478895,5255853.538331606,32194.51219512195,1556120.4814344547,5254911.592311965,32194.51219512195
1556511.8320692373,5256369.246863,31706.731707317074,2.6810215952048106,1556217.50207715,5255943.009374753,31218.9512195122,1556560.3423905848,5256884.955394394,31218.9512195122,1556806.1620613243,5256795.484351247,32194.51219512195,1556463.3217478895,5255853.538331606,32194.51219512195
1556854.6723826719,5257311.192882641,31706.731707317074,3.345170725266836,1556560.3423905848,5256884.955394394,31218.9512195122,1556903.1827040196,5257826.901414034,31218.9512195122,1557149.002374759,5257737.430370889,32194.51219512195,1556806.1620613243,5256795.484351247,32194.51219512195
1557197.5126961067,5258253.138902281,31706.731707317074,3.2795774890825498,1556903.1827040196,5257826.901414034,31218.9512195122,1557246.0230174544,5258768.847433675,31218.9512195122,1557491.8426881938,5258679.376390529,32194.51219512195,1557149.002374759,5257737.430370889,32194.51219512195
1557540.3530095415,5259195.084921923,31706.731707317074,3.0042423809536856,1557246.0230174544,5258768.847433675,31218.9512195122,1557588.8633308893,5259710.793453316,31218.9512195122,1557834.6830016286,5259621.32241017,32194.51219512195,1557491.8426881938,5258679.376390529,32194.51219512195
1557883.1933229764,5260137.030941564,31706.731707317074,3.353614033840523,1557588.8633308893,5259710.793453316,31218.9512195122,1557931.703644324,5260652.739472957,31218.9512195122,1558177.5233150637,5260563.268429811,32194.51219512195,1557834.6830016286,5259621.32241017,32194.51219512195
1558226.0336364112,5261078.976961204,31706.731707317074,4.062335169704161,1557931.703644324,5260652.739472957,31218.9512195122,1558274.543957759,5261594.6854925975,31218.9512195122,1558520.3636284983,5261505.214449452,32194.51219512195,1558177.5233150637,5260563.268429811,32194.51219512195
1558568.873949846,5262020.922980845,31706.731707317074,3.9720788213882257,1558274.543957759,5261594.6854925975,31218.9512195122,1558617.3842711938,5262536.63151224,31218.9512195122,1558863.203941933,5262447.160469092,32194.51219512195,1558520.3636284983,5261505.214449452,32194.51219512195
1558911.7142632809,5262962.869000486,31706.731707317074,4.398245323658724,1558617.3842711938,5262536.63151224,31218.9512195122,1558960.2245846286,5263478.57753188,31218.9512195122,1559206.044255368,5263389.106488734,32194.51219512195,1558863.203941933,5262447.160469092,32194.51219512195
1559254.5545767157,5263904.815020127,31706.731707317074,3.868187330305457,1558960.2245846286,5263478.57753188,31218.9512195122,1559303.0648980632,5264420.523551521,31218.9512195122,1559548.8845688028,5264331.052508375,32194.51219512195,1559206.044255368,5263389.106488734,32194.51219512195
1559597.3948901505,5264846.761039767,31706.731707317074,2.1920425520643563,1559303.0648980632,5264420.523551521,31218.9512195122,1559645.905211498,5265362.469571161,31218.9512195122,1559891.7248822376,5265272.998528015,32194.51219512195,1559548.8845688028,5264331.052508375,32194.51219512195
1559940.2352035854,5265788.707059409,31706.731707317074,1.8979514037754273,1559645.905211498,5265362.469571161,31218.9512195122,1559988.7455249329,5266304.415590803,31218.9512195122,1560234.5651956722,5266214.944547656,32194.51219512195,1559891.7248822376,5265272.998528015,32194.51219512195
1560283.07551702,5266730.653079051,31706.731707317074,1.8464974392614182,1559988.7455249329,5266304.415590803,31218.9512195122,1560331.5858383677,5267246.361610443,31218.9512195122,1560577.4055091073,5267156.890567296,32194.51219512195,1560234.5651956722,5266214.944547656,32194.51219512195
1560625.9158304548,5267672.599098691,31706.731707317074,1.3635860283070795,1560331.5858383677,5267246.361610443,31218.9512195122,1560674.4261518025,5268188.3076300835,31218.9512195122,1560920.245822542,5268098.836586938,32194.51219512195,1560577.4055091073,5267156.890567296,32194.51219512195
1560968.7561438896,5268614.545118331,31706.731707317074,1.1840075853540466,1560674.4261518025,5268188.3076300835,31218.9512195122,1561017.2664652374,5269130.253649725,31218.9512195122,1561263.086135977,5269040.782606578,32194.51219512195,1560920.245822542,5268098.836586938,32194.51219512195
1561311.5964573245,5269556.491137971,31706.731707317074,1.1936621980412352,1561017.2664652374,5269130.253649725,31218.9512195122,1561360.1067786722,5270072.199669366,31218.9512195122,1561605.9264494115,5269982.72862622,32194.51219512195,1561263.086135977,5269040.782606578,32194.51219512195
1561654.4367707593,5270498.437157613,31706.731707317074,0.9810392477976215,1561360.1067786722,5270072.199669366,31218.9512195122,1561702.947092107,5271014.145689007,31218.9512195122,1561948.7667628464,5270924.674645861,32194.51219512195,1561605.9264494115,5269982.72862622,32194.51219512195
1561997.2770841941,5271440.383177254,31706.731707317074,0.830790802221823,1561702.947092107,5271014.145689007,31218.9512195122,1562045.7874055419,5271956.091708647,31218.9512195122,1562291.6070762812,5271866.620665502,32194.51219512195,1561948.7667628464,5270924.674645861,32194.51219512195
1562340.117397629,5272382.329196895,31706.731707317074,0.7387264883033352,1562045.7874055419,5271956.091708647,31218.9512195122,1562388.6277189765,5272898.037728289,31218.9512195122,1562634.447389716,5272808.566685142,32194.51219512195,1562291.6070762812,5271866.620665502,32194.51219512195
1562682.9577110636,5273324.275216536,31706.731707317074,0.6394858682842585,1562388.6277189765,5272898.037728289,31218.9512195122,1562731.4680324113,5273839.983747929,31218.9512195122,1562977.2877031507,5273750.512704783,32194.51219512195,1562634.447389716,5272808.566685142,32194.51219512195
1563025.7980244984,5274266.221236177,31706.731707317074,0.49493874476994154,1562731.4680324113,5273839.983747929,31218.9512195122,1563074.3083458461,5274781.92976757,31218.9512195122,1563320.1280165857,5274692.458724424,32194.51219512195,1562977.2877031507,5273750.512704783,32194.51219512195
1563368.6383379335,5275208.167255818,31706.731707317074,0.5159301227583462,1563074.3083458461,5274781.92976757,31218.9512195122,1563417.1486592812,5275723.875787211,31218.9512195122,1563662.9683300206,5275634.404744065,32194.51219512195,1563320.1280165857,5274692.458724424,32194.51219512195
1563711.4786513683,5276150.113275458,31706.731707317074,0.6043432504025571,1563417.1486592812,5275723.875787211,31218.9512195122,1563759.9889727158,5276665.821806853,31218.9512195122,1564005.8086434554,5276576.350763706,32194.51219512195,1563662.9683300206,5275634.404744065,32194.51219512195
1564054.3189648031,5277092.059295099,31706.731707317074,0.6079881848894862,1563759.9889727158,5276665.821806853,31218.9512195122,1564102.8292861506,5277607.767826493,31218.9512195122,1564348.6489568902,5277518.296783347,32194.51219512195,1564005.8086434554,5276576.350763706,32194.51219512195
1564397.159278238,5278034.00531474,31706.731707317074,0.49634155792761836,1564102.8292861506,5277607.767826493,31218.9512195122,1564445.6695995855,5278549.713846134,31218.9512195122,1564691.4892703248,5278460.242802988,32194.51219512195,1564348.6489568902,5277518.296783347,32194.51219512195
1564739.9995916726,5278975.9513343815,31706.731707317074,0.4052028681625648,1564445.6695995855,5278549.713846134,31218.9512195122,1564788.5099130203,5279491.659865774,31218.9512195122,1565034.3295837597,5279402.188822629,32194.51219512195,1564691.4892703248,5278460.242802988,32194.51219512195
1565082.8399051074,5279917.897354022,31706.731707317074,0.3610260689329315,1564788.5099130203,5279491.659865774,31218.9512195122,1565131.350226455,5280433.605885416,31218.9512195122,1565377.1698971945,5280344.134842269,32194.51219512195,1565034.3295837597,5279402.188822629,32194.51219512195
1565425.6802185422,5280859.843373663,31706.731707317074,0.252988121716971,1565131.350226455,5280433.605885416,31218.9512195122,1565474.1905398897,5281375.551905056,31218.9512195122,1565720.0102106293,5281286.08086191,32194.51219512195,1565377.1698971945,5280344.134842269,32194.51219512195
1565768.520531977,5281801.789393304,31706.731707317074,0.21446825787623883,1565474.1905398897,5281375.551905056,31218.9512195122,1565817.0308533248,5282317.497924697,31218.9512195122,1566062.8505240642,5282228.026881551,32194.51219512195,1565720.0102106293,5281286.08086191,32194.51219512195
1566111.360845412,5282743.735412945,31706.731707317074,0.12985282137976664,1565817.0308533248,5282317.497924697,31218.9512195122,1566159.8711667596,5283259.443944339,31218.9512195122,1566405.6908374992,5283169.9729011925,32194.51219512195,1566062.8505240642,5282228.026881551,32194.51219512195
1566454.201158847,5283685.681432585,31706.731707317074,0.09725063183831534,1566159.8711667596,5283259.443944339,31218.9512195122,1566502.7114801945,5284201.38996398,31218.9512195122,1566748.5311509338,5284111.918920833,32194.51219512195,1566405.6908374992,5283169.9729011925,32194.51219512195
1566797.0414722816,5284627.627452226,31706.731707317074,0.07108508677273546,1566502.7114801945,5284201.38996398,31218.9512195122,1566845.5517936293,5285143.33598362,31218.9512195122,1567091.3714643687,5285053.864940475,32194.51219512195,1566748.5311509338,5284111.918920833,32194.51219512195
1567139.8817857162,5285569.5734718675,31706.731707317074,0.07055330787255534,1566845.5517936293,5285143.33598362,31218.9512195122,1567188.392107064,5286085.282003261,31218.9512195122,1567434.2117778035,5285995.810960115,32194.51219512195,1567091.3714643687,5285053.864940475,32194.51219512195
1567482.722099151,5286511.519491509,31706.731707317074,0.08925925081534102,1567188.392107064,5286085.282003261,31218.9512195122,1567531.2324204987,5287027.228022902,31218.9512195122,1567777.0520912383,5286937.756979755,32194.51219512195,1567434.2117778035,5285995.810960115,32194.51219512195
1567825.5624125858,5287453.465511149,31706.731707317074,0.18445915141437208,1567531.2324204987,5287027.228022902,31218.9512195122,1567874.0727339336,5287969.174042543,31218.9512195122,1568119.892404673,5287879.702999396,32194.51219512195,1567777.0520912383,5286937.756979755,32194.51219512195
1568168.4027260207,5288395.41153079,31706.731707317074,0.23089406081439254,1567874.0727339336,5287969.174042543,31218.9512195122,1568216.9130473684,5288911.120062184,31218.9512195122,1568462.7327181078,5288821.649019037,32194.51219512195,1568119.892404673,5287879.702999396,32194.51219512195
1568511.2430394557,5289337.357550431,31706.731707317074,0.3206995434618854,1568216.9130473684,5288911.120062184,31218.9512195122,1568559.7533608032,5289853.066081824,31218.9512195122,1568805.5730315428,5289763.5950386785,32194.51219512195,1568462.7327181078,5288821.649019037,32194.51219512195
1568854.0833528906,5290279.303570071,31706.731707317074,0.3824882342574334,1568559.7533608032,5289853.066081824,31218.9512195122,1568902.593674238,5290795.012101466,31218.9512195122,1569148.4133449777,5290705.541058319,32194.51219512195,1568805.5730315428,5289763.5950386785,32194.51219512195
1569196.9236663252,5291221.249589713,31706.731707317074,0.36814674928798863,1568902.593674238,5290795.012101466,31218.9512195122,1569245.433987673,5291736.958121106,31218.9512195122,1569491.2536584123,5291647.48707796,32194.51219512195,1569148.4133449777,5290705.541058319,32194.51219512195
1569539.76397976,5292163.1956093535,31706.731707317074,0.3666072388161731,1569245.433987673,5291736.958121106,31218.9512195122,1569588.2743011077,5292678.904140747,31218.9512195122,1569834.093971847,5292589.433097601,32194.51219512195,1569491.2536584123,5291647.48707796,32194.51219512195
1569882.6042931948,5293105.141628994,31706.731707317074,0.34778287078280834,1569588.2743011077,5292678.904140747,31218.9512195122,1569931.1146145426,5293620.850160388,31218.9512195122,1570176.934285282,5293531.379117242,32194.51219512195,1569834.093971847,5292589.433097601,32194.51219512195
1570225.4446066297,5294047.087648635,31706.731707317074,0.33358509104710166,1569931.1146145426,5293620.850160388,31218.9512195122,1570273.9549279772,5294562.796180029,31218.9512195122,1570519.7745987168,5294473.325136882,32194.51219512195,1570176.934285282,5293531.379117242,32194.51219512195
1570568.2849200645,5294989.033668277,31706.731707317074,0.3176916032757699,1570273.9549279772,5294562.796180029,31218.9512195122,1570616.795241412,5295504.74219967,31218.9512195122,1570862.6149121516,5295415.271156524,32194.51219512195,1570519.7745987168,5294473.325136882,32194.51219512195
1570911.125233499,5295930.979687917,31706.731707317074,0.2230590849760853,1570616.795241412,5295504.74219967,31218.9512195122,1570959.6355548468,5296446.688219311,31218.9512195122,1571205.4552255864,5296357.2171761645,32194.51219512195,1570862.6149121516,5295415.271156524,32194.51219512195
1571253.9655469342,5296872.925707558,31706.731707317074,0.18040763086452016,1570959.6355548468,5296446.688219311,31218.9512195122,1571302.475868282,5297388.634238952,31218.9512195122,1571548.2955390213,5297299.163195806,32194.51219512195,1571205.4552255864,5296357.2171761645,32194.51219512195
1571596.805860369,5297814.871727198,31706.731707317074,0.23980837434985677,1571302.475868282,5297388.634238952,31218.9512195122,1571645.3161817165,5298330.580258593,31218.9512195122,1571891.135852456,5298241.109215446,32194.51219512195,1571548.2955390213,5297299.163195806,32194.51219512195
1571939.6461738038,5298756.81774684,31706.731707317074,0.2817070136865895,1571645.3161817165,5298330.580258593,31218.9512195122,1571988.1564951513,5299272.526278233,31218.9512195122,1572233.976165891,5299183.055235088,32194.51219512195,1571891.135852456,5298241.109215446,32194.51219512195
1572282.4864872387,5299698.763766481,31706.731707317074,0.2487157692620373,1571988.1564951513,5299272.526278233,31218.9512195122,1572330.9968085862,5300214.472297874,31218.9512195122,1572576.8164793255,5300125.001254728,32194.51219512195,1572233.976165891,5299183.055235088,32194.51219512195
1572625.3268006733,5300640.709786121,31706.731707317074,0.16649310392204902,1572330.9968085862,5300214.472297874,31218.9512195122,1572673.837122021,5301156.418317515,31218.9512195122,1572919.6567927604,5301066.947274368,32194.51219512195,1572576.8164793255,5300125.001254728,32194.51219512195
1572968.1671141079,5301582.655805763,31706.731707317074,0.1028665576686312,1572673.837122021,5301156.418317515,31218.9512195122,1573016.6774354556,5302098.3643371565,31218.9512195122,1573262.4971061952,5302008.893294009,32194.51219512195,1572919.6567927604,5301066.947274368,32194.51219512195
1573311.0074275427,5302524.601825404,31706.731707317074,0.10498872960848254,1573016.6774354556,5302098.3643371565,31218.9512195122,1573359.5177488904,5303040.310356797,31218.9512195122,1573605.33741963,5302950.8393136505,32194.51219512195,1573262.4971061952,5302008.893294009,32194.51219512195
1573653.8477409775,5303466.547845044,31706.731707317074,0.09213117447034459,1573359.5177488904,5303040.310356797,31218.9512195122,1573702.3580623255,5303982.256376437,31218.9512195122,1573948.1777330649,5303892.785333292,32194.51219512195,1573605.33741963,5302950.8393136505,32194.51219512195
1573996.6880544126,5304408.493864684,31706.731707317074,0.12262202011085624,1573702.3580623255,5303982.256376437,31218.9512195122,1574045.1983757603,5304924.202396079,31218.9512195122,1574291.0180464997,5304834.731352932,32194.51219512195,1573948.1777330649,5303892.785333292,32194.51219512195
1574339.5283678474,5305350.439884326,31706.731707317074,0.11883597252966592,1574045.1983757603,5304924.202396079,31218.9512195122,1574388.0386891952,5305866.148415719,31218.9512195122,1574633.8583599345,5305776.677372574,32194.51219512195,1574291.0180464997,5304834.731352932,32194.51219512195
1574682.3686812823,5306292.385903967,31706.731707317074,0.2207282752727295,1574388.0386891952,5305866.148415719,31218.9512195122,1574730.8790026298,5306808.09443536,31218.9512195122,1574976.6986733694,5306718.623392214,32194.51219512195,1574633.8583599345,5305776.677372574,32194.51219512195
1575025.2089947169,5307234.331923608,31706.731707317074,0.32896654632563604,1574730.8790026298,5306808.09443536,31218.9512195122,1575073.7193160646,5307750.040455001,31218.9512195122,1575319.5389868042,5307660.569411855,32194.51219512195,1574976.6986733694,5306718.623392214,32194.51219512195
1575368.0493081517,5308176.277943248,31706.731707317074,0.2359658160669067,1575073.7193160646,5307750.040455001,31218.9512195122,1575416.5596294994,5308691.9864746425,31218.9512195122,1575662.3793002388,5308602.515431495,32194.51219512195,1575319.5389868042,5307660.569411855,32194.51219512195
1575710.8896215865,5309118.223962889,31706.731707317074,0.16764814550977086,1575416.5596294994,5308691.9864746425,31218.9512195122,1575759.3999429343,5309633.932494283,31218.9512195122,1576005.2196136736,5309544.461451137,32194.51219512195,1575662.3793002388,5308602.515431495,32194.51219512195
1576053.7299350214,5310060.16998253,31706.731707317074,0.14969141971415983,1575759.3999429343,5309633.932494283,31218.9512195122,1576102.2402563689,5310575.878513924,31218.9512195122,1576348.0599271085,5310486.407470778,32194.51219512195,1576005.2196136736,5309544.461451137,32194.51219512195
1576396.5702484564,5311002.116002171,31706.731707317074,0.1578668190135584,1576102.2402563689,5310575.878513924,31218.9512195122,1576445.080569804,5311517.824533565,31218.9512195122,1576690.9002405435,5311428.353490419,32194.51219512195,1576348.0599271085,5310486.407470778,32194.51219512195
1576739.4105618913,5311944.062021812,31706.731707317074,0.155996223374941,1576445.080569804,5311517.824533565,31218.9512195122,1576787.9208832388,5312459.770553206,31218.9512195122,1577033.7405539781,5312370.299510059,32194.51219512195,1576690.9002405435,5311428.353490419,32194.51219512195
1577082.2508753259,5312886.008041454,31706.731707317074,0.14524768049331363,1576787.9208832388,5312459.770553206,31218.9512195122,1577130.7611966736,5313401.716572846,31218.9512195122,1577376.580867413,5313312.245529701,32194.51219512195,1577033.7405539781,5312370.299510059,32194.51219512195
1577425.0911887607,5313827.954061094,31706.731707317074,0.22108636424256378,1577130.7611966736,5313401.716572846,31218.9512195122,1577473.6015101082,5314343.662592487,31218.9512195122,1577719.4211808478,5314254.191549341,32194.51219512195,1577376.580867413,5313312.245529701,32194.51219512195
1577767.9315021955,5314769.900080735,31706.731707317074,0.3089846004190702,1577473.6015101082,5314343.662592487,31218.9512195122,1577816.4418235433,5315285.6086121285,31218.9512195122,1578062.2614942826,5315196.137568982,32194.51219512195,1577719.4211808478,5314254.191549341,32194.51219512195
1578110.7718156304,5315711.846100376,31706.731707317074,0.41949845008038406,1577816.4418235433,5315285.6086121285,31218.9512195122,1578159.2821369779,5316227.55463177,31218.9512195122,1578405.1018077175,5316138.0835886225,32194.51219512195,1578062.2614942826,5315196.137568982,32194.51219512195
1578453.6121290652,5316653.792120016,31706.731707317074,0.36730755518468555,1578159.2821369779,5316227.55463177,31218.9512195122,1578502.1224504127,5317169.50065141,31218.9512195122,1578747.9421211523,5317080.029608265,32194.51219512195,1578405.1018077175,5316138.0835886225,32194.51219512195
1578796.4524425,5317595.738139657,31706.731707317074,0.44387252599875104,1578502.1224504127,5317169.50065141,31218.9512195122,1578844.9627638476,5318111.446671052,31218.9512195122,1579090.7824345871,5318021.975627905,32194.51219512195,1578747.9421211523,5317080.029608265,32194.51219512195
1579139.2927559349,5318537.684159298,31706.731707317074,0.529274327727472,1578844.9627638476,5318111.446671052,31218.9512195122,1579187.8030772826,5319053.392690692,31218.9512195122,1579433.622748022,5318963.921647546,32194.51219512195,1579090.7824345871,5318021.975627905,32194.51219512195
1579482.1330693695,5319479.63017894,31706.731707317074,0.5536331192975728,1579187.8030772826,5319053.392690692,31218.9512195122,1579530.6433907172,5319995.338710333,31218.9512195122,1579776.4630614568,5319905.867667187,32194.51219512195,1579433.622748022,5318963.921647546,32194.51219512195
1579824.9733828043,5320421.576198581,31706.731707317074,0.563000414293776,1579530.6433907172,5319995.338710333,31218.9512195122,1579873.483704152,5320937.284729973,31218.9512195122,1580119.3033748916,5320847.813686828,32194.51219512195,1579776.4630614568,5319905.867667187,32194.51219512195
1580167.8136962391,5321363.522218221,31706.731707317074,0.7020635222980119,1579873.483704152,5320937.284729973,31218.9512195122,1580216.324017587,5321879.2307496155,31218.9512195122,1580462.1436883262,5321789.759706468,32194.51219512195,1580119.3033748916,5320847.813686828,32194.51219512195
1580510.654009674,5322305.468237862,31706.731707317074,0.6590775227651321,1580216.324017587,5321879.2307496155,31218.9512195122,1580559.1643310217,5322821.176769256,31218.9512195122,1580804.984001761,5322731.705726109,32194.51219512195,1580462.1436883262,5321789.759706468,32194.51219512195
1580853.4943231088,5323247.414257503,31706.731707317074,0.6955446411472274,1580559.1643310217,5322821.176769256,31218.9512195122,1580902.0046444566,5323763.122788897,31218.9512195122,1581147.824315196,5323673.651745751,32194.51219512195,1580804.984001761,5322731.705726109,32194.51219512195
1581196.3346365436,5324189.360277143,31706.731707317074,0.8970161581441831,1580902.0046444566,5323763.122788897,31218.9512195122,1581244.8449578912,5324705.068808537,31218.9512195122,1581490.6646286307,5324615.597765391,32194.51219512195,1581147.824315196,5323673.651745751,32194.51219512195
1581539.1749499782,5325131.3062967835,31706.731707317074,0.8459882757287814,1581244.8449578912,5324705.068808537,31218.9512195122,1581587.6852713262,5325647.014828178,31218.9512195122,1581833.5049420656,5325557.543785032,32194.51219512195,1581490.6646286307,5324615.597765391,32194.51219512195
1581882.0152634133,5326073.252316426,31706.731707317074,0.8509707696783889,1581587.6852713262,5325647.014828178,31218.9512195122,1581930.525584761,5326588.960847819,31218.9512195122,1582176.3452555004,5326499.489804672,32194.51219512195,1581833.5049420656,5325557.543785032,32194.51219512195
1582224.8555768481,5327015.198336067,31706.731707317074,1.153951281623021,1581930.525584761,5326588.960847819,31218.9512195122,1582273.365898196,5327530.906867459,31218.9512195122,1582519.1855689352,5327441.435824314,32194.51219512195,1582176.3452555004,5326499.489804672,32194.51219512195
1582567.695890283,5327957.144355707,31706.731707317074,1.6340476070286805,1582273.365898196,5327530.906867459,31218.9512195122,1582616.2062116305,5328472.852887101,31218.9512195122,1582862.02588237,5328383.381843954,32194.51219512195,1582519.1855689352,5327441.435824314,32194.51219512195
1582910.5362037178,5328899.090375348,31706.731707317074,2.205713216435533,1582616.2062116305,5328472.852887101,31218.9512195122,1582959.0465250653,5329414.798906742,31218.9512195122,1583204.866195805,5329325.327863595,32194.51219512195,1582862.02588237,5328383.381843954,32194.51219512195
1583253.3765171524,5329841.036394989,31706.731707317074,1.8969521745640363,1582959.0465250653,5329414.798906742,31218.9512195122,1583301.8868385002,5330356.744926383,31218.9512195122,1583547.7065092395,5330267.273883237,32194.51219512195,1583204.866195805,5329325.327863595,32194.51219512195
1583596.2168305872,5330782.98241463,31706.731707317074,1.9109613601355053,1583301.8868385002,5330356.744926383,31218.9512195122,1583644.727151935,5331298.690946023,31218.9512195122,1583890.5468226743,5331209.219902878,32194.51219512195,1583547.7065092395,5330267.273883237,32194.51219512195
1583939.057144022,5331724.92843427,31706.731707317074,1.9827873732048877,1583644.727151935,5331298.690946023,31218.9512195122,1583987.5674653696,5332240.636965665,31218.9512195122,1584233.3871361092,5332151.165922518,32194.51219512195,1583890.5468226743,5331209.219902878,32194.51219512195
1584281.8974574571,5332666.874453911,31706.731707317074,2.7973110007403323,1583987.5674653696,5332240.636965665,31218.9512195122,1584330.4077788047,5333182.582985305,31218.9512195122,1584576.2274495442,5333093.111942159,32194.51219512195,1584233.3871361092,5332151.165922518,32194.51219512195
1584624.737770892,5333608.820473553,31706.731707317074,2.3828126710010893,1584330.4077788047,5333182.582985305,31218.9512195122,1584673.2480922395,5334124.529004946,31218.9512195122,1584919.0677629788,5334035.0579618,32194.51219512195,1584576.2274495442,5333093.111942159,32194.51219512195
1584967.5780843266,5334550.766493194,31706.731707317074,1.6930642683021822,1584673.2480922395,5334124.529004946,31218.9512195122,1585016.0884056743,5335066.475024587,31218.9512195122,1585261.9080764137,5334977.003981441,32194.51219512195,1584919.0677629788,5334035.0579618,32194.51219512195
1585310.4183977612,5335492.712512834,31706.731707317074,1.3902829959586218,1585016.0884056743,5335066.475024587,31218.9512195122,1585358.928719109,5336008.421044229,31218.9512195122,1585604.7483898485,5335918.950001081,32194.51219512195,1585261.9080764137,5334977.003981441,32194.51219512195
1585653.258711196,5336434.658532476,31706.731707317074,1.358337983944594,1585358.928719109,5336008.421044229,31218.9512195122,1585701.7690325438,5336950.367063869,31218.9512195122,1585947.5887032833,5336860.896020723,32194.51219512195,1585604.7483898485,5335918.950001081,32194.51219512195
1585996.0990246309,5337376.604552116,31706.731707317074,1.5547318918472943,1585701.7690325438,5336950.367063869,31218.9512195122,1586044.6093459786,5337892.31308351,31218.9512195122,1586290.429016718,5337802.842040364,32194.51219512195,1585947.5887032833,5336860.896020723,32194.51219512195
1586338.9393380657,5338318.550571757,31706.731707317074,1.6825659217636695,1586044.6093459786,5337892.31308351,31218.9512195122,1586387.4496594134,5338834.25910315,31218.9512195122,1586633.2693301528,5338744.788060004,32194.51219512195,1586290.429016718,5337802.842040364,32194.51219512195
1586681.7796515005,5339260.496591398,31706.731707317074,2.954970481650552,1586387.4496594134,5338834.25910315,31218.9512195122,1586730.2899728483,5339776.205122792,31218.9512195122,1586976.1096435878,5339686.734079645,32194.51219512195,1586633.2693301528,5338744.788060004,32194.51219512195
1587024.6199649356,5340202.442611039,31706.731707317074,4.1644861814446825,1586730.2899728483,5339776.205122792,31218.9512195122,1587073.130286283,5340718.151142432,31218.9512195122,1587318.9499570227,5340628.680099286,32194.51219512195,1586976.1096435878,5339686.734079645,32194.51219512195
1587367.4602783702,5341144.388630679,31706.731707317074,4.3774089819596576,1587073.130286283,5340718.151142432,31218.9512195122,1587415.970599718,5341660.097162073,31218.9512195122,1587661.7902704575,5341570.626118927,32194.51219512195,1587318.9499570227,5340628.680099286,32194.51219512195
1587710.300591805,5342086.334650321,31706.731707317074,4.630984401925452,1587415.970599718,5341660.097162073,31218.9512195122,1587758.8109131528,5342602.043181715,31218.9512195122,1588004.6305838923,5342512.572138568,32194.51219512195,1587661.7902704575,5341570.626118927,32194.51219512195
1588053.1409052399,5343028.280669961,31706.731707317074,4.092853950277,1587758.8109131528,5342602.043181715,31218.9512195122,1588101.6512265876,5343543.989201356,31218.9512195122,1588347.470897327,5343454.518158209,32194.51219512195,1588004.6305838923,5342512.572138568,32194.51219512195
1588395.9812186747,5343970.226689602,31706.731707317074,4.115755640388735,1588101.6512265876,5343543.989201356,31218.9512195122,1588444.4915400224,5344485.935220996,31218.9512195122,1588690.3112107618,5344396.46417785,32194.51219512195,1588347.470897327,5343454.518158209,32194.51219512195
1588738.8215321095,5344912.172709243,31706.731707317074,4.905569964753642,1588444.4915400224,5344485.935220996,31218.9512195122,1588787.3318534573,5345427.881240637,31218.9512195122,1589033.1515241966,5345338.410197491,32194.51219512195,1588690.3112107618,5344396.46417785,32194.51219512195
1589081.6618455444,5345854.1187288845,31706.731707317074,5.247739209595574,1588787.3318534573,5345427.881240637,31218.9512195122,1589130.1721668919,5346369.827260278,31218.9512195122,1589375.9918376314,5346280.356217131,32194.51219512195,1589033.1515241966,5345338.410197491,32194.51219512195
1589424.5021589792,5346796.064748526,31706.731707317074,4.933501196821097,1589130.1721668919,5346369.827260278,31218.9512195122,1589473.012480327,5347311.773279918,31218.9512195122,1589718.8321510663,5347222.302236772,32194.51219512195,1589375.9918376314,5346280.356217131,32194.51219512195
1589767.342472414,5347738.010768166,31706.731707317074,3.7230669126389335,1589473.012480327,5347311.773279918,31218.9512195122,1589815.8527937618,5348253.7192995595,31218.9512195122,1590061.672464501,5348164.248256413,32194.51219512195,1589718.8321510663,5347222.302236772,32194.51219512195
1590110.1827858489,5348679.956787806,31706.731707317074,2.8921477510050067,1589815.8527937618,5348253.7192995595,31218.9512195122,1590158.6931071966,5349195.6653192,31218.9512195122,1590404.512777936,5349106.194276054,32194.51219512195,1590061.672464501,5348164.248256413,32194.51219512195
1590453.0230992837,5349621.902807447,31706.731707317074,2.634327014588967,1590158.6931071966,5349195.6653192,31218.9512195122,1590501.5334206312,5350137.611338842,31218.9512195122,1590747.3530913708,5350048.140295695,32194.51219512195,1590404.512777936,5349106.194276054,32194.51219512195
1590795.8634127185,5350563.848827089,31706.731707317074,2.2461748439366196,1590501.5334206312,5350137.611338842,31218.9512195122,1590844.373734066,5351079.557358482,31218.9512195122,1591090.1934048056,5350990.086315336,32194.51219512195,1590747.3530913708,5350048.140295695,32194.51219512195
1591138.7037261534,5351505.794846729,31706.731707317074,2.147897561560839,1590844.373734066,5351079.557358482,31218.9512195122,1591187.2140475009,5352021.503378123,31218.9512195122,1591433.0337182402,5351932.032334977,32194.51219512195,1591090.1934048056,5350990.086315336,32194.51219512195
1591481.544039588,5352447.7408663705,31706.731707317074,1.7908747114318253,1591187.2140475009,5352021.503378123,31218.9512195122,1591530.0543609357,5352963.449397764,31218.9512195122,1591775.874031675,5352873.978354618,32194.51219512195,1591433.0337182402,5351932.032334977,32194.51219512195
1591824.3843530226,5353389.686886011,31706.731707317074,2.101300744628726,1591530.0543609357,5352963.449397764,31218.9512195122,1591872.8946743703,5353905.395417405,31218.9512195122,1592118.7143451099,5353815.924374258,32194.51219512195,1591775.874031675,5352873.978354618,32194.51219512195
1592167.2246664576,5354331.632905653,31706.731707317074,2.5380840268585363,1591872.8946743703,5353905.395417405,31218.9512195122,1592215.7349878054,5354847.3414370455,31218.9512195122,1592461.554658545,5354757.8703939,32194.51219512195,1592118.7143451099,5353815.924374258,32194.51219512195
1592510.0649798925,5355273.578925293,31706.731707317074,3.2459153981427455,1592215.7349878054,5354847.3414370455,31218.9512195122,1592558.5753012402,5355789.287456687,31218.9512195122,1592804.3949719795,5355699.81641354,32194.51219512195,1592461.554658545,5354757.8703939,32194.51219512195
1592852.9052933273,5356215.524944933,31706.731707317074,4.2858142749649994,1592558.5753012402,5355789.287456687,31218.9512195122,1592901.415614675,5356731.233476328,31218.9512195122,1593147.2352854144,5356641.7624331815,32194.51219512195,1592804.3949719795,5355699.81641354,32194.51219512195
1593195.7456067621,5357157.470964574,31706.731707317074,4.276053850426368,1592901.415614675,5356731.233476328,31218.9512195122,1593244.2559281099,5357673.179495969,31218.9512195122,1593490.0755988492,5357583.708452822,32194.51219512195,1593147.2352854144,5356641.7624331815,32194.51219512195
1593538.585920197,5358099.416984216,31706.731707317074,3.9364698031292833,1593244.2559281099,5357673.179495969,31218.9512195122,1593587.0962415445,5358615.125515609,31218.9512195122,1593832.915912284,5358525.654472464,32194.51219512195,1593490.0755988492,5357583.708452822,32194.51219512195
1593881.4262336318,5359041.3630038565,31706.731707317074,3.653872056372566,1593587.0962415445,5358615.125515609,31218.9512195122,1593929.9365549793,5359557.07153525,31218.9512195122,1594175.756225719,5359467.600492104,32194.51219512195,1593832.915912284,5358525.654472464,32194.51219512195
1594224.2665470664,5359983.309023497,31706.731707317074,2.8403199429072172,1593929.9365549793,5359557.07153525,31218.9512195122,1594272.7768684141,5360499.017554891,31218.9512195122,1594518.5965391535,5360409.546511744,32194.51219512195,1594175.756225719,5359467.600492104,32194.51219512195
1594567.1068605012,5360925.255043139,31706.731707317074,2.508967439278555,1594272.7768684141,5360499.017554891,31218.9512195122,1594615.617181849,5361440.963574532,31218.9512195122,1594861.4368525886,5361351.492531385,32194.51219512195,1594518.5965391535,5360409.546511744,32194.51219512195
1594909.9471739363,5361867.20106278,31706.731707317074,2.896052061092028,1594615.617181849,5361440.963574532,31218.9512195122,1594958.4574952838,5362382.909594173,31218.9512195122,1595204.2771660234,5362293.438551026,32194.51219512195,1594861.4368525886,5361351.492531385,32194.51219512195
1595252.7874873711,5362809.14708242,31706.731707317074,2.679232525329378,1594958.4574952838,5362382.909594173,31218.9512195122,1595301.2978087186,5363324.855613813,31218.9512195122,1595547.1174794582,5363235.3845706675,32194.51219512195,1595204.2771660234,5362293.438551026,32194.51219512195
1595595.6278008057,5363751.09310206,31706.731707317074,2.345559011428625,1595301.2978087186,5363324.855613813,31218.9512195122,1595644.1381221535,5364266.801633455,31218.9512195122,1595889.9577928928,5364177.330590308,32194.51219512195,1595547.1174794582,5363235.3845706675,32194.51219512195
1595938.4681142406,5364693.039121701,31706.731707317074,2.110283091947669,1595644.1381221535,5364266.801633455,31218.9512195122,1595986.9784355883,5365208.747653095,31218.9512195122,1596232.7981063277,5365119.27660995,32194.51219512195,1595889.9577928928,5364177.330590308,32194.51219512195
1596281.3084276754,5365634.9851413425,31706.731707317074,2.1090436365685354,1595986.9784355883,5365208.747653095,31218.9512195122,1596329.818749023,5366150.693672736,31218.9512195122,1596575.6384197625,5366061.22262959,32194.51219512195,1596232.7981063277,5365119.27660995,32194.51219512195
1596624.1487411102,5366576.931160984,31706.731707317074,2.6975506024378624,1596329.818749023,5366150.693672736,31218.9512195122,1596672.6590624577,5367092.639692377,31218.9512195122,1596918.4787331973,5367003.168649231,32194.51219512195,1596575.6384197625,5366061.22262959,32194.51219512195
1596966.989054545,5367518.877180624,31706.731707317074,2.751841002183455,1596672.6590624577,5367092.639692377,31218.9512195122,1597015.4993758926,5368034.585712018,31218.9512195122,1597261.319046632,5367945.114668871,32194.51219512195,1596918.4787331973,5367003.168649231,32194.51219512195
1597309.8293679797,5368460.823200266,31706.731707317074,2.104437918524857,1597015.4993758926,5368034.585712018,31218.9512195122,1597358.3396893276,5368976.531731659,31218.9512195122,1597604.159360067,5368887.060688513,32194.51219512195,1597261.319046632,5367945.114668871,32194.51219512195
1597652.6696814147,5369402.769219906,31706.731707317074,2.3192867143984492,1597358.3396893276,5368976.531731659,31218.9512195122,1597701.1800027625,5369918.4777513,31218.9512195122,1597946.9996735018,5369829.0067081535,32194.51219512195,1597604.159360067,5368887.060688513,32194.51219512195
1597995.5099948493,5370344.715239547,31706.731707317074,2.948319217744796,1597701.1800027625,5369918.4777513,31218.9512195122,1598044.020316197,5370860.423770941,31218.9512195122,1598289.8399869367,5370770.952727795,32194.51219512195,1597946.9996735018,5369829.0067081535,32194.51219512195
1598338.3503082842,5371286.661259188,31706.731707317074,3.5026382565921335,1598044.020316197,5370860.423770941,31218.9512195122,1598386.860629632,5371802.369790582,31218.9512195122,1598632.6803003713,5371712.898747435,32194.51219512195,1598289.8399869367,5370770.952727795,32194.51219512195
1598681.190621719,5372228.6072788285,31706.731707317074,2.986093049229978,1598386.860629632,5371802.369790582,31218.9512195122,1598729.7009430667,5372744.315810222,31218.9512195122,1598975.520613806,5372654.844767077,32194.51219512195,1598632.6803003713,5371712.898747435,32194.51219512195
1599024.0309351538,5373170.55329847,31706.731707317074,2.060676736570062,1598729.7009430667,5372744.315810222,31218.9512195122,1599072.5412565016,5373686.261829863,31218.9512195122,1599318.360927241,5373596.790786717,32194.51219512195,1598975.520613806,5372654.844767077,32194.51219512195
1599366.8712485887,5374112.499318111,31706.731707317074,1.7199596139696751,1599072.5412565016,5373686.261829863,31218.9512195122,1599415.3815699362,5374628.207849504,31218.9512195122,1599661.2012406758,5374538.736806357,32194.51219512195,1599318.360927241,5373596.790786717,32194.51219512195
1599709.7115620233,5375054.445337752,31706.731707317074,1.6625377384410691,1599415.3815699362,5374628.207849504,31218.9512195122,1599758.221883371,5375570.153869146,31218.9512195122,1600004.0415541106,5375480.682825999,32194.51219512195,1599661.2012406758,5374538.736806357,32194.51219512195
1600052.5518754583,5375996.391357393,31706.731707317074,1.6314432498144296,1599758.221883371,5375570.153869146,31218.9512195122,1600101.062196806,5376512.099888786,31218.9512195122,1600346.8818675457,5376422.62884564,32194.51219512195,1600004.0415541106,5375480.682825999,32194.51219512195
1600395.3921888932,5376938.337377033,31706.731707317074,1.497037091737843,1600101.062196806,5376512.099888786,31218.9512195122,1600443.902510241,5377454.045908428,31218.9512195122,1600689.7221809803,5377364.574865281,32194.51219512195,1600346.8818675457,5376422.62884564,32194.51219512195
1600738.232502328,5377880.283396674,31706.731707317074,1.9235670642313976,1600443.902510241,5377454.045908428,31218.9512195122,1600786.7428236757,5378395.991928068,31218.9512195122,1601032.562494415,5378306.520884922,32194.51219512195,1600689.7221809803,5377364.574865281,32194.51219512195
1601081.0728157628,5378822.229416315,31706.731707317074,1.771490732090864,1600786.7428236757,5378395.991928068,31218.9512195122,1601129.5831371106,5379337.937947709,31218.9512195122,1601375.40280785,5379248.466904563,32194.51219512195,1601032.562494415,5378306.520884922,32194.51219512195
1601423.9131291977,5379764.175435956,31706.731707317074,1.3966294480937866,1601129.5831371106,5379337.937947709,31218.9512195122,1601472.4234505452,5380279.883967349,31218.9512195122,1601718.2431212848,5380190.412924204,32194.51219512195,1601375.40280785,5379248.466904563,32194.51219512195
1601766.7534426325,5380706.121455597,31706.731707317074,1.74689756703609,1601472.4234505452,5380279.883967349,31218.9512195122,1601815.26376398,5381221.829986991,31218.9512195122,1602061.0834347196,5381132.358943844,32194.51219512195,1601718.2431212848,5380190.412924204,32194.51219512195
1550243.6857847148,5238382.801446676,32682.29268292683,5.199966214189968,1549949.355792628,5237956.56395843,32194.51219512195,1550292.196106063,5238898.50997807,32194.51219512195,1550538.0157768014,5238809.038934925,33170.0731707317,1550195.1754633668,5237867.0929152835,33170.0731707317
1550586.5260981496,5239324.747466317,32682.29268292683,4.734137257016116,1550292.196106063,5238898.50997807,32194.51219512195,1550635.0364194976,5239840.455997712,32194.51219512195,1550880.8560902362,5239750.984954565,33170.0731707317,1550538.0157768014,5238809.038934925,33170.0731707317
1550929.3664115844,5240266.6934859585,32682.29268292683,4.109180109671079,1550635.0364194976,5239840.455997712,32194.51219512195,1550977.8767329324,5240782.402017352,32194.51219512195,1551223.696403671,5240692.930974206,33170.0731707317,1550880.8560902362,5239750.984954565,33170.0731707317
1551272.2067250193,5241208.6395056,32682.29268292683,3.5662116704669238,1550977.8767329324,5240782.402017352,32194.51219512195,1551320.7170463672,5241724.348036993,32194.51219512195,1551566.536717106,5241634.876993847,33170.0731707317,1551223.696403671,5240692.930974206,33170.0731707317
1551615.0470384539,5242150.585525241,32682.29268292683,3.292260383180296,1551320.7170463672,5241724.348036993,32194.51219512195,1551663.557359802,5242666.2940566335,32194.51219512195,1551909.3770305405,5242576.823013488,33170.0731707317,1551566.536717106,5241634.876993847,33170.0731707317
1551957.8873518887,5243092.531544881,32682.29268292683,3.506187351028462,1551663.557359802,5242666.2940566335,32194.51219512195,1552006.397673237,5243608.240076275,32194.51219512195,1552252.2173439753,5243518.769033128,33170.0731707317,1551909.3770305405,5242576.823013488,33170.0731707317
1552300.7276653235,5244034.477564523,32682.29268292683,3.4045357381361616,1552006.397673237,5243608.240076275,32194.51219512195,1552349.2379866715,5244550.186095916,32194.51219512195,1552595.0576574104,5244460.7150527695,33170.0731707317,1552252.2173439753,5243518.769033128,33170.0731707317
1552643.5679787586,5244976.423584163,32682.29268292683,3.537795310148,1552349.2379866715,5244550.186095916,32194.51219512195,1552692.0783001066,5245492.132115556,32194.51219512195,1552937.8979708452,5245402.661072411,33170.0731707317,1552595.0576574104,5244460.7150527695,33170.0731707317
1552986.4082921934,5245918.369603803,32682.29268292683,4.060832041235264,1552692.0783001066,5245492.132115556,32194.51219512195,1553034.9186135414,5246434.078135198,32194.51219512195,1553280.73828428,5246344.607092052,33170.0731707317,1552937.8979708452,5245402.661072411,33170.0731707317
1553329.248605628,5246860.3156234445,32682.29268292683,4.601426061200263,1553034.9186135414,5246434.078135198,32194.51219512195,1553377.7589269762,5247376.024154838,32194.51219512195,1553623.5785977147,5247286.553111692,33170.0731707317,1553280.73828428,5246344.607092052,33170.0731707317
1553672.0889190629,5247802.261643087,32682.29268292683,4.095669236417954,1553377.7589269762,5247376.024154838,32194.51219512195,1553720.5992404108,5248317.970174479,32194.51219512195,1553966.4189111495,5248228.499131334,33170.0731707317,1553623.5785977147,5247286.553111692,33170.0731707317
1554014.9292324977,5248744.207662727,32682.29268292683,2.8173795181109194,1553720.5992404108,5248317.970174479,32194.51219512195,1554063.4395538457,5249259.9161941195,32194.51219512195,1554309.2592245843,5249170.445150974,33170.0731707317,1553966.4189111495,5248228.499131334,33170.0731707317
1554357.7695459325,5249686.153682368,32682.29268292683,2.514413453217034,1554063.4395538457,5249259.9161941195,32194.51219512195,1554406.2798672805,5250201.862213762,32194.51219512195,1554652.0995380192,5250112.391170615,33170.0731707317,1554309.2592245843,5249170.445150974,33170.0731707317
1554700.6098593674,5250628.099702008,32682.29268292683,2.45706367561712,1554406.2798672805,5250201.862213762,32194.51219512195,1554749.1201807153,5251143.808233402,32194.51219512195,1554994.9398514538,5251054.3371902555,33170.0731707317,1554652.0995380192,5250112.391170615,33170.0731707317
1555043.4501728017,5251570.045721649,32682.29268292683,2.822029611927727,1554749.1201807153,5251143.808233402,32194.51219512195,1555091.96049415,5252085.754253043,32194.51219512195,1555337.7801648888,5251996.283209897,33170.0731707317,1554994.9398514538,5251054.3371902555,33170.0731707317
1555386.2904862368,5252511.99174129,32682.29268292683,2.780317747683002,1555091.96049415,5252085.754253043,32194.51219512195,1555434.800807585,5253027.700272683,32194.51219512195,1555680.6204783237,5252938.229229538,33170.0731707317,1555337.7801648888,5251996.283209897,33170.0731707317
1555729.1307996716,5253453.9377609305,32682.29268292683,1.8636595482206602,1555434.800807585,5253027.700272683,32194.51219512195,1555777.6411210198,5253969.646292325,32194.51219512195,1556023.4607917585,5253880.175249179,33170.0731707317,1555680.6204783237,5252938.229229538,33170.0731707317
1556071.9711131065,5254395.883780573,32682.29268292683,1.4946652108053282,1555777.6411210198,5253969.646292325,32194.51219512195,1556120.4814344547,5254911.592311965,32194.51219512195,1556366.3011051933,5254822.121268819,33170.0731707317,1556023.4607917585,5253880.175249179,33170.0731707317
1556414.8114265413,5255337.829800214,32682.29268292683,1.3419608043402844,1556120.4814344547,5254911.592311965,32194.51219512195,1556463.3217478895,5255853.538331606,32194.51219512195,1556709.1414186282,5255764.067288461,33170.0731707317,1556366.3011051933,5254822.121268819,33170.0731707317
1556757.6517399761,5256279.775819854,32682.29268292683,1.6087979101377161,1556463.3217478895,5255853.538331606,32194.51219512195,1556806.1620613243,5256795.484351247,32194.51219512195,1557051.9817320628,5256706.013308101,33170.0731707317,1556709.1414186282,5255764.067288461,33170.0731707317
1557100.492053411,5257221.721839494,32682.29268292683,2.1788485773649557,1556806.1620613243,5256795.484351247,32194.51219512195,1557149.002374759,5257737.430370889,32194.51219512195,1557394.8220454976,5257647.9593277415,33170.0731707317,1557051.9817320628,5256706.013308101,33170.0731707317
1557443.3323668456,5258163.667859136,32682.29268292683,2.1595935230457886,1557149.002374759,5257737.430370889,32194.51219512195,1557491.8426881938,5258679.376390529,32194.51219512195,1557737.6623589324,5258589.905347384,33170.0731707317,1557394.8220454976,5257647.9593277415,33170.0731707317
1557786.1726802804,5259105.613878776,32682.29268292683,2.0513776886136115,1557491.8426881938,5258679.376390529,32194.51219512195,1557834.6830016286,5259621.32241017,32194.51219512195,1558080.5026723675,5259531.851367024,33170.0731707317,1557737.6623589324,5258589.905347384,33170.0731707317
1558129.0129937155,5260047.559898417,32682.29268292683,2.0579108458836437,1557834.6830016286,5259621.32241017,32194.51219512195,1558177.5233150637,5260563.268429811,32194.51219512195,1558423.342985802,5260473.797386665,33170.0731707317,1558080.5026723675,5259531.851367024,33170.0731707317
1558471.8533071503,5260989.505918058,32682.29268292683,1.910008018165841,1558177.5233150637,5260563.268429811,32194.51219512195,1558520.3636284983,5261505.214449452,32194.51219512195,1558766.183299237,5261415.743406305,33170.0731707317,1558423.342985802,5260473.797386665,33170.0731707317
1558814.6936205851,5261931.451937699,32682.29268292683,1.5283390169343305,1558520.3636284983,5261505.214449452,32194.51219512195,1558863.203941933,5262447.160469092,32194.51219512195,1559109.0236126718,5262357.689425947,33170.0731707317,1558766.183299237,5261415.743406305,33170.0731707317
1559157.53393402,5262873.39795734,32682.29268292683,1.5092872694249047,1558863.203941933,5262447.160469092,32194.51219512195,1559206.044255368,5263389.106488734,32194.51219512195,1559451.8639261066,5263299.635445587,33170.0731707317,1559109.0236126718,5262357.689425947,33170.0731707317
1559500.3742474548,5263815.343976981,32682.29268292683,1.3924556950255298,1559206.044255368,5263389.106488734,32194.51219512195,1559548.8845688028,5264331.052508375,32194.51219512195,1559794.7042395412,5264241.581465228,33170.0731707317,1559451.8639261066,5263299.635445587,33170.0731707317
1559843.2145608894,5264757.289996622,32682.29268292683,1.194364139357089,1559548.8845688028,5264331.052508375,32194.51219512195,1559891.7248822376,5265272.998528015,32194.51219512195,1560137.544552976,5265183.527484869,33170.0731707317,1559794.7042395412,5264241.581465228,33170.0731707317
1560186.0548743242,5265699.236016263,32682.29268292683,1.1172091537185704,1559891.7248822376,5265272.998528015,32194.51219512195,1560234.5651956722,5266214.944547656,32194.51219512195,1560480.384866411,5266125.473504511,33170.0731707317,1560137.544552976,5265183.527484869,33170.0731707317
1560528.8951877593,5266641.182035903,32682.29268292683,0.9224331010177066,1560234.5651956722,5266214.944547656,32194.51219512195,1560577.4055091073,5267156.890567296,32194.51219512195,1560823.225179846,5267067.419524151,33170.0731707317,1560480.384866411,5266125.473504511,33170.0731707317
1560871.7355011941,5267583.128055545,32682.29268292683,0.9483587642982083,1560577.4055091073,5267156.890567296,32194.51219512195,1560920.245822542,5268098.836586938,32194.51219512195,1561166.0654932808,5268009.365543792,33170.0731707317,1560823.225179846,5267067.419524151,33170.0731707317
1561214.575814629,5268525.074075186,32682.29268292683,1.0393726355904345,1560920.245822542,5268098.836586938,32194.51219512195,1561263.086135977,5269040.782606578,32194.51219512195,1561508.9058067154,5268951.311563432,33170.0731707317,1561166.0654932808,5268009.365543792,33170.0731707317
1561557.4161280633,5269467.020094826,32682.29268292683,0.8642765156792351,1561263.086135977,5269040.782606578,32194.51219512195,1561605.9264494115,5269982.72862622,32194.51219512195,1561851.7461201502,5269893.257583074,33170.0731707317,1561508.9058067154,5268951.311563432,33170.0731707317
1561900.2564414982,5270408.966114467,32682.29268292683,1.1282191664056234,1561605.9264494115,5269982.72862622,32194.51219512195,1561948.7667628464,5270924.674645861,32194.51219512195,1562194.586433585,5270835.203602714,33170.0731707317,1561851.7461201502,5269893.257583074,33170.0731707317
1562243.096754933,5271350.912134108,32682.29268292683,1.1066017616488368,1561948.7667628464,5270924.674645861,32194.51219512195,1562291.6070762812,5271866.620665502,32194.51219512195,1562537.4267470199,5271777.149622356,33170.0731707317,1562194.586433585,5270835.203602714,33170.0731707317
1562585.9370683678,5272292.858153749,32682.29268292683,0.9668287890159155,1562291.6070762812,5271866.620665502,32194.51219512195,1562634.447389716,5272808.566685142,32194.51219512195,1562880.2670604545,5272719.095641997,33170.0731707317,1562537.4267470199,5271777.149622356,33170.0731707317
1562928.7773818027,5273234.804173389,32682.29268292683,0.8917845275854667,1562634.447389716,5272808.566685142,32194.51219512195,1562977.2877031507,5273750.512704783,32194.51219512195,1563223.1073738895,5273661.041661637,33170.0731707317,1562880.2670604545,5272719.095641997,33170.0731707317
1563271.6176952377,5274176.750193031,32682.29268292683,0.903550315536126,1562977.2877031507,5273750.512704783,32194.51219512195,1563320.1280165857,5274692.458724424,32194.51219512195,1563565.9476873244,5274602.987681278,33170.0731707317,1563223.1073738895,5273661.041661637,33170.0731707317
1563614.4580086726,5275118.696212672,32682.29268292683,0.8043131485036398,1563320.1280165857,5274692.458724424,32194.51219512195,1563662.9683300206,5275634.404744065,32194.51219512195,1563908.7880007592,5275544.933700918,33170.0731707317,1563565.9476873244,5274602.987681278,33170.0731707317
1563957.2983221072,5276060.642232313,32682.29268292683,0.7122801728973157,1563662.9683300206,5275634.404744065,32194.51219512195,1564005.8086434554,5276576.350763706,32194.51219512195,1564251.6283141938,5276486.87972056,33170.0731707317,1563908.7880007592,5275544.933700918,33170.0731707317
1564300.138635542,5277002.588251953,32682.29268292683,0.5941244514784981,1564005.8086434554,5276576.350763706,32194.51219512195,1564348.6489568902,5277518.296783347,32194.51219512195,1564594.4686276286,5277428.8257402005,33170.0731707317,1564251.6283141938,5276486.87972056,33170.0731707317
1564642.9789489768,5277944.534271593,32682.29268292683,0.5137379805658532,1564348.6489568902,5277518.296783347,32194.51219512195,1564691.4892703248,5278460.242802988,32194.51219512195,1564937.3089410635,5278370.771759842,33170.0731707317,1564594.4686276286,5277428.8257402005,33170.0731707317
1564985.8192624117,5278886.480291235,32682.29268292683,0.4822750844740429,1564691.4892703248,5278460.242802988,32194.51219512195,1565034.3295837597,5279402.188822629,32194.51219512195,1565280.1492544983,5279312.717779482,33170.0731707317,1564937.3089410635,5278370.771759842,33170.0731707317
1565328.6595758465,5279828.426310876,32682.29268292683,0.4046321183313739,1565034.3295837597,5279402.188822629,32194.51219512195,1565377.1698971945,5280344.134842269,32194.51219512195,1565622.9895679331,5280254.663799124,33170.0731707317,1565280.1492544983,5279312.717779482,33170.0731707317
1565671.499889281,5280770.372330517,32682.29268292683,0.37704050804192346,1565377.1698971945,5280344.134842269,32194.51219512195,1565720.0102106293,5281286.08086191,32194.51219512195,1565965.829881368,5281196.609818764,33170.0731707317,1565622.9895679331,5280254.663799124,33170.0731707317
1566014.3402027162,5281712.318350158,32682.29268292683,0.3620482499369654,1565720.0102106293,5281286.08086191,32194.51219512195,1566062.8505240642,5282228.026881551,32194.51219512195,1566308.6701948028,5282138.555838405,33170.0731707317,1565965.829881368,5281196.609818764,33170.0731707317
1566357.180516151,5282654.264369799,32682.29268292683,0.34479199006320965,1566062.8505240642,5282228.026881551,32194.51219512195,1566405.6908374992,5283169.9729011925,32194.51219512195,1566651.5105082376,5283080.501858046,33170.0731707317,1566308.6701948028,5282138.555838405,33170.0731707317
1566700.0208295858,5283596.21038944,32682.29268292683,0.3227729163023329,1566405.6908374992,5283169.9729011925,32194.51219512195,1566748.5311509338,5284111.918920833,32194.51219512195,1566994.3508216725,5284022.447877687,33170.0731707317,1566651.5105082376,5283080.501858046,33170.0731707317
1567042.8611430207,5284538.15640908,32682.29268292683,0.15309534398305963,1566748.5311509338,5284111.918920833,32194.51219512195,1567091.3714643687,5285053.864940475,32194.51219512195,1567337.1911351073,5284964.393897328,33170.0731707317,1566994.3508216725,5284022.447877687,33170.0731707317
1567385.7014564555,5285480.10242872,32682.29268292683,0.13741721605141474,1567091.3714643687,5285053.864940475,32194.51219512195,1567434.2117778035,5285995.810960115,32194.51219512195,1567680.031448542,5285906.339916969,33170.0731707317,1567337.1911351073,5284964.393897328,33170.0731707317
1567728.54176989,5286422.048448362,32682.29268292683,0.19952630195710833,1567434.2117778035,5285995.810960115,32194.51219512195,1567777.0520912383,5286937.756979755,32194.51219512195,1568022.8717619767,5286848.28593661,33170.0731707317,1567680.031448542,5285906.339916969,33170.0731707317
1568071.3820833247,5287363.9944680035,32682.29268292683,0.20410550692217463,1567777.0520912383,5286937.756979755,32194.51219512195,1568119.892404673,5287879.702999396,32194.51219512195,1568365.7120754118,5287790.231956251,33170.0731707317,1568022.8717619767,5286848.28593661,33170.0731707317
1568414.2223967598,5288305.940487644,32682.29268292683,0.26287278151208476,1568119.892404673,5287879.702999396,32194.51219512195,1568462.7327181078,5288821.649019037,32194.51219512195,1568708.5523888466,5288732.177975891,33170.0731707317,1568365.7120754118,5287790.231956251,33170.0731707317
1568757.0627101946,5289247.886507286,32682.29268292683,0.2993625119589546,1568462.7327181078,5288821.649019037,32194.51219512195,1568805.5730315428,5289763.5950386785,32194.51219512195,1569051.3927022815,5289674.123995532,33170.0731707317,1568708.5523888466,5288732.177975891,33170.0731707317
1569099.9030236294,5290189.832526926,32682.29268292683,0.3600269737988156,1568805.5730315428,5289763.5950386785,32194.51219512195,1569148.4133449777,5290705.541058319,32194.51219512195,1569394.233015716,5290616.070015173,33170.0731707317,1569051.3927022815,5289674.123995532,33170.0731707317
1569442.7433370643,5291131.778546567,32682.29268292683,0.32423749143185726,1569148.4133449777,5290705.541058319,32194.51219512195,1569491.2536584123,5291647.48707796,32194.51219512195,1569737.073329151,5291558.0160348145,33170.0731707317,1569394.233015716,5290616.070015173,33170.0731707317
1569785.583650499,5292073.724566207,32682.29268292683,0.45221382563011114,1569491.2536584123,5291647.48707796,32194.51219512195,1569834.093971847,5292589.433097601,32194.51219512195,1570079.9136425857,5292499.962054455,33170.0731707317,1569737.073329151,5291558.0160348145,33170.0731707317
1570128.4239639337,5293015.670585848,32682.29268292683,0.4919952015856203,1569834.093971847,5292589.433097601,32194.51219512195,1570176.934285282,5293531.379117242,32194.51219512195,1570422.7539560206,5293441.908074097,33170.0731707317,1570079.9136425857,5292499.962054455,33170.0731707317
1570471.2642773686,5293957.6166054895,32682.29268292683,0.47029973321244395,1570176.934285282,5293531.379117242,32194.51219512195,1570519.7745987168,5294473.325136882,32194.51219512195,1570765.5942694552,5294383.854093737,33170.0731707317,1570422.7539560206,5293441.908074097,33170.0731707317
1570814.1045908034,5294899.56262513,32682.29268292683,0.42593177203945454,1570519.7745987168,5294473.325136882,32194.51219512195,1570862.6149121516,5295415.271156524,32194.51219512195,1571108.4345828902,5295325.800113377,33170.0731707317,1570765.5942694552,5294383.854093737,33170.0731707317
1571156.9449042385,5295841.508644771,32682.29268292683,0.41688552710305854,1570862.6149121516,5295415.271156524,32194.51219512195,1571205.4552255864,5296357.2171761645,32194.51219512195,1571451.274896325,5296267.746133018,33170.0731707317,1571108.4345828902,5295325.800113377,33170.0731707317
1571499.7852176733,5296783.454664412,32682.29268292683,0.4764597896153225,1571205.4552255864,5296357.2171761645,32194.51219512195,1571548.2955390213,5297299.163195806,32194.51219512195,1571794.11520976,5297209.692152659,33170.0731707317,1571451.274896325,5296267.746133018,33170.0731707317
1571842.6255311081,5297725.400684053,32682.29268292683,0.4345095105046631,1571548.2955390213,5297299.163195806,32194.51219512195,1571891.135852456,5298241.109215446,32194.51219512195,1572136.9555231945,5298151.6381723005,33170.0731707317,1571794.11520976,5297209.692152659,33170.0731707317
1572185.4658445427,5298667.346703693,32682.29268292683,0.4011953466465334,1571891.135852456,5298241.109215446,32194.51219512195,1572233.976165891,5299183.055235088,32194.51219512195,1572479.7958366293,5299093.584191941,33170.0731707317,1572136.9555231945,5298151.6381723005,33170.0731707317
1572528.3061579776,5299609.292723335,32682.29268292683,0.42561679338364766,1572233.976165891,5299183.055235088,32194.51219512195,1572576.8164793255,5300125.001254728,32194.51219512195,1572822.6361500642,5300035.530211582,33170.0731707317,1572479.7958366293,5299093.584191941,33170.0731707317
1572871.1464714124,5300551.2387429755,32682.29268292683,0.43549491562177733,1572576.8164793255,5300125.001254728,32194.51219512195,1572919.6567927604,5301066.947274368,32194.51219512195,1573165.476463499,5300977.476231223,33170.0731707317,1572822.6361500642,5300035.530211582,33170.0731707317
1573213.9867848472,5301493.184762616,32682.29268292683,0.47552721057242675,1572919.6567927604,5301066.947274368,32194.51219512195,1573262.4971061952,5302008.893294009,32194.51219512195,1573508.3167769338,5301919.422250864,33170.0731707317,1573165.476463499,5300977.476231223,33170.0731707317
1573556.827098282,5302435.130782257,32682.29268292683,0.393024008726776,1573262.4971061952,5302008.893294009,32194.51219512195,1573605.33741963,5302950.8393136505,32194.51219512195,1573851.1570903687,5302861.368270504,33170.0731707317,1573508.3167769338,5301919.422250864,33170.0731707317
1573899.6674117167,5303377.076801899,32682.29268292683,0.3624262909502495,1573605.33741963,5302950.8393136505,32194.51219512195,1573948.1777330649,5303892.785333292,32194.51219512195,1574193.9974038035,5303803.314290145,33170.0731707317,1573851.1570903687,5302861.368270504,33170.0731707317
1574242.5077251515,5304319.022821539,32682.29268292683,0.22938853330509543,1573948.1777330649,5303892.785333292,32194.51219512195,1574291.0180464997,5304834.731352932,32194.51219512195,1574536.8377172383,5304745.260309787,33170.0731707317,1574193.9974038035,5303803.314290145,33170.0731707317
1574585.3480385863,5305260.96884118,32682.29268292683,0.22695106424007533,1574291.0180464997,5304834.731352932,32194.51219512195,1574633.8583599345,5305776.677372574,32194.51219512195,1574879.6780306732,5305687.206329428,33170.0731707317,1574536.8377172383,5304745.260309787,33170.0731707317
1574928.1883520212,5306202.91486082,32682.29268292683,0.2997071980956256,1574633.8583599345,5305776.677372574,32194.51219512195,1574976.6986733694,5306718.623392214,32194.51219512195,1575222.5183441078,5306629.152349068,33170.0731707317,1574879.6780306732,5305687.206329428,33170.0731707317
1575271.028665456,5307144.860880462,32682.29268292683,0.4325682269123062,1574976.6986733694,5306718.623392214,32194.51219512195,1575319.5389868042,5307660.569411855,32194.51219512195,1575565.3586575426,5307571.09836871,33170.0731707317,1575222.5183441078,5306629.152349068,33170.0731707317
1575613.8689788908,5308086.806900103,32682.29268292683,0.47982275274539876,1575319.5389868042,5307660.569411855,32194.51219512195,1575662.3793002388,5308602.515431495,32194.51219512195,1575908.1989709774,5308513.04438835,33170.0731707317,1575565.3586575426,5307571.09836871,33170.0731707317
1575956.7092923257,5309028.752919743,32682.29268292683,0.5575545553963602,1575662.3793002388,5308602.515431495,32194.51219512195,1576005.2196136736,5309544.461451137,32194.51219512195,1576251.0392844123,5309454.99040799,33170.0731707317,1575908.1989709774,5308513.04438835,33170.0731707317
1576299.5496057605,5309970.698939384,32682.29268292683,0.5218321955991371,1576005.2196136736,5309544.461451137,32194.51219512195,1576348.0599271085,5310486.407470778,32194.51219512195,1576593.8795978471,5310396.936427631,33170.0731707317,1576251.0392844123,5309454.99040799,33170.0731707317
1576642.3899191953,5310912.644959025,32682.29268292683,0.44000663605594836,1576348.0599271085,5310486.407470778,32194.51219512195,1576690.9002405435,5311428.353490419,32194.51219512195,1576936.719911282,5311338.882447273,33170.0731707317,1576593.8795978471,5310396.936427631,33170.0731707317
1576985.2302326302,5311854.590978666,32682.29268292683,0.42013737334605633,1576690.9002405435,5311428.353490419,32194.51219512195,1577033.7405539781,5312370.299510059,32194.51219512195,1577279.5602247168,5312280.828466914,33170.0731707317,1576936.719911282,5311338.882447273,33170.0731707317
1577328.070546065,5312796.536998306,32682.29268292683,0.2886621233564344,1577033.7405539781,5312370.299510059,32194.51219512195,1577376.580867413,5313312.245529701,32194.51219512195,1577622.4005381516,5313222.774486554,33170.0731707317,1577279.5602247168,5312280.828466914,33170.0731707317
1577670.9108594998,5313738.483017948,32682.29268292683,0.2527544680827438,1577376.580867413,5313312.245529701,32194.51219512195,1577719.4211808478,5314254.191549341,32194.51219512195,1577965.2408515865,5314164.720506195,33170.0731707317,1577622.4005381516,5313222.774486554,33170.0731707317
1578013.7511729347,5314680.42903759,32682.29268292683,0.2243994384798152,1577719.4211808478,5314254.191549341,32194.51219512195,1578062.2614942826,5315196.137568982,32194.51219512195,1578308.0811650213,5315106.666525837,33170.0731707317,1577965.2408515865,5314164.720506195,33170.0731707317
1578356.5914863693,5315622.37505723,32682.29268292683,0.22876253375975023,1578062.2614942826,5315196.137568982,32194.51219512195,1578405.1018077175,5316138.0835886225,32194.51219512195,1578650.921478456,5316048.612545477,33170.0731707317,1578308.0811650213,5315106.666525837,33170.0731707317
1578699.431799804,5316564.32107687,32682.29268292683,0.36673694909798477,1578405.1018077175,5316138.0835886225,32194.51219512195,1578747.9421211523,5317080.029608265,32194.51219512195,1578993.761791891,5316990.558565117,33170.0731707317,1578650.921478456,5316048.612545477,33170.0731707317
1579042.2721132392,5317506.267096511,32682.29268292683,0.4502463420608883,1578747.9421211523,5317080.029608265,32194.51219512195,1579090.7824345871,5318021.975627905,32194.51219512195,1579336.6021053258,5317932.5045847595,33170.0731707317,1578993.761791891,5316990.558565117,33170.0731707317
1579385.112426674,5318448.213116152,32682.29268292683,0.5199588936011963,1579090.7824345871,5318021.975627905,32194.51219512195,1579433.622748022,5318963.921647546,32194.51219512195,1579679.4424187606,5318874.4506044,33170.0731707317,1579336.6021053258,5317932.5045847595,33170.0731707317
1579727.9527401088,5319390.159135793,32682.29268292683,0.5997629049217161,1579433.622748022,5318963.921647546,32194.51219512195,1579776.4630614568,5319905.867667187,32194.51219512195,1580022.2827321955,5319816.396624041,33170.0731707317,1579679.4424187606,5318874.4506044,33170.0731707317
1580070.7930535437,5320332.1051554335,32682.29268292683,0.6649990081840776,1579776.4630614568,5319905.867667187,32194.51219512195,1580119.3033748916,5320847.813686828,32194.51219512195,1580365.12304563,5320758.342643681,33170.0731707317,1580022.2827321955,5319816.396624041,33170.0731707317
1580413.633366978,5321274.051175076,32682.29268292683,0.7300621376393167,1580119.3033748916,5320847.813686828,32194.51219512195,1580462.1436883262,5321789.759706468,32194.51219512195,1580707.963359065,5321700.288663323,33170.0731707317,1580365.12304563,5320758.342643681,33170.0731707317
1580756.4736804129,5322215.997194716,32682.29268292683,0.7465587871950853,1580462.1436883262,5321789.759706468,32194.51219512195,1580804.984001761,5322731.705726109,32194.51219512195,1581050.8036724997,5322642.234682963,33170.0731707317,1580707.963359065,5321700.288663323,33170.0731707317
1581099.3139938477,5323157.943214357,32682.29268292683,0.7667459364937459,1580804.984001761,5322731.705726109,32194.51219512195,1581147.824315196,5323673.651745751,32194.51219512195,1581393.6439859346,5323584.180702604,33170.0731707317,1581050.8036724997,5322642.234682963,33170.0731707317
1581442.1543072825,5324099.889233998,32682.29268292683,0.8700765829192053,1581147.824315196,5323673.651745751,32194.51219512195,1581490.6646286307,5324615.597765391,32194.51219512195,1581736.4842993694,5324526.126722245,33170.0731707317,1581393.6439859346,5323584.180702604,33170.0731707317
1581784.9946207176,5325041.835253638,32682.29268292683,1.0104352169455604,1581490.6646286307,5324615.597765391,32194.51219512195,1581833.5049420656,5325557.543785032,32194.51219512195,1582079.3246128042,5325468.072741887,33170.0731707317,1581736.4842993694,5324526.126722245,33170.0731707317
1582127.8349341522,5325983.781273279,32682.29268292683,1.5570559302796552,1581833.5049420656,5325557.543785032,32194.51219512195,1582176.3452555004,5326499.489804672,32194.51219512195,1582422.164926239,5326410.018761527,33170.0731707317,1582079.3246128042,5325468.072741887,33170.0731707317
1582470.675247587,5326925.72729292,32682.29268292683,2.0947649222524087,1582176.3452555004,5326499.489804672,32194.51219512195,1582519.1855689352,5327441.435824314,32194.51219512195,1582765.005239674,5327351.964781168,33170.0731707317,1582422.164926239,5326410.018761527,33170.0731707317
1582813.5155610219,5327867.673312562,32682.29268292683,2.7355421798159356,1582519.1855689352,5327441.435824314,32194.51219512195,1582862.02588237,5328383.381843954,32194.51219512195,1583107.8455531085,5328293.910800809,33170.0731707317,1582765.005239674,5327351.964781168,33170.0731707317
1583156.3558744567,5328809.619332203,32682.29268292683,2.2398047170222606,1582862.02588237,5328383.381843954,32194.51219512195,1583204.866195805,5329325.327863595,32194.51219512195,1583450.6858665433,5329235.85682045,33170.0731707317,1583107.8455531085,5328293.910800809,33170.0731707317
1583499.1961878915,5329751.565351843,32682.29268292683,1.8074113052601886,1583204.866195805,5329325.327863595,32194.51219512195,1583547.7065092395,5330267.273883237,32194.51219512195,1583793.5261799782,5330177.80284009,33170.0731707317,1583450.6858665433,5329235.85682045,33170.0731707317
1583842.0365013264,5330693.511371483,32682.29268292683,1.8395163251999886,1583547.7065092395,5330267.273883237,32194.51219512195,1583890.5468226743,5331209.219902878,32194.51219512195,1584136.366493413,5331119.748859731,33170.0731707317,1583793.5261799782,5330177.80284009,33170.0731707317
1584184.8768147612,5331635.457391125,32682.29268292683,1.94104836138846,1583890.5468226743,5331209.219902878,32194.51219512195,1584233.3871361092,5332151.165922518,32194.51219512195,1584479.2068068478,5332061.694879373,33170.0731707317,1584136.366493413,5331119.748859731,33170.0731707317
1584527.717128196,5332577.403410765,32682.29268292683,1.8594034522802083,1584233.3871361092,5332151.165922518,32194.51219512195,1584576.2274495442,5333093.111942159,32194.51219512195,1584822.0471202827,5333003.640899013,33170.0731707317,1584479.2068068478,5332061.694879373,33170.0731707317
1584870.5574416309,5333519.349430406,32682.29268292683,2.010756526470649,1584576.2274495442,5333093.111942159,32194.51219512195,1584919.0677629788,5334035.0579618,32194.51219512195,1585164.8874337175,5333945.586918654,33170.0731707317,1584822.0471202827,5333003.640899013,33170.0731707317
1585213.3977550657,5334461.295450048,32682.29268292683,2.7290343169148206,1584919.0677629788,5334035.0579618,32194.51219512195,1585261.9080764137,5334977.003981441,32194.51219512195,1585507.7277471523,5334887.532938294,33170.0731707317,1585164.8874337175,5333945.586918654,33170.0731707317
1585556.2380685005,5335403.241469689,32682.29268292683,3.0482067541856157,1585261.9080764137,5334977.003981441,32194.51219512195,1585604.7483898485,5335918.950001081,32194.51219512195,1585850.5680605872,5335829.478957936,33170.0731707317,1585507.7277471523,5334887.532938294,33170.0731707317
1585899.0783819354,5336345.187489329,32682.29268292683,3.2484835061911776,1585604.7483898485,5335918.950001081,32194.51219512195,1585947.5887032833,5336860.896020723,32194.51219512195,1586193.4083740218,5336771.424977576,33170.0731707317,1585850.5680605872,5335829.478957936,33170.0731707317
1586241.9186953697,5337287.13350897,32682.29268292683,3.169447672431113,1585947.5887032833,5336860.896020723,32194.51219512195,1586290.429016718,5337802.842040364,32194.51219512195,1586536.2486874566,5337713.3709972175,33170.0731707317,1586193.4083740218,5336771.424977576,33170.0731707317
1586584.7590088046,5338229.079528611,32682.29268292683,3.491582772680782,1586290.429016718,5337802.842040364,32194.51219512195,1586633.2693301528,5338744.788060004,32194.51219512195,1586879.0890008917,5338655.317016858,33170.0731707317,1586536.2486874566,5337713.3709972175,33170.0731707317
1586927.5993222396,5339171.025548252,32682.29268292683,4.135536592919527,1586633.2693301528,5338744.788060004,32194.51219512195,1586976.1096435878,5339686.734079645,32194.51219512195,1587221.9293143265,5339597.2630365,33170.0731707317,1586879.0890008917,5338655.317016858,33170.0731707317
1587270.4396356745,5340112.9715678925,32682.29268292683,3.8989659494457314,1586976.1096435878,5339686.734079645,32194.51219512195,1587318.9499570227,5340628.680099286,32194.51219512195,1587564.769627761,5340539.20905614,33170.0731707317,1587221.9293143265,5339597.2630365,33170.0731707317
1587613.2799491093,5341054.917587533,32682.29268292683,4.088946061908628,1587318.9499570227,5340628.680099286,32194.51219512195,1587661.7902704575,5341570.626118927,32194.51219512195,1587907.609941196,5341481.155075781,33170.0731707317,1587564.769627761,5340539.20905614,33170.0731707317
1587956.1202625441,5341996.863607175,32682.29268292683,4.647605808646516,1587661.7902704575,5341570.626118927,32194.51219512195,1588004.6305838923,5342512.572138568,32194.51219512195,1588250.4502546308,5342423.101095422,33170.0731707317,1587907.609941196,5341481.155075781,33170.0731707317
1588298.960575979,5342938.809626816,32682.29268292683,5.490130860377325,1588004.6305838923,5342512.572138568,32194.51219512195,1588347.470897327,5343454.518158209,32194.51219512195,1588593.2905680656,5343365.047115063,33170.0731707317,1588250.4502546308,5342423.101095422,33170.0731707317
1588641.8008894138,5343880.755646456,32682.29268292683,5.832135297505067,1588347.470897327,5343454.518158209,32194.51219512195,1588690.3112107618,5344396.46417785,32194.51219512195,1588936.1308815004,5344306.9931347035,33170.0731707317,1588593.2905680656,5343365.047115063,33170.0731707317
1588984.6412028486,5344822.701666097,32682.29268292683,5.681359395107462,1588690.3112107618,5344396.46417785,32194.51219512195,1589033.1515241966,5345338.410197491,32194.51219512195,1589278.9711949353,5345248.939154345,33170.0731707317,1588936.1308815004,5344306.9931347035,33170.0731707317
1589327.4815162832,5345764.647685738,32682.29268292683,5.066956486463969,1589033.1515241966,5345338.410197491,32194.51219512195,1589375.9918376314,5346280.356217131,32194.51219512195,1589621.81150837,5346190.885173986,33170.0731707317,1589278.9711949353,5345248.939154345,33170.0731707317
1589670.3218297183,5346706.593705379,32682.29268292683,4.385681567426193,1589375.9918376314,5346280.356217131,32194.51219512195,1589718.8321510663,5347222.302236772,32194.51219512195,1589964.651821805,5347132.831193627,33170.0731707317,1589621.81150837,5346190.885173986,33170.0731707317
1590013.1621431531,5347648.53972502,32682.29268292683,4.937739833360648,1589718.8321510663,5347222.302236772,32194.51219512195,1590061.672464501,5348164.248256413,32194.51219512195,1590307.4921352398,5348074.777213267,33170.0731707317,1589964.651821805,5347132.831193627,33170.0731707317
1590356.002456588,5348590.485744661,32682.29268292683,4.964744884746083,1590061.672464501,5348164.248256413,32194.51219512195,1590404.512777936,5349106.194276054,32194.51219512195,1590650.3324486746,5349016.723232908,33170.0731707317,1590307.4921352398,5348074.777213267,33170.0731707317
1590698.8427700226,5349532.431764302,32682.29268292683,5.017893224731062,1590404.512777936,5349106.194276054,32194.51219512195,1590747.3530913708,5350048.140295695,32194.51219512195,1590993.1727621092,5349958.669252549,33170.0731707317,1590650.3324486746,5349016.723232908,33170.0731707317
1591041.6830834574,5350474.377783943,32682.29268292683,4.6603550647683845,1590747.3530913708,5350048.140295695,32194.51219512195,1591090.1934048056,5350990.086315336,32194.51219512195,1591336.013075544,5350900.61527219,33170.0731707317,1590993.1727621092,5349958.669252549,33170.0731707317
1591384.5233968922,5351416.323803583,32682.29268292683,4.727410319215375,1591090.1934048056,5350990.086315336,32194.51219512195,1591433.0337182402,5351932.032334977,32194.51219512195,1591678.8533889789,5351842.561291831,33170.0731707317,1591336.013075544,5350900.61527219,33170.0731707317
1591727.363710327,5352358.269823224,32682.29268292683,4.672739107751249,1591433.0337182402,5351932.032334977,32194.51219512195,1591775.874031675,5352873.978354618,32194.51219512195,1592021.6937024137,5352784.507311472,33170.0731707317,1591678.8533889789,5351842.561291831,33170.0731707317
1592070.204023762,5353300.215842865,32682.29268292683,5.176940296634631,1591775.874031675,5352873.978354618,32194.51219512195,1592118.7143451099,5353815.924374258,32194.51219512195,1592364.5340158488,5353726.453331113,33170.0731707317,1592021.6937024137,5352784.507311472,33170.0731707317
1592413.044337197,5354242.161862506,32682.29268292683,5.640131441332531,1592118.7143451099,5353815.924374258,32194.51219512195,1592461.554658545,5354757.8703939,32194.51219512195,1592707.3743292834,5354668.399350753,33170.0731707317,1592364.5340158488,5353726.453331113,33170.0731707317
1592755.8846506313,5355184.107882147,32682.29268292683,5.2509954932772995,1592461.554658545,5354757.8703939,32194.51219512195,1592804.3949719795,5355699.81641354,32194.51219512195,1593050.2146427182,5355610.345370394,33170.0731707317,1592707.3743292834,5354668.399350753,33170.0731707317
1593098.7249640662,5356126.053901788,32682.29268292683,4.56726706187409,1592804.3949719795,5355699.81641354,32194.51219512195,1593147.2352854144,5356641.7624331815,32194.51219512195,1593393.054956153,5356552.291390035,33170.0731707317,1593050.2146427182,5355610.345370394,33170.0731707317
1593441.565277501,5357067.999921428,32682.29268292683,4.323328893076141,1593147.2352854144,5356641.7624331815,32194.51219512195,1593490.0755988492,5357583.708452822,32194.51219512195,1593735.8952695879,5357494.237409676,33170.0731707317,1593393.054956153,5356552.291390035,33170.0731707317
1593784.4055909358,5358009.945941069,32682.29268292683,4.1809895993309505,1593490.0755988492,5357583.708452822,32194.51219512195,1593832.915912284,5358525.654472464,32194.51219512195,1594078.7355830225,5358436.183429317,33170.0731707317,1593735.8952695879,5357494.237409676,33170.0731707317
1594127.2459043707,5358951.891960711,32682.29268292683,3.4464975912674776,1593832.915912284,5358525.654472464,32194.51219512195,1594175.756225719,5359467.600492104,32194.51219512195,1594421.5758964573,5359378.129448958,33170.0731707317,1594078.7355830225,5358436.183429317,33170.0731707317
1594470.0862178055,5359893.837980351,32682.29268292683,3.3205374580188325,1594175.756225719,5359467.600492104,32194.51219512195,1594518.5965391535,5360409.546511744,32194.51219512195,1594764.4162098924,5360320.075468599,33170.0731707317,1594421.5758964573,5359378.129448958,33170.0731707317
1594812.9265312403,5360835.783999993,32682.29268292683,3.645996033337859,1594518.5965391535,5360409.546511744,32194.51219512195,1594861.4368525886,5361351.492531385,32194.51219512195,1595107.2565233272,5361262.02148824,33170.0731707317,1594764.4162098924,5360320.075468599,33170.0731707317
1595155.7668446752,5361777.730019633,32682.29268292683,3.739378052233667,1594861.4368525886,5361351.492531385,32194.51219512195,1595204.2771660234,5362293.438551026,32194.51219512195,1595450.0968367618,5362203.96750788,33170.0731707317,1595107.2565233272,5361262.02148824,33170.0731707317
1595498.60715811,5362719.676039275,32682.29268292683,3.968271663770019,1595204.2771660234,5362293.438551026,32194.51219512195,1595547.1174794582,5363235.3845706675,32194.51219512195,1595792.9371501966,5363145.913527522,33170.0731707317,1595450.0968367618,5362203.96750788,33170.0731707317
1595841.4474715448,5363661.622058915,32682.29268292683,3.1354954734928775,1595547.1174794582,5363235.3845706675,32194.51219512195,1595889.9577928928,5364177.330590308,32194.51219512195,1596135.7774636315,5364087.859547162,33170.0731707317,1595792.9371501966,5363145.913527522,33170.0731707317
1596184.2877849797,5364603.568078555,32682.29268292683,2.448626563858118,1595889.9577928928,5364177.330590308,32194.51219512195,1596232.7981063277,5365119.27660995,32194.51219512195,1596478.6177770663,5365029.805566804,33170.0731707317,1596135.7774636315,5364087.859547162,33170.0731707317
1596527.1280984145,5365545.514098196,32682.29268292683,2.0993741694410324,1596232.7981063277,5365119.27660995,32194.51219512195,1596575.6384197625,5366061.22262959,32194.51219512195,1596821.4580905011,5365971.751586444,33170.0731707317,1596478.6177770663,5365029.805566804,33170.0731707317
1596869.9684118493,5366487.460117837,32682.29268292683,2.3493215656263606,1596575.6384197625,5366061.22262959,32194.51219512195,1596918.4787331973,5367003.168649231,32194.51219512195,1597164.2984039357,5366913.697606085,33170.0731707317,1596821.4580905011,5365971.751586444,33170.0731707317
1597212.808725284,5367429.406137479,32682.29268292683,2.4391753524372626,1596918.4787331973,5367003.168649231,32194.51219512195,1597261.319046632,5367945.114668871,32194.51219512195,1597507.1387173708,5367855.643625726,33170.0731707317,1597164.2984039357,5366913.697606085,33170.0731707317
1597555.649038719,5368371.352157119,32682.29268292683,2.3671311510826087,1597261.319046632,5367945.114668871,32194.51219512195,1597604.159360067,5368887.060688513,32194.51219512195,1597849.9790308056,5368797.589645366,33170.0731707317,1597507.1387173708,5367855.643625726,33170.0731707317
1597898.4893521538,5369313.298176761,32682.29268292683,1.9118783160924393,1597604.159360067,5368887.060688513,32194.51219512195,1597946.9996735018,5369829.0067081535,32194.51219512195,1598192.8193442405,5369739.535665007,33170.0731707317,1597849.9790308056,5368797.589645366,33170.0731707317
1598241.3296655887,5370255.244196401,32682.29268292683,2.012764014710518,1597946.9996735018,5369829.0067081535,32194.51219512195,1598289.8399869367,5370770.952727795,32194.51219512195,1598535.659657675,5370681.481684648,33170.0731707317,1598192.8193442405,5369739.535665007,33170.0731707317
1598584.169979023,5371197.190216042,32682.29268292683,2.098132282764584,1598289.8399869367,5370770.952727795,32194.51219512195,1598632.6803003713,5371712.898747435,32194.51219512195,1598878.49997111,5371623.42770429,33170.0731707317,1598535.659657675,5370681.481684648,33170.0731707317
1598927.0102924579,5372139.136235682,32682.29268292683,2.456043160125996,1598632.6803003713,5371712.898747435,32194.51219512195,1598975.520613806,5372654.844767077,32194.51219512195,1599221.3402845447,5372565.37372393,33170.0731707317,1598878.49997111,5371623.42770429,33170.0731707317
1599269.8506058927,5373081.082255323,32682.29268292683,1.872963062727555,1598975.520613806,5372654.844767077,32194.51219512195,1599318.360927241,5373596.790786717,32194.51219512195,1599564.1805979796,5373507.319743571,33170.0731707317,1599221.3402845447,5372565.37372393,33170.0731707317
1599612.6909193275,5374023.028274965,32682.29268292683,1.5674901706051738,1599318.360927241,5373596.790786717,32194.51219512195,1599661.2012406758,5374538.736806357,32194.51219512195,1599907.0209114142,5374449.265763212,33170.0731707317,1599564.1805979796,5373507.319743571,33170.0731707317
1599955.5312327624,5374964.974294606,32682.29268292683,1.718799228530226,1599661.2012406758,5374538.736806357,32194.51219512195,1600004.0415541106,5375480.682825999,32194.51219512195,1600249.8612248492,5375391.211782853,33170.0731707317,1599907.0209114142,5374449.265763212,33170.0731707317
1600298.3715461974,5375906.920314246,32682.29268292683,1.677053872747691,1600004.0415541106,5375480.682825999,32194.51219512195,1600346.8818675457,5376422.62884564,32194.51219512195,1600592.701538284,5376333.157802493,33170.0731707317,1600249.8612248492,5375391.211782853,33170.0731707317
1600641.2118596323,5376848.866333888,32682.29268292683,1.491213723632113,1600346.8818675457,5376422.62884564,32194.51219512195,1600689.7221809803,5377364.574865281,32194.51219512195,1600935.541851719,5377275.103822135,33170.0731707317,1600592.701538284,5376333.157802493,33170.0731707317
1600984.0521730671,5377790.812353528,32682.29268292683,1.7117299425947552,1600689.7221809803,5377364.574865281,32194.51219512195,1601032.562494415,5378306.520884922,32194.51219512195,1601278.3821651537,5378217.049841776,33170.0731707317,1600935.541851719,5377275.103822135,33170.0731707317
1601326.892486502,5378732.758373169,32682.29268292683,2.383707065531599,1601032.562494415,5378306.520884922,32194.51219512195,1601375.40280785,5379248.466904563,32194.51219512195,1601621.2224785886,5379158.995861417,33170.0731707317,1601278.3821651537,5378217.049841776,33170.0731707317
1601669.7327999366,5379674.704392809,32682.29268292683,3.599524713773692,1601375.40280785,5379248.466904563,32194.51219512195,1601718.2431212848,5380190.412924204,32194.51219512195,1601964.0627920232,5380100.941881057,33170.0731707317,1601621.2224785886,5379158.995861417,33170.0731707317
1602012.5731133714,5380616.650412451,32682.29268292683,4.377903390470436,1601718.2431212848,5380190.412924204,32194.51219512195,1602061.0834347196,5381132.358943844,32194.51219512195,1602306.903105458,5381042.887900699,33170.0731707317,1601964.0627920232,5380100.941881057,33170.0731707317
1550489.5054554536,5238293.33040353,33657.85365853658,4.278790014035044,1550195.1754633668,5237867.0929152835,33170.0731707317,1550538.0157768014,5238809.038934925,33170.0731707317,1550783.835447541,5238719.5678917775,34145.634146341465,1550440.9951341061,5237777.621872137,34145.634146341465
1550832.3457688885,5239235.276423171,33657.85365853658,4.0212548847383385,1550538.0157768014,5238809.038934925,33170.0731707317,1550880.8560902362,5239750.984954565,33170.0731707317,1551126.6757609758,5239661.51391142,34145.634146341465,1550783.835447541,5238719.5678917775,34145.634146341465
1551175.1860823233,5240177.222442812,33657.85365853658,3.7903519725300616,1550880.8560902362,5239750.984954565,33170.0731707317,1551223.696403671,5240692.930974206,33170.0731707317,1551469.5160744104,5240603.45993106,34145.634146341465,1551126.6757609758,5239661.51391142,34145.634146341465
1551518.0263957581,5241119.168462453,33657.85365853658,3.811061117030869,1551223.696403671,5240692.930974206,33170.0731707317,1551566.536717106,5241634.876993847,33170.0731707317,1551812.3563878452,5241545.405950701,34145.634146341465,1551469.5160744104,5240603.45993106,34145.634146341465
1551860.866709193,5242061.1144820945,33657.85365853658,3.927832630996468,1551566.536717106,5241634.876993847,33170.0731707317,1551909.3770305405,5242576.823013488,33170.0731707317,1552155.19670128,5242487.351970341,34145.634146341465,1551812.3563878452,5241545.405950701,34145.634146341465
1552203.7070226278,5243003.060501736,33657.85365853658,3.6203018402133966,1551909.3770305405,5242576.823013488,33170.0731707317,1552252.2173439753,5243518.769033128,33170.0731707317,1552498.037014715,5243429.297989983,34145.634146341465,1552155.19670128,5242487.351970341,34145.634146341465
1552546.5473360624,5243945.006521376,33657.85365853658,3.995640479298359,1552252.2173439753,5243518.769033128,33170.0731707317,1552595.0576574104,5244460.7150527695,33170.0731707317,1552840.8773281497,5244371.244009623,34145.634146341465,1552498.037014715,5243429.297989983,34145.634146341465
1552889.3876494975,5244886.952541017,33657.85365853658,3.471908121608511,1552595.0576574104,5244460.7150527695,33170.0731707317,1552937.8979708452,5245402.661072411,33170.0731707317,1553183.7176415846,5245313.190029264,34145.634146341465,1552840.8773281497,5244371.244009623,34145.634146341465
1553232.2279629323,5245828.898560658,33657.85365853658,2.7125397200732992,1552937.8979708452,5245402.661072411,33170.0731707317,1553280.73828428,5246344.607092052,33170.0731707317,1553526.5579550194,5246255.136048906,34145.634146341465,1553183.7176415846,5245313.190029264,34145.634146341465
1553575.0682763672,5246770.844580298,33657.85365853658,2.383263902454421,1553280.73828428,5246344.607092052,33170.0731707317,1553623.5785977147,5247286.553111692,33170.0731707317,1553869.3982684542,5247197.082068547,34145.634146341465,1553526.5579550194,5246255.136048906,34145.634146341465
1553917.9085898018,5247712.790599939,33657.85365853658,2.0390355495966754,1553623.5785977147,5247286.553111692,33170.0731707317,1553966.4189111495,5248228.499131334,33170.0731707317,1554212.2385818888,5248139.028088187,34145.634146341465,1553869.3982684542,5247197.082068547,34145.634146341465
1554260.7489032366,5248654.736619581,33657.85365853658,1.8772612105536162,1553966.4189111495,5248228.499131334,33170.0731707317,1554309.2592245843,5249170.445150974,33170.0731707317,1554555.0788953237,5249080.974107827,34145.634146341465,1554212.2385818888,5248139.028088187,34145.634146341465
1554603.5892166714,5249596.682639222,33657.85365853658,1.6643177951975325,1554309.2592245843,5249170.445150974,33170.0731707317,1554652.0995380192,5250112.391170615,33170.0731707317,1554897.9192087585,5250022.920127469,34145.634146341465,1554555.0788953237,5249080.974107827,34145.634146341465
1554946.4295301063,5250538.628658862,33657.85365853658,1.4259603719643312,1554652.0995380192,5250112.391170615,33170.0731707317,1554994.9398514538,5251054.3371902555,33170.0731707317,1555240.7595221933,5250964.866147109,34145.634146341465,1554897.9192087585,5250022.920127469,34145.634146341465
1555289.2698435413,5251480.574678503,33657.85365853658,1.5715605613033397,1554994.9398514538,5251054.3371902555,33170.0731707317,1555337.7801648888,5251996.283209897,33170.0731707317,1555583.5998356284,5251906.81216675,34145.634146341465,1555240.7595221933,5250964.866147109,34145.634146341465
1555632.1101569762,5252422.520698144,33657.85365853658,1.699950562149404,1555337.7801648888,5251996.283209897,33170.0731707317,1555680.6204783237,5252938.229229538,33170.0731707317,1555926.440149063,5252848.758186391,34145.634146341465,1555583.5998356284,5251906.81216675,34145.634146341465
1555974.9504704108,5253364.466717785,33657.85365853658,1.6617615371938879,1555680.6204783237,5252938.229229538,33170.0731707317,1556023.4607917585,5253880.175249179,33170.0731707317,1556269.2804624978,5253790.704206033,34145.634146341465,1555926.440149063,5252848.758186391,34145.634146341465
1556317.7907838456,5254306.412737425,33657.85365853658,1.7981331645539063,1556023.4607917585,5253880.175249179,33170.0731707317,1556366.3011051933,5254822.121268819,33170.0731707317,1556612.1207759327,5254732.650225673,34145.634146341465,1556269.2804624978,5253790.704206033,34145.634146341465
1556660.6310972804,5255248.358757067,33657.85365853658,1.7360184382425665,1556366.3011051933,5254822.121268819,33170.0731707317,1556709.1414186282,5255764.067288461,33170.0731707317,1556954.9610893675,5255674.596245314,34145.634146341465,1556612.1207759327,5254732.650225673,34145.634146341465
1557003.471410715,5256190.304776709,33657.85365853658,1.9607794873006426,1556709.1414186282,5255764.067288461,33170.0731707317,1557051.9817320628,5256706.013308101,33170.0731707317,1557297.8014028023,5256616.542264955,34145.634146341465,1556954.9610893675,5255674.596245314,34145.634146341465
1557346.3117241499,5257132.250796349,33657.85365853658,1.7560567876317232,1557051.9817320628,5256706.013308101,33170.0731707317,1557394.8220454976,5257647.9593277415,33170.0731707317,1557640.641716237,5257558.488284596,34145.634146341465,1557297.8014028023,5256616.542264955,34145.634146341465
1557689.1520375847,5258074.196815989,33657.85365853658,1.7887064299781854,1557394.8220454976,5257647.9593277415,33170.0731707317,1557737.6623589324,5258589.905347384,33170.0731707317,1557983.482029672,5258500.434304236,34145.634146341465,1557640.641716237,5257558.488284596,34145.634146341465
1558031.9923510198,5259016.14283563,33657.85365853658,1.6789815853046315,1557737.6623589324,5258589.905347384,33170.0731707317,1558080.5026723675,5259531.851367024,33170.0731707317,1558326.3223431068,5259442.380323878,34145.634146341465,1557983.482029672,5258500.434304236,34145.634146341465
1558374.8326644546,5259958.088855271,33657.85365853658,1.5190778374213818,1558080.5026723675,5259531.851367024,33170.0731707317,1558423.342985802,5260473.797386665,33170.0731707317,1558669.1626565417,5260384.326343519,34145.634146341465,1558326.3223431068,5259442.380323878,34145.634146341465
1558717.6729778892,5260900.034874912,33657.85365853658,1.1698686431208851,1558423.342985802,5260473.797386665,33170.0731707317,1558766.183299237,5261415.743406305,33170.0731707317,1559012.0029699765,5261326.27236316,34145.634146341465,1558669.1626565417,5260384.326343519,34145.634146341465
1559060.513291324,5261841.980894553,33657.85365853658,1.0242215631098577,1558766.183299237,5261415.743406305,33170.0731707317,1559109.0236126718,5262357.689425947,33170.0731707317,1559354.843283411,5262268.2183828,34145.634146341465,1559012.0029699765,5261326.27236316,34145.634146341465
1559403.3536047589,5262783.926914194,33657.85365853658,0.9917664035095822,1559109.0236126718,5262357.689425947,33170.0731707317,1559451.8639261066,5263299.635445587,33170.0731707317,1559697.683596846,5263210.164402441,34145.634146341465,1559354.843283411,5262268.2183828,34145.634146341465
1559746.1939181937,5263725.872933835,33657.85365853658,0.7425960320404419,1559451.8639261066,5263299.635445587,33170.0731707317,1559794.7042395412,5264241.581465228,33170.0731707317,1560040.5239102808,5264152.110422082,34145.634146341465,1559697.683596846,5263210.164402441,34145.634146341465
1560089.0342316285,5264667.818953476,33657.85365853658,0.8550420284499712,1559794.7042395412,5264241.581465228,33170.0731707317,1560137.544552976,5265183.527484869,33170.0731707317,1560383.3642237156,5265094.056441723,34145.634146341465,1560040.5239102808,5264152.110422082,34145.634146341465
1560431.8745450634,5265609.764973116,33657.85365853658,1.0875449633951293,1560137.544552976,5265183.527484869,33170.0731707317,1560480.384866411,5266125.473504511,33170.0731707317,1560726.2045371505,5266036.002461364,34145.634146341465,1560383.3642237156,5265094.056441723,34145.634146341465
1560774.7148584982,5266551.710992758,33657.85365853658,1.0496322458517224,1560480.384866411,5266125.473504511,33170.0731707317,1560823.225179846,5267067.419524151,33170.0731707317,1561069.0448505853,5266977.948481005,34145.634146341465,1560726.2045371505,5266036.002461364,34145.634146341465
1561117.555171933,5267493.657012398,33657.85365853658,1.1013801618085701,1560823.225179846,5267067.419524151,33170.0731707317,1561166.0654932808,5268009.365543792,33170.0731707317,1561411.8851640201,5267919.894500646,34145.634146341465,1561069.0448505853,5266977.948481005,34145.634146341465
1561460.3954853679,5268435.6030320395,33657.85365853658,0.739448996811489,1561166.0654932808,5268009.365543792,33170.0731707317,1561508.9058067154,5268951.311563432,33170.0731707317,1561754.725477455,5268861.840520287,34145.634146341465,1561411.8851640201,5267919.894500646,34145.634146341465
1561803.2357988027,5269377.54905168,33657.85365853658,0.7187885236335709,1561508.9058067154,5268951.311563432,33170.0731707317,1561851.7461201502,5269893.257583074,33170.0731707317,1562097.5657908896,5269803.786539927,34145.634146341465,1561754.725477455,5268861.840520287,34145.634146341465
1562146.0761122373,5270319.495071321,33657.85365853658,0.642156138400554,1561851.7461201502,5269893.257583074,33170.0731707317,1562194.586433585,5270835.203602714,33170.0731707317,1562440.4061043244,5270745.732559568,34145.634146341465,1562097.5657908896,5269803.786539927,34145.634146341465
1562488.9164256721,5271261.441090962,33657.85365853658,0.6412679218325334,1562194.586433585,5270835.203602714,33170.0731707317,1562537.4267470199,5271777.149622356,33170.0731707317,1562783.2464177592,5271687.678579209,34145.634146341465,1562440.4061043244,5270745.732559568,34145.634146341465
1562831.7567391067,5272203.387110603,33657.85365853658,0.657770606358377,1562537.4267470199,5271777.149622356,33170.0731707317,1562880.2670604545,5272719.095641997,33170.0731707317,1563126.086731194,5272629.62459885,34145.634146341465,1562783.2464177592,5271687.678579209,34145.634146341465
1563174.5970525418,5273145.333130243,33657.85365853658,0.6610285775170397,1562880.2670604545,5272719.095641997,33170.0731707317,1563223.1073738895,5273661.041661637,33170.0731707317,1563468.9270446291,5273571.570618491,34145.634146341465,1563126.086731194,5272629.62459885,34145.634146341465
1563517.4373659766,5274087.279149884,33657.85365853658,0.6432392684869962,1563223.1073738895,5273661.041661637,33170.0731707317,1563565.9476873244,5274602.987681278,33170.0731707317,1563811.7673580637,5274513.516638132,34145.634146341465,1563468.9270446291,5273571.570618491,34145.634146341465
1563860.2776794115,5275029.2251695255,33657.85365853658,0.7258942670957039,1563565.9476873244,5274602.987681278,33170.0731707317,1563908.7880007592,5275544.933700918,33170.0731707317,1564154.6076714986,5275455.462657773,34145.634146341465,1563811.7673580637,5274513.516638132,34145.634146341465
1564203.1179928463,5275971.171189166,33657.85365853658,0.7449147505076169,1563908.7880007592,5275544.933700918,33170.0731707317,1564251.6283141938,5276486.87972056,33170.0731707317,1564497.4479849334,5276397.408677413,34145.634146341465,1564154.6076714986,5275455.462657773,34145.634146341465
1564545.9583062811,5276913.117208808,33657.85365853658,0.7148384459678303,1564251.6283141938,5276486.87972056,33170.0731707317,1564594.4686276286,5277428.8257402005,33170.0731707317,1564840.2882983682,5277339.354697054,34145.634146341465,1564497.4479849334,5276397.408677413,34145.634146341465
1564888.7986197157,5277855.063228448,33657.85365853658,0.611023571621278,1564594.4686276286,5277428.8257402005,33170.0731707317,1564937.3089410635,5278370.771759842,33170.0731707317,1565183.1286118028,5278281.300716695,34145.634146341465,1564840.2882983682,5277339.354697054,34145.634146341465
1565231.6389331506,5278797.009248088,33657.85365853658,0.5929195935188167,1564937.3089410635,5278370.771759842,33170.0731707317,1565280.1492544983,5279312.717779482,33170.0731707317,1565525.9689252377,5279223.2467363365,34145.634146341465,1565183.1286118028,5278281.300716695,34145.634146341465
1565574.4792465854,5279738.955267729,33657.85365853658,0.4988013512747508,1565280.1492544983,5279312.717779482,33170.0731707317,1565622.9895679331,5280254.663799124,33170.0731707317,1565868.8092386727,5280165.192755977,34145.634146341465,1565525.9689252377,5279223.2467363365,34145.634146341465
1565917.3195600205,5280680.901287371,33657.85365853658,0.4979339747860756,1565622.9895679331,5280254.663799124,33170.0731707317,1565965.829881368,5281196.609818764,33170.0731707317,1566211.6495521076,5281107.138775619,34145.634146341465,1565868.8092386727,5280165.192755977,34145.634146341465
1566260.159873455,5281622.8473070115,33657.85365853658,0.4984977375191793,1565965.829881368,5281196.609818764,33170.0731707317,1566308.6701948028,5282138.555838405,33170.0731707317,1566554.4898655422,5282049.084795259,34145.634146341465,1566211.6495521076,5281107.138775619,34145.634146341465
1566603.00018689,5282564.793326653,33657.85365853658,0.43533244816776295,1566308.6701948028,5282138.555838405,33170.0731707317,1566651.5105082376,5283080.501858046,33170.0731707317,1566897.3301789772,5282991.0308149,34145.634146341465,1566554.4898655422,5282049.084795259,34145.634146341465
1566945.8405003247,5283506.739346293,33657.85365853658,0.3931092785942847,1566651.5105082376,5283080.501858046,33170.0731707317,1566994.3508216725,5284022.447877687,33170.0731707317,1567240.1704924118,5283932.97683454,34145.634146341465,1566897.3301789772,5282991.0308149,34145.634146341465
1567288.6808137596,5284448.685365935,33657.85365853658,0.2674612937629716,1566994.3508216725,5284022.447877687,33170.0731707317,1567337.1911351073,5284964.393897328,33170.0731707317,1567583.0108058467,5284874.922854182,34145.634146341465,1567240.1704924118,5283932.97683454,34145.634146341465
1567631.5211271944,5285390.631385575,33657.85365853658,0.27772943281487605,1567337.1911351073,5284964.393897328,33170.0731707317,1567680.031448542,5285906.339916969,33170.0731707317,1567925.8511192815,5285816.8688738225,34145.634146341465,1567583.0108058467,5284874.922854182,34145.634146341465
1567974.3614406292,5286332.577405215,33657.85365853658,0.29679588489510234,1567680.031448542,5285906.339916969,33170.0731707317,1568022.8717619767,5286848.28593661,33170.0731707317,1568268.6914327163,5286758.814893464,34145.634146341465,1567925.8511192815,5285816.8688738225,34145.634146341465
1568317.201754064,5287274.523424857,33657.85365853658,0.286371894392862,1568022.8717619767,5286848.28593661,33170.0731707317,1568365.7120754118,5287790.231956251,33170.0731707317,1568611.5317461512,5287700.760913104,34145.634146341465,1568268.6914327163,5286758.814893464,34145.634146341465
1568660.042067499,5288216.469444498,33657.85365853658,0.29272066015505904,1568365.7120754118,5287790.231956251,33170.0731707317,1568708.5523888466,5288732.177975891,33170.0731707317,1568954.372059586,5288642.706932746,34145.634146341465,1568611.5317461512,5287700.760913104,34145.634146341465
1569002.8823809337,5289158.415464139,33657.85365853658,0.3991540093090531,1568708.5523888466,5288732.177975891,33170.0731707317,1569051.3927022815,5289674.123995532,33170.0731707317,1569297.2123730208,5289584.652952386,34145.634146341465,1568954.372059586,5288642.706932746,34145.634146341465
1569345.7226943683,5290100.36148378,33657.85365853658,0.4850081088837817,1569051.3927022815,5289674.123995532,33170.0731707317,1569394.233015716,5290616.070015173,33170.0731707317,1569640.0526864557,5290526.598972027,34145.634146341465,1569297.2123730208,5289584.652952386,34145.634146341465
1569688.5630078032,5291042.307503421,33657.85365853658,0.4360132315187205,1569394.233015716,5290616.070015173,33170.0731707317,1569737.073329151,5291558.0160348145,33170.0731707317,1569982.8929998905,5291468.544991667,34145.634146341465,1569640.0526864557,5290526.598972027,34145.634146341465
1570031.403321238,5291984.253523062,33657.85365853658,0.4367828488274735,1569737.073329151,5291558.0160348145,33170.0731707317,1570079.9136425857,5292499.962054455,33170.0731707317,1570325.733313325,5292410.4910113085,34145.634146341465,1569982.8929998905,5291468.544991667,34145.634146341465
1570374.2436346728,5292926.199542702,33657.85365853658,0.33354758910440374,1570079.9136425857,5292499.962054455,33170.0731707317,1570422.7539560206,5293441.908074097,33170.0731707317,1570668.57362676,5293352.43703095,34145.634146341465,1570325.733313325,5292410.4910113085,34145.634146341465
1570717.0839481077,5293868.145562342,33657.85365853658,0.24561217749489436,1570422.7539560206,5293441.908074097,33170.0731707317,1570765.5942694552,5294383.854093737,33170.0731707317,1571011.4139401948,5294294.38305059,34145.634146341465,1570668.57362676,5293352.43703095,34145.634146341465
1571059.9242615425,5294810.0915819835,33657.85365853658,0.20351078265798653,1570765.5942694552,5294383.854093737,33170.0731707317,1571108.4345828902,5295325.800113377,33170.0731707317,1571354.2542536298,5295236.329070232,34145.634146341465,1571011.4139401948,5294294.38305059,34145.634146341465
1571402.7645749773,5295752.037601625,33657.85365853658,0.1656801968755738,1571108.4345828902,5295325.800113377,33170.0731707317,1571451.274896325,5296267.746133018,33170.0731707317,1571697.0945670644,5296178.275089872,34145.634146341465,1571354.2542536298,5295236.329070232,34145.634146341465
1571745.6048884122,5296693.983621266,33657.85365853658,0.13893078020303798,1571451.274896325,5296267.746133018,33170.0731707317,1571794.11520976,5297209.692152659,33170.0731707317,1572039.9348804993,5297120.221109513,34145.634146341465,1571697.0945670644,5296178.275089872,34145.634146341465
1572088.445201847,5297635.929640906,33657.85365853658,0.17619527875389976,1571794.11520976,5297209.692152659,33170.0731707317,1572136.9555231945,5298151.6381723005,33170.0731707317,1572382.775193934,5298062.167129153,34145.634146341465,1572039.9348804993,5297120.221109513,34145.634146341465
1572431.2855152818,5298577.875660548,33657.85365853658,0.27605804578994864,1572136.9555231945,5298151.6381723005,33170.0731707317,1572479.7958366293,5299093.584191941,33170.0731707317,1572725.615507369,5299004.113148795,34145.634146341465,1572382.775193934,5298062.167129153,34145.634146341465
1572774.1258287167,5299519.821680188,33657.85365853658,0.3333372546820132,1572479.7958366293,5299093.584191941,33170.0731707317,1572822.6361500642,5300035.530211582,33170.0731707317,1573068.4558208035,5299946.059168436,34145.634146341465,1572725.615507369,5299004.113148795,34145.634146341465
1573116.9661421513,5300461.767699829,33657.85365853658,0.4614496477666001,1572822.6361500642,5300035.530211582,33170.0731707317,1573165.476463499,5300977.476231223,33170.0731707317,1573411.2961342384,5300888.005188077,34145.634146341465,1573068.4558208035,5299946.059168436,34145.634146341465
1573459.806455586,5301403.71371947,33657.85365853658,0.5001641600017471,1573165.476463499,5300977.476231223,33170.0731707317,1573508.3167769338,5301919.422250864,33170.0731707317,1573754.1364476734,5301829.951207717,34145.634146341465,1573411.2961342384,5300888.005188077,34145.634146341465
1573802.6467690212,5302345.659739111,33657.85365853658,0.43699911611402464,1573508.3167769338,5301919.422250864,33170.0731707317,1573851.1570903687,5302861.368270504,33170.0731707317,1574096.9767611083,5302771.897227359,34145.634146341465,1573754.1364476734,5301829.951207717,34145.634146341465
1574145.487082456,5303287.605758752,33657.85365853658,0.3632275613355545,1573851.1570903687,5302861.368270504,33170.0731707317,1574193.9974038035,5303803.314290145,33170.0731707317,1574439.817074543,5303713.843246999,34145.634146341465,1574096.9767611083,5302771.897227359,34145.634146341465
1574488.3273958908,5304229.551778393,33657.85365853658,0.2839615275636051,1574193.9974038035,5303803.314290145,33170.0731707317,1574536.8377172383,5304745.260309787,33170.0731707317,1574782.6573879777,5304655.78926664,34145.634146341465,1574439.817074543,5303713.843246999,34145.634146341465
1574831.1677093254,5305171.497798034,33657.85365853658,0.275511200950393,1574536.8377172383,5304745.260309787,33170.0731707317,1574879.6780306732,5305687.206329428,33170.0731707317,1575125.4977014125,5305597.735286281,34145.634146341465,1574782.6573879777,5304655.78926664,34145.634146341465
1575174.00802276,5306113.443817674,33657.85365853658,0.41335816773874273,1574879.6780306732,5305687.206329428,33170.0731707317,1575222.5183441078,5306629.152349068,33170.0731707317,1575468.3380148474,5306539.681305922,34145.634146341465,1575125.4977014125,5305597.735286281,34145.634146341465
1575516.8483361949,5307055.389837315,33657.85365853658,0.4672492784593656,1575222.5183441078,5306629.152349068,33170.0731707317,1575565.3586575426,5307571.09836871,33170.0731707317,1575811.1783282822,5307481.627325563,34145.634146341465,1575468.3380148474,5306539.681305922,34145.634146341465
1575859.6886496297,5307997.335856956,33657.85365853658,0.3472587149078871,1575565.3586575426,5307571.09836871,33170.0731707317,1575908.1989709774,5308513.04438835,33170.0731707317,1576154.0186417168,5308423.573345203,34145.634146341465,1575811.1783282822,5307481.627325563,34145.634146341465
1576202.5289630645,5308939.281876598,33657.85365853658,0.3320265778771833,1575908.1989709774,5308513.04438835,33170.0731707317,1576251.0392844123,5309454.99040799,33170.0731707317,1576496.8589551519,5309365.519364845,34145.634146341465,1576154.0186417168,5308423.573345203,34145.634146341465
1576545.3692764996,5309881.227896238,33657.85365853658,0.3748751637754561,1576251.0392844123,5309454.99040799,33170.0731707317,1576593.8795978471,5310396.936427631,33170.0731707317,1576839.6992685867,5310307.465384485,34145.634146341465,1576496.8589551519,5309365.519364845,34145.634146341465
1576888.2095899344,5310823.173915878,33657.85365853658,0.37963819480259864,1576593.8795978471,5310396.936427631,33170.0731707317,1576936.719911282,5311338.882447273,33170.0731707317,1577182.5395820215,5311249.411404126,34145.634146341465,1576839.6992685867,5310307.465384485,34145.634146341465
1577231.049903369,5311765.11993552,33657.85365853658,0.4257734532867841,1576936.719911282,5311338.882447273,33170.0731707317,1577279.5602247168,5312280.828466914,33170.0731707317,1577525.3798954561,5312191.3574237665,34145.634146341465,1577182.5395820215,5311249.411404126,34145.634146341465
1577573.8902168039,5312707.065955161,33657.85365853658,0.38813921430170906,1577279.5602247168,5312280.828466914,33170.0731707317,1577622.4005381516,5313222.774486554,33170.0731707317,1577868.220208891,5313133.303443409,34145.634146341465,1577525.3798954561,5312191.3574237665,34145.634146341465
1577916.7305302387,5313649.011974801,33657.85365853658,0.3467776893938022,1577622.4005381516,5313222.774486554,33170.0731707317,1577965.2408515865,5314164.720506195,33170.0731707317,1578211.0605223258,5314075.249463049,34145.634146341465,1577868.220208891,5313133.303443409,34145.634146341465
1578259.5708436735,5314590.957994442,33657.85365853658,0.3971069796837967,1577965.2408515865,5314164.720506195,33170.0731707317,1578308.0811650213,5315106.666525837,33170.0731707317,1578553.9008357606,5315017.19548269,34145.634146341465,1578211.0605223258,5314075.249463049,34145.634146341465
1578602.4111571084,5315532.9040140845,33657.85365853658,0.42130411096979353,1578308.0811650213,5315106.666525837,33170.0731707317,1578650.921478456,5316048.612545477,33170.0731707317,1578896.7411491955,5315959.141502331,34145.634146341465,1578553.9008357606,5315017.19548269,34145.634146341465
1578945.2514705432,5316474.850033725,33657.85365853658,0.4276902689628772,1578650.921478456,5316048.612545477,33170.0731707317,1578993.761791891,5316990.558565117,33170.0731707317,1579239.5814626305,5316901.087521972,34145.634146341465,1578896.7411491955,5315959.141502331,34145.634146341465
1579288.091783978,5317416.796053365,33657.85365853658,0.5340773099868619,1578993.761791891,5316990.558565117,33170.0731707317,1579336.6021053258,5317932.5045847595,33170.0731707317,1579582.4217760651,5317843.033541612,34145.634146341465,1579239.5814626305,5316901.087521972,34145.634146341465
1579630.9320974129,5318358.742073005,33657.85365853658,0.5702088838928215,1579336.6021053258,5317932.5045847595,33170.0731707317,1579679.4424187606,5318874.4506044,33170.0731707317,1579925.2620895,5318784.979561253,34145.634146341465,1579582.4217760651,5317843.033541612,34145.634146341465
1579973.7724108477,5319300.688092647,33657.85365853658,0.5900831625814175,1579679.4424187606,5318874.4506044,33170.0731707317,1580022.2827321955,5319816.396624041,33170.0731707317,1580268.1024029348,5319726.925580895,34145.634146341465,1579925.2620895,5318784.979561253,34145.634146341465
1580316.6127242825,5320242.634112288,33657.85365853658,0.7632448577067757,1580022.2827321955,5319816.396624041,33170.0731707317,1580365.12304563,5320758.342643681,33170.0731707317,1580610.9427163696,5320668.871600536,34145.634146341465,1580268.1024029348,5319726.925580895,34145.634146341465
1580659.4530377174,5321184.580131928,33657.85365853658,0.7943614198748096,1580365.12304563,5320758.342643681,33170.0731707317,1580707.963359065,5321700.288663323,33170.0731707317,1580953.7830298042,5321610.817620176,34145.634146341465,1580610.9427163696,5320668.871600536,34145.634146341465
1581002.293351152,5322126.5261515705,33657.85365853658,0.8759329313011683,1580707.963359065,5321700.288663323,33170.0731707317,1581050.8036724997,5322642.234682963,33170.0731707317,1581296.623343239,5322552.763639817,34145.634146341465,1580953.7830298042,5321610.817620176,34145.634146341465
1581345.1336645868,5323068.472171211,33657.85365853658,0.9015968579507628,1581050.8036724997,5322642.234682963,33170.0731707317,1581393.6439859346,5323584.180702604,33170.0731707317,1581639.4636566741,5323494.709659458,34145.634146341465,1581296.623343239,5322552.763639817,34145.634146341465
1581687.9739780216,5324010.418190852,33657.85365853658,1.113569548502379,1581393.6439859346,5323584.180702604,33170.0731707317,1581736.4842993694,5324526.126722245,33170.0731707317,1581982.303970109,5324436.655679099,34145.634146341465,1581639.4636566741,5323494.709659458,34145.634146341465
1582030.8142914565,5324952.364210492,33657.85365853658,1.4158641840291146,1581736.4842993694,5324526.126722245,33170.0731707317,1582079.3246128042,5325468.072741887,33170.0731707317,1582325.1442835438,5325378.601698739,34145.634146341465,1581982.303970109,5324436.655679099,34145.634146341465
1582373.6546048913,5325894.310230133,33657.85365853658,1.9218628427766147,1582079.3246128042,5325468.072741887,33170.0731707317,1582422.164926239,5326410.018761527,33170.0731707317,1582667.9845969784,5326320.547718381,34145.634146341465,1582325.1442835438,5325378.601698739,34145.634146341465
1582716.4949183261,5326836.256249774,33657.85365853658,2.235590031567697,1582422.164926239,5326410.018761527,33170.0731707317,1582765.005239674,5327351.964781168,33170.0731707317,1583010.8249104132,5327262.493738022,34145.634146341465,1582667.9845969784,5326320.547718381,34145.634146341465
1583059.335231761,5327778.202269415,33657.85365853658,2.2457975578042335,1582765.005239674,5327351.964781168,33170.0731707317,1583107.8455531085,5328293.910800809,33170.0731707317,1583353.665223848,5328204.439757662,34145.634146341465,1583010.8249104132,5327262.493738022,34145.634146341465
1583402.1755451956,5328720.148289056,33657.85365853658,2.335886333114457,1583107.8455531085,5328293.910800809,33170.0731707317,1583450.6858665433,5329235.85682045,33170.0731707317,1583696.505537283,5329146.385777303,34145.634146341465,1583353.665223848,5328204.439757662,34145.634146341465
1583745.0158586304,5329662.094308697,33657.85365853658,2.1960804347533656,1583450.6858665433,5329235.85682045,33170.0731707317,1583793.5261799782,5330177.80284009,33170.0731707317,1584039.3458507175,5330088.331796944,34145.634146341465,1583696.505537283,5329146.385777303,34145.634146341465
1584087.8561720653,5330604.040328338,33657.85365853658,2.0232820214399045,1583793.5261799782,5330177.80284009,33170.0731707317,1584136.366493413,5331119.748859731,33170.0731707317,1584382.1861641526,5331030.277816585,34145.634146341465,1584039.3458507175,5330088.331796944,34145.634146341465
1584430.6964855003,5331545.986347978,33657.85365853658,2.1990436386102585,1584136.366493413,5331119.748859731,33170.0731707317,1584479.2068068478,5332061.694879373,33170.0731707317,1584725.0264775874,5331972.223836225,34145.634146341465,1584382.1861641526,5331030.277816585,34145.634146341465
1584773.5367989352,5332487.932367619,33657.85365853658,2.6480105819606763,1584479.2068068478,5332061.694879373,33170.0731707317,1584822.0471202827,5333003.640899013,33170.0731707317,1585067.8667910222,5332914.169855867,34145.634146341465,1584725.0264775874,5331972.223836225,34145.634146341465
1585116.37711237,5333429.87838726,33657.85365853658,3.6566437099780718,1584822.0471202827,5333003.640899013,33170.0731707317,1585164.8874337175,5333945.586918654,33170.0731707317,1585410.7071044568,5333856.115875508,34145.634146341465,1585067.8667910222,5332914.169855867,34145.634146341465
1585459.2174258046,5334371.8244069,33657.85365853658,4.2988841323007225,1585164.8874337175,5333945.586918654,33170.0731707317,1585507.7277471523,5334887.532938294,33170.0731707317,1585753.5474178917,5334798.061895149,34145.634146341465,1585410.7071044568,5333856.115875508,34145.634146341465
1585802.0577392394,5335313.770426542,33657.85365853658,4.7223612104159765,1585507.7277471523,5334887.532938294,33170.0731707317,1585850.5680605872,5335829.478957936,33170.0731707317,1586096.3877313265,5335740.007914789,34145.634146341465,1585753.5474178917,5334798.061895149,34145.634146341465
1586144.8980526743,5336255.716446184,33657.85365853658,4.4928760030934045,1585850.5680605872,5335829.478957936,33170.0731707317,1586193.4083740218,5336771.424977576,33170.0731707317,1586439.2280447613,5336681.95393443,34145.634146341465,1586096.3877313265,5335740.007914789,34145.634146341465
1586487.738366109,5337197.662465824,33657.85365853658,4.432704964341199,1586193.4083740218,5336771.424977576,33170.0731707317,1586536.2486874566,5337713.3709972175,33170.0731707317,1586782.0683581962,5337623.899954071,34145.634146341465,1586439.2280447613,5336681.95393443,34145.634146341465
1586830.578679544,5338139.608485465,33657.85365853658,4.58330962942841,1586536.2486874566,5337713.3709972175,33170.0731707317,1586879.0890008917,5338655.317016858,33170.0731707317,1587124.908671631,5338565.845973712,34145.634146341465,1586782.0683581962,5337623.899954071,34145.634146341465
1587173.4189929788,5339081.554505105,33657.85365853658,4.748883370980062,1586879.0890008917,5338655.317016858,33170.0731707317,1587221.9293143265,5339597.2630365,33170.0731707317,1587467.7489850658,5339507.791993353,34145.634146341465,1587124.908671631,5338565.845973712,34145.634146341465
1587516.2593064134,5340023.500524747,33657.85365853658,4.827361992083327,1587221.9293143265,5339597.2630365,33170.0731707317,1587564.769627761,5340539.20905614,33170.0731707317,1587810.5892985007,5340449.738012995,34145.634146341465,1587467.7489850658,5339507.791993353,34145.634146341465
1587859.0996198482,5340965.446544387,33657.85365853658,6.503533666847913,1587564.769627761,5340539.20905614,33170.0731707317,1587907.609941196,5341481.155075781,33170.0731707317,1588153.4296119355,5341391.684032635,34145.634146341465,1587810.5892985007,5340449.738012995,34145.634146341465
1588201.939933283,5341907.392564028,33657.85365853658,8.8509966748102,1587907.609941196,5341481.155075781,33170.0731707317,1588250.4502546308,5342423.101095422,33170.0731707317,1588496.2699253703,5342333.630052276,34145.634146341465,1588153.4296119355,5341391.684032635,34145.634146341465
1588544.7802467179,5342849.338583669,33657.85365853658,9.190420266430515,1588250.4502546308,5342423.101095422,33170.0731707317,1588593.2905680656,5343365.047115063,33170.0731707317,1588839.110238805,5343275.576071916,34145.634146341465,1588496.2699253703,5342333.630052276,34145.634146341465
1588887.6205601527,5343791.284603311,33657.85365853658,7.3029343059983365,1588593.2905680656,5343365.047115063,33170.0731707317,1588936.1308815004,5344306.9931347035,33170.0731707317,1589181.9505522398,5344217.522091558,34145.634146341465,1588839.110238805,5343275.576071916,34145.634146341465
1589230.4608735875,5344733.230622951,33657.85365853658,6.863236860031979,1588936.1308815004,5344306.9931347035,33170.0731707317,1589278.9711949353,5345248.939154345,33170.0731707317,1589524.7908656746,5345159.468111198,34145.634146341465,1589181.9505522398,5344217.522091558,34145.634146341465
1589573.3011870226,5345675.176642592,33657.85365853658,6.181362309111536,1589278.9711949353,5345248.939154345,33170.0731707317,1589621.81150837,5346190.885173986,33170.0731707317,1589867.6311791097,5346101.4141308395,34145.634146341465,1589524.7908656746,5345159.468111198,34145.634146341465
1589916.1415004574,5346617.122662233,33657.85365853658,6.944619412631212,1589621.81150837,5346190.885173986,33170.0731707317,1589964.651821805,5347132.831193627,33170.0731707317,1590210.4714925445,5347043.36015048,34145.634146341465,1589867.6311791097,5346101.4141308395,34145.634146341465
1590258.981813892,5347559.068681874,33657.85365853658,8.092994612777884,1589964.651821805,5347132.831193627,33170.0731707317,1590307.4921352398,5348074.777213267,33170.0731707317,1590553.311805979,5347985.306170122,34145.634146341465,1590210.4714925445,5347043.36015048,34145.634146341465
1590601.8221273269,5348501.0147015145,33657.85365853658,8.38635068128497,1590307.4921352398,5348074.777213267,33170.0731707317,1590650.3324486746,5349016.723232908,33170.0731707317,1590896.152119414,5348927.252189762,34145.634146341465,1590553.311805979,5347985.306170122,34145.634146341465
1590944.6624407617,5349442.960721155,33657.85365853658,8.162248121978633,1590650.3324486746,5349016.723232908,33170.0731707317,1590993.1727621092,5349958.669252549,33170.0731707317,1591238.9924328488,5349869.198209402,34145.634146341465,1590896.152119414,5348927.252189762,34145.634146341465
1591287.5027541965,5350384.906740797,33657.85365853658,7.085030027873006,1590993.1727621092,5349958.669252549,33170.0731707317,1591336.013075544,5350900.61527219,33170.0731707317,1591581.8327462836,5350811.144229044,34145.634146341465,1591238.9924328488,5349869.198209402,34145.634146341465
1591630.3430676311,5351326.852760438,33657.85365853658,6.412857774349772,1591336.013075544,5350900.61527219,33170.0731707317,1591678.8533889789,5351842.561291831,33170.0731707317,1591924.6730597182,5351753.090248684,34145.634146341465,1591581.8327462836,5350811.144229044,34145.634146341465
1591973.183381066,5352268.798780078,33657.85365853658,6.402383178800775,1591678.8533889789,5351842.561291831,33170.0731707317,1592021.6937024137,5352784.507311472,33170.0731707317,1592267.5133731533,5352695.0362683255,34145.634146341465,1591924.6730597182,5351753.090248684,34145.634146341465
1592316.023694501,5353210.744799718,33657.85365853658,7.280493221709556,1592021.6937024137,5352784.507311472,33170.0731707317,1592364.5340158488,5353726.453331113,33170.0731707317,1592610.3536865881,5353636.982287966,34145.634146341465,1592267.5133731533,5352695.0362683255,34145.634146341465
1592658.8640079359,5354152.69081936,33657.85365853658,7.135578482820301,1592364.5340158488,5353726.453331113,33170.0731707317,1592707.3743292834,5354668.399350753,33170.0731707317,1592953.194000023,5354578.928307608,34145.634146341465,1592610.3536865881,5353636.982287966,34145.634146341465
1593001.7043213707,5355094.6368390005,33657.85365853658,6.684108898889062,1592707.3743292834,5354668.399350753,33170.0731707317,1593050.2146427182,5355610.345370394,33170.0731707317,1593296.0343134578,5355520.874327248,34145.634146341465,1592953.194000023,5354578.928307608,34145.634146341465
1593344.5446348055,5356036.582858642,33657.85365853658,6.011274433234305,1593050.2146427182,5355610.345370394,33170.0731707317,1593393.054956153,5356552.291390035,33170.0731707317,1593638.8746268924,5356462.820346889,34145.634146341465,1593296.0343134578,5355520.874327248,34145.634146341465
1593687.3849482401,5356978.528878283,33657.85365853658,5.169599895328165,1593393.054956153,5356552.291390035,33170.0731707317,1593735.8952695879,5357494.237409676,33170.0731707317,1593981.7149403272,5357404.766366529,34145.634146341465,1593638.8746268924,5356462.820346889,34145.634146341465
1594030.2252616747,5357920.474897923,33657.85365853658,4.839980433142331,1593735.8952695879,5357494.237409676,33170.0731707317,1594078.7355830225,5358436.183429317,33170.0731707317,1594324.555253762,5358346.712386171,34145.634146341465,1593981.7149403272,5357404.766366529,34145.634146341465
1594373.0655751096,5358862.420917564,33657.85365853658,5.516625975684222,1594078.7355830225,5358436.183429317,33170.0731707317,1594421.5758964573,5359378.129448958,33170.0731707317,1594667.395567197,5359288.6584058115,34145.634146341465,1594324.555253762,5358346.712386171,34145.634146341465
1594715.9058885444,5359804.366937205,33657.85365853658,5.733274402635975,1594421.5758964573,5359378.129448958,33170.0731707317,1594764.4162098924,5360320.075468599,33170.0731707317,1595010.2358806317,5360230.604425453,34145.634146341465,1594667.395567197,5359288.6584058115,34145.634146341465
1595058.7462019795,5360746.312956846,33657.85365853658,6.126193008973151,1594764.4162098924,5360320.075468599,33170.0731707317,1595107.2565233272,5361262.02148824,33170.0731707317,1595353.0761940666,5361172.550445093,34145.634146341465,1595010.2358806317,5360230.604425453,34145.634146341465
1595401.5865154143,5361688.258976487,33657.85365853658,6.9788733659990605,1595107.2565233272,5361262.02148824,33170.0731707317,1595450.0968367618,5362203.96750788,33170.0731707317,1595695.9165075014,5362114.496464735,34145.634146341465,1595353.0761940666,5361172.550445093,34145.634146341465
1595744.426828849,5362630.204996128,33657.85365853658,6.625579113255773,1595450.0968367618,5362203.96750788,33170.0731707317,1595792.9371501966,5363145.913527522,33170.0731707317,1596038.7568209362,5363056.442484375,34145.634146341465,1595695.9165075014,5362114.496464735,34145.634146341465
1596087.2671422837,5363572.151015769,33657.85365853658,5.822616756698955,1595792.9371501966,5363145.913527522,33170.0731707317,1596135.7774636315,5364087.859547162,33170.0731707317,1596381.5971343708,5363998.388504016,34145.634146341465,1596038.7568209362,5363056.442484375,34145.634146341465
1596430.1074557186,5364514.09703541,33657.85365853658,4.915396021667169,1596135.7774636315,5364087.859547162,33170.0731707317,1596478.6177770663,5365029.805566804,33170.0731707317,1596724.4374478057,5364940.334523657,34145.634146341465,1596381.5971343708,5363998.388504016,34145.634146341465
1596772.9477691534,5365456.04305505,33657.85365853658,3.7327891963602338,1596478.6177770663,5365029.805566804,33170.0731707317,1596821.4580905011,5365971.751586444,33170.0731707317,1597067.2777612405,5365882.2805432975,34145.634146341465,1596724.4374478057,5364940.334523657,34145.634146341465
1597115.7880825882,5366397.98907469,33657.85365853658,3.2368315498618427,1596821.4580905011,5365971.751586444,33170.0731707317,1597164.2984039357,5366913.697606085,33170.0731707317,1597410.1180746753,5366824.226562939,34145.634146341465,1597067.2777612405,5365882.2805432975,34145.634146341465
1597458.6283960233,5367339.935094331,33657.85365853658,2.72323563912282,1597164.2984039357,5366913.697606085,33170.0731707317,1597507.1387173708,5367855.643625726,33170.0731707317,1597752.9583881102,5367766.172582579,34145.634146341465,1597410.1180746753,5366824.226562939,34145.634146341465
1597801.468709458,5368281.881113973,33657.85365853658,3.2645054596805343,1597507.1387173708,5367855.643625726,33170.0731707317,1597849.9790308056,5368797.589645366,33170.0731707317,1598095.798701545,5368708.118602221,34145.634146341465,1597752.9583881102,5367766.172582579,34145.634146341465
1598144.3090228927,5369223.827133614,33657.85365853658,3.6506160167399537,1597849.9790308056,5368797.589645366,33170.0731707317,1598192.8193442405,5369739.535665007,33170.0731707317,1598438.6390149798,5369650.064621861,34145.634146341465,1598095.798701545,5368708.118602221,34145.634146341465
1598487.1493363276,5370165.773153255,33657.85365853658,3.1111914279316237,1598192.8193442405,5369739.535665007,33170.0731707317,1598535.659657675,5370681.481684648,33170.0731707317,1598781.4793284147,5370592.010641502,34145.634146341465,1598438.6390149798,5369650.064621861,34145.634146341465
1598829.9896497624,5371107.719172896,33657.85365853658,2.847584697262189,1598535.659657675,5370681.481684648,33170.0731707317,1598878.49997111,5371623.42770429,33170.0731707317,1599124.3196418495,5371533.956661142,34145.634146341465,1598781.4793284147,5370592.010641502,34145.634146341465
1599172.8299631972,5372049.665192537,33657.85365853658,2.6230034628396504,1598878.49997111,5371623.42770429,33170.0731707317,1599221.3402845447,5372565.37372393,33170.0731707317,1599467.159955284,5372475.902680784,34145.634146341465,1599124.3196418495,5371533.956661142,34145.634146341465
1599515.6702766318,5372991.611212177,33657.85365853658,2.4317716194667818,1599221.3402845447,5372565.37372393,33170.0731707317,1599564.1805979796,5373507.319743571,33170.0731707317,1599810.000268719,5373417.848700425,34145.634146341465,1599467.159955284,5372475.902680784,34145.634146341465
1599858.5105900664,5373933.557231817,33657.85365853658,2.0806686725843355,1599564.1805979796,5373507.319743571,33170.0731707317,1599907.0209114142,5374449.265763212,33170.0731707317,1600152.840582154,5374359.794720066,34145.634146341465,1599810.000268719,5373417.848700425,34145.634146341465
1600201.3509035015,5374875.503251459,33657.85365853658,2.0482075289814996,1599907.0209114142,5374449.265763212,33170.0731707317,1600249.8612248492,5375391.211782853,33170.0731707317,1600495.6808955888,5375301.740739707,34145.634146341465,1600152.840582154,5374359.794720066,34145.634146341465
1600544.1912169363,5375817.449271101,33657.85365853658,2.0638614016102523,1600249.8612248492,5375391.211782853,33170.0731707317,1600592.701538284,5376333.157802493,33170.0731707317,1600838.5212090237,5376243.686759348,34145.634146341465,1600495.6808955888,5375301.740739707,34145.634146341465
1600887.0315303712,5376759.395290741,33657.85365853658,1.838566687792141,1600592.701538284,5376333.157802493,33170.0731707317,1600935.541851719,5377275.103822135,33170.0731707317,1601181.3615224583,5377185.632778988,34145.634146341465,1600838.5212090237,5376243.686759348,34145.634146341465
1601229.871843806,5377701.341310382,33657.85365853658,1.8214165311056127,1600935.541851719,5377275.103822135,33170.0731707317,1601278.3821651537,5378217.049841776,33170.0731707317,1601524.201835893,5378127.578798629,34145.634146341465,1601181.3615224583,5377185.632778988,34145.634146341465
1601572.7121572408,5378643.287330023,33657.85365853658,2.155653849587143,1601278.3821651537,5378217.049841776,33170.0731707317,1601621.2224785886,5379158.995861417,33170.0731707317,1601867.042149328,5379069.5248182705,34145.634146341465,1601524.201835893,5378127.578798629,34145.634146341465
1601915.5524706757,5379585.233349664,33657.85365853658,2.5954474454452376,1601621.2224785886,5379158.995861417,33170.0731707317,1601964.0627920232,5380100.941881057,33170.0731707317,1602209.8824627628,5380011.470837912,34145.634146341465,1601867.042149328,5379069.5248182705,34145.634146341465
1602258.3927841105,5380527.179369304,33657.85365853658,2.805971846085866,1601964.0627920232,5380100.941881057,33170.0731707317,1602306.903105458,5381042.887900699,33170.0731707317,1602552.7227761976,5380953.416857552,34145.634146341465,1602209.8824627628,5380011.470837912,34145.634146341465
1550735.3251261932,5238203.859360385,34633.41463414634,4.1442343538960555,1550440.9951341061,5237777.621872137,34145.634146341465,1550783.835447541,5238719.5678917775,34145.634146341465,1551029.6551182803,5238630.096848632,35121.19512195122,1550686.8148048455,5237688.150828991,35121.19512195122
1551078.165439628,5239145.805380025,34633.41463414634,4.231372962126773,1550783.835447541,5238719.5678917775,34145.634146341465,1551126.6757609758,5239661.51391142,34145.634146341465,1551372.4954317152,5239572.042868272,35121.19512195122,1551029.6551182803,5238630.096848632,35121.19512195122
1551421.0057530627,5240087.751399666,34633.41463414634,3.662721087191478,1551126.6757609758,5239661.51391142,34145.634146341465,1551469.5160744104,5240603.45993106,34145.634146341465,1551715.33574515,5240513.9888879135,35121.19512195122,1551372.4954317152,5239572.042868272,35121.19512195122
1551763.8460664975,5241029.697419307,34633.41463414634,3.2936815806470228,1551469.5160744104,5240603.45993106,34145.634146341465,1551812.3563878452,5241545.405950701,34145.634146341465,1552058.1760585848,5241455.934907555,35121.19512195122,1551715.33574515,5240513.9888879135,35121.19512195122
1552106.6863799323,5241971.643438948,34633.41463414634,3.0046867148749508,1551812.3563878452,5241545.405950701,34145.634146341465,1552155.19670128,5242487.351970341,34145.634146341465,1552401.0163720194,5242397.880927196,35121.19512195122,1552058.1760585848,5241455.934907555,35121.19512195122
1552449.5266933672,5242913.5894585885,34633.41463414634,3.1195150635254816,1552155.19670128,5242487.351970341,34145.634146341465,1552498.037014715,5243429.297989983,34145.634146341465,1552743.8566854545,5243339.826946836,35121.19512195122,1552401.0163720194,5242397.880927196,35121.19512195122
1552792.3670068022,5243855.535478231,34633.41463414634,3.1208388066699624,1552498.037014715,5243429.297989983,34145.634146341465,1552840.8773281497,5244371.244009623,34145.634146341465,1553086.6969988893,5244281.772966477,35121.19512195122,1552743.8566854545,5243339.826946836,35121.19512195122
1553135.207320237,5244797.481497871,34633.41463414634,2.9368497480073947,1552840.8773281497,5244371.244009623,34145.634146341465,1553183.7176415846,5245313.190029264,34145.634146341465,1553429.5373123242,5245223.718986118,35121.19512195122,1553086.6969988893,5244281.772966477,35121.19512195122
1553478.0476336717,5245739.427517512,34633.41463414634,2.2822944717617157,1553183.7176415846,5245313.190029264,34145.634146341465,1553526.5579550194,5246255.136048906,34145.634146341465,1553772.3776257588,5246165.665005758,35121.19512195122,1553429.5373123242,5245223.718986118,35121.19512195122
1553820.8879471065,5246681.373537152,34633.41463414634,1.913620076223362,1553526.5579550194,5246255.136048906,34145.634146341465,1553869.3982684542,5247197.082068547,34145.634146341465,1554115.2179391936,5247107.6110253995,35121.19512195122,1553772.3776257588,5246165.665005758,35121.19512195122
1554163.7282605413,5247623.319556793,34633.41463414634,1.9765266346245747,1553869.3982684542,5247197.082068547,34145.634146341465,1554212.2385818888,5248139.028088187,34145.634146341465,1554458.0582526284,5248049.557045041,35121.19512195122,1554115.2179391936,5247107.6110253995,35121.19512195122
1554506.5685739762,5248565.265576433,34633.41463414634,1.7776069626547675,1554212.2385818888,5248139.028088187,34145.634146341465,1554555.0788953237,5249080.974107827,34145.634146341465,1554800.8985660633,5248991.503064682,35121.19512195122,1554458.0582526284,5248049.557045041,35121.19512195122
1554849.4088874108,5249507.2115960745,34633.41463414634,1.5691609302719556,1554555.0788953237,5249080.974107827,34145.634146341465,1554897.9192087585,5250022.920127469,34145.634146341465,1555143.7388794979,5249933.449084322,35121.19512195122,1554800.8985660633,5248991.503064682,35121.19512195122
1555192.2492008456,5250449.157615716,34633.41463414634,1.4319704971853744,1554897.9192087585,5250022.920127469,34145.634146341465,1555240.7595221933,5250964.866147109,34145.634146341465,1555486.579192933,5250875.395103963,35121.19512195122,1555143.7388794979,5249933.449084322,35121.19512195122
1555535.0895142807,5251391.103635357,34633.41463414634,1.4972578795625986,1555240.7595221933,5250964.866147109,34145.634146341465,1555583.5998356284,5251906.81216675,34145.634146341465,1555829.4195063678,5251817.341123604,35121.19512195122,1555486.579192933,5250875.395103963,35121.19512195122
1555877.9298277155,5252333.049654998,34633.41463414634,1.3565081819998435,1555583.5998356284,5251906.81216675,34145.634146341465,1555926.440149063,5252848.758186391,34145.634146341465,1556172.2598198026,5252759.287143245,35121.19512195122,1555829.4195063678,5251817.341123604,35121.19512195122
1556220.7701411503,5253274.995674638,34633.41463414634,1.198493998232448,1555926.440149063,5252848.758186391,34145.634146341465,1556269.2804624978,5253790.704206033,34145.634146341465,1556515.1001332374,5253701.2331628855,35121.19512195122,1556172.2598198026,5252759.287143245,35121.19512195122
1556563.6104545852,5254216.94169428,34633.41463414634,1.2920503488903674,1556269.2804624978,5253790.704206033,34145.634146341465,1556612.1207759327,5254732.650225673,34145.634146341465,1556857.9404466723,5254643.179182527,35121.19512195122,1556515.1001332374,5253701.2331628855,35121.19512195122
1556906.45076802,5255158.88771392,34633.41463414634,1.2359904056939495,1556612.1207759327,5254732.650225673,34145.634146341465,1556954.9610893675,5255674.596245314,34145.634146341465,1557200.7807601069,5255585.125202168,35121.19512195122,1556857.9404466723,5254643.179182527,35121.19512195122
1557249.2910814546,5256100.8337335605,34633.41463414634,1.1941149162930491,1556954.9610893675,5255674.596245314,34145.634146341465,1557297.8014028023,5256616.542264955,34145.634146341465,1557543.6210735417,5256527.071221809,35121.19512195122,1557200.7807601069,5255585.125202168,35121.19512195122
1557592.1313948892,5257042.779753202,34633.41463414634,0.9931542996784758,1557297.8014028023,5256616.542264955,34145.634146341465,1557640.641716237,5257558.488284596,34145.634146341465,1557886.4613869765,5257469.017241449,35121.19512195122,1557543.6210735417,5256527.071221809,35121.19512195122
1557934.9717083243,5257984.725772844,34633.41463414634,0.9426291736881401,1557640.641716237,5257558.488284596,34145.634146341465,1557983.482029672,5258500.434304236,34145.634146341465,1558229.3017004116,5258410.963261091,35121.19512195122,1557886.4613869765,5257469.017241449,35121.19512195122
1558277.812021759,5258926.671792484,34633.41463414634,0.6310549187322713,1557983.482029672,5258500.434304236,34145.634146341465,1558326.3223431068,5259442.380323878,34145.634146341465,1558572.1420138462,5259352.909280731,35121.19512195122,1558229.3017004116,5258410.963261091,35121.19512195122
1558620.652335194,5259868.617812125,34633.41463414634,0.5146688955580851,1558326.3223431068,5259442.380323878,34145.634146341465,1558669.1626565417,5260384.326343519,34145.634146341465,1558914.982327281,5260294.8553003725,35121.19512195122,1558572.1420138462,5259352.909280731,35121.19512195122
1558963.4926486288,5260810.563831765,34633.41463414634,0.45457692650932224,1558669.1626565417,5260384.326343519,34145.634146341465,1559012.0029699765,5261326.27236316,34145.634146341465,1559257.8226407159,5261236.801320013,35121.19512195122,1558914.982327281,5260294.8553003725,35121.19512195122
1559306.3329620636,5261752.509851407,34633.41463414634,0.5169575514393002,1559012.0029699765,5261326.27236316,34145.634146341465,1559354.843283411,5262268.2183828,34145.634146341465,1559600.6629541507,5262178.747339655,35121.19512195122,1559257.8226407159,5261236.801320013,35121.19512195122
1559649.1732754982,5262694.455871047,34633.41463414634,0.5331686996964216,1559354.843283411,5262268.2183828,34145.634146341465,1559697.683596846,5263210.164402441,34145.634146341465,1559943.5032675855,5263120.693359295,35121.19512195122,1559600.6629541507,5262178.747339655,35121.19512195122
1559992.013588933,5263636.401890688,34633.41463414634,0.4730071203801999,1559697.683596846,5263210.164402441,34145.634146341465,1560040.5239102808,5264152.110422082,34145.634146341465,1560286.3435810201,5264062.639378936,35121.19512195122,1559943.5032675855,5263120.693359295,35121.19512195122
1560334.8539023679,5264578.34791033,34633.41463414634,0.5936534843542468,1560040.5239102808,5264152.110422082,34145.634146341465,1560383.3642237156,5265094.056441723,34145.634146341465,1560629.183894455,5265004.585398576,35121.19512195122,1560286.3435810201,5264062.639378936,35121.19512195122
1560677.694215803,5265520.293929971,34633.41463414634,0.6818591498750909,1560383.3642237156,5265094.056441723,34145.634146341465,1560726.2045371505,5266036.002461364,34145.634146341465,1560972.02420789,5265946.531418218,35121.19512195122,1560629.183894455,5265004.585398576,35121.19512195122
1561020.5345292378,5266462.239949611,34633.41463414634,0.6500058753534208,1560726.2045371505,5266036.002461364,34145.634146341465,1561069.0448505853,5266977.948481005,34145.634146341465,1561314.8645213249,5266888.4774378585,35121.19512195122,1560972.02420789,5265946.531418218,35121.19512195122
1561363.3748426726,5267404.185969251,34633.41463414634,0.556381459369535,1561069.0448505853,5266977.948481005,34145.634146341465,1561411.8851640201,5267919.894500646,34145.634146341465,1561657.7048347595,5267830.423457499,35121.19512195122,1561314.8645213249,5266888.4774378585,35121.19512195122
1561706.2151561072,5268346.131988893,34633.41463414634,0.5163291265922446,1561411.8851640201,5267919.894500646,34145.634146341465,1561754.725477455,5268861.840520287,34145.634146341465,1562000.5451481943,5268772.369477141,35121.19512195122,1561657.7048347595,5267830.423457499,35121.19512195122
1562049.055469542,5269288.078008534,34633.41463414634,0.6265363935308695,1561754.725477455,5268861.840520287,34145.634146341465,1562097.5657908896,5269803.786539927,34145.634146341465,1562343.3854616291,5269714.315496781,35121.19512195122,1562000.5451481943,5268772.369477141,35121.19512195122
1562391.8957829769,5270230.024028175,34633.41463414634,0.5431865956849268,1562097.5657908896,5269803.786539927,34145.634146341465,1562440.4061043244,5270745.732559568,34145.634146341465,1562686.225775064,5270656.261516422,35121.19512195122,1562343.3854616291,5269714.315496781,35121.19512195122
1562734.7360964117,5271171.970047815,34633.41463414634,0.45737793055012277,1562440.4061043244,5270745.732559568,34145.634146341465,1562783.2464177592,5271687.678579209,34145.634146341465,1563029.0660884986,5271598.207536062,35121.19512195122,1562686.225775064,5270656.261516422,35121.19512195122
1563077.5764098463,5272113.916067456,34633.41463414634,0.5532143080057534,1562783.2464177592,5271687.678579209,34145.634146341465,1563126.086731194,5272629.62459885,34145.634146341465,1563371.9064019336,5272540.153555704,35121.19512195122,1563029.0660884986,5271598.207536062,35121.19512195122
1563420.4167232814,5273055.862087097,34633.41463414634,0.6155758040465678,1563126.086731194,5272629.62459885,34145.634146341465,1563468.9270446291,5273571.570618491,34145.634146341465,1563714.7467153685,5273482.0995753445,35121.19512195122,1563371.9064019336,5272540.153555704,35121.19512195122
1563763.257036716,5273997.808106738,34633.41463414634,0.5440620817376315,1563468.9270446291,5273571.570618491,34145.634146341465,1563811.7673580637,5274513.516638132,34145.634146341465,1564057.5870288033,5274424.045594986,35121.19512195122,1563714.7467153685,5273482.0995753445,35121.19512195122
1564106.0973501508,5274939.754126379,34633.41463414634,0.5396192504825602,1563811.7673580637,5274513.516638132,34145.634146341465,1564154.6076714986,5275455.462657773,34145.634146341465,1564400.4273422381,5275365.991614626,35121.19512195122,1564057.5870288033,5274424.045594986,35121.19512195122
1564448.9376635856,5275881.70014602,34633.41463414634,0.5811241841160322,1564154.6076714986,5275455.462657773,34145.634146341465,1564497.4479849334,5276397.408677413,34145.634146341465,1564743.2676556727,5276307.937634268,35121.19512195122,1564400.4273422381,5275365.991614626,35121.19512195122
1564791.7779770205,5276823.646165661,34633.41463414634,0.5412264159185972,1564497.4479849334,5276397.408677413,34145.634146341465,1564840.2882983682,5277339.354697054,34145.634146341465,1565086.1079691076,5277249.883653908,35121.19512195122,1564743.2676556727,5276307.937634268,35121.19512195122
1565134.6182904553,5277765.592185302,34633.41463414634,0.4159600645768725,1564840.2882983682,5277339.354697054,34145.634146341465,1565183.1286118028,5278281.300716695,34145.634146341465,1565428.9482825424,5278191.829673549,35121.19512195122,1565086.1079691076,5277249.883653908,35121.19512195122
1565477.4586038901,5278707.538204943,34633.41463414634,0.2846107432132197,1565183.1286118028,5278281.300716695,34145.634146341465,1565525.9689252377,5279223.2467363365,34145.634146341465,1565771.7885959772,5279133.775693189,35121.19512195122,1565428.9482825424,5278191.829673549,35121.19512195122
1565820.2989173247,5279649.484224583,34633.41463414634,0.21075855647057604,1565525.9689252377,5279223.2467363365,34145.634146341465,1565868.8092386727,5280165.192755977,34145.634146341465,1566114.628909412,5280075.721712831,35121.19512195122,1565771.7885959772,5279133.775693189,35121.19512195122
1566163.1392307598,5280591.430244224,34633.41463414634,0.19972040415528117,1565868.8092386727,5280165.192755977,34145.634146341465,1566211.6495521076,5281107.138775619,34145.634146341465,1566457.469222847,5281017.667732472,35121.19512195122,1566114.628909412,5280075.721712831,35121.19512195122
1566505.9795441946,5281533.376263865,34633.41463414634,0.12082443036959994,1566211.6495521076,5281107.138775619,34145.634146341465,1566554.4898655422,5282049.084795259,34145.634146341465,1566800.3095362817,5281959.613752112,35121.19512195122,1566457.469222847,5281017.667732472,35121.19512195122
1566848.8198576295,5282475.322283506,34633.41463414634,0.08174015795642618,1566554.4898655422,5282049.084795259,34145.634146341465,1566897.3301789772,5282991.0308149,34145.634146341465,1567143.1498497166,5282901.559771754,35121.19512195122,1566800.3095362817,5281959.613752112,35121.19512195122
1567191.6601710643,5283417.2683031475,34633.41463414634,0.1060578643502088,1566897.3301789772,5282991.0308149,34145.634146341465,1567240.1704924118,5283932.97683454,34145.634146341465,1567485.9901631514,5283843.505791395,35121.19512195122,1567143.1498497166,5282901.559771754,35121.19512195122
1567534.5004844991,5284359.214322788,34633.41463414634,0.17016629751489584,1567240.1704924118,5283932.97683454,34145.634146341465,1567583.0108058467,5284874.922854182,34145.634146341465,1567828.8304765862,5284785.451811035,35121.19512195122,1567485.9901631514,5283843.505791395,35121.19512195122
1567877.3407979337,5285301.160342429,34633.41463414634,0.2504942988311457,1567583.0108058467,5284874.922854182,34145.634146341465,1567925.8511192815,5285816.8688738225,34145.634146341465,1568171.6707900208,5285727.397830676,35121.19512195122,1567828.8304765862,5284785.451811035,35121.19512195122
1568220.1811113686,5286243.10636207,34633.41463414634,0.19129362214545015,1567925.8511192815,5285816.8688738225,34145.634146341465,1568268.6914327163,5286758.814893464,34145.634146341465,1568514.5111034557,5286669.343850317,35121.19512195122,1568171.6707900208,5285727.397830676,35121.19512195122
1568563.0214248037,5287185.05238171,34633.41463414634,0.24979988750166326,1568268.6914327163,5286758.814893464,34145.634146341465,1568611.5317461512,5287700.760913104,34145.634146341465,1568857.3514168907,5287611.289869959,35121.19512195122,1568514.5111034557,5286669.343850317,35121.19512195122
1568905.8617382385,5288126.998401351,34633.41463414634,0.3326279740422408,1568611.5317461512,5287700.760913104,34145.634146341465,1568954.372059586,5288642.706932746,34145.634146341465,1569200.1917303256,5288553.235889599,35121.19512195122,1568857.3514168907,5287611.289869959,35121.19512195122
1569248.7020516733,5289068.944420993,34633.41463414634,0.34351520574300953,1568954.372059586,5288642.706932746,34145.634146341465,1569297.2123730208,5289584.652952386,34145.634146341465,1569543.0320437602,5289495.181909239,35121.19512195122,1569200.1917303256,5288553.235889599,35121.19512195122
1569591.542365108,5290010.8904406335,34633.41463414634,0.37329055554273927,1569297.2123730208,5289584.652952386,34145.634146341465,1569640.0526864557,5290526.598972027,34145.634146341465,1569885.872357195,5290437.127928881,35121.19512195122,1569543.0320437602,5289495.181909239,35121.19512195122
1569934.3826785428,5290952.836460274,34633.41463414634,0.3176990599365396,1569640.0526864557,5290526.598972027,34145.634146341465,1569982.8929998905,5291468.544991667,34145.634146341465,1570228.7126706298,5291379.073948521,35121.19512195122,1569885.872357195,5290437.127928881,35121.19512195122
1570277.2229919774,5291894.782479915,34633.41463414634,0.35397966850509294,1569982.8929998905,5291468.544991667,34145.634146341465,1570325.733313325,5292410.4910113085,34145.634146341465,1570571.5529840647,5292321.019968162,35121.19512195122,1570228.7126706298,5291379.073948521,35121.19512195122
1570620.0633054122,5292836.728499556,34633.41463414634,0.37434619381269996,1570325.733313325,5292410.4910113085,34145.634146341465,1570668.57362676,5293352.43703095,34145.634146341465,1570914.3932974993,5293262.965987803,35121.19512195122,1570571.5529840647,5292321.019968162,35121.19512195122
1570962.903618847,5293778.674519197,34633.41463414634,0.3563430127351557,1570668.57362676,5293352.43703095,34145.634146341465,1571011.4139401948,5294294.38305059,34145.634146341465,1571257.2336109343,5294204.912007445,35121.19512195122,1570914.3932974993,5293262.965987803,35121.19512195122
1571305.743932282,5294720.620538837,34633.41463414634,0.3816865049423146,1571011.4139401948,5294294.38305059,34145.634146341465,1571354.2542536298,5295236.329070232,34145.634146341465,1571600.0739243692,5295146.858027085,35121.19512195122,1571257.2336109343,5294204.912007445,35121.19512195122
1571648.584245717,5295662.5665584775,34633.41463414634,0.28219023895870093,1571354.2542536298,5295236.329070232,34145.634146341465,1571697.0945670644,5296178.275089872,34145.634146341465,1571942.914237804,5296088.804046726,35121.19512195122,1571600.0739243692,5295146.858027085,35121.19512195122
1571991.4245591515,5296604.5125781195,34633.41463414634,0.28981280375737684,1571697.0945670644,5296178.275089872,34145.634146341465,1572039.9348804993,5297120.221109513,34145.634146341465,1572285.7545512388,5297030.750066367,35121.19512195122,1571942.914237804,5296088.804046726,35121.19512195122
1572334.2648725864,5297546.458597761,34633.41463414634,0.3520614458025857,1572039.9348804993,5297120.221109513,34145.634146341465,1572382.775193934,5298062.167129153,34145.634146341465,1572628.5948646734,5297972.696086008,35121.19512195122,1572285.7545512388,5297030.750066367,35121.19512195122
1572677.1051860212,5298488.404617401,34633.41463414634,0.31307600584694345,1572382.775193934,5298062.167129153,34145.634146341465,1572725.615507369,5299004.113148795,34145.634146341465,1572971.4351781083,5298914.642105648,35121.19512195122,1572628.5948646734,5297972.696086008,35121.19512195122
1573019.945499456,5299430.350637043,34633.41463414634,0.23906566372331117,1572725.615507369,5299004.113148795,34145.634146341465,1573068.4558208035,5299946.059168436,34145.634146341465,1573314.275491543,5299856.588125289,35121.19512195122,1572971.4351781083,5298914.642105648,35121.19512195122
1573362.7858128909,5300372.296656683,34633.41463414634,0.32411536386393086,1573068.4558208035,5299946.059168436,34145.634146341465,1573411.2961342384,5300888.005188077,34145.634146341465,1573657.115804978,5300798.534144931,35121.19512195122,1573314.275491543,5299856.588125289,35121.19512195122
1573705.6261263257,5301314.242676324,34633.41463414634,0.4021969526358303,1573411.2961342384,5300888.005188077,34145.634146341465,1573754.1364476734,5301829.951207717,34145.634146341465,1573999.9561184128,5301740.480164572,35121.19512195122,1573657.115804978,5300798.534144931,35121.19512195122
1574048.4664397605,5302256.188695964,34633.41463414634,0.3571563399335983,1573754.1364476734,5301829.951207717,34145.634146341465,1574096.9767611083,5302771.897227359,34145.634146341465,1574342.7964318476,5302682.426184212,35121.19512195122,1573999.9561184128,5301740.480164572,35121.19512195122
1574391.3067531954,5303198.1347156055,34633.41463414634,0.26742523039003624,1574096.9767611083,5302771.897227359,34145.634146341465,1574439.817074543,5303713.843246999,34145.634146341465,1574685.6367452824,5303624.372203853,35121.19512195122,1574342.7964318476,5302682.426184212,35121.19512195122
1574734.1470666302,5304140.080735247,34633.41463414634,0.24789694332641424,1574439.817074543,5303713.843246999,34145.634146341465,1574782.6573879777,5304655.78926664,34145.634146341465,1575028.4770587173,5304566.318223494,35121.19512195122,1574685.6367452824,5303624.372203853,35121.19512195122
1575076.987380065,5305082.026754888,34633.41463414634,0.26446114497266926,1574782.6573879777,5304655.78926664,34145.634146341465,1575125.4977014125,5305597.735286281,34145.634146341465,1575371.3173721519,5305508.264243134,35121.19512195122,1575028.4770587173,5304566.318223494,35121.19512195122
1575419.8276934996,5306023.972774528,34633.41463414634,0.32675498862661734,1575125.4977014125,5305597.735286281,34145.634146341465,1575468.3380148474,5306539.681305922,34145.634146341465,1575714.1576855867,5306450.210262775,35121.19512195122,1575371.3173721519,5305508.264243134,35121.19512195122
1575762.6680069345,5306965.918794169,34633.41463414634,0.425970398898311,1575468.3380148474,5306539.681305922,34145.634146341465,1575811.1783282822,5307481.627325563,34145.634146341465,1576056.9979990216,5307392.156282417,35121.19512195122,1575714.1576855867,5306450.210262775,35121.19512195122
1576105.508320369,5307907.86481381,34633.41463414634,0.4786474070697627,1575811.1783282822,5307481.627325563,34145.634146341465,1576154.0186417168,5308423.573345203,34145.634146341465,1576399.8383124564,5308334.102302058,35121.19512195122,1576056.9979990216,5307392.156282417,35121.19512195122
1576448.3486338041,5308849.81083345,34633.41463414634,0.48468678362985956,1576154.0186417168,5308423.573345203,34145.634146341465,1576496.8589551519,5309365.519364845,34145.634146341465,1576742.6786258915,5309276.048321698,35121.19512195122,1576399.8383124564,5308334.102302058,35121.19512195122
1576791.188947239,5309791.756853092,34633.41463414634,0.5022603315298898,1576496.8589551519,5309365.519364845,34145.634146341465,1576839.6992685867,5310307.465384485,34145.634146341465,1577085.518939326,5310217.994341339,35121.19512195122,1576742.6786258915,5309276.048321698,35121.19512195122
1577134.0292606738,5310733.702872733,34633.41463414634,0.5044927871424343,1576839.6992685867,5310307.465384485,34145.634146341465,1577182.5395820215,5311249.411404126,34145.634146341465,1577428.359252761,5311159.94036098,35121.19512195122,1577085.518939326,5310217.994341339,35121.19512195122
1577476.8695741086,5311675.648892373,34633.41463414634,0.6228073720262206,1577182.5395820215,5311249.411404126,34145.634146341465,1577525.3798954561,5312191.3574237665,34145.634146341465,1577771.1995661957,5312101.886380621,35121.19512195122,1577428.359252761,5311159.94036098,35121.19512195122
1577819.7098875435,5312617.594912014,34633.41463414634,0.6552244186109952,1577525.3798954561,5312191.3574237665,34145.634146341465,1577868.220208891,5313133.303443409,34145.634146341465,1578114.0398796306,5313043.832400261,35121.19512195122,1577771.1995661957,5312101.886380621,35121.19512195122
1578162.550200978,5313559.540931656,34633.41463414634,0.7004463754055912,1577868.220208891,5313133.303443409,34145.634146341465,1578211.0605223258,5314075.249463049,34145.634146341465,1578456.8801930652,5313985.778419903,35121.19512195122,1578114.0398796306,5313043.832400261,35121.19512195122
1578505.3905144131,5314501.486951296,34633.41463414634,0.7296757903238631,1578211.0605223258,5314075.249463049,34145.634146341465,1578553.9008357606,5315017.19548269,34145.634146341465,1578799.7205065002,5314927.724439544,35121.19512195122,1578456.8801930652,5313985.778419903,35121.19512195122
1578848.2308278477,5315443.432970937,34633.41463414634,0.6609993026498285,1578553.9008357606,5315017.19548269,34145.634146341465,1578896.7411491955,5315959.141502331,34145.634146341465,1579142.560819935,5315869.670459185,35121.19512195122,1578799.7205065002,5314927.724439544,35121.19512195122
1579191.0711412828,5316385.3789905775,34633.41463414634,0.6398823210771437,1578896.7411491955,5315959.141502331,34145.634146341465,1579239.5814626305,5316901.087521972,34145.634146341465,1579485.40113337,5316811.616478825,35121.19512195122,1579142.560819935,5315869.670459185,35121.19512195122
1579533.9114547176,5317327.32501022,34633.41463414634,0.5818319236423661,1579239.5814626305,5316901.087521972,34145.634146341465,1579582.4217760651,5317843.033541612,34145.634146341465,1579828.2414468047,5317753.562498467,35121.19512195122,1579485.40113337,5316811.616478825,35121.19512195122
1579876.7517681525,5318269.27102986,34633.41463414634,0.5728191771750862,1579582.4217760651,5317843.033541612,34145.634146341465,1579925.2620895,5318784.979561253,34145.634146341465,1580171.0817602396,5318695.508518107,35121.19512195122,1579828.2414468047,5317753.562498467,35121.19512195122
1580219.592081587,5319211.2170495,34633.41463414634,0.8028172382905417,1579925.2620895,5318784.979561253,34145.634146341465,1580268.1024029348,5319726.925580895,34145.634146341465,1580513.9220736742,5319637.454537748,35121.19512195122,1580171.0817602396,5318695.508518107,35121.19512195122
1580562.432395022,5320153.163069141,34633.41463414634,1.1077176080658182,1580268.1024029348,5319726.925580895,34145.634146341465,1580610.9427163696,5320668.871600536,34145.634146341465,1580856.762387109,5320579.400557389,35121.19512195122,1580513.9220736742,5319637.454537748,35121.19512195122
1580905.2727084567,5321095.109088783,34633.41463414634,1.062561469924086,1580610.9427163696,5320668.871600536,34145.634146341465,1580953.7830298042,5321610.817620176,34145.634146341465,1581199.6027005438,5321521.346577031,35121.19512195122,1580856.762387109,5320579.400557389,35121.19512195122
1581248.1130218916,5322037.055108423,34633.41463414634,1.123098807853002,1580953.7830298042,5321610.817620176,34145.634146341465,1581296.623343239,5322552.763639817,34145.634146341465,1581542.4430139787,5322463.292596671,35121.19512195122,1581199.6027005438,5321521.346577031,35121.19512195122
1581590.9533353264,5322979.0011280645,34633.41463414634,1.452954732061415,1581296.623343239,5322552.763639817,34145.634146341465,1581639.4636566741,5323494.709659458,34145.634146341465,1581885.2833274135,5323405.238616312,35121.19512195122,1581542.4430139787,5322463.292596671,35121.19512195122
1581933.7936487612,5323920.947147706,34633.41463414634,1.8390937443029154,1581639.4636566741,5323494.709659458,34145.634146341465,1581982.303970109,5324436.655679099,34145.634146341465,1582228.1236408483,5324347.184635952,35121.19512195122,1581885.2833274135,5323405.238616312,35121.19512195122
1582276.633962196,5324862.893167347,34633.41463414634,2.6065823603740186,1581982.303970109,5324436.655679099,34145.634146341465,1582325.1442835438,5325378.601698739,34145.634146341465,1582570.9639542832,5325289.130655593,35121.19512195122,1582228.1236408483,5324347.184635952,35121.19512195122
1582619.4742756307,5325804.839186987,34633.41463414634,2.4913441267628866,1582325.1442835438,5325378.601698739,34145.634146341465,1582667.9845969784,5326320.547718381,34145.634146341465,1582913.804267718,5326231.076675234,35121.19512195122,1582570.9639542832,5325289.130655593,35121.19512195122
1582962.3145890655,5326746.785206627,34633.41463414634,2.0319274523887487,1582667.9845969784,5326320.547718381,34145.634146341465,1583010.8249104132,5327262.493738022,34145.634146341465,1583256.6445811526,5327173.022694875,35121.19512195122,1582913.804267718,5326231.076675234,35121.19512195122
1583305.1549025003,5327688.731226268,34633.41463414634,1.9641173058071435,1583010.8249104132,5327262.493738022,34145.634146341465,1583353.665223848,5328204.439757662,34145.634146341465,1583599.4848945874,5328114.968714517,35121.19512195122,1583256.6445811526,5327173.022694875,35121.19512195122
1583647.9952159352,5328630.677245909,34633.41463414634,2.645215110504775,1583353.665223848,5328204.439757662,34145.634146341465,1583696.505537283,5329146.385777303,34145.634146341465,1583942.3252080223,5329056.914734157,35121.19512195122,1583599.4848945874,5328114.968714517,35121.19512195122
1583990.83552937,5329572.6232655505,34633.41463414634,3.5712235399784147,1583696.505537283,5329146.385777303,34145.634146341465,1584039.3458507175,5330088.331796944,34145.634146341465,1584285.165521457,5329998.860753798,35121.19512195122,1583942.3252080223,5329056.914734157,35121.19512195122
1584333.6758428048,5330514.569285191,34633.41463414634,3.851014428998117,1584039.3458507175,5330088.331796944,34145.634146341465,1584382.1861641526,5331030.277816585,34145.634146341465,1584628.0058348922,5330940.806773438,35121.19512195122,1584285.165521457,5329998.860753798,35121.19512195122
1584676.5161562397,5331456.515304833,34633.41463414634,4.058266477084188,1584382.1861641526,5331030.277816585,34145.634146341465,1584725.0264775874,5331972.223836225,34145.634146341465,1584970.8461483268,5331882.75279308,35121.19512195122,1584628.0058348922,5330940.806773438,35121.19512195122
1585019.3564696745,5332398.461324473,34633.41463414634,4.848469150319021,1584725.0264775874,5331972.223836225,34145.634146341465,1585067.8667910222,5332914.169855867,34145.634146341465,1585313.6864617616,5332824.69881272,35121.19512195122,1584970.8461483268,5331882.75279308,35121.19512195122
1585362.1967831093,5333340.407344114,34633.41463414634,5.695557252661611,1585067.8667910222,5332914.169855867,34145.634146341465,1585410.7071044568,5333856.115875508,34145.634146341465,1585656.5267751964,5333766.6448323615,35121.19512195122,1585313.6864617616,5332824.69881272,35121.19512195122
1585705.0370965442,5334282.353363755,34633.41463414634,5.190161418077143,1585410.7071044568,5333856.115875508,34145.634146341465,1585753.5474178917,5334798.061895149,34145.634146341465,1585999.3670886313,5334708.590852002,35121.19512195122,1585656.5267751964,5333766.6448323615,35121.19512195122
1586047.877409979,5335224.299383395,34633.41463414634,4.918103963135952,1585753.5474178917,5334798.061895149,34145.634146341465,1586096.3877313265,5335740.007914789,34145.634146341465,1586342.2074020659,5335650.536871644,35121.19512195122,1585999.3670886313,5334708.590852002,35121.19512195122
1586390.7177234136,5336166.2454030365,34633.41463414634,5.6055156324197535,1586096.3877313265,5335740.007914789,34145.634146341465,1586439.2280447613,5336681.95393443,34145.634146341465,1586685.0477155007,5336592.482891284,35121.19512195122,1586342.2074020659,5335650.536871644,35121.19512195122
1586733.5580368484,5337108.191422678,34633.41463414634,5.8523355231414875,1586439.2280447613,5336681.95393443,34145.634146341465,1586782.0683581962,5337623.899954071,34145.634146341465,1587027.8880289358,5337534.428910925,35121.19512195122,1586685.0477155007,5336592.482891284,35121.19512195122
1587076.3983502835,5338050.137442319,34633.41463414634,5.698128093349101,1586782.0683581962,5337623.899954071,34145.634146341465,1587124.908671631,5338565.845973712,34145.634146341465,1587370.7283423706,5338476.374930566,35121.19512195122,1587027.8880289358,5337534.428910925,35121.19512195122
1587419.2386637183,5338992.08346196,34633.41463414634,7.3977239991039045,1587124.908671631,5338565.845973712,34145.634146341465,1587467.7489850658,5339507.791993353,34145.634146341465,1587713.5686558054,5339418.320950207,35121.19512195122,1587370.7283423706,5338476.374930566,35121.19512195122
1587762.0789771532,5339934.0294816,34633.41463414634,8.579330599618633,1587467.7489850658,5339507.791993353,34145.634146341465,1587810.5892985007,5340449.738012995,34145.634146341465,1588056.40896924,5340360.2669698475,35121.19512195122,1587713.5686558054,5339418.320950207,35121.19512195122
1588104.9192905878,5340875.975501241,34633.41463414634,8.71453831404257,1587810.5892985007,5340449.738012995,34145.634146341465,1588153.4296119355,5341391.684032635,34145.634146341465,1588399.2492826749,5341302.212989488,35121.19512195122,1588056.40896924,5340360.2669698475,35121.19512195122
1588447.7596040226,5341817.921520882,34633.41463414634,8.947780655477507,1588153.4296119355,5341391.684032635,34145.634146341465,1588496.2699253703,5342333.630052276,34145.634146341465,1588742.0895961097,5342244.15900913,35121.19512195122,1588399.2492826749,5341302.212989488,35121.19512195122
1588790.5999174572,5342759.8675405225,34633.41463414634,8.372704874409358,1588496.2699253703,5342333.630052276,34145.634146341465,1588839.110238805,5343275.576071916,34145.634146341465,1589084.9299095445,5343186.105028771,35121.19512195122,1588742.0895961097,5342244.15900913,35121.19512195122
1589133.440230892,5343701.813560164,34633.41463414634,6.738552864831555,1588839.110238805,5343275.576071916,34145.634146341465,1589181.9505522398,5344217.522091558,34145.634146341465,1589427.7702229794,5344128.051048411,35121.19512195122,1589084.9299095445,5343186.105028771,35121.19512195122
1589476.2805443269,5344643.759579806,34633.41463414634,7.5382548960927425,1589181.9505522398,5344217.522091558,34145.634146341465,1589524.7908656746,5345159.468111198,34145.634146341465,1589770.6105364142,5345069.997068052,35121.19512195122,1589427.7702229794,5344128.051048411,35121.19512195122
1589819.120857762,5345585.705599446,34633.41463414634,9.174383418414036,1589524.7908656746,5345159.468111198,34145.634146341465,1589867.6311791097,5346101.4141308395,34145.634146341465,1590113.450849849,5346011.943087693,35121.19512195122,1589770.6105364142,5345069.997068052,35121.19512195122
1590161.9611711968,5346527.651619086,34633.41463414634,10.399373451183376,1589867.6311791097,5346101.4141308395,34145.634146341465,1590210.4714925445,5347043.36015048,34145.634146341465,1590456.2911632839,5346953.8891073335,35121.19512195122,1590113.450849849,5346011.943087693,35121.19512195122
1590504.8014846316,5347469.597638727,34633.41463414634,10.249893685360716,1590210.4714925445,5347043.36015048,34145.634146341465,1590553.311805979,5347985.306170122,34145.634146341465,1590799.1314767187,5347895.835126975,35121.19512195122,1590456.2911632839,5346953.8891073335,35121.19512195122
1590847.6417980664,5348411.543658369,34633.41463414634,9.645196869842644,1590553.311805979,5347985.306170122,34145.634146341465,1590896.152119414,5348927.252189762,34145.634146341465,1591141.9717901535,5348837.781146615,35121.19512195122,1590799.1314767187,5347895.835126975,35121.19512195122
1591190.482111501,5349353.489678009,34633.41463414634,8.06729718882195,1590896.152119414,5348927.252189762,34145.634146341465,1591238.9924328488,5349869.198209402,34145.634146341465,1591484.8121035881,5349779.727166257,35121.19512195122,1591141.9717901535,5348837.781146615,35121.19512195122
1591533.3224249359,5350295.43569765,34633.41463414634,8.095758968981617,1591238.9924328488,5349869.198209402,34145.634146341465,1591581.8327462836,5350811.144229044,34145.634146341465,1591827.652417023,5350721.673185897,35121.19512195122,1591484.8121035881,5349779.727166257,35121.19512195122
1591876.1627383707,5351237.38171729,34633.41463414634,9.10256199533025,1591581.8327462836,5350811.144229044,34145.634146341465,1591924.6730597182,5351753.090248684,34145.634146341465,1592170.4927304578,5351663.619205538,35121.19512195122,1591827.652417023,5350721.673185897,35121.19512195122
1592219.0030518055,5352179.327736932,34633.41463414634,8.17444496228054,1591924.6730597182,5351753.090248684,34145.634146341465,1592267.5133731533,5352695.0362683255,34145.634146341465,1592513.3330438929,5352605.565225179,35121.19512195122,1592170.4927304578,5351663.619205538,35121.19512195122
1592561.8433652404,5353121.273756573,34633.41463414634,8.80782132012034,1592267.5133731533,5352695.0362683255,34145.634146341465,1592610.3536865881,5353636.982287966,34145.634146341465,1592856.1733573275,5353547.51124482,35121.19512195122,1592513.3330438929,5352605.565225179,35121.19512195122
1592904.6836786752,5354063.219776213,34633.41463414634,7.693843772353455,1592610.3536865881,5353636.982287966,34145.634146341465,1592953.194000023,5354578.928307608,34145.634146341465,1593199.0136707623,5354489.457264461,35121.19512195122,1592856.1733573275,5353547.51124482,35121.19512195122
1593247.52399211,5355005.165795854,34633.41463414634,7.134541626396652,1592953.194000023,5354578.928307608,34145.634146341465,1593296.0343134578,5355520.874327248,34145.634146341465,1593541.8539841971,5355431.403284102,35121.19512195122,1593199.0136707623,5354489.457264461,35121.19512195122
1593590.3643055449,5355947.111815495,34633.41463414634,7.212515295281853,1593296.0343134578,5355520.874327248,34145.634146341465,1593638.8746268924,5356462.820346889,34145.634146341465,1593884.694297632,5356373.349303743,35121.19512195122,1593541.8539841971,5355431.403284102,35121.19512195122
1593933.2046189797,5356889.057835137,34633.41463414634,6.3060170879842445,1593638.8746268924,5356462.820346889,34145.634146341465,1593981.7149403272,5357404.766366529,34145.634146341465,1594227.5346110666,5357315.295323384,35121.19512195122,1593884.694297632,5356373.349303743,35121.19512195122
1594276.0449324143,5357831.003854777,34633.41463414634,6.155211790726538,1593981.7149403272,5357404.766366529,34145.634146341465,1594324.555253762,5358346.712386171,34145.634146341465,1594570.3749245014,5358257.241343024,35121.19512195122,1594227.5346110666,5357315.295323384,35121.19512195122
1594618.8852458491,5358772.949874418,34633.41463414634,7.0946866835498295,1594324.555253762,5358346.712386171,34145.634146341465,1594667.395567197,5359288.6584058115,34145.634146341465,1594913.2152379365,5359199.187362665,35121.19512195122,1594570.3749245014,5358257.241343024,35121.19512195122
1594961.725559284,5359714.895894059,34633.41463414634,7.637176819348983,1594667.395567197,5359288.6584058115,34145.634146341465,1595010.2358806317,5360230.604425453,34145.634146341465,1595256.0555513713,5360141.133382306,35121.19512195122,1594913.2152379365,5359199.187362665,35121.19512195122
1595304.5658727188,5360656.8419137,34633.41463414634,6.493446739709151,1595010.2358806317,5360230.604425453,34145.634146341465,1595353.0761940666,5361172.550445093,34145.634146341465,1595598.8958648061,5361083.079401948,35121.19512195122,1595256.0555513713,5360141.133382306,35121.19512195122
1595647.4061861536,5361598.78793334,34633.41463414634,5.91041781358636,1595353.0761940666,5361172.550445093,34145.634146341465,1595695.9165075014,5362114.496464735,34145.634146341465,1595941.7361782407,5362025.025421588,35121.19512195122,1595598.8958648061,5361083.079401948,35121.19512195122
1595990.2464995885,5362540.733952981,34633.41463414634,5.884381692695243,1595695.9165075014,5362114.496464735,34145.634146341465,1596038.7568209362,5363056.442484375,34145.634146341465,1596284.5764916756,5362966.971441229,35121.19512195122,1595941.7361782407,5362025.025421588,35121.19512195122
1596333.0868130233,5363482.679972623,34633.41463414634,6.265237856546565,1596038.7568209362,5363056.442484375,34145.634146341465,1596381.5971343708,5363998.388504016,34145.634146341465,1596627.4168051104,5363908.91746087,35121.19512195122,1596284.5764916756,5362966.971441229,35121.19512195122
1596675.927126458,5364424.625992264,34633.41463414634,6.686096710107102,1596381.5971343708,5363998.388504016,34145.634146341465,1596724.4374478057,5364940.334523657,34145.634146341465,1596970.2571185452,5364850.86348051,35121.19512195122,1596627.4168051104,5363908.91746087,35121.19512195122
1597018.7674398927,5365366.572011904,34633.41463414634,6.412977309881271,1596724.4374478057,5364940.334523657,34145.634146341465,1597067.2777612405,5365882.2805432975,34145.634146341465,1597313.0974319798,5365792.809500151,35121.19512195122,1596970.2571185452,5364850.86348051,35121.19512195122
1597361.6077533276,5366308.518031545,34633.41463414634,4.549620493042511,1597067.2777612405,5365882.2805432975,34145.634146341465,1597410.1180746753,5366824.226562939,34145.634146341465,1597655.937745415,5366734.755519792,35121.19512195122,1597313.0974319798,5365792.809500151,35121.19512195122
1597704.4480667626,5367250.464051185,34633.41463414634,3.460059464139425,1597410.1180746753,5366824.226562939,34145.634146341465,1597752.9583881102,5367766.172582579,34145.634146341465,1597998.7780588497,5367676.701539434,35121.19512195122,1597655.937745415,5366734.755519792,35121.19512195122
1598047.2883801975,5368192.410070826,34633.41463414634,3.282105186422557,1597752.9583881102,5367766.172582579,34145.634146341465,1598095.798701545,5368708.118602221,34145.634146341465,1598341.6183722846,5368618.647559074,35121.19512195122,1597998.7780588497,5367676.701539434,35121.19512195122
1598390.1286936323,5369134.356090468,34633.41463414634,3.292947334062236,1598095.798701545,5368708.118602221,34145.634146341465,1598438.6390149798,5369650.064621861,34145.634146341465,1598684.4586857192,5369560.593578715,35121.19512195122,1598341.6183722846,5368618.647559074,35121.19512195122
1598732.969007067,5370076.302110109,34633.41463414634,2.65075379568154,1598438.6390149798,5369650.064621861,34145.634146341465,1598781.4793284147,5370592.010641502,34145.634146341465,1599027.298999154,5370502.539598356,35121.19512195122,1598684.4586857192,5369560.593578715,35121.19512195122
1599075.8093205018,5371018.24812975,34633.41463414634,1.9965557801952385,1598781.4793284147,5370592.010641502,34145.634146341465,1599124.3196418495,5371533.956661142,34145.634146341465,1599370.1393125888,5371444.485617997,35121.19512195122,1599027.298999154,5370502.539598356,35121.19512195122
1599418.6496339366,5371960.19414939,34633.41463414634,1.6024008529875857,1599124.3196418495,5371533.956661142,34145.634146341465,1599467.159955284,5372475.902680784,34145.634146341465,1599712.9796260237,5372386.431637637,35121.19512195122,1599370.1393125888,5371444.485617997,35121.19512195122
1599761.4899473714,5372902.140169032,34633.41463414634,1.4281578814772153,1599467.159955284,5372475.902680784,34145.634146341465,1599810.000268719,5373417.848700425,34145.634146341465,1600055.8199394585,5373328.377657279,35121.19512195122,1599712.9796260237,5372386.431637637,35121.19512195122
1600104.3302608063,5373844.086188672,34633.41463414634,1.5346025410033037,1599810.000268719,5373417.848700425,34145.634146341465,1600152.840582154,5374359.794720066,34145.634146341465,1600398.6602528933,5374270.32367692,35121.19512195122,1600055.8199394585,5373328.377657279,35121.19512195122
1600447.170574241,5374786.032208312,34633.41463414634,1.7390978968418773,1600152.840582154,5374359.794720066,34145.634146341465,1600495.6808955888,5375301.740739707,34145.634146341465,1600741.5005663282,5375212.269696561,35121.19512195122,1600398.6602528933,5374270.32367692,35121.19512195122
1600790.010887676,5375727.978227953,34633.41463414634,1.3994426261853818,1600495.6808955888,5375301.740739707,34145.634146341465,1600838.5212090237,5376243.686759348,34145.634146341465,1601084.340879763,5376154.215716201,35121.19512195122,1600741.5005663282,5375212.269696561,35121.19512195122
1601132.8512011105,5376669.9242475955,34633.41463414634,1.39348948986768,1600838.5212090237,5376243.686759348,34145.634146341465,1601181.3615224583,5377185.632778988,34145.634146341465,1601427.1811931978,5377096.161735843,35121.19512195122,1601084.340879763,5376154.215716201,35121.19512195122
1601475.6915145454,5377611.870267236,34633.41463414634,1.423485773978753,1601181.3615224583,5377185.632778988,34145.634146341465,1601524.201835893,5378127.578798629,34145.634146341465,1601770.0215066327,5378038.107755483,35121.19512195122,1601427.1811931978,5377096.161735843,35121.19512195122
1601818.5318279802,5378553.816286877,34633.41463414634,1.8473962097965109,1601524.201835893,5378127.578798629,34145.634146341465,1601867.042149328,5379069.5248182705,34145.634146341465,1602112.8618200673,5378980.053775124,35121.19512195122,1601770.0215066327,5378038.107755483,35121.19512195122
1602161.372141415,5379495.762306518,34633.41463414634,2.260673397381902,1601867.042149328,5379069.5248182705,34145.634146341465,1602209.8824627628,5380011.470837912,34145.634146341465,1602455.702133502,5379921.999794764,35121.19512195122,1602112.8618200673,5378980.053775124,35121.19512195122
1602504.2124548499,5380437.708326159,34633.41463414634,2.072836608041798,1602209.8824627628,5380011.470837912,34145.634146341465,1602552.7227761976,5380953.416857552,34145.634146341465,1602798.542446937,5380863.9458144065,35121.19512195122,1602455.702133502,5379921.999794764,35121.19512195122
1550981.1447969323,5238114.388317239,35608.975609756104,3.5335883017925718,1550686.8148048455,5237688.150828991,35121.19512195122,1551029.6551182803,5238630.096848632,35121.19512195122,1551275.474789019,5238540.625805485,36096.756097560974,1550932.6344755841,5237598.679785845,36096.756097560974
1551323.9851103672,5239056.33433688,35608.975609756104,3.1053408957815547,1551029.6551182803,5238630.096848632,35121.19512195122,1551372.4954317152,5239572.042868272,35121.19512195122,1551618.3151024538,5239482.571825127,36096.756097560974,1551275.474789019,5238540.625805485,36096.756097560974
1551666.825423802,5239998.28035652,35608.975609756104,3.012804992594783,1551372.4954317152,5239572.042868272,35121.19512195122,1551715.33574515,5240513.9888879135,35121.19512195122,1551961.1554158884,5240424.517844767,36096.756097560974,1551618.3151024538,5239482.571825127,36096.756097560974
1552009.6657372366,5240940.22637616,35608.975609756104,2.685626374928104,1551715.33574515,5240513.9888879135,35121.19512195122,1552058.1760585848,5241455.934907555,35121.19512195122,1552303.9957293232,5241366.463864408,36096.756097560974,1551961.1554158884,5240424.517844767,36096.756097560974
1552352.5060506712,5241882.172395802,35608.975609756104,2.3385523492830442,1552058.1760585848,5241455.934907555,35121.19512195122,1552401.0163720194,5242397.880927196,35121.19512195122,1552646.8360427583,5242308.409884049,36096.756097560974,1552303.9957293232,5241366.463864408,36096.756097560974
1552695.3463641063,5242824.118415443,35608.975609756104,1.9175226138844905,1552401.0163720194,5242397.880927196,35121.19512195122,1552743.8566854545,5243339.826946836,35121.19512195122,1552989.6763561931,5243250.355903691,36096.756097560974,1552646.8360427583,5242308.409884049,36096.756097560974
1553038.1866775411,5243766.064435083,35608.975609756104,2.2744208673354973,1552743.8566854545,5243339.826946836,35121.19512195122,1553086.6969988893,5244281.772966477,35121.19512195122,1553332.5166696277,5244192.301923331,36096.756097560974,1552989.6763561931,5243250.355903691,36096.756097560974
1553381.026990976,5244708.010454725,35608.975609756104,2.6499379700330428,1553086.6969988893,5244281.772966477,35121.19512195122,1553429.5373123242,5245223.718986118,35121.19512195122,1553675.3569830626,5245134.247942972,36096.756097560974,1553332.5166696277,5244192.301923331,36096.756097560974
1553723.8673044108,5245649.956474366,35608.975609756104,2.4030132860486537,1553429.5373123242,5245223.718986118,35121.19512195122,1553772.3776257588,5246165.665005758,35121.19512195122,1554018.1972964974,5246076.193962613,36096.756097560974,1553675.3569830626,5245134.247942972,36096.756097560974
1554066.7076178454,5246591.902494007,35608.975609756104,2.304847558708247,1553772.3776257588,5246165.665005758,35121.19512195122,1554115.2179391936,5247107.6110253995,35121.19512195122,1554361.0376099322,5247018.139982254,36096.756097560974,1554018.1972964974,5246076.193962613,36096.756097560974
1554409.5479312802,5247533.848513647,35608.975609756104,2.17045941713655,1554115.2179391936,5247107.6110253995,35121.19512195122,1554458.0582526284,5248049.557045041,35121.19512195122,1554703.877923367,5247960.086001894,36096.756097560974,1554361.0376099322,5247018.139982254,36096.756097560974
1554752.388244715,5248475.794533287,35608.975609756104,2.0317322572512024,1554458.0582526284,5248049.557045041,35121.19512195122,1554800.8985660633,5248991.503064682,35121.19512195122,1555046.7182368017,5248902.032021536,36096.756097560974,1554703.877923367,5247960.086001894,36096.756097560974
1555095.22855815,5249417.740552929,35608.975609756104,2.088133485696007,1554800.8985660633,5248991.503064682,35121.19512195122,1555143.7388794979,5249933.449084322,35121.19512195122,1555389.5585502367,5249843.978041177,36096.756097560974,1555046.7182368017,5248902.032021536,36096.756097560974
1555438.068871585,5250359.68657257,35608.975609756104,2.041928288682318,1555143.7388794979,5249933.449084322,35121.19512195122,1555486.579192933,5250875.395103963,35121.19512195122,1555732.3988636716,5250785.924060818,36096.756097560974,1555389.5585502367,5249843.978041177,36096.756097560974
1555780.9091850198,5251301.632592211,35608.975609756104,1.6471087760648022,1555486.579192933,5250875.395103963,35121.19512195122,1555829.4195063678,5251817.341123604,35121.19512195122,1556075.2391771064,5251727.870080458,36096.756097560974,1555732.3988636716,5250785.924060818,36096.756097560974
1556123.7494984546,5252243.578611852,35608.975609756104,1.3056870378022887,1555829.4195063678,5251817.341123604,35121.19512195122,1556172.2598198026,5252759.287143245,35121.19512195122,1556418.079490541,5252669.816100098,36096.756097560974,1556075.2391771064,5251727.870080458,36096.756097560974
1556466.5898118892,5253185.524631493,35608.975609756104,1.080179764639933,1556172.2598198026,5252759.287143245,35121.19512195122,1556515.1001332374,5253701.2331628855,35121.19512195122,1556760.9198039758,5253611.76211974,36096.756097560974,1556418.079490541,5252669.816100098,36096.756097560974
1556809.430125324,5254127.470651134,35608.975609756104,0.8498476609229745,1556515.1001332374,5253701.2331628855,35121.19512195122,1556857.9404466723,5254643.179182527,35121.19512195122,1557103.7601174107,5254553.708139381,36096.756097560974,1556760.9198039758,5253611.76211974,36096.756097560974
1557152.270438759,5255069.416670774,35608.975609756104,0.6522356083429085,1556857.9404466723,5254643.179182527,35121.19512195122,1557200.7807601069,5255585.125202168,35121.19512195122,1557446.6004308455,5255495.654159022,36096.756097560974,1557103.7601174107,5254553.708139381,36096.756097560974
1557495.1107521937,5256011.362690415,35608.975609756104,0.6507886860130019,1557200.7807601069,5255585.125202168,35121.19512195122,1557543.6210735417,5256527.071221809,35121.19512195122,1557789.4407442803,5256437.600178664,36096.756097560974,1557446.6004308455,5255495.654159022,36096.756097560974
1557837.9510656286,5256953.308710056,35608.975609756104,0.7337928951413708,1557543.6210735417,5256527.071221809,35121.19512195122,1557886.4613869765,5257469.017241449,35121.19512195122,1558132.2810577154,5257379.546198304,36096.756097560974,1557789.4407442803,5256437.600178664,36096.756097560974
1558180.7913790636,5257895.2547296975,35608.975609756104,0.6675051007326747,1557886.4613869765,5257469.017241449,35121.19512195122,1558229.3017004116,5258410.963261091,35121.19512195122,1558475.12137115,5258321.492217945,36096.756097560974,1558132.2810577154,5257379.546198304,36096.756097560974
1558523.631692498,5258837.200749338,35608.975609756104,0.8006157442569584,1558229.3017004116,5258410.963261091,35121.19512195122,1558572.1420138462,5259352.909280731,35121.19512195122,1558817.9616845849,5259263.438237585,36096.756097560974,1558475.12137115,5258321.492217945,36096.756097560974
1558866.4720059328,5259779.146768979,35608.975609756104,0.71193459654157,1558572.1420138462,5259352.909280731,35121.19512195122,1558914.982327281,5260294.8553003725,35121.19512195122,1559160.8019980197,5260205.384257226,36096.756097560974,1558817.9616845849,5259263.438237585,36096.756097560974
1559209.3123193677,5260721.09278862,35608.975609756104,0.6083247238450292,1558914.982327281,5260294.8553003725,35121.19512195122,1559257.8226407159,5261236.801320013,35121.19512195122,1559503.6423114545,5261147.330276867,36096.756097560974,1559160.8019980197,5260205.384257226,36096.756097560974
1559552.1526328025,5261663.03880826,35608.975609756104,0.5317773703899272,1559257.8226407159,5261236.801320013,35121.19512195122,1559600.6629541507,5262178.747339655,35121.19512195122,1559846.4826248891,5262089.276296508,36096.756097560974,1559503.6423114545,5261147.330276867,36096.756097560974
1559894.9929462373,5262604.984827902,35608.975609756104,0.47785220232076603,1559600.6629541507,5262178.747339655,35121.19512195122,1559943.5032675855,5263120.693359295,35121.19512195122,1560189.322938324,5263031.222316149,36096.756097560974,1559846.4826248891,5262089.276296508,36096.756097560974
1560237.8332596722,5263546.930847542,35608.975609756104,0.5370448448749633,1559943.5032675855,5263120.693359295,35121.19512195122,1560286.3435810201,5264062.639378936,35121.19512195122,1560532.163251759,5263973.16833579,36096.756097560974,1560189.322938324,5263031.222316149,36096.756097560974
1560580.673573107,5264488.876867183,35608.975609756104,0.5385136700291382,1560286.3435810201,5264062.639378936,35121.19512195122,1560629.183894455,5265004.585398576,35121.19512195122,1560875.0035651939,5264915.114355431,36096.756097560974,1560532.163251759,5263973.16833579,36096.756097560974
1560923.5138865418,5265430.822886824,35608.975609756104,0.5777722571070203,1560629.183894455,5265004.585398576,35121.19512195122,1560972.02420789,5265946.531418218,35121.19512195122,1561217.8438786285,5265857.060375071,36096.756097560974,1560875.0035651939,5264915.114355431,36096.756097560974
1561266.3541999767,5266372.768906466,35608.975609756104,0.46425210061377975,1560972.02420789,5265946.531418218,35121.19512195122,1561314.8645213249,5266888.4774378585,35121.19512195122,1561560.6841920633,5266799.006394712,36096.756097560974,1561217.8438786285,5265857.060375071,36096.756097560974
1561609.1945134115,5267314.714926106,35608.975609756104,0.3287341253604449,1561314.8645213249,5266888.4774378585,35121.19512195122,1561657.7048347595,5267830.423457499,35121.19512195122,1561903.5245054981,5267740.952414353,36096.756097560974,1561560.6841920633,5266799.006394712,36096.756097560974
1561952.0348268463,5268256.660945747,35608.975609756104,0.3702837200423447,1561657.7048347595,5267830.423457499,35121.19512195122,1562000.5451481943,5268772.369477141,35121.19512195122,1562246.364818933,5268682.8984339945,36096.756097560974,1561903.5245054981,5267740.952414353,36096.756097560974
1562294.8751402812,5269198.606965387,35608.975609756104,0.45345986100625074,1562000.5451481943,5268772.369477141,35121.19512195122,1562343.3854616291,5269714.315496781,35121.19512195122,1562589.2051323678,5269624.844453635,36096.756097560974,1562246.364818933,5268682.8984339945,36096.756097560974
1562637.7154537158,5270140.552985029,35608.975609756104,0.3753043365176636,1562343.3854616291,5269714.315496781,35121.19512195122,1562686.225775064,5270656.261516422,35121.19512195122,1562932.0454458024,5270566.790473277,36096.756097560974,1562589.2051323678,5269624.844453635,36096.756097560974
1562980.5557671506,5271082.4990046695,35608.975609756104,0.279812427658731,1562686.225775064,5270656.261516422,35121.19512195122,1563029.0660884986,5271598.207536062,35121.19512195122,1563274.8857592375,5271508.736492917,36096.756097560974,1562932.0454458024,5270566.790473277,36096.756097560974
1563323.3960805857,5272024.44502431,35608.975609756104,0.31564685441035206,1563029.0660884986,5271598.207536062,35121.19512195122,1563371.9064019336,5272540.153555704,35121.19512195122,1563617.7260726723,5272450.682512558,36096.756097560974,1563274.8857592375,5271508.736492917,36096.756097560974
1563666.2363940205,5272966.391043951,35608.975609756104,0.24022165557071917,1563371.9064019336,5272540.153555704,35121.19512195122,1563714.7467153685,5273482.0995753445,35121.19512195122,1563960.5663861071,5273392.628532198,36096.756097560974,1563617.7260726723,5272450.682512558,36096.756097560974
1564009.0767074553,5273908.337063592,35608.975609756104,0.2837259864445611,1563714.7467153685,5273482.0995753445,35121.19512195122,1564057.5870288033,5274424.045594986,35121.19512195122,1564303.4066995417,5274334.574551839,36096.756097560974,1563960.5663861071,5273392.628532198,36096.756097560974
1564351.91702089,5274850.283083233,35608.975609756104,0.26854626162342526,1564057.5870288033,5274424.045594986,35121.19512195122,1564400.4273422381,5275365.991614626,35121.19512195122,1564646.2470129766,5275276.5205714805,36096.756097560974,1564303.4066995417,5274334.574551839,36096.756097560974
1564694.7573343245,5275792.229102873,35608.975609756104,0.2727502290014737,1564400.4273422381,5275365.991614626,35121.19512195122,1564743.2676556727,5276307.937634268,35121.19512195122,1564989.0873264114,5276218.466591121,36096.756097560974,1564646.2470129766,5275276.5205714805,36096.756097560974
1565037.5976477594,5276734.175122515,35608.975609756104,0.2596934317520035,1564743.2676556727,5276307.937634268,35121.19512195122,1565086.1079691076,5277249.883653908,35121.19512195122,1565331.9276398462,5277160.412610762,36096.756097560974,1564989.0873264114,5276218.466591121,36096.756097560974
1565380.4379611942,5277676.1211421555,35608.975609756104,0.32124591502673056,1565086.1079691076,5277249.883653908,35121.19512195122,1565428.9482825424,5278191.829673549,35121.19512195122,1565674.7679532808,5278102.358630403,36096.756097560974,1565331.9276398462,5277160.412610762,36096.756097560974
1565723.278274629,5278618.067161797,35608.975609756104,0.22046963012178564,1565428.9482825424,5278191.829673549,35121.19512195122,1565771.7885959772,5279133.775693189,35121.19512195122,1566017.608266716,5279044.304650044,36096.756097560974,1565674.7679532808,5278102.358630403,36096.756097560974
1566066.118588064,5279560.013181437,35608.975609756104,0.07204860040883831,1565771.7885959772,5279133.775693189,35121.19512195122,1566114.628909412,5280075.721712831,35121.19512195122,1566360.4485801507,5279986.250669684,36096.756097560974,1566017.608266716,5279044.304650044,36096.756097560974
1566408.9589014987,5280501.959201078,35608.975609756104,0.0655116652834951,1566114.628909412,5280075.721712831,35121.19512195122,1566457.469222847,5281017.667732472,35121.19512195122,1566703.2888935856,5280928.196689326,36096.756097560974,1566360.4485801507,5279986.250669684,36096.756097560974
1566751.7992149335,5281443.905220719,35608.975609756104,0.07841312936520725,1566457.469222847,5281017.667732472,35121.19512195122,1566800.3095362817,5281959.613752112,35121.19512195122,1567046.1292070204,5281870.1427089665,36096.756097560974,1566703.2888935856,5280928.196689326,36096.756097560974
1567094.6395283684,5282385.85124036,35608.975609756104,0.09134068121656905,1566800.3095362817,5281959.613752112,35121.19512195122,1567143.1498497166,5282901.559771754,35121.19512195122,1567388.9695204552,5282812.088728608,36096.756097560974,1567046.1292070204,5281870.1427089665,36096.756097560974
1567437.4798418032,5283327.79726,35608.975609756104,0.07090350428849397,1567143.1498497166,5282901.559771754,35121.19512195122,1567485.9901631514,5283843.505791395,35121.19512195122,1567731.8098338898,5283754.034748248,36096.756097560974,1567388.9695204552,5282812.088728608,36096.756097560974
1567780.320155238,5284269.743279642,35608.975609756104,0.0705467271146685,1567485.9901631514,5283843.505791395,35121.19512195122,1567828.8304765862,5284785.451811035,35121.19512195122,1568074.6501473247,5284695.98076789,36096.756097560974,1567731.8098338898,5283754.034748248,36096.756097560974
1568123.1604686729,5285211.689299283,35608.975609756104,0.06833287889049103,1567828.8304765862,5284785.451811035,35121.19512195122,1568171.6707900208,5285727.397830676,35121.19512195122,1568417.4904607595,5285637.92678753,36096.756097560974,1568074.6501473247,5284695.98076789,36096.756097560974
1568466.0007821077,5286153.635318924,35608.975609756104,0.06901381098061429,1568171.6707900208,5285727.397830676,35121.19512195122,1568514.5111034557,5286669.343850317,35121.19512195122,1568760.3307741946,5286579.872807171,36096.756097560974,1568417.4904607595,5285637.92678753,36096.756097560974
1568808.8410955428,5287095.581338565,35608.975609756104,0.08431662082934231,1568514.5111034557,5286669.343850317,35121.19512195122,1568857.3514168907,5287611.289869959,35121.19512195122,1569103.1710876294,5287521.818826811,36096.756097560974,1568760.3307741946,5286579.872807171,36096.756097560974
1569151.6814089776,5288037.527358205,35608.975609756104,0.16405252629174652,1568857.3514168907,5287611.289869959,35121.19512195122,1569200.1917303256,5288553.235889599,35121.19512195122,1569446.011401064,5288463.764846453,36096.756097560974,1569103.1710876294,5287521.818826811,36096.756097560974
1569494.5217224122,5288979.473377846,35608.975609756104,0.3317482567156498,1569200.1917303256,5288553.235889599,35121.19512195122,1569543.0320437602,5289495.181909239,35121.19512195122,1569788.8517144988,5289405.710866094,36096.756097560974,1569446.011401064,5288463.764846453,36096.756097560974
1569837.362035847,5289921.419397487,35608.975609756104,0.37336650763429485,1569543.0320437602,5289495.181909239,35121.19512195122,1569885.872357195,5290437.127928881,35121.19512195122,1570131.6920279337,5290347.656885735,36096.756097560974,1569788.8517144988,5289405.710866094,36096.756097560974
1570180.2023492819,5290863.365417128,35608.975609756104,0.37465666542122766,1569885.872357195,5290437.127928881,35121.19512195122,1570228.7126706298,5291379.073948521,35121.19512195122,1570474.5323413685,5291289.602905376,36096.756097560974,1570131.6920279337,5290347.656885735,36096.756097560974
1570523.0426627167,5291805.31143677,35608.975609756104,0.41131255907204695,1570228.7126706298,5291379.073948521,35121.19512195122,1570571.5529840647,5292321.019968162,35121.19512195122,1570817.372654803,5292231.548925017,36096.756097560974,1570474.5323413685,5291289.602905376,36096.756097560974
1570865.882976151,5292747.25745641,35608.975609756104,0.4752723207062428,1570571.5529840647,5292321.019968162,35121.19512195122,1570914.3932974993,5293262.965987803,35121.19512195122,1571160.2129682382,5293173.494944657,36096.756097560974,1570817.372654803,5292231.548925017,36096.756097560974
1571208.7232895861,5293689.203476051,35608.975609756104,0.5727937481852933,1570914.3932974993,5293262.965987803,35121.19512195122,1571257.2336109343,5294204.912007445,35121.19512195122,1571503.053281673,5294115.440964298,36096.756097560974,1571160.2129682382,5293173.494944657,36096.756097560974
1571551.563603021,5294631.149495692,35608.975609756104,0.5688614472720736,1571257.2336109343,5294204.912007445,35121.19512195122,1571600.0739243692,5295146.858027085,35121.19512195122,1571845.8935951078,5295057.386983939,36096.756097560974,1571503.053281673,5294115.440964298,36096.756097560974
1571894.4039164558,5295573.095515332,35608.975609756104,0.49057976893630534,1571600.0739243692,5295146.858027085,35121.19512195122,1571942.914237804,5296088.804046726,35121.19512195122,1572188.7339085424,5295999.33300358,36096.756097560974,1571845.8935951078,5295057.386983939,36096.756097560974
1572237.2442298906,5296515.041534972,35608.975609756104,0.34117378775319024,1571942.914237804,5296088.804046726,35121.19512195122,1572285.7545512388,5297030.750066367,35121.19512195122,1572531.5742219773,5296941.279023221,36096.756097560974,1572188.7339085424,5295999.33300358,36096.756097560974
1572580.0845433255,5297456.987554614,35608.975609756104,0.36518610400562995,1572285.7545512388,5297030.750066367,35121.19512195122,1572628.5948646734,5297972.696086008,35121.19512195122,1572874.414535412,5297883.225042861,36096.756097560974,1572531.5742219773,5296941.279023221,36096.756097560974
1572922.9248567603,5298398.933574256,35608.975609756104,0.3661572927086298,1572628.5948646734,5297972.696086008,35121.19512195122,1572971.4351781083,5298914.642105648,35121.19512195122,1573217.254848847,5298825.171062503,36096.756097560974,1572874.414535412,5297883.225042861,36096.756097560974
1573265.7651701951,5299340.879593896,35608.975609756104,0.2509204607374841,1572971.4351781083,5298914.642105648,35121.19512195122,1573314.275491543,5299856.588125289,35121.19512195122,1573560.0951622818,5299767.117082143,36096.756097560974,1573217.254848847,5298825.171062503,36096.756097560974
1573608.6054836297,5300282.825613537,35608.975609756104,0.2511545904265991,1573314.275491543,5299856.588125289,35121.19512195122,1573657.115804978,5300798.534144931,35121.19512195122,1573902.9354757166,5300709.063101784,36096.756097560974,1573560.0951622818,5299767.117082143,36096.756097560974
1573951.4457970648,5301224.771633178,35608.975609756104,0.2207454989130363,1573657.115804978,5300798.534144931,35121.19512195122,1573999.9561184128,5301740.480164572,35121.19512195122,1574245.7757891514,5301651.0091214245,36096.756097560974,1573902.9354757166,5300709.063101784,36096.756097560974
1574294.2861104996,5302166.717652819,35608.975609756104,0.2290349421199074,1573999.9561184128,5301740.480164572,35121.19512195122,1574342.7964318476,5302682.426184212,35121.19512195122,1574588.6161025863,5302592.955141067,36096.756097560974,1574245.7757891514,5301651.0091214245,36096.756097560974
1574637.1264239345,5303108.663672459,35608.975609756104,0.335384840485923,1574342.7964318476,5302682.426184212,35121.19512195122,1574685.6367452824,5303624.372203853,35121.19512195122,1574931.456416021,5303534.901160707,36096.756097560974,1574588.6161025863,5302592.955141067,36096.756097560974
1574979.966737369,5304050.6096920995,35608.975609756104,0.40443031320625694,1574685.6367452824,5303624.372203853,35121.19512195122,1575028.4770587173,5304566.318223494,35121.19512195122,1575274.2967294557,5304476.847180348,36096.756097560974,1574931.456416021,5303534.901160707,36096.756097560974
1575322.807050804,5304992.555711742,35608.975609756104,0.5537483300166876,1575028.4770587173,5304566.318223494,35121.19512195122,1575371.3173721519,5305508.264243134,35121.19512195122,1575617.1370428905,5305418.793199989,36096.756097560974,1575274.2967294557,5304476.847180348,36096.756097560974
1575665.6473642387,5305934.501731383,35608.975609756104,0.6769223534489319,1575371.3173721519,5305508.264243134,35121.19512195122,1575714.1576855867,5306450.210262775,35121.19512195122,1575959.9773563254,5306360.73921963,36096.756097560974,1575617.1370428905,5305418.793199989,36096.756097560974
1576008.4876776736,5306876.447751023,35608.975609756104,0.9306178247701024,1575714.1576855867,5306450.210262775,35121.19512195122,1576056.9979990216,5307392.156282417,35121.19512195122,1576302.8176697602,5307302.68523927,36096.756097560974,1575959.9773563254,5306360.73921963,36096.756097560974
1576351.3279911084,5307818.393770664,35608.975609756104,1.066300204451729,1576056.9979990216,5307392.156282417,35121.19512195122,1576399.8383124564,5308334.102302058,35121.19512195122,1576645.657983195,5308244.631258911,36096.756097560974,1576302.8176697602,5307302.68523927,36096.756097560974
1576694.1683045432,5308760.339790305,35608.975609756104,0.9729919396930427,1576399.8383124564,5308334.102302058,35121.19512195122,1576742.6786258915,5309276.048321698,35121.19512195122,1576988.4982966299,5309186.577278553,36096.756097560974,1576645.657983195,5308244.631258911,36096.756097560974
1577037.0086179778,5309702.285809946,35608.975609756104,1.0291217494870115,1576742.6786258915,5309276.048321698,35121.19512195122,1577085.518939326,5310217.994341339,35121.19512195122,1577331.3386100647,5310128.523298194,36096.756097560974,1576988.4982966299,5309186.577278553,36096.756097560974
1577379.8489314127,5310644.231829586,35608.975609756104,1.100773014503159,1577085.518939326,5310217.994341339,35121.19512195122,1577428.359252761,5311159.94036098,35121.19512195122,1577674.1789234995,5311070.469317834,36096.756097560974,1577331.3386100647,5310128.523298194,36096.756097560974
1577722.6892448475,5311586.177849228,35608.975609756104,1.264676143514653,1577428.359252761,5311159.94036098,35121.19512195122,1577771.1995661957,5312101.886380621,35121.19512195122,1578017.0192369344,5312012.415337474,36096.756097560974,1577674.1789234995,5311070.469317834,36096.756097560974
1578065.5295582823,5312528.123868868,35608.975609756104,1.2771977732868627,1577771.1995661957,5312101.886380621,35121.19512195122,1578114.0398796306,5313043.832400261,35121.19512195122,1578359.859550369,5312954.361357116,36096.756097560974,1578017.0192369344,5312012.415337474,36096.756097560974
1578408.3698717172,5313470.069888509,35608.975609756104,1.1495404195006138,1578114.0398796306,5313043.832400261,35121.19512195122,1578456.8801930652,5313985.778419903,35121.19512195122,1578702.6998638038,5313896.307376756,36096.756097560974,1578359.859550369,5312954.361357116,36096.756097560974
1578751.210185152,5314412.01590815,35608.975609756104,1.0638737184437563,1578456.8801930652,5313985.778419903,35121.19512195122,1578799.7205065002,5314927.724439544,35121.19512195122,1579045.5401772389,5314838.253396397,36096.756097560974,1578702.6998638038,5313896.307376756,36096.756097560974
1579094.050498587,5315353.961927792,35608.975609756104,1.0969257241202177,1578799.7205065002,5314927.724439544,35121.19512195122,1579142.560819935,5315869.670459185,35121.19512195122,1579388.3804906737,5315780.1994160395,36096.756097560974,1579045.5401772389,5314838.253396397,36096.756097560974
1579436.8908120217,5316295.907947432,35608.975609756104,1.173691884062832,1579142.560819935,5315869.670459185,35121.19512195122,1579485.40113337,5316811.616478825,35121.19512195122,1579731.2208041085,5316722.14543568,36096.756097560974,1579388.3804906737,5315780.1994160395,36096.756097560974
1579779.7311254565,5317237.853967073,35608.975609756104,1.3845503564176238,1579485.40113337,5316811.616478825,35121.19512195122,1579828.2414468047,5317753.562498467,35121.19512195122,1580074.0611175431,5317664.091455321,36096.756097560974,1579731.2208041085,5316722.14543568,36096.756097560974
1580122.5714388913,5318179.799986714,35608.975609756104,1.5124028754800474,1579828.2414468047,5317753.562498467,35121.19512195122,1580171.0817602396,5318695.508518107,35121.19512195122,1580416.901430978,5318606.037474961,36096.756097560974,1580074.0611175431,5317664.091455321,36096.756097560974
1580465.4117523262,5319121.746006355,35608.975609756104,1.891198424075544,1580171.0817602396,5318695.508518107,35121.19512195122,1580513.9220736742,5319637.454537748,35121.19512195122,1580759.7417444128,5319547.983494602,36096.756097560974,1580416.901430978,5318606.037474961,36096.756097560974
1580808.252065761,5320063.692025995,35608.975609756104,2.1038994161546545,1580513.9220736742,5319637.454537748,35121.19512195122,1580856.762387109,5320579.400557389,35121.19512195122,1581102.5820578476,5320489.929514243,36096.756097560974,1580759.7417444128,5319547.983494602,36096.756097560974
1581151.0923791958,5321005.638045636,35608.975609756104,2.6362711049186136,1580856.762387109,5320579.400557389,35121.19512195122,1581199.6027005438,5321521.346577031,35121.19512195122,1581445.4223712825,5321431.875533883,36096.756097560974,1581102.5820578476,5320489.929514243,36096.756097560974
1581493.9326926307,5321947.584065278,35608.975609756104,2.3803040896742913,1581199.6027005438,5321521.346577031,35121.19512195122,1581542.4430139787,5322463.292596671,35121.19512195122,1581788.2626847173,5322373.821553525,36096.756097560974,1581445.4223712825,5321431.875533883,36096.756097560974
1581836.7730060655,5322889.530084918,35608.975609756104,2.2478220595913183,1581542.4430139787,5322463.292596671,35121.19512195122,1581885.2833274135,5323405.238616312,35121.19512195122,1582131.1029981521,5323315.767573166,36096.756097560974,1581788.2626847173,5322373.821553525,36096.756097560974
1582179.6133195003,5323831.476104559,35608.975609756104,2.3352022253176283,1581885.2833274135,5323405.238616312,35121.19512195122,1582228.1236408483,5324347.184635952,35121.19512195122,1582473.943311587,5324257.713592807,36096.756097560974,1582131.1029981521,5323315.767573166,36096.756097560974
1582522.4536329352,5324773.4221242,35608.975609756104,2.850301259290151,1582228.1236408483,5324347.184635952,35121.19512195122,1582570.9639542832,5325289.130655593,35121.19512195122,1582816.7836250218,5325199.659612447,36096.756097560974,1582473.943311587,5324257.713592807,36096.756097560974
1582865.29394637,5325715.368143842,35608.975609756104,2.6710318282395904,1582570.9639542832,5325289.130655593,35121.19512195122,1582913.804267718,5326231.076675234,35121.19512195122,1583159.6239384564,5326141.605632089,36096.756097560974,1582816.7836250218,5325199.659612447,36096.756097560974
1583208.1342598044,5326657.314163482,35608.975609756104,2.0345366369115983,1582913.804267718,5326231.076675234,35121.19512195122,1583256.6445811526,5327173.022694875,35121.19512195122,1583502.4642518912,5327083.551651729,36096.756097560974,1583159.6239384564,5326141.605632089,36096.756097560974
1583550.9745732392,5327599.260183122,35608.975609756104,2.450004609513107,1583256.6445811526,5327173.022694875,35121.19512195122,1583599.4848945874,5328114.968714517,35121.19512195122,1583845.304565326,5328025.49767137,36096.756097560974,1583502.4642518912,5327083.551651729,36096.756097560974
1583893.814886674,5328541.206202763,35608.975609756104,3.5857242358426618,1583599.4848945874,5328114.968714517,35121.19512195122,1583942.3252080223,5329056.914734157,35121.19512195122,1584188.144878761,5328967.443691011,36096.756097560974,1583845.304565326,5328025.49767137,36096.756097560974
1584236.655200109,5329483.152222405,35608.975609756104,4.183024175914203,1583942.3252080223,5329056.914734157,35121.19512195122,1584285.165521457,5329998.860753798,35121.19512195122,1584530.9851921957,5329909.389710653,36096.756097560974,1584188.144878761,5328967.443691011,36096.756097560974
1584579.495513544,5330425.098242045,35608.975609756104,3.9992125510291525,1584285.165521457,5329998.860753798,35121.19512195122,1584628.0058348922,5330940.806773438,35121.19512195122,1584873.8255056306,5330851.335730293,36096.756097560974,1584530.9851921957,5329909.389710653,36096.756097560974
1584922.3358269788,5331367.0442616865,35608.975609756104,5.2421486440118175,1584628.0058348922,5330940.806773438,35121.19512195122,1584970.8461483268,5331882.75279308,35121.19512195122,1585216.6658190654,5331793.281749934,36096.756097560974,1584873.8255056306,5330851.335730293,36096.756097560974
1585265.1761404136,5332308.990281328,35608.975609756104,5.931956003331286,1584970.8461483268,5331882.75279308,35121.19512195122,1585313.6864617616,5332824.69881272,35121.19512195122,1585559.5061325002,5332735.227769574,36096.756097560974,1585216.6658190654,5331793.281749934,36096.756097560974
1585608.0164538485,5333250.936300968,35608.975609756104,6.622607039750946,1585313.6864617616,5332824.69881272,35121.19512195122,1585656.5267751964,5333766.6448323615,35121.19512195122,1585902.346445935,5333677.173789215,36096.756097560974,1585559.5061325002,5332735.227769574,36096.756097560974
1585950.856767283,5334192.882320609,35608.975609756104,6.605618320125816,1585656.5267751964,5333766.6448323615,35121.19512195122,1585999.3670886313,5334708.590852002,35121.19512195122,1586245.1867593697,5334619.119808856,36096.756097560974,1585902.346445935,5333677.173789215,36096.756097560974
1586293.697080718,5335134.828340249,35608.975609756104,6.104943807707757,1585999.3670886313,5334708.590852002,35121.19512195122,1586342.2074020659,5335650.536871644,35121.19512195122,1586588.0270728045,5335561.065828497,36096.756097560974,1586245.1867593697,5334619.119808856,36096.756097560974
1586636.5373941527,5336076.77435989,35608.975609756104,5.254376697186905,1586342.2074020659,5335650.536871644,35121.19512195122,1586685.0477155007,5336592.482891284,35121.19512195122,1586930.8673862396,5336503.011848138,36096.756097560974,1586588.0270728045,5335561.065828497,36096.756097560974
1586979.3777075878,5337018.720379531,35608.975609756104,5.606080099782719,1586685.0477155007,5336592.482891284,35121.19512195122,1587027.8880289358,5337534.428910925,35121.19512195122,1587273.7076996744,5337444.957867779,36096.756097560974,1586930.8673862396,5336503.011848138,36096.756097560974
1587322.2180210224,5337960.6663991725,35608.975609756104,5.832671887214245,1587027.8880289358,5337534.428910925,35121.19512195122,1587370.7283423706,5338476.374930566,35121.19512195122,1587616.548013109,5338386.90388742,36096.756097560974,1587273.7076996744,5337444.957867779,36096.756097560974
1587665.0583344572,5338902.612418813,35608.975609756104,7.699609710515039,1587370.7283423706,5338476.374930566,35121.19512195122,1587713.5686558054,5339418.320950207,35121.19512195122,1587959.3883265438,5339328.84990706,36096.756097560974,1587616.548013109,5338386.90388742,36096.756097560974
1588007.898647892,5339844.558438455,35608.975609756104,7.348458419952122,1587713.5686558054,5339418.320950207,35121.19512195122,1588056.40896924,5340360.2669698475,35121.19512195122,1588302.2286399787,5340270.795926702,36096.756097560974,1587959.3883265438,5339328.84990706,36096.756097560974
1588350.738961327,5340786.504458095,35608.975609756104,6.310297286565861,1588056.40896924,5340360.2669698475,35121.19512195122,1588399.2492826749,5341302.212989488,35121.19512195122,1588645.0689534135,5341212.741946342,36096.756097560974,1588302.2286399787,5340270.795926702,36096.756097560974
1588693.5792747617,5341728.450477736,35608.975609756104,6.810773103808601,1588399.2492826749,5341302.212989488,35121.19512195122,1588742.0895961097,5342244.15900913,35121.19512195122,1588987.9092668483,5342154.6879659835,36096.756097560974,1588645.0689534135,5341212.741946342,36096.756097560974
1589036.4195881966,5342670.396497376,35608.975609756104,6.720068751156014,1588742.0895961097,5342244.15900913,35121.19512195122,1589084.9299095445,5343186.105028771,35121.19512195122,1589330.7495802832,5343096.633985624,36096.756097560974,1588987.9092668483,5342154.6879659835,36096.756097560974
1589379.2599016314,5343612.342517017,35608.975609756104,6.904384851450493,1589084.9299095445,5343186.105028771,35121.19512195122,1589427.7702229794,5344128.051048411,35121.19512195122,1589673.589893718,5344038.580005266,36096.756097560974,1589330.7495802832,5343096.633985624,36096.756097560974
1589722.100215066,5344554.2885366585,35608.975609756104,7.5303706830706,1589427.7702229794,5344128.051048411,35121.19512195122,1589770.6105364142,5345069.997068052,35121.19512195122,1590016.4302071529,5344980.526024906,36096.756097560974,1589673.589893718,5344038.580005266,36096.756097560974
1590064.9405285008,5345496.2345563,35608.975609756104,8.024759464119521,1589770.6105364142,5345069.997068052,35121.19512195122,1590113.450849849,5346011.943087693,35121.19512195122,1590359.2705205877,5345922.472044547,36096.756097560974,1590016.4302071529,5344980.526024906,36096.756097560974
1590407.7808419357,5346438.180575941,35608.975609756104,7.378869346296508,1590113.450849849,5346011.943087693,35121.19512195122,1590456.2911632839,5346953.8891073335,35121.19512195122,1590702.1108340225,5346864.418064187,36096.756097560974,1590359.2705205877,5345922.472044547,36096.756097560974
1590750.6211553705,5347380.126595582,35608.975609756104,7.929871138998238,1590456.2911632839,5346953.8891073335,35121.19512195122,1590799.1314767187,5347895.835126975,35121.19512195122,1591044.9511474571,5347806.364083829,36096.756097560974,1590702.1108340225,5346864.418064187,36096.756097560974
1591093.4614688053,5348322.072615222,35608.975609756104,8.925793751867753,1590799.1314767187,5347895.835126975,35121.19512195122,1591141.9717901535,5348837.781146615,35121.19512195122,1591387.791460892,5348748.3101034695,36096.756097560974,1591044.9511474571,5347806.364083829,36096.756097560974
1591436.3017822402,5349264.018634863,35608.975609756104,8.760236603144248,1591141.9717901535,5348837.781146615,35121.19512195122,1591484.8121035881,5349779.727166257,35121.19512195122,1591730.6317743268,5349690.256123111,36096.756097560974,1591387.791460892,5348748.3101034695,36096.756097560974
1591779.1420956748,5350205.964654504,35608.975609756104,10.286178321457863,1591484.8121035881,5349779.727166257,35121.19512195122,1591827.652417023,5350721.673185897,35121.19512195122,1592073.4720877616,5350632.202142752,36096.756097560974,1591730.6317743268,5349690.256123111,36096.756097560974
1592121.9824091096,5351147.9106741445,35608.975609756104,10.515852138783117,1591827.652417023,5350721.673185897,35121.19512195122,1592170.4927304578,5351663.619205538,35121.19512195122,1592416.3124011967,5351574.148162393,36096.756097560974,1592073.4720877616,5350632.202142752,36096.756097560974
1592464.8227225447,5352089.856693786,35608.975609756104,9.04974397888225,1592170.4927304578,5351663.619205538,35121.19512195122,1592513.3330438929,5352605.565225179,35121.19512195122,1592759.1527146313,5352516.094182033,36096.756097560974,1592416.3124011967,5351574.148162393,36096.756097560974
1592807.6630359795,5353031.802713427,35608.975609756104,8.432631482917706,1592513.3330438929,5352605.565225179,35121.19512195122,1592856.1733573275,5353547.51124482,35121.19512195122,1593101.9930280661,5353458.040201674,36096.756097560974,1592759.1527146313,5352516.094182033,36096.756097560974
1593150.5033494143,5353973.748733068,35608.975609756104,7.326286319033138,1592856.1733573275,5353547.51124482,35121.19512195122,1593199.0136707623,5354489.457264461,35121.19512195122,1593444.833341501,5354399.986221315,36096.756097560974,1593101.9930280661,5353458.040201674,36096.756097560974
1593493.3436628492,5354915.694752708,35608.975609756104,6.661427196050657,1593199.0136707623,5354489.457264461,35121.19512195122,1593541.8539841971,5355431.403284102,35121.19512195122,1593787.6736549358,5355341.9322409555,36096.756097560974,1593444.833341501,5354399.986221315,36096.756097560974
1593836.183976284,5355857.640772349,35608.975609756104,5.947889211541652,1593541.8539841971,5355431.403284102,35121.19512195122,1593884.694297632,5356373.349303743,35121.19512195122,1594130.5139683704,5356283.878260597,36096.756097560974,1593787.6736549358,5355341.9322409555,36096.756097560974
1594179.0242897186,5356799.58679199,35608.975609756104,6.9180624223310625,1593884.694297632,5356373.349303743,35121.19512195122,1594227.5346110666,5357315.295323384,35121.19512195122,1594473.3542818052,5357225.824280237,36096.756097560974,1594130.5139683704,5356283.878260597,36096.756097560974
1594521.8646031534,5357741.532811631,35608.975609756104,7.843048652599953,1594227.5346110666,5357315.295323384,35121.19512195122,1594570.3749245014,5358257.241343024,35121.19512195122,1594816.1945952403,5358167.770299879,36096.756097560974,1594473.3542818052,5357225.824280237,36096.756097560974
1594864.7049165885,5358683.478831272,35608.975609756104,8.852641052890306,1594570.3749245014,5358257.241343024,35121.19512195122,1594913.2152379365,5359199.187362665,35121.19512195122,1595159.0349086751,5359109.716319519,36096.756097560974,1594816.1945952403,5358167.770299879,36096.756097560974
1595207.5452300233,5359625.424850912,35608.975609756104,8.116608656331099,1594913.2152379365,5359199.187362665,35121.19512195122,1595256.0555513713,5360141.133382306,35121.19512195122,1595501.8752221097,5360051.66233916,36096.756097560974,1595159.0349086751,5359109.716319519,36096.756097560974
1595550.385543458,5360567.370870554,35608.975609756104,7.562218833722921,1595256.0555513713,5360141.133382306,35121.19512195122,1595598.8958648061,5361083.079401948,35121.19512195122,1595844.7155355446,5360993.608358801,36096.756097560974,1595501.8752221097,5360051.66233916,36096.756097560974
1595893.2258568925,5361509.316890195,35608.975609756104,6.513197832046543,1595598.8958648061,5361083.079401948,35121.19512195122,1595941.7361782407,5362025.025421588,35121.19512195122,1596187.5558489794,5361935.5543784425,36096.756097560974,1595844.7155355446,5360993.608358801,36096.756097560974
1596236.0661703274,5362451.262909835,35608.975609756104,5.399698916343881,1595941.7361782407,5362025.025421588,35121.19512195122,1596284.5764916756,5362966.971441229,35121.19512195122,1596530.3961624142,5362877.500398083,36096.756097560974,1596187.5558489794,5361935.5543784425,36096.756097560974
1596578.9064837622,5363393.208929476,35608.975609756104,5.1133013890708,1596284.5764916756,5362966.971441229,35121.19512195122,1596627.4168051104,5363908.91746087,35121.19512195122,1596873.2364758488,5363819.446417724,36096.756097560974,1596530.3961624142,5362877.500398083,36096.756097560974
1596921.746797197,5364335.154949117,35608.975609756104,5.429580559117379,1596627.4168051104,5363908.91746087,35121.19512195122,1596970.2571185452,5364850.86348051,35121.19512195122,1597216.0767892837,5364761.392437365,36096.756097560974,1596873.2364758488,5363819.446417724,36096.756097560974
1597264.5871106319,5365277.100968759,35608.975609756104,5.963101289221,1596970.2571185452,5364850.86348051,35121.19512195122,1597313.0974319798,5365792.809500151,35121.19512195122,1597558.9171027187,5365703.338457006,36096.756097560974,1597216.0767892837,5364761.392437365,36096.756097560974
1597607.427424067,5366219.046988399,35608.975609756104,5.346679259891896,1597313.0974319798,5365792.809500151,35121.19512195122,1597655.937745415,5366734.755519792,35121.19512195122,1597901.7574161536,5366645.284476646,36096.756097560974,1597558.9171027187,5365703.338457006,36096.756097560974
1597950.2677375018,5367160.99300804,35608.975609756104,4.424503949422862,1597655.937745415,5366734.755519792,35121.19512195122,1597998.7780588497,5367676.701539434,35121.19512195122,1598244.5977295884,5367587.230496287,36096.756097560974,1597901.7574161536,5366645.284476646,36096.756097560974
1598293.1080509364,5368102.939027681,35608.975609756104,3.93804850329672,1597998.7780588497,5367676.701539434,35121.19512195122,1598341.6183722846,5368618.647559074,35121.19512195122,1598587.438043023,5368529.1765159285,36096.756097560974,1598244.5977295884,5367587.230496287,36096.756097560974
1598635.9483643712,5369044.885047321,35608.975609756104,3.7892665819111495,1598341.6183722846,5368618.647559074,35121.19512195122,1598684.4586857192,5369560.593578715,35121.19512195122,1598930.2783564578,5369471.122535569,36096.756097560974,1598587.438043023,5368529.1765159285,36096.756097560974
1598978.788677806,5369986.831066962,35608.975609756104,3.1982880217413885,1598684.4586857192,5369560.593578715,35121.19512195122,1599027.298999154,5370502.539598356,35121.19512195122,1599273.1186698927,5370413.06855521,36096.756097560974,1598930.2783564578,5369471.122535569,36096.756097560974
1599321.6289912409,5370928.777086603,35608.975609756104,2.4789321944262763,1599027.298999154,5370502.539598356,35121.19512195122,1599370.1393125888,5371444.485617997,35121.19512195122,1599615.9589833275,5371355.01457485,36096.756097560974,1599273.1186698927,5370413.06855521,36096.756097560974
1599664.4693046755,5371870.723106245,35608.975609756104,1.8679874520884114,1599370.1393125888,5371444.485617997,35121.19512195122,1599712.9796260237,5372386.431637637,35121.19512195122,1599958.799296762,5372296.960594492,36096.756097560974,1599615.9589833275,5371355.01457485,36096.756097560974
1600007.3096181103,5372812.669125885,35608.975609756104,1.5126873994751902,1599712.9796260237,5372386.431637637,35121.19512195122,1600055.8199394585,5373328.377657279,35121.19512195122,1600301.6396101972,5373238.906614132,36096.756097560974,1599958.799296762,5372296.960594492,36096.756097560974
1600350.1499315454,5373754.615145526,35608.975609756104,1.3406114082781355,1600055.8199394585,5373328.377657279,35121.19512195122,1600398.6602528933,5374270.32367692,35121.19512195122,1600644.479923632,5374180.852633773,36096.756097560974,1600301.6396101972,5373238.906614132,36096.756097560974
1600692.9902449802,5374696.561165167,35608.975609756104,1.4008674285651546,1600398.6602528933,5374270.32367692,35121.19512195122,1600741.5005663282,5375212.269696561,35121.19512195122,1600987.3202370668,5375122.7986534145,36096.756097560974,1600644.479923632,5374180.852633773,36096.756097560974
1601035.830558415,5375638.507184807,35608.975609756104,1.5421584845171175,1600741.5005663282,5375212.269696561,35121.19512195122,1601084.340879763,5376154.215716201,35121.19512195122,1601330.1605505017,5376064.744673056,36096.756097560974,1600987.3202370668,5375122.7986534145,36096.756097560974
1601378.6708718499,5376580.453204448,35608.975609756104,1.4225993014485994,1601084.340879763,5376154.215716201,35121.19512195122,1601427.1811931978,5377096.161735843,35121.19512195122,1601673.0008639365,5377006.690692696,36096.756097560974,1601330.1605505017,5376064.744673056,36096.756097560974
1601721.5111852847,5377522.399224089,35608.975609756104,1.4720418546099776,1601427.1811931978,5377096.161735843,35121.19512195122,1601770.0215066327,5378038.107755483,35121.19512195122,1602015.841177371,5377948.636712337,36096.756097560974,1601673.0008639365,5377006.690692696,36096.756097560974
1602064.351498719,5378464.345243731,35608.975609756104,1.8002177299617452,1601770.0215066327,5378038.107755483,35121.19512195122,1602112.8618200673,5378980.053775124,35121.19512195122,1602358.681490806,5378890.582731978,36096.756097560974,1602015.841177371,5377948.636712337,36096.756097560974
1602407.191812154,5379406.291263372,35608.975609756104,2.2461897532499604,1602112.8618200673,5378980.053775124,35121.19512195122,1602455.702133502,5379921.999794764,35121.19512195122,1602701.521804241,5379832.528751619,36096.756097560974,1602358.681490806,5378890.582731978,36096.756097560974
1602750.032125589,5380348.237283012,35608.975609756104,2.7310967215709487,1602455.702133502,5379921.999794764,35121.19512195122,1602798.542446937,5380863.9458144065,35121.19512195122,1603044.3621176758,5380774.474771259,36096.756097560974,1602701.521804241,5379832.528751619,36096.756097560974
1551226.9644676712,5238024.917274092,36584.53658536585,2.7230665742174707,1550932.6344755841,5237598.679785845,36096.756097560974,1551275.474789019,5238540.625805485,36096.756097560974,1551521.2944597583,5238451.15476234,37072.31707317073,1551178.4541463237,5237509.208742699,37072.31707317073
1551569.804781106,5238966.8632937325,36584.53658536585,2.6800031573256295,1551275.474789019,5238540.625805485,36096.756097560974,1551618.3151024538,5239482.571825127,36096.756097560974,1551864.1347731932,5239393.10078198,37072.31707317073,1551521.2944597583,5238451.15476234,37072.31707317073
1551912.645094541,5239908.809313375,36584.53658536585,2.764566465183895,1551618.3151024538,5239482.571825127,36096.756097560974,1551961.1554158884,5240424.517844767,36096.756097560974,1552206.975086628,5240335.046801621,37072.31707317073,1551864.1347731932,5239393.10078198,37072.31707317073
1552255.4854079757,5240850.755333015,36584.53658536585,2.3741781358144354,1551961.1554158884,5240424.517844767,36096.756097560974,1552303.9957293232,5241366.463864408,36096.756097560974,1552549.8154000628,5241276.992821262,37072.31707317073,1552206.975086628,5240335.046801621,37072.31707317073
1552598.3257214106,5241792.701352655,36584.53658536585,1.8904423654416398,1552303.9957293232,5241366.463864408,36096.756097560974,1552646.8360427583,5242308.409884049,36096.756097560974,1552892.6557134977,5242218.938840903,37072.31707317073,1552549.8154000628,5241276.992821262,37072.31707317073
1552941.1660348454,5242734.647372296,36584.53658536585,1.7679230757377224,1552646.8360427583,5242308.409884049,36096.756097560974,1552989.6763561931,5243250.355903691,36096.756097560974,1553235.4960269325,5243160.8848605435,37072.31707317073,1552892.6557134977,5242218.938840903,37072.31707317073
1553284.00634828,5243676.593391938,36584.53658536585,1.609777603820478,1552989.6763561931,5243250.355903691,36096.756097560974,1553332.5166696277,5244192.301923331,36096.756097560974,1553578.3363403673,5244102.830880186,37072.31707317073,1553235.4960269325,5243160.8848605435,37072.31707317073
1553626.8466617148,5244618.539411578,36584.53658536585,1.5326555996475075,1553332.5166696277,5244192.301923331,36096.756097560974,1553675.3569830626,5245134.247942972,36096.756097560974,1553921.1766538022,5245044.776899826,37072.31707317073,1553578.3363403673,5244102.830880186,37072.31707317073
1553969.6869751497,5245560.485431219,36584.53658536585,1.9663092098769217,1553675.3569830626,5245134.247942972,36096.756097560974,1554018.1972964974,5246076.193962613,36096.756097560974,1554264.0169672368,5245986.722919467,37072.31707317073,1553921.1766538022,5245044.776899826,37072.31707317073
1554312.5272885845,5246502.43145086,36584.53658536585,2.3120672474475388,1554018.1972964974,5246076.193962613,36096.756097560974,1554361.0376099322,5247018.139982254,36096.756097560974,1554606.8572806716,5246928.668939107,37072.31707317073,1554264.0169672368,5245986.722919467,37072.31707317073
1554655.3676020193,5247444.377470502,36584.53658536585,2.27800352070879,1554361.0376099322,5247018.139982254,36096.756097560974,1554703.877923367,5247960.086001894,36096.756097560974,1554949.6975941064,5247870.614958749,37072.31707317073,1554606.8572806716,5246928.668939107,37072.31707317073
1554998.2079154542,5248386.323490142,36584.53658536585,2.0175705361379803,1554703.877923367,5247960.086001894,36096.756097560974,1555046.7182368017,5248902.032021536,36096.756097560974,1555292.5379075413,5248812.560978389,37072.31707317073,1554949.6975941064,5247870.614958749,37072.31707317073
1555341.048228889,5249328.269509782,36584.53658536585,2.2502310789412685,1555046.7182368017,5248902.032021536,36096.756097560974,1555389.5585502367,5249843.978041177,36096.756097560974,1555635.3782209763,5249754.5069980305,37072.31707317073,1555292.5379075413,5248812.560978389,37072.31707317073
1555683.8885423238,5250270.215529424,36584.53658536585,2.2523100267604526,1555389.5585502367,5249843.978041177,36096.756097560974,1555732.3988636716,5250785.924060818,36096.756097560974,1555978.218534411,5250696.453017671,37072.31707317073,1555635.3782209763,5249754.5069980305,37072.31707317073
1556026.7288557587,5251212.161549065,36584.53658536585,1.95373879412198,1555732.3988636716,5250785.924060818,36096.756097560974,1556075.2391771064,5251727.870080458,36096.756097560974,1556321.0588478458,5251638.399037312,37072.31707317073,1555978.218534411,5250696.453017671,37072.31707317073
1556369.5691691935,5252154.107568705,36584.53658536585,1.4597708456583334,1556075.2391771064,5251727.870080458,36096.756097560974,1556418.079490541,5252669.816100098,36096.756097560974,1556663.8991612806,5252580.345056953,37072.31707317073,1556321.0588478458,5251638.399037312,37072.31707317073
1556712.4094826283,5253096.053588347,36584.53658536585,1.0749005917744228,1556418.079490541,5252669.816100098,36096.756097560974,1556760.9198039758,5253611.76211974,36096.756097560974,1557006.7394747154,5253522.291076594,37072.31707317073,1556663.8991612806,5252580.345056953,37072.31707317073
1557055.2497960632,5254037.999607988,36584.53658536585,0.7998679326489865,1556760.9198039758,5253611.76211974,36096.756097560974,1557103.7601174107,5254553.708139381,36096.756097560974,1557349.5797881503,5254464.237096234,37072.31707317073,1557006.7394747154,5253522.291076594,37072.31707317073
1557398.090109498,5254979.945627629,36584.53658536585,0.6689674086873022,1557103.7601174107,5254553.708139381,36096.756097560974,1557446.6004308455,5255495.654159022,36096.756097560974,1557692.4201015849,5255406.183115876,37072.31707317073,1557349.5797881503,5254464.237096234,37072.31707317073
1557740.9304229326,5255921.891647269,36584.53658536585,0.6809893506784881,1557446.6004308455,5255495.654159022,36096.756097560974,1557789.4407442803,5256437.600178664,36096.756097560974,1558035.26041502,5256348.1291355165,37072.31707317073,1557692.4201015849,5255406.183115876,37072.31707317073
1558083.7707363677,5256863.837666909,36584.53658536585,0.6753302459217255,1557789.4407442803,5256437.600178664,36096.756097560974,1558132.2810577154,5257379.546198304,36096.756097560974,1558378.1007284548,5257290.075155157,37072.31707317073,1558035.26041502,5256348.1291355165,37072.31707317073
1558426.6110498025,5257805.783686551,36584.53658536585,0.6554958738937693,1558132.2810577154,5257379.546198304,36096.756097560974,1558475.12137115,5258321.492217945,36096.756097560974,1558720.9410418896,5258232.021174799,37072.31707317073,1558378.1007284548,5257290.075155157,37072.31707317073
1558769.4513632373,5258747.729706192,36584.53658536585,0.734066651326655,1558475.12137115,5258321.492217945,36096.756097560974,1558817.9616845849,5259263.438237585,36096.756097560974,1559063.7813553244,5259173.967194439,37072.31707317073,1558720.9410418896,5258232.021174799,37072.31707317073
1559112.2916766722,5259689.675725833,36584.53658536585,0.7012704834098638,1558817.9616845849,5259263.438237585,36096.756097560974,1559160.8019980197,5260205.384257226,36096.756097560974,1559406.621668759,5260115.91321408,37072.31707317073,1559063.7813553244,5259173.967194439,37072.31707317073
1559455.1319901068,5260631.621745473,36584.53658536585,0.767594634460921,1559160.8019980197,5260205.384257226,36096.756097560974,1559503.6423114545,5261147.330276867,36096.756097560974,1559749.4619821939,5261057.85923372,37072.31707317073,1559406.621668759,5260115.91321408,37072.31707317073
1559797.9723035414,5261573.567765115,36584.53658536585,0.7187739160515335,1559503.6423114545,5261147.330276867,36096.756097560974,1559846.4826248891,5262089.276296508,36096.756097560974,1560092.3022956287,5261999.805253362,37072.31707317073,1559749.4619821939,5261057.85923372,37072.31707317073
1560140.8126169762,5262515.513784755,36584.53658536585,0.6169850769283031,1559846.4826248891,5262089.276296508,36096.756097560974,1560189.322938324,5263031.222316149,36096.756097560974,1560435.1426090635,5262941.7512730025,37072.31707317073,1560092.3022956287,5261999.805253362,37072.31707317073
1560483.652930411,5263457.459804396,36584.53658536585,0.5232047342631434,1560189.322938324,5263031.222316149,36096.756097560974,1560532.163251759,5263973.16833579,36096.756097560974,1560777.9829224984,5263883.697292644,37072.31707317073,1560435.1426090635,5262941.7512730025,37072.31707317073
1560826.493243846,5264399.405824037,36584.53658536585,0.3797731655883243,1560532.163251759,5263973.16833579,36096.756097560974,1560875.0035651939,5264915.114355431,36096.756097560974,1561120.8232359332,5264825.643312284,37072.31707317073,1560777.9829224984,5263883.697292644,37072.31707317073
1561169.333557281,5265341.351843677,36584.53658536585,0.3355748328684636,1560875.0035651939,5264915.114355431,36096.756097560974,1561217.8438786285,5265857.060375071,36096.756097560974,1561463.663549368,5265767.589331926,37072.31707317073,1561120.8232359332,5264825.643312284,37072.31707317073
1561512.1738707158,5266283.297863319,36584.53658536585,0.3479852693533909,1561217.8438786285,5265857.060375071,36096.756097560974,1561560.6841920633,5266799.006394712,36096.756097560974,1561806.5038628029,5266709.535351566,37072.31707317073,1561463.663549368,5265767.589331926,37072.31707317073
1561855.0141841504,5267225.24388296,36584.53658536585,0.28447820193946755,1561560.6841920633,5266799.006394712,36096.756097560974,1561903.5245054981,5267740.952414353,36096.756097560974,1562149.3441762375,5267651.481371207,37072.31707317073,1561806.5038628029,5266709.535351566,37072.31707317073
1562197.8544975852,5268167.189902601,36584.53658536585,0.1765439538176245,1561903.5245054981,5267740.952414353,36096.756097560974,1562246.364818933,5268682.8984339945,36096.756097560974,1562492.1844896723,5268593.427390848,37072.31707317073,1562149.3441762375,5267651.481371207,37072.31707317073
1562540.69481102,5269109.135922242,36584.53658536585,0.1695418563235165,1562246.364818933,5268682.8984339945,36096.756097560974,1562589.2051323678,5269624.844453635,36096.756097560974,1562835.0248031071,5269535.373410489,37072.31707317073,1562492.1844896723,5268593.427390848,37072.31707317073
1562883.5351244549,5270051.081941882,36584.53658536585,0.17171444208878,1562589.2051323678,5269624.844453635,36096.756097560974,1562932.0454458024,5270566.790473277,36096.756097560974,1563177.865116542,5270477.31943013,37072.31707317073,1562835.0248031071,5269535.373410489,37072.31707317073
1563226.3754378897,5270993.027961523,36584.53658536585,0.13673096449546823,1562932.0454458024,5270566.790473277,36096.756097560974,1563274.8857592375,5271508.736492917,36096.756097560974,1563520.705429977,5271419.265449771,37072.31707317073,1563177.865116542,5270477.31943013,37072.31707317073
1563569.2157513245,5271934.973981164,36584.53658536585,0.15429079165977233,1563274.8857592375,5271508.736492917,36096.756097560974,1563617.7260726723,5272450.682512558,36096.756097560974,1563863.5457434116,5272361.211469412,37072.31707317073,1563520.705429977,5271419.265449771,37072.31707317073
1563912.0560647594,5272876.920000805,36584.53658536585,0.11717701267768996,1563617.7260726723,5272450.682512558,36096.756097560974,1563960.5663861071,5273392.628532198,36096.756097560974,1564206.3860568465,5273303.157489052,37072.31707317073,1563863.5457434116,5272361.211469412,37072.31707317073
1564254.8963781942,5273818.866020445,36584.53658536585,0.06620980549203927,1563960.5663861071,5273392.628532198,36096.756097560974,1564303.4066995417,5274334.574551839,36096.756097560974,1564549.2263702813,5274245.103508693,37072.31707317073,1564206.3860568465,5273303.157489052,37072.31707317073
1564597.736691629,5274760.812040087,36584.53658536585,0.06161650846736549,1564303.4066995417,5274334.574551839,36096.756097560974,1564646.2470129766,5275276.5205714805,36096.756097560974,1564892.0666837161,5275187.049528333,37072.31707317073,1564549.2263702813,5274245.103508693,37072.31707317073
1564940.5770050639,5275702.758059728,36584.53658536585,0.058140117984180166,1564646.2470129766,5275276.5205714805,36096.756097560974,1564989.0873264114,5276218.466591121,36096.756097560974,1565234.9069971507,5276128.995547975,37072.31707317073,1564892.0666837161,5275187.049528333,37072.31707317073
1565283.4173184985,5276644.704079368,36584.53658536585,0.056567419472631636,1564989.0873264114,5276218.466591121,36096.756097560974,1565331.9276398462,5277160.412610762,36096.756097560974,1565577.7473105856,5277070.941567616,37072.31707317073,1565234.9069971507,5276128.995547975,37072.31707317073
1565626.257631933,5277586.650099009,36584.53658536585,0.054127388688520114,1565331.9276398462,5277160.412610762,36096.756097560974,1565674.7679532808,5278102.358630403,36096.756097560974,1565920.5876240206,5278012.887587257,37072.31707317073,1565577.7473105856,5277070.941567616,37072.31707317073
1565969.0979453682,5278528.59611865,36584.53658536585,0.05451995147537713,1565674.7679532808,5278102.358630403,36096.756097560974,1566017.608266716,5279044.304650044,36096.756097560974,1566263.4279374555,5278954.833606898,37072.31707317073,1565920.5876240206,5278012.887587257,37072.31707317073
1566311.938258803,5279470.5421382915,36584.53658536585,0.04535656024028681,1566017.608266716,5279044.304650044,36096.756097560974,1566360.4485801507,5279986.250669684,36096.756097560974,1566606.26825089,5279896.779626539,37072.31707317073,1566263.4279374555,5278954.833606898,37072.31707317073
1566654.7785722378,5280412.488157932,36584.53658536585,0.03221696983802367,1566360.4485801507,5279986.250669684,36096.756097560974,1566703.2888935856,5280928.196689326,36096.756097560974,1566949.108564325,5280838.725646179,37072.31707317073,1566606.26825089,5279896.779626539,37072.31707317073
1566997.6188856727,5281354.434177572,36584.53658536585,0.03634051086620368,1566703.2888935856,5280928.196689326,36096.756097560974,1567046.1292070204,5281870.1427089665,36096.756097560974,1567291.9488777597,5281780.67166582,37072.31707317073,1566949.108564325,5280838.725646179,37072.31707317073
1567340.4591991075,5282296.380197214,36584.53658536585,0.04737154408425185,1567046.1292070204,5281870.1427089665,36096.756097560974,1567388.9695204552,5282812.088728608,36096.756097560974,1567634.7891911946,5282722.617685461,37072.31707317073,1567291.9488777597,5281780.67166582,37072.31707317073
1567683.2995125423,5283238.326216855,36584.53658536585,0.049600716255044544,1567388.9695204552,5282812.088728608,36096.756097560974,1567731.8098338898,5283754.034748248,36096.756097560974,1567977.6295046294,5283664.563705103,37072.31707317073,1567634.7891911946,5282722.617685461,37072.31707317073
1568026.139825977,5284180.272236495,36584.53658536585,0.06089057592928744,1567731.8098338898,5283754.034748248,36096.756097560974,1568074.6501473247,5284695.98076789,36096.756097560974,1568320.4698180642,5284606.509724743,37072.31707317073,1567977.6295046294,5283664.563705103,37072.31707317073
1568368.9801394118,5285122.218256137,36584.53658536585,0.06938975974185292,1568074.6501473247,5284695.98076789,36096.756097560974,1568417.4904607595,5285637.92678753,36096.756097560974,1568663.310131499,5285548.455744384,37072.31707317073,1568320.4698180642,5284606.509724743,37072.31707317073
1568711.8204528468,5286064.1642757775,36584.53658536585,0.13144386649694373,1568417.4904607595,5285637.92678753,36096.756097560974,1568760.3307741946,5286579.872807171,36096.756097560974,1569006.150444934,5286490.401764025,37072.31707317073,1568663.310131499,5285548.455744384,37072.31707317073
1569054.6607662817,5287006.110295419,36584.53658536585,0.22476249524976477,1568760.3307741946,5286579.872807171,36096.756097560974,1569103.1710876294,5287521.818826811,36096.756097560974,1569348.9907583687,5287432.347783666,37072.31707317073,1569006.150444934,5286490.401764025,37072.31707317073
1569397.5010797165,5287948.056315059,36584.53658536585,0.28427953454924143,1569103.1710876294,5287521.818826811,36096.756097560974,1569446.011401064,5288463.764846453,36096.756097560974,1569691.8310718036,5288374.293803306,37072.31707317073,1569348.9907583687,5287432.347783666,37072.31707317073
1569740.3413931513,5288890.0023347,36584.53658536585,0.4606847091509727,1569446.011401064,5288463.764846453,36096.756097560974,1569788.8517144988,5289405.710866094,36096.756097560974,1570034.6713852382,5289316.239822947,37072.31707317073,1569691.8310718036,5288374.293803306,37072.31707317073
1570083.181706586,5289831.948354341,36584.53658536585,0.6684181710033064,1569788.8517144988,5289405.710866094,36096.756097560974,1570131.6920279337,5290347.656885735,36096.756097560974,1570377.511698673,5290258.185842589,37072.31707317073,1570034.6713852382,5289316.239822947,37072.31707317073
1570426.0220200208,5290773.894373982,36584.53658536585,0.651867588302163,1570131.6920279337,5290347.656885735,36096.756097560974,1570474.5323413685,5291289.602905376,36096.756097560974,1570720.3520121078,5291200.13186223,37072.31707317073,1570377.511698673,5290258.185842589,37072.31707317073
1570768.8623334556,5291715.840393622,36584.53658536585,0.636777419066362,1570474.5323413685,5291289.602905376,36096.756097560974,1570817.372654803,5292231.548925017,36096.756097560974,1571063.1923255427,5292142.07788187,37072.31707317073,1570720.3520121078,5291200.13186223,37072.31707317073
1571111.7026468904,5292657.7864132635,36584.53658536585,0.645247012600341,1570817.372654803,5292231.548925017,36096.756097560974,1571160.2129682382,5293173.494944657,36096.756097560974,1571406.0326389777,5293084.023901511,37072.31707317073,1571063.1923255427,5292142.07788187,37072.31707317073
1571454.5429603255,5293599.732432905,36584.53658536585,0.6337759943128054,1571160.2129682382,5293173.494944657,36096.756097560974,1571503.053281673,5294115.440964298,36096.756097560974,1571748.8729524123,5294025.969921152,37072.31707317073,1571406.0326389777,5293084.023901511,37072.31707317073
1571797.38327376,5294541.678452546,36584.53658536585,0.5881863503862885,1571503.053281673,5294115.440964298,36096.756097560974,1571845.8935951078,5295057.386983939,36096.756097560974,1572091.7132658472,5294967.915940792,37072.31707317073,1571748.8729524123,5294025.969921152,37072.31707317073
1572140.2235871947,5295483.624472186,36584.53658536585,0.5317709145673777,1571845.8935951078,5295057.386983939,36096.756097560974,1572188.7339085424,5295999.33300358,36096.756097560974,1572434.553579282,5295909.861960433,37072.31707317073,1572091.7132658472,5294967.915940792,37072.31707317073
1572483.0639006295,5296425.570491827,36584.53658536585,0.5876000922855854,1572188.7339085424,5295999.33300358,36096.756097560974,1572531.5742219773,5296941.279023221,36096.756097560974,1572777.3938927168,5296851.807980075,37072.31707317073,1572434.553579282,5295909.861960433,37072.31707317073
1572825.9042140644,5297367.516511467,36584.53658536585,0.5685585754867235,1572531.5742219773,5296941.279023221,36096.756097560974,1572874.414535412,5297883.225042861,36096.756097560974,1573120.2342061515,5297793.753999716,37072.31707317073,1572777.3938927168,5296851.807980075,37072.31707317073
1573168.7445274992,5298309.462531108,36584.53658536585,0.6301119568865743,1572874.414535412,5297883.225042861,36096.756097560974,1573217.254848847,5298825.171062503,36096.756097560974,1573463.0745195863,5298735.700019356,37072.31707317073,1573120.2342061515,5297793.753999716,37072.31707317073
1573511.584840934,5299251.40855075,36584.53658536585,0.607340173453553,1573217.254848847,5298825.171062503,36096.756097560974,1573560.0951622818,5299767.117082143,36096.756097560974,1573805.9148330214,5299677.646038997,37072.31707317073,1573463.0745195863,5298735.700019356,37072.31707317073
1573854.425154369,5300193.354570391,36584.53658536585,0.45185189999431974,1573560.0951622818,5299767.117082143,36096.756097560974,1573902.9354757166,5300709.063101784,36096.756097560974,1574148.7551464562,5300619.592058638,37072.31707317073,1573805.9148330214,5299677.646038997,37072.31707317073
1574197.2654678037,5301135.300590032,36584.53658536585,0.493261633658063,1573902.9354757166,5300709.063101784,36096.756097560974,1574245.7757891514,5301651.0091214245,36096.756097560974,1574491.5954598908,5301561.538078279,37072.31707317073,1574148.7551464562,5300619.592058638,37072.31707317073
1574540.1057812385,5302077.246609672,36584.53658536585,0.6020364481525947,1574245.7757891514,5301651.0091214245,36096.756097560974,1574588.6161025863,5302592.955141067,36096.756097560974,1574834.4357733256,5302503.484097919,37072.31707317073,1574491.5954598908,5301561.538078279,37072.31707317073
1574882.9460946734,5303019.192629314,36584.53658536585,0.7264905325289486,1574588.6161025863,5302592.955141067,36096.756097560974,1574931.456416021,5303534.901160707,36096.756097560974,1575177.2760867605,5303445.4301175615,37072.31707317073,1574834.4357733256,5302503.484097919,37072.31707317073
1575225.7864081082,5303961.138648954,36584.53658536585,1.080281439258394,1574931.456416021,5303534.901160707,36096.756097560974,1575274.2967294557,5304476.847180348,36096.756097560974,1575520.1164001953,5304387.376137202,37072.31707317073,1575177.2760867605,5303445.4301175615,37072.31707317073
1575568.626721543,5304903.084668594,36584.53658536585,1.4375594091848793,1575274.2967294557,5304476.847180348,36096.756097560974,1575617.1370428905,5305418.793199989,36096.756097560974,1575862.9567136301,5305329.322156843,37072.31707317073,1575520.1164001953,5304387.376137202,37072.31707317073
1575911.4670349776,5305845.030688236,36584.53658536585,1.4759926998757582,1575617.1370428905,5305418.793199989,36096.756097560974,1575959.9773563254,5306360.73921963,36096.756097560974,1576205.7970270647,5306271.268176483,37072.31707317073,1575862.9567136301,5305329.322156843,37072.31707317073
1576254.3073484125,5306786.976707878,36584.53658536585,1.562029467766921,1575959.9773563254,5306360.73921963,36096.756097560974,1576302.8176697602,5307302.68523927,36096.756097560974,1576548.6373404998,5307213.214196125,37072.31707317073,1576205.7970270647,5306271.268176483,37072.31707317073
1576597.1476618475,5307728.922727518,36584.53658536585,1.6646986553838323,1576302.8176697602,5307302.68523927,36096.756097560974,1576645.657983195,5308244.631258911,36096.756097560974,1576891.4776539346,5308155.160215765,37072.31707317073,1576548.6373404998,5307213.214196125,37072.31707317073
1576939.9879752824,5308670.868747158,36584.53658536585,1.4430305033129787,1576645.657983195,5308244.631258911,36096.756097560974,1576988.4982966299,5309186.577278553,36096.756097560974,1577234.3179673695,5309097.106235405,37072.31707317073,1576891.4776539346,5308155.160215765,37072.31707317073
1577282.8282887172,5309612.8147668,36584.53658536585,1.285016752711305,1576988.4982966299,5309186.577278553,36096.756097560974,1577331.3386100647,5310128.523298194,36096.756097560974,1577577.158280804,5310039.052255047,37072.31707317073,1577234.3179673695,5309097.106235405,37072.31707317073
1577625.6686021518,5310554.760786441,36584.53658536585,1.1701595627054595,1577331.3386100647,5310128.523298194,36096.756097560974,1577674.1789234995,5311070.469317834,36096.756097560974,1577919.998594239,5310980.998274688,37072.31707317073,1577577.158280804,5310039.052255047,37072.31707317073
1577968.5089155866,5311496.706806081,36584.53658536585,1.2773296200206015,1577674.1789234995,5311070.469317834,36096.756097560974,1578017.0192369344,5312012.415337474,36096.756097560974,1578262.8389076737,5311922.944294329,37072.31707317073,1577919.998594239,5310980.998274688,37072.31707317073
1578311.3492290212,5312438.652825722,36584.53658536585,2.190571585380058,1578017.0192369344,5312012.415337474,36096.756097560974,1578359.859550369,5312954.361357116,36096.756097560974,1578605.6792211086,5312864.890313969,37072.31707317073,1578262.8389076737,5311922.944294329,37072.31707317073
1578654.189542456,5313380.598845363,36584.53658536585,2.8893343010818247,1578359.859550369,5312954.361357116,36096.756097560974,1578702.6998638038,5313896.307376756,36096.756097560974,1578948.5195345432,5313806.836333611,37072.31707317073,1578605.6792211086,5312864.890313969,37072.31707317073
1578997.0298558911,5314322.544865005,36584.53658536585,2.773584573007369,1578702.6998638038,5313896.307376756,36096.756097560974,1579045.5401772389,5314838.253396397,36096.756097560974,1579291.3598479785,5314748.782353252,37072.31707317073,1578948.5195345432,5313806.836333611,37072.31707317073
1579339.870169326,5315264.490884645,36584.53658536585,3.2801752811052136,1579045.5401772389,5314838.253396397,36096.756097560974,1579388.3804906737,5315780.1994160395,36096.756097560974,1579634.200161413,5315690.728372892,37072.31707317073,1579291.3598479785,5314748.782353252,37072.31707317073
1579682.7104827608,5316206.436904285,36584.53658536585,2.8788328127882483,1579388.3804906737,5315780.1994160395,36096.756097560974,1579731.2208041085,5316722.14543568,36096.756097560974,1579977.040474848,5316632.674392533,37072.31707317073,1579634.200161413,5315690.728372892,37072.31707317073
1580025.5507961956,5317148.382923927,36584.53658536585,2.9009113578935635,1579731.2208041085,5316722.14543568,36096.756097560974,1580074.0611175431,5317664.091455321,36096.756097560974,1580319.8807882827,5317574.620412175,37072.31707317073,1579977.040474848,5316632.674392533,37072.31707317073
1580368.3911096302,5318090.328943568,36584.53658536585,3.1777909273215457,1580074.0611175431,5317664.091455321,36096.756097560974,1580416.901430978,5318606.037474961,36096.756097560974,1580662.7211017176,5318516.566431815,37072.31707317073,1580319.8807882827,5317574.620412175,37072.31707317073
1580711.231423065,5319032.2749632085,36584.53658536585,3.4737504005118427,1580416.901430978,5318606.037474961,36096.756097560974,1580759.7417444128,5319547.983494602,36096.756097560974,1581005.5614151522,5319458.512451456,37072.31707317073,1580662.7211017176,5318516.566431815,37072.31707317073
1581054.0717365,5319974.22098285,36584.53658536585,3.181094580943802,1580759.7417444128,5319547.983494602,36096.756097560974,1581102.5820578476,5320489.929514243,36096.756097560974,1581348.401728587,5320400.458471096,37072.31707317073,1581005.5614151522,5319458.512451456,37072.31707317073
1581396.9120499347,5320916.16700249,36584.53658536585,3.101778452035302,1581102.5820578476,5320489.929514243,36096.756097560974,1581445.4223712825,5321431.875533883,36096.756097560974,1581691.2420420218,5321342.404490738,37072.31707317073,1581348.401728587,5320400.458471096,37072.31707317073
1581739.7523633698,5321858.113022131,36584.53658536585,3.6403438038917226,1581445.4223712825,5321431.875533883,36096.756097560974,1581788.2626847173,5322373.821553525,36096.756097560974,1582034.082355457,5322284.350510378,37072.31707317073,1581691.2420420218,5321342.404490738,37072.31707317073
1582082.5926768046,5322800.059041772,36584.53658536585,3.8495942360942075,1581788.2626847173,5322373.821553525,36096.756097560974,1582131.1029981521,5323315.767573166,36096.756097560974,1582376.9226688915,5323226.2965300195,37072.31707317073,1582034.082355457,5322284.350510378,37072.31707317073
1582425.4329902392,5323742.005061413,36584.53658536585,4.211166168027213,1582131.1029981521,5323315.767573166,36096.756097560974,1582473.943311587,5324257.713592807,36096.756097560974,1582719.7629823263,5324168.24254966,37072.31707317073,1582376.9226688915,5323226.2965300195,37072.31707317073
1582768.273303674,5324683.951081054,36584.53658536585,3.038992210756964,1582473.943311587,5324257.713592807,36096.756097560974,1582816.7836250218,5325199.659612447,36096.756097560974,1583062.6032957612,5325110.188569302,37072.31707317073,1582719.7629823263,5324168.24254966,37072.31707317073
1583111.113617109,5325625.8971006945,36584.53658536585,2.1001358797889056,1582816.7836250218,5325199.659612447,36096.756097560974,1583159.6239384564,5326141.605632089,36096.756097560974,1583405.443609196,5326052.134588942,37072.31707317073,1583062.6032957612,5325110.188569302,37072.31707317073
1583453.9539305437,5326567.843120336,36584.53658536585,2.4415318175561835,1583159.6239384564,5326141.605632089,36096.756097560974,1583502.4642518912,5327083.551651729,36096.756097560974,1583748.2839226308,5326994.080608583,37072.31707317073,1583405.443609196,5326052.134588942,37072.31707317073
1583796.7942439786,5327509.789139977,36584.53658536585,3.0947064324920808,1583502.4642518912,5327083.551651729,36096.756097560974,1583845.304565326,5328025.49767137,36096.756097560974,1584091.1242360654,5327936.026628224,37072.31707317073,1583748.2839226308,5326994.080608583,37072.31707317073
1584139.6345574132,5328451.735159617,36584.53658536585,3.6346172328812623,1583845.304565326,5328025.49767137,36096.756097560974,1584188.144878761,5328967.443691011,36096.756097560974,1584433.9645495005,5328877.972647865,37072.31707317073,1584091.1242360654,5327936.026628224,37072.31707317073
1584482.474870848,5329393.681179258,36584.53658536585,4.241401977567652,1584188.144878761,5328967.443691011,36096.756097560974,1584530.9851921957,5329909.389710653,36096.756097560974,1584776.8048629353,5329819.9186675055,37072.31707317073,1584433.9645495005,5328877.972647865,37072.31707317073
1584825.3151842828,5330335.627198899,36584.53658536585,3.7537154096355163,1584530.9851921957,5329909.389710653,36096.756097560974,1584873.8255056306,5330851.335730293,36096.756097560974,1585119.6451763702,5330761.864687146,37072.31707317073,1584776.8048629353,5329819.9186675055,37072.31707317073
1585168.1554977177,5331277.57321854,36584.53658536585,3.9328231020648,1584873.8255056306,5330851.335730293,36096.756097560974,1585216.6658190654,5331793.281749934,36096.756097560974,1585462.4854898048,5331703.810706788,37072.31707317073,1585119.6451763702,5330761.864687146,37072.31707317073
1585510.9958111525,5332219.5192381805,36584.53658536585,3.716377707534109,1585216.6658190654,5331793.281749934,36096.756097560974,1585559.5061325002,5332735.227769574,36096.756097560974,1585805.3258032396,5332645.756726428,37072.31707317073,1585462.4854898048,5331703.810706788,37072.31707317073
1585853.8361245873,5333161.465257822,36584.53658536585,4.172249193399209,1585559.5061325002,5332735.227769574,36096.756097560974,1585902.346445935,5333677.173789215,36096.756097560974,1586148.1661166744,5333587.702746069,37072.31707317073,1585805.3258032396,5332645.756726428,37072.31707317073
1586196.6764380222,5334103.411277463,36584.53658536585,4.452735912658621,1585902.346445935,5333677.173789215,36096.756097560974,1586245.1867593697,5334619.119808856,36096.756097560974,1586491.0064301093,5334529.648765709,37072.31707317073,1586148.1661166744,5333587.702746069,37072.31707317073
1586539.516751457,5335045.357297104,36584.53658536585,4.141916380032763,1586245.1867593697,5334619.119808856,36096.756097560974,1586588.0270728045,5335561.065828497,36096.756097560974,1586833.846743544,5335471.594785351,37072.31707317073,1586491.0064301093,5334529.648765709,37072.31707317073
1586882.3570648916,5335987.303316744,36584.53658536585,4.188006260064642,1586588.0270728045,5335561.065828497,36096.756097560974,1586930.8673862396,5336503.011848138,36096.756097560974,1587176.687056979,5336413.5408049915,37072.31707317073,1586833.846743544,5335471.594785351,37072.31707317073
1587225.1973783267,5336929.249336384,36584.53658536585,4.085378948695413,1586930.8673862396,5336503.011848138,36096.756097560974,1587273.7076996744,5337444.957867779,36096.756097560974,1587519.5273704138,5337355.486824633,37072.31707317073,1587176.687056979,5336413.5408049915,37072.31707317073
1587568.0376917615,5337871.195356026,36584.53658536585,4.639540470684727,1587273.7076996744,5337444.957867779,36096.756097560974,1587616.548013109,5338386.90388742,36096.756097560974,1587862.3676838486,5338297.432844274,37072.31707317073,1587519.5273704138,5337355.486824633,37072.31707317073
1587910.8780051963,5338813.141375667,36584.53658536585,5.437763540412584,1587616.548013109,5338386.90388742,36096.756097560974,1587959.3883265438,5339328.84990706,36096.756097560974,1588205.2079972834,5339239.378863915,37072.31707317073,1587862.3676838486,5338297.432844274,37072.31707317073
1588253.718318631,5339755.087395308,36584.53658536585,6.994030818551653,1587959.3883265438,5339328.84990706,36096.756097560974,1588302.2286399787,5340270.795926702,36096.756097560974,1588548.048310718,5340181.324883555,37072.31707317073,1588205.2079972834,5339239.378863915,37072.31707317073
1588596.5586320658,5340697.033414949,36584.53658536585,6.875457442658971,1588302.2286399787,5340270.795926702,36096.756097560974,1588645.0689534135,5341212.741946342,36096.756097560974,1588890.8886241529,5341123.270903196,37072.31707317073,1588548.048310718,5340181.324883555,37072.31707317073
1588939.3989455006,5341638.97943459,36584.53658536585,5.913509011401255,1588645.0689534135,5341212.741946342,36096.756097560974,1588987.9092668483,5342154.6879659835,36096.756097560974,1589233.7289375877,5342065.216922837,37072.31707317073,1588890.8886241529,5341123.270903196,37072.31707317073
1589282.2392589354,5342580.925454231,36584.53658536585,6.620378237229239,1588987.9092668483,5342154.6879659835,36096.756097560974,1589330.7495802832,5343096.633985624,36096.756097560974,1589576.5692510225,5343007.162942478,37072.31707317073,1589233.7289375877,5342065.216922837,37072.31707317073
1589625.0795723705,5343522.871473871,36584.53658536585,7.356184698985883,1589330.7495802832,5343096.633985624,36096.756097560974,1589673.589893718,5344038.580005266,36096.756097560974,1589919.4095644576,5343949.108962119,37072.31707317073,1589576.5692510225,5343007.162942478,37072.31707317073
1589967.9198858053,5344464.817493512,36584.53658536585,7.711712558929034,1589673.589893718,5344038.580005266,36096.756097560974,1590016.4302071529,5344980.526024906,36096.756097560974,1590262.2498778924,5344891.05498176,37072.31707317073,1589919.4095644576,5343949.108962119,37072.31707317073
1590310.7601992402,5345406.763513153,36584.53658536585,7.745564540848317,1590016.4302071529,5344980.526024906,36096.756097560974,1590359.2705205877,5345922.472044547,36096.756097560974,1590605.090191327,5345833.001001401,37072.31707317073,1590262.2498778924,5344891.05498176,37072.31707317073
1590653.6005126748,5346348.709532795,36584.53658536585,7.288517874025305,1590359.2705205877,5345922.472044547,36096.756097560974,1590702.1108340225,5346864.418064187,36096.756097560974,1590947.9305047619,5346774.947021042,37072.31707317073,1590605.090191327,5345833.001001401,37072.31707317073
1590996.4408261094,5347290.655552435,36584.53658536585,7.950391660919503,1590702.1108340225,5346864.418064187,36096.756097560974,1591044.9511474571,5347806.364083829,36096.756097560974,1591290.7708181967,5347716.893040682,37072.31707317073,1590947.9305047619,5346774.947021042,37072.31707317073
1591339.2811395442,5348232.601572077,36584.53658536585,8.606245561313136,1591044.9511474571,5347806.364083829,36096.756097560974,1591387.791460892,5348748.3101034695,36096.756097560974,1591633.6111316315,5348658.839060323,37072.31707317073,1591290.7708181967,5347716.893040682,37072.31707317073
1591682.121452979,5349174.547591717,36584.53658536585,9.358504865680407,1591387.791460892,5348748.3101034695,36096.756097560974,1591730.6317743268,5349690.256123111,36096.756097560974,1591976.4514450661,5349600.785079964,37072.31707317073,1591633.6111316315,5348658.839060323,37072.31707317073
1592024.9617664139,5350116.493611358,36584.53658536585,10.257714278742144,1591730.6317743268,5349690.256123111,36096.756097560974,1592073.4720877616,5350632.202142752,36096.756097560974,1592319.2917585012,5350542.731099606,37072.31707317073,1591976.4514450661,5349600.785079964,37072.31707317073
1592367.802079849,5351058.439630998,36584.53658536585,11.478191147817613,1592073.4720877616,5350632.202142752,36096.756097560974,1592416.3124011967,5351574.148162393,36096.756097560974,1592662.132071936,5351484.677119246,37072.31707317073,1592319.2917585012,5350542.731099606,37072.31707317073
1592710.6423932838,5352000.385650639,36584.53658536585,10.816740711470825,1592416.3124011967,5351574.148162393,36096.756097560974,1592759.1527146313,5352516.094182033,36096.756097560974,1593004.9723853709,5352426.623138887,37072.31707317073,1592662.132071936,5351484.677119246,37072.31707317073
1593053.4827067184,5352942.331670281,36584.53658536585,10.33299277019459,1592759.1527146313,5352516.094182033,36096.756097560974,1593101.9930280661,5353458.040201674,36096.756097560974,1593347.8126988055,5353368.569158528,37072.31707317073,1593004.9723853709,5352426.623138887,37072.31707317073
1593396.3230201532,5353884.277689922,36584.53658536585,8.719635980562824,1593101.9930280661,5353458.040201674,36096.756097560974,1593444.833341501,5354399.986221315,36096.756097560974,1593690.6530122403,5354310.515178168,37072.31707317073,1593347.8126988055,5353368.569158528,37072.31707317073
1593739.163333588,5354826.223709563,36584.53658536585,7.5554717630211075,1593444.833341501,5354399.986221315,36096.756097560974,1593787.6736549358,5355341.9322409555,36096.756097560974,1594033.4933256751,5355252.461197809,37072.31707317073,1593690.6530122403,5354310.515178168,37072.31707317073
1594082.0036470229,5355768.169729203,36584.53658536585,7.532191268053976,1593787.6736549358,5355341.9322409555,36096.756097560974,1594130.5139683704,5356283.878260597,36096.756097560974,1594376.33363911,5356194.40721745,37072.31707317073,1594033.4933256751,5355252.461197809,37072.31707317073
1594424.8439604577,5356710.115748844,36584.53658536585,6.620033050248744,1594130.5139683704,5356283.878260597,36096.756097560974,1594473.3542818052,5357225.824280237,36096.756097560974,1594719.1739525448,5357136.353237092,37072.31707317073,1594376.33363911,5356194.40721745,37072.31707317073
1594767.6842738925,5357652.061768484,36584.53658536585,6.624438523399819,1594473.3542818052,5357225.824280237,36096.756097560974,1594816.1945952403,5358167.770299879,36096.756097560974,1595062.0142659796,5358078.299256732,37072.31707317073,1594719.1739525448,5357136.353237092,37072.31707317073
1595110.5245873274,5358594.007788126,36584.53658536585,7.408460305046226,1594816.1945952403,5358167.770299879,36096.756097560974,1595159.0349086751,5359109.716319519,36096.756097560974,1595404.8545794145,5359020.245276373,37072.31707317073,1595062.0142659796,5358078.299256732,37072.31707317073
1595453.3649007622,5359535.953807767,36584.53658536585,6.91687202922013,1595159.0349086751,5359109.716319519,36096.756097560974,1595501.8752221097,5360051.66233916,36096.756097560974,1595747.6948928493,5359962.191296014,37072.31707317073,1595404.8545794145,5359020.245276373,37072.31707317073
1595796.205214197,5360477.899827407,36584.53658536585,5.807070079024279,1595501.8752221097,5360051.66233916,36096.756097560974,1595844.7155355446,5360993.608358801,36096.756097560974,1596090.5352062841,5360904.137315655,37072.31707317073,1595747.6948928493,5359962.191296014,37072.31707317073
1596139.0455276319,5361419.845847048,36584.53658536585,5.904537355254437,1595844.7155355446,5360993.608358801,36096.756097560974,1596187.5558489794,5361935.5543784425,36096.756097560974,1596433.3755197187,5361846.083335295,37072.31707317073,1596090.5352062841,5360904.137315655,37072.31707317073
1596481.8858410665,5362361.79186669,36584.53658536585,4.885531363714061,1596187.5558489794,5361935.5543784425,36096.756097560974,1596530.3961624142,5362877.500398083,36096.756097560974,1596776.2158331536,5362788.029354937,37072.31707317073,1596433.3755197187,5361846.083335295,37072.31707317073
1596824.726154501,5363303.73788633,36584.53658536585,3.877860674538467,1596530.3961624142,5362877.500398083,36096.756097560974,1596873.2364758488,5363819.446417724,36096.756097560974,1597119.0561465884,5363729.975374578,37072.31707317073,1596776.2158331536,5362788.029354937,37072.31707317073
1597167.566467936,5364245.683905971,36584.53658536585,3.916403924156833,1596873.2364758488,5363819.446417724,36096.756097560974,1597216.0767892837,5364761.392437365,36096.756097560974,1597461.8964600232,5364671.921394219,37072.31707317073,1597119.0561465884,5363729.975374578,37072.31707317073
1597510.406781371,5365187.629925611,36584.53658536585,4.751370993800082,1597216.0767892837,5364761.392437365,36096.756097560974,1597558.9171027187,5365703.338457006,36096.756097560974,1597804.736773458,5365613.867413859,37072.31707317073,1597461.8964600232,5364671.921394219,37072.31707317073
1597853.2470948058,5366129.5759452535,36584.53658536585,5.709089971111229,1597558.9171027187,5365703.338457006,36096.756097560974,1597901.7574161536,5366645.284476646,36096.756097560974,1598147.577086893,5366555.8134335,37072.31707317073,1597804.736773458,5365613.867413859,37072.31707317073
1598196.0874082407,5367071.521964894,36584.53658536585,5.363671197698113,1597901.7574161536,5366645.284476646,36096.756097560974,1598244.5977295884,5367587.230496287,36096.756097560974,1598490.4174003277,5367497.759453141,37072.31707317073,1598147.577086893,5366555.8134335,37072.31707317073
1598538.9277216755,5368013.467984534,36584.53658536585,4.809340406152849,1598244.5977295884,5367587.230496287,36096.756097560974,1598587.438043023,5368529.1765159285,36096.756097560974,1598833.2577137626,5368439.705472781,37072.31707317073,1598490.4174003277,5367497.759453141,37072.31707317073
1598881.7680351103,5368955.414004175,36584.53658536585,4.796909738257018,1598587.438043023,5368529.1765159285,36096.756097560974,1598930.2783564578,5369471.122535569,36096.756097560974,1599176.0980271974,5369381.651492422,37072.31707317073,1598833.2577137626,5368439.705472781,37072.31707317073
1599224.608348545,5369897.360023816,36584.53658536585,4.30558435073134,1598930.2783564578,5369471.122535569,36096.756097560974,1599273.1186698927,5370413.06855521,36096.756097560974,1599518.938340632,5370323.597512064,37072.31707317073,1599176.0980271974,5369381.651492422,37072.31707317073
1599567.4486619798,5370839.306043457,36584.53658536585,3.2273478559221855,1599273.1186698927,5370413.06855521,36096.756097560974,1599615.9589833275,5371355.01457485,36096.756097560974,1599861.7786540668,5371265.543531705,37072.31707317073,1599518.938340632,5370323.597512064,37072.31707317073
1599910.2889754146,5371781.252063097,36584.53658536585,1.9044499798669134,1599615.9589833275,5371355.01457485,36096.756097560974,1599958.799296762,5372296.960594492,36096.756097560974,1600204.618967502,5372207.489551345,37072.31707317073,1599861.7786540668,5371265.543531705,37072.31707317073
1600253.1292888497,5372723.1980827395,36584.53658536585,1.6156983513850023,1599958.799296762,5372296.960594492,36096.756097560974,1600301.6396101972,5373238.906614132,36096.756097560974,1600547.4592809367,5373149.435570987,37072.31707317073,1600204.618967502,5372207.489551345,37072.31707317073
1600595.9696022843,5373665.14410238,36584.53658536585,1.5825124215932782,1600301.6396101972,5373238.906614132,36096.756097560974,1600644.479923632,5374180.852633773,36096.756097560974,1600890.2995943713,5374091.381590627,37072.31707317073,1600547.4592809367,5373149.435570987,37072.31707317073
1600938.809915719,5374607.090122021,36584.53658536585,1.2024727868544658,1600644.479923632,5374180.852633773,36096.756097560974,1600987.3202370668,5375122.7986534145,36096.756097560974,1601233.1399078062,5375033.327610268,37072.31707317073,1600890.2995943713,5374091.381590627,37072.31707317073
1601281.650229154,5375549.036141661,36584.53658536585,1.2559649142993494,1600987.3202370668,5375122.7986534145,36096.756097560974,1601330.1605505017,5376064.744673056,36096.756097560974,1601575.980221241,5375975.273629908,37072.31707317073,1601233.1399078062,5375033.327610268,37072.31707317073
1601624.4905425888,5376490.982161302,36584.53658536585,1.1526690288362618,1601330.1605505017,5376064.744673056,36096.756097560974,1601673.0008639365,5377006.690692696,36096.756097560974,1601918.8205346758,5376917.2196495505,37072.31707317073,1601575.980221241,5375975.273629908,37072.31707317073
1601967.3308560236,5377432.928180943,36584.53658536585,1.0263323625784708,1601673.0008639365,5377006.690692696,36096.756097560974,1602015.841177371,5377948.636712337,36096.756097560974,1602261.6608481107,5377859.165669191,37072.31707317073,1601918.8205346758,5376917.2196495505,37072.31707317073
1602310.1711694584,5378374.874200584,36584.53658536585,1.0223205622761253,1602015.841177371,5377948.636712337,36096.756097560974,1602358.681490806,5378890.582731978,36096.756097560974,1602604.5011615455,5378801.111688832,37072.31707317073,1602261.6608481107,5377859.165669191,37072.31707317073
1602653.0114828933,5379316.8202202255,36584.53658536585,1.000237723809512,1602358.681490806,5378890.582731978,36096.756097560974,1602701.521804241,5379832.528751619,36096.756097560974,1602947.3414749803,5379743.057708472,37072.31707317073,1602604.5011615455,5378801.111688832,37072.31707317073
1602995.851796328,5380258.766239867,36584.53658536585,1.4545564587119795,1602701.521804241,5379832.528751619,36096.756097560974,1603044.3621176758,5380774.474771259,36096.756097560974,1603290.1817884152,5380685.003728114,37072.31707317073,1602947.3414749803,5379743.057708472,37072.31707317073
1551472.7841384108,5237935.446230946,37560.097560975606,2.343755050290486,1551178.4541463237,5237509.208742699,37072.31707317073,1551521.2944597583,5238451.15476234,37072.31707317073,1551767.114130498,5238361.683719193,38047.87804878049,1551424.273817063,5237419.737699552,38047.87804878049
1551815.6244518454,5238877.392250587,37560.097560975606,2.050878633875091,1551521.2944597583,5238451.15476234,37072.31707317073,1551864.1347731932,5239393.10078198,37072.31707317073,1552109.9544439325,5239303.629738835,38047.87804878049,1551767.114130498,5238361.683719193,38047.87804878049
1552158.4647652803,5239819.338270227,37560.097560975606,1.9314631222952503,1551864.1347731932,5239393.10078198,37072.31707317073,1552206.975086628,5240335.046801621,37072.31707317073,1552452.7947573673,5240245.575758475,38047.87804878049,1552109.9544439325,5239303.629738835,38047.87804878049
1552501.305078715,5240761.284289869,37560.097560975606,1.7184060953243274,1552206.975086628,5240335.046801621,37072.31707317073,1552549.8154000628,5241276.992821262,37072.31707317073,1552795.6350708022,5241187.521778116,38047.87804878049,1552452.7947573673,5240245.575758475,38047.87804878049
1552844.1453921502,5241703.23030951,37560.097560975606,1.7303745597691083,1552549.8154000628,5241276.992821262,37072.31707317073,1552892.6557134977,5242218.938840903,37072.31707317073,1553138.4753842372,5242129.467797756,38047.87804878049,1552795.6350708022,5241187.521778116,38047.87804878049
1553186.985705585,5242645.17632915,37560.097560975606,2.258510208195816,1552892.6557134977,5242218.938840903,37072.31707317073,1553235.4960269325,5243160.8848605435,37072.31707317073,1553481.315697672,5243071.413817398,38047.87804878049,1553138.4753842372,5242129.467797756,38047.87804878049
1553529.8260190198,5243587.122348791,37560.097560975606,2.633550926967338,1553235.4960269325,5243160.8848605435,37072.31707317073,1553578.3363403673,5244102.830880186,37072.31707317073,1553824.1560111067,5244013.359837038,38047.87804878049,1553481.315697672,5243071.413817398,38047.87804878049
1553872.6663324544,5244529.068368432,37560.097560975606,2.571057964311754,1553578.3363403673,5244102.830880186,37072.31707317073,1553921.1766538022,5245044.776899826,37072.31707317073,1554166.9963245415,5244955.30585668,38047.87804878049,1553824.1560111067,5244013.359837038,38047.87804878049
1554215.506645889,5245471.014388073,37560.097560975606,2.3993346035965053,1553921.1766538022,5245044.776899826,37072.31707317073,1554264.0169672368,5245986.722919467,37072.31707317073,1554509.8366379763,5245897.251876321,38047.87804878049,1554166.9963245415,5244955.30585668,38047.87804878049
1554558.3469593239,5246412.960407714,37560.097560975606,1.927709168938225,1554264.0169672368,5245986.722919467,37072.31707317073,1554606.8572806716,5246928.668939107,37072.31707317073,1554852.6769514112,5246839.197895962,38047.87804878049,1554509.8366379763,5245897.251876321,38047.87804878049
1554901.1872727587,5247354.906427355,37560.097560975606,1.6381976390521027,1554606.8572806716,5246928.668939107,37072.31707317073,1554949.6975941064,5247870.614958749,37072.31707317073,1555195.5172648458,5247781.143915602,38047.87804878049,1554852.6769514112,5246839.197895962,38047.87804878049
1555244.0275861935,5248296.852446996,37560.097560975606,1.6937103185652012,1554949.6975941064,5247870.614958749,37072.31707317073,1555292.5379075413,5248812.560978389,37072.31707317073,1555538.3575782808,5248723.089935242,38047.87804878049,1555195.5172648458,5247781.143915602,38047.87804878049
1555586.8678996286,5249238.798466637,37560.097560975606,1.637804180170397,1555292.5379075413,5248812.560978389,37072.31707317073,1555635.3782209763,5249754.5069980305,37072.31707317073,1555881.1978917157,5249665.035954884,38047.87804878049,1555538.3575782808,5248723.089935242,38047.87804878049
1555929.7082130634,5250180.744486277,37560.097560975606,1.3565285172815527,1555635.3782209763,5249754.5069980305,37072.31707317073,1555978.218534411,5250696.453017671,37072.31707317073,1556224.0382051505,5250606.981974524,38047.87804878049,1555881.1978917157,5249665.035954884,38047.87804878049
1556272.548526498,5251122.690505917,37560.097560975606,1.1949685170507205,1555978.218534411,5250696.453017671,37072.31707317073,1556321.0588478458,5251638.399037312,37072.31707317073,1556566.878518585,5251548.927994166,38047.87804878049,1556224.0382051505,5250606.981974524,38047.87804878049
1556615.3888399329,5252064.636525559,37560.097560975606,0.9694709315982064,1556321.0588478458,5251638.399037312,37072.31707317073,1556663.8991612806,5252580.345056953,37072.31707317073,1556909.71883202,5252490.874013806,38047.87804878049,1556566.878518585,5251548.927994166,38047.87804878049
1556958.2291533677,5253006.5825452,37560.097560975606,0.732924322388176,1556663.8991612806,5252580.345056953,37072.31707317073,1557006.7394747154,5253522.291076594,37072.31707317073,1557252.5591454548,5253432.820033448,38047.87804878049,1556909.71883202,5252490.874013806,38047.87804878049
1557301.0694668025,5253948.528564841,37560.097560975606,0.6638100020112988,1557006.7394747154,5253522.291076594,37072.31707317073,1557349.5797881503,5254464.237096234,37072.31707317073,1557595.3994588896,5254374.766053088,38047.87804878049,1557252.5591454548,5253432.820033448,38047.87804878049
1557643.9097802374,5254890.474584482,37560.097560975606,0.6036506791430815,1557349.5797881503,5254464.237096234,37072.31707317073,1557692.4201015849,5255406.183115876,37072.31707317073,1557938.2397723245,5255316.712072729,38047.87804878049,1557595.3994588896,5254374.766053088,38047.87804878049
1557986.7500936722,5255832.420604124,37560.097560975606,0.5085678508231591,1557692.4201015849,5255406.183115876,37072.31707317073,1558035.26041502,5256348.1291355165,37072.31707317073,1558281.0800857595,5256258.65809237,38047.87804878049,1557938.2397723245,5255316.712072729,38047.87804878049
1558329.5904071073,5256774.366623764,37560.097560975606,0.4067237942128179,1558035.26041502,5256348.1291355165,37072.31707317073,1558378.1007284548,5257290.075155157,37072.31707317073,1558623.9203991941,5257200.604112011,38047.87804878049,1558281.0800857595,5256258.65809237,38047.87804878049
1558672.4307205419,5257716.312643404,37560.097560975606,0.4266419802627976,1558378.1007284548,5257290.075155157,37072.31707317073,1558720.9410418896,5258232.021174799,37072.31707317073,1558966.760712629,5258142.550131652,38047.87804878049,1558623.9203991941,5257200.604112011,38047.87804878049
1559015.2710339767,5258658.258663044,37560.097560975606,0.4159601585910242,1558720.9410418896,5258232.021174799,37072.31707317073,1559063.7813553244,5259173.967194439,37072.31707317073,1559309.6010260638,5259084.496151293,38047.87804878049,1558966.760712629,5258142.550131652,38047.87804878049
1559358.1113474115,5259600.204682686,37560.097560975606,0.4772143729294285,1559063.7813553244,5259173.967194439,37072.31707317073,1559406.621668759,5260115.91321408,37072.31707317073,1559652.4413394986,5260026.442170934,38047.87804878049,1559309.6010260638,5259084.496151293,38047.87804878049
1559700.9516608464,5260542.1507023275,37560.097560975606,0.49334108620561484,1559406.621668759,5260115.91321408,37072.31707317073,1559749.4619821939,5261057.85923372,37072.31707317073,1559995.2816529332,5260968.388190575,38047.87804878049,1559652.4413394986,5260026.442170934,38047.87804878049
1560043.791974281,5261484.096721968,37560.097560975606,0.45875870646035777,1559749.4619821939,5261057.85923372,37072.31707317073,1560092.3022956287,5261999.805253362,37072.31707317073,1560338.121966368,5261910.334210215,38047.87804878049,1559995.2816529332,5260968.388190575,38047.87804878049
1560386.6322877158,5262426.04274161,37560.097560975606,0.46016799426424493,1560092.3022956287,5261999.805253362,37072.31707317073,1560435.1426090635,5262941.7512730025,37072.31707317073,1560680.962279803,5262852.280229856,38047.87804878049,1560338.121966368,5261910.334210215,38047.87804878049
1560729.4726011506,5263367.98876125,37560.097560975606,0.37915615561192695,1560435.1426090635,5262941.7512730025,37072.31707317073,1560777.9829224984,5263883.697292644,37072.31707317073,1561023.802593238,5263794.226249497,38047.87804878049,1560680.962279803,5262852.280229856,38047.87804878049
1561072.3129145855,5264309.934780891,37560.097560975606,0.25406662325392204,1560777.9829224984,5263883.697292644,37072.31707317073,1561120.8232359332,5264825.643312284,37072.31707317073,1561366.6429066728,5264736.1722691385,38047.87804878049,1561023.802593238,5263794.226249497,38047.87804878049
1561415.1532280203,5265251.880800531,37560.097560975606,0.17550683347565968,1561120.8232359332,5264825.643312284,37072.31707317073,1561463.663549368,5265767.589331926,37072.31707317073,1561709.4832201074,5265678.118288779,38047.87804878049,1561366.6429066728,5264736.1722691385,38047.87804878049
1561757.9935414551,5266193.826820172,37560.097560975606,0.20089962248885232,1561463.663549368,5265767.589331926,37072.31707317073,1561806.5038628029,5266709.535351566,37072.31707317073,1562052.3235335422,5266620.064308421,38047.87804878049,1561709.4832201074,5265678.118288779,38047.87804878049
1562100.83385489,5267135.7728398135,37560.097560975606,0.2999964996234807,1561806.5038628029,5266709.535351566,37072.31707317073,1562149.3441762375,5267651.481371207,37072.31707317073,1562395.163846977,5267562.010328061,38047.87804878049,1562052.3235335422,5266620.064308421,38047.87804878049
1562443.6741683248,5268077.718859455,37560.097560975606,0.4141834720153288,1562149.3441762375,5267651.481371207,37072.31707317073,1562492.1844896723,5268593.427390848,37072.31707317073,1562738.004160412,5268503.956347702,38047.87804878049,1562395.163846977,5267562.010328061,38047.87804878049
1562786.5144817594,5269019.664879095,37560.097560975606,0.3324593004123329,1562492.1844896723,5268593.427390848,37072.31707317073,1562835.0248031071,5269535.373410489,37072.31707317073,1563080.8444738465,5269445.902367342,38047.87804878049,1562738.004160412,5268503.956347702,38047.87804878049
1563129.3547951942,5269961.610898736,37560.097560975606,0.24797573522133184,1562835.0248031071,5269535.373410489,37072.31707317073,1563177.865116542,5270477.31943013,37072.31707317073,1563423.6847872816,5270387.848386983,38047.87804878049,1563080.8444738465,5269445.902367342,38047.87804878049
1563472.1951086293,5270903.556918377,37560.097560975606,0.1352885021233134,1563177.865116542,5270477.31943013,37072.31707317073,1563520.705429977,5271419.265449771,37072.31707317073,1563766.5251007164,5271329.7944066245,38047.87804878049,1563423.6847872816,5270387.848386983,38047.87804878049
1563815.0354220641,5271845.502938018,37560.097560975606,0.06717358459522443,1563520.705429977,5271419.265449771,37072.31707317073,1563863.5457434116,5272361.211469412,37072.31707317073,1564109.3654141512,5272271.740426265,38047.87804878049,1563766.5251007164,5271329.7944066245,38047.87804878049
1564157.8757354987,5272787.448957659,37560.097560975606,0.05320281295441014,1563863.5457434116,5272361.211469412,37072.31707317073,1564206.3860568465,5273303.157489052,37072.31707317073,1564452.2057275858,5273213.686445906,38047.87804878049,1564109.3654141512,5272271.740426265,38047.87804878049
1564500.7160489336,5273729.3949772995,37560.097560975606,0.0339727521059732,1564206.3860568465,5273303.157489052,37072.31707317073,1564549.2263702813,5274245.103508693,37072.31707317073,1564795.0460410207,5274155.632465547,38047.87804878049,1564452.2057275858,5273213.686445906,38047.87804878049
1564843.5563623684,5274671.34099694,37560.097560975606,0.027663900030088777,1564549.2263702813,5274245.103508693,37072.31707317073,1564892.0666837161,5275187.049528333,37072.31707317073,1565137.8863544555,5275097.578485188,38047.87804878049,1564795.0460410207,5274155.632465547,38047.87804878049
1565186.3966758032,5275613.287016581,37560.097560975606,0.02287760378316864,1564892.0666837161,5275187.049528333,37072.31707317073,1565234.9069971507,5276128.995547975,37072.31707317073,1565480.7266678903,5276039.524504828,38047.87804878049,1565137.8863544555,5275097.578485188,38047.87804878049
1565529.236989238,5276555.233036223,37560.097560975606,0.02572620042575488,1565234.9069971507,5276128.995547975,37072.31707317073,1565577.7473105856,5277070.941567616,37072.31707317073,1565823.5669813252,5276981.470524469,38047.87804878049,1565480.7266678903,5276039.524504828,38047.87804878049
1565872.077302673,5277497.179055863,37560.097560975606,0.0308554774394309,1565577.7473105856,5277070.941567616,37072.31707317073,1565920.5876240206,5278012.887587257,37072.31707317073,1566166.40729476,5277923.4165441105,38047.87804878049,1565823.5669813252,5276981.470524469,38047.87804878049
1566214.9176161077,5278439.125075504,37560.097560975606,0.029749568596317583,1565920.5876240206,5278012.887587257,37072.31707317073,1566263.4279374555,5278954.833606898,37072.31707317073,1566509.2476081948,5278865.362563752,38047.87804878049,1566166.40729476,5277923.4165441105,38047.87804878049
1566557.7579295423,5279381.071095144,37560.097560975606,0.014910238228501337,1566263.4279374555,5278954.833606898,37072.31707317073,1566606.26825089,5279896.779626539,37072.31707317073,1566852.0879216297,5279807.308583392,38047.87804878049,1566509.2476081948,5278865.362563752,38047.87804878049
1566900.5982429772,5280323.017114786,37560.097560975606,0.012004499218965422,1566606.26825089,5279896.779626539,37072.31707317073,1566949.108564325,5280838.725646179,37072.31707317073,1567194.9282350645,5280749.254603034,38047.87804878049,1566852.0879216297,5279807.308583392,38047.87804878049
1567243.438556412,5281264.963134427,37560.097560975606,0.011629740809107178,1566949.108564325,5280838.725646179,37072.31707317073,1567291.9488777597,5281780.67166582,37072.31707317073,1567537.768548499,5281691.200622674,38047.87804878049,1567194.9282350645,5280749.254603034,38047.87804878049
1567586.2788698468,5282206.909154067,37560.097560975606,0.010735132440328213,1567291.9488777597,5281780.67166582,37072.31707317073,1567634.7891911946,5282722.617685461,37072.31707317073,1567880.6088619342,5282633.146642315,38047.87804878049,1567537.768548499,5281691.200622674,38047.87804878049
1567929.1191832817,5283148.855173708,37560.097560975606,0.01468172227681284,1567634.7891911946,5282722.617685461,37072.31707317073,1567977.6295046294,5283664.563705103,37072.31707317073,1568223.4491753688,5283575.092661955,38047.87804878049,1567880.6088619342,5282633.146642315,38047.87804878049
1568271.9594967165,5284090.80119335,37560.097560975606,0.02358979184629224,1567977.6295046294,5283664.563705103,37072.31707317073,1568320.4698180642,5284606.509724743,37072.31707317073,1568566.2894888036,5284517.038681597,38047.87804878049,1568223.4491753688,5283575.092661955,38047.87804878049
1568614.7998101516,5285032.74721299,37560.097560975606,0.05601835728901096,1568320.4698180642,5284606.509724743,37072.31707317073,1568663.310131499,5285548.455744384,37072.31707317073,1568909.1298022387,5285458.984701238,38047.87804878049,1568566.2894888036,5284517.038681597,38047.87804878049
1568957.6401235862,5285974.693232631,37560.097560975606,0.07291709373091172,1568663.310131499,5285548.455744384,37072.31707317073,1569006.150444934,5286490.401764025,37072.31707317073,1569251.9701156735,5286400.930720879,38047.87804878049,1568909.1298022387,5285458.984701238,38047.87804878049
1569300.480437021,5286916.639252272,37560.097560975606,0.14518097149406303,1569006.150444934,5286490.401764025,37072.31707317073,1569348.9907583687,5287432.347783666,37072.31707317073,1569594.810429108,5287342.876740519,38047.87804878049,1569251.9701156735,5286400.930720879,38047.87804878049
1569643.3207504558,5287858.585271914,37560.097560975606,0.25828476168531056,1569348.9907583687,5287432.347783666,37072.31707317073,1569691.8310718036,5288374.293803306,37072.31707317073,1569937.650742543,5288284.822760161,38047.87804878049,1569594.810429108,5287342.876740519,38047.87804878049
1569986.1610638907,5288800.531291554,37560.097560975606,0.31492617392997646,1569691.8310718036,5288374.293803306,37072.31707317073,1570034.6713852382,5289316.239822947,37072.31707317073,1570280.4910559778,5289226.768779801,38047.87804878049,1569937.650742543,5288284.822760161,38047.87804878049
1570329.0013773255,5289742.477311194,37560.097560975606,0.5020039722501588,1570034.6713852382,5289316.239822947,37072.31707317073,1570377.511698673,5290258.185842589,37072.31707317073,1570623.3313694126,5290168.714799442,38047.87804878049,1570280.4910559778,5289226.768779801,38047.87804878049
1570671.8416907603,5290684.423330836,37560.097560975606,0.5523009388058584,1570377.511698673,5290258.185842589,37072.31707317073,1570720.3520121078,5291200.13186223,37072.31707317073,1570966.1716828472,5291110.660819083,38047.87804878049,1570623.3313694126,5290168.714799442,38047.87804878049
1571014.682004195,5291626.369350477,37560.097560975606,0.5790686380485122,1570720.3520121078,5291200.13186223,37072.31707317073,1571063.1923255427,5292142.07788187,37072.31707317073,1571309.0119962823,5292052.606838724,38047.87804878049,1570966.1716828472,5291110.660819083,38047.87804878049
1571357.52231763,5292568.315370117,37560.097560975606,0.596163370020277,1571063.1923255427,5292142.07788187,37072.31707317073,1571406.0326389777,5293084.023901511,37072.31707317073,1571651.852309717,5292994.552858365,38047.87804878049,1571309.0119962823,5292052.606838724,38047.87804878049
1571700.3626310648,5293510.2613897575,37560.097560975606,0.450842799110224,1571406.0326389777,5293084.023901511,37072.31707317073,1571748.8729524123,5294025.969921152,37072.31707317073,1571994.692623152,5293936.498878005,38047.87804878049,1571651.852309717,5292994.552858365,38047.87804878049
1572043.2029444997,5294452.2074094,37560.097560975606,0.45095851670842435,1571748.8729524123,5294025.969921152,37072.31707317073,1572091.7132658472,5294967.915940792,37072.31707317073,1572337.5329365868,5294878.444897647,38047.87804878049,1571994.692623152,5293936.498878005,38047.87804878049
1572386.0432579345,5295394.15342904,37560.097560975606,0.5536601918198027,1572091.7132658472,5294967.915940792,37072.31707317073,1572434.553579282,5295909.861960433,37072.31707317073,1572680.3732500214,5295820.390917287,38047.87804878049,1572337.5329365868,5294878.444897647,38047.87804878049
1572728.883571369,5296336.099448681,37560.097560975606,0.6768601713787017,1572434.553579282,5295909.861960433,37072.31707317073,1572777.3938927168,5296851.807980075,37072.31707317073,1573023.2135634562,5296762.336936928,38047.87804878049,1572680.3732500214,5295820.390917287,38047.87804878049
1573071.7238848037,5297278.045468322,37560.097560975606,0.7706443391912036,1572777.3938927168,5296851.807980075,37072.31707317073,1573120.2342061515,5297793.753999716,37072.31707317073,1573366.053876891,5297704.2829565685,38047.87804878049,1573023.2135634562,5296762.336936928,38047.87804878049
1573414.5641982385,5298219.991487962,37560.097560975606,0.85168987293201,1573120.2342061515,5297793.753999716,37072.31707317073,1573463.0745195863,5298735.700019356,37072.31707317073,1573708.8941903259,5298646.228976211,38047.87804878049,1573366.053876891,5297704.2829565685,38047.87804878049
1573757.4045116734,5299161.937507603,37560.097560975606,0.9780308932468769,1573463.0745195863,5298735.700019356,37072.31707317073,1573805.9148330214,5299677.646038997,37072.31707317073,1574051.7345037607,5299588.174995851,38047.87804878049,1573708.8941903259,5298646.228976211,38047.87804878049
1574100.2448251084,5300103.883527244,37560.097560975606,1.109754834824262,1573805.9148330214,5299677.646038997,37072.31707317073,1574148.7551464562,5300619.592058638,37072.31707317073,1574394.5748171955,5300530.121015492,38047.87804878049,1574051.7345037607,5299588.174995851,38047.87804878049
1574443.0851385433,5301045.829546886,37560.097560975606,1.1917904674946198,1574148.7551464562,5300619.592058638,37072.31707317073,1574491.5954598908,5301561.538078279,37072.31707317073,1574737.4151306304,5301472.067035133,38047.87804878049,1574394.5748171955,5300530.121015492,38047.87804878049
1574785.925451978,5301987.775566527,37560.097560975606,1.1573448557168367,1574491.5954598908,5301561.538078279,37072.31707317073,1574834.4357733256,5302503.484097919,37072.31707317073,1575080.2554440652,5302414.013054774,38047.87804878049,1574737.4151306304,5301472.067035133,38047.87804878049
1575128.7657654127,5302929.721586167,37560.097560975606,1.2750896705603654,1574834.4357733256,5302503.484097919,37072.31707317073,1575177.2760867605,5303445.4301175615,37072.31707317073,1575423.0957574998,5303355.959074414,38047.87804878049,1575080.2554440652,5302414.013054774,38047.87804878049
1575471.6060788475,5303871.667605808,37560.097560975606,1.6669174164144256,1575177.2760867605,5303445.4301175615,37072.31707317073,1575520.1164001953,5304387.376137202,37072.31707317073,1575765.9360709346,5304297.905094055,38047.87804878049,1575423.0957574998,5303355.959074414,38047.87804878049
1575814.4463922824,5304813.613625449,37560.097560975606,1.9181400130151054,1575520.1164001953,5304387.376137202,37072.31707317073,1575862.9567136301,5305329.322156843,37072.31707317073,1576108.7763843695,5305239.851113697,38047.87804878049,1575765.9360709346,5304297.905094055,38047.87804878049
1576157.2867057172,5305755.559645089,37560.097560975606,1.9729828716707218,1575862.9567136301,5305329.322156843,37072.31707317073,1576205.7970270647,5306271.268176483,37072.31707317073,1576451.6166978043,5306181.797133337,38047.87804878049,1576108.7763843695,5305239.851113697,38047.87804878049
1576500.127019152,5306697.50566473,37560.097560975606,2.2025082594756387,1576205.7970270647,5306271.268176483,37072.31707317073,1576548.6373404998,5307213.214196125,37072.31707317073,1576794.4570112391,5307123.743152978,38047.87804878049,1576451.6166978043,5306181.797133337,38047.87804878049
1576842.9673325869,5307639.4516843725,37560.097560975606,2.274460509499266,1576548.6373404998,5307213.214196125,37072.31707317073,1576891.4776539346,5308155.160215765,37072.31707317073,1577137.297324674,5308065.689172618,38047.87804878049,1576794.4570112391,5307123.743152978,38047.87804878049
1577185.8076460217,5308581.397704013,37560.097560975606,2.3678893426401815,1576891.4776539346,5308155.160215765,37072.31707317073,1577234.3179673695,5309097.106235405,37072.31707317073,1577480.1376381088,5309007.63519226,38047.87804878049,1577137.297324674,5308065.689172618,38047.87804878049
1577528.6479594565,5309523.343723653,37560.097560975606,2.0227466615746748,1577234.3179673695,5309097.106235405,37072.31707317073,1577577.158280804,5310039.052255047,37072.31707317073,1577822.9779515436,5309949.5812119,38047.87804878049,1577480.1376381088,5309007.63519226,38047.87804878049
1577871.4882728914,5310465.289743294,37560.097560975606,1.9679461974121226,1577577.158280804,5310039.052255047,37072.31707317073,1577919.998594239,5310980.998274688,37072.31707317073,1578165.8182649785,5310891.527231541,38047.87804878049,1577822.9779515436,5309949.5812119,38047.87804878049
1578214.3285863262,5311407.235762935,37560.097560975606,2.462408699274649,1577919.998594239,5310980.998274688,37072.31707317073,1578262.8389076737,5311922.944294329,37072.31707317073,1578508.658578413,5311833.473251182,38047.87804878049,1578165.8182649785,5310891.527231541,38047.87804878049
1578557.1688997608,5312349.181782576,37560.097560975606,3.1500878799250067,1578262.8389076737,5311922.944294329,37072.31707317073,1578605.6792211086,5312864.890313969,37072.31707317073,1578851.498891848,5312775.419270824,38047.87804878049,1578508.658578413,5311833.473251182,38047.87804878049
1578900.0092131954,5313291.127802216,37560.097560975606,4.39590023247853,1578605.6792211086,5312864.890313969,37072.31707317073,1578948.5195345432,5313806.836333611,37072.31707317073,1579194.339205283,5313717.365290464,38047.87804878049,1578851.498891848,5312775.419270824,38047.87804878049
1579242.8495266305,5314233.073821858,37560.097560975606,4.570745952354445,1578948.5195345432,5313806.836333611,37072.31707317073,1579291.3598479785,5314748.782353252,37072.31707317073,1579537.1795187178,5314659.311310105,38047.87804878049,1579194.339205283,5313717.365290464,38047.87804878049
1579585.6898400653,5315175.0198415,37560.097560975606,4.031454877072411,1579291.3598479785,5314748.782353252,37072.31707317073,1579634.200161413,5315690.728372892,37072.31707317073,1579880.0198321526,5315601.257329746,38047.87804878049,1579537.1795187178,5314659.311310105,38047.87804878049
1579928.5301535001,5316116.96586114,37560.097560975606,4.439253428524587,1579634.200161413,5315690.728372892,37072.31707317073,1579977.040474848,5316632.674392533,37072.31707317073,1580222.8601455875,5316543.203349387,38047.87804878049,1579880.0198321526,5315601.257329746,38047.87804878049
1580271.370466935,5317058.91188078,37560.097560975606,4.8244379234534165,1579977.040474848,5316632.674392533,37072.31707317073,1580319.8807882827,5317574.620412175,37072.31707317073,1580565.700459022,5317485.149369027,38047.87804878049,1580222.8601455875,5316543.203349387,38047.87804878049
1580614.2107803698,5318000.857900421,37560.097560975606,5.020504273643113,1580319.8807882827,5317574.620412175,37072.31707317073,1580662.7211017176,5318516.566431815,37072.31707317073,1580908.540772457,5318427.095388669,38047.87804878049,1580565.700459022,5317485.149369027,38047.87804878049
1580957.0510938047,5318942.803920062,37560.097560975606,4.804826637591746,1580662.7211017176,5318516.566431815,37072.31707317073,1581005.5614151522,5319458.512451456,37072.31707317073,1581251.3810858917,5319369.04140831,38047.87804878049,1580908.540772457,5318427.095388669,38047.87804878049
1581299.8914072393,5319884.749939703,37560.097560975606,4.438403899824477,1581005.5614151522,5319458.512451456,37072.31707317073,1581348.401728587,5320400.458471096,37072.31707317073,1581594.2213993266,5320310.987427951,38047.87804878049,1581251.3810858917,5319369.04140831,38047.87804878049
1581642.731720674,5320826.695959344,37560.097560975606,4.038690535690654,1581348.401728587,5320400.458471096,37072.31707317073,1581691.2420420218,5321342.404490738,37072.31707317073,1581937.0617127614,5321252.933447591,38047.87804878049,1581594.2213993266,5320310.987427951,38047.87804878049
1581985.5720341092,5321768.641978985,37560.097560975606,4.313944843442807,1581691.2420420218,5321342.404490738,37072.31707317073,1582034.082355457,5322284.350510378,37072.31707317073,1582279.9020261962,5322194.879467232,38047.87804878049,1581937.0617127614,5321252.933447591,38047.87804878049
1582328.412347544,5322710.587998626,37560.097560975606,4.313052986062498,1582034.082355457,5322284.350510378,37072.31707317073,1582376.9226688915,5323226.2965300195,37072.31707317073,1582622.742339631,5323136.825486873,38047.87804878049,1582279.9020261962,5322194.879467232,38047.87804878049
1582671.2526609788,5323652.534018267,37560.097560975606,3.64352615650071,1582376.9226688915,5323226.2965300195,37072.31707317073,1582719.7629823263,5324168.24254966,37072.31707317073,1582965.582653066,5324078.771506514,38047.87804878049,1582622.742339631,5323136.825486873,38047.87804878049
1583014.0929744137,5324594.480037907,37560.097560975606,2.9670612981856395,1582719.7629823263,5324168.24254966,37072.31707317073,1583062.6032957612,5325110.188569302,37072.31707317073,1583308.4229665005,5325020.717526155,38047.87804878049,1582965.582653066,5324078.771506514,38047.87804878049
1583356.9332878483,5325536.426057549,37560.097560975606,3.058018565859177,1583062.6032957612,5325110.188569302,37072.31707317073,1583405.443609196,5326052.134588942,37072.31707317073,1583651.2632799353,5325962.663545797,38047.87804878049,1583308.4229665005,5325020.717526155,38047.87804878049
1583699.773601283,5326478.372077189,37560.097560975606,3.236082633306521,1583405.443609196,5326052.134588942,37072.31707317073,1583748.2839226308,5326994.080608583,37072.31707317073,1583994.1035933702,5326904.609565437,38047.87804878049,1583651.2632799353,5325962.663545797,38047.87804878049
1584042.613914718,5327420.3180968305,37560.097560975606,3.4832643562963574,1583748.2839226308,5326994.080608583,37072.31707317073,1584091.1242360654,5327936.026628224,37072.31707317073,1584336.943906805,5327846.555585077,38047.87804878049,1583994.1035933702,5326904.609565437,38047.87804878049
1584385.4542281528,5328362.264116471,37560.097560975606,2.930679683783631,1584091.1242360654,5327936.026628224,37072.31707317073,1584433.9645495005,5328877.972647865,37072.31707317073,1584679.78422024,5328788.501604718,38047.87804878049,1584336.943906805,5327846.555585077,38047.87804878049
1584728.2945415878,5329304.210136112,37560.097560975606,2.9733178091101133,1584433.9645495005,5328877.972647865,37072.31707317073,1584776.8048629353,5329819.9186675055,37072.31707317073,1585022.6245336747,5329730.447624359,38047.87804878049,1584679.78422024,5328788.501604718,38047.87804878049
1585071.1348550224,5330246.156155752,37560.097560975606,3.6405636171330205,1584776.8048629353,5329819.9186675055,37072.31707317073,1585119.6451763702,5330761.864687146,37072.31707317073,1585365.4648471095,5330672.393644,38047.87804878049,1585022.6245336747,5329730.447624359,38047.87804878049
1585413.975168457,5331188.102175393,37560.097560975606,4.249605093623486,1585119.6451763702,5330761.864687146,37072.31707317073,1585462.4854898048,5331703.810706788,37072.31707317073,1585708.3051605443,5331614.339663641,38047.87804878049,1585365.4648471095,5330672.393644,38047.87804878049
1585756.8154818919,5332130.048195035,37560.097560975606,4.195656949072,1585462.4854898048,5331703.810706788,37072.31707317073,1585805.3258032396,5332645.756726428,37072.31707317073,1586051.1454739792,5332556.285683282,38047.87804878049,1585708.3051605443,5331614.339663641,38047.87804878049
1586099.6557953267,5333071.994214675,37560.097560975606,4.306662326973662,1585805.3258032396,5332645.756726428,37072.31707317073,1586148.1661166744,5333587.702746069,37072.31707317073,1586393.9857874138,5333498.231702923,38047.87804878049,1586051.1454739792,5332556.285683282,38047.87804878049
1586442.4961087615,5334013.9402343165,37560.097560975606,4.596223286297434,1586148.1661166744,5333587.702746069,37072.31707317073,1586491.0064301093,5334529.648765709,37072.31707317073,1586736.8261008486,5334440.177722564,38047.87804878049,1586393.9857874138,5333498.231702923,38047.87804878049
1586785.3364221964,5334955.886253957,37560.097560975606,4.932980570052878,1586491.0064301093,5334529.648765709,37072.31707317073,1586833.846743544,5335471.594785351,37072.31707317073,1587079.6664142837,5335382.123742204,38047.87804878049,1586736.8261008486,5334440.177722564,38047.87804878049
1587128.1767356314,5335897.832273599,37560.097560975606,5.32669808794005,1586833.846743544,5335471.594785351,37072.31707317073,1587176.687056979,5336413.5408049915,37072.31707317073,1587422.5067277185,5336324.069761846,38047.87804878049,1587079.6664142837,5335382.123742204,38047.87804878049
1587471.017049066,5336839.778293239,37560.097560975606,7.231972956482458,1587176.687056979,5336413.5408049915,37072.31707317073,1587519.5273704138,5337355.486824633,37072.31707317073,1587765.347041153,5337266.015781486,38047.87804878049,1587422.5067277185,5336324.069761846,38047.87804878049
1587813.8573625009,5337781.724312879,37560.097560975606,8.531530660411141,1587519.5273704138,5337355.486824633,37072.31707317073,1587862.3676838486,5338297.432844274,37072.31707317073,1588108.187354588,5338207.9618011275,38047.87804878049,1587765.347041153,5337266.015781486,38047.87804878049
1588156.6976759357,5338723.67033252,37560.097560975606,7.957763309450891,1587862.3676838486,5338297.432844274,37072.31707317073,1588205.2079972834,5339239.378863915,37072.31707317073,1588451.0276680228,5339149.907820768,38047.87804878049,1588108.187354588,5338207.9618011275,38047.87804878049
1588499.5379893705,5339665.616352162,37560.097560975606,8.31908274991659,1588205.2079972834,5339239.378863915,37072.31707317073,1588548.048310718,5340181.324883555,37072.31707317073,1588793.8679814576,5340091.85384041,38047.87804878049,1588451.0276680228,5339149.907820768,38047.87804878049
1588842.3783028054,5340607.5623718025,37560.097560975606,9.986882250942443,1588548.048310718,5340181.324883555,37072.31707317073,1588890.8886241529,5341123.270903196,37072.31707317073,1589136.7082948925,5341033.79986005,38047.87804878049,1588793.8679814576,5340091.85384041,38047.87804878049
1589185.2186162402,5341549.508391444,37560.097560975606,11.524725754889436,1588890.8886241529,5341123.270903196,37072.31707317073,1589233.7289375877,5342065.216922837,37072.31707317073,1589479.5486083273,5341975.745879691,38047.87804878049,1589136.7082948925,5341033.79986005,38047.87804878049
1589528.0589296748,5342491.454411085,37560.097560975606,9.872575204254142,1589233.7289375877,5342065.216922837,37072.31707317073,1589576.5692510225,5343007.162942478,37072.31707317073,1589822.3889217621,5342917.691899331,38047.87804878049,1589479.5486083273,5341975.745879691,38047.87804878049
1589870.8992431099,5343433.400430726,37560.097560975606,9.373147225845608,1589576.5692510225,5343007.162942478,37072.31707317073,1589919.4095644576,5343949.108962119,37072.31707317073,1590165.229235197,5343859.637918973,38047.87804878049,1589822.3889217621,5342917.691899331,38047.87804878049
1590213.7395565447,5344375.346450366,37560.097560975606,8.481890275416571,1589919.4095644576,5343949.108962119,37072.31707317073,1590262.2498778924,5344891.05498176,37072.31707317073,1590508.0695486318,5344801.5839386135,38047.87804878049,1590165.229235197,5343859.637918973,38047.87804878049
1590556.5798699795,5345317.292470006,37560.097560975606,10.189128275018257,1590262.2498778924,5344891.05498176,37072.31707317073,1590605.090191327,5345833.001001401,37072.31707317073,1590850.9098620666,5345743.529958255,38047.87804878049,1590508.0695486318,5344801.5839386135,38047.87804878049
1590899.4201834144,5346259.238489648,37560.097560975606,12.797220727677932,1590605.090191327,5345833.001001401,37072.31707317073,1590947.9305047619,5346774.947021042,37072.31707317073,1591193.7501755015,5346685.475977895,38047.87804878049,1590850.9098620666,5345743.529958255,38047.87804878049
1591242.2604968492,5347201.184509289,37560.097560975606,11.74868473216341,1590947.9305047619,5346774.947021042,37072.31707317073,1591290.7708181967,5347716.893040682,37072.31707317073,1591536.590488936,5347627.421997537,38047.87804878049,1591193.7501755015,5346685.475977895,38047.87804878049
1591585.1008102838,5348143.13052893,37560.097560975606,10.423643207079385,1591290.7708181967,5347716.893040682,37072.31707317073,1591633.6111316315,5348658.839060323,37072.31707317073,1591879.430802371,5348569.368017177,38047.87804878049,1591536.590488936,5347627.421997537,38047.87804878049
1591927.9411237184,5349085.07654857,37560.097560975606,10.507258235971332,1591633.6111316315,5348658.839060323,37072.31707317073,1591976.4514450661,5349600.785079964,37072.31707317073,1592222.2711158057,5349511.314036817,38047.87804878049,1591879.430802371,5348569.368017177,38047.87804878049
1592270.7814371535,5350027.022568212,37560.097560975606,9.46574561768469,1591976.4514450661,5349600.785079964,37072.31707317073,1592319.2917585012,5350542.731099606,37072.31707317073,1592565.1114292408,5350453.260056459,38047.87804878049,1592222.2711158057,5349511.314036817,38047.87804878049
1592613.6217505883,5350968.968587853,37560.097560975606,9.820482963361163,1592319.2917585012,5350542.731099606,37072.31707317073,1592662.132071936,5351484.677119246,37072.31707317073,1592907.9517426754,5351395.2060761,38047.87804878049,1592565.1114292408,5350453.260056459,38047.87804878049
1592956.4620640231,5351910.914607493,37560.097560975606,9.143511741213906,1592662.132071936,5351484.677119246,37072.31707317073,1593004.9723853709,5352426.623138887,37072.31707317073,1593250.7920561102,5352337.152095741,38047.87804878049,1592907.9517426754,5351395.2060761,38047.87804878049
1593299.302377458,5352852.860627133,37560.097560975606,9.524393944457016,1593004.9723853709,5352426.623138887,37072.31707317073,1593347.8126988055,5353368.569158528,37072.31707317073,1593593.632369545,5353279.098115381,38047.87804878049,1593250.7920561102,5352337.152095741,38047.87804878049
1593642.1426908926,5353794.8066467745,37560.097560975606,9.217130134269281,1593347.8126988055,5353368.569158528,37072.31707317073,1593690.6530122403,5354310.515178168,37072.31707317073,1593936.47268298,5354221.044135023,38047.87804878049,1593593.632369545,5353279.098115381,38047.87804878049
1593984.9830043274,5354736.752666416,37560.097560975606,8.280514601771431,1593690.6530122403,5354310.515178168,37072.31707317073,1594033.4933256751,5355252.461197809,37072.31707317073,1594279.3129964145,5355162.990154663,38047.87804878049,1593936.47268298,5354221.044135023,38047.87804878049
1594327.8233177622,5355678.698686057,37560.097560975606,6.310371631846819,1594033.4933256751,5355252.461197809,37072.31707317073,1594376.33363911,5356194.40721745,37072.31707317073,1594622.1533098493,5356104.936174304,38047.87804878049,1594279.3129964145,5355162.990154663,38047.87804878049
1594670.663631197,5356620.644705698,37560.097560975606,6.822134237510359,1594376.33363911,5356194.40721745,37072.31707317073,1594719.1739525448,5357136.353237092,37072.31707317073,1594964.9936232842,5357046.882193944,38047.87804878049,1594622.1533098493,5356104.936174304,38047.87804878049
1595013.5039446321,5357562.590725339,37560.097560975606,6.856471747672076,1594719.1739525448,5357136.353237092,37072.31707317073,1595062.0142659796,5358078.299256732,37072.31707317073,1595307.8339367192,5357988.8282135865,38047.87804878049,1594964.9936232842,5357046.882193944,38047.87804878049
1595356.344258067,5358504.536744979,37560.097560975606,5.929792639864671,1595062.0142659796,5358078.299256732,37072.31707317073,1595404.8545794145,5359020.245276373,37072.31707317073,1595650.6742501538,5358930.774233227,38047.87804878049,1595307.8339367192,5357988.8282135865,38047.87804878049
1595699.1845715016,5359446.48276462,37560.097560975606,5.563552391169997,1595404.8545794145,5359020.245276373,37072.31707317073,1595747.6948928493,5359962.191296014,37072.31707317073,1595993.5145635887,5359872.720252868,38047.87804878049,1595650.6742501538,5358930.774233227,38047.87804878049
1596042.0248849364,5360388.428784261,37560.097560975606,4.731500693173258,1595747.6948928493,5359962.191296014,37072.31707317073,1596090.5352062841,5360904.137315655,37072.31707317073,1596336.3548770235,5360814.666272509,38047.87804878049,1595993.5145635887,5359872.720252868,38047.87804878049
1596384.8651983712,5361330.374803902,37560.097560975606,5.318839432298671,1596090.5352062841,5360904.137315655,37072.31707317073,1596433.3755197187,5361846.083335295,37072.31707317073,1596679.1951904583,5361756.61229215,38047.87804878049,1596336.3548770235,5360814.666272509,38047.87804878049
1596727.705511806,5362272.320823543,37560.097560975606,5.342284991027407,1596433.3755197187,5361846.083335295,37072.31707317073,1596776.2158331536,5362788.029354937,37072.31707317073,1597022.0355038932,5362698.55831179,38047.87804878049,1596679.1951904583,5361756.61229215,38047.87804878049
1597070.545825241,5363214.266843184,37560.097560975606,5.424668723530872,1596776.2158331536,5362788.029354937,37072.31707317073,1597119.0561465884,5363729.975374578,37072.31707317073,1597364.8758173278,5363640.504331431,38047.87804878049,1597022.0355038932,5362698.55831179,38047.87804878049
1597413.3861386755,5364156.212862825,37560.097560975606,5.042897694993073,1597119.0561465884,5363729.975374578,37072.31707317073,1597461.8964600232,5364671.921394219,37072.31707317073,1597707.7161307628,5364582.4503510725,38047.87804878049,1597364.8758173278,5363640.504331431,38047.87804878049
1597756.2264521103,5365098.158882465,37560.097560975606,5.258051487205577,1597461.8964600232,5364671.921394219,37072.31707317073,1597804.736773458,5365613.867413859,37072.31707317073,1598050.5564441977,5365524.396370713,38047.87804878049,1597707.7161307628,5364582.4503510725,38047.87804878049
1598099.0667655452,5366040.104902106,37560.097560975606,5.648821817073279,1597804.736773458,5365613.867413859,37072.31707317073,1598147.577086893,5366555.8134335,37072.31707317073,1598393.3967576325,5366466.342390354,38047.87804878049,1598050.5564441977,5365524.396370713,38047.87804878049
1598441.90707898,5366982.050921747,37560.097560975606,5.188677281897675,1598147.577086893,5366555.8134335,37072.31707317073,1598490.4174003277,5367497.759453141,37072.31707317073,1598736.237071067,5367408.288409994,38047.87804878049,1598393.3967576325,5366466.342390354,38047.87804878049
1598784.7473924148,5367923.996941389,37560.097560975606,4.320023350880722,1598490.4174003277,5367497.759453141,37072.31707317073,1598833.2577137626,5368439.705472781,37072.31707317073,1599079.077384502,5368350.234429636,38047.87804878049,1598736.237071067,5367408.288409994,38047.87804878049
1599127.5877058497,5368865.942961029,37560.097560975606,3.335916366377063,1598833.2577137626,5368439.705472781,37072.31707317073,1599176.0980271974,5369381.651492422,37072.31707317073,1599421.9176979368,5369292.180449276,38047.87804878049,1599079.077384502,5368350.234429636,38047.87804878049
1599470.4280192845,5369807.888980669,37560.097560975606,3.4775614250323312,1599176.0980271974,5369381.651492422,37072.31707317073,1599518.938340632,5370323.597512064,37072.31707317073,1599764.7580113716,5370234.126468917,38047.87804878049,1599421.9176979368,5369292.180449276,38047.87804878049
1599813.2683327193,5370749.835000311,37560.097560975606,2.923244186517552,1599518.938340632,5370323.597512064,37072.31707317073,1599861.7786540668,5371265.543531705,37072.31707317073,1600107.5983248064,5371176.0724885585,38047.87804878049,1599764.7580113716,5370234.126468917,38047.87804878049
1600156.108646154,5371691.781019952,37560.097560975606,2.2557773101206116,1599861.7786540668,5371265.543531705,37072.31707317073,1600204.618967502,5372207.489551345,37072.31707317073,1600450.4386382413,5372118.0185082,38047.87804878049,1600107.5983248064,5371176.0724885585,38047.87804878049
1600498.948959589,5372633.727039592,37560.097560975606,1.8516941326579028,1600204.618967502,5372207.489551345,37072.31707317073,1600547.4592809367,5373149.435570987,37072.31707317073,1600793.278951676,5373059.96452784,38047.87804878049,1600450.4386382413,5372118.0185082,38047.87804878049
1600841.7892730238,5373575.673059233,37560.097560975606,1.5661993872553608,1600547.4592809367,5373149.435570987,37072.31707317073,1600890.2995943713,5374091.381590627,37072.31707317073,1601136.119265111,5374001.910547481,38047.87804878049,1600793.278951676,5373059.96452784,38047.87804878049
1601184.6295864587,5374517.619078875,37560.097560975606,1.1540671684516868,1600890.2995943713,5374091.381590627,37072.31707317073,1601233.1399078062,5375033.327610268,37072.31707317073,1601478.9595785458,5374943.856567122,38047.87804878049,1601136.119265111,5374001.910547481,38047.87804878049
1601527.4698998935,5375459.565098516,37560.097560975606,0.9550262511565094,1601233.1399078062,5375033.327610268,37072.31707317073,1601575.980221241,5375975.273629908,37072.31707317073,1601821.7998919806,5375885.802586763,38047.87804878049,1601478.9595785458,5374943.856567122,38047.87804878049
1601870.310213328,5376401.511118156,37560.097560975606,1.0323587813509143,1601575.980221241,5375975.273629908,37072.31707317073,1601918.8205346758,5376917.2196495505,37072.31707317073,1602164.6402054152,5376827.748606403,38047.87804878049,1601821.7998919806,5375885.802586763,38047.87804878049
1602213.150526763,5377343.457137797,37560.097560975606,0.9951259202046885,1601918.8205346758,5376917.2196495505,37072.31707317073,1602261.6608481107,5377859.165669191,37072.31707317073,1602507.48051885,5377769.6946260445,38047.87804878049,1602164.6402054152,5376827.748606403,38047.87804878049
1602555.9908401978,5378285.403157438,37560.097560975606,1.0808233036281552,1602261.6608481107,5377859.165669191,37072.31707317073,1602604.5011615455,5378801.111688832,37072.31707317073,1602850.3208322849,5378711.640645686,38047.87804878049,1602507.48051885,5377769.6946260445,38047.87804878049
1602898.8311536328,5379227.349177079,37560.097560975606,1.080837103350094,1602604.5011615455,5378801.111688832,37072.31707317073,1602947.3414749803,5379743.057708472,37072.31707317073,1603193.16114572,5379653.586665327,38047.87804878049,1602850.3208322849,5378711.640645686,38047.87804878049
1603241.6714670677,5380169.2951967195,37560.097560975606,1.3427899066886695,1602947.3414749803,5379743.057708472,37072.31707317073,1603290.1817884152,5380685.003728114,37072.31707317073,1603536.0014591548,5380595.532684967,38047.87804878049,1603193.16114572,5379653.586665327,38047.87804878049
1551718.6038091497,5237845.9751878,38535.65853658537,1.7373602380100825,1551424.273817063,5237419.737699552,38047.87804878049,1551767.114130498,5238361.683719193,38047.87804878049,1552012.9338012363,5238272.212676047,39023.439024390245,1551670.0934878017,5237330.266656407,39023.439024390245
1552061.4441225845,5238787.921207441,38535.65853658537,2.0556168988370325,1551767.114130498,5238361.683719193,38047.87804878049,1552109.9544439325,5239303.629738835,38047.87804878049,1552355.7741146712,5239214.1586956885,39023.439024390245,1552012.9338012363,5238272.212676047,39023.439024390245
1552404.2844360194,5239729.867227082,38535.65853658537,3.1055491532253177,1552109.9544439325,5239303.629738835,38047.87804878049,1552452.7947573673,5240245.575758475,38047.87804878049,1552698.614428106,5240156.104715329,39023.439024390245,1552355.7741146712,5239214.1586956885,39023.439024390245
1552747.1247494542,5240671.813246722,38535.65853658537,2.9225480560303687,1552452.7947573673,5240245.575758475,38047.87804878049,1552795.6350708022,5241187.521778116,38047.87804878049,1553041.454741541,5241098.05073497,39023.439024390245,1552698.614428106,5240156.104715329,39023.439024390245
1553089.9650628893,5241613.759266363,38535.65853658537,2.40178359176759,1552795.6350708022,5241187.521778116,38047.87804878049,1553138.4753842372,5242129.467797756,38047.87804878049,1553384.2950549757,5242039.996754611,39023.439024390245,1553041.454741541,5241098.05073497,39023.439024390245
1553432.8053763239,5242555.705286004,38535.65853658537,2.1142370358036855,1553138.4753842372,5242129.467797756,38047.87804878049,1553481.315697672,5243071.413817398,38047.87804878049,1553727.1353684105,5242981.942774251,39023.439024390245,1553384.2950549757,5242039.996754611,39023.439024390245
1553775.6456897587,5243497.651305645,38535.65853658537,1.652528645524282,1553481.315697672,5243071.413817398,38047.87804878049,1553824.1560111067,5244013.359837038,38047.87804878049,1554069.9756818453,5243923.888793893,39023.439024390245,1553727.1353684105,5242981.942774251,39023.439024390245
1554118.4860031935,5244439.597325286,38535.65853658537,1.407755111973699,1553824.1560111067,5244013.359837038,38047.87804878049,1554166.9963245415,5244955.30585668,38047.87804878049,1554412.8159952802,5244865.834813533,39023.439024390245,1554069.9756818453,5243923.888793893,39023.439024390245
1554461.3263166284,5245381.543344927,38535.65853658537,1.2192962528395603,1554166.9963245415,5244955.30585668,38047.87804878049,1554509.8366379763,5245897.251876321,38047.87804878049,1554755.656308715,5245807.7808331745,39023.439024390245,1554412.8159952802,5244865.834813533,39023.439024390245
1554804.1666300632,5246323.489364567,38535.65853658537,1.0118451587065747,1554509.8366379763,5245897.251876321,38047.87804878049,1554852.6769514112,5246839.197895962,38047.87804878049,1555098.4966221496,5246749.726852815,39023.439024390245,1554755.656308715,5245807.7808331745,39023.439024390245
1555147.0069434976,5247265.435384209,38535.65853658537,0.953706063208698,1554852.6769514112,5246839.197895962,38047.87804878049,1555195.5172648458,5247781.143915602,38047.87804878049,1555441.3369355847,5247691.672872457,39023.439024390245,1555098.4966221496,5246749.726852815,39023.439024390245
1555489.8472569326,5248207.381403849,38535.65853658537,1.1410082036527387,1555195.5172648458,5247781.143915602,38047.87804878049,1555538.3575782808,5248723.089935242,38047.87804878049,1555784.1772490195,5248633.618892097,39023.439024390245,1555441.3369355847,5247691.672872457,39023.439024390245
1555832.6875703675,5249149.327423491,38535.65853658537,1.0535225495818956,1555538.3575782808,5248723.089935242,38047.87804878049,1555881.1978917157,5249665.035954884,38047.87804878049,1556127.0175624543,5249575.564911738,39023.439024390245,1555784.1772490195,5248633.618892097,39023.439024390245
1556175.5278838023,5250091.273443132,38535.65853658537,1.1115439797633708,1555881.1978917157,5249665.035954884,38047.87804878049,1556224.0382051505,5250606.981974524,38047.87804878049,1556469.857875889,5250517.510931378,39023.439024390245,1556127.0175624543,5249575.564911738,39023.439024390245
1556518.3681972371,5251033.219462772,38535.65853658537,1.1203469575122331,1556224.0382051505,5250606.981974524,38047.87804878049,1556566.878518585,5251548.927994166,38047.87804878049,1556812.6981893238,5251459.45695102,39023.439024390245,1556469.857875889,5250517.510931378,39023.439024390245
1556861.208510672,5251975.165482413,38535.65853658537,0.9722295485977525,1556566.878518585,5251548.927994166,38047.87804878049,1556909.71883202,5252490.874013806,38047.87804878049,1557155.5385027586,5252401.4029706605,39023.439024390245,1556812.6981893238,5251459.45695102,39023.439024390245
1557204.0488241068,5252917.111502054,38535.65853658537,0.8554327626980576,1556909.71883202,5252490.874013806,38047.87804878049,1557252.5591454548,5253432.820033448,38047.87804878049,1557498.3788161934,5253343.348990302,39023.439024390245,1557155.5385027586,5252401.4029706605,39023.439024390245
1557546.8891375416,5253859.057521695,38535.65853658537,0.7585866682396999,1557252.5591454548,5253432.820033448,38047.87804878049,1557595.3994588896,5254374.766053088,38047.87804878049,1557841.2191296283,5254285.295009943,39023.439024390245,1557498.3788161934,5253343.348990302,39023.439024390245
1557889.7294509765,5254801.003541336,38535.65853658537,0.7638784253041044,1557595.3994588896,5254374.766053088,38047.87804878049,1557938.2397723245,5255316.712072729,38047.87804878049,1558184.0594430633,5255227.241029584,39023.439024390245,1557841.2191296283,5254285.295009943,39023.439024390245
1558232.5697644113,5255742.949560977,38535.65853658537,0.7083228503741714,1557938.2397723245,5255316.712072729,38047.87804878049,1558281.0800857595,5256258.65809237,38047.87804878049,1558526.899756498,5256169.187049224,39023.439024390245,1558184.0594430633,5255227.241029584,39023.439024390245
1558575.4100778461,5256684.895580618,38535.65853658537,0.5407138375863383,1558281.0800857595,5256258.65809237,38047.87804878049,1558623.9203991941,5257200.604112011,38047.87804878049,1558869.7400699328,5257111.133068865,39023.439024390245,1558526.899756498,5256169.187049224,39023.439024390245
1558918.250391281,5257626.841600259,38535.65853658537,0.5589153438416931,1558623.9203991941,5257200.604112011,38047.87804878049,1558966.760712629,5258142.550131652,38047.87804878049,1559212.5803833676,5258053.079088506,39023.439024390245,1558869.7400699328,5257111.133068865,39023.439024390245
1559261.0907047158,5258568.787619899,38535.65853658537,0.43142701930000926,1558966.760712629,5258142.550131652,38047.87804878049,1559309.6010260638,5259084.496151293,38047.87804878049,1559555.4206968024,5258995.025108147,39023.439024390245,1559212.5803833676,5258053.079088506,39023.439024390245
1559603.9310181504,5259510.73363954,38535.65853658537,0.4005454987272109,1559309.6010260638,5259084.496151293,38047.87804878049,1559652.4413394986,5260026.442170934,38047.87804878049,1559898.261010237,5259936.971127788,39023.439024390245,1559555.4206968024,5258995.025108147,39023.439024390245
1559946.7713315852,5260452.679659182,38535.65853658537,0.28608912213035653,1559652.4413394986,5260026.442170934,38047.87804878049,1559995.2816529332,5260968.388190575,38047.87804878049,1560241.1013236719,5260878.917147429,39023.439024390245,1559898.261010237,5259936.971127788,39023.439024390245
1560289.61164502,5261394.625678822,38535.65853658537,0.18300296044840644,1559995.2816529332,5260968.388190575,38047.87804878049,1560338.121966368,5261910.334210215,38047.87804878049,1560583.9416371067,5261820.86316707,39023.439024390245,1560241.1013236719,5260878.917147429,39023.439024390245
1560632.451958455,5262336.571698463,38535.65853658537,0.2647048062353931,1560338.121966368,5261910.334210215,38047.87804878049,1560680.962279803,5262852.280229856,38047.87804878049,1560926.7819505418,5262762.80918671,39023.439024390245,1560583.9416371067,5261820.86316707,39023.439024390245
1560975.29227189,5263278.517718104,38535.65853658537,0.2951143795302684,1560680.962279803,5262852.280229856,38047.87804878049,1561023.802593238,5263794.226249497,38047.87804878049,1561269.6222639764,5263704.755206351,39023.439024390245,1560926.7819505418,5262762.80918671,39023.439024390245
1561318.1325853246,5264220.463737745,38535.65853658537,0.3012074481822714,1561023.802593238,5263794.226249497,38047.87804878049,1561366.6429066728,5264736.1722691385,38047.87804878049,1561612.4625774112,5264646.701225991,39023.439024390245,1561269.6222639764,5263704.755206351,39023.439024390245
1561660.9728987592,5265162.409757386,38535.65853658537,0.2014476538016681,1561366.6429066728,5264736.1722691385,38047.87804878049,1561709.4832201074,5265678.118288779,38047.87804878049,1561955.302890846,5265588.647245633,39023.439024390245,1561612.4625774112,5264646.701225991,39023.439024390245
1562003.813212194,5266104.355777026,38535.65853658537,0.25913401458040985,1561709.4832201074,5265678.118288779,38047.87804878049,1562052.3235335422,5266620.064308421,38047.87804878049,1562298.1432042809,5266530.593265274,39023.439024390245,1561955.302890846,5265588.647245633,39023.439024390245
1562346.6535256288,5267046.301796666,38535.65853658537,0.2093899729392074,1562052.3235335422,5266620.064308421,38047.87804878049,1562395.163846977,5267562.010328061,38047.87804878049,1562640.9835177157,5267472.539284915,39023.439024390245,1562298.1432042809,5266530.593265274,39023.439024390245
1562689.4938390637,5267988.247816308,38535.65853658537,0.2195489740238536,1562395.163846977,5267562.010328061,38047.87804878049,1562738.004160412,5268503.956347702,38047.87804878049,1562983.8238311503,5268414.485304556,39023.439024390245,1562640.9835177157,5267472.539284915,39023.439024390245
1563032.3341524985,5268930.1938359495,38535.65853658537,0.22645995471035837,1562738.004160412,5268503.956347702,38047.87804878049,1563080.8444738465,5269445.902367342,38047.87804878049,1563326.6641445854,5269356.431324197,39023.439024390245,1562983.8238311503,5268414.485304556,39023.439024390245
1563375.1744659333,5269872.13985559,38535.65853658537,0.24544731520734692,1563080.8444738465,5269445.902367342,38047.87804878049,1563423.6847872816,5270387.848386983,38047.87804878049,1563669.5044580202,5270298.377343837,39023.439024390245,1563326.6641445854,5269356.431324197,39023.439024390245
1563718.0147793682,5270814.085875231,38535.65853658537,0.24203750965589207,1563423.6847872816,5270387.848386983,38047.87804878049,1563766.5251007164,5271329.7944066245,38047.87804878049,1564012.344771455,5271240.323363478,39023.439024390245,1563669.5044580202,5270298.377343837,39023.439024390245
1564060.855092803,5271756.031894872,38535.65853658537,0.10758057727695132,1563766.5251007164,5271329.7944066245,38047.87804878049,1564109.3654141512,5272271.740426265,38047.87804878049,1564355.1850848896,5272182.269383119,39023.439024390245,1564012.344771455,5271240.323363478,39023.439024390245
1564403.6954062378,5272697.977914513,38535.65853658537,0.06657468890969635,1564109.3654141512,5272271.740426265,38047.87804878049,1564452.2057275858,5273213.686445906,38047.87804878049,1564698.0253983245,5273124.215402761,39023.439024390245,1564355.1850848896,5272182.269383119,39023.439024390245
1564746.5357196727,5273639.923934153,38535.65853658537,0.06225560116520866,1564452.2057275858,5273213.686445906,38047.87804878049,1564795.0460410207,5274155.632465547,38047.87804878049,1565040.8657117593,5274066.161422401,39023.439024390245,1564698.0253983245,5273124.215402761,39023.439024390245
1565089.3760331075,5274581.869953794,38535.65853658537,0.05614526624587172,1564795.0460410207,5274155.632465547,38047.87804878049,1565137.8863544555,5275097.578485188,38047.87804878049,1565383.7060251941,5275008.107442042,39023.439024390245,1565040.8657117593,5274066.161422401,39023.439024390245
1565432.2163465424,5275523.8159734355,38535.65853658537,0.04770881481431287,1565137.8863544555,5275097.578485188,38047.87804878049,1565480.7266678903,5276039.524504828,38047.87804878049,1565726.5463386287,5275950.053461683,39023.439024390245,1565383.7060251941,5275008.107442042,39023.439024390245
1565775.056659977,5276465.761993076,38535.65853658537,0.020020981912356555,1565480.7266678903,5276039.524504828,38047.87804878049,1565823.5669813252,5276981.470524469,38047.87804878049,1566069.3866520638,5276891.999481323,39023.439024390245,1565726.5463386287,5275950.053461683,39023.439024390245
1566117.896973412,5277407.708012717,38535.65853658537,0.029881465120199114,1565823.5669813252,5276981.470524469,38047.87804878049,1566166.40729476,5277923.4165441105,38047.87804878049,1566412.2269654986,5277833.945500964,39023.439024390245,1566069.3866520638,5276891.999481323,39023.439024390245
1566460.7372868469,5278349.654032358,38535.65853658537,0.016726372796102708,1566166.40729476,5277923.4165441105,38047.87804878049,1566509.2476081948,5278865.362563752,38047.87804878049,1566755.0672789335,5278775.891520605,39023.439024390245,1566412.2269654986,5277833.945500964,39023.439024390245
1566803.5776002817,5279291.600051999,38535.65853658537,0.012994761850197581,1566509.2476081948,5278865.362563752,38047.87804878049,1566852.0879216297,5279807.308583392,38047.87804878049,1567097.9075923683,5279717.837540247,39023.439024390245,1566755.0672789335,5278775.891520605,39023.439024390245
1567146.4179137165,5280233.546071639,38535.65853658537,0.006273795531890195,1566852.0879216297,5279807.308583392,38047.87804878049,1567194.9282350645,5280749.254603034,38047.87804878049,1567440.747905803,5280659.783559887,39023.439024390245,1567097.9075923683,5279717.837540247,39023.439024390245
1567489.258227151,5281175.49209128,38535.65853658537,0.0018553813483660612,1567194.9282350645,5280749.254603034,38047.87804878049,1567537.768548499,5281691.200622674,38047.87804878049,1567783.5882192377,5281601.729579528,39023.439024390245,1567440.747905803,5280659.783559887,39023.439024390245
1567832.0985405857,5282117.4381109215,38535.65853658537,0.009107308028701636,1567537.768548499,5281691.200622674,38047.87804878049,1567880.6088619342,5282633.146642315,38047.87804878049,1568126.4285326726,5282543.67559917,39023.439024390245,1567783.5882192377,5281601.729579528,39023.439024390245
1568174.9388540206,5283059.384130563,38535.65853658537,0.014341165907719767,1567880.6088619342,5282633.146642315,38047.87804878049,1568223.4491753688,5283575.092661955,38047.87804878049,1568469.2688461074,5283485.62161881,39023.439024390245,1568126.4285326726,5282543.67559917,39023.439024390245
1568517.7791674554,5284001.330150203,38535.65853658537,0.032202327289123076,1568223.4491753688,5283575.092661955,38047.87804878049,1568566.2894888036,5284517.038681597,38047.87804878049,1568812.1091595425,5284427.56763845,39023.439024390245,1568469.2688461074,5283485.62161881,39023.439024390245
1568860.6194808905,5284943.276169845,38535.65853658537,0.06107005013269427,1568566.2894888036,5284517.038681597,38047.87804878049,1568909.1298022387,5285458.984701238,38047.87804878049,1569154.949472977,5285369.513658091,39023.439024390245,1568812.1091595425,5284427.56763845,39023.439024390245
1569203.4597943253,5285885.222189485,38535.65853658537,0.10268790941575022,1568909.1298022387,5285458.984701238,38047.87804878049,1569251.9701156735,5286400.930720879,38047.87804878049,1569497.789786412,5286311.459677733,39023.439024390245,1569154.949472977,5285369.513658091,39023.439024390245
1569546.3001077601,5286827.168209126,38535.65853658537,0.15539793574190866,1569251.9701156735,5286400.930720879,38047.87804878049,1569594.810429108,5287342.876740519,38047.87804878049,1569840.6300998467,5287253.405697374,39023.439024390245,1569497.789786412,5286311.459677733,39023.439024390245
1569889.140421195,5287769.114228766,38535.65853658537,0.2320954935052474,1569594.810429108,5287342.876740519,38047.87804878049,1569937.650742543,5288284.822760161,38047.87804878049,1570183.4704132816,5288195.351717014,39023.439024390245,1569840.6300998467,5287253.405697374,39023.439024390245
1570231.9807346298,5288711.0602484085,38535.65853658537,0.2587668817237913,1569937.650742543,5288284.822760161,38047.87804878049,1570280.4910559778,5289226.768779801,38047.87804878049,1570526.3107267164,5289137.297736656,39023.439024390245,1570183.4704132816,5288195.351717014,39023.439024390245
1570574.8210480644,5289653.006268049,38535.65853658537,0.20860818179184504,1570280.4910559778,5289226.768779801,38047.87804878049,1570623.3313694126,5290168.714799442,38047.87804878049,1570869.151040151,5290079.243756296,39023.439024390245,1570526.3107267164,5289137.297736656,39023.439024390245
1570917.6613614992,5290594.952287689,38535.65853658537,0.22162799404015998,1570623.3313694126,5290168.714799442,38047.87804878049,1570966.1716828472,5291110.660819083,38047.87804878049,1571211.991353586,5291021.189775937,39023.439024390245,1570869.151040151,5290079.243756296,39023.439024390245
1571260.5016749343,5291536.89830733,38535.65853658537,0.44371105477003275,1570966.1716828472,5291110.660819083,38047.87804878049,1571309.0119962823,5292052.606838724,38047.87804878049,1571554.831667021,5291963.135795577,39023.439024390245,1571211.991353586,5291021.189775937,39023.439024390245
1571603.3419883691,5292478.844326972,38535.65853658537,0.6189797307523731,1571309.0119962823,5292052.606838724,38047.87804878049,1571651.852309717,5292994.552858365,38047.87804878049,1571897.6719804558,5292905.0818152195,39023.439024390245,1571554.831667021,5291963.135795577,39023.439024390245
1571946.1823018037,5293420.790346612,38535.65853658537,0.6255232366155768,1571651.852309717,5292994.552858365,38047.87804878049,1571994.692623152,5293936.498878005,38047.87804878049,1572240.5122938904,5293847.02783486,39023.439024390245,1571897.6719804558,5292905.0818152195,39023.439024390245
1572289.0226152386,5294362.736366253,38535.65853658537,0.6948222212951477,1571994.692623152,5293936.498878005,38047.87804878049,1572337.5329365868,5294878.444897647,38047.87804878049,1572583.3526073252,5294788.973854501,39023.439024390245,1572240.5122938904,5293847.02783486,39023.439024390245
1572631.8629286734,5295304.6823858945,38535.65853658537,0.776687934342198,1572337.5329365868,5294878.444897647,38047.87804878049,1572680.3732500214,5295820.390917287,38047.87804878049,1572926.19292076,5295730.919874141,39023.439024390245,1572583.3526073252,5294788.973854501,39023.439024390245
1572974.7032421082,5296246.628405536,38535.65853658537,0.7883276551953191,1572680.3732500214,5295820.390917287,38047.87804878049,1573023.2135634562,5296762.336936928,38047.87804878049,1573269.0332341949,5296672.865893783,39023.439024390245,1572926.19292076,5295730.919874141,39023.439024390245
1573317.543555543,5297188.574425176,38535.65853658537,0.9863110357870019,1573023.2135634562,5296762.336936928,38047.87804878049,1573366.053876891,5297704.2829565685,38047.87804878049,1573611.8735476295,5297614.811913423,39023.439024390245,1573269.0332341949,5296672.865893783,39023.439024390245
1573660.3838689777,5298130.520444816,38535.65853658537,1.1468297152810942,1573366.053876891,5297704.2829565685,38047.87804878049,1573708.8941903259,5298646.228976211,38047.87804878049,1573954.7138610645,5298556.757933063,39023.439024390245,1573611.8735476295,5297614.811913423,39023.439024390245
1574003.2241824125,5299072.466464457,38535.65853658537,1.2050878782178884,1573708.8941903259,5298646.228976211,38047.87804878049,1574051.7345037607,5299588.174995851,38047.87804878049,1574297.5541744994,5299498.703952705,39023.439024390245,1573954.7138610645,5298556.757933063,39023.439024390245
1574346.0644958473,5300014.412484098,38535.65853658537,1.1962990044518655,1574051.7345037607,5299588.174995851,38047.87804878049,1574394.5748171955,5300530.121015492,38047.87804878049,1574640.3944879342,5300440.649972346,39023.439024390245,1574297.5541744994,5299498.703952705,39023.439024390245
1574688.9048092822,5300956.358503739,38535.65853658537,1.45623727839098,1574394.5748171955,5300530.121015492,38047.87804878049,1574737.4151306304,5301472.067035133,38047.87804878049,1574983.234801369,5301382.595991987,39023.439024390245,1574640.3944879342,5300440.649972346,39023.439024390245
1575031.745122717,5301898.30452338,38535.65853658537,1.8029515879099134,1574737.4151306304,5301472.067035133,38047.87804878049,1575080.2554440652,5302414.013054774,38047.87804878049,1575326.0751148036,5302324.542011627,39023.439024390245,1574983.234801369,5301382.595991987,39023.439024390245
1575374.5854361518,5302840.250543022,38535.65853658537,2.181744999912205,1575080.2554440652,5302414.013054774,38047.87804878049,1575423.0957574998,5303355.959074414,38047.87804878049,1575668.9154282385,5303266.488031269,39023.439024390245,1575326.0751148036,5302324.542011627,39023.439024390245
1575717.4257495864,5303782.196562662,38535.65853658537,2.2936163651908745,1575423.0957574998,5303355.959074414,38047.87804878049,1575765.9360709346,5304297.905094055,38047.87804878049,1576011.7557416733,5304208.434050909,39023.439024390245,1575668.9154282385,5303266.488031269,39023.439024390245
1576060.2660630213,5304724.142582303,38535.65853658537,2.450357111093486,1575765.9360709346,5304297.905094055,38047.87804878049,1576108.7763843695,5305239.851113697,38047.87804878049,1576354.5960551081,5305150.38007055,39023.439024390245,1576011.7557416733,5304208.434050909,39023.439024390245
1576403.106376456,5305666.088601943,38535.65853658537,2.6359640118787895,1576108.7763843695,5305239.851113697,38047.87804878049,1576451.6166978043,5306181.797133337,38047.87804878049,1576697.436368543,5306092.326090191,39023.439024390245,1576354.5960551081,5305150.38007055,39023.439024390245
1576745.9466898912,5306608.034621584,38535.65853658537,2.5352256156754747,1576451.6166978043,5306181.797133337,38047.87804878049,1576794.4570112391,5307123.743152978,38047.87804878049,1577040.2766819778,5307034.272109833,39023.439024390245,1576697.436368543,5306092.326090191,39023.439024390245
1577088.787003326,5307549.980641225,38535.65853658537,2.628990375717701,1576794.4570112391,5307123.743152978,38047.87804878049,1577137.297324674,5308065.689172618,38047.87804878049,1577383.1169954126,5307976.218129473,39023.439024390245,1577040.2766819778,5307034.272109833,39023.439024390245
1577431.6273167608,5308491.9266608665,38535.65853658537,3.0728195208003166,1577137.297324674,5308065.689172618,38047.87804878049,1577480.1376381088,5309007.63519226,38047.87804878049,1577725.9573088475,5308918.164149114,39023.439024390245,1577383.1169954126,5307976.218129473,39023.439024390245
1577774.4676301957,5309433.872680508,38535.65853658537,2.9885711291033097,1577480.1376381088,5309007.63519226,38047.87804878049,1577822.9779515436,5309949.5812119,38047.87804878049,1578068.797622282,5309860.110168754,39023.439024390245,1577725.9573088475,5308918.164149114,39023.439024390245
1578117.3079436303,5310375.818700149,38535.65853658537,2.733266297158318,1577822.9779515436,5309949.5812119,38047.87804878049,1578165.8182649785,5310891.527231541,38047.87804878049,1578411.637935717,5310802.056188396,39023.439024390245,1578068.797622282,5309860.110168754,39023.439024390245
1578460.148257065,5311317.764719789,38535.65853658537,2.859730607667649,1578165.8182649785,5310891.527231541,38047.87804878049,1578508.658578413,5311833.473251182,38047.87804878049,1578754.4782491517,5311744.002208036,39023.439024390245,1578411.637935717,5310802.056188396,39023.439024390245
1578802.9885705,5312259.71073943,38535.65853658537,2.973207608296261,1578508.658578413,5311833.473251182,38047.87804878049,1578851.498891848,5312775.419270824,38047.87804878049,1579097.3185625868,5312685.9482276775,39023.439024390245,1578754.4782491517,5311744.002208036,39023.439024390245
1579145.8288839348,5313201.656759071,38535.65853658537,3.723646381639641,1578851.498891848,5312775.419270824,38047.87804878049,1579194.339205283,5313717.365290464,38047.87804878049,1579440.1588760216,5313627.894247319,39023.439024390245,1579097.3185625868,5312685.9482276775,39023.439024390245
1579488.6691973698,5314143.602778711,38535.65853658537,4.022251347212054,1579194.339205283,5313717.365290464,38047.87804878049,1579537.1795187178,5314659.311310105,38047.87804878049,1579782.9991894565,5314569.84026696,39023.439024390245,1579440.1588760216,5313627.894247319,39023.439024390245
1579831.5095108047,5315085.5487983525,38535.65853658537,4.544457086884155,1579537.1795187178,5314659.311310105,38047.87804878049,1579880.0198321526,5315601.257329746,38047.87804878049,1580125.839502891,5315511.7862866,39023.439024390245,1579782.9991894565,5314569.84026696,39023.439024390245
1580174.3498242393,5316027.494817994,38535.65853658537,5.298485336591729,1579880.0198321526,5315601.257329746,38047.87804878049,1580222.8601455875,5316543.203349387,38047.87804878049,1580468.679816326,5316453.732306241,39023.439024390245,1580125.839502891,5315511.7862866,39023.439024390245
1580517.1901376739,5316969.440837635,38535.65853658537,4.846874984456548,1580222.8601455875,5316543.203349387,38047.87804878049,1580565.700459022,5317485.149369027,38047.87804878049,1580811.5201297607,5317395.678325882,39023.439024390245,1580468.679816326,5316453.732306241,39023.439024390245
1580860.0304511087,5317911.386857276,38535.65853658537,4.275888540279956,1580565.700459022,5317485.149369027,38047.87804878049,1580908.540772457,5318427.095388669,38047.87804878049,1581154.3604431956,5318337.624345523,39023.439024390245,1580811.5201297607,5317395.678325882,39023.439024390245
1581202.8707645435,5318853.332876916,38535.65853658537,4.231008995846337,1580908.540772457,5318427.095388669,38047.87804878049,1581251.3810858917,5319369.04140831,38047.87804878049,1581497.2007566302,5319279.5703651635,39023.439024390245,1581154.3604431956,5318337.624345523,39023.439024390245
1581545.7110779784,5319795.278896558,38535.65853658537,4.399590428217328,1581251.3810858917,5319369.04140831,38047.87804878049,1581594.2213993266,5320310.987427951,38047.87804878049,1581840.0410700652,5320221.516384805,39023.439024390245,1581497.2007566302,5319279.5703651635,39023.439024390245
1581888.5513914134,5320737.224916198,38535.65853658537,5.216406490929498,1581594.2213993266,5320310.987427951,38047.87804878049,1581937.0617127614,5321252.933447591,38047.87804878049,1582182.8813835,5321163.462404446,39023.439024390245,1581840.0410700652,5320221.516384805,39023.439024390245
1582231.3917048483,5321679.1709358385,38535.65853658537,5.955532034701631,1581937.0617127614,5321252.933447591,38047.87804878049,1582279.9020261962,5322194.879467232,38047.87804878049,1582525.721696935,5322105.408424086,39023.439024390245,1582182.8813835,5321163.462404446,39023.439024390245
1582574.232018283,5322621.116955479,38535.65853658537,5.591862732930648,1582279.9020261962,5322194.879467232,38047.87804878049,1582622.742339631,5323136.825486873,38047.87804878049,1582868.5620103697,5323047.354443727,39023.439024390245,1582525.721696935,5322105.408424086,39023.439024390245
1582917.0723317177,5323563.062975121,38535.65853658537,4.27925638126656,1582622.742339631,5323136.825486873,38047.87804878049,1582965.582653066,5324078.771506514,38047.87804878049,1583211.4023238043,5323989.300463368,39023.439024390245,1582868.5620103697,5323047.354443727,39023.439024390245
1583259.9126451525,5324505.008994762,38535.65853658537,3.1121547542397217,1582965.582653066,5324078.771506514,38047.87804878049,1583308.4229665005,5325020.717526155,38047.87804878049,1583554.2426372392,5324931.246483009,39023.439024390245,1583211.4023238043,5323989.300463368,39023.439024390245
1583602.7529585874,5325446.955014402,38535.65853658537,2.9817398137425495,1583308.4229665005,5325020.717526155,38047.87804878049,1583651.2632799353,5325962.663545797,38047.87804878049,1583897.082950674,5325873.1925026495,39023.439024390245,1583554.2426372392,5324931.246483009,39023.439024390245
1583945.5932720222,5326388.901034043,38535.65853658537,3.4109587267150006,1583651.2632799353,5325962.663545797,38047.87804878049,1583994.1035933702,5326904.609565437,38047.87804878049,1584239.9232641088,5326815.138522291,39023.439024390245,1583897.082950674,5325873.1925026495,39023.439024390245
1584288.4335854568,5327330.847053684,38535.65853658537,3.970866022236983,1583994.1035933702,5326904.609565437,38047.87804878049,1584336.943906805,5327846.555585077,38047.87804878049,1584582.7635775437,5327757.084541932,39023.439024390245,1584239.9232641088,5326815.138522291,39023.439024390245
1584631.2738988919,5328272.793073325,38535.65853658537,3.7409045381931314,1584336.943906805,5327846.555585077,38047.87804878049,1584679.78422024,5328788.501604718,38047.87804878049,1584925.6038909785,5328699.030561573,39023.439024390245,1584582.7635775437,5327757.084541932,39023.439024390245
1584974.1142123267,5329214.739092966,38535.65853658537,3.756477184952356,1584679.78422024,5328788.501604718,38047.87804878049,1585022.6245336747,5329730.447624359,38047.87804878049,1585268.4442044133,5329640.976581213,39023.439024390245,1584925.6038909785,5328699.030561573,39023.439024390245
1585316.9545257615,5330156.685112607,38535.65853658537,4.04557008587781,1585022.6245336747,5329730.447624359,38047.87804878049,1585365.4648471095,5330672.393644,38047.87804878049,1585611.2845178482,5330582.922600854,39023.439024390245,1585268.4442044133,5329640.976581213,39023.439024390245
1585659.7948391964,5331098.631132248,38535.65853658537,4.4283417418053705,1585365.4648471095,5330672.393644,38047.87804878049,1585708.3051605443,5331614.339663641,38047.87804878049,1585954.124831283,5331524.868620495,39023.439024390245,1585611.2845178482,5330582.922600854,39023.439024390245
1586002.6351526312,5332040.577151889,38535.65853658537,3.856366687081845,1585708.3051605443,5331614.339663641,38047.87804878049,1586051.1454739792,5332556.285683282,38047.87804878049,1586296.9651447176,5332466.814640136,39023.439024390245,1585954.124831283,5331524.868620495,39023.439024390245
1586345.4754660656,5332982.523171529,38535.65853658537,4.367374804347689,1586051.1454739792,5332556.285683282,38047.87804878049,1586393.9857874138,5333498.231702923,38047.87804878049,1586639.8054581524,5333408.760659777,39023.439024390245,1586296.9651447176,5332466.814640136,39023.439024390245
1586688.3157795004,5333924.469191171,38535.65853658537,5.5710449861720415,1586393.9857874138,5333498.231702923,38047.87804878049,1586736.8261008486,5334440.177722564,38047.87804878049,1586982.6457715875,5334350.706679418,39023.439024390245,1586639.8054581524,5333408.760659777,39023.439024390245
1587031.1560929355,5334866.415210811,38535.65853658537,6.5281928822379305,1586736.8261008486,5334440.177722564,38047.87804878049,1587079.6664142837,5335382.123742204,38047.87804878049,1587325.4860850223,5335292.652699059,39023.439024390245,1586982.6457715875,5334350.706679418,39023.439024390245
1587373.9964063703,5335808.361230452,38535.65853658537,7.344301390999378,1587079.6664142837,5335382.123742204,38047.87804878049,1587422.5067277185,5336324.069761846,38047.87804878049,1587668.326398457,5336234.598718699,39023.439024390245,1587325.4860850223,5335292.652699059,39023.439024390245
1587716.8367198051,5336750.307250093,38535.65853658537,8.761760973004332,1587422.5067277185,5336324.069761846,38047.87804878049,1587765.347041153,5337266.015781486,38047.87804878049,1588011.1667118918,5337176.54473834,39023.439024390245,1587668.326398457,5336234.598718699,39023.439024390245
1588059.6770332397,5337692.253269734,38535.65853658537,10.23157322150754,1587765.347041153,5337266.015781486,38047.87804878049,1588108.187354588,5338207.9618011275,38047.87804878049,1588354.0070253266,5338118.490757981,39023.439024390245,1588011.1667118918,5337176.54473834,39023.439024390245
1588402.5173466746,5338634.199289374,38535.65853658537,11.753819749152202,1588108.187354588,5338207.9618011275,38047.87804878049,1588451.0276680228,5339149.907820768,38047.87804878049,1588696.8473387614,5339060.436777622,39023.439024390245,1588354.0070253266,5338118.490757981,39023.439024390245
1588745.3576601094,5339576.145309015,38535.65853658537,12.953860903797478,1588451.0276680228,5339149.907820768,38047.87804878049,1588793.8679814576,5340091.85384041,38047.87804878049,1589039.687652196,5340002.382797263,39023.439024390245,1588696.8473387614,5339060.436777622,39023.439024390245
1589088.1979735442,5340518.091328656,38535.65853658537,13.627454387562443,1588793.8679814576,5340091.85384041,38047.87804878049,1589136.7082948925,5341033.79986005,38047.87804878049,1589382.5279656309,5340944.328816904,39023.439024390245,1589039.687652196,5340002.382797263,39023.439024390245
1589431.038286979,5341460.037348297,38535.65853658537,12.708395993358932,1589136.7082948925,5341033.79986005,38047.87804878049,1589479.5486083273,5341975.745879691,38047.87804878049,1589725.368279066,5341886.274836545,39023.439024390245,1589382.5279656309,5340944.328816904,39023.439024390245
1589773.8786004141,5342401.983367939,38535.65853658537,12.48039108824314,1589479.5486083273,5341975.745879691,38047.87804878049,1589822.3889217621,5342917.691899331,38047.87804878049,1590068.2085925008,5342828.220856186,39023.439024390245,1589725.368279066,5341886.274836545,39023.439024390245
1590116.718913849,5343343.929387579,38535.65853658537,14.330287066668497,1589822.3889217621,5342917.691899331,38047.87804878049,1590165.229235197,5343859.637918973,38047.87804878049,1590411.0489059356,5343770.166875826,39023.439024390245,1590068.2085925008,5342828.220856186,39023.439024390245
1590459.5592272838,5344285.875407221,38535.65853658537,16.60164093021501,1590165.229235197,5343859.637918973,38047.87804878049,1590508.0695486318,5344801.5839386135,38047.87804878049,1590753.8892193704,5344712.112895467,39023.439024390245,1590411.0489059356,5343770.166875826,39023.439024390245
1590802.3995407186,5345227.821426861,38535.65853658537,17.761887870570657,1590508.0695486318,5344801.5839386135,38047.87804878049,1590850.9098620666,5345743.529958255,38047.87804878049,1591096.729532805,5345654.058915108,39023.439024390245,1590753.8892193704,5344712.112895467,39023.439024390245
1591145.2398541532,5346169.767446501,38535.65853658537,16.213986261556684,1590850.9098620666,5345743.529958255,38047.87804878049,1591193.7501755015,5346685.475977895,38047.87804878049,1591439.5698462399,5346596.00493475,39023.439024390245,1591096.729532805,5345654.058915108,39023.439024390245
1591488.080167588,5347111.713466142,38535.65853658537,13.561522475000642,1591193.7501755015,5346685.475977895,38047.87804878049,1591536.590488936,5347627.421997537,38047.87804878049,1591782.4101596747,5347537.95095439,39023.439024390245,1591439.5698462399,5346596.00493475,39023.439024390245
1591830.920481023,5348053.659485784,38535.65853658537,12.077345409341008,1591536.590488936,5347627.421997537,38047.87804878049,1591879.430802371,5348569.368017177,38047.87804878049,1592125.2504731095,5348479.896974032,39023.439024390245,1591782.4101596747,5347537.95095439,39023.439024390245
1592173.7607944577,5348995.605505425,38535.65853658537,11.50119632261533,1591879.430802371,5348569.368017177,38047.87804878049,1592222.2711158057,5349511.314036817,38047.87804878049,1592468.0907865444,5349421.842993672,39023.439024390245,1592125.2504731095,5348479.896974032,39023.439024390245
1592516.6011078926,5349937.551525066,38535.65853658537,10.725160935416655,1592222.2711158057,5349511.314036817,38047.87804878049,1592565.1114292408,5350453.260056459,38047.87804878049,1592810.9310999792,5350363.789013313,39023.439024390245,1592468.0907865444,5349421.842993672,39023.439024390245
1592859.4414213272,5350879.497544706,38535.65853658537,11.80310562072611,1592565.1114292408,5350453.260056459,38047.87804878049,1592907.9517426754,5351395.2060761,38047.87804878049,1593153.771413414,5351305.735032953,39023.439024390245,1592810.9310999792,5350363.789013313,39023.439024390245
1593202.281734762,5351821.443564348,38535.65853658537,9.365834438765651,1592907.9517426754,5351395.2060761,38047.87804878049,1593250.7920561102,5352337.152095741,38047.87804878049,1593496.6117268489,5352247.681052595,39023.439024390245,1593153.771413414,5351305.735032953,39023.439024390245
1593545.1220481968,5352763.389583988,38535.65853658537,7.160177040430524,1593250.7920561102,5352337.152095741,38047.87804878049,1593593.632369545,5353279.098115381,38047.87804878049,1593839.4520402837,5353189.627072236,39023.439024390245,1593496.6117268489,5352247.681052595,39023.439024390245
1593887.9623616317,5353705.335603628,38535.65853658537,6.35407357987087,1593593.632369545,5353279.098115381,38047.87804878049,1593936.47268298,5354221.044135023,38047.87804878049,1594182.2923537183,5354131.573091877,39023.439024390245,1593839.4520402837,5353189.627072236,39023.439024390245
1594230.8026750665,5354647.28162327,38535.65853658537,5.06104040962999,1593936.47268298,5354221.044135023,38047.87804878049,1594279.3129964145,5355162.990154663,38047.87804878049,1594525.1326671531,5355073.519111517,39023.439024390245,1594182.2923537183,5354131.573091877,39023.439024390245
1594573.6429885013,5355589.2276429115,38535.65853658537,4.71027811010366,1594279.3129964145,5355162.990154663,38047.87804878049,1594622.1533098493,5356104.936174304,38047.87804878049,1594867.9729805882,5356015.465131159,39023.439024390245,1594525.1326671531,5355073.519111517,39023.439024390245
1594916.4833019362,5356531.173662552,38535.65853658537,5.118676939591997,1594622.1533098493,5356104.936174304,38047.87804878049,1594964.9936232842,5357046.882193944,38047.87804878049,1595210.813294023,5356957.411150799,39023.439024390245,1594867.9729805882,5356015.465131159,39023.439024390245
1595259.323615371,5357473.119682192,38535.65853658537,5.515432704179219,1594964.9936232842,5357046.882193944,38047.87804878049,1595307.8339367192,5357988.8282135865,38047.87804878049,1595553.6536074576,5357899.357170439,39023.439024390245,1595210.813294023,5356957.411150799,39023.439024390245
1595602.1639288059,5358415.065701834,38535.65853658537,5.64924861798909,1595307.8339367192,5357988.8282135865,38047.87804878049,1595650.6742501538,5358930.774233227,38047.87804878049,1595896.4939208925,5358841.30319008,39023.439024390245,1595553.6536074576,5357899.357170439,39023.439024390245
1595945.0042422407,5359357.011721474,38535.65853658537,4.98467685644097,1595650.6742501538,5358930.774233227,38047.87804878049,1595993.5145635887,5359872.720252868,38047.87804878049,1596239.3342343273,5359783.249209722,39023.439024390245,1595896.4939208925,5358841.30319008,39023.439024390245
1596287.8445556755,5360298.957741115,38535.65853658537,3.8438329266412525,1595993.5145635887,5359872.720252868,38047.87804878049,1596336.3548770235,5360814.666272509,38047.87804878049,1596582.1745477621,5360725.195229363,39023.439024390245,1596239.3342343273,5359783.249209722,39023.439024390245
1596630.6848691101,5361240.903760755,38535.65853658537,2.847131028966116,1596336.3548770235,5360814.666272509,38047.87804878049,1596679.1951904583,5361756.61229215,38047.87804878049,1596925.0148611967,5361667.141249003,39023.439024390245,1596582.1745477621,5360725.195229363,39023.439024390245
1596973.525182545,5362182.849780397,38535.65853658537,2.261697752174066,1596679.1951904583,5361756.61229215,38047.87804878049,1597022.0355038932,5362698.55831179,38047.87804878049,1597267.8551746316,5362609.087268645,39023.439024390245,1596925.0148611967,5361667.141249003,39023.439024390245
1597316.3654959798,5363124.795800038,38535.65853658537,2.53321095537059,1597022.0355038932,5362698.55831179,38047.87804878049,1597364.8758173278,5363640.504331431,38047.87804878049,1597610.6954880666,5363551.033288285,39023.439024390245,1597267.8551746316,5362609.087268645,39023.439024390245
1597659.2058094149,5364066.741819679,38535.65853658537,3.0478179337392337,1597364.8758173278,5363640.504331431,38047.87804878049,1597707.7161307628,5364582.4503510725,38047.87804878049,1597953.5358015015,5364492.979307926,39023.439024390245,1597610.6954880666,5363551.033288285,39023.439024390245
1598002.0461228497,5365008.68783932,38535.65853658537,3.9473761708545165,1597707.7161307628,5364582.4503510725,38047.87804878049,1598050.5564441977,5365524.396370713,38047.87804878049,1598296.3761149363,5365434.925327566,39023.439024390245,1597953.5358015015,5364492.979307926,39023.439024390245
1598344.8864362845,5365950.633858961,38535.65853658537,4.710025089910509,1598050.5564441977,5365524.396370713,38047.87804878049,1598393.3967576325,5366466.342390354,38047.87804878049,1598639.216428371,5366376.8713472085,39023.439024390245,1598296.3761149363,5365434.925327566,39023.439024390245
1598687.726749719,5366892.579878601,38535.65853658537,4.633731313707443,1598393.3967576325,5366466.342390354,38047.87804878049,1598736.237071067,5367408.288409994,38047.87804878049,1598982.0567418057,5367318.817366849,39023.439024390245,1598639.216428371,5366376.8713472085,39023.439024390245
1599030.5670631537,5367834.525898242,38535.65853658537,4.016957551143302,1598736.237071067,5367408.288409994,38047.87804878049,1599079.077384502,5368350.234429636,38047.87804878049,1599324.8970552406,5368260.76338649,39023.439024390245,1598982.0567418057,5367318.817366849,39023.439024390245
1599373.4073765886,5368776.4719178835,38535.65853658537,3.253370906918885,1599079.077384502,5368350.234429636,38047.87804878049,1599421.9176979368,5369292.180449276,38047.87804878049,1599667.7373686754,5369202.70940613,39023.439024390245,1599324.8970552406,5368260.76338649,39023.439024390245
1599716.2476900234,5369718.417937524,38535.65853658537,2.3851897357532663,1599421.9176979368,5369292.180449276,38047.87804878049,1599764.7580113716,5370234.126468917,38047.87804878049,1600010.57768211,5370144.655425772,39023.439024390245,1599667.7373686754,5369202.70940613,39023.439024390245
1600059.0880034582,5370660.363957165,38535.65853658537,2.0135598545348796,1599764.7580113716,5370234.126468917,38047.87804878049,1600107.5983248064,5371176.0724885585,38047.87804878049,1600353.417995545,5371086.601445412,39023.439024390245,1600010.57768211,5370144.655425772,39023.439024390245
1600401.9283168933,5371602.309976805,38535.65853658537,1.8142736484410977,1600107.5983248064,5371176.0724885585,38047.87804878049,1600450.4386382413,5372118.0185082,38047.87804878049,1600696.25830898,5372028.547465052,39023.439024390245,1600353.417995545,5371086.601445412,39023.439024390245
1600744.768630328,5372544.255996447,38535.65853658537,1.690540685169472,1600450.4386382413,5372118.0185082,38047.87804878049,1600793.278951676,5373059.96452784,38047.87804878049,1601039.0986224147,5372970.4934846945,39023.439024390245,1600696.25830898,5372028.547465052,39023.439024390245
1601087.6089437627,5373486.202016087,38535.65853658537,1.2712652758301064,1600793.278951676,5373059.96452784,38047.87804878049,1601136.119265111,5374001.910547481,38047.87804878049,1601381.9389358493,5373912.439504335,39023.439024390245,1601039.0986224147,5372970.4934846945,39023.439024390245
1601430.4492571976,5374428.148035728,38535.65853658537,0.9600914588569608,1601136.119265111,5374001.910547481,38047.87804878049,1601478.9595785458,5374943.856567122,38047.87804878049,1601724.7792492842,5374854.385523976,39023.439024390245,1601381.9389358493,5373912.439504335,39023.439024390245
1601773.2895706324,5375370.0940553695,38535.65853658537,0.9170245694132239,1601478.9595785458,5374943.856567122,38047.87804878049,1601821.7998919806,5375885.802586763,38047.87804878049,1602067.619562719,5375796.331543617,39023.439024390245,1601724.7792492842,5374854.385523976,39023.439024390245
1602116.1298840672,5376312.040075011,38535.65853658537,1.0986072198130719,1601821.7998919806,5375885.802586763,38047.87804878049,1602164.6402054152,5376827.748606403,38047.87804878049,1602410.4598761539,5376738.277563258,39023.439024390245,1602067.619562719,5375796.331543617,39023.439024390245
1602458.970197502,5377253.986094651,38535.65853658537,1.1676415718605733,1602164.6402054152,5376827.748606403,38047.87804878049,1602507.48051885,5377769.6946260445,38047.87804878049,1602753.3001895887,5377680.223582899,39023.439024390245,1602410.4598761539,5376738.277563258,39023.439024390245
1602801.810510937,5378195.932114292,38535.65853658537,0.8657017879477387,1602507.48051885,5377769.6946260445,38047.87804878049,1602850.3208322849,5378711.640645686,38047.87804878049,1603096.1405030238,5378622.169602539,39023.439024390245,1602753.3001895887,5377680.223582899,39023.439024390245
1603144.650824372,5379137.878133933,38535.65853658537,0.6427192702400757,1602850.3208322849,5378711.640645686,38047.87804878049,1603193.16114572,5379653.586665327,38047.87804878049,1603438.9808164584,5379564.11562218,39023.439024390245,1603096.1405030238,5378622.169602539,39023.439024390245
1603487.4911378066,5380079.824153574,38535.65853658537,0.5439527902612732,1603193.16114572,5379653.586665327,38047.87804878049,1603536.0014591548,5380595.532684967,38047.87804878049,1603781.8211298932,5380506.061641822,39023.439024390245,1603438.9808164584,5379564.11562218,39023.439024390245
1551964.4234798888,5237756.504144655,39511.21951219512,3.2738825624235077,1551670.0934878017,5237330.266656407,39023.439024390245,1552012.9338012363,5238272.212676047,39023.439024390245,1552258.753471976,5238182.7416329,39999.0,1551915.913158541,5237240.79561326,39999.0
1552307.2637933234,5238698.450164295,39511.21951219512,3.484964565610813,1552012.9338012363,5238272.212676047,39023.439024390245,1552355.7741146712,5239214.1586956885,39023.439024390245,1552601.5937854107,5239124.687652542,39999.0,1552258.753471976,5238182.7416329,39999.0
1552650.1041067583,5239640.396183935,39511.21951219512,3.482197203012976,1552355.7741146712,5239214.1586956885,39023.439024390245,1552698.614428106,5240156.104715329,39023.439024390245,1552944.4340988456,5240066.633672182,39999.0,1552601.5937854107,5239124.687652542,39999.0
1552992.9444201933,5240582.342203576,39511.21951219512,2.9903377069202732,1552698.614428106,5240156.104715329,39023.439024390245,1553041.454741541,5241098.05073497,39023.439024390245,1553287.2744122804,5241008.579691824,39999.0,1552944.4340988456,5240066.633672182,39999.0
1553335.7847336282,5241524.288223217,39511.21951219512,2.063183744924384,1553041.454741541,5241098.05073497,39023.439024390245,1553384.2950549757,5242039.996754611,39023.439024390245,1553630.1147257152,5241950.525711465,39999.0,1553287.2744122804,5241008.579691824,39999.0
1553678.625047063,5242466.234242858,39511.21951219512,1.6439751537621257,1553384.2950549757,5242039.996754611,39023.439024390245,1553727.1353684105,5242981.942774251,39023.439024390245,1553972.95503915,5242892.471731106,39999.0,1553630.1147257152,5241950.525711465,39999.0
1554021.4653604978,5243408.180262499,39511.21951219512,1.4105080940053978,1553727.1353684105,5242981.942774251,39023.439024390245,1554069.9756818453,5243923.888793893,39023.439024390245,1554315.7953525847,5243834.417750746,39999.0,1553972.95503915,5242892.471731106,39999.0
1554364.3056739324,5244350.126282139,39511.21951219512,0.907299792652769,1554069.9756818453,5243923.888793893,39023.439024390245,1554412.8159952802,5244865.834813533,39023.439024390245,1554658.6356660195,5244776.363770387,39999.0,1554315.7953525847,5243834.417750746,39999.0
1554707.1459873673,5245292.072301781,39511.21951219512,0.7330059278137696,1554412.8159952802,5244865.834813533,39023.439024390245,1554755.656308715,5245807.7808331745,39023.439024390245,1555001.4759794543,5245718.309790028,39999.0,1554658.6356660195,5244776.363770387,39999.0
1555049.986300802,5246234.018321422,39511.21951219512,0.6831693853609044,1554755.656308715,5245807.7808331745,39023.439024390245,1555098.4966221496,5246749.726852815,39023.439024390245,1555344.3162928892,5246660.255809669,39999.0,1555001.4759794543,5245718.309790028,39999.0
1555392.826614237,5247175.964341062,39511.21951219512,0.8424467599532398,1555098.4966221496,5246749.726852815,39023.439024390245,1555441.3369355847,5247691.672872457,39023.439024390245,1555687.156606324,5247602.20182931,39999.0,1555344.3162928892,5246660.255809669,39999.0
1555735.6669276718,5248117.910360704,39511.21951219512,1.1654993510168894,1555441.3369355847,5247691.672872457,39023.439024390245,1555784.1772490195,5248633.618892097,39023.439024390245,1556029.9969197589,5248544.147848951,39999.0,1555687.156606324,5247602.20182931,39999.0
1556078.5072411066,5249059.856380344,39511.21951219512,1.0926605197852242,1555784.1772490195,5248633.618892097,39023.439024390245,1556127.0175624543,5249575.564911738,39023.439024390245,1556372.8372331937,5249486.093868592,39999.0,1556029.9969197589,5248544.147848951,39999.0
1556421.3475545412,5250001.8023999855,39511.21951219512,1.356828991804764,1556127.0175624543,5249575.564911738,39023.439024390245,1556469.857875889,5250517.510931378,39023.439024390245,1556715.6775466285,5250428.039888233,39999.0,1556372.8372331937,5249486.093868592,39999.0
1556764.187867976,5250943.748419626,39511.21951219512,1.4127647807232089,1556469.857875889,5250517.510931378,39023.439024390245,1556812.6981893238,5251459.45695102,39023.439024390245,1557058.5178600634,5251369.985907873,39999.0,1556715.6775466285,5250428.039888233,39999.0
1557107.0281814109,5251885.694439267,39511.21951219512,1.226465092060206,1556812.6981893238,5251459.45695102,39023.439024390245,1557155.5385027586,5252401.4029706605,39023.439024390245,1557401.358173498,5252311.931927513,39999.0,1557058.5178600634,5251369.985907873,39999.0
1557449.8684948457,5252827.640458908,39511.21951219512,0.9475079361312378,1557155.5385027586,5252401.4029706605,39023.439024390245,1557498.3788161934,5253343.348990302,39023.439024390245,1557744.1984869328,5253253.877947155,39999.0,1557401.358173498,5252311.931927513,39999.0
1557792.7088082805,5253769.586478549,39511.21951219512,0.9190714603205555,1557498.3788161934,5253343.348990302,39023.439024390245,1557841.2191296283,5254285.295009943,39023.439024390245,1558087.0388003676,5254195.8239667965,39999.0,1557744.1984869328,5253253.877947155,39999.0
1558135.5491217156,5254711.532498189,39511.21951219512,1.0547831556691196,1557841.2191296283,5254285.295009943,39023.439024390245,1558184.0594430633,5255227.241029584,39023.439024390245,1558429.8791138027,5255137.769986437,39999.0,1558087.0388003676,5254195.8239667965,39999.0
1558478.3894351504,5255653.478517831,39511.21951219512,0.8567850796314535,1558184.0594430633,5255227.241029584,39023.439024390245,1558526.899756498,5256169.187049224,39023.439024390245,1558772.7194272375,5256079.716006079,39999.0,1558429.8791138027,5255137.769986437,39999.0
1558821.229748585,5256595.4245374715,39511.21951219512,0.7533511146210037,1558526.899756498,5256169.187049224,39023.439024390245,1558869.7400699328,5257111.133068865,39023.439024390245,1559115.5597406721,5257021.662025719,39999.0,1558772.7194272375,5256079.716006079,39999.0
1559164.0700620199,5257537.370557113,39511.21951219512,0.614480211933954,1558869.7400699328,5257111.133068865,39023.439024390245,1559212.5803833676,5258053.079088506,39023.439024390245,1559458.400054107,5257963.60804536,39999.0,1559115.5597406721,5257021.662025719,39999.0
1559506.9103754547,5258479.316576753,39511.21951219512,0.49719610094058114,1559212.5803833676,5258053.079088506,39023.439024390245,1559555.4206968024,5258995.025108147,39023.439024390245,1559801.2403675418,5258905.554065,39999.0,1559458.400054107,5257963.60804536,39999.0
1559849.7506888895,5259421.262596394,39511.21951219512,0.4821782892944155,1559555.4206968024,5258995.025108147,39023.439024390245,1559898.261010237,5259936.971127788,39023.439024390245,1560144.0806809766,5259847.500084641,39999.0,1559801.2403675418,5258905.554065,39999.0
1560192.5910023244,5260363.208616035,39511.21951219512,0.454974408088796,1559898.261010237,5259936.971127788,39023.439024390245,1560241.1013236719,5260878.917147429,39023.439024390245,1560486.9209944115,5260789.4461042825,39999.0,1560144.0806809766,5259847.500084641,39999.0
1560535.431315759,5261305.154635676,39511.21951219512,0.375121884920357,1560241.1013236719,5260878.917147429,39023.439024390245,1560583.9416371067,5261820.86316707,39023.439024390245,1560829.7613078463,5261731.392123923,39999.0,1560486.9209944115,5260789.4461042825,39999.0
1560878.271629194,5262247.100655317,39511.21951219512,0.37377713510792626,1560583.9416371067,5261820.86316707,39023.439024390245,1560926.7819505418,5262762.80918671,39023.439024390245,1561172.6016212811,5262673.338143564,39999.0,1560829.7613078463,5261731.392123923,39999.0
1561221.1119426289,5263189.0466749575,39511.21951219512,0.3762531981389709,1560926.7819505418,5262762.80918671,39023.439024390245,1561269.6222639764,5263704.755206351,39023.439024390245,1561515.441934716,5263615.284163205,39999.0,1561172.6016212811,5262673.338143564,39999.0
1561563.9522560637,5264130.992694599,39511.21951219512,0.3260184082134987,1561269.6222639764,5263704.755206351,39023.439024390245,1561612.4625774112,5264646.701225991,39023.439024390245,1561858.2822481508,5264557.230182846,39999.0,1561515.441934716,5263615.284163205,39999.0
1561906.7925694985,5265072.938714239,39511.21951219512,0.32311599016968146,1561612.4625774112,5264646.701225991,39023.439024390245,1561955.302890846,5265588.647245633,39023.439024390245,1562201.1225615854,5265499.176202486,39999.0,1561858.2822481508,5264557.230182846,39999.0
1562249.6328829331,5266014.884733881,39511.21951219512,0.31465695262287535,1561955.302890846,5265588.647245633,39023.439024390245,1562298.1432042809,5266530.593265274,39023.439024390245,1562543.9628750202,5266441.122222128,39999.0,1562201.1225615854,5265499.176202486,39999.0
1562592.473196368,5266956.830753521,39511.21951219512,0.23713910257005735,1562298.1432042809,5266530.593265274,39023.439024390245,1562640.9835177157,5267472.539284915,39023.439024390245,1562886.803188455,5267383.0682417685,39999.0,1562543.9628750202,5266441.122222128,39999.0
1562935.3135098026,5267898.776773161,39511.21951219512,0.20686213011119803,1562640.9835177157,5267472.539284915,39023.439024390245,1562983.8238311503,5268414.485304556,39023.439024390245,1563229.64350189,5268325.01426141,39999.0,1562886.803188455,5267383.0682417685,39999.0
1563278.1538232374,5268840.722792802,39511.21951219512,0.36992234250124295,1562983.8238311503,5268414.485304556,39023.439024390245,1563326.6641445854,5269356.431324197,39023.439024390245,1563572.4838153247,5269266.96028105,39999.0,1563229.64350189,5268325.01426141,39999.0
1563620.9941366725,5269782.668812444,39511.21951219512,0.42984962340588245,1563326.6641445854,5269356.431324197,39023.439024390245,1563669.5044580202,5270298.377343837,39023.439024390245,1563915.3241287596,5270208.906300692,39999.0,1563572.4838153247,5269266.96028105,39999.0
1563963.8344501073,5270724.614832085,39511.21951219512,0.29976255584038186,1563669.5044580202,5270298.377343837,39023.439024390245,1564012.344771455,5271240.323363478,39023.439024390245,1564258.1644421944,5271150.852320332,39999.0,1563915.3241287596,5270208.906300692,39999.0
1564306.6747635421,5271666.560851726,39511.21951219512,0.15604028629157196,1564012.344771455,5271240.323363478,39023.439024390245,1564355.1850848896,5272182.269383119,39023.439024390245,1564601.0047556292,5272092.798339973,39999.0,1564258.1644421944,5271150.852320332,39999.0
1564649.5150769767,5272608.506871367,39511.21951219512,0.09908499629596329,1564355.1850848896,5272182.269383119,39023.439024390245,1564698.0253983245,5273124.215402761,39023.439024390245,1564943.845069064,5273034.744359613,39999.0,1564601.0047556292,5272092.798339973,39999.0
1564992.3553904116,5273550.452891008,39511.21951219512,0.06784091375461593,1564698.0253983245,5273124.215402761,39023.439024390245,1565040.8657117593,5274066.161422401,39023.439024390245,1565286.6853824987,5273976.6903792545,39999.0,1564943.845069064,5273034.744359613,39999.0
1565335.1957038464,5274492.398910648,39511.21951219512,0.053742468280414644,1565040.8657117593,5274066.161422401,39023.439024390245,1565383.7060251941,5275008.107442042,39023.439024390245,1565629.5256959335,5274918.636398896,39999.0,1565286.6853824987,5273976.6903792545,39999.0
1565678.0360172812,5275434.344930288,39511.21951219512,0.03898785244537422,1565383.7060251941,5275008.107442042,39023.439024390245,1565726.5463386287,5275950.053461683,39023.439024390245,1565972.3660093683,5275860.582418536,39999.0,1565629.5256959335,5274918.636398896,39999.0
1566020.8763307163,5276376.2909499295,39511.21951219512,0.043336179209585414,1565726.5463386287,5275950.053461683,39023.439024390245,1566069.3866520638,5276891.999481323,39023.439024390245,1566315.2063228034,5276802.528438178,39999.0,1565972.3660093683,5275860.582418536,39999.0
1566363.7166441511,5277318.236969571,39511.21951219512,0.03489249496302288,1566069.3866520638,5276891.999481323,39023.439024390245,1566412.2269654986,5277833.945500964,39023.439024390245,1566658.046636238,5277744.474457818,39999.0,1566315.2063228034,5276802.528438178,39999.0
1566706.5569575857,5278260.182989212,39511.21951219512,0.018096883087944673,1566412.2269654986,5277833.945500964,39023.439024390245,1566755.0672789335,5278775.891520605,39023.439024390245,1567000.8869496728,5278686.420477459,39999.0,1566658.046636238,5277744.474457818,39999.0
1567049.3972710206,5279202.129008852,39511.21951219512,0.009297657773788784,1566755.0672789335,5278775.891520605,39023.439024390245,1567097.9075923683,5279717.837540247,39023.439024390245,1567343.7272631077,5279628.366497099,39999.0,1567000.8869496728,5278686.420477459,39999.0
1567392.2375844554,5280144.075028494,39511.21951219512,0.007545879527688239,1567097.9075923683,5279717.837540247,39023.439024390245,1567440.747905803,5280659.783559887,39023.439024390245,1567686.5675765425,5280570.312516741,39999.0,1567343.7272631077,5279628.366497099,39999.0
1567735.0778978902,5281086.021048134,39511.21951219512,0.008102775166114313,1567440.747905803,5280659.783559887,39023.439024390245,1567783.5882192377,5281601.729579528,39023.439024390245,1568029.407889977,5281512.258536382,39999.0,1567686.5675765425,5280570.312516741,39999.0
1568077.9182113248,5282027.967067775,39511.21951219512,0.012036261894120558,1567783.5882192377,5281601.729579528,39023.439024390245,1568126.4285326726,5282543.67559917,39023.439024390245,1568372.2482034122,5282454.204556023,39999.0,1568029.407889977,5281512.258536382,39999.0
1568420.75852476,5282969.913087416,39511.21951219512,0.015535151451812184,1568126.4285326726,5282543.67559917,39023.439024390245,1568469.2688461074,5283485.62161881,39023.439024390245,1568715.088516847,5283396.150575663,39999.0,1568372.2482034122,5282454.204556023,39999.0
1568763.5988381947,5283911.859107057,39511.21951219512,0.045576456681830656,1568469.2688461074,5283485.62161881,39023.439024390245,1568812.1091595425,5284427.56763845,39023.439024390245,1569057.9288302818,5284338.096595305,39999.0,1568715.088516847,5283396.150575663,39999.0
1569106.4391516293,5284853.805126698,39511.21951219512,0.06553516031072856,1568812.1091595425,5284427.56763845,39023.439024390245,1569154.949472977,5285369.513658091,39023.439024390245,1569400.7691437167,5285280.042614945,39999.0,1569057.9288302818,5284338.096595305,39999.0
1569449.2794650642,5285795.751146339,39511.21951219512,0.11389780568810626,1569154.949472977,5285369.513658091,39023.439024390245,1569497.789786412,5286311.459677733,39023.439024390245,1569743.6094571515,5286221.988634586,39999.0,1569400.7691437167,5285280.042614945,39999.0
1569792.119778499,5286737.69716598,39511.21951219512,0.1432113937134481,1569497.789786412,5286311.459677733,39023.439024390245,1569840.6300998467,5287253.405697374,39023.439024390245,1570086.449770586,5287163.9346542265,39999.0,1569743.6094571515,5286221.988634586,39999.0
1570134.9600919338,5287679.643185621,39511.21951219512,0.09039702522377221,1569840.6300998467,5287253.405697374,39023.439024390245,1570183.4704132816,5288195.351717014,39023.439024390245,1570429.290084021,5288105.880673869,39999.0,1570086.449770586,5287163.9346542265,39999.0
1570477.8004053687,5288621.589205261,39511.21951219512,0.10811921474169342,1570183.4704132816,5288195.351717014,39023.439024390245,1570526.3107267164,5289137.297736656,39023.439024390245,1570772.1303974558,5289047.826693509,39999.0,1570429.290084021,5288105.880673869,39999.0
1570820.6407188035,5289563.535224902,39511.21951219512,0.19108774442735918,1570526.3107267164,5289137.297736656,39023.439024390245,1570869.151040151,5290079.243756296,39023.439024390245,1571114.9707108906,5289989.77271315,39999.0,1570772.1303974558,5289047.826693509,39999.0
1571163.4810322383,5290505.481244544,39511.21951219512,0.32251950655603717,1570869.151040151,5290079.243756296,39023.439024390245,1571211.991353586,5291021.189775937,39023.439024390245,1571457.8110243257,5290931.718732791,39999.0,1571114.9707108906,5289989.77271315,39999.0
1571506.3213456732,5291447.427264184,39511.21951219512,0.40642269858721686,1571211.991353586,5291021.189775937,39023.439024390245,1571554.831667021,5291963.135795577,39023.439024390245,1571800.6513377603,5291873.664752432,39999.0,1571457.8110243257,5290931.718732791,39999.0
1571849.161659108,5292389.373283825,39511.21951219512,0.5127910156185186,1571554.831667021,5291963.135795577,39023.439024390245,1571897.6719804558,5292905.0818152195,39023.439024390245,1572143.491651195,5292815.610772072,39999.0,1571800.6513377603,5291873.664752432,39999.0
1572192.0019725428,5293331.319303466,39511.21951219512,0.755629692721354,1571897.6719804558,5292905.0818152195,39023.439024390245,1572240.5122938904,5293847.02783486,39023.439024390245,1572486.33196463,5293757.556791713,39999.0,1572143.491651195,5292815.610772072,39999.0
1572534.8422859777,5294273.265323107,39511.21951219512,0.8230193199601709,1572240.5122938904,5293847.02783486,39023.439024390245,1572583.3526073252,5294788.973854501,39023.439024390245,1572829.1722780648,5294699.502811355,39999.0,1572486.33196463,5293757.556791713,39999.0
1572877.6825994123,5295215.211342747,39511.21951219512,0.729297598955653,1572583.3526073252,5294788.973854501,39023.439024390245,1572926.19292076,5295730.919874141,39023.439024390245,1573172.0125914994,5295641.448830995,39999.0,1572829.1722780648,5294699.502811355,39999.0
1573220.522912847,5296157.157362388,39511.21951219512,0.7356402092054574,1572926.19292076,5295730.919874141,39023.439024390245,1573269.0332341949,5296672.865893783,39023.439024390245,1573514.8529049342,5296583.394850636,39999.0,1573172.0125914994,5295641.448830995,39999.0
1573563.363226282,5297099.1033820305,39511.21951219512,1.0530950199751317,1573269.0332341949,5296672.865893783,39023.439024390245,1573611.8735476295,5297614.811913423,39023.439024390245,1573857.693218369,5297525.340870276,39999.0,1573514.8529049342,5296583.394850636,39999.0
1573906.203539717,5298041.049401671,39511.21951219512,0.8346824362168314,1573611.8735476295,5297614.811913423,39023.439024390245,1573954.7138610645,5298556.757933063,39023.439024390245,1574200.533531804,5298467.286889918,39999.0,1573857.693218369,5297525.340870276,39999.0
1574249.0438531518,5298982.995421311,39511.21951219512,0.8078994108966494,1573954.7138610645,5298556.757933063,39023.439024390245,1574297.5541744994,5299498.703952705,39023.439024390245,1574543.3738452387,5299409.232909558,39999.0,1574200.533531804,5298467.286889918,39999.0
1574591.8841665864,5299924.941440951,39511.21951219512,0.9937977171573437,1574297.5541744994,5299498.703952705,39023.439024390245,1574640.3944879342,5300440.649972346,39023.439024390245,1574886.2141586735,5300351.178929199,39999.0,1574543.3738452387,5299409.232909558,39999.0
1574934.7244800213,5300866.887460593,39511.21951219512,1.1844088769012542,1574640.3944879342,5300440.649972346,39023.439024390245,1574983.234801369,5301382.595991987,39023.439024390245,1575229.0544721084,5301293.124948841,39999.0,1574886.2141586735,5300351.178929199,39999.0
1575277.5647934559,5301808.833480234,39511.21951219512,1.4891203048574821,1574983.234801369,5301382.595991987,39023.439024390245,1575326.0751148036,5302324.542011627,39023.439024390245,1575571.8947855432,5302235.070968482,39999.0,1575229.0544721084,5301293.124948841,39999.0
1575620.4051068907,5302750.779499874,39511.21951219512,1.7918023899918971,1575326.0751148036,5302324.542011627,39023.439024390245,1575668.9154282385,5303266.488031269,39023.439024390245,1575914.735098978,5303177.016988122,39999.0,1575571.8947855432,5302235.070968482,39999.0
1575963.2454203255,5303692.725519516,39511.21951219512,2.009090100751977,1575668.9154282385,5303266.488031269,39023.439024390245,1576011.7557416733,5304208.434050909,39023.439024390245,1576257.5754124126,5304118.963007763,39999.0,1575914.735098978,5303177.016988122,39999.0
1576306.0857337604,5304634.671539157,39511.21951219512,2.771440599311657,1576011.7557416733,5304208.434050909,39023.439024390245,1576354.5960551081,5305150.38007055,39023.439024390245,1576600.4157258477,5305060.909027404,39999.0,1576257.5754124126,5304118.963007763,39999.0
1576648.9260471954,5305576.617558798,39511.21951219512,3.4164302303710707,1576354.5960551081,5305150.38007055,39023.439024390245,1576697.436368543,5306092.326090191,39023.439024390245,1576943.2560392825,5306002.855047045,39999.0,1576600.4157258477,5305060.909027404,39999.0
1576991.76636063,5306518.563578438,39511.21951219512,3.302596882594883,1576697.436368543,5306092.326090191,39023.439024390245,1577040.2766819778,5307034.272109833,39023.439024390245,1577286.0963527174,5306944.8010666855,39999.0,1576943.2560392825,5306002.855047045,39999.0
1577334.6066740649,5307460.509598079,39511.21951219512,3.57408604043055,1577040.2766819778,5307034.272109833,39023.439024390245,1577383.1169954126,5307976.218129473,39023.439024390245,1577628.936666152,5307886.747086327,39999.0,1577286.0963527174,5306944.8010666855,39999.0
1577677.4469874997,5308402.45561772,39511.21951219512,3.933386211088392,1577383.1169954126,5307976.218129473,39023.439024390245,1577725.9573088475,5308918.164149114,39023.439024390245,1577971.7769795868,5308828.693105968,39999.0,1577628.936666152,5307886.747086327,39999.0
1578020.2873009345,5309344.401637361,39511.21951219512,4.090104071619541,1577725.9573088475,5308918.164149114,39023.439024390245,1578068.797622282,5309860.110168754,39023.439024390245,1578314.6172930216,5309770.639125609,39999.0,1577971.7769795868,5308828.693105968,39999.0
1578363.1276143694,5310286.347657002,39511.21951219512,3.5446494534909334,1578068.797622282,5309860.110168754,39023.439024390245,1578411.637935717,5310802.056188396,39023.439024390245,1578657.4576064565,5310712.585145249,39999.0,1578314.6172930216,5309770.639125609,39999.0
1578705.9679278042,5311228.293676643,39511.21951219512,2.9677049405155023,1578411.637935717,5310802.056188396,39023.439024390245,1578754.4782491517,5311744.002208036,39023.439024390245,1579000.297919891,5311654.53116489,39999.0,1578657.4576064565,5310712.585145249,39999.0
1579048.8082412388,5312170.239696284,39511.21951219512,3.4134083359950997,1578754.4782491517,5311744.002208036,39023.439024390245,1579097.3185625868,5312685.9482276775,39023.439024390245,1579343.1382333261,5312596.477184531,39999.0,1579000.297919891,5311654.53116489,39999.0
1579391.648554674,5313112.185715925,39511.21951219512,3.502358019555017,1579097.3185625868,5312685.9482276775,39023.439024390245,1579440.1588760216,5313627.894247319,39023.439024390245,1579685.978546761,5313538.4232041715,39999.0,1579343.1382333261,5312596.477184531,39999.0
1579734.4888681087,5314054.131735565,39511.21951219512,4.005972796450705,1579440.1588760216,5313627.894247319,39023.439024390245,1579782.9991894565,5314569.84026696,39023.439024390245,1580028.8188601958,5314480.369223813,39999.0,1579685.978546761,5313538.4232041715,39999.0
1580077.3291815436,5314996.077755206,39511.21951219512,4.439861626969261,1579782.9991894565,5314569.84026696,39023.439024390245,1580125.839502891,5315511.7862866,39023.439024390245,1580371.6591736306,5315422.315243455,39999.0,1580028.8188601958,5314480.369223813,39999.0
1580420.1694949784,5315938.023774847,39511.21951219512,4.959064386303273,1580125.839502891,5315511.7862866,39023.439024390245,1580468.679816326,5316453.732306241,39023.439024390245,1580714.4994870655,5316364.261263095,39999.0,1580371.6591736306,5315422.315243455,39999.0
1580763.0098084132,5316879.9697944885,39511.21951219512,6.46183451477196,1580468.679816326,5316453.732306241,39023.439024390245,1580811.5201297607,5317395.678325882,39023.439024390245,1581057.3398005,5317306.207282736,39999.0,1580714.4994870655,5316364.261263095,39999.0
1581105.8501218478,5317821.91581413,39511.21951219512,6.643578737570602,1580811.5201297607,5317395.678325882,39023.439024390245,1581154.3604431956,5318337.624345523,39023.439024390245,1581400.180113935,5318248.153302376,39999.0,1581057.3398005,5317306.207282736,39999.0
1581448.6904352824,5318763.86183377,39511.21951219512,6.386653766361772,1581154.3604431956,5318337.624345523,39023.439024390245,1581497.2007566302,5319279.5703651635,39023.439024390245,1581743.0204273697,5319190.099322017,39999.0,1581400.180113935,5318248.153302376,39999.0
1581791.5307487175,5319705.807853411,39511.21951219512,5.385868172274808,1581497.2007566302,5319279.5703651635,39023.439024390245,1581840.0410700652,5320221.516384805,39023.439024390245,1582085.8607408048,5320132.045341658,39999.0,1581743.0204273697,5319190.099322017,39999.0
1582134.3710621523,5320647.753873052,39511.21951219512,5.117245384465108,1581840.0410700652,5320221.516384805,39023.439024390245,1582182.8813835,5321163.462404446,39023.439024390245,1582428.7010542394,5321073.991361299,39999.0,1582085.8607408048,5320132.045341658,39999.0
1582477.2113755872,5321589.699892693,39511.21951219512,6.242258025952341,1582182.8813835,5321163.462404446,39023.439024390245,1582525.721696935,5322105.408424086,39023.439024390245,1582771.5413676742,5322015.93738094,39999.0,1582428.7010542394,5321073.991361299,39999.0
1582820.051689022,5322531.645912333,39511.21951219512,6.476463715235547,1582525.721696935,5322105.408424086,39023.439024390245,1582868.5620103697,5323047.354443727,39023.439024390245,1583114.381681109,5322957.883400581,39999.0,1582771.5413676742,5322015.93738094,39999.0
1583162.8920024568,5323473.591931974,39511.21951219512,6.283465959498534,1582868.5620103697,5323047.354443727,39023.439024390245,1583211.4023238043,5323989.300463368,39023.439024390245,1583457.221994544,5323899.829420222,39999.0,1583114.381681109,5322957.883400581,39999.0
1583505.7323158917,5324415.537951615,39511.21951219512,5.9084746161434625,1583211.4023238043,5323989.300463368,39023.439024390245,1583554.2426372392,5324931.246483009,39023.439024390245,1583800.0623079787,5324841.775439862,39999.0,1583457.221994544,5323899.829420222,39999.0
1583848.5726293263,5325357.483971257,39511.21951219512,4.848656630051014,1583554.2426372392,5324931.246483009,39023.439024390245,1583897.082950674,5325873.1925026495,39023.439024390245,1584142.9026214133,5325783.721459504,39999.0,1583800.0623079787,5324841.775439862,39999.0
1584191.412942761,5326299.429990897,39511.21951219512,4.569063233035084,1583897.082950674,5325873.1925026495,39023.439024390245,1584239.9232641088,5326815.138522291,39023.439024390245,1584485.7429348484,5326725.667479144,39999.0,1584142.9026214133,5325783.721459504,39999.0
1584534.2532561962,5327241.376010538,39511.21951219512,5.125698586394632,1584239.9232641088,5326815.138522291,39023.439024390245,1584582.7635775437,5327757.084541932,39023.439024390245,1584828.5832482832,5327667.6134987855,39999.0,1584485.7429348484,5326725.667479144,39999.0
1584877.093569631,5328183.322030178,39511.21951219512,5.327744872989571,1584582.7635775437,5327757.084541932,39023.439024390245,1584925.6038909785,5328699.030561573,39023.439024390245,1585171.423561718,5328609.559518426,39999.0,1584828.5832482832,5327667.6134987855,39999.0
1585219.9338830656,5329125.26804982,39511.21951219512,5.4847371450756475,1584925.6038909785,5328699.030561573,39023.439024390245,1585268.4442044133,5329640.976581213,39023.439024390245,1585514.2638751527,5329551.505538068,39999.0,1585171.423561718,5328609.559518426,39999.0
1585562.7741965004,5330067.2140694605,39511.21951219512,5.209806848212318,1585268.4442044133,5329640.976581213,39023.439024390245,1585611.2845178482,5330582.922600854,39023.439024390245,1585857.1041885875,5330493.451557708,39999.0,1585514.2638751527,5329551.505538068,39999.0
1585905.6145099353,5331009.160089101,39511.21951219512,5.243491697759755,1585611.2845178482,5330582.922600854,39023.439024390245,1585954.124831283,5331524.868620495,39023.439024390245,1586199.9445020224,5331435.397577349,39999.0,1585857.1041885875,5330493.451557708,39999.0
1586248.45482337,5331951.106108743,39511.21951219512,5.255144595573395,1585954.124831283,5331524.868620495,39023.439024390245,1586296.9651447176,5332466.814640136,39023.439024390245,1586542.7848154572,5332377.343596989,39999.0,1586199.9445020224,5331435.397577349,39999.0
1586591.295136805,5332893.052128384,39511.21951219512,6.373302525560598,1586296.9651447176,5332466.814640136,39023.439024390245,1586639.8054581524,5333408.760659777,39023.439024390245,1586885.6251288918,5333319.28961663,39999.0,1586542.7848154572,5332377.343596989,39999.0
1586934.1354502395,5333834.998148024,39511.21951219512,7.904076759993211,1586639.8054581524,5333408.760659777,39023.439024390245,1586982.6457715875,5334350.706679418,39023.439024390245,1587228.4654423269,5334261.235636272,39999.0,1586885.6251288918,5333319.28961663,39999.0
1587276.9757636746,5334776.944167664,39511.21951219512,8.273887969990023,1586982.6457715875,5334350.706679418,39023.439024390245,1587325.4860850223,5335292.652699059,39023.439024390245,1587571.3057557617,5335203.181655912,39999.0,1587228.4654423269,5334261.235636272,39999.0
1587619.8160771092,5335718.890187306,39511.21951219512,8.684655373412655,1587325.4860850223,5335292.652699059,39023.439024390245,1587668.326398457,5336234.598718699,39023.439024390245,1587914.1460691965,5336145.127675554,39999.0,1587571.3057557617,5335203.181655912,39999.0
1587962.656390544,5336660.8362069465,39511.21951219512,9.827094956227777,1587668.326398457,5336234.598718699,39023.439024390245,1588011.1667118918,5337176.54473834,39023.439024390245,1588256.9863826314,5337087.073695194,39999.0,1587914.1460691965,5336145.127675554,39999.0
1588305.4967039789,5337602.782226588,39511.21951219512,10.560920312706411,1588011.1667118918,5337176.54473834,39023.439024390245,1588354.0070253266,5338118.490757981,39023.439024390245,1588599.826696066,5338029.019714835,39999.0,1588256.9863826314,5337087.073695194,39999.0
1588648.3370174137,5338544.728246228,39511.21951219512,9.546802329966221,1588354.0070253266,5338118.490757981,39023.439024390245,1588696.8473387614,5339060.436777622,39023.439024390245,1588942.6670095008,5338970.965734475,39999.0,1588599.826696066,5338029.019714835,39999.0
1588991.1773308485,5339486.674265869,39511.21951219512,11.090817928351035,1588696.8473387614,5339060.436777622,39023.439024390245,1589039.687652196,5340002.382797263,39023.439024390245,1589285.5073229356,5339912.911754117,39999.0,1588942.6670095008,5338970.965734475,39999.0
1589334.0176442831,5340428.62028551,39511.21951219512,13.123585493841276,1589039.687652196,5340002.382797263,39023.439024390245,1589382.5279656309,5340944.328816904,39023.439024390245,1589628.3476363705,5340854.857773758,39999.0,1589285.5073229356,5339912.911754117,39999.0
1589676.8579577182,5341370.566305151,39511.21951219512,13.875261310272371,1589382.5279656309,5340944.328816904,39023.439024390245,1589725.368279066,5341886.274836545,39023.439024390245,1589971.1879498055,5341796.803793399,39999.0,1589628.3476363705,5340854.857773758,39999.0
1590019.698271153,5342312.512324792,39511.21951219512,11.801506040452876,1589725.368279066,5341886.274836545,39023.439024390245,1590068.2085925008,5342828.220856186,39023.439024390245,1590314.0282632404,5342738.749813039,39999.0,1589971.1879498055,5341796.803793399,39999.0
1590362.5385845879,5343254.458344433,39511.21951219512,11.00905743658341,1590068.2085925008,5342828.220856186,39023.439024390245,1590411.0489059356,5343770.166875826,39023.439024390245,1590656.868576675,5343680.695832681,39999.0,1590314.0282632404,5342738.749813039,39999.0
1590705.3788980227,5344196.404364074,39511.21951219512,13.224026126590744,1590411.0489059356,5343770.166875826,39023.439024390245,1590753.8892193704,5344712.112895467,39023.439024390245,1590999.7088901098,5344622.641852321,39999.0,1590656.868576675,5343680.695832681,39999.0
1591048.2192114575,5345138.350383715,39511.21951219512,13.424015644806387,1590753.8892193704,5344712.112895467,39023.439024390245,1591096.729532805,5345654.058915108,39023.439024390245,1591342.5492035446,5345564.587871962,39999.0,1590999.7088901098,5344622.641852321,39999.0
1591391.0595248924,5346080.296403356,39511.21951219512,13.36917775126557,1591096.729532805,5345654.058915108,39023.439024390245,1591439.5698462399,5346596.00493475,39023.439024390245,1591685.3895169795,5346506.533891603,39999.0,1591342.5492035446,5345564.587871962,39999.0
1591733.8998383272,5347022.242422996,39511.21951219512,12.247192446345288,1591439.5698462399,5346596.00493475,39023.439024390245,1591782.4101596747,5347537.95095439,39023.439024390245,1592028.229830414,5347448.4799112445,39999.0,1591685.3895169795,5346506.533891603,39999.0
1592076.7401517618,5347964.188442637,39511.21951219512,10.590382237403178,1591782.4101596747,5347537.95095439,39023.439024390245,1592125.2504731095,5348479.896974032,39023.439024390245,1592371.0701438491,5348390.425930885,39999.0,1592028.229830414,5347448.4799112445,39999.0
1592419.5804651969,5348906.134462278,39511.21951219512,9.747825248569486,1592125.2504731095,5348479.896974032,39023.439024390245,1592468.0907865444,5349421.842993672,39023.439024390245,1592713.910457284,5349332.371950526,39999.0,1592371.0701438491,5348390.425930885,39999.0
1592762.4207786317,5349848.080481919,39511.21951219512,8.721038015181527,1592468.0907865444,5349421.842993672,39023.439024390245,1592810.9310999792,5350363.789013313,39023.439024390245,1593056.7507707188,5350274.317970167,39999.0,1592713.910457284,5349332.371950526,39999.0
1593105.2610920665,5350790.026501561,39511.21951219512,7.370773505491823,1592810.9310999792,5350363.789013313,39023.439024390245,1593153.771413414,5351305.735032953,39023.439024390245,1593399.5910841534,5351216.263989808,39999.0,1593056.7507707188,5350274.317970167,39999.0
1593448.1014055011,5351731.972521201,39511.21951219512,6.177026950825643,1593153.771413414,5351305.735032953,39023.439024390245,1593496.6117268489,5352247.681052595,39023.439024390245,1593742.4313975882,5352158.210009448,39999.0,1593399.5910841534,5351216.263989808,39999.0
1593790.941718936,5352673.918540842,39511.21951219512,5.30443853426833,1593496.6117268489,5352247.681052595,39023.439024390245,1593839.4520402837,5353189.627072236,39023.439024390245,1594085.271711023,5353100.156029089,39999.0,1593742.4313975882,5352158.210009448,39999.0
1594133.7820323706,5353615.864560483,39511.21951219512,5.382703966377139,1593839.4520402837,5353189.627072236,39023.439024390245,1594182.2923537183,5354131.573091877,39023.439024390245,1594428.112024458,5354042.1020487305,39999.0,1594085.271711023,5353100.156029089,39999.0
1594476.6223458054,5354557.810580123,39511.21951219512,4.151177327649754,1594182.2923537183,5354131.573091877,39023.439024390245,1594525.1326671531,5355073.519111517,39023.439024390245,1594770.9523378925,5354984.048068371,39999.0,1594428.112024458,5354042.1020487305,39999.0
1594819.4626592402,5355499.756599764,39511.21951219512,3.1600502111567037,1594525.1326671531,5355073.519111517,39023.439024390245,1594867.9729805882,5356015.465131159,39023.439024390245,1595113.7926513276,5355925.994088012,39999.0,1594770.9523378925,5354984.048068371,39999.0
1595162.3029726753,5356441.702619406,39511.21951219512,2.900680923733341,1594867.9729805882,5356015.465131159,39023.439024390245,1595210.813294023,5356957.411150799,39023.439024390245,1595456.6329647624,5356867.940107652,39999.0,1595113.7926513276,5355925.994088012,39999.0
1595505.1432861101,5357383.648639047,39511.21951219512,2.5414470655135117,1595210.813294023,5356957.411150799,39023.439024390245,1595553.6536074576,5357899.357170439,39023.439024390245,1595799.4732781972,5357809.886127294,39999.0,1595456.6329647624,5356867.940107652,39999.0
1595847.983599545,5358325.594658687,39511.21951219512,2.2753798322518874,1595553.6536074576,5357899.357170439,39023.439024390245,1595896.4939208925,5358841.30319008,39023.439024390245,1596142.313591632,5358751.832146934,39999.0,1595799.4732781972,5357809.886127294,39999.0
1596190.8239129796,5359267.540678328,39511.21951219512,2.4383543084571473,1595896.4939208925,5358841.30319008,39023.439024390245,1596239.3342343273,5359783.249209722,39023.439024390245,1596485.1539050667,5359693.778166575,39999.0,1596142.313591632,5358751.832146934,39999.0
1596533.6642264144,5360209.486697969,39511.21951219512,2.8206416042463225,1596239.3342343273,5359783.249209722,39023.439024390245,1596582.1745477621,5360725.195229363,39023.439024390245,1596827.9942185015,5360635.7241862165,39999.0,1596485.1539050667,5359693.778166575,39999.0
1596876.5045398492,5361151.43271761,39511.21951219512,2.573217096371843,1596582.1745477621,5360725.195229363,39023.439024390245,1596925.0148611967,5361667.141249003,39023.439024390245,1597170.8345319363,5361577.670205858,39999.0,1596827.9942185015,5360635.7241862165,39999.0
1597219.344853284,5362093.37873725,39511.21951219512,2.2471329274300427,1596925.0148611967,5361667.141249003,39023.439024390245,1597267.8551746316,5362609.087268645,39023.439024390245,1597513.6748453712,5362519.616225498,39999.0,1597170.8345319363,5361577.670205858,39999.0
1597562.185166719,5363035.324756891,39511.21951219512,2.212116482228945,1597267.8551746316,5362609.087268645,39023.439024390245,1597610.6954880666,5363551.033288285,39023.439024390245,1597856.515158806,5363461.562245139,39999.0,1597513.6748453712,5362519.616225498,39999.0
1597905.0254801537,5363977.270776533,39511.21951219512,2.73670176114608,1597610.6954880666,5363551.033288285,39023.439024390245,1597953.5358015015,5364492.979307926,39023.439024390245,1598199.3554722408,5364403.50826478,39999.0,1597856.515158806,5363461.562245139,39999.0
1598247.8657935886,5364919.216796174,39511.21951219512,2.701394972713471,1597953.5358015015,5364492.979307926,39023.439024390245,1598296.3761149363,5365434.925327566,39023.439024390245,1598542.1957856757,5365345.454284421,39999.0,1598199.3554722408,5364403.50826478,39999.0
1598590.7061070234,5365861.162815814,39511.21951219512,3.6328092971582016,1598296.3761149363,5365434.925327566,39023.439024390245,1598639.216428371,5366376.8713472085,39023.439024390245,1598885.0360991105,5366287.400304061,39999.0,1598542.1957856757,5365345.454284421,39999.0
1598933.5464204582,5366803.108835456,39511.21951219512,3.4424604851105878,1598639.216428371,5366376.8713472085,39023.439024390245,1598982.0567418057,5367318.817366849,39023.439024390245,1599227.876412545,5367229.3463237025,39999.0,1598885.0360991105,5366287.400304061,39999.0
1599276.3867338928,5367745.054855096,39511.21951219512,3.1219365585588257,1598982.0567418057,5367318.817366849,39023.439024390245,1599324.8970552406,5368260.76338649,39023.439024390245,1599570.71672598,5368171.292343344,39999.0,1599227.876412545,5367229.3463237025,39999.0
1599619.2270473277,5368687.000874737,39511.21951219512,3.7895454250076086,1599324.8970552406,5368260.76338649,39023.439024390245,1599667.7373686754,5369202.70940613,39023.439024390245,1599913.5570394148,5369113.238362984,39999.0,1599570.71672598,5368171.292343344,39999.0
1599962.0673607623,5369628.9468943775,39511.21951219512,3.287820696334256,1599667.7373686754,5369202.70940613,39023.439024390245,1600010.57768211,5370144.655425772,39023.439024390245,1600256.3973528498,5370055.184382625,39999.0,1599913.5570394148,5369113.238362984,39999.0
1600304.9076741973,5370570.892914019,39511.21951219512,2.581492191875667,1600010.57768211,5370144.655425772,39023.439024390245,1600353.417995545,5371086.601445412,39023.439024390245,1600599.2376662847,5370997.130402266,39999.0,1600256.3973528498,5370055.184382625,39999.0
1600647.7479876322,5371512.838933659,39511.21951219512,2.187332067207324,1600353.417995545,5371086.601445412,39023.439024390245,1600696.25830898,5372028.547465052,39023.439024390245,1600942.0779797193,5371939.076421907,39999.0,1600599.2376662847,5370997.130402266,39999.0
1600990.588301067,5372454.7849533,39511.21951219512,1.7632029927019126,1600696.25830898,5372028.547465052,39023.439024390245,1601039.0986224147,5372970.4934846945,39023.439024390245,1601284.918293154,5372881.022441547,39999.0,1600942.0779797193,5371939.076421907,39999.0
1601333.4286145018,5373396.730972941,39511.21951219512,1.360627967899861,1601039.0986224147,5372970.4934846945,39023.439024390245,1601381.9389358493,5373912.439504335,39023.439024390245,1601627.758606589,5373822.9684611885,39999.0,1601284.918293154,5372881.022441547,39999.0
1601676.2689279364,5374338.676992582,39511.21951219512,0.9184704552141415,1601381.9389358493,5373912.439504335,39023.439024390245,1601724.7792492842,5374854.385523976,39023.439024390245,1601970.5989200238,5374764.91448083,39999.0,1601627.758606589,5373822.9684611885,39999.0
1602019.1092413713,5375280.623012223,39511.21951219512,0.7388564821695353,1601724.7792492842,5374854.385523976,39023.439024390245,1602067.619562719,5375796.331543617,39023.439024390245,1602313.4392334586,5375706.860500471,39999.0,1601970.5989200238,5374764.91448083,39999.0
1602361.949554806,5376222.569031864,39511.21951219512,0.8328558983551103,1602067.619562719,5375796.331543617,39023.439024390245,1602410.4598761539,5376738.277563258,39023.439024390245,1602656.2795468934,5376648.806520111,39999.0,1602313.4392334586,5375706.860500471,39999.0
1602704.789868241,5377164.5150515055,39511.21951219512,0.8428118660241654,1602410.4598761539,5376738.277563258,39023.439024390245,1602753.3001895887,5377680.223582899,39023.439024390245,1602999.1198603283,5377590.752539752,39999.0,1602656.2795468934,5376648.806520111,39999.0
1603047.630181676,5378106.461071146,39511.21951219512,0.6254162727161824,1602753.3001895887,5377680.223582899,39023.439024390245,1603096.1405030238,5378622.169602539,39023.439024390245,1603341.960173763,5378532.698559393,39999.0,1602999.1198603283,5377590.752539752,39999.0
1603390.4704951108,5379048.407090786,39511.21951219512,0.47434774343382824,1603096.1405030238,5378622.169602539,39023.439024390245,1603438.9808164584,5379564.11562218,39023.439024390245,1603684.800487198,5379474.644579034,39999.0,1603341.960173763,5378532.698559393,39999.0
1603733.3108085457,5379990.353110427,39511.21951219512,0.4262040043080418,1603438.9808164584,5379564.11562218,39023.439024390245,1603781.8211298932,5380506.061641822,39023.439024390245,1604027.6408006328,5380416.5905986745,39999.0,1603684.800487198,5379474.644579034,39999.0
