clon,clat,cdep,slip,lon1,lat1,dep1,lon2,lat2,dep2,lon3,lat3,dep3,lon4,lat4,dep4
1561816.731101876,5298491.919500173,14559.139226826648,0.5059475067062444,1561483.7359481219,5298093.189748412,14061.71049755824,1561908.1306535997,5299003.307131337,14061.71049755824,1562149.72625563,5298890.649251933,15056.567956095056,1561725.331550152,5297980.531869009,15056.567956095056
1562241.125807354,5299402.036883099,14559.139226826648,0.9273780844498595,1561908.1306535997,5299003.307131337,14061.71049755824,1562332.5253590776,5299913.424514262,14061.71049755824,1562574.1209611078,5299800.766634858,15056.567956095056,1562149.72625563,5298890.649251933,15056.567956095056
1562665.5205128319,5300312.154266023,14559.139226826648,0.8101746933568507,1562332.5253590776,5299913.424514262,14061.71049755824,1562756.9200645557,5300823.541897187,14061.71049755824,1562998.5156665859,5300710.884017784,15056.567956095056,1562574.1209611078,5299800.766634858,15056.567956095056
1563089.9152183097,5301222.271648948,14559.139226826648,0.7483047164289416,1562756.9200645557,5300823.541897187,14061.71049755824,1563181.3147700334,5301733.659280112,14061.71049755824,1563422.9103720638,5301621.001400709,15056.567956095056,1562998.5156665859,5300710.884017784,15056.567956095056
1563514.3099237874,5302132.389031873,14559.139226826648,0.5682958217686582,1563181.3147700334,5301733.659280112,14061.71049755824,1563605.7094755112,5302643.776663037,14061.71049755824,1563847.3050775414,5302531.118783633,15056.567956095056,1563422.9103720638,5301621.001400709,15056.567956095056
1563938.7046292655,5303042.506414798,14559.139226826648,0.4783214502450479,1563605.7094755112,5302643.776663037,14061.71049755824,1564030.1041809893,5303553.894045962,14061.71049755824,1564271.6997830195,5303441.236166559,15056.567956095056,1563847.3050775414,5302531.118783633,15056.567956095056
1564363.0993347433,5303952.623797722,14559.139226826648,0.7557733286781819,1564030.1041809893,5303553.894045962,14061.71049755824,1564454.4988864672,5304464.011428887,14061.71049755824,1564696.0944884974,5304351.353549484,15056.567956095056,1564271.6997830195,5303441.236166559,15056.567956095056
1564787.4940402214,5304862.741180647,14559.139226826648,0.9742426983017796,1564454.4988864672,5304464.011428887,14061.71049755824,1564878.893591945,5305374.128811812,14061.71049755824,1565120.4891939755,5305261.470932409,15056.567956095056,1564696.0944884974,5304351.353549484,15056.567956095056
1565211.888745699,5305772.858563572,14559.139226826648,0.6671464617164904,1564878.893591945,5305374.128811812,14061.71049755824,1565303.288297423,5306284.246194737,14061.71049755824,1565544.8838994533,5306171.588315334,15056.567956095056,1565120.4891939755,5305261.470932409,15056.567956095056
1565636.2834511772,5306682.975946498,14559.139226826648,1.8077140869042934,1565303.288297423,5306284.246194737,14061.71049755824,1565727.6830029008,5307194.363577661,14061.71049755824,1565969.2786049312,5307081.705698258,15056.567956095056,1565544.8838994533,5306171.588315334,15056.567956095056
1566060.6781566548,5307593.093329422,14559.139226826648,2.71311251023703,1565727.6830029008,5307194.363577661,14061.71049755824,1566152.077708379,5308104.480960586,14061.71049755824,1566393.673310409,5307991.823081183,15056.567956095056,1565969.2786049312,5307081.705698258,15056.567956095056
1566485.072862133,5308503.210712347,14559.139226826648,2.2027080841812325,1566152.077708379,5308104.480960586,14061.71049755824,1566576.4724138568,5309014.598343511,14061.71049755824,1566818.068015887,5308901.940464108,15056.567956095056,1566393.673310409,5307991.823081183,15056.567956095056
1566909.4675676106,5309413.328095272,14559.139226826648,1.3053685437623552,1566576.4724138568,5309014.598343511,14061.71049755824,1567000.8671193346,5309924.715726436,14061.71049755824,1567242.4627213648,5309812.057847033,15056.567956095056,1566818.068015887,5308901.940464108,15056.567956095056
1567333.8622730887,5310323.445478198,14559.139226826648,0.5057957783849566,1567000.8671193346,5309924.715726436,14061.71049755824,1567425.2618248125,5310834.833109361,14061.71049755824,1567666.8574268427,5310722.175229958,15056.567956095056,1567242.4627213648,5309812.057847033,15056.567956095056
1567758.2569785663,5311233.562861122,14559.139226826648,0.5793568873335041,1567425.2618248125,5310834.833109361,14061.71049755824,1567849.6565302904,5311744.950492286,14061.71049755824,1568091.2521323208,5311632.292612883,15056.567956095056,1567666.8574268427,5310722.175229958,15056.567956095056
1568182.6516840444,5312143.680244046,14559.139226826648,0.582126506424512,1567849.6565302904,5311744.950492286,14061.71049755824,1568274.0512357682,5312655.067875211,14061.71049755824,1568515.6468377984,5312542.409995808,15056.567956095056,1568091.2521323208,5311632.292612883,15056.567956095056
1568607.046389522,5313053.797626971,14559.139226826648,0.8489800888370388,1568274.0512357682,5312655.067875211,14061.71049755824,1568698.445941246,5313565.185258136,14061.71049755824,1568940.0415432763,5313452.527378733,15056.567956095056,1568515.6468377984,5312542.409995808,15056.567956095056
1569031.4410950001,5313963.915009897,14559.139226826648,1.2388014022098042,1568698.445941246,5313565.185258136,14061.71049755824,1569122.840646724,5314475.302641061,14061.71049755824,1569364.4362487544,5314362.644761658,15056.567956095056,1568940.0415432763,5313452.527378733,15056.567956095056
1569455.8358004782,5314874.032392821,14559.139226826648,1.68599289795365,1569122.840646724,5314475.302641061,14061.71049755824,1569547.235352202,5315385.420023987,14061.71049755824,1569788.8309542323,5315272.762144583,15056.567956095056,1569364.4362487544,5314362.644761658,15056.567956095056
1569880.230505956,5315784.149775747,14559.139226826648,1.3222902389574398,1569547.235352202,5315385.420023987,14061.71049755824,1569971.6300576797,5316295.537406911,14061.71049755824,1570213.2256597101,5316182.879527507,15056.567956095056,1569788.8309542323,5315272.762144583,15056.567956095056
1570304.625211434,5316694.267158672,14559.139226826648,1.01646810478319,1569971.6300576797,5316295.537406911,14061.71049755824,1570396.0247631576,5317205.654789835,14061.71049755824,1570637.620365188,5317092.996910432,15056.567956095056,1570213.2256597101,5316182.879527507,15056.567956095056
1570729.0199169118,5317604.384541597,14559.139226826648,1.0041436550636256,1570396.0247631576,5317205.654789835,14061.71049755824,1570820.4194686357,5318115.772172761,14061.71049755824,1571062.0150706659,5318003.114293357,15056.567956095056,1570637.620365188,5317092.996910432,15056.567956095056
1571153.41462239,5318514.501924523,14559.139226826648,1.1483365986394432,1570820.4194686357,5318115.772172761,14061.71049755824,1571244.8141741136,5319025.889555686,14061.71049755824,1571486.4097761437,5318913.231676282,15056.567956095056,1571062.0150706659,5318003.114293357,15056.567956095056
1571577.8093278678,5319424.619307447,14559.139226826648,1.0729773102003932,1571244.8141741136,5319025.889555686,14061.71049755824,1571669.2088795914,5319936.006938611,14061.71049755824,1571910.8044816216,5319823.349059207,15056.567956095056,1571486.4097761437,5318913.231676282,15056.567956095056
1572002.2040333457,5320334.736690371,14559.139226826648,0.7726373768259793,1571669.2088795914,5319936.006938611,14061.71049755824,1572093.6035850693,5320846.124321536,14061.71049755824,1572335.1991870995,5320733.466442132,15056.567956095056,1571910.8044816216,5319823.349059207,15056.567956095056
1572426.5987388233,5321244.854073296,14559.139226826648,0.5739183146268751,1572093.6035850693,5320846.124321536,14061.71049755824,1572517.9982905472,5321756.241704461,14061.71049755824,1572759.5938925773,5321643.583825057,15056.567956095056,1572335.1991870995,5320733.466442132,15056.567956095056
1572850.9934443014,5322154.971456222,14559.139226826648,0.6246356829627693,1572517.9982905472,5321756.241704461,14061.71049755824,1572942.392996025,5322666.359087386,14061.71049755824,1573183.9885980552,5322553.701207982,15056.567956095056,1572759.5938925773,5321643.583825057,15056.567956095056
1573275.3881497793,5323065.088839146,14559.139226826648,0.839698605323187,1572942.392996025,5322666.359087386,14061.71049755824,1573366.787701503,5323576.476470311,14061.71049755824,1573608.383303533,5323463.818590907,15056.567956095056,1573183.9885980552,5322553.701207982,15056.567956095056
1573699.7828552572,5323975.206222071,14559.139226826648,0.5513083813709889,1573366.787701503,5323576.476470311,14061.71049755824,1573791.1824069808,5324486.593853236,14061.71049755824,1574032.778009011,5324373.935973832,15056.567956095056,1573608.383303533,5323463.818590907,15056.567956095056
1574124.1775607348,5324885.323604996,14559.139226826648,0.2919157681290902,1573791.1824069808,5324486.593853236,14061.71049755824,1574215.5771124586,5325396.71123616,14061.71049755824,1574457.172714489,5325284.053356756,15056.567956095056,1574032.778009011,5324373.935973832,15056.567956095056
1574548.572266213,5325795.440987922,14559.139226826648,0.2720925403074135,1574215.5771124586,5325396.71123616,14061.71049755824,1574639.9718179365,5326306.828619085,14061.71049755824,1574881.5674199671,5326194.170739682,15056.567956095056,1574457.172714489,5325284.053356756,15056.567956095056
1574972.9669716908,5326705.558370846,14559.139226826648,0.31468379661338025,1574639.9718179365,5326306.828619085,14061.71049755824,1575064.3665234144,5327216.94600201,14061.71049755824,1575305.9621254448,5327104.288122606,15056.567956095056,1574881.5674199671,5326194.170739682,15056.567956095056
1562058.3267039063,5298379.26162077,15553.996685363461,0.6478308127833315,1561725.331550152,5297980.531869009,15056.567956095056,1562149.72625563,5298890.649251933,15056.567956095056,1562391.32185766,5298777.99137253,16051.425414631869,1561966.9271521824,5297867.873989606,16051.425414631869
1562482.721409384,5299289.379003694,15553.996685363461,0.5769787218420901,1562149.72625563,5298890.649251933,15056.567956095056,1562574.1209611078,5299800.766634858,15056.567956095056,1562815.7165631382,5299688.108755455,16051.425414631869,1562391.32185766,5298777.99137253,16051.425414631869
1562907.1161148623,5300199.49638662,15553.996685363461,0.981614855837027,1562574.1209611078,5299800.766634858,15056.567956095056,1562998.5156665859,5300710.884017784,15056.567956095056,1563240.111268616,5300598.22613838,16051.425414631869,1562815.7165631382,5299688.108755455,16051.425414631869
1563331.5108203401,5301109.613769545,15553.996685363461,1.6220421957107445,1562998.5156665859,5300710.884017784,15056.567956095056,1563422.9103720638,5301621.001400709,15056.567956095056,1563664.505974094,5301508.343521305,16051.425414631869,1563240.111268616,5300598.22613838,16051.425414631869
1563755.9055258178,5302019.73115247,15553.996685363461,1.1187533500556324,1563422.9103720638,5301621.001400709,15056.567956095056,1563847.3050775414,5302531.118783633,15056.567956095056,1564088.900679572,5302418.46090423,16051.425414631869,1563664.505974094,5301508.343521305,16051.425414631869
1564180.3002312959,5302929.848535394,15553.996685363461,0.9035373745896943,1563847.3050775414,5302531.118783633,15056.567956095056,1564271.6997830195,5303441.236166559,15056.567956095056,1564513.29538505,5303328.578287155,16051.425414631869,1564088.900679572,5302418.46090423,16051.425414631869
1564604.6949367737,5303839.965918319,15553.996685363461,0.509693011644074,1564271.6997830195,5303441.236166559,15056.567956095056,1564696.0944884974,5304351.353549484,15056.567956095056,1564937.6900905278,5304238.69567008,16051.425414631869,1564513.29538505,5303328.578287155,16051.425414631869
1565029.0896422516,5304750.083301244,15553.996685363461,0.3888821751051218,1564696.0944884974,5304351.353549484,15056.567956095056,1565120.4891939755,5305261.470932409,15056.567956095056,1565362.0847960056,5305148.813053005,16051.425414631869,1564937.6900905278,5304238.69567008,16051.425414631869
1565453.4843477292,5305660.200684169,15553.996685363461,0.2540415498123337,1565120.4891939755,5305261.470932409,15056.567956095056,1565544.8838994533,5306171.588315334,15056.567956095056,1565786.4795014835,5306058.93043593,16051.425414631869,1565362.0847960056,5305148.813053005,16051.425414631869
1565877.8790532073,5306570.318067095,15553.996685363461,0.40117856306452226,1565544.8838994533,5306171.588315334,15056.567956095056,1565969.2786049312,5307081.705698258,15056.567956095056,1566210.8742069614,5306969.047818855,16051.425414631869,1565786.4795014835,5306058.93043593,16051.425414631869
1566302.2737586852,5307480.435450019,15553.996685363461,0.6306697019525269,1565969.2786049312,5307081.705698258,15056.567956095056,1566393.673310409,5307991.823081183,15056.567956095056,1566635.2689124392,5307879.165201779,16051.425414631869,1566210.8742069614,5306969.047818855,16051.425414631869
1566726.668464163,5308390.552832944,15553.996685363461,0.649460897226133,1566393.673310409,5307991.823081183,15056.567956095056,1566818.068015887,5308901.940464108,15056.567956095056,1567059.663617917,5308789.282584704,16051.425414631869,1566635.2689124392,5307879.165201779,16051.425414631869
1567151.0631696407,5309300.670215869,15553.996685363461,0.6172713897840948,1566818.068015887,5308901.940464108,15056.567956095056,1567242.4627213648,5309812.057847033,15056.567956095056,1567484.058323395,5309699.399967629,16051.425414631869,1567059.663617917,5308789.282584704,16051.425414631869
1567575.4578751188,5310210.787598795,15553.996685363461,0.662039284950536,1567242.4627213648,5309812.057847033,15056.567956095056,1567666.8574268427,5310722.175229958,15056.567956095056,1567908.4530288728,5310609.5173505545,16051.425414631869,1567484.058323395,5309699.399967629,16051.425414631869
1567999.8525805967,5311120.904981719,15553.996685363461,0.8281488734820289,1567666.8574268427,5310722.175229958,15056.567956095056,1568091.2521323208,5311632.292612883,15056.567956095056,1568332.847734351,5311519.63473348,16051.425414631869,1567908.4530288728,5310609.5173505545,16051.425414631869
1568424.2472860746,5312031.022364643,15553.996685363461,0.9100564295823391,1568091.2521323208,5311632.292612883,15056.567956095056,1568515.6468377984,5312542.409995808,15056.567956095056,1568757.2424398288,5312429.7521164045,16051.425414631869,1568332.847734351,5311519.63473348,16051.425414631869
1568848.6419915522,5312941.139747568,15553.996685363461,0.6530046725681026,1568515.6468377984,5312542.409995808,15056.567956095056,1568940.0415432763,5313452.527378733,15056.567956095056,1569181.6371453064,5313339.8694993295,16051.425414631869,1568757.2424398288,5312429.7521164045,16051.425414631869
1569273.0366970305,5313851.257130494,15553.996685363461,0.551892470418185,1568940.0415432763,5313452.527378733,15056.567956095056,1569364.4362487544,5314362.644761658,15056.567956095056,1569606.0318507846,5314249.9868822545,16051.425414631869,1569181.6371453064,5313339.8694993295,16051.425414631869
1569697.4314025084,5314761.374513418,15553.996685363461,1.9117887514147147,1569364.4362487544,5314362.644761658,15056.567956095056,1569788.8309542323,5315272.762144583,15056.567956095056,1570030.4265562624,5315160.10426518,16051.425414631869,1569606.0318507846,5314249.9868822545,16051.425414631869
1570121.8261079865,5315671.491896343,15553.996685363461,3.3160013385711515,1569788.8309542323,5315272.762144583,15056.567956095056,1570213.2256597101,5316182.879527507,15056.567956095056,1570454.8212617403,5316070.221648105,16051.425414631869,1570030.4265562624,5315160.10426518,16051.425414631869
1570546.2208134641,5316581.609279268,15553.996685363461,2.247333772568747,1570213.2256597101,5316182.879527507,15056.567956095056,1570637.620365188,5317092.996910432,15056.567956095056,1570879.2159672182,5316980.339031029,16051.425414631869,1570454.8212617403,5316070.221648105,16051.425414631869
1570970.6155189422,5317491.726662194,15553.996685363461,1.7648553178420092,1570637.620365188,5317092.996910432,15056.567956095056,1571062.0150706659,5318003.114293357,15056.567956095056,1571303.610672696,5317890.4564139545,16051.425414631869,1570879.2159672182,5316980.339031029,16051.425414631869
1571395.0102244199,5318401.844045118,15553.996685363461,2.207838342811342,1571062.0150706659,5318003.114293357,15056.567956095056,1571486.4097761437,5318913.231676282,15056.567956095056,1571728.005378174,5318800.5737968795,16051.425414631869,1571303.610672696,5317890.4564139545,16051.425414631869
1571819.404929898,5319311.961428043,15553.996685363461,2.8461871115344484,1571486.4097761437,5318913.231676282,15056.567956095056,1571910.8044816216,5319823.349059207,15056.567956095056,1572152.4000836518,5319710.6911798045,16051.425414631869,1571728.005378174,5318800.5737968795,16051.425414631869
1572243.7996353756,5320222.078810968,15553.996685363461,3.2742663272399035,1571910.8044816216,5319823.349059207,15056.567956095056,1572335.1991870995,5320733.466442132,15056.567956095056,1572576.7947891296,5320620.8085627295,16051.425414631869,1572152.4000836518,5319710.6911798045,16051.425414631869
1572668.1943408537,5321132.196193893,15553.996685363461,2.772981970074811,1572335.1991870995,5320733.466442132,15056.567956095056,1572759.5938925773,5321643.583825057,15056.567956095056,1573001.1894946075,5321530.9259456545,16051.425414631869,1572576.7947891296,5320620.8085627295,16051.425414631869
1573092.5890463314,5322042.3135768175,15553.996685363461,1.4228216381686158,1572759.5938925773,5321643.583825057,15056.567956095056,1573183.9885980552,5322553.701207982,15056.567956095056,1573425.5842000856,5322441.0433285795,16051.425414631869,1573001.1894946075,5321530.9259456545,16051.425414631869
1573516.9837518095,5322952.4309597425,15553.996685363461,1.459182392316764,1573183.9885980552,5322553.701207982,15056.567956095056,1573608.383303533,5323463.818590907,15056.567956095056,1573849.9789055635,5323351.1607115045,16051.425414631869,1573425.5842000856,5322441.0433285795,16051.425414631869
1573941.378457287,5323862.5483426675,15553.996685363461,0.7282423702228417,1573608.383303533,5323463.818590907,15056.567956095056,1574032.778009011,5324373.935973832,15056.567956095056,1574274.3736110413,5324261.2780944295,16051.425414631869,1573849.9789055635,5323351.1607115045,16051.425414631869
1574365.7731627652,5324772.665725593,15553.996685363461,0.39254408101477906,1574032.778009011,5324373.935973832,15056.567956095056,1574457.172714489,5325284.053356756,15056.567956095056,1574698.7683165194,5325171.395477354,16051.425414631869,1574274.3736110413,5324261.2780944295,16051.425414631869
1574790.1678682433,5325682.7831085175,15553.996685363461,0.2755849404807769,1574457.172714489,5325284.053356756,15056.567956095056,1574881.5674199671,5326194.170739682,15056.567956095056,1575123.1630219973,5326081.512860279,16051.425414631869,1574698.7683165194,5325171.395477354,16051.425414631869
1575214.5625737212,5326592.9004914425,15553.996685363461,0.4574592843282674,1574881.5674199671,5326194.170739682,15056.567956095056,1575305.9621254448,5327104.288122606,15056.567956095056,1575547.5577274752,5326991.630243204,16051.425414631869,1575123.1630219973,5326081.512860279,16051.425414631869
1562299.922305937,5298266.603741367,16548.854143900277,3.493177953503041,1561966.9271521824,5297867.873989606,16051.425414631869,1562391.32185766,5298777.99137253,16051.425414631869,1562632.9174596912,5298665.3334931275,17046.282873168682,1562208.5227542133,5297755.2161102025,17046.282873168682
1562724.3170114146,5299176.721124291,16548.854143900277,3.302978112976573,1562391.32185766,5298777.99137253,16051.425414631869,1562815.7165631382,5299688.108755455,16051.425414631869,1563057.312165169,5299575.450876052,17046.282873168682,1562632.9174596912,5298665.3334931275,17046.282873168682
1563148.7117168927,5300086.838507216,16548.854143900277,2.6164792527749214,1562815.7165631382,5299688.108755455,16051.425414631869,1563240.111268616,5300598.22613838,16051.425414631869,1563481.7068706471,5300485.568258977,17046.282873168682,1563057.312165169,5299575.450876052,17046.282873168682
1563573.1064223705,5300996.955890141,16548.854143900277,2.5432149414821765,1563240.111268616,5300598.22613838,16051.425414631869,1563664.505974094,5301508.343521305,16051.425414631869,1563906.1015761252,5301395.685641902,17046.282873168682,1563481.7068706471,5300485.568258977,17046.282873168682
1563997.5011278484,5301907.073273067,16548.854143900277,3.2033199595297086,1563664.505974094,5301508.343521305,16051.425414631869,1564088.900679572,5302418.46090423,16051.425414631869,1564330.496281603,5302305.803024827,17046.282873168682,1563906.1015761252,5301395.685641902,17046.282873168682
1564421.8958333263,5302817.190655991,16548.854143900277,3.8509413962235777,1564088.900679572,5302418.46090423,16051.425414631869,1564513.29538505,5303328.578287155,16051.425414631869,1564754.890987081,5303215.920407752,17046.282873168682,1564330.496281603,5302305.803024827,17046.282873168682
1564846.2905388044,5303727.3080389155,16548.854143900277,3.571604532438901,1564513.29538505,5303328.578287155,16051.425414631869,1564937.6900905278,5304238.69567008,16051.425414631869,1565179.2856925589,5304126.037790677,17046.282873168682,1564754.890987081,5303215.920407752,17046.282873168682
1565270.685244282,5304637.4254218405,16548.854143900277,2.4113383371347807,1564937.6900905278,5304238.69567008,16051.425414631869,1565362.0847960056,5305148.813053005,16051.425414631869,1565603.6803980367,5305036.155173602,17046.282873168682,1565179.2856925589,5304126.037790677,17046.282873168682
1565695.07994976,5305547.542804766,16548.854143900277,1.6153043090291885,1565362.0847960056,5305148.813053005,16051.425414631869,1565786.4795014835,5306058.93043593,16051.425414631869,1566028.0751035146,5305946.272556527,17046.282873168682,1565603.6803980367,5305036.155173602,17046.282873168682
1566119.4746552377,5306457.6601876905,16548.854143900277,2.1340203903565897,1565786.4795014835,5306058.93043593,16051.425414631869,1566210.8742069614,5306969.047818855,16051.425414631869,1566452.4698089925,5306856.389939452,17046.282873168682,1566028.0751035146,5305946.272556527,17046.282873168682
1566543.8693607158,5307367.7775706155,16548.854143900277,1.620332282175565,1566210.8742069614,5306969.047818855,16051.425414631869,1566635.2689124392,5307879.165201779,16051.425414631869,1566876.8645144703,5307766.507322377,17046.282873168682,1566452.4698089925,5306856.389939452,17046.282873168682
1566968.2640661935,5308277.8949535405,16548.854143900277,1.3543954507772105,1566635.2689124392,5307879.165201779,16051.425414631869,1567059.663617917,5308789.282584704,16051.425414631869,1567301.2592199482,5308676.624705301,17046.282873168682,1566876.8645144703,5307766.507322377,17046.282873168682
1567392.6587716716,5309188.012336466,16548.854143900277,1.589047349474232,1567059.663617917,5308789.282584704,16051.425414631869,1567484.058323395,5309699.399967629,16051.425414631869,1567725.653925426,5309586.742088226,17046.282873168682,1567301.2592199482,5308676.624705301,17046.282873168682
1567817.0534771492,5310098.1297193905,16548.854143900277,2.0970249031110626,1567484.058323395,5309699.399967629,16051.425414631869,1567908.4530288728,5310609.5173505545,16051.425414631869,1568150.048630904,5310496.859471151,17046.282873168682,1567725.653925426,5309586.742088226,17046.282873168682
1568241.4481826273,5311008.2471023165,16548.854143900277,2.981424043394856,1567908.4530288728,5310609.5173505545,16051.425414631869,1568332.847734351,5311519.63473348,16051.425414631869,1568574.443336382,5311406.976854077,17046.282873168682,1568150.048630904,5310496.859471151,17046.282873168682
1568665.8428881057,5311918.364485241,16548.854143900277,3.157390074924152,1568332.847734351,5311519.63473348,16051.425414631869,1568757.2424398288,5312429.7521164045,16051.425414631869,1568998.8380418597,5312317.094237002,17046.282873168682,1568574.443336382,5311406.976854077,17046.282873168682
1569090.2375935833,5312828.481868166,16548.854143900277,4.1401008705603415,1568757.2424398288,5312429.7521164045,16051.425414631869,1569181.6371453064,5313339.8694993295,16051.425414631869,1569423.2327473375,5313227.211619926,17046.282873168682,1568998.8380418597,5312317.094237002,17046.282873168682
1569514.6322990612,5313738.59925109,16548.854143900277,4.451860489671918,1569181.6371453064,5313339.8694993295,16051.425414631869,1569606.0318507846,5314249.9868822545,16051.425414631869,1569847.6274528157,5314137.329002852,17046.282873168682,1569423.2327473375,5313227.211619926,17046.282873168682
1569939.027004539,5314648.716634016,16548.854143900277,4.61762881891865,1569606.0318507846,5314249.9868822545,16051.425414631869,1570030.4265562624,5315160.10426518,16051.425414631869,1570272.0221582935,5315047.446385777,17046.282873168682,1569847.6274528157,5314137.329002852,17046.282873168682
1570363.4217100171,5315558.834016941,16548.854143900277,4.439236018909999,1570030.4265562624,5315160.10426518,16051.425414631869,1570454.8212617403,5316070.221648105,16051.425414631869,1570696.4168637714,5315957.563768702,17046.282873168682,1570272.0221582935,5315047.446385777,17046.282873168682
1570787.816415495,5316468.951399866,16548.854143900277,3.6355366686183777,1570454.8212617403,5316070.221648105,16051.425414631869,1570879.2159672182,5316980.339031029,16051.425414631869,1571120.8115692493,5316867.681151626,17046.282873168682,1570696.4168637714,5315957.563768702,17046.282873168682
1571212.2111209729,5317379.06878279,16548.854143900277,3.9054377499039497,1570879.2159672182,5316980.339031029,16051.425414631869,1571303.610672696,5317890.4564139545,16051.425414631869,1571545.2062747271,5317777.798534551,17046.282873168682,1571120.8115692493,5316867.681151626,17046.282873168682
1571636.6058264505,5318289.186165716,16548.854143900277,3.0084559938013444,1571303.610672696,5317890.4564139545,16051.425414631869,1571728.005378174,5318800.5737968795,16051.425414631869,1571969.600980205,5318687.915917476,17046.282873168682,1571545.2062747271,5317777.798534551,17046.282873168682
1572061.0005319286,5319199.303548641,16548.854143900277,2.6946632973997673,1571728.005378174,5318800.5737968795,16051.425414631869,1572152.4000836518,5319710.6911798045,16051.425414631869,1572393.9956856829,5319598.033300401,17046.282873168682,1571969.600980205,5318687.915917476,17046.282873168682
1572485.3952374065,5320109.420931566,16548.854143900277,1.9878417420865726,1572152.4000836518,5319710.6911798045,16051.425414631869,1572576.7947891296,5320620.8085627295,16051.425414631869,1572818.3903911607,5320508.150683326,17046.282873168682,1572393.9956856829,5319598.033300401,17046.282873168682
1572909.7899428844,5321019.538314491,16548.854143900277,1.3445003647318081,1572576.7947891296,5320620.8085627295,16051.425414631869,1573001.1894946075,5321530.9259456545,16051.425414631869,1573242.7850966388,5321418.268066251,17046.282873168682,1572818.3903911607,5320508.150683326,17046.282873168682
1573334.184648362,5321929.655697415,16548.854143900277,0.9340876923115109,1573001.1894946075,5321530.9259456545,16051.425414631869,1573425.5842000856,5322441.0433285795,16051.425414631869,1573667.1798021167,5322328.385449176,17046.282873168682,1573242.7850966388,5321418.268066251,17046.282873168682
1573758.57935384,5322839.77308034,16548.854143900277,0.8408284169240107,1573425.5842000856,5322441.0433285795,16051.425414631869,1573849.9789055635,5323351.1607115045,16051.425414631869,1574091.5745075946,5323238.502832101,17046.282873168682,1573667.1798021167,5322328.385449176,17046.282873168682
1574182.974059318,5323749.890463265,16548.854143900277,0.3807658633815381,1573849.9789055635,5323351.1607115045,16051.425414631869,1574274.3736110413,5324261.2780944295,16051.425414631869,1574515.9692130724,5324148.620215026,17046.282873168682,1574091.5745075946,5323238.502832101,17046.282873168682
1574607.3687647958,5324660.007846191,16548.854143900277,0.14397358253527645,1574274.3736110413,5324261.2780944295,16051.425414631869,1574698.7683165194,5325171.395477354,16051.425414631869,1574940.3639185503,5325058.737597951,17046.282873168682,1574515.9692130724,5324148.620215026,17046.282873168682
1575031.7634702737,5325570.125229115,16548.854143900277,0.049203590025353926,1574698.7683165194,5325171.395477354,16051.425414631869,1575123.1630219973,5326081.512860279,16051.425414631869,1575364.7586240284,5325968.854980875,17046.282873168682,1574940.3639185503,5325058.737597951,17046.282873168682
1575456.1581757518,5326480.24261204,16548.854143900277,0.08810543474943108,1575123.1630219973,5326081.512860279,16051.425414631869,1575547.5577274752,5326991.630243204,16051.425414631869,1575789.153329506,5326878.9723638,17046.282873168682,1575364.7586240284,5325968.854980875,17046.282873168682
1562541.5179079673,5298153.945861963,17543.711602437088,5.557882489643244,1562208.5227542133,5297755.2161102025,17046.282873168682,1562632.9174596912,5298665.3334931275,17046.282873168682,1562874.5130617216,5298552.675613724,18041.140331705494,1562450.1183562437,5297642.5582308,18041.140331705494
1562965.9126134454,5299064.063244888,17543.711602437088,5.196231942518448,1562632.9174596912,5298665.3334931275,17046.282873168682,1563057.312165169,5299575.450876052,17046.282873168682,1563298.9077671997,5299462.792996649,18041.140331705494,1562874.5130617216,5298552.675613724,18041.140331705494
1563390.3073189235,5299974.180627813,17543.711602437088,4.5933242318206515,1563057.312165169,5299575.450876052,17046.282873168682,1563481.7068706471,5300485.568258977,17046.282873168682,1563723.3024726775,5300372.910379574,18041.140331705494,1563298.9077671997,5299462.792996649,18041.140331705494
1563814.7020244014,5300884.298010739,17543.711602437088,4.926154083885746,1563481.7068706471,5300485.568258977,17046.282873168682,1563906.1015761252,5301395.685641902,17046.282873168682,1564147.6971781554,5301283.027762499,18041.140331705494,1563723.3024726775,5300372.910379574,18041.140331705494
1564239.0967298793,5301794.415393663,17543.711602437088,4.447760633672692,1563906.1015761252,5301395.685641902,17046.282873168682,1564330.496281603,5302305.803024827,17046.282873168682,1564572.0918836333,5302193.145145424,18041.140331705494,1564147.6971781554,5301283.027762499,18041.140331705494
1564663.491435357,5302704.532776588,17543.711602437088,4.287282598593505,1564330.496281603,5302305.803024827,17046.282873168682,1564754.890987081,5303215.920407752,17046.282873168682,1564996.4865891112,5303103.262528349,18041.140331705494,1564572.0918836333,5302193.145145424,18041.140331705494
1565087.886140835,5303614.650159512,17543.711602437088,4.61726728668676,1564754.890987081,5303215.920407752,17046.282873168682,1565179.2856925589,5304126.037790677,17046.282873168682,1565420.881294589,5304013.379911274,18041.140331705494,1564996.4865891112,5303103.262528349,18041.140331705494
1565512.2808463129,5304524.767542438,17543.711602437088,5.15126181455722,1565179.2856925589,5304126.037790677,17046.282873168682,1565603.6803980367,5305036.155173602,17046.282873168682,1565845.276000067,5304923.497294199,18041.140331705494,1565420.881294589,5304013.379911274,18041.140331705494
1565936.6755517907,5305434.884925362,17543.711602437088,5.104155096412461,1565603.6803980367,5305036.155173602,17046.282873168682,1566028.0751035146,5305946.272556527,17046.282873168682,1566269.6707055448,5305833.614677124,18041.140331705494,1565845.276000067,5304923.497294199,18041.140331705494
1566361.0702572684,5306345.002308287,17543.711602437088,4.4656677336295765,1566028.0751035146,5305946.272556527,17046.282873168682,1566452.4698089925,5306856.389939452,17046.282873168682,1566694.0654110226,5306743.732060049,18041.140331705494,1566269.6707055448,5305833.614677124,18041.140331705494
1566785.4649627465,5307255.119691212,17543.711602437088,4.000395120826289,1566452.4698089925,5306856.389939452,17046.282873168682,1566876.8645144703,5307766.507322377,17046.282873168682,1567118.4601165005,5307653.849442974,18041.140331705494,1566694.0654110226,5306743.732060049,18041.140331705494
1567209.8596682244,5308165.237074138,17543.711602437088,3.9524135670147404,1566876.8645144703,5307766.507322377,17046.282873168682,1567301.2592199482,5308676.624705301,17046.282873168682,1567542.8548219784,5308563.966825898,18041.140331705494,1567118.4601165005,5307653.849442974,18041.140331705494
1567634.2543737022,5309075.354457062,17543.711602437088,4.010415444024085,1567301.2592199482,5308676.624705301,17046.282873168682,1567725.653925426,5309586.742088226,17046.282873168682,1567967.2495274562,5309474.084208823,18041.140331705494,1567542.8548219784,5308563.966825898,18041.140331705494
1568058.64907918,5309985.471839987,17543.711602437088,4.239924846939974,1567725.653925426,5309586.742088226,17046.282873168682,1568150.048630904,5310496.859471151,17046.282873168682,1568391.644232934,5310384.201591748,18041.140331705494,1567967.2495274562,5309474.084208823,18041.140331705494
1568483.0437846582,5310895.589222913,17543.711602437088,4.473156645064472,1568150.048630904,5310496.859471151,17046.282873168682,1568574.443336382,5311406.976854077,17046.282873168682,1568816.0389384122,5311294.318974673,18041.140331705494,1568391.644232934,5310384.201591748,18041.140331705494
1568907.438490136,5311805.706605838,17543.711602437088,5.235713103344247,1568574.443336382,5311406.976854077,17046.282873168682,1568998.8380418597,5312317.094237002,17046.282873168682,1569240.43364389,5312204.436357598,18041.140331705494,1568816.0389384122,5311294.318974673,18041.140331705494
1569331.833195614,5312715.823988762,17543.711602437088,4.033471879220564,1568998.8380418597,5312317.094237002,17046.282873168682,1569423.2327473375,5313227.211619926,17046.282873168682,1569664.8283493677,5313114.553740523,18041.140331705494,1569240.43364389,5312204.436357598,18041.140331705494
1569756.2279010918,5313625.941371687,17543.711602437088,3.7565672654897106,1569423.2327473375,5313227.211619926,17046.282873168682,1569847.6274528157,5314137.329002852,17046.282873168682,1570089.2230548458,5314024.671123448,18041.140331705494,1569664.8283493677,5313114.553740523,18041.140331705494
1570180.62260657,5314536.058754612,17543.711602437088,4.996589582502342,1569847.6274528157,5314137.329002852,17046.282873168682,1570272.0221582935,5315047.446385777,17046.282873168682,1570513.6177603237,5314934.788506373,18041.140331705494,1570089.2230548458,5314024.671123448,18041.140331705494
1570605.0173120475,5315446.176137537,17543.711602437088,4.9624034190139605,1570272.0221582935,5315047.446385777,17046.282873168682,1570696.4168637714,5315957.563768702,17046.282873168682,1570938.0124658016,5315844.905889298,18041.140331705494,1570513.6177603237,5314934.788506373,18041.140331705494
1571029.4120175256,5316356.293520463,17543.711602437088,4.470473023888938,1570696.4168637714,5315957.563768702,17046.282873168682,1571120.8115692493,5316867.681151626,17046.282873168682,1571362.4071712794,5316755.023272223,18041.140331705494,1570938.0124658016,5315844.905889298,18041.140331705494
1571453.8067230033,5317266.410903387,17543.711602437088,3.8148507685448814,1571120.8115692493,5316867.681151626,17046.282873168682,1571545.2062747271,5317777.798534551,17046.282873168682,1571786.8018767573,5317665.140655147,18041.140331705494,1571362.4071712794,5316755.023272223,18041.140331705494
1571878.2014284814,5318176.528286312,17543.711602437088,1.795556705823127,1571545.2062747271,5317777.798534551,17046.282873168682,1571969.600980205,5318687.915917476,17046.282873168682,1572211.1965822354,5318575.258038072,18041.140331705494,1571786.8018767573,5317665.140655147,18041.140331705494
1572302.596133959,5319086.645669237,17543.711602437088,1.7776834883970383,1571969.600980205,5318687.915917476,17046.282873168682,1572393.9956856829,5319598.033300401,17046.282873168682,1572635.5912877133,5319485.375420997,18041.140331705494,1572211.1965822354,5318575.258038072,18041.140331705494
1572726.990839437,5319996.763052163,17543.711602437088,1.54741155097552,1572393.9956856829,5319598.033300401,17046.282873168682,1572818.3903911607,5320508.150683326,17046.282873168682,1573059.9859931911,5320395.492803922,18041.140331705494,1572635.5912877133,5319485.375420997,18041.140331705494
1573151.3855449148,5320906.880435087,17543.711602437088,1.0755757212271835,1572818.3903911607,5320508.150683326,17046.282873168682,1573242.7850966388,5321418.268066251,17046.282873168682,1573484.380698669,5321305.610186847,18041.140331705494,1573059.9859931911,5320395.492803922,18041.140331705494
1573575.7802503929,5321816.997818011,17543.711602437088,0.8219131633760425,1573242.7850966388,5321418.268066251,17046.282873168682,1573667.1798021167,5322328.385449176,17046.282873168682,1573908.775404147,5322215.727569773,18041.140331705494,1573484.380698669,5321305.610186847,18041.140331705494
1574000.1749558705,5322727.115200936,17543.711602437088,0.5662593224139929,1573667.1798021167,5322328.385449176,17046.282873168682,1574091.5745075946,5323238.502832101,17046.282873168682,1574333.1701096247,5323125.844952697,18041.140331705494,1573908.775404147,5322215.727569773,18041.140331705494
1574424.5696613486,5323637.232583862,17543.711602437088,0.2729758853056426,1574091.5745075946,5323238.502832101,17046.282873168682,1574515.9692130724,5324148.620215026,17046.282873168682,1574757.5648151026,5324035.962335622,18041.140331705494,1574333.1701096247,5323125.844952697,18041.140331705494
1574848.9643668265,5324547.349966786,17543.711602437088,0.2551372666311343,1574515.9692130724,5324148.620215026,17046.282873168682,1574940.3639185503,5325058.737597951,17046.282873168682,1575181.9595205807,5324946.079718548,18041.140331705494,1574757.5648151026,5324035.962335622,18041.140331705494
1575273.3590723043,5325457.467349711,17543.711602437088,0.3981267638122068,1574940.3639185503,5325058.737597951,17046.282873168682,1575364.7586240284,5325968.854980875,17046.282873168682,1575606.3542260586,5325856.197101472,18041.140331705494,1575181.9595205807,5324946.079718548,18041.140331705494
1575697.7537777824,5326367.584732636,17543.711602437088,0.271392648989676,1575364.7586240284,5325968.854980875,17046.282873168682,1575789.153329506,5326878.9723638,17046.282873168682,1576030.7489315365,5326766.314484397,18041.140331705494,1575606.3542260586,5325856.197101472,18041.140331705494
1562783.1135099982,5298041.287982559,18538.569060973903,4.5794323070473055,1562450.1183562437,5297642.5582308,18041.140331705494,1562874.5130617216,5298552.675613724,18041.140331705494,1563116.1086637527,5298440.017734321,19035.99779024231,1562691.7139582748,5297529.900351396,19035.99779024231
1563207.508215476,5298951.405365485,18538.569060973903,5.231189753993055,1562874.5130617216,5298552.675613724,18041.140331705494,1563298.9077671997,5299462.792996649,18041.140331705494,1563540.5033692305,5299350.135117246,19035.99779024231,1563116.1086637527,5298440.017734321,19035.99779024231
1563631.902920954,5299861.52274841,18538.569060973903,4.423164984688366,1563298.9077671997,5299462.792996649,18041.140331705494,1563723.3024726775,5300372.910379574,18041.140331705494,1563964.8980747086,5300260.25250017,19035.99779024231,1563540.5033692305,5299350.135117246,19035.99779024231
1564056.297626432,5300771.640131336,18538.569060973903,4.867474659920213,1563723.3024726775,5300372.910379574,18041.140331705494,1564147.6971781554,5301283.027762499,18041.140331705494,1564389.2927801865,5301170.369883095,19035.99779024231,1563964.8980747086,5300260.25250017,19035.99779024231
1564480.6923319097,5301681.75751426,18538.569060973903,5.6940046196146845,1564147.6971781554,5301283.027762499,18041.140331705494,1564572.0918836333,5302193.145145424,18041.140331705494,1564813.6874856642,5302080.48726602,19035.99779024231,1564389.2927801865,5301170.369883095,19035.99779024231
1564905.0870373875,5302591.874897185,18538.569060973903,6.087422470491407,1564572.0918836333,5302193.145145424,18041.140331705494,1564996.4865891112,5303103.262528349,18041.140331705494,1565238.0821911423,5302990.604648945,19035.99779024231,1564813.6874856642,5302080.48726602,19035.99779024231
1565329.4817428654,5303501.99228011,18538.569060973903,5.817726796578079,1564996.4865891112,5303103.262528349,18041.140331705494,1565420.881294589,5304013.379911274,18041.140331705494,1565662.4768966201,5303900.72203187,19035.99779024231,1565238.0821911423,5302990.604648945,19035.99779024231
1565753.8764483435,5304412.109663035,18538.569060973903,5.75117149038335,1565420.881294589,5304013.379911274,18041.140331705494,1565845.276000067,5304923.497294199,18041.140331705494,1566086.871602098,5304810.839414795,19035.99779024231,1565662.4768966201,5303900.72203187,19035.99779024231
1566178.2711538211,5305322.227045959,18538.569060973903,6.20838876411852,1565845.276000067,5304923.497294199,18041.140331705494,1566269.6707055448,5305833.614677124,18041.140331705494,1566511.2663075759,5305720.95679772,19035.99779024231,1566086.871602098,5304810.839414795,19035.99779024231
1566602.6658592992,5306232.344428884,18538.569060973903,5.958381396782888,1566269.6707055448,5305833.614677124,18041.140331705494,1566694.0654110226,5306743.732060049,18041.140331705494,1566935.6610130537,5306631.074180645,19035.99779024231,1566511.2663075759,5305720.95679772,19035.99779024231
1567027.060564777,5307142.461811809,18538.569060973903,5.469776742713194,1566694.0654110226,5306743.732060049,18041.140331705494,1567118.4601165005,5307653.849442974,18041.140331705494,1567360.0557185316,5307541.19156357,19035.99779024231,1566935.6610130537,5306631.074180645,19035.99779024231
1567451.4552702552,5308052.579194735,18538.569060973903,4.171340140004539,1567118.4601165005,5307653.849442974,18041.140331705494,1567542.8548219784,5308563.966825898,18041.140331705494,1567784.4504240095,5308451.308946494,19035.99779024231,1567360.0557185316,5307541.19156357,19035.99779024231
1567875.8499757329,5308962.696577659,18538.569060973903,2.824162523473359,1567542.8548219784,5308563.966825898,18041.140331705494,1567967.2495274562,5309474.084208823,18041.140331705494,1568208.8451294873,5309361.426329419,19035.99779024231,1567784.4504240095,5308451.308946494,19035.99779024231
1568300.244681211,5309872.813960584,18538.569060973903,2.7735677979388282,1567967.2495274562,5309474.084208823,18041.140331705494,1568391.644232934,5310384.201591748,18041.140331705494,1568633.2398349652,5310271.543712344,19035.99779024231,1568208.8451294873,5309361.426329419,19035.99779024231
1568724.6393866888,5310782.931343509,18538.569060973903,4.0090155243433525,1568391.644232934,5310384.201591748,18041.140331705494,1568816.0389384122,5311294.318974673,18041.140331705494,1569057.6345404433,5311181.661095269,19035.99779024231,1568633.2398349652,5310271.543712344,19035.99779024231
1569149.0340921667,5311693.048726435,18538.569060973903,4.563488776049085,1568816.0389384122,5311294.318974673,18041.140331705494,1569240.43364389,5312204.436357598,18041.140331705494,1569482.029245921,5312091.778478194,19035.99779024231,1569057.6345404433,5311181.661095269,19035.99779024231
1569573.4287976446,5312603.166109359,18538.569060973903,4.1774330010589935,1569240.43364389,5312204.436357598,18041.140331705494,1569664.8283493677,5313114.553740523,18041.140331705494,1569906.4239513988,5313001.895861119,19035.99779024231,1569482.029245921,5312091.778478194,19035.99779024231
1569997.8235031227,5313513.283492283,18538.569060973903,3.574000277780975,1569664.8283493677,5313114.553740523,18041.140331705494,1570089.2230548458,5314024.671123448,18041.140331705494,1570330.818656877,5313912.013244044,19035.99779024231,1569906.4239513988,5313001.895861119,19035.99779024231
1570422.2182086005,5314423.400875208,18538.569060973903,3.4144765143984657,1570089.2230548458,5314024.671123448,18041.140331705494,1570513.6177603237,5314934.788506373,18041.140331705494,1570755.2133623548,5314822.130626969,19035.99779024231,1570330.818656877,5313912.013244044,19035.99779024231
1570846.6129140782,5315333.518258134,18538.569060973903,4.142790667588199,1570513.6177603237,5314934.788506373,18041.140331705494,1570938.0124658016,5315844.905889298,18041.140331705494,1571179.6080678327,5315732.248009894,19035.99779024231,1570755.2133623548,5314822.130626969,19035.99779024231
1571271.0076195563,5316243.635641058,18538.569060973903,3.7296551025291866,1570938.0124658016,5315844.905889298,18041.140331705494,1571362.4071712794,5316755.023272223,18041.140331705494,1571604.0027733105,5316642.365392819,19035.99779024231,1571179.6080678327,5315732.248009894,19035.99779024231
1571695.4023250341,5317153.753023983,18538.569060973903,3.100910567559067,1571362.4071712794,5316755.023272223,18041.140331705494,1571786.8018767573,5317665.140655147,18041.140331705494,1572028.3974787886,5317552.482775743,19035.99779024231,1571604.0027733105,5316642.365392819,19035.99779024231
1572119.797030512,5318063.870406908,18538.569060973903,2.525805569897437,1571786.8018767573,5317665.140655147,18041.140331705494,1572211.1965822354,5318575.258038072,18041.140331705494,1572452.7921842665,5318462.600158668,19035.99779024231,1572028.3974787886,5317552.482775743,19035.99779024231
1572544.1917359896,5318973.987789834,18538.569060973903,1.269947720361953,1572211.1965822354,5318575.258038072,18041.140331705494,1572635.5912877133,5319485.375420997,18041.140331705494,1572877.1868897444,5319372.717541593,19035.99779024231,1572452.7921842665,5318462.600158668,19035.99779024231
1572968.5864414677,5319884.105172758,18538.569060973903,0.918436131998219,1572635.5912877133,5319485.375420997,18041.140331705494,1573059.9859931911,5320395.492803922,18041.140331705494,1573301.5815952222,5320282.834924518,19035.99779024231,1572877.1868897444,5319372.717541593,19035.99779024231
1573392.9811469456,5320794.222555683,18538.569060973903,0.327162325952731,1573059.9859931911,5320395.492803922,18041.140331705494,1573484.380698669,5321305.610186847,18041.140331705494,1573725.9763007,5321192.952307443,19035.99779024231,1573301.5815952222,5320282.834924518,19035.99779024231
1573817.3758524235,5321704.339938607,18538.569060973903,0.24832225397984026,1573484.380698669,5321305.610186847,18041.140331705494,1573908.775404147,5322215.727569773,18041.140331705494,1574150.371006178,5322103.069690369,19035.99779024231,1573725.9763007,5321192.952307443,19035.99779024231
1574241.7705579011,5322614.457321533,18538.569060973903,0.16710211119416588,1573908.775404147,5322215.727569773,18041.140331705494,1574333.1701096247,5323125.844952697,18041.140331705494,1574574.7657116558,5323013.187073294,19035.99779024231,1574150.371006178,5322103.069690369,19035.99779024231
1574666.1652633792,5323524.574704457,18538.569060973903,0.07437542241571017,1574333.1701096247,5323125.844952697,18041.140331705494,1574757.5648151026,5324035.962335622,18041.140331705494,1574999.1604171337,5323923.304456218,19035.99779024231,1574574.7657116558,5323013.187073294,19035.99779024231
1575090.559968857,5324434.692087383,18538.569060973903,0.06219062420965304,1574757.5648151026,5324035.962335622,18041.140331705494,1575181.9595205807,5324946.079718548,18041.140331705494,1575423.5551226116,5324833.421839144,19035.99779024231,1574999.1604171337,5323923.304456218,19035.99779024231
1575514.954674335,5325344.809470308,18538.569060973903,0.03461419674309531,1575181.9595205807,5324946.079718548,18041.140331705494,1575606.3542260586,5325856.197101472,18041.140331705494,1575847.9498280897,5325743.539222069,19035.99779024231,1575423.5551226116,5324833.421839144,19035.99779024231
1575939.3493798128,5326254.926853233,18538.569060973903,0.08902086876962723,1575606.3542260586,5325856.197101472,18041.140331705494,1576030.7489315365,5326766.314484397,18041.140331705494,1576272.3445335673,5326653.656604993,19035.99779024231,1575847.9498280897,5325743.539222069,19035.99779024231
1563024.7091120288,5297928.630103156,19533.426519510715,3.0674390309682558,1562691.7139582748,5297529.900351396,19035.99779024231,1563116.1086637527,5298440.017734321,19035.99779024231,1563357.7042657828,5298327.359854917,20030.855248779124,1562933.3095603052,5297417.242471992,20030.855248779124
1563449.1038175067,5298838.747486081,19533.426519510715,4.340228654788032,1563116.1086637527,5298440.017734321,19035.99779024231,1563540.5033692305,5299350.135117246,19035.99779024231,1563782.098971261,5299237.477237842,20030.855248779124,1563357.7042657828,5298327.359854917,20030.855248779124
1563873.4985229846,5299748.864869007,19533.426519510715,5.002191602114257,1563540.5033692305,5299350.135117246,19035.99779024231,1563964.8980747086,5300260.25250017,19035.99779024231,1564206.4936767388,5300147.594620766,20030.855248779124,1563782.098971261,5299237.477237842,20030.855248779124
1564297.8932284627,5300658.982251931,19533.426519510715,5.17895887586622,1563964.8980747086,5300260.25250017,19035.99779024231,1564389.2927801865,5301170.369883095,19035.99779024231,1564630.8883822167,5301057.712003691,20030.855248779124,1564206.4936767388,5300147.594620766,20030.855248779124
1564722.2879339405,5301569.099634856,19533.426519510715,6.2422569478612635,1564389.2927801865,5301170.369883095,19035.99779024231,1564813.6874856642,5302080.48726602,19035.99779024231,1565055.2830876946,5301967.829386616,20030.855248779124,1564630.8883822167,5301057.712003691,20030.855248779124
1565146.6826394184,5302479.217017781,19533.426519510715,6.731317393481245,1564813.6874856642,5302080.48726602,19035.99779024231,1565238.0821911423,5302990.604648945,19035.99779024231,1565479.6777931724,5302877.946769541,20030.855248779124,1565055.2830876946,5301967.829386616,20030.855248779124
1565571.077344896,5303389.334400707,19533.426519510715,6.841817279272734,1565238.0821911423,5302990.604648945,19035.99779024231,1565662.4768966201,5303900.72203187,19035.99779024231,1565904.0724986503,5303788.064152466,20030.855248779124,1565479.6777931724,5302877.946769541,20030.855248779124
1565995.4720503741,5304299.45178363,19533.426519510715,6.89794564724954,1565662.4768966201,5303900.72203187,19035.99779024231,1566086.871602098,5304810.839414795,19035.99779024231,1566328.4672041282,5304698.181535391,20030.855248779124,1565904.0724986503,5303788.064152466,20030.855248779124
1566419.866755852,5305209.569166555,19533.426519510715,6.7579636154791904,1566086.871602098,5304810.839414795,19035.99779024231,1566511.2663075759,5305720.95679772,19035.99779024231,1566752.861909606,5305608.298918316,20030.855248779124,1566328.4672041282,5304698.181535391,20030.855248779124
1566844.26146133,5306119.68654948,19533.426519510715,6.419450427380249,1566511.2663075759,5305720.95679772,19035.99779024231,1566935.6610130537,5306631.074180645,19035.99779024231,1567177.256615084,5306518.416301241,20030.855248779124,1566752.861909606,5305608.298918316,20030.855248779124
1567268.6561668077,5307029.803932406,19533.426519510715,5.541484580759824,1566935.6610130537,5306631.074180645,19035.99779024231,1567360.0557185316,5307541.19156357,19035.99779024231,1567601.6513205618,5307428.533684167,20030.855248779124,1567177.256615084,5306518.416301241,20030.855248779124
1567693.0508722859,5307939.92131533,19533.426519510715,4.733610938501847,1567360.0557185316,5307541.19156357,19035.99779024231,1567784.4504240095,5308451.308946494,19035.99779024231,1568026.0460260396,5308338.651067092,20030.855248779124,1567601.6513205618,5307428.533684167,20030.855248779124
1568117.4455777637,5308850.038698255,19533.426519510715,3.105046811904414,1567784.4504240095,5308451.308946494,19035.99779024231,1568208.8451294873,5309361.426329419,19035.99779024231,1568450.4407315175,5309248.768450015,20030.855248779124,1568026.0460260396,5308338.651067092,20030.855248779124
1568541.8402832416,5309760.15608118,19533.426519510715,1.8642359302187634,1568208.8451294873,5309361.426329419,19035.99779024231,1568633.2398349652,5310271.543712344,19035.99779024231,1568874.8354369954,5310158.885832941,20030.855248779124,1568450.4407315175,5309248.768450015,20030.855248779124
1568966.2349887195,5310670.273464106,19533.426519510715,2.4937165372355885,1568633.2398349652,5310271.543712344,19035.99779024231,1569057.6345404433,5311181.661095269,19035.99779024231,1569299.2301424735,5311069.003215866,20030.855248779124,1568874.8354369954,5310158.885832941,20030.855248779124
1569390.6296941973,5311580.39084703,19533.426519510715,2.588484787840229,1569057.6345404433,5311181.661095269,19035.99779024231,1569482.029245921,5312091.778478194,19035.99779024231,1569723.6248479513,5311979.120598791,20030.855248779124,1569299.2301424735,5311069.003215866,20030.855248779124
1569815.0243996752,5312490.508229955,19533.426519510715,3.002433986440293,1569482.029245921,5312091.778478194,19035.99779024231,1569906.4239513988,5313001.895861119,19035.99779024231,1570148.019553429,5312889.237981716,20030.855248779124,1569723.6248479513,5311979.120598791,20030.855248779124
1570239.419105153,5313400.625612879,19533.426519510715,4.054303999612884,1569906.4239513988,5313001.895861119,19035.99779024231,1570330.818656877,5313912.013244044,19035.99779024231,1570572.4142589073,5313799.355364641,20030.855248779124,1570148.019553429,5312889.237981716,20030.855248779124
1570663.813810631,5314310.742995805,19533.426519510715,3.6123609024278287,1570330.818656877,5313912.013244044,19035.99779024231,1570755.2133623548,5314822.130626969,19035.99779024231,1570996.8089643852,5314709.472747566,20030.855248779124,1570572.4142589073,5313799.355364641,20030.855248779124
1571088.208516109,5315220.860378729,19533.426519510715,3.4441019731512195,1570755.2133623548,5314822.130626969,19035.99779024231,1571179.6080678327,5315732.248009894,19035.99779024231,1571421.203669863,5315619.590130491,20030.855248779124,1570996.8089643852,5314709.472747566,20030.855248779124
1571512.6032215867,5316130.977761654,19533.426519510715,2.5834800520910957,1571179.6080678327,5315732.248009894,19035.99779024231,1571604.0027733105,5316642.365392819,19035.99779024231,1571845.598375341,5316529.707513416,20030.855248779124,1571421.203669863,5315619.590130491,20030.855248779124
1571936.9979270648,5317041.095144579,19533.426519510715,2.0142586742575137,1571604.0027733105,5316642.365392819,19035.99779024231,1572028.3974787886,5317552.482775743,19035.99779024231,1572269.9930808188,5317439.824896341,20030.855248779124,1571845.598375341,5316529.707513416,20030.855248779124
1572361.3926325424,5317951.212527505,19533.426519510715,1.7129448179050262,1572028.3974787886,5317552.482775743,19035.99779024231,1572452.7921842665,5318462.600158668,19035.99779024231,1572694.3877862967,5318349.942279265,20030.855248779124,1572269.9930808188,5317439.824896341,20030.855248779124
1572785.7873380205,5318861.329910429,19533.426519510715,2.426544231568508,1572452.7921842665,5318462.600158668,19035.99779024231,1572877.1868897444,5319372.717541593,19035.99779024231,1573118.7824917745,5319260.05966219,20030.855248779124,1572694.3877862967,5318349.942279265,20030.855248779124
1573210.1820434981,5319771.447293354,19533.426519510715,1.868702144778971,1572877.1868897444,5319372.717541593,19035.99779024231,1573301.5815952222,5320282.834924518,19035.99779024231,1573543.1771972524,5320170.177045115,20030.855248779124,1573118.7824917745,5319260.05966219,20030.855248779124
1573634.5767489763,5320681.564676279,19533.426519510715,0.9480464383282504,1573301.5815952222,5320282.834924518,19035.99779024231,1573725.9763007,5321192.952307443,19035.99779024231,1573967.5719027303,5321080.29442804,20030.855248779124,1573543.1771972524,5320170.177045115,20030.855248779124
1574058.9714544541,5321591.682059205,19533.426519510715,0.9364630106251866,1573725.9763007,5321192.952307443,19035.99779024231,1574150.371006178,5322103.069690369,19035.99779024231,1574391.9666082084,5321990.411810965,20030.855248779124,1573967.5719027303,5321080.29442804,20030.855248779124
1574483.366159932,5322501.79944213,19533.426519510715,0.8870650763646015,1574150.371006178,5322103.069690369,19035.99779024231,1574574.7657116558,5323013.187073294,19035.99779024231,1574816.361313686,5322900.52919389,20030.855248779124,1574391.9666082084,5321990.411810965,20030.855248779124
1574907.7608654096,5323411.916825053,19533.426519510715,0.18620027830557442,1574574.7657116558,5323013.187073294,19035.99779024231,1574999.1604171337,5323923.304456218,19035.99779024231,1575240.7560191639,5323810.646576815,20030.855248779124,1574816.361313686,5322900.52919389,20030.855248779124
1575332.1555708877,5324322.034207979,19533.426519510715,0.005171942884171001,1574999.1604171337,5323923.304456218,19035.99779024231,1575423.5551226116,5324833.421839144,19035.99779024231,1575665.150724642,5324720.76395974,20030.855248779124,1575240.7560191639,5323810.646576815,20030.855248779124
1575756.5502763658,5325232.151590904,19533.426519510715,0.0011062879006881953,1575423.5551226116,5324833.421839144,19035.99779024231,1575847.9498280897,5325743.539222069,19035.99779024231,1576089.5454301198,5325630.881342665,20030.855248779124,1575665.150724642,5324720.76395974,20030.855248779124
1576180.9449818437,5326142.26897383,19533.426519510715,0.004573717139699385,1575847.9498280897,5325743.539222069,19035.99779024231,1576272.3445335673,5326653.656604993,19035.99779024231,1576513.9401355977,5326540.998725589,20030.855248779124,1576089.5454301198,5325630.881342665,20030.855248779124
1563266.3047140595,5297815.972223752,20528.28397804753,4.812878928104714,1562933.3095603052,5297417.242471992,20030.855248779124,1563357.7042657828,5298327.359854917,20030.855248779124,1563599.299867814,5298214.701975513,21025.712707315935,1563174.905162336,5297304.584592588,21025.712707315935
1563690.6994195373,5298726.089606678,20528.28397804753,5.095878237043026,1563357.7042657828,5298327.359854917,20030.855248779124,1563782.098971261,5299237.477237842,20030.855248779124,1564023.694573292,5299124.819358438,21025.712707315935,1563599.299867814,5298214.701975513,21025.712707315935
1564115.0941250154,5299636.206989602,20528.28397804753,5.606300356014426,1563782.098971261,5299237.477237842,20030.855248779124,1564206.4936767388,5300147.594620766,20030.855248779124,1564448.08927877,5300034.936741363,21025.712707315935,1564023.694573292,5299124.819358438,21025.712707315935
1564539.488830493,5300546.324372527,20528.28397804753,6.647529422716656,1564206.4936767388,5300147.594620766,20030.855248779124,1564630.8883822167,5301057.712003691,20030.855248779124,1564872.4839842478,5300945.054124287,21025.712707315935,1564448.08927877,5300034.936741363,21025.712707315935
1564963.8835359712,5301456.441755452,20528.28397804753,6.757235241551199,1564630.8883822167,5301057.712003691,20030.855248779124,1565055.2830876946,5301967.829386616,20030.855248779124,1565296.8786897254,5301855.171507212,21025.712707315935,1564872.4839842478,5300945.054124287,21025.712707315935
1565388.2782414488,5302366.559138378,20528.28397804753,6.901227142863129,1565055.2830876946,5301967.829386616,20030.855248779124,1565479.6777931724,5302877.946769541,20030.855248779124,1565721.2733952035,5302765.288890137,21025.712707315935,1565296.8786897254,5301855.171507212,21025.712707315935
1565812.6729469271,5303276.676521302,20528.28397804753,7.06913633311839,1565479.6777931724,5302877.946769541,20030.855248779124,1565904.0724986503,5303788.064152466,20030.855248779124,1566145.6681006814,5303675.406273063,21025.712707315935,1565721.2733952035,5302765.288890137,21025.712707315935
1566237.0676524048,5304186.793904227,20528.28397804753,7.076337600549376,1565904.0724986503,5303788.064152466,20030.855248779124,1566328.4672041282,5304698.181535391,20030.855248779124,1566570.0628061593,5304585.523655987,21025.712707315935,1566145.6681006814,5303675.406273063,21025.712707315935
1566661.4623578829,5305096.911287151,20528.28397804753,7.092253268815991,1566328.4672041282,5304698.181535391,20030.855248779124,1566752.861909606,5305608.298918316,20030.855248779124,1566994.4575116371,5305495.641038912,21025.712707315935,1566570.0628061593,5304585.523655987,21025.712707315935
1567085.8570633605,5306007.028670077,20528.28397804753,7.040813730913413,1566752.861909606,5305608.298918316,20030.855248779124,1567177.256615084,5306518.416301241,20030.855248779124,1567418.852217115,5306405.758421838,21025.712707315935,1566994.4575116371,5305495.641038912,21025.712707315935
1567510.2517688386,5306917.146053001,20528.28397804753,6.848928267071882,1567177.256615084,5306518.416301241,20030.855248779124,1567601.6513205618,5307428.533684167,20030.855248779124,1567843.2469225929,5307315.875804763,21025.712707315935,1567418.852217115,5306405.758421838,21025.712707315935
1567934.6464743163,5307827.263435927,20528.28397804753,6.7435536097776705,1567601.6513205618,5307428.533684167,20030.855248779124,1568026.0460260396,5308338.651067092,20030.855248779124,1568267.6416280707,5308225.993187688,21025.712707315935,1567843.2469225929,5307315.875804763,21025.712707315935
1568359.0411797944,5308737.380818852,20528.28397804753,5.660679409012544,1568026.0460260396,5308338.651067092,20030.855248779124,1568450.4407315175,5309248.768450015,20030.855248779124,1568692.0363335486,5309136.110570612,21025.712707315935,1568267.6416280707,5308225.993187688,21025.712707315935
1568783.435885272,5309647.498201777,20528.28397804753,5.3583171922837955,1568450.4407315175,5309248.768450015,20030.855248779124,1568874.8354369954,5310158.885832941,20030.855248779124,1569116.4310390265,5310046.227953537,21025.712707315935,1568692.0363335486,5309136.110570612,21025.712707315935
1569207.8305907503,5310557.615584703,20528.28397804753,4.705656919611161,1568874.8354369954,5310158.885832941,20030.855248779124,1569299.2301424735,5311069.003215866,20030.855248779124,1569540.8257445046,5310956.345336462,21025.712707315935,1569116.4310390265,5310046.227953537,21025.712707315935
1569632.2252962282,5311467.732967627,20528.28397804753,2.2311571398884733,1569299.2301424735,5311069.003215866,20030.855248779124,1569723.6248479513,5311979.120598791,20030.855248779124,1569965.2204499822,5311866.462719387,21025.712707315935,1569540.8257445046,5310956.345336462,21025.712707315935
1570056.6200017058,5312377.850350552,20528.28397804753,2.3671202437789596,1569723.6248479513,5311979.120598791,20030.855248779124,1570148.019553429,5312889.237981716,20030.855248779124,1570389.6151554603,5312776.580102312,21025.712707315935,1569965.2204499822,5311866.462719387,21025.712707315935
1570481.0147071837,5313287.967733476,20528.28397804753,1.7189003815459576,1570148.019553429,5312889.237981716,20030.855248779124,1570572.4142589073,5313799.355364641,20030.855248779124,1570814.0098609384,5313686.697485237,21025.712707315935,1570389.6151554603,5312776.580102312,21025.712707315935
1570905.4094126618,5314198.085116402,20528.28397804753,2.207245119007443,1570572.4142589073,5313799.355364641,20030.855248779124,1570996.8089643852,5314709.472747566,20030.855248779124,1571238.4045664163,5314596.814868162,21025.712707315935,1570814.0098609384,5313686.697485237,21025.712707315935
1571329.8041181397,5315108.202499326,20528.28397804753,3.1483175076295473,1570996.8089643852,5314709.472747566,20030.855248779124,1571421.203669863,5315619.590130491,20030.855248779124,1571662.7992718942,5315506.932251087,21025.712707315935,1571238.4045664163,5314596.814868162,21025.712707315935
1571754.1988236173,5316018.319882251,20528.28397804753,2.704594615345247,1571421.203669863,5315619.590130491,20030.855248779124,1571845.598375341,5316529.707513416,20030.855248779124,1572087.193977372,5316417.049634012,21025.712707315935,1571662.7992718942,5315506.932251087,21025.712707315935
1572178.5935290954,5316928.437265176,20528.28397804753,1.7408608557754095,1571845.598375341,5316529.707513416,20030.855248779124,1572269.9930808188,5317439.824896341,20030.855248779124,1572511.58868285,5317327.167016937,21025.712707315935,1572087.193977372,5316417.049634012,21025.712707315935
1572602.9882345733,5317838.554648102,20528.28397804753,2.059359263670468,1572269.9930808188,5317439.824896341,20030.855248779124,1572694.3877862967,5318349.942279265,20030.855248779124,1572935.9833883278,5318237.2843998615,21025.712707315935,1572511.58868285,5317327.167016937,21025.712707315935
1573027.3829400511,5318748.672031026,20528.28397804753,1.4806870188137704,1572694.3877862967,5318349.942279265,20030.855248779124,1573118.7824917745,5319260.05966219,20030.855248779124,1573360.3780938056,5319147.4017827865,21025.712707315935,1572935.9833883278,5318237.2843998615,21025.712707315935
1573451.7776455288,5319658.789413951,20528.28397804753,0.9694620638729965,1573118.7824917745,5319260.05966219,20030.855248779124,1573543.1771972524,5320170.177045115,20030.855248779124,1573784.7727992835,5320057.5191657115,21025.712707315935,1573360.3780938056,5319147.4017827865,21025.712707315935
1573876.172351007,5320568.906796876,20528.28397804753,0.7264426192799927,1573543.1771972524,5320170.177045115,20030.855248779124,1573967.5719027303,5321080.29442804,20030.855248779124,1574209.1675047614,5320967.6365486365,21025.712707315935,1573784.7727992835,5320057.5191657115,21025.712707315935
1574300.5670564848,5321479.024179802,20528.28397804753,0.5350593761438406,1573967.5719027303,5321080.29442804,20030.855248779124,1574391.9666082084,5321990.411810965,20030.855248779124,1574633.5622102392,5321877.7539315615,21025.712707315935,1574209.1675047614,5320967.6365486365,21025.712707315935
1574724.9617619626,5322389.141562725,20528.28397804753,0.3916312660847191,1574391.9666082084,5321990.411810965,20030.855248779124,1574816.361313686,5322900.52919389,20030.855248779124,1575057.956915717,5322787.8713144865,21025.712707315935,1574633.5622102392,5321877.7539315615,21025.712707315935
1575149.3564674405,5323299.25894565,20528.28397804753,0.35072776569926883,1574816.361313686,5322900.52919389,20030.855248779124,1575240.7560191639,5323810.646576815,20030.855248779124,1575482.351621195,5323697.9886974115,21025.712707315935,1575057.956915717,5322787.8713144865,21025.712707315935
1575573.7511729186,5324209.376328575,20528.28397804753,0.14638367659957288,1575240.7560191639,5323810.646576815,20030.855248779124,1575665.150724642,5324720.76395974,20030.855248779124,1575906.7463266728,5324608.1060803365,21025.712707315935,1575482.351621195,5323697.9886974115,21025.712707315935
1575998.1458783965,5325119.493711501,20528.28397804753,0.012236061980790958,1575665.150724642,5324720.76395974,20030.855248779124,1576089.5454301198,5325630.881342665,20030.855248779124,1576331.141032151,5325518.2234632615,21025.712707315935,1575906.7463266728,5324608.1060803365,21025.712707315935
1576422.5405838743,5326029.611094425,20528.28397804753,0.007618520379195297,1576089.5454301198,5325630.881342665,20030.855248779124,1576513.9401355977,5326540.998725589,20030.855248779124,1576755.5357376286,5326428.3408461865,21025.712707315935,1576331.141032151,5325518.2234632615,21025.712707315935
1563507.9003160899,5297703.314344349,21523.14143658434,3.9112081677846553,1563174.905162336,5297304.584592588,21025.712707315935,1563599.299867814,5298214.701975513,21025.712707315935,1563840.895469844,5298102.04409611,22020.57016585275,1563416.5007643665,5297191.926713185,22020.57016585275
1563932.2950215682,5298613.431727273,21523.14143658434,3.9555818251084602,1563599.299867814,5298214.701975513,21025.712707315935,1564023.694573292,5299124.819358438,21025.712707315935,1564265.2901753222,5299012.161479035,22020.57016585275,1563840.895469844,5298102.04409611,22020.57016585275
1564356.689727046,5299523.549110198,21523.14143658434,5.08057186856268,1564023.694573292,5299124.819358438,21025.712707315935,1564448.08927877,5300034.936741363,21025.712707315935,1564689.6848808,5299922.27886196,22020.57016585275,1564265.2901753222,5299012.161479035,22020.57016585275
1564781.0844325237,5300433.666493123,21523.14143658434,5.959041714789628,1564448.08927877,5300034.936741363,21025.712707315935,1564872.4839842478,5300945.054124287,21025.712707315935,1565114.079586278,5300832.3962448845,22020.57016585275,1564689.6848808,5299922.27886196,22020.57016585275
1565205.479138002,5301343.783876049,21523.14143658434,6.505487748809659,1564872.4839842478,5300945.054124287,21025.712707315935,1565296.8786897254,5301855.171507212,21025.712707315935,1565538.4742917558,5301742.5136278095,22020.57016585275,1565114.079586278,5300832.3962448845,22020.57016585275
1565629.87384348,5302253.901258973,21523.14143658434,6.892733544335852,1565296.8786897254,5301855.171507212,21025.712707315935,1565721.2733952035,5302765.288890137,21025.712707315935,1565962.8689972337,5302652.6310107345,22020.57016585275,1565538.4742917558,5301742.5136278095,22020.57016585275
1566054.2685489578,5303164.018641899,21523.14143658434,7.011526294238607,1565721.2733952035,5302765.288890137,21025.712707315935,1566145.6681006814,5303675.406273063,21025.712707315935,1566387.2637027116,5303562.7483936595,22020.57016585275,1565962.8689972337,5302652.6310107345,22020.57016585275
1566478.6632544354,5304074.136024824,21523.14143658434,7.022628026965303,1566145.6681006814,5303675.406273063,21025.712707315935,1566570.0628061593,5304585.523655987,21025.712707315935,1566811.6584081894,5304472.8657765845,22020.57016585275,1566387.2637027116,5303562.7483936595,22020.57016585275
1566903.0579599135,5304984.253407748,21523.14143658434,7.02036110176933,1566570.0628061593,5304585.523655987,21025.712707315935,1566994.4575116371,5305495.641038912,21025.712707315935,1567236.0531136673,5305382.9831595095,22020.57016585275,1566811.6584081894,5304472.8657765845,22020.57016585275
1567327.4526653914,5305894.3707906725,21523.14143658434,7.00772403949514,1566994.4575116371,5305495.641038912,21025.712707315935,1567418.852217115,5306405.758421838,21025.712707315935,1567660.4478191452,5306293.1005424345,22020.57016585275,1567236.0531136673,5305382.9831595095,22020.57016585275
1567751.8473708692,5306804.488173598,21523.14143658434,6.7736695241476435,1567418.852217115,5306405.758421838,21025.712707315935,1567843.2469225929,5307315.875804763,21025.712707315935,1568084.842524623,5307203.2179253595,22020.57016585275,1567660.4478191452,5306293.1005424345,22020.57016585275
1568176.2420763469,5307714.605556523,21523.14143658434,6.256180657059172,1567843.2469225929,5307315.875804763,21025.712707315935,1568267.6416280707,5308225.993187688,21025.712707315935,1568509.237230101,5308113.3353082845,22020.57016585275,1568084.842524623,5307203.2179253595,22020.57016585275
1568600.636781825,5308624.722939448,21523.14143658434,5.428085286379774,1568267.6416280707,5308225.993187688,21025.712707315935,1568692.0363335486,5309136.110570612,21025.712707315935,1568933.6319355788,5309023.4526912095,22020.57016585275,1568509.237230101,5308113.3353082845,22020.57016585275
1569025.0314873029,5309534.840322374,21523.14143658434,5.142169925072926,1568692.0363335486,5309136.110570612,21025.712707315935,1569116.4310390265,5310046.227953537,21025.712707315935,1569358.0266410569,5309933.570074134,22020.57016585275,1568933.6319355788,5309023.4526912095,22020.57016585275
1569449.4261927807,5310444.957705298,21523.14143658434,3.8613636742322446,1569116.4310390265,5310046.227953537,21025.712707315935,1569540.8257445046,5310956.345336462,21025.712707315935,1569782.421346535,5310843.687457059,22020.57016585275,1569358.0266410569,5309933.570074134,22020.57016585275
1569873.8208982586,5311355.075088223,21523.14143658434,2.4016589618276414,1569540.8257445046,5310956.345336462,21025.712707315935,1569965.2204499822,5311866.462719387,21025.712707315935,1570206.8160520128,5311753.804839984,22020.57016585275,1569782.421346535,5310843.687457059,22020.57016585275
1570298.2156037365,5312265.192471148,21523.14143658434,1.7330341236187206,1569965.2204499822,5311866.462719387,21025.712707315935,1570389.6151554603,5312776.580102312,21025.712707315935,1570631.2107574905,5312663.922222909,22020.57016585275,1570206.8160520128,5311753.804839984,22020.57016585275
1570722.6103092143,5313175.309854074,21523.14143658434,1.350543684847923,1570389.6151554603,5312776.580102312,21025.712707315935,1570814.0098609384,5313686.697485237,21025.712707315935,1571055.6054629686,5313574.039605834,22020.57016585275,1570631.2107574905,5312663.922222909,22020.57016585275
1571147.0050146924,5314085.4272369975,21523.14143658434,1.630712536248636,1570814.0098609384,5313686.697485237,21025.712707315935,1571238.4045664163,5314596.814868162,21025.712707315935,1571480.0001684465,5314484.156988759,22020.57016585275,1571055.6054629686,5313574.039605834,22020.57016585275
1571571.39972017,5314995.5446199225,21523.14143658434,2.081160037737218,1571238.4045664163,5314596.814868162,21025.712707315935,1571662.7992718942,5315506.932251087,21025.712707315935,1571904.3948739243,5315394.274371684,22020.57016585275,1571480.0001684465,5314484.156988759,22020.57016585275
1571995.7944256482,5315905.6620028475,21523.14143658434,1.5982351292515693,1571662.7992718942,5315506.932251087,21025.712707315935,1572087.193977372,5316417.049634012,21025.712707315935,1572328.7895794022,5316304.391754609,22020.57016585275,1571904.3948739243,5315394.274371684,22020.57016585275
1572420.1891311258,5316815.779385773,21523.14143658434,0.8351153726033594,1572087.193977372,5316417.049634012,21025.712707315935,1572511.58868285,5317327.167016937,21025.712707315935,1572753.18428488,5317214.509137534,22020.57016585275,1572328.7895794022,5316304.391754609,22020.57016585275
1572844.583836604,5317725.896768698,21523.14143658434,0.5520504889821289,1572511.58868285,5317327.167016937,21025.712707315935,1572935.9833883278,5318237.2843998615,21025.712707315935,1573177.578990358,5318124.626520459,22020.57016585275,1572753.18428488,5317214.509137534,22020.57016585275
1573268.9785420815,5318636.014151623,21523.14143658434,0.21941117290400564,1572935.9833883278,5318237.2843998615,21025.712707315935,1573360.3780938056,5319147.4017827865,21025.712707315935,1573601.9736958358,5319034.743903384,22020.57016585275,1573177.578990358,5318124.626520459,22020.57016585275
1573693.3732475596,5319546.131534548,21523.14143658434,0.18568313748630724,1573360.3780938056,5319147.4017827865,21025.712707315935,1573784.7727992835,5320057.5191657115,21025.712707315935,1574026.3684013137,5319944.861286308,22020.57016585275,1573601.9736958358,5319034.743903384,22020.57016585275
1574117.7679530373,5320456.2489174735,21523.14143658434,0.32798088267004005,1573784.7727992835,5320057.5191657115,21025.712707315935,1574209.1675047614,5320967.6365486365,21025.712707315935,1574450.7631067915,5320854.978669234,22020.57016585275,1574026.3684013137,5319944.861286308,22020.57016585275
1574542.1626585156,5321366.366300398,21523.14143658434,0.5060183599877368,1574209.1675047614,5320967.6365486365,21025.712707315935,1574633.5622102392,5321877.7539315615,21025.712707315935,1574875.1578122696,5321765.096052159,22020.57016585275,1574450.7631067915,5320854.978669234,22020.57016585275
1574966.5573639933,5322276.483683323,21523.14143658434,0.5160916832626328,1574633.5622102392,5321877.7539315615,21025.712707315935,1575057.956915717,5322787.8713144865,21025.712707315935,1575299.5525177473,5322675.213435084,22020.57016585275,1574875.1578122696,5321765.096052159,22020.57016585275
1575390.9520694714,5323186.601066247,21523.14143658434,0.5008390886624682,1575057.956915717,5322787.8713144865,21025.712707315935,1575482.351621195,5323697.9886974115,21025.712707315935,1575723.9472232251,5323585.330818009,22020.57016585275,1575299.5525177473,5322675.213435084,22020.57016585275
1575815.346774949,5324096.718449173,21523.14143658434,0.5203404858522571,1575482.351621195,5323697.9886974115,21025.712707315935,1575906.7463266728,5324608.1060803365,21025.712707315935,1576148.3419287032,5324495.448200934,22020.57016585275,1575723.9472232251,5323585.330818009,22020.57016585275
1576239.7414804273,5325006.835832097,21523.14143658434,0.12546996190692747,1575906.7463266728,5324608.1060803365,21025.712707315935,1576331.141032151,5325518.2234632615,21025.712707315935,1576572.736634181,5325405.565583859,22020.57016585275,1576148.3419287032,5324495.448200934,22020.57016585275
1576664.1361859052,5325916.953215022,21523.14143658434,0.04456589326191692,1576331.141032151,5325518.2234632615,21025.712707315935,1576755.5357376286,5326428.3408461865,21025.712707315935,1576997.131339659,5326315.682966784,22020.57016585275,1576572.736634181,5325405.565583859,22020.57016585275
1563749.4959181203,5297590.656464946,22517.998895121153,2.538679632409612,1563416.5007643665,5297191.926713185,22020.57016585275,1563840.895469844,5298102.04409611,22020.57016585275,1564082.4910718745,5297989.386216707,23015.42762438956,1563658.0963663966,5297079.268833782,23015.42762438956
1564173.8906235984,5298500.7738478705,22517.998895121153,2.1062738847822344,1563840.895469844,5298102.04409611,22020.57016585275,1564265.2901753222,5299012.161479035,22020.57016585275,1564506.8857773524,5298899.503599632,23015.42762438956,1564082.4910718745,5297989.386216707,23015.42762438956
1564598.2853290762,5299410.8912307955,22517.998895121153,1.535044571954835,1564265.2901753222,5299012.161479035,22020.57016585275,1564689.6848808,5299922.27886196,22020.57016585275,1564931.2804828302,5299809.620982557,23015.42762438956,1564506.8857773524,5298899.503599632,23015.42762438956
1565022.6800345543,5300321.008613721,22517.998895121153,3.1733751799799337,1564689.6848808,5299922.27886196,22020.57016585275,1565114.079586278,5300832.3962448845,22020.57016585275,1565355.675188308,5300719.738365481,23015.42762438956,1564931.2804828302,5299809.620982557,23015.42762438956
1565447.074740032,5301231.1259966465,22517.998895121153,4.429635019256256,1565114.079586278,5300832.3962448845,22020.57016585275,1565538.4742917558,5301742.5136278095,22020.57016585275,1565780.069893786,5301629.855748406,23015.42762438956,1565355.675188308,5300719.738365481,23015.42762438956
1565871.46944551,5302141.243379571,22517.998895121153,4.9328775408197565,1565538.4742917558,5301742.5136278095,22020.57016585275,1565962.8689972337,5302652.6310107345,22020.57016585275,1566204.4645992639,5302539.973131331,23015.42762438956,1565780.069893786,5301629.855748406,23015.42762438956
1566295.8641509877,5303051.360762496,22517.998895121153,5.24891762807573,1565962.8689972337,5302652.6310107345,22020.57016585275,1566387.2637027116,5303562.7483936595,22020.57016585275,1566628.8593047417,5303450.090514257,23015.42762438956,1566204.4645992639,5302539.973131331,23015.42762438956
1566720.2588564658,5303961.478145421,22517.998895121153,6.102541646396384,1566387.2637027116,5303562.7483936595,22020.57016585275,1566811.6584081894,5304472.8657765845,22020.57016585275,1567053.2540102196,5304360.207897182,23015.42762438956,1566628.8593047417,5303450.090514257,23015.42762438956
1567144.6535619434,5304871.595528346,22517.998895121153,6.268158305479525,1566811.6584081894,5304472.8657765845,22020.57016585275,1567236.0531136673,5305382.9831595095,22020.57016585275,1567477.6487156975,5305270.325280106,23015.42762438956,1567053.2540102196,5304360.207897182,23015.42762438956
1567569.0482674215,5305781.71291127,22517.998895121153,6.165907633206345,1567236.0531136673,5305382.9831595095,22020.57016585275,1567660.4478191452,5306293.1005424345,22020.57016585275,1567902.0434211756,5306180.442663032,23015.42762438956,1567477.6487156975,5305270.325280106,23015.42762438956
1567993.4429728994,5306691.830294195,22517.998895121153,5.67065109298899,1567660.4478191452,5306293.1005424345,22020.57016585275,1568084.842524623,5307203.2179253595,22020.57016585275,1568326.4381266537,5307090.560045957,23015.42762438956,1567902.0434211756,5306180.442663032,23015.42762438956
1568417.8376783773,5307601.94767712,22517.998895121153,5.206372211138552,1568084.842524623,5307203.2179253595,22020.57016585275,1568509.237230101,5308113.3353082845,22020.57016585275,1568750.8328321315,5308000.677428882,23015.42762438956,1568326.4381266537,5307090.560045957,23015.42762438956
1568842.232383855,5308512.065060046,22517.998895121153,4.419752918575664,1568509.237230101,5308113.3353082845,22020.57016585275,1568933.6319355788,5309023.4526912095,22020.57016585275,1569175.2275376092,5308910.794811807,23015.42762438956,1568750.8328321315,5308000.677428882,23015.42762438956
1569266.627089333,5309422.18244297,22517.998895121153,2.9952273400560734,1568933.6319355788,5309023.4526912095,22020.57016585275,1569358.0266410569,5309933.570074134,22020.57016585275,1569599.6222430873,5309820.912194731,23015.42762438956,1569175.2275376092,5308910.794811807,23015.42762438956
1569691.0217948111,5310332.299825895,22517.998895121153,1.9348507415187393,1569358.0266410569,5309933.570074134,22020.57016585275,1569782.421346535,5310843.687457059,22020.57016585275,1570024.0169485651,5310731.029577656,23015.42762438956,1569599.6222430873,5309820.912194731,23015.42762438956
1570115.4165002888,5311242.41720882,22517.998895121153,1.9037802963499866,1569782.421346535,5310843.687457059,22020.57016585275,1570206.8160520128,5311753.804839984,22020.57016585275,1570448.411654043,5311641.146960581,23015.42762438956,1570024.0169485651,5310731.029577656,23015.42762438956
1570539.8112057669,5312152.534591746,22517.998895121153,1.1651780235038751,1570206.8160520128,5311753.804839984,22020.57016585275,1570631.2107574905,5312663.922222909,22020.57016585275,1570872.8063595209,5312551.264343506,23015.42762438956,1570448.411654043,5311641.146960581,23015.42762438956
1570964.2059112447,5313062.65197467,22517.998895121153,0.9415924310852214,1570631.2107574905,5312663.922222909,22020.57016585275,1571055.6054629686,5313574.039605834,22020.57016585275,1571297.2010649987,5313461.381726431,23015.42762438956,1570872.8063595209,5312551.264343506,23015.42762438956
1571388.6006167226,5313972.769357594,22517.998895121153,1.3948675688641987,1571055.6054629686,5313574.039605834,22020.57016585275,1571480.0001684465,5314484.156988759,22020.57016585275,1571721.5957704766,5314371.499109356,23015.42762438956,1571297.2010649987,5313461.381726431,23015.42762438956
1571812.9953222002,5314882.886740519,22517.998895121153,1.1471583064896302,1571480.0001684465,5314484.156988759,22020.57016585275,1571904.3948739243,5315394.274371684,22020.57016585275,1572145.9904759545,5315281.616492281,23015.42762438956,1571721.5957704766,5314371.499109356,23015.42762438956
1572237.3900276783,5315793.004123445,22517.998895121153,0.40531252473942914,1571904.3948739243,5315394.274371684,22020.57016585275,1572328.7895794022,5316304.391754609,22020.57016585275,1572570.3851814324,5316191.733875206,23015.42762438956,1572145.9904759545,5315281.616492281,23015.42762438956
1572661.7847331562,5316703.121506369,22517.998895121153,0.23047618057343616,1572328.7895794022,5316304.391754609,22020.57016585275,1572753.18428488,5317214.509137534,22020.57016585275,1572994.7798869102,5317101.851258131,23015.42762438956,1572570.3851814324,5316191.733875206,23015.42762438956
1573086.179438634,5317613.238889295,22517.998895121153,0.19675759585490782,1572753.18428488,5317214.509137534,22020.57016585275,1573177.578990358,5318124.626520459,22020.57016585275,1573419.174592388,5318011.968641056,23015.42762438956,1572994.7798869102,5317101.851258131,23015.42762438956
1573510.574144112,5318523.35627222,22517.998895121153,0.08486685317148801,1573177.578990358,5318124.626520459,22020.57016585275,1573601.9736958358,5319034.743903384,22020.57016585275,1573843.569297866,5318922.08602398,23015.42762438956,1573419.174592388,5318011.968641056,23015.42762438956
1573934.96884959,5319433.473655145,22517.998895121153,0.267507872355134,1573601.9736958358,5319034.743903384,22020.57016585275,1574026.3684013137,5319944.861286308,22020.57016585275,1574267.9640033438,5319832.203406905,23015.42762438956,1573843.569297866,5318922.08602398,23015.42762438956
1574359.363555068,5320343.591038069,22517.998895121153,0.5001923010041607,1574026.3684013137,5319944.861286308,22020.57016585275,1574450.7631067915,5320854.978669234,22020.57016585275,1574692.3587088217,5320742.32078983,23015.42762438956,1574267.9640033438,5319832.203406905,23015.42762438956
1574783.7582605458,5321253.708420995,22517.998895121153,0.5725844766128357,1574450.7631067915,5320854.978669234,22020.57016585275,1574875.1578122696,5321765.096052159,22020.57016585275,1575116.7534142998,5321652.438172755,23015.42762438956,1574692.3587088217,5320742.32078983,23015.42762438956
1575208.1529660237,5322163.82580392,22517.998895121153,0.39420960948540407,1574875.1578122696,5321765.096052159,22020.57016585275,1575299.5525177473,5322675.213435084,22020.57016585275,1575541.1481197777,5322562.55555568,23015.42762438956,1575116.7534142998,5321652.438172755,23015.42762438956
1575632.5476715015,5323073.943186844,22517.998895121153,0.21547791658222404,1575299.5525177473,5322675.213435084,22020.57016585275,1575723.9472232251,5323585.330818009,22020.57016585275,1575965.5428252553,5323472.672938605,23015.42762438956,1575541.1481197777,5322562.55555568,23015.42762438956
1576056.9423769794,5323984.06056977,22517.998895121153,0.09324477559357777,1575723.9472232251,5323585.330818009,22020.57016585275,1576148.3419287032,5324495.448200934,22020.57016585275,1576389.9375307334,5324382.79032153,23015.42762438956,1575965.5428252553,5323472.672938605,23015.42762438956
1576481.3370824575,5324894.177952694,22517.998895121153,0.08524643910583361,1576148.3419287032,5324495.448200934,22020.57016585275,1576572.736634181,5325405.565583859,22020.57016585275,1576814.3322362113,5325292.907704455,23015.42762438956,1576389.9375307334,5324382.79032153,23015.42762438956
1576905.7317879351,5325804.295335619,22517.998895121153,0.05165604256787942,1576572.736634181,5325405.565583859,22020.57016585275,1576997.131339659,5326315.682966784,22020.57016585275,1577238.7269416892,5326203.02508738,23015.42762438956,1576814.3322362113,5325292.907704455,23015.42762438956
1563991.0915201511,5297477.998585542,23512.856353657968,1.567894717625389,1563658.0963663966,5297079.268833782,23015.42762438956,1564082.4910718745,5297989.386216707,23015.42762438956,1564324.0866739054,5297876.728337303,24010.285082926373,1563899.6919684277,5296966.610954378,24010.285082926373
1564415.486225629,5298388.115968467,23512.856353657968,1.052813637337882,1564082.4910718745,5297989.386216707,23015.42762438956,1564506.8857773524,5298899.503599632,23015.42762438956,1564748.4813793835,5298786.845720228,24010.285082926373,1564324.0866739054,5297876.728337303,24010.285082926373
1564839.880931107,5299298.233351392,23512.856353657968,1.287225127583205,1564506.8857773524,5298899.503599632,23015.42762438956,1564931.2804828302,5299809.620982557,23015.42762438956,1565172.8760848613,5299696.963103154,24010.285082926373,1564748.4813793835,5298786.845720228,24010.285082926373
1565264.275636585,5300208.350734318,23512.856353657968,1.7264905876403707,1564931.2804828302,5299809.620982557,23015.42762438956,1565355.675188308,5300719.738365481,23015.42762438956,1565597.2707903392,5300607.080486078,24010.285082926373,1565172.8760848613,5299696.963103154,24010.285082926373
1565688.6703420626,5301118.468117242,23512.856353657968,1.999373823806182,1565355.675188308,5300719.738365481,23015.42762438956,1565780.069893786,5301629.855748406,23015.42762438956,1566021.665495817,5301517.197869002,24010.285082926373,1565597.2707903392,5300607.080486078,24010.285082926373
1566113.0650475407,5302028.585500167,23512.856353657968,2.3200135928509584,1565780.069893786,5301629.855748406,23015.42762438956,1566204.4645992639,5302539.973131331,23015.42762438956,1566446.060201295,5302427.315251928,24010.285082926373,1566021.665495817,5301517.197869002,24010.285082926373
1566537.4597530186,5302938.702883093,23512.856353657968,2.8015150150455783,1566204.4645992639,5302539.973131331,23015.42762438956,1566628.8593047417,5303450.090514257,23015.42762438956,1566870.4549067728,5303337.432634853,24010.285082926373,1566446.060201295,5302427.315251928,24010.285082926373
1566961.8544584964,5303848.820266018,23512.856353657968,3.0225498053446573,1566628.8593047417,5303450.090514257,23015.42762438956,1567053.2540102196,5304360.207897182,23015.42762438956,1567294.8496122507,5304247.550017778,24010.285082926373,1566870.4549067728,5303337.432634853,24010.285082926373
1567386.249163974,5304758.937648943,23512.856353657968,3.7919586029692947,1567053.2540102196,5304360.207897182,23015.42762438956,1567477.6487156975,5305270.325280106,23015.42762438956,1567719.2443177288,5305157.667400703,24010.285082926373,1567294.8496122507,5304247.550017778,24010.285082926373
1567810.6438694522,5305669.055031867,23512.856353657968,4.578430259401099,1567477.6487156975,5305270.325280106,23015.42762438956,1567902.0434211756,5306180.442663032,23015.42762438956,1568143.6390232067,5306067.784783628,24010.285082926373,1567719.2443177288,5305157.667400703,24010.285082926373
1568235.03857493,5306579.172414792,23512.856353657968,4.579287941765352,1567902.0434211756,5306180.442663032,23015.42762438956,1568326.4381266537,5307090.560045957,23015.42762438956,1568568.0337286848,5306977.902166553,24010.285082926373,1568143.6390232067,5306067.784783628,24010.285082926373
1568659.433280408,5307489.289797717,23512.856353657968,4.2558804428765225,1568326.4381266537,5307090.560045957,23015.42762438956,1568750.8328321315,5308000.677428882,23015.42762438956,1568992.4284341624,5307888.019549478,24010.285082926373,1568568.0337286848,5306977.902166553,24010.285082926373
1569083.8279858856,5308399.407180643,23512.856353657968,3.4924517138760045,1568750.8328321315,5308000.677428882,23015.42762438956,1569175.2275376092,5308910.794811807,23015.42762438956,1569416.8231396403,5308798.136932403,24010.285082926373,1568992.4284341624,5307888.019549478,24010.285082926373
1569508.2226913637,5309309.524563567,23512.856353657968,2.8274636749479116,1569175.2275376092,5308910.794811807,23015.42762438956,1569599.6222430873,5309820.912194731,23015.42762438956,1569841.2178451181,5309708.254315328,24010.285082926373,1569416.8231396403,5308798.136932403,24010.285082926373
1569932.6173968415,5310219.641946492,23512.856353657968,2.2645609774839515,1569599.6222430873,5309820.912194731,23015.42762438956,1570024.0169485651,5310731.029577656,23015.42762438956,1570265.6125505962,5310618.371698252,24010.285082926373,1569841.2178451181,5309708.254315328,24010.285082926373
1570357.0121023196,5311129.759329417,23512.856353657968,3.054276124335193,1570024.0169485651,5310731.029577656,23015.42762438956,1570448.411654043,5311641.146960581,23015.42762438956,1570690.007256074,5311528.489081177,24010.285082926373,1570265.6125505962,5310618.371698252,24010.285082926373
1570781.4068077973,5312039.876712343,23512.856353657968,1.392621622956702,1570448.411654043,5311641.146960581,23015.42762438956,1570872.8063595209,5312551.264343506,23015.42762438956,1571114.4019615517,5312438.606464102,24010.285082926373,1570690.007256074,5311528.489081177,24010.285082926373
1571205.8015132751,5312949.994095267,23512.856353657968,1.2665707747383117,1570872.8063595209,5312551.264343506,23015.42762438956,1571297.2010649987,5313461.381726431,23015.42762438956,1571538.7966670298,5313348.723847027,24010.285082926373,1571114.4019615517,5312438.606464102,24010.285082926373
1571630.196218753,5313860.111478192,23512.856353657968,1.3946414083511105,1571297.2010649987,5313461.381726431,23015.42762438956,1571721.5957704766,5314371.499109356,23015.42762438956,1571963.1913725077,5314258.841229952,24010.285082926373,1571538.7966670298,5313348.723847027,24010.285082926373
1572054.590924231,5314770.228861116,23512.856353657968,1.2901891593394657,1571721.5957704766,5314371.499109356,23015.42762438956,1572145.9904759545,5315281.616492281,23015.42762438956,1572387.5860779856,5315168.958612877,24010.285082926373,1571963.1913725077,5314258.841229952,24010.285082926373
1572478.985629709,5315680.346244042,23512.856353657968,0.48177721103866333,1572145.9904759545,5315281.616492281,23015.42762438956,1572570.3851814324,5316191.733875206,23015.42762438956,1572811.9807834635,5316079.075995802,24010.285082926373,1572387.5860779856,5315168.958612877,24010.285082926373
1572903.380335187,5316590.463626966,23512.856353657968,0.32270143775306565,1572570.3851814324,5316191.733875206,23015.42762438956,1572994.7798869102,5317101.851258131,23015.42762438956,1573236.3754889413,5316989.193378727,24010.285082926373,1572811.9807834635,5316079.075995802,24010.285082926373
1573327.7750406647,5317500.581009891,23512.856353657968,0.0955832781378446,1572994.7798869102,5317101.851258131,23015.42762438956,1573419.174592388,5318011.968641056,23015.42762438956,1573660.7701944192,5317899.310761652,24010.285082926373,1573236.3754889413,5316989.193378727,24010.285082926373
1573752.1697461428,5318410.698392816,23512.856353657968,0.03228825597467798,1573419.174592388,5318011.968641056,23015.42762438956,1573843.569297866,5318922.08602398,23015.42762438956,1574085.164899897,5318809.428144576,24010.285082926373,1573660.7701944192,5317899.310761652,24010.285082926373
1574176.5644516204,5319320.815775742,23512.856353657968,0.03474864317370075,1573843.569297866,5318922.08602398,23015.42762438956,1574267.9640033438,5319832.203406905,23015.42762438956,1574509.559605375,5319719.545527501,24010.285082926373,1574085.164899897,5318809.428144576,24010.285082926373
1574600.9591570986,5320230.933158666,23512.856353657968,0.15029590082909178,1574267.9640033438,5319832.203406905,23015.42762438956,1574692.3587088217,5320742.32078983,23015.42762438956,1574933.9543108528,5320629.662910426,24010.285082926373,1574509.559605375,5319719.545527501,24010.285082926373
1575025.3538625764,5321141.050541591,23512.856353657968,0.31466763537272857,1574692.3587088217,5320742.32078983,23015.42762438956,1575116.7534142998,5321652.438172755,23015.42762438956,1575358.349016331,5321539.780293351,24010.285082926373,1574933.9543108528,5320629.662910426,24010.285082926373
1575449.7485680543,5322051.167924516,23512.856353657968,0.3591640954793719,1575116.7534142998,5321652.438172755,23015.42762438956,1575541.1481197777,5322562.55555568,23015.42762438956,1575782.7437218085,5322449.897676276,24010.285082926373,1575358.349016331,5321539.780293351,24010.285082926373
1575874.1432735322,5322961.285307441,23512.856353657968,0.3525937651415862,1575541.1481197777,5322562.55555568,23015.42762438956,1575965.5428252553,5323472.672938605,23015.42762438956,1576207.1384272864,5323360.015059201,24010.285082926373,1575782.7437218085,5322449.897676276,24010.285082926373
1576298.53797901,5323871.402690365,23512.856353657968,0.19728890413044337,1575965.5428252553,5323472.672938605,23015.42762438956,1576389.9375307334,5324382.79032153,23015.42762438956,1576631.5331327645,5324270.132442126,24010.285082926373,1576207.1384272864,5323360.015059201,24010.285082926373
1576722.9326844881,5324781.52007329,23512.856353657968,0.13392278155581988,1576389.9375307334,5324382.79032153,23015.42762438956,1576814.3322362113,5325292.907704455,23015.42762438956,1577055.9278382426,5325180.249825051,24010.285082926373,1576631.5331327645,5324270.132442126,24010.285082926373
1577147.327389966,5325691.637456215,23512.856353657968,0.25252150249220556,1576814.3322362113,5325292.907704455,23015.42762438956,1577238.7269416892,5326203.02508738,23015.42762438956,1577480.3225437205,5326090.367207976,24010.285082926373,1577055.9278382426,5325180.249825051,24010.285082926373
1564232.6871221818,5297365.340706138,24507.71381219478,3.801709460175463,1563899.6919684277,5296966.610954378,24010.285082926373,1564324.0866739054,5297876.728337303,24010.285082926373,1564565.6822759358,5297764.0704579,25005.142541463185,1564141.287570458,5296853.953074975,25005.142541463185
1564657.0818276596,5298275.458089063,24507.71381219478,3.015938823621039,1564324.0866739054,5297876.728337303,24010.285082926373,1564748.4813793835,5298786.845720228,24010.285082926373,1564990.0769814136,5298674.187840825,25005.142541463185,1564565.6822759358,5297764.0704579,25005.142541463185
1565081.4765331377,5299185.575471989,24507.71381219478,1.276019128174179,1564748.4813793835,5298786.845720228,24010.285082926373,1565172.8760848613,5299696.963103154,24010.285082926373,1565414.4716868915,5299584.30522375,25005.142541463185,1564990.0769814136,5298674.187840825,25005.142541463185
1565505.8712386154,5300095.692854914,24507.71381219478,1.9514006507963133,1565172.8760848613,5299696.963103154,24010.285082926373,1565597.2707903392,5300607.080486078,24010.285082926373,1565838.8663923694,5300494.422606675,25005.142541463185,1565414.4716868915,5299584.30522375,25005.142541463185
1565930.2659440935,5301005.810237838,24507.71381219478,1.5189036066369868,1565597.2707903392,5300607.080486078,24010.285082926373,1566021.665495817,5301517.197869002,24010.285082926373,1566263.2610978473,5301404.539989599,25005.142541463185,1565838.8663923694,5300494.422606675,25005.142541463185
1566354.660649571,5301915.927620764,24507.71381219478,1.3916397982390547,1566021.665495817,5301517.197869002,24010.285082926373,1566446.060201295,5302427.315251928,24010.285082926373,1566687.6558033254,5302314.657372524,25005.142541463185,1566263.2610978473,5301404.539989599,25005.142541463185
1566779.0553550492,5302826.045003689,24507.71381219478,1.1327727942361068,1566446.060201295,5302427.315251928,24010.285082926373,1566870.4549067728,5303337.432634853,24010.285082926373,1567112.0505088032,5303224.774755449,25005.142541463185,1566687.6558033254,5302314.657372524,25005.142541463185
1567203.4500605268,5303736.162386615,24507.71381219478,1.360935779273261,1566870.4549067728,5303337.432634853,24010.285082926373,1567294.8496122507,5304247.550017778,24010.285082926373,1567536.445214281,5304134.892138374,25005.142541463185,1567112.0505088032,5303224.774755449,25005.142541463185
1567627.844766005,5304646.279769539,24507.71381219478,2.4877514587256995,1567294.8496122507,5304247.550017778,24010.285082926373,1567719.2443177288,5305157.667400703,24010.285082926373,1567960.839919759,5305045.009521299,25005.142541463185,1567536.445214281,5304134.892138374,25005.142541463185
1568052.2394714826,5305556.397152463,24507.71381219478,3.804878733073849,1567719.2443177288,5305157.667400703,24010.285082926373,1568143.6390232067,5306067.784783628,24010.285082926373,1568385.2346252368,5305955.126904224,25005.142541463185,1567960.839919759,5305045.009521299,25005.142541463185
1568476.634176961,5306466.514535388,24507.71381219478,3.8564939395938747,1568143.6390232067,5306067.784783628,24010.285082926373,1568568.0337286848,5306977.902166553,24010.285082926373,1568809.629330715,5306865.244287149,25005.142541463185,1568385.2346252368,5305955.126904224,25005.142541463185
1568901.0288824388,5307376.631918314,24507.71381219478,3.391513835760445,1568568.0337286848,5306977.902166553,24010.285082926373,1568992.4284341624,5307888.019549478,24010.285082926373,1569234.0240361928,5307775.361670074,25005.142541463185,1568809.629330715,5306865.244287149,25005.142541463185
1569325.4235879164,5308286.749301238,24507.71381219478,2.751784183784798,1568992.4284341624,5307888.019549478,24010.285082926373,1569416.8231396403,5308798.136932403,24010.285082926373,1569658.4187416704,5308685.479052999,25005.142541463185,1569234.0240361928,5307775.361670074,25005.142541463185
1569749.818293394,5309196.866684163,24507.71381219478,3.5637199467660556,1569416.8231396403,5308798.136932403,24010.285082926373,1569841.2178451181,5309708.254315328,24010.285082926373,1570082.8134471485,5309595.596435924,25005.142541463185,1569658.4187416704,5308685.479052999,25005.142541463185
1570174.2129988724,5310106.984067088,24507.71381219478,2.9096046949379115,1569841.2178451181,5309708.254315328,24010.285082926373,1570265.6125505962,5310618.371698252,24010.285082926373,1570507.2081526264,5310505.713818848,25005.142541463185,1570082.8134471485,5309595.596435924,25005.142541463185
1570598.6077043503,5311017.101450014,24507.71381219478,3.0142598227548754,1570265.6125505962,5310618.371698252,24010.285082926373,1570690.007256074,5311528.489081177,24010.285082926373,1570931.6028581043,5311415.831201773,25005.142541463185,1570507.2081526264,5310505.713818848,25005.142541463185
1571023.002409828,5311927.218832938,24507.71381219478,2.261374926955685,1570690.007256074,5311528.489081177,24010.285082926373,1571114.4019615517,5312438.606464102,24010.285082926373,1571355.9975635821,5312325.948584698,25005.142541463185,1570931.6028581043,5311415.831201773,25005.142541463185
1571447.397115306,5312837.336215863,24507.71381219478,1.4390968381994416,1571114.4019615517,5312438.606464102,24010.285082926373,1571538.7966670298,5313348.723847027,24010.285082926373,1571780.39226906,5313236.065967623,25005.142541463185,1571355.9975635821,5312325.948584698,25005.142541463185
1571871.791820784,5313747.453598788,24507.71381219478,0.7485349198116515,1571538.7966670298,5313348.723847027,24010.285082926373,1571963.1913725077,5314258.841229952,24010.285082926373,1572204.786974538,5314146.183350549,25005.142541463185,1571780.39226906,5313236.065967623,25005.142541463185
1572296.186526262,5314657.570981713,24507.71381219478,0.4644526325647013,1571963.1913725077,5314258.841229952,24010.285082926373,1572387.5860779856,5315168.958612877,24010.285082926373,1572629.1816800158,5315056.300733474,25005.142541463185,1572204.786974538,5314146.183350549,25005.142541463185
1572720.5812317396,5315567.688364637,24507.71381219478,0.6950793553707327,1572387.5860779856,5315168.958612877,24010.285082926373,1572811.9807834635,5316079.075995802,24010.285082926373,1573053.5763854936,5315966.418116398,25005.142541463185,1572629.1816800158,5315056.300733474,25005.142541463185
1573144.9759372177,5316477.805747562,24507.71381219478,0.6903279556185855,1572811.9807834635,5316079.075995802,24010.285082926373,1573236.3754889413,5316989.193378727,24010.285082926373,1573477.9710909715,5316876.535499324,25005.142541463185,1573053.5763854936,5315966.418116398,25005.142541463185
1573569.3706426956,5317387.923130487,24507.71381219478,0.26784548081226456,1573236.3754889413,5316989.193378727,24010.285082926373,1573660.7701944192,5317899.310761652,24010.285082926373,1573902.3657964494,5317786.652882249,25005.142541463185,1573477.9710909715,5316876.535499324,25005.142541463185
1573993.7653481734,5318298.040513413,24507.71381219478,0.06748881455449825,1573660.7701944192,5317899.310761652,24010.285082926373,1574085.164899897,5318809.428144576,24010.285082926373,1574326.7605019272,5318696.770265174,25005.142541463185,1573902.3657964494,5317786.652882249,25005.142541463185
1574418.160053651,5319208.157896337,24507.71381219478,0.05265942286646662,1574085.164899897,5318809.428144576,24010.285082926373,1574509.559605375,5319719.545527501,24010.285082926373,1574751.155207405,5319606.887648098,25005.142541463185,1574326.7605019272,5318696.770265174,25005.142541463185
1574842.5547591292,5320118.275279262,24507.71381219478,0.07523099585037862,1574509.559605375,5319719.545527501,24010.285082926373,1574933.9543108528,5320629.662910426,24010.285082926373,1575175.549912883,5320517.005031023,25005.142541463185,1574751.155207405,5319606.887648098,25005.142541463185
1575266.949464607,5321028.392662187,24507.71381219478,0.31964250696467933,1574933.9543108528,5320629.662910426,24010.285082926373,1575358.349016331,5321539.780293351,24010.285082926373,1575599.944618361,5321427.122413948,25005.142541463185,1575175.549912883,5320517.005031023,25005.142541463185
1575691.344170085,5321938.510045113,24507.71381219478,0.7778322732576666,1575358.349016331,5321539.780293351,24010.285082926373,1575782.7437218085,5322449.897676276,24010.285082926373,1576024.3393238392,5322337.239796873,25005.142541463185,1575599.944618361,5321427.122413948,25005.142541463185
1576115.7388755626,5322848.627428037,24507.71381219478,0.5794579331629448,1575782.7437218085,5322449.897676276,24010.285082926373,1576207.1384272864,5323360.015059201,24010.285082926373,1576448.7340293168,5323247.357179798,25005.142541463185,1576024.3393238392,5322337.239796873,25005.142541463185
1576540.1335810407,5323758.744810961,24507.71381219478,0.2590893333255016,1576207.1384272864,5323360.015059201,24010.285082926373,1576631.5331327645,5324270.132442126,24010.285082926373,1576873.128734795,5324157.474562723,25005.142541463185,1576448.7340293168,5323247.357179798,25005.142541463185
1576964.5282865185,5324668.862193886,24507.71381219478,0.14854874299219756,1576631.5331327645,5324270.132442126,24010.285082926373,1577055.9278382426,5325180.249825051,24010.285082926373,1577297.5234402728,5325067.591945648,25005.142541463185,1576873.128734795,5324157.474562723,25005.142541463185
1577388.9229919966,5325578.979576812,24507.71381219478,0.06374643249973548,1577055.9278382426,5325180.249825051,24010.285082926373,1577480.3225437205,5326090.367207976,24010.285082926373,1577721.9181457506,5325977.709328573,25005.142541463185,1577297.5234402728,5325067.591945648,25005.142541463185
1564474.2827242126,5297252.682826735,25502.571270731594,2.922850402301275,1564141.287570458,5296853.953074975,25005.142541463185,1564565.6822759358,5297764.0704579,25005.142541463185,1564807.2778779666,5297651.412578496,26000.0,1564382.883172489,5296741.295195571,26000.0
1564898.6774296903,5298162.80020966,25502.571270731594,2.8480258688648146,1564565.6822759358,5297764.0704579,25005.142541463185,1564990.0769814136,5298674.187840825,25005.142541463185,1565231.6725834447,5298561.529961421,26000.0,1564807.2778779666,5297651.412578496,26000.0
1565323.0721351684,5299072.917592586,25502.571270731594,2.9188281695569143,1564990.0769814136,5298674.187840825,25005.142541463185,1565414.4716868915,5299584.30522375,25005.142541463185,1565656.0672889226,5299471.647344346,26000.0,1565231.6725834447,5298561.529961421,26000.0
1565747.4668406462,5299983.03497551,25502.571270731594,3.5691140733430293,1565414.4716868915,5299584.30522375,25005.142541463185,1565838.8663923694,5300494.422606675,25005.142541463185,1566080.4619944005,5300381.764727271,26000.0,1565656.0672889226,5299471.647344346,26000.0
1566171.861546124,5300893.152358435,25502.571270731594,1.77703096300227,1565838.8663923694,5300494.422606675,25005.142541463185,1566263.2610978473,5301404.539989599,25005.142541463185,1566504.8566998786,5301291.882110196,26000.0,1566080.4619944005,5300381.764727271,26000.0
1566596.2562516017,5301803.26974136,25502.571270731594,0.7378132102809776,1566263.2610978473,5301404.539989599,25005.142541463185,1566687.6558033254,5302314.657372524,25005.142541463185,1566929.2514053565,5302201.99949312,26000.0,1566504.8566998786,5301291.882110196,26000.0
1567020.6509570798,5302713.387124286,25502.571270731594,1.0475581684955784,1566687.6558033254,5302314.657372524,25005.142541463185,1567112.0505088032,5303224.774755449,25005.142541463185,1567353.6461108343,5303112.116876045,26000.0,1566929.2514053565,5302201.99949312,26000.0
1567445.0456625577,5303623.50450721,25502.571270731594,1.2869920285370995,1567112.0505088032,5303224.774755449,25005.142541463185,1567536.445214281,5304134.892138374,25005.142541463185,1567778.0408163122,5304022.23425897,26000.0,1567353.6461108343,5303112.116876045,26000.0
1567869.4403680356,5304533.621890135,25502.571270731594,3.843664744457861,1567536.445214281,5304134.892138374,25005.142541463185,1567960.839919759,5305045.009521299,25005.142541463185,1568202.43552179,5304932.351641895,26000.0,1567778.0408163122,5304022.23425897,26000.0
1568293.8350735132,5305443.73927306,25502.571270731594,4.651699289722746,1567960.839919759,5305045.009521299,25005.142541463185,1568385.2346252368,5305955.126904224,25005.142541463185,1568626.830227268,5305842.46902482,26000.0,1568202.43552179,5304932.351641895,26000.0
1568718.2297789913,5306353.856655985,25502.571270731594,5.10525891224568,1568385.2346252368,5305955.126904224,25005.142541463185,1568809.629330715,5306865.244287149,25005.142541463185,1569051.224932746,5306752.586407745,26000.0,1568626.830227268,5305842.46902482,26000.0
1569142.6244844692,5307263.974038909,25502.571270731594,4.1998604504132935,1568809.629330715,5306865.244287149,25005.142541463185,1569234.0240361928,5307775.361670074,25005.142541463185,1569475.6196382237,5307662.70379067,26000.0,1569051.224932746,5306752.586407745,26000.0
1569567.019189947,5308174.091421834,25502.571270731594,4.392062588727195,1569234.0240361928,5307775.361670074,25005.142541463185,1569658.4187416704,5308685.479052999,25005.142541463185,1569900.0143437015,5308572.821173595,26000.0,1569475.6196382237,5307662.70379067,26000.0
1569991.4138954247,5309084.208804759,25502.571270731594,3.3827941490034124,1569658.4187416704,5308685.479052999,25005.142541463185,1570082.8134471485,5309595.596435924,25005.142541463185,1570324.4090491794,5309482.93855652,26000.0,1569900.0143437015,5308572.821173595,26000.0
1570415.8086009028,5309994.326187685,25502.571270731594,2.5502976648067666,1570082.8134471485,5309595.596435924,25005.142541463185,1570507.2081526264,5310505.713818848,25005.142541463185,1570748.8037546575,5310393.055939445,26000.0,1570324.4090491794,5309482.93855652,26000.0
1570840.2033063807,5310904.443570609,25502.571270731594,3.761458140753369,1570507.2081526264,5310505.713818848,25005.142541463185,1570931.6028581043,5311415.831201773,25005.142541463185,1571173.1984601354,5311303.173322369,26000.0,1570748.8037546575,5310393.055939445,26000.0
1571264.5980118588,5311814.560953534,25502.571270731594,3.4553510174808646,1570931.6028581043,5311415.831201773,25005.142541463185,1571355.9975635821,5312325.948584698,25005.142541463185,1571597.593165613,5312213.290705294,26000.0,1571173.1984601354,5311303.173322369,26000.0
1571688.9927173366,5312724.678336459,25502.571270731594,3.1451353156094988,1571355.9975635821,5312325.948584698,25005.142541463185,1571780.39226906,5313236.065967623,25005.142541463185,1572021.987871091,5313123.40808822,26000.0,1571597.593165613,5312213.290705294,26000.0
1572113.3874228147,5313634.795719385,25502.571270731594,1.7030941365313859,1571780.39226906,5313236.065967623,25005.142541463185,1572204.786974538,5314146.183350549,25005.142541463185,1572446.382576569,5314033.525471145,26000.0,1572021.987871091,5313123.40808822,26000.0
1572537.7821282924,5314544.91310231,25502.571270731594,1.487105964697124,1572204.786974538,5314146.183350549,25005.142541463185,1572629.1816800158,5315056.300733474,25005.142541463185,1572870.7772820469,5314943.64285407,26000.0,1572446.382576569,5314033.525471145,26000.0
1572962.1768337705,5315455.030485233,25502.571270731594,1.2691118304411675,1572629.1816800158,5315056.300733474,25005.142541463185,1573053.5763854936,5315966.418116398,25005.142541463185,1573295.1719875247,5315853.760236995,26000.0,1572870.7772820469,5314943.64285407,26000.0
1573386.571539248,5316365.147868159,25502.571270731594,1.3466902982753373,1573053.5763854936,5315966.418116398,25005.142541463185,1573477.9710909715,5316876.535499324,25005.142541463185,1573719.5666930026,5316763.87761992,26000.0,1573295.1719875247,5315853.760236995,26000.0
1573810.9662447262,5317275.265251084,25502.571270731594,1.2896057794479399,1573477.9710909715,5316876.535499324,25005.142541463185,1573902.3657964494,5317786.652882249,25005.142541463185,1574143.9613984805,5317673.995002845,26000.0,1573719.5666930026,5316763.87761992,26000.0
1574235.3609502038,5318185.38263401,25502.571270731594,1.3123363345529853,1573902.3657964494,5317786.652882249,25005.142541463185,1574326.7605019272,5318696.770265174,25005.142541463185,1574568.3561039583,5318584.11238577,26000.0,1574143.9613984805,5317673.995002845,26000.0
1574659.755655682,5319095.500016934,25502.571270731594,1.2808227334190538,1574326.7605019272,5318696.770265174,25005.142541463185,1574751.155207405,5319606.887648098,25005.142541463185,1574992.7508094362,5319494.229768694,26000.0,1574568.3561039583,5318584.11238577,26000.0
1575084.1503611596,5320005.617399859,25502.571270731594,1.0347246098934784,1574751.155207405,5319606.887648098,25005.142541463185,1575175.549912883,5320517.005031023,25005.142541463185,1575417.145514914,5320404.347151619,26000.0,1574992.7508094362,5319494.229768694,26000.0
1575508.5450666377,5320915.734782784,25502.571270731594,0.7515072190409982,1575175.549912883,5320517.005031023,25005.142541463185,1575599.944618361,5321427.122413948,25005.142541463185,1575841.5402203924,5321314.464534544,26000.0,1575417.145514914,5320404.347151619,26000.0
1575932.9397721158,5321825.85216571,25502.571270731594,0.8932622080646341,1575599.944618361,5321427.122413948,25005.142541463185,1576024.3393238392,5322337.239796873,25005.142541463185,1576265.93492587,5322224.581917469,26000.0,1575841.5402203924,5321314.464534544,26000.0
1576357.3344775934,5322735.969548634,25502.571270731594,1.5821116677940215,1576024.3393238392,5322337.239796873,25005.142541463185,1576448.7340293168,5323247.357179798,25005.142541463185,1576690.329631348,5323134.699300394,26000.0,1576265.93492587,5322224.581917469,26000.0
1576781.7291830713,5323646.086931558,25502.571270731594,0.8374473649471573,1576448.7340293168,5323247.357179798,25005.142541463185,1576873.128734795,5324157.474562723,25005.142541463185,1577114.724336826,5324044.816683319,26000.0,1576690.329631348,5323134.699300394,26000.0
1577206.1238885492,5324556.204314483,25502.571270731594,0.1481286862438186,1576873.128734795,5324157.474562723,25005.142541463185,1577297.5234402728,5325067.591945648,25005.142541463185,1577539.1190423039,5324954.934066244,26000.0,1577114.724336826,5324044.816683319,26000.0
1577630.5185940273,5325466.321697409,25502.571270731594,0.21895048074951512,1577297.5234402728,5325067.591945648,25005.142541463185,1577721.9181457506,5325977.709328573,25005.142541463185,1577963.5137477817,5325865.051449169,26000.0,1577539.1190423039,5324954.934066244,26000.0
1564715.878326243,5297140.024947332,26497.428729268406,2.5085065298176454,1564382.883172489,5296741.295195571,26000.0,1564807.2778779666,5297651.412578496,26000.0,1565048.873479997,5297538.754699092,26994.857458536815,1564624.4787745192,5296628.637316167,26994.857458536815
1565140.273031721,5298050.142330257,26497.428729268406,3.888141534066969,1564807.2778779666,5297651.412578496,26000.0,1565231.6725834447,5298561.529961421,26000.0,1565473.2681854751,5298448.872082018,26994.857458536815,1565048.873479997,5297538.754699092,26994.857458536815
1565564.6677371988,5298960.259713181,26497.428729268406,2.4480701498472808,1565231.6725834447,5298561.529961421,26000.0,1565656.0672889226,5299471.647344346,26000.0,1565897.662890953,5299358.989464943,26994.857458536815,1565473.2681854751,5298448.872082018,26994.857458536815
1565989.0624426769,5299870.377096106,26497.428729268406,3.055366652163413,1565656.0672889226,5299471.647344346,26000.0,1566080.4619944005,5300381.764727271,26000.0,1566322.0575964309,5300269.106847868,26994.857458536815,1565897.662890953,5299358.989464943,26994.857458536815
1566413.4571481545,5300780.494479031,26497.428729268406,3.452079813974809,1566080.4619944005,5300381.764727271,26000.0,1566504.8566998786,5301291.882110196,26000.0,1566746.4523019088,5301179.224230793,26994.857458536815,1566322.0575964309,5300269.106847868,26994.857458536815
1566837.8518536326,5301690.611861957,26497.428729268406,2.996753626432047,1566504.8566998786,5301291.882110196,26000.0,1566929.2514053565,5302201.99949312,26000.0,1567170.8470073866,5302089.341613717,26994.857458536815,1566746.4523019088,5301179.224230793,26994.857458536815
1567262.2465591102,5302600.729244881,26497.428729268406,2.186646002937554,1566929.2514053565,5302201.99949312,26000.0,1567353.6461108343,5303112.116876045,26000.0,1567595.2417128645,5302999.458996642,26994.857458536815,1567170.8470073866,5302089.341613717,26994.857458536815
1567686.6412645883,5303510.846627806,26497.428729268406,2.162782546675313,1567353.6461108343,5303112.116876045,26000.0,1567778.0408163122,5304022.23425897,26000.0,1568019.6364183424,5303909.576379567,26994.857458536815,1567595.2417128645,5302999.458996642,26994.857458536815
1568111.035970066,5304420.964010731,26497.428729268406,3.5505149024279787,1567778.0408163122,5304022.23425897,26000.0,1568202.43552179,5304932.351641895,26000.0,1568444.0311238202,5304819.693762492,26994.857458536815,1568019.6364183424,5303909.576379567,26994.857458536815
1568535.430675544,5305331.081393657,26497.428729268406,3.783838251338377,1568202.43552179,5304932.351641895,26000.0,1568626.830227268,5305842.46902482,26000.0,1568868.425829298,5305729.811145417,26994.857458536815,1568444.0311238202,5304819.693762492,26994.857458536815
1568959.825381022,5306241.19877658,26497.428729268406,3.297154294450948,1568626.830227268,5305842.46902482,26000.0,1569051.224932746,5306752.586407745,26000.0,1569292.8205347762,5306639.928528342,26994.857458536815,1568868.425829298,5305729.811145417,26994.857458536815
1569384.2200865,5307151.316159505,26497.428729268406,2.530211795401043,1569051.224932746,5306752.586407745,26000.0,1569475.6196382237,5307662.70379067,26000.0,1569717.215240254,5307550.045911267,26994.857458536815,1569292.8205347762,5306639.928528342,26994.857458536815
1569808.6147919775,5308061.43354243,26497.428729268406,3.1278009999651073,1569475.6196382237,5307662.70379067,26000.0,1569900.0143437015,5308572.821173595,26000.0,1570141.6099457317,5308460.163294192,26994.857458536815,1569717.215240254,5307550.045911267,26994.857458536815
1570233.0094974556,5308971.550925356,26497.428729268406,3.828307349033389,1569900.0143437015,5308572.821173595,26000.0,1570324.4090491794,5309482.93855652,26000.0,1570566.0046512098,5309370.280677117,26994.857458536815,1570141.6099457317,5308460.163294192,26994.857458536815
1570657.404202934,5309881.66830828,26497.428729268406,3.7960095658204045,1570324.4090491794,5309482.93855652,26000.0,1570748.8037546575,5310393.055939445,26000.0,1570990.3993566877,5310280.398060042,26994.857458536815,1570566.0046512098,5309370.280677117,26994.857458536815
1571081.7989084118,5310791.785691205,26497.428729268406,2.740181944543223,1570748.8037546575,5310393.055939445,26000.0,1571173.1984601354,5311303.173322369,26000.0,1571414.7940621655,5311190.5154429665,26994.857458536815,1570990.3993566877,5310280.398060042,26994.857458536815
1571506.1936138896,5311701.90307413,26497.428729268406,2.6742278671695523,1571173.1984601354,5311303.173322369,26000.0,1571597.593165613,5312213.290705294,26000.0,1571839.1887676434,5312100.6328258915,26994.857458536815,1571414.7940621655,5311190.5154429665,26994.857458536815
1571930.5883193673,5312612.020457056,26497.428729268406,2.0516945666217317,1571597.593165613,5312213.290705294,26000.0,1572021.987871091,5313123.40808822,26000.0,1572263.5834731213,5313010.7502088165,26994.857458536815,1571839.1887676434,5312100.6328258915,26994.857458536815
1572354.9830248454,5313522.137839982,26497.428729268406,2.1381310824893456,1572021.987871091,5313123.40808822,26000.0,1572446.382576569,5314033.525471145,26000.0,1572687.9781785992,5313920.8675917415,26994.857458536815,1572263.5834731213,5313010.7502088165,26994.857458536815
1572779.3777303232,5314432.255222906,26497.428729268406,2.7420179728300726,1572446.382576569,5314033.525471145,26000.0,1572870.7772820469,5314943.64285407,26000.0,1573112.372884077,5314830.9849746665,26994.857458536815,1572687.9781785992,5313920.8675917415,26994.857458536815
1573203.772435801,5315342.37260583,26497.428729268406,2.373305728267419,1572870.7772820469,5314943.64285407,26000.0,1573295.1719875247,5315853.760236995,26000.0,1573536.767589555,5315741.1023575915,26994.857458536815,1573112.372884077,5314830.9849746665,26994.857458536815
1573628.1671412787,5316252.489988755,26497.428729268406,3.040073097190457,1573295.1719875247,5315853.760236995,26000.0,1573719.5666930026,5316763.87761992,26000.0,1573961.1622950328,5316651.2197405165,26994.857458536815,1573536.767589555,5315741.1023575915,26994.857458536815
1574052.5618467568,5317162.607371681,26497.428729268406,2.4760071915369073,1573719.5666930026,5316763.87761992,26000.0,1574143.9613984805,5317673.995002845,26000.0,1574385.5570005109,5317561.3371234415,26994.857458536815,1573961.1622950328,5316651.2197405165,26994.857458536815
1574476.9565522347,5318072.724754605,26497.428729268406,3.085831660456345,1574143.9613984805,5317673.995002845,26000.0,1574568.3561039583,5318584.11238577,26000.0,1574809.9517059887,5318471.4545063665,26994.857458536815,1574385.5570005109,5317561.3371234415,26994.857458536815
1574901.3512577126,5318982.84213753,26497.428729268406,3.5392848853151557,1574568.3561039583,5318584.11238577,26000.0,1574992.7508094362,5319494.229768694,26000.0,1575234.3464114666,5319381.5718892915,26994.857458536815,1574809.9517059887,5318471.4545063665,26994.857458536815
1575325.7459631902,5319892.959520455,26497.428729268406,3.9457134964462486,1574992.7508094362,5319494.229768694,26000.0,1575417.145514914,5320404.347151619,26000.0,1575658.7411169445,5320291.689272216,26994.857458536815,1575234.3464114666,5319381.5718892915,26994.857458536815
1575750.1406686683,5320803.076903381,26497.428729268406,3.1964462897216372,1575417.145514914,5320404.347151619,26000.0,1575841.5402203924,5321314.464534544,26000.0,1576083.1358224226,5321201.806655141,26994.857458536815,1575658.7411169445,5320291.689272216,26994.857458536815
1576174.5353741462,5321713.194286305,26497.428729268406,3.452911819928819,1575841.5402203924,5321314.464534544,26000.0,1576265.93492587,5322224.581917469,26000.0,1576507.5305279004,5322111.924038066,26994.857458536815,1576083.1358224226,5321201.806655141,26994.857458536815
1576598.930079624,5322623.31166923,26497.428729268406,2.1106436365748777,1576265.93492587,5322224.581917469,26000.0,1576690.329631348,5323134.699300394,26000.0,1576931.925233378,5323022.041420991,26994.857458536815,1576507.5305279004,5322111.924038066,26994.857458536815
1577023.324785102,5323533.429052155,26497.428729268406,1.530367055217914,1576690.329631348,5323134.699300394,26000.0,1577114.724336826,5324044.816683319,26000.0,1577356.3199388562,5323932.158803916,26994.857458536815,1576931.925233378,5323022.041420991,26994.857458536815
1577447.71949058,5324443.5464350805,26497.428729268406,1.148025086797999,1577114.724336826,5324044.816683319,26000.0,1577539.1190423039,5324954.934066244,26000.0,1577780.714644334,5324842.276186842,26994.857458536815,1577356.3199388562,5323932.158803916,26994.857458536815
1577872.1141960577,5325353.663818005,26497.428729268406,0.739178987541114,1577539.1190423039,5324954.934066244,26000.0,1577963.5137477817,5325865.051449169,26000.0,1578205.109349812,5325752.393569767,26994.857458536815,1577780.714644334,5324842.276186842,26994.857458536815
1564957.4739282737,5297027.367067929,27492.28618780522,3.247498841316509,1564624.4787745192,5296628.637316167,26994.857458536815,1565048.873479997,5297538.754699092,26994.857458536815,1565290.4690820281,5297426.096819689,27989.714917073627,1564866.0743765505,5296515.9794367645,27989.714917073627
1565381.8686337515,5297937.4844508525,27492.28618780522,4.100683131796996,1565048.873479997,5297538.754699092,26994.857458536815,1565473.2681854751,5298448.872082018,26994.857458536815,1565714.8637875062,5298336.2142026145,27989.714917073627,1565290.4690820281,5297426.096819689,27989.714917073627
1565806.2633392294,5298847.601833778,27492.28618780522,3.421623624237434,1565473.2681854751,5298448.872082018,26994.857458536815,1565897.662890953,5299358.989464943,26994.857458536815,1566139.258492984,5299246.3315855395,27989.714917073627,1565714.8637875062,5298336.2142026145,27989.714917073627
1566230.6580447075,5299757.719216703,27492.28618780522,2.2802442557717164,1565897.662890953,5299358.989464943,26994.857458536815,1566322.0575964309,5300269.106847868,26994.857458536815,1566563.653198462,5300156.4489684645,27989.714917073627,1566139.258492984,5299246.3315855395,27989.714917073627
1566655.0527501854,5300667.836599628,27492.28618780522,1.6461279069699317,1566322.0575964309,5300269.106847868,26994.857458536815,1566746.4523019088,5301179.224230793,26994.857458536815,1566988.0479039398,5301066.5663513895,27989.714917073627,1566563.653198462,5300156.4489684645,27989.714917073627
1567079.4474556632,5301577.953982554,27492.28618780522,2.9587985593914117,1566746.4523019088,5301179.224230793,26994.857458536815,1567170.8470073866,5302089.341613717,26994.857458536815,1567412.4426094177,5301976.6837343145,27989.714917073627,1566988.0479039398,5301066.5663513895,27989.714917073627
1567503.8421611409,5302488.071365478,27492.28618780522,2.1669941367505285,1567170.8470073866,5302089.341613717,26994.857458536815,1567595.2417128645,5302999.458996642,26994.857458536815,1567836.8373148956,5302886.801117239,27989.714917073627,1567412.4426094177,5301976.6837343145,27989.714917073627
1567928.236866619,5303398.188748403,27492.28618780522,1.396781822045694,1567595.2417128645,5302999.458996642,26994.857458536815,1568019.6364183424,5303909.576379567,26994.857458536815,1568261.2320203735,5303796.918500164,27989.714917073627,1567836.8373148956,5302886.801117239,27989.714917073627
1568352.6315720968,5304308.306131328,27492.28618780522,1.1621029313594442,1568019.6364183424,5303909.576379567,26994.857458536815,1568444.0311238202,5304819.693762492,26994.857458536815,1568685.6267258513,5304707.035883089,27989.714917073627,1568261.2320203735,5303796.918500164,27989.714917073627
1568777.0262775747,5305218.423514254,27492.28618780522,0.6785044817006143,1568444.0311238202,5304819.693762492,26994.857458536815,1568868.425829298,5305729.811145417,26994.857458536815,1569110.0214313292,5305617.153266014,27989.714917073627,1568685.6267258513,5304707.035883089,27989.714917073627
1569201.4209830526,5306128.540897178,27492.28618780522,0.5320407084921048,1568868.425829298,5305729.811145417,26994.857458536815,1569292.8205347762,5306639.928528342,26994.857458536815,1569534.4161368073,5306527.270648939,27989.714917073627,1569110.0214313292,5305617.153266014,27989.714917073627
1569625.8156885307,5307038.658280103,27492.28618780522,0.4804167922543898,1569292.8205347762,5306639.928528342,26994.857458536815,1569717.215240254,5307550.045911267,26994.857458536815,1569958.810842285,5307437.388031864,27989.714917073627,1569534.4161368073,5306527.270648939,27989.714917073627
1570050.2103940086,5307948.775663028,27492.28618780522,0.647012028929612,1569717.215240254,5307550.045911267,26994.857458536815,1570141.6099457317,5308460.163294192,26994.857458536815,1570383.2055477628,5308347.505414789,27989.714917073627,1569958.810842285,5307437.388031864,27989.714917073627
1570474.6050994864,5308858.8930459535,27492.28618780522,1.6754255789640424,1570141.6099457317,5308460.163294192,26994.857458536815,1570566.0046512098,5309370.280677117,26994.857458536815,1570807.600253241,5309257.622797714,27989.714917073627,1570383.2055477628,5308347.505414789,27989.714917073627
1570898.9998049643,5309769.010428878,27492.28618780522,1.8060992004419791,1570566.0046512098,5309370.280677117,26994.857458536815,1570990.3993566877,5310280.398060042,26994.857458536815,1571231.9949587188,5310167.740180639,27989.714917073627,1570807.600253241,5309257.622797714,27989.714917073627
1571323.3945104424,5310679.127811803,27492.28618780522,2.401466193871242,1570990.3993566877,5310280.398060042,26994.857458536815,1571414.7940621655,5311190.5154429665,26994.857458536815,1571656.3896641966,5311077.857563563,27989.714917073627,1571231.9949587188,5310167.740180639,27989.714917073627
1571747.78921592,5311589.245194728,27492.28618780522,1.8204550286587757,1571414.7940621655,5311190.5154429665,26994.857458536815,1571839.1887676434,5312100.6328258915,26994.857458536815,1572080.7843696743,5311987.974946488,27989.714917073627,1571656.3896641966,5311077.857563563,27989.714917073627
1572172.183921398,5312499.3625776535,27492.28618780522,1.0265467286651564,1571839.1887676434,5312100.6328258915,26994.857458536815,1572263.5834731213,5313010.7502088165,26994.857458536815,1572505.1790751524,5312898.092329413,27989.714917073627,1572080.7843696743,5311987.974946488,27989.714917073627
1572596.5786268758,5313409.479960578,27492.28618780522,1.080130016500254,1572263.5834731213,5313010.7502088165,26994.857458536815,1572687.9781785992,5313920.8675917415,26994.857458536815,1572929.5737806302,5313808.209712338,27989.714917073627,1572505.1790751524,5312898.092329413,27989.714917073627
1573020.9733323539,5314319.597343503,27492.28618780522,1.7354728155050814,1572687.9781785992,5313920.8675917415,26994.857458536815,1573112.372884077,5314830.9849746665,26994.857458536815,1573353.9684861081,5314718.327095263,27989.714917073627,1572929.5737806302,5313808.209712338,27989.714917073627
1573445.3680378315,5315229.714726428,27492.28618780522,3.396921550674396,1573112.372884077,5314830.9849746665,26994.857458536815,1573536.767589555,5315741.1023575915,26994.857458536815,1573778.363191586,5315628.444478188,27989.714917073627,1573353.9684861081,5314718.327095263,27989.714917073627
1573869.7627433096,5316139.832109353,27492.28618780522,3.244173711981972,1573536.767589555,5315741.1023575915,26994.857458536815,1573961.1622950328,5316651.2197405165,26994.857458536815,1574202.757897064,5316538.561861113,27989.714917073627,1573778.363191586,5315628.444478188,27989.714917073627
1574294.1574487872,5317049.949492277,27492.28618780522,2.7853808168767182,1573961.1622950328,5316651.2197405165,26994.857458536815,1574385.5570005109,5317561.3371234415,26994.857458536815,1574627.152602542,5317448.679244038,27989.714917073627,1574202.757897064,5316538.561861113,27989.714917073627
1574718.5521542653,5317960.066875202,27492.28618780522,3.3582198001320225,1574385.5570005109,5317561.3371234415,26994.857458536815,1574809.9517059887,5318471.4545063665,26994.857458536815,1575051.5473080198,5318358.796626963,27989.714917073627,1574627.152602542,5317448.679244038,27989.714917073627
1575142.946859743,5318870.184258127,27492.28618780522,4.033846912460727,1574809.9517059887,5318471.4545063665,26994.857458536815,1575234.3464114666,5319381.5718892915,26994.857458536815,1575475.9420134977,5319268.914009888,27989.714917073627,1575051.5473080198,5318358.796626963,27989.714917073627
1575567.341565221,5319780.301641053,27492.28618780522,3.123010929335747,1575234.3464114666,5319381.5718892915,26994.857458536815,1575658.7411169445,5320291.689272216,26994.857458536815,1575900.3367189756,5320179.031392812,27989.714917073627,1575475.9420134977,5319268.914009888,27989.714917073627
1575991.736270699,5320690.419023977,27492.28618780522,2.9588840115500235,1575658.7411169445,5320291.689272216,26994.857458536815,1576083.1358224226,5321201.806655141,26994.857458536815,1576324.7314244537,5321089.148775738,27989.714917073627,1575900.3367189756,5320179.031392812,27989.714917073627
1576416.1309761768,5321600.536406902,27492.28618780522,2.985239094280754,1576083.1358224226,5321201.806655141,26994.857458536815,1576507.5305279004,5322111.924038066,26994.857458536815,1576749.1261299313,5321999.266158662,27989.714917073627,1576324.7314244537,5321089.148775738,27989.714917073627
1576840.5256816547,5322510.653789827,27492.28618780522,1.8947211792142933,1576507.5305279004,5322111.924038066,26994.857458536815,1576931.925233378,5323022.041420991,26994.857458536815,1577173.5208354092,5322909.383541587,27989.714917073627,1576749.1261299313,5321999.266158662,27989.714917073627
1577264.9203871328,5323420.771172753,27492.28618780522,1.204780044911321,1576931.925233378,5323022.041420991,26994.857458536815,1577356.3199388562,5323932.158803916,26994.857458536815,1577597.9155408873,5323819.500924513,27989.714917073627,1577173.5208354092,5322909.383541587,27989.714917073627
1577689.3150926107,5324330.888555676,27492.28618780522,1.0425598484166583,1577356.3199388562,5323932.158803916,26994.857458536815,1577780.714644334,5324842.276186842,26994.857458536815,1578022.3102463651,5324729.618307438,27989.714917073627,1577597.9155408873,5323819.500924513,27989.714917073627
1578113.7097980883,5325241.005938602,27492.28618780522,0.48764603568744785,1577780.714644334,5324842.276186842,26994.857458536815,1578205.109349812,5325752.393569767,26994.857458536815,1578446.704951843,5325639.735690363,27989.714917073627,1578022.3102463651,5324729.618307438,27989.714917073627
1565199.0695303043,5296914.709188526,28487.143646342032,1.214061598694621,1564866.0743765505,5296515.9794367645,27989.714917073627,1565290.4690820281,5297426.096819689,27989.714917073627,1565532.0646840585,5297313.438940286,28984.57237561044,1565107.6699785807,5296403.321557361,28984.57237561044
1565623.4642357822,5297824.82657145,28487.143646342032,1.6522106239941656,1565290.4690820281,5297426.096819689,27989.714917073627,1565714.8637875062,5298336.2142026145,27989.714917073627,1565956.4593895364,5298223.556323211,28984.57237561044,1565532.0646840585,5297313.438940286,28984.57237561044
1566047.8589412603,5298734.943954375,28487.143646342032,2.296327582255695,1565714.8637875062,5298336.2142026145,27989.714917073627,1566139.258492984,5299246.3315855395,27989.714917073627,1566380.8540950143,5299133.673706136,28984.57237561044,1565956.4593895364,5298223.556323211,28984.57237561044
1566472.253646738,5299645.0613373,28487.143646342032,1.3680237636878476,1566139.258492984,5299246.3315855395,27989.714917073627,1566563.653198462,5300156.4489684645,27989.714917073627,1566805.2488004921,5300043.791089061,28984.57237561044,1566380.8540950143,5299133.673706136,28984.57237561044
1566896.648352216,5300555.178720226,28487.143646342032,1.7109834131971753,1566563.653198462,5300156.4489684645,27989.714917073627,1566988.0479039398,5301066.5663513895,27989.714917073627,1567229.64350597,5300953.908471986,28984.57237561044,1566805.2488004921,5300043.791089061,28984.57237561044
1567321.0430576936,5301465.29610315,28487.143646342032,1.3129110098761456,1566988.0479039398,5301066.5663513895,27989.714917073627,1567412.4426094177,5301976.6837343145,27989.714917073627,1567654.038211448,5301864.025854911,28984.57237561044,1567229.64350597,5300953.908471986,28984.57237561044
1567745.4377631717,5302375.413486075,28487.143646342032,0.8275347536199523,1567412.4426094177,5301976.6837343145,27989.714917073627,1567836.8373148956,5302886.801117239,27989.714917073627,1568078.4329169258,5302774.143237835,28984.57237561044,1567654.038211448,5301864.025854911,28984.57237561044
1568169.8324686494,5303285.530869,28487.143646342032,0.2578770674467734,1567836.8373148956,5302886.801117239,27989.714917073627,1568261.2320203735,5303796.918500164,27989.714917073627,1568502.8276224036,5303684.26062076,28984.57237561044,1568078.4329169258,5302774.143237835,28984.57237561044
1568594.2271741275,5304195.648251926,28487.143646342032,0.20353481897508002,1568261.2320203735,5303796.918500164,27989.714917073627,1568685.6267258513,5304707.035883089,27989.714917073627,1568927.2223278815,5304594.378003685,28984.57237561044,1568502.8276224036,5303684.26062076,28984.57237561044
1569018.6218796053,5305105.76563485,28487.143646342032,0.25434877700861674,1568685.6267258513,5304707.035883089,27989.714917073627,1569110.0214313292,5305617.153266014,27989.714917073627,1569351.6170333594,5305504.49538661,28984.57237561044,1568927.2223278815,5304594.378003685,28984.57237561044
1569443.0165850834,5306015.883017775,28487.143646342032,0.25716819327789786,1569110.0214313292,5305617.153266014,27989.714917073627,1569534.4161368073,5306527.270648939,27989.714917073627,1569776.0117388375,5306414.612769536,28984.57237561044,1569351.6170333594,5305504.49538661,28984.57237561044
1569867.4112905615,5306926.000400699,28487.143646342032,0.5315051947172174,1569534.4161368073,5306527.270648939,27989.714917073627,1569958.810842285,5307437.388031864,27989.714917073627,1570200.4064443153,5307324.73015246,28984.57237561044,1569776.0117388375,5306414.612769536,28984.57237561044
1570291.8059960392,5307836.117783625,28487.143646342032,0.5694898970907053,1569958.810842285,5307437.388031864,27989.714917073627,1570383.2055477628,5308347.505414789,27989.714917073627,1570624.801149793,5308234.847535385,28984.57237561044,1570200.4064443153,5307324.73015246,28984.57237561044
1570716.200701517,5308746.235166549,28487.143646342032,1.042386861586588,1570383.2055477628,5308347.505414789,27989.714917073627,1570807.600253241,5309257.622797714,27989.714917073627,1571049.195855271,5309144.964918311,28984.57237561044,1570624.801149793,5308234.847535385,28984.57237561044
1571140.595406995,5309656.352549474,28487.143646342032,1.9729617947479516,1570807.600253241,5309257.622797714,27989.714917073627,1571231.9949587188,5310167.740180639,27989.714917073627,1571473.590560749,5310055.082301236,28984.57237561044,1571049.195855271,5309144.964918311,28984.57237561044
1571564.990112473,5310566.469932399,28487.143646342032,3.2368586165529294,1571231.9949587188,5310167.740180639,27989.714917073627,1571656.3896641966,5311077.857563563,27989.714917073627,1571897.9852662268,5310965.199684161,28984.57237561044,1571473.590560749,5310055.082301236,28984.57237561044
1571989.384817951,5311476.587315325,28487.143646342032,2.6774058577510296,1571656.3896641966,5311077.857563563,27989.714917073627,1572080.7843696743,5311987.974946488,27989.714917073627,1572322.3799717047,5311875.317067085,28984.57237561044,1571897.9852662268,5310965.199684161,28984.57237561044
1572413.7795234288,5312386.704698249,28487.143646342032,1.3058842853283135,1572080.7843696743,5311987.974946488,27989.714917073627,1572505.1790751524,5312898.092329413,27989.714917073627,1572746.7746771825,5312785.43445001,28984.57237561044,1572322.3799717047,5311875.317067085,28984.57237561044
1572838.1742289064,5313296.822081174,28487.143646342032,1.1497337245200399,1572505.1790751524,5312898.092329413,27989.714917073627,1572929.5737806302,5313808.209712338,27989.714917073627,1573171.1693826606,5313695.551832935,28984.57237561044,1572746.7746771825,5312785.43445001,28984.57237561044
1573262.5689343845,5314206.939464099,28487.143646342032,1.3062856437721413,1572929.5737806302,5313808.209712338,27989.714917073627,1573353.9684861081,5314718.327095263,27989.714917073627,1573595.5640881385,5314605.66921586,28984.57237561044,1573171.1693826606,5313695.551832935,28984.57237561044
1573686.9636398624,5315117.056847025,28487.143646342032,1.4774313749136132,1573353.9684861081,5314718.327095263,27989.714917073627,1573778.363191586,5315628.444478188,27989.714917073627,1574019.9587936164,5315515.786598785,28984.57237561044,1573595.5640881385,5314605.66921586,28984.57237561044
1574111.3583453402,5316027.174229948,28487.143646342032,1.35827857286715,1573778.363191586,5315628.444478188,27989.714917073627,1574202.757897064,5316538.561861113,27989.714917073627,1574444.3534990943,5316425.90398171,28984.57237561044,1574019.9587936164,5315515.786598785,28984.57237561044
1574535.7530508179,5316937.291612873,28487.143646342032,1.3988964028186506,1574202.757897064,5316538.561861113,27989.714917073627,1574627.152602542,5317448.679244038,27989.714917073627,1574868.7482045721,5317336.021364635,28984.57237561044,1574444.3534990943,5316425.90398171,28984.57237561044
1574960.147756296,5317847.408995798,28487.143646342032,1.087866588959702,1574627.152602542,5317448.679244038,27989.714917073627,1575051.5473080198,5318358.796626963,27989.714917073627,1575293.14291005,5318246.13874756,28984.57237561044,1574868.7482045721,5317336.021364635,28984.57237561044
1575384.5424617738,5318757.526378724,28487.143646342032,0.46343291372176154,1575051.5473080198,5318358.796626963,27989.714917073627,1575475.9420134977,5319268.914009888,27989.714917073627,1575717.5376155279,5319156.256130485,28984.57237561044,1575293.14291005,5318246.13874756,28984.57237561044
1575808.9371672517,5319667.643761648,28487.143646342032,1.2977899925944456,1575475.9420134977,5319268.914009888,27989.714917073627,1575900.3367189756,5320179.031392812,27989.714917073627,1576141.9323210057,5320066.37351341,28984.57237561044,1575717.5376155279,5319156.256130485,28984.57237561044
1576233.3318727296,5320577.761144574,28487.143646342032,2.176364048146638,1575900.3367189756,5320179.031392812,27989.714917073627,1576324.7314244537,5321089.148775738,27989.714917073627,1576566.3270264838,5320976.490896334,28984.57237561044,1576141.9323210057,5320066.37351341,28984.57237561044
1576657.7265782075,5321487.878527499,28487.143646342032,1.3921623829537788,1576324.7314244537,5321089.148775738,27989.714917073627,1576749.1261299313,5321999.266158662,27989.714917073627,1576990.7217319617,5321886.608279259,28984.57237561044,1576566.3270264838,5320976.490896334,28984.57237561044
1577082.1212836853,5322397.995910424,28487.143646342032,0.883399312628532,1576749.1261299313,5321999.266158662,27989.714917073627,1577173.5208354092,5322909.383541587,27989.714917073627,1577415.1164374393,5322796.725662184,28984.57237561044,1576990.7217319617,5321886.608279259,28984.57237561044
1577506.5159891632,5323308.113293348,28487.143646342032,0.5666869173173417,1577173.5208354092,5322909.383541587,27989.714917073627,1577597.9155408873,5323819.500924513,27989.714917073627,1577839.5111429174,5323706.843045109,28984.57237561044,1577415.1164374393,5322796.725662184,28984.57237561044
1577930.910694641,5324218.230676274,28487.143646342032,0.4519672862612142,1577597.9155408873,5323819.500924513,27989.714917073627,1578022.3102463651,5324729.618307438,27989.714917073627,1578263.9058483953,5324616.960428034,28984.57237561044,1577839.5111429174,5323706.843045109,28984.57237561044
1578355.3054001192,5325128.348059198,28487.143646342032,0.1549112850649076,1578022.3102463651,5324729.618307438,27989.714917073627,1578446.704951843,5325639.735690363,27989.714917073627,1578688.3005538732,5325527.077810959,28984.57237561044,1578263.9058483953,5324616.960428034,28984.57237561044
1565440.6651323352,5296802.051309122,29482.001104878847,0.9581726369871326,1565107.6699785807,5296403.321557361,28984.57237561044,1565532.0646840585,5297313.438940286,28984.57237561044,1565773.6602860894,5297200.781060882,29979.429834147253,1565349.2655806118,5296290.663677957,29979.429834147253
1565865.059837813,5297712.168692047,29482.001104878847,1.7637299111294849,1565532.0646840585,5297313.438940286,28984.57237561044,1565956.4593895364,5298223.556323211,28984.57237561044,1566198.0549915675,5298110.898443807,29979.429834147253,1565773.6602860894,5297200.781060882,29979.429834147253
1566289.454543291,5298622.286074971,29482.001104878847,2.542292314749039,1565956.4593895364,5298223.556323211,28984.57237561044,1566380.8540950143,5299133.673706136,28984.57237561044,1566622.4496970454,5299021.015826732,29979.429834147253,1566198.0549915675,5298110.898443807,29979.429834147253
1566713.8492487685,5299532.403457897,29482.001104878847,1.3392165637280453,1566380.8540950143,5299133.673706136,28984.57237561044,1566805.2488004921,5300043.791089061,28984.57237561044,1567046.8444025232,5299931.133209657,29979.429834147253,1566622.4496970454,5299021.015826732,29979.429834147253
1567138.2439542466,5300442.520840821,29482.001104878847,1.0599822695362924,1566805.2488004921,5300043.791089061,28984.57237561044,1567229.64350597,5300953.908471986,28984.57237561044,1567471.239108001,5300841.250592582,29979.429834147253,1567046.8444025232,5299931.133209657,29979.429834147253
1567562.6386597245,5301352.638223746,29482.001104878847,1.5659314774410205,1567229.64350597,5300953.908471986,28984.57237561044,1567654.038211448,5301864.025854911,28984.57237561044,1567895.633813479,5301751.367975507,29979.429834147253,1567471.239108001,5300841.250592582,29979.429834147253
1567987.0333652024,5302262.755606671,29482.001104878847,1.7607324945117462,1567654.038211448,5301864.025854911,28984.57237561044,1568078.4329169258,5302774.143237835,28984.57237561044,1568320.0285189569,5302661.485358432,29979.429834147253,1567895.633813479,5301751.367975507,29979.429834147253
1568411.4280706802,5303172.872989597,29482.001104878847,1.1297725095792404,1568078.4329169258,5302774.143237835,28984.57237561044,1568502.8276224036,5303684.26062076,28984.57237561044,1568744.4232244347,5303571.602741356,29979.429834147253,1568320.0285189569,5302661.485358432,29979.429834147253
1568835.8227761583,5304082.990372521,29482.001104878847,0.7756555183722987,1568502.8276224036,5303684.26062076,28984.57237561044,1568927.2223278815,5304594.378003685,28984.57237561044,1569168.8179299126,5304481.720124281,29979.429834147253,1568744.4232244347,5303571.602741356,29979.429834147253
1569260.2174816362,5304993.107755446,29482.001104878847,0.6116183596783029,1568927.2223278815,5304594.378003685,28984.57237561044,1569351.6170333594,5305504.49538661,28984.57237561044,1569593.2126353905,5305391.837507206,29979.429834147253,1569168.8179299126,5304481.720124281,29979.429834147253
1569684.612187114,5305903.225138371,29482.001104878847,0.5686145514020065,1569351.6170333594,5305504.49538661,28984.57237561044,1569776.0117388375,5306414.612769536,28984.57237561044,1570017.6073408686,5306301.954890132,29979.429834147253,1569593.2126353905,5305391.837507206,29979.429834147253
1570109.006892592,5306813.342521297,29482.001104878847,0.7216505274305801,1569776.0117388375,5306414.612769536,28984.57237561044,1570200.4064443153,5307324.73015246,28984.57237561044,1570442.0020463462,5307212.072273057,29979.429834147253,1570017.6073408686,5306301.954890132,29979.429834147253
1570533.4015980698,5307723.45990422,29482.001104878847,1.8167809921947304,1570200.4064443153,5307324.73015246,28984.57237561044,1570624.801149793,5308234.847535385,28984.57237561044,1570866.396751824,5308122.189655981,29979.429834147253,1570442.0020463462,5307212.072273057,29979.429834147253
1570957.7963035477,5308633.577287146,29482.001104878847,2.0945436427846085,1570624.801149793,5308234.847535385,28984.57237561044,1571049.195855271,5309144.964918311,28984.57237561044,1571290.7914573022,5309032.307038907,29979.429834147253,1570866.396751824,5308122.189655981,29979.429834147253
1571382.1910090258,5309543.694670071,29482.001104878847,1.7896728253277474,1571049.195855271,5309144.964918311,28984.57237561044,1571473.590560749,5310055.082301236,28984.57237561044,1571715.18616278,5309942.424421832,29979.429834147253,1571290.7914573022,5309032.307038907,29979.429834147253
1571806.5857145034,5310453.812052996,29482.001104878847,1.1517896614895538,1571473.590560749,5310055.082301236,28984.57237561044,1571897.9852662268,5310965.199684161,28984.57237561044,1572139.580868258,5310852.541804757,29979.429834147253,1571715.18616278,5309942.424421832,29979.429834147253
1572230.9804199815,5311363.929435922,29482.001104878847,1.2112970212439251,1571897.9852662268,5310965.199684161,28984.57237561044,1572322.3799717047,5311875.317067085,28984.57237561044,1572563.9755737358,5311762.659187681,29979.429834147253,1572139.580868258,5310852.541804757,29979.429834147253
1572655.3751254592,5312274.046818846,29482.001104878847,1.1161859972064434,1572322.3799717047,5311875.317067085,28984.57237561044,1572746.7746771825,5312785.43445001,28984.57237561044,1572988.3702792139,5312672.776570606,29979.429834147253,1572563.9755737358,5311762.659187681,29979.429834147253
1573079.7698309373,5313184.164201771,29482.001104878847,1.7306295654052077,1572746.7746771825,5312785.43445001,28984.57237561044,1573171.1693826606,5313695.551832935,28984.57237561044,1573412.7649846917,5313582.893953531,29979.429834147253,1572988.3702792139,5312672.776570606,29979.429834147253
1573504.164536415,5314094.281584696,29482.001104878847,1.1897303401491883,1573171.1693826606,5313695.551832935,28984.57237561044,1573595.5640881385,5314605.66921586,28984.57237561044,1573837.1596901696,5314493.011336456,29979.429834147253,1573412.7649846917,5313582.893953531,29979.429834147253
1573928.559241893,5315004.398967622,29482.001104878847,0.9205235226224597,1573595.5640881385,5314605.66921586,28984.57237561044,1574019.9587936164,5315515.786598785,28984.57237561044,1574261.5543956475,5315403.128719381,29979.429834147253,1573837.1596901696,5314493.011336456,29979.429834147253
1574352.9539473706,5315914.516350545,29482.001104878847,1.3232756614810608,1574019.9587936164,5315515.786598785,28984.57237561044,1574444.3534990943,5316425.90398171,28984.57237561044,1574685.9491011254,5316313.246102306,29979.429834147253,1574261.5543956475,5315403.128719381,29979.429834147253
1574777.3486528487,5316824.63373347,29482.001104878847,1.3823410039938568,1574444.3534990943,5316425.90398171,28984.57237561044,1574868.7482045721,5317336.021364635,28984.57237561044,1575110.3438066032,5317223.363485231,29979.429834147253,1574685.9491011254,5316313.246102306,29979.429834147253
1575201.7433583264,5317734.751116395,29482.001104878847,0.920804266874673,1574868.7482045721,5317336.021364635,28984.57237561044,1575293.14291005,5318246.13874756,28984.57237561044,1575534.738512081,5318133.480868156,29979.429834147253,1575110.3438066032,5317223.363485231,29979.429834147253
1575626.1380638045,5318644.868499321,29482.001104878847,0.8767520190172896,1575293.14291005,5318246.13874756,28984.57237561044,1575717.5376155279,5319156.256130485,28984.57237561044,1575959.133217559,5319043.598251081,29979.429834147253,1575534.738512081,5318133.480868156,29979.429834147253
1576050.532769282,5319554.985882245,29482.001104878847,0.6830121497860974,1575717.5376155279,5319156.256130485,28984.57237561044,1576141.9323210057,5320066.37351341,28984.57237561044,1576383.5279230368,5319953.715634006,29979.429834147253,1575959.133217559,5319043.598251081,29979.429834147253
1576474.9274747605,5320465.10326517,29482.001104878847,0.7117252490985755,1576141.9323210057,5320066.37351341,28984.57237561044,1576566.3270264838,5320976.490896334,28984.57237561044,1576807.922628515,5320863.83301693,29979.429834147253,1576383.5279230368,5319953.715634006,29979.429834147253
1576899.3221802383,5321375.220648095,29482.001104878847,1.3476104278091685,1576566.3270264838,5320976.490896334,28984.57237561044,1576990.7217319617,5321886.608279259,28984.57237561044,1577232.3173339926,5321773.950399855,29979.429834147253,1576807.922628515,5320863.83301693,29979.429834147253
1577323.716885716,5322285.338031021,29482.001104878847,0.6709392547900503,1576990.7217319617,5321886.608279259,28984.57237561044,1577415.1164374393,5322796.725662184,28984.57237561044,1577656.7120394704,5322684.06778278,29979.429834147253,1577232.3173339926,5321773.950399855,29979.429834147253
1577748.111591194,5323195.455413945,29482.001104878847,0.45103577038658804,1577415.1164374393,5322796.725662184,28984.57237561044,1577839.5111429174,5323706.843045109,28984.57237561044,1578081.1067449485,5323594.185165705,29979.429834147253,1577656.7120394704,5322684.06778278,29979.429834147253
1578172.5062966722,5324105.57279687,29482.001104878847,0.31364639449403287,1577839.5111429174,5323706.843045109,28984.57237561044,1578263.9058483953,5324616.960428034,28984.57237561044,1578505.5014504264,5324504.30254863,29979.429834147253,1578081.1067449485,5323594.185165705,29979.429834147253
1578596.90100215,5325015.690179794,29482.001104878847,0.15526190327504125,1578263.9058483953,5324616.960428034,28984.57237561044,1578688.3005538732,5325527.077810959,28984.57237561044,1578929.8961559043,5325414.419931555,29979.429834147253,1578505.5014504264,5324504.30254863,29979.429834147253
1565682.2607343656,5296689.393429718,30476.858563415663,0.4994696222926077,1565349.2655806118,5296290.663677957,29979.429834147253,1565773.6602860894,5297200.781060882,29979.429834147253,1566015.2558881198,5297088.123181479,30974.28729268407,1565590.861182642,5296178.005798554,30974.28729268407
1566106.6554398434,5297599.510812643,30476.858563415663,0.4023909071933227,1565773.6602860894,5297200.781060882,29979.429834147253,1566198.0549915675,5298110.898443807,29979.429834147253,1566439.6505935977,5297998.240564404,30974.28729268407,1566015.2558881198,5297088.123181479,30974.28729268407
1566531.0501453213,5298509.628195568,30476.858563415663,0.26613176092041846,1566198.0549915675,5298110.898443807,29979.429834147253,1566622.4496970454,5299021.015826732,29979.429834147253,1566864.0452990755,5298908.357947329,30974.28729268407,1566439.6505935977,5297998.240564404,30974.28729268407
1566955.4448507994,5299419.745578492,30476.858563415663,0.25557637064289357,1566622.4496970454,5299021.015826732,29979.429834147253,1567046.8444025232,5299931.133209657,29979.429834147253,1567288.4400045534,5299818.475330254,30974.28729268407,1566864.0452990755,5298908.357947329,30974.28729268407
1567379.8395562773,5300329.862961417,30476.858563415663,0.5416225665667064,1567046.8444025232,5299931.133209657,29979.429834147253,1567471.239108001,5300841.250592582,29979.429834147253,1567712.8347100313,5300728.592713179,30974.28729268407,1567288.4400045534,5299818.475330254,30974.28729268407
1567804.2342617554,5301239.980344342,30476.858563415663,0.7786217320126095,1567471.239108001,5300841.250592582,29979.429834147253,1567895.633813479,5301751.367975507,29979.429834147253,1568137.2294155092,5301638.710096104,30974.28729268407,1567712.8347100313,5300728.592713179,30974.28729268407
1568228.628967233,5302150.097727268,30476.858563415663,1.0217255199614235,1567895.633813479,5301751.367975507,29979.429834147253,1568320.0285189569,5302661.485358432,29979.429834147253,1568561.624120987,5302548.827479029,30974.28729268407,1568137.2294155092,5301638.710096104,30974.28729268407
1568653.023672711,5303060.215110192,30476.858563415663,0.9596941408687123,1568320.0285189569,5302661.485358432,29979.429834147253,1568744.4232244347,5303571.602741356,29979.429834147253,1568986.018826465,5303458.944861953,30974.28729268407,1568561.624120987,5302548.827479029,30974.28729268407
1569077.4183781887,5303970.332493117,30476.858563415663,0.8574393956501513,1568744.4232244347,5303571.602741356,29979.429834147253,1569168.8179299126,5304481.720124281,29979.429834147253,1569410.4135319428,5304369.062244878,30974.28729268407,1568986.018826465,5303458.944861953,30974.28729268407
1569501.8130836668,5304880.449876042,30476.858563415663,0.5135289552910505,1569168.8179299126,5304481.720124281,29979.429834147253,1569593.2126353905,5305391.837507206,29979.429834147253,1569834.8082374206,5305279.179627803,30974.28729268407,1569410.4135319428,5304369.062244878,30974.28729268407
1569926.2077891447,5305790.567258968,30476.858563415663,1.056872957320046,1569593.2126353905,5305391.837507206,29979.429834147253,1570017.6073408686,5306301.954890132,29979.429834147253,1570259.2029428987,5306189.297010728,30974.28729268407,1569834.8082374206,5305279.179627803,30974.28729268407
1570350.6024946226,5306700.684641894,30476.858563415663,1.3831852401465412,1570017.6073408686,5306301.954890132,29979.429834147253,1570442.0020463462,5307212.072273057,29979.429834147253,1570683.5976483766,5307099.414393653,30974.28729268407,1570259.2029428987,5306189.297010728,30974.28729268407
1570774.9972001002,5307610.802024816,30476.858563415663,2.7262868863756866,1570442.0020463462,5307212.072273057,29979.429834147253,1570866.396751824,5308122.189655981,29979.429834147253,1571107.9923538542,5308009.531776578,30974.28729268407,1570683.5976483766,5307099.414393653,30974.28729268407
1571199.3919055786,5308520.919407742,30476.858563415663,2.670331332728568,1570866.396751824,5308122.189655981,29979.429834147253,1571290.7914573022,5309032.307038907,29979.429834147253,1571532.3870593323,5308919.649159503,30974.28729268407,1571107.9923538542,5308009.531776578,30974.28729268407
1571623.7866110564,5309431.036790667,30476.858563415663,2.5396749349944643,1571290.7914573022,5309032.307038907,29979.429834147253,1571715.18616278,5309942.424421832,29979.429834147253,1571956.7817648104,5309829.766542428,30974.28729268407,1571532.3870593323,5308919.649159503,30974.28729268407
1572048.181316534,5310341.154173593,30476.858563415663,2.128160912003819,1571715.18616278,5309942.424421832,29979.429834147253,1572139.580868258,5310852.541804757,29979.429834147253,1572381.1764702883,5310739.883925353,30974.28729268407,1571956.7817648104,5309829.766542428,30974.28729268407
1572472.5760220122,5311251.271556517,30476.858563415663,2.345065889783222,1572139.580868258,5310852.541804757,29979.429834147253,1572563.9755737358,5311762.659187681,29979.429834147253,1572805.5711757662,5311650.001308278,30974.28729268407,1572381.1764702883,5310739.883925353,30974.28729268407
1572896.97072749,5312161.388939442,30476.858563415663,1.5022801230810694,1572563.9755737358,5311762.659187681,29979.429834147253,1572988.3702792139,5312672.776570606,29979.429834147253,1573229.965881244,5312560.118691202,30974.28729268407,1572805.5711757662,5311650.001308278,30974.28729268407
1573321.365432968,5313071.506322367,30476.858563415663,0.8560122291866676,1572988.3702792139,5312672.776570606,29979.429834147253,1573412.7649846917,5313582.893953531,29979.429834147253,1573654.360586722,5313470.236074127,30974.28729268407,1573229.965881244,5312560.118691202,30974.28729268407
1573745.7601384455,5313981.623705293,30476.858563415663,0.7083783107057591,1573412.7649846917,5313582.893953531,29979.429834147253,1573837.1596901696,5314493.011336456,29979.429834147253,1574078.7552921998,5314380.353457052,30974.28729268407,1573654.360586722,5313470.236074127,30974.28729268407
1574170.1548439236,5314891.741088217,30476.858563415663,0.7342526221856669,1573837.1596901696,5314493.011336456,29979.429834147253,1574261.5543956475,5315403.128719381,29979.429834147253,1574503.1499976777,5315290.470839977,30974.28729268407,1574078.7552921998,5314380.353457052,30974.28729268407
1574594.5495494015,5315801.858471142,30476.858563415663,2.2636887114450768,1574261.5543956475,5315403.128719381,29979.429834147253,1574685.9491011254,5316313.246102306,29979.429834147253,1574927.5447031555,5316200.588222902,30974.28729268407,1574503.1499976777,5315290.470839977,30974.28729268407
1575018.9442548794,5316711.975854066,30476.858563415663,1.5337956655016574,1574685.9491011254,5316313.246102306,29979.429834147253,1575110.3438066032,5317223.363485231,29979.429834147253,1575351.9394086336,5317110.705605828,30974.28729268407,1574927.5447031555,5316200.588222902,30974.28729268407
1575443.338960357,5317622.093236992,30476.858563415663,1.0529858731859454,1575110.3438066032,5317223.363485231,29979.429834147253,1575534.738512081,5318133.480868156,29979.429834147253,1575776.3341141113,5318020.822988752,30974.28729268407,1575351.9394086336,5317110.705605828,30974.28729268407
1575867.733665835,5318532.210619916,30476.858563415663,0.5226568062920574,1575534.738512081,5318133.480868156,29979.429834147253,1575959.133217559,5319043.598251081,29979.429834147253,1576200.7288195891,5318930.940371677,30974.28729268407,1575776.3341141113,5318020.822988752,30974.28729268407
1576292.128371313,5319442.328002841,30476.858563415663,0.32058310171221926,1575959.133217559,5319043.598251081,29979.429834147253,1576383.5279230368,5319953.715634006,29979.429834147253,1576625.123525067,5319841.057754603,30974.28729268407,1576200.7288195891,5318930.940371677,30974.28729268407
1576716.5230767909,5320352.445385766,30476.858563415663,0.11986416396462818,1576383.5279230368,5319953.715634006,29979.429834147253,1576807.922628515,5320863.83301693,29979.429834147253,1577049.518230545,5320751.175137527,30974.28729268407,1576625.123525067,5319841.057754603,30974.28729268407
1577140.917782269,5321262.562768692,30476.858563415663,0.1476436808502834,1576807.922628515,5320863.83301693,29979.429834147253,1577232.3173339926,5321773.950399855,29979.429834147253,1577473.912936023,5321661.292520452,30974.28729268407,1577049.518230545,5320751.175137527,30974.28729268407
1577565.3124877468,5322172.680151616,30476.858563415663,0.245054232473696,1577232.3173339926,5321773.950399855,29979.429834147253,1577656.7120394704,5322684.06778278,29979.429834147253,1577898.3076415006,5322571.409903377,30974.28729268407,1577473.912936023,5321661.292520452,30974.28729268407
1577989.7071932247,5323082.797534541,30476.858563415663,0.8757679493801417,1577656.7120394704,5322684.06778278,29979.429834147253,1578081.1067449485,5323594.185165705,29979.429834147253,1578322.7023469787,5323481.527286302,30974.28729268407,1577898.3076415006,5322571.409903377,30974.28729268407
1578414.1018987028,5323992.914917466,30476.858563415663,0.9965914256002365,1578081.1067449485,5323594.185165705,29979.429834147253,1578505.5014504264,5324504.30254863,29979.429834147253,1578747.0970524566,5324391.644669227,30974.28729268407,1578322.7023469787,5323481.527286302,30974.28729268407
1578838.4966041804,5324903.032300392,30476.858563415663,0.5203047562676287,1578505.5014504264,5324504.30254863,29979.429834147253,1578929.8961559043,5325414.419931555,29979.429834147253,1579171.4917579344,5325301.762052152,30974.28729268407,1578747.0970524566,5324391.644669227,30974.28729268407
1565923.856336396,5296576.735550315,31471.716021952474,0.09385931510399945,1565590.861182642,5296178.005798554,30974.28729268407,1566015.2558881198,5297088.123181479,30974.28729268407,1566256.85149015,5296975.465302075,31969.14475122088,1565832.456784672,5296065.34791915,31969.14475122088
1566348.2510418738,5297486.85293324,31471.716021952474,0.050472433269901196,1566015.2558881198,5297088.123181479,30974.28729268407,1566439.6505935977,5297998.240564404,30974.28729268407,1566681.2461956278,5297885.582685,31969.14475122088,1566256.85149015,5296975.465302075,31969.14475122088
1566772.6457473517,5298396.970316166,31471.716021952474,0.05199498191442027,1566439.6505935977,5297998.240564404,30974.28729268407,1566864.0452990755,5298908.357947329,30974.28729268407,1567105.6409011057,5298795.700067925,31969.14475122088,1566681.2461956278,5297885.582685,31969.14475122088
1567197.0404528298,5299307.087699089,31471.716021952474,0.016061895738049482,1566864.0452990755,5298908.357947329,30974.28729268407,1567288.4400045534,5299818.475330254,30974.28729268407,1567530.0356065836,5299705.81745085,31969.14475122088,1567105.6409011057,5298795.700067925,31969.14475122088
1567621.4351583077,5300217.205082014,31471.716021952474,0.11155983172794783,1567288.4400045534,5299818.475330254,30974.28729268407,1567712.8347100313,5300728.592713179,30974.28729268407,1567954.4303120614,5300615.934833775,31969.14475122088,1567530.0356065836,5299705.81745085,31969.14475122088
1568045.8298637855,5301127.322464939,31471.716021952474,0.40283287772817744,1567712.8347100313,5300728.592713179,30974.28729268407,1568137.2294155092,5301638.710096104,30974.28729268407,1568378.8250175393,5301526.0522167,31969.14475122088,1567954.4303120614,5300615.934833775,31969.14475122088
1568470.2245692634,5302037.439847865,31471.716021952474,0.8654005330084673,1568137.2294155092,5301638.710096104,30974.28729268407,1568561.624120987,5302548.827479029,30974.28729268407,1568803.2197230174,5302436.169599626,31969.14475122088,1568378.8250175393,5301526.0522167,31969.14475122088
1568894.6192747413,5302947.557230789,31471.716021952474,1.3236605775804569,1568561.624120987,5302548.827479029,30974.28729268407,1568986.018826465,5303458.944861953,30974.28729268407,1569227.6144284953,5303346.28698255,31969.14475122088,1568803.2197230174,5302436.169599626,31969.14475122088
1569319.0139802191,5303857.674613714,31471.716021952474,1.7610698039110224,1568986.018826465,5303458.944861953,30974.28729268407,1569410.4135319428,5304369.062244878,30974.28729268407,1569652.009133973,5304256.404365474,31969.14475122088,1569227.6144284953,5303346.28698255,31969.14475122088
1569743.408685697,5304767.791996639,31471.716021952474,1.9393006178366072,1569410.4135319428,5304369.062244878,30974.28729268407,1569834.8082374206,5305279.179627803,30974.28729268407,1570076.403839451,5305166.5217484,31969.14475122088,1569652.009133973,5304256.404365474,31969.14475122088
1570167.8033911749,5305677.909379565,31471.716021952474,1.9666517957207432,1569834.8082374206,5305279.179627803,30974.28729268407,1570259.2029428987,5306189.297010728,30974.28729268407,1570500.798544929,5306076.639131325,31969.14475122088,1570076.403839451,5305166.5217484,31969.14475122088
1570592.198096653,5306588.026762489,31471.716021952474,3.0910163329386524,1570259.2029428987,5306189.297010728,30974.28729268407,1570683.5976483766,5307099.414393653,30974.28729268407,1570925.193250407,5306986.75651425,31969.14475122088,1570500.798544929,5306076.639131325,31969.14475122088
1571016.5928021306,5307498.144145414,31471.716021952474,2.556020712262892,1570683.5976483766,5307099.414393653,30974.28729268407,1571107.9923538542,5308009.531776578,30974.28729268407,1571349.5879558849,5307896.873897174,31969.14475122088,1570925.193250407,5306986.75651425,31969.14475122088
1571440.9875076085,5308408.261528338,31471.716021952474,2.742346197271143,1571107.9923538542,5308009.531776578,30974.28729268407,1571532.3870593323,5308919.649159503,30974.28729268407,1571773.9826613627,5308806.9912801,31969.14475122088,1571349.5879558849,5307896.873897174,31969.14475122088
1571865.3822130864,5309318.378911264,31471.716021952474,3.6984379817351534,1571532.3870593323,5308919.649159503,30974.28729268407,1571956.7817648104,5309829.766542428,30974.28729268407,1572198.3773668406,5309717.108663025,31969.14475122088,1571773.9826613627,5308806.9912801,31969.14475122088
1572289.7769185645,5310228.496294188,31471.716021952474,3.615937724164172,1571956.7817648104,5309829.766542428,30974.28729268407,1572381.1764702883,5310739.883925353,30974.28729268407,1572622.7720723185,5310627.22604595,31969.14475122088,1572198.3773668406,5309717.108663025,31969.14475122088
1572714.171624042,5311138.613677113,31471.716021952474,2.685749341031934,1572381.1764702883,5310739.883925353,30974.28729268407,1572805.5711757662,5311650.001308278,30974.28729268407,1573047.1667777963,5311537.343428875,31969.14475122088,1572622.7720723185,5310627.22604595,31969.14475122088
1573138.5663295202,5312048.731060038,31471.716021952474,2.33457092738596,1572805.5711757662,5311650.001308278,30974.28729268407,1573229.965881244,5312560.118691202,30974.28729268407,1573471.5614832742,5312447.460811799,31969.14475122088,1573047.1667777963,5311537.343428875,31969.14475122088
1573562.9610349978,5312958.848442964,31471.716021952474,1.3116558252283137,1573229.965881244,5312560.118691202,30974.28729268407,1573654.360586722,5313470.236074127,30974.28729268407,1573895.956188752,5313357.578194724,31969.14475122088,1573471.5614832742,5312447.460811799,31969.14475122088
1573987.355740476,5313868.965825888,31471.716021952474,0.737929832053091,1573654.360586722,5313470.236074127,30974.28729268407,1574078.7552921998,5314380.353457052,30974.28729268407,1574320.35089423,5314267.695577649,31969.14475122088,1573895.956188752,5313357.578194724,31969.14475122088
1574411.7504459536,5314779.083208813,31471.716021952474,1.163566041404603,1574078.7552921998,5314380.353457052,30974.28729268407,1574503.1499976777,5315290.470839977,30974.28729268407,1574744.7455997078,5315177.812960574,31969.14475122088,1574320.35089423,5314267.695577649,31969.14475122088
1574836.1451514317,5315689.200591738,31471.716021952474,2.2149599423516246,1574503.1499976777,5315290.470839977,30974.28729268407,1574927.5447031555,5316200.588222902,30974.28729268407,1575169.1403051857,5316087.930343499,31969.14475122088,1574744.7455997078,5315177.812960574,31969.14475122088
1575260.5398569095,5316599.317974663,31471.716021952474,1.7101652139751906,1574927.5447031555,5316200.588222902,30974.28729268407,1575351.9394086336,5317110.705605828,30974.28729268407,1575593.5350106638,5316998.047726424,31969.14475122088,1575169.1403051857,5316087.930343499,31969.14475122088
1575684.9345623874,5317509.435357588,31471.716021952474,0.7148859491424709,1575351.9394086336,5317110.705605828,30974.28729268407,1575776.3341141113,5318020.822988752,30974.28729268407,1576017.9297161417,5317908.165109349,31969.14475122088,1575593.5350106638,5316998.047726424,31969.14475122088
1576109.3292678653,5318419.552740512,31471.716021952474,0.4621618035069421,1575776.3341141113,5318020.822988752,30974.28729268407,1576200.7288195891,5318930.940371677,30974.28729268407,1576442.3244216193,5318818.282492274,31969.14475122088,1576017.9297161417,5317908.165109349,31969.14475122088
1576533.7239733434,5319329.670123438,31471.716021952474,0.2745418609066914,1576200.7288195891,5318930.940371677,30974.28729268407,1576625.123525067,5319841.057754603,30974.28729268407,1576866.7191270974,5319728.399875199,31969.14475122088,1576442.3244216193,5318818.282492274,31969.14475122088
1576958.1186788215,5320239.787506363,31471.716021952474,0.4075807953666773,1576625.123525067,5319841.057754603,30974.28729268407,1577049.518230545,5320751.175137527,30974.28729268407,1577291.1138325753,5320638.517258124,31969.14475122088,1576866.7191270974,5319728.399875199,31969.14475122088
1577382.5133842991,5321149.904889289,31471.716021952474,0.8905402389960454,1577049.518230545,5320751.175137527,30974.28729268407,1577473.912936023,5321661.292520452,30974.28729268407,1577715.5085380531,5321548.6346410485,31969.14475122088,1577291.1138325753,5320638.517258124,31969.14475122088
1577806.9080897772,5322060.022272213,31471.716021952474,0.6735664852640818,1577473.912936023,5321661.292520452,30974.28729268407,1577898.3076415006,5322571.409903377,30974.28729268407,1578139.903243531,5322458.7520239735,31969.14475122088,1577715.5085380531,5321548.6346410485,31969.14475122088
1578231.302795255,5322970.139655138,31471.716021952474,0.698538634425076,1577898.3076415006,5322571.409903377,30974.28729268407,1578322.7023469787,5323481.527286302,30974.28729268407,1578564.2979490089,5323368.8694068985,31969.14475122088,1578139.903243531,5322458.7520239735,31969.14475122088
1578655.697500733,5323880.257038063,31471.716021952474,0.4771103564366481,1578322.7023469787,5323481.527286302,30974.28729268407,1578747.0970524566,5324391.644669227,30974.28729268407,1578988.6926544867,5324278.9867898235,31969.14475122088,1578564.2979490089,5323368.8694068985,31969.14475122088
1579080.0922062106,5324790.374420989,31471.716021952474,0.5697563569607736,1578747.0970524566,5324391.644669227,30974.28729268407,1579171.4917579344,5325301.762052152,30974.28729268407,1579413.0873599646,5325189.1041727485,31969.14475122088,1578988.6926544867,5324278.9867898235,31969.14475122088
1566165.4519384268,5296464.077670911,32466.57348048929,0.022433827727395824,1565832.456784672,5296065.34791915,31969.14475122088,1566256.85149015,5296975.465302075,31969.14475122088,1566498.447092181,5296862.8074226715,32964.002209757695,1566074.0523867032,5295952.690039746,32964.002209757695
1566589.8466439045,5297374.195053837,32466.57348048929,0.010186747949265692,1566256.85149015,5296975.465302075,31969.14475122088,1566681.2461956278,5297885.582685,31969.14475122088,1566922.841797659,5297772.9248055965,32964.002209757695,1566498.447092181,5296862.8074226715,32964.002209757695
1567014.2413493826,5298284.312436761,32466.57348048929,0.039417857576043755,1566681.2461956278,5297885.582685,31969.14475122088,1567105.6409011057,5298795.700067925,31969.14475122088,1567347.2365031368,5298683.0421885215,32964.002209757695,1566922.841797659,5297772.9248055965,32964.002209757695
1567438.6360548602,5299194.429819685,32466.57348048929,0.13223994989967996,1567105.6409011057,5298795.700067925,31969.14475122088,1567530.0356065836,5299705.81745085,31969.14475122088,1567771.6312086147,5299593.1595714465,32964.002209757695,1567347.2365031368,5298683.0421885215,32964.002209757695
1567863.0307603383,5300104.54720261,32466.57348048929,0.3510333688711055,1567530.0356065836,5299705.81745085,31969.14475122088,1567954.4303120614,5300615.934833775,31969.14475122088,1568196.0259140925,5300503.2769543715,32964.002209757695,1567771.6312086147,5299593.1595714465,32964.002209757695
1568287.425465816,5301014.664585536,32466.57348048929,1.031330273799927,1567954.4303120614,5300615.934833775,31969.14475122088,1568378.8250175393,5301526.0522167,31969.14475122088,1568620.4206195704,5301413.3943372965,32964.002209757695,1568196.0259140925,5300503.2769543715,32964.002209757695
1568711.820171294,5301924.78196846,32466.57348048929,0.9107562633735524,1568378.8250175393,5301526.0522167,31969.14475122088,1568803.2197230174,5302436.169599626,31969.14475122088,1569044.8153250483,5302323.511720222,32964.002209757695,1568620.4206195704,5301413.3943372965,32964.002209757695
1569136.214876772,5302834.899351385,32466.57348048929,1.4384041596663424,1568803.2197230174,5302436.169599626,31969.14475122088,1569227.6144284953,5303346.28698255,31969.14475122088,1569469.2100305262,5303233.629103147,32964.002209757695,1569044.8153250483,5302323.511720222,32964.002209757695
1569560.6095822498,5303745.01673431,32466.57348048929,2.276907270805342,1569227.6144284953,5303346.28698255,31969.14475122088,1569652.009133973,5304256.404365474,31969.14475122088,1569893.604736004,5304143.746486071,32964.002209757695,1569469.2100305262,5303233.629103147,32964.002209757695
1569985.0042877276,5304655.134117236,32466.57348048929,3.9577409686202416,1569652.009133973,5304256.404365474,31969.14475122088,1570076.403839451,5305166.5217484,31969.14475122088,1570317.9994414821,5305053.8638689965,32964.002209757695,1569893.604736004,5304143.746486071,32964.002209757695
1570409.3989932057,5305565.251500162,32466.57348048929,3.9918575585584537,1570076.403839451,5305166.5217484,31969.14475122088,1570500.798544929,5306076.639131325,31969.14475122088,1570742.3941469602,5305963.9812519215,32964.002209757695,1570317.9994414821,5305053.8638689965,32964.002209757695
1570833.7936986836,5306475.368883086,32466.57348048929,4.2433694742033845,1570500.798544929,5306076.639131325,31969.14475122088,1570925.193250407,5306986.75651425,31969.14475122088,1571166.788852438,5306874.0986348465,32964.002209757695,1570742.3941469602,5305963.9812519215,32964.002209757695
1571258.1884041613,5307385.486266011,32466.57348048929,4.388354956060713,1570925.193250407,5306986.75651425,31969.14475122088,1571349.5879558849,5307896.873897174,31969.14475122088,1571591.1835579157,5307784.2160177715,32964.002209757695,1571166.788852438,5306874.0986348465,32964.002209757695
1571682.5831096391,5308295.603648935,32466.57348048929,4.253585251910744,1571349.5879558849,5307896.873897174,31969.14475122088,1571773.9826613627,5308806.9912801,31969.14475122088,1572015.5782633938,5308694.3334006965,32964.002209757695,1571591.1835579157,5307784.2160177715,32964.002209757695
1572106.9778151172,5309205.721031861,32466.57348048929,3.936614795667708,1571773.9826613627,5308806.9912801,31969.14475122088,1572198.3773668406,5309717.108663025,31969.14475122088,1572439.9729688717,5309604.4507836215,32964.002209757695,1572015.5782633938,5308694.3334006965,32964.002209757695
1572531.372520595,5310115.838414785,32466.57348048929,3.547181321960048,1572198.3773668406,5309717.108663025,31969.14475122088,1572622.7720723185,5310627.22604595,31969.14475122088,1572864.3676743496,5310514.5681665465,32964.002209757695,1572439.9729688717,5309604.4507836215,32964.002209757695
1572955.7672260727,5311025.95579771,32466.57348048929,3.621056720996774,1572622.7720723185,5310627.22604595,31969.14475122088,1573047.1667777963,5311537.343428875,31969.14475122088,1573288.7623798274,5311424.6855494715,32964.002209757695,1572864.3676743496,5310514.5681665465,32964.002209757695
1573380.1619315508,5311936.073180635,32466.57348048929,2.093950430911672,1573047.1667777963,5311537.343428875,31969.14475122088,1573471.5614832742,5312447.460811799,31969.14475122088,1573713.1570853053,5312334.8029323965,32964.002209757695,1573288.7623798274,5311424.6855494715,32964.002209757695
1573804.5566370287,5312846.190563561,32466.57348048929,1.396782102127608,1573471.5614832742,5312447.460811799,31969.14475122088,1573895.956188752,5313357.578194724,31969.14475122088,1574137.5517907832,5313244.920315321,32964.002209757695,1573713.1570853053,5312334.8029323965,32964.002209757695
1574228.9513425066,5313756.3079464855,32466.57348048929,1.6143912896028187,1573895.956188752,5313357.578194724,31969.14475122088,1574320.35089423,5314267.695577649,31969.14475122088,1574561.946496261,5314155.037698246,32964.002209757695,1574137.5517907832,5313244.920315321,32964.002209757695
1574653.3460479842,5314666.4253294105,32466.57348048929,1.8069831541956223,1574320.35089423,5314267.695577649,31969.14475122088,1574744.7455997078,5315177.812960574,31969.14475122088,1574986.341201739,5315065.155081171,32964.002209757695,1574561.946496261,5314155.037698246,32964.002209757695
1575077.7407534625,5315576.5427123355,32466.57348048929,1.9180431350300071,1574744.7455997078,5315177.812960574,31969.14475122088,1575169.1403051857,5316087.930343499,31969.14475122088,1575410.7359072168,5315975.272464096,32964.002209757695,1574986.341201739,5315065.155081171,32964.002209757695
1575502.1354589404,5316486.660095261,32466.57348048929,1.297434387521867,1575169.1403051857,5316087.930343499,31969.14475122088,1575593.5350106638,5316998.047726424,31969.14475122088,1575835.130612695,5316885.389847021,32964.002209757695,1575410.7359072168,5315975.272464096,32964.002209757695
1575926.5301644183,5317396.777478185,32466.57348048929,0.658947001485101,1575593.5350106638,5316998.047726424,31969.14475122088,1576017.9297161417,5317908.165109349,31969.14475122088,1576259.5253181725,5317795.507229946,32964.002209757695,1575835.130612695,5316885.389847021,32964.002209757695
1576350.924869896,5318306.89486111,32466.57348048929,0.7241953596868518,1576017.9297161417,5317908.165109349,31969.14475122088,1576442.3244216193,5318818.282492274,31969.14475122088,1576683.9200236504,5318705.624612871,32964.002209757695,1576259.5253181725,5317795.507229946,32964.002209757695
1576775.319575374,5319217.012244035,32466.57348048929,0.8402816311903081,1576442.3244216193,5318818.282492274,31969.14475122088,1576866.7191270974,5319728.399875199,31969.14475122088,1577108.3147291285,5319615.741995796,32964.002209757695,1576683.9200236504,5318705.624612871,32964.002209757695
1577199.714280852,5320127.1296269605,32466.57348048929,1.0512457706881682,1576866.7191270974,5319728.399875199,31969.14475122088,1577291.1138325753,5320638.517258124,31969.14475122088,1577532.7094346064,5320525.859378721,32964.002209757695,1577108.3147291285,5319615.741995796,32964.002209757695
1577624.10898633,5321037.247009885,32466.57348048929,1.0993191096677173,1577291.1138325753,5320638.517258124,31969.14475122088,1577715.5085380531,5321548.6346410485,31969.14475122088,1577957.1041400842,5321435.976761646,32964.002209757695,1577532.7094346064,5320525.859378721,32964.002209757695
1578048.5036918076,5321947.36439281,32466.57348048929,0.6803046787435615,1577715.5085380531,5321548.6346410485,31969.14475122088,1578139.903243531,5322458.7520239735,31969.14475122088,1578381.4988455619,5322346.09414457,32964.002209757695,1577957.1041400842,5321435.976761646,32964.002209757695
1578472.8983972855,5322857.481775735,32466.57348048929,0.4807045325804046,1578139.903243531,5322458.7520239735,31969.14475122088,1578564.2979490089,5323368.8694068985,31969.14475122088,1578805.89355104,5323256.211527495,32964.002209757695,1578381.4988455619,5322346.09414457,32964.002209757695
1578897.2931027634,5323767.5991586605,32466.57348048929,0.5520627277726764,1578564.2979490089,5323368.8694068985,31969.14475122088,1578988.6926544867,5324278.9867898235,31969.14475122088,1579230.2882565178,5324166.32891042,32964.002209757695,1578805.89355104,5323256.211527495,32964.002209757695
1579321.6878082415,5324677.716541585,32466.57348048929,0.681383095911803,1578988.6926544867,5324278.9867898235,31969.14475122088,1579413.0873599646,5325189.1041727485,31969.14475122088,1579654.682961996,5325076.446293345,32964.002209757695,1579230.2882565178,5324166.32891042,32964.002209757695
1566407.0475404575,5296351.4197915085,33461.430939026104,0.11719575882277211,1566074.0523867032,5295952.690039746,32964.002209757695,1566498.447092181,5296862.8074226715,32964.002209757695,1566740.0426942112,5296750.149543269,33958.859668294506,1566315.6479887334,5295840.032160344,33958.859668294506
1566831.4422459353,5297261.537174433,33461.430939026104,0.11778092059325782,1566498.447092181,5296862.8074226715,32964.002209757695,1566922.841797659,5297772.9248055965,32964.002209757695,1567164.437399689,5297660.266926194,33958.859668294506,1566740.0426942112,5296750.149543269,33958.859668294506
1567255.8369514132,5298171.654557358,33461.430939026104,0.23615781278366973,1566922.841797659,5297772.9248055965,32964.002209757695,1567347.2365031368,5298683.0421885215,32964.002209757695,1567588.832105167,5298570.384309119,33958.859668294506,1567164.437399689,5297660.266926194,33958.859668294506
1567680.2316568908,5299081.771940283,33461.430939026104,0.3080675581715004,1567347.2365031368,5298683.0421885215,32964.002209757695,1567771.6312086147,5299593.1595714465,32964.002209757695,1568013.2268106448,5299480.501692044,33958.859668294506,1567588.832105167,5298570.384309119,33958.859668294506
1568104.626362369,5299991.889323208,33461.430939026104,0.42643745923533266,1567771.6312086147,5299593.1595714465,32964.002209757695,1568196.0259140925,5300503.2769543715,32964.002209757695,1568437.6215161227,5300390.619074969,33958.859668294506,1568013.2268106448,5299480.501692044,33958.859668294506
1568529.0210678468,5300902.006706132,33461.430939026104,1.0443514980923363,1568196.0259140925,5300503.2769543715,32964.002209757695,1568620.4206195704,5301413.3943372965,32964.002209757695,1568862.0162216006,5301300.736457894,33958.859668294506,1568437.6215161227,5300390.619074969,33958.859668294506
1568953.4157733247,5301812.124089058,33461.430939026104,1.5309565254395214,1568620.4206195704,5301413.3943372965,32964.002209757695,1569044.8153250483,5302323.511720222,32964.002209757695,1569286.410927079,5302210.853840819,33958.859668294506,1568862.0162216006,5301300.736457894,33958.859668294506
1569377.8104788025,5302722.241471983,33461.430939026104,3.620673899494014,1569044.8153250483,5302323.511720222,32964.002209757695,1569469.2100305262,5303233.629103147,32964.002209757695,1569710.8056325568,5303120.971223744,33958.859668294506,1569286.410927079,5302210.853840819,33958.859668294506
1569802.2051842804,5303632.358854908,33461.430939026104,4.494368663654041,1569469.2100305262,5303233.629103147,32964.002209757695,1569893.604736004,5304143.746486071,32964.002209757695,1570135.2003380344,5304031.088606668,33958.859668294506,1569710.8056325568,5303120.971223744,33958.859668294506
1570226.5998897583,5304542.476237832,33461.430939026104,5.060621011604157,1569893.604736004,5304143.746486071,32964.002209757695,1570317.9994414821,5305053.8638689965,32964.002209757695,1570559.5950435125,5304941.205989593,33958.859668294506,1570135.2003380344,5304031.088606668,33958.859668294506
1570650.9945952361,5305452.593620758,33461.430939026104,5.144666161017967,1570317.9994414821,5305053.8638689965,32964.002209757695,1570742.3941469602,5305963.9812519215,32964.002209757695,1570983.9897489904,5305851.323372518,33958.859668294506,1570559.5950435125,5304941.205989593,33958.859668294506
1571075.389300714,5306362.711003683,33461.430939026104,5.0915711363529645,1570742.3941469602,5305963.9812519215,32964.002209757695,1571166.788852438,5306874.0986348465,32964.002209757695,1571408.3844544683,5306761.440755443,33958.859668294506,1570983.9897489904,5305851.323372518,33958.859668294506
1571499.7840061919,5307272.828386608,33461.430939026104,5.314557096680232,1571166.788852438,5306874.0986348465,32964.002209757695,1571591.1835579157,5307784.2160177715,32964.002209757695,1571832.7791599461,5307671.558138368,33958.859668294506,1571408.3844544683,5306761.440755443,33958.859668294506
1571924.1787116698,5308182.945769533,33461.430939026104,5.555831631817031,1571591.1835579157,5307784.2160177715,32964.002209757695,1572015.5782633938,5308694.3334006965,32964.002209757695,1572257.173865424,5308581.675521293,33958.859668294506,1571832.7791599461,5307671.558138368,33958.859668294506
1572348.5734171479,5309093.063152457,33461.430939026104,4.711337505853927,1572015.5782633938,5308694.3334006965,32964.002209757695,1572439.9729688717,5309604.4507836215,32964.002209757695,1572681.5685709019,5309491.792904218,33958.859668294506,1572257.173865424,5308581.675521293,33958.859668294506
1572772.9681226255,5310003.180535382,33461.430939026104,4.358475340621561,1572439.9729688717,5309604.4507836215,32964.002209757695,1572864.3676743496,5310514.5681665465,32964.002209757695,1573105.9632763797,5310401.910287143,33958.859668294506,1572681.5685709019,5309491.792904218,33958.859668294506
1573197.3628281036,5310913.297918307,33461.430939026104,4.0537593589858485,1572864.3676743496,5310514.5681665465,32964.002209757695,1573288.7623798274,5311424.6855494715,32964.002209757695,1573530.3579818576,5311312.027670068,33958.859668294506,1573105.9632763797,5310401.910287143,33958.859668294506
1573621.7575335812,5311823.415301233,33461.430939026104,3.754527422571443,1573288.7623798274,5311424.6855494715,32964.002209757695,1573713.1570853053,5312334.8029323965,32964.002209757695,1573954.7526873355,5312222.145052993,33958.859668294506,1573530.3579818576,5311312.027670068,33958.859668294506
1574046.1522390593,5312733.532684157,33461.430939026104,3.5843802941924467,1573713.1570853053,5312334.8029323965,32964.002209757695,1574137.5517907832,5313244.920315321,32964.002209757695,1574379.1473928133,5313132.262435918,33958.859668294506,1573954.7526873355,5312222.145052993,33958.859668294506
1574470.5469445372,5313643.650067082,33461.430939026104,2.4225338766842115,1574137.5517907832,5313244.920315321,32964.002209757695,1574561.946496261,5314155.037698246,32964.002209757695,1574803.5420982912,5314042.379818842,33958.859668294506,1574379.1473928133,5313132.262435918,33958.859668294506
1574894.9416500153,5314553.767450007,33461.430939026104,1.865187756549649,1574561.946496261,5314155.037698246,32964.002209757695,1574986.341201739,5315065.155081171,32964.002209757695,1575227.936803769,5314952.497201767,33958.859668294506,1574803.5420982912,5314042.379818842,33958.859668294506
1575319.336355493,5315463.884832933,33461.430939026104,1.485791531992737,1574986.341201739,5315065.155081171,32964.002209757695,1575410.7359072168,5315975.272464096,32964.002209757695,1575652.331509247,5315862.614584693,33958.859668294506,1575227.936803769,5314952.497201767,33958.859668294506
1575743.7310609713,5316374.002215857,33461.430939026104,1.2367581116367428,1575410.7359072168,5315975.272464096,32964.002209757695,1575835.130612695,5316885.389847021,32964.002209757695,1576076.726214725,5316772.731967618,33958.859668294506,1575652.331509247,5315862.614584693,33958.859668294506
1576168.1257664491,5317284.119598781,33461.430939026104,0.9616420126150945,1575835.130612695,5316885.389847021,32964.002209757695,1576259.5253181725,5317795.507229946,32964.002209757695,1576501.120920203,5317682.849350543,33958.859668294506,1576076.726214725,5316772.731967618,33958.859668294506
1576592.5204719268,5318194.236981706,33461.430939026104,0.5117406931770906,1576259.5253181725,5317795.507229946,32964.002209757695,1576683.9200236504,5318705.624612871,32964.002209757695,1576925.5156256806,5318592.966733467,33958.859668294506,1576501.120920203,5317682.849350543,33958.859668294506
1577016.9151774046,5319104.354364632,33461.430939026104,0.19369571343513653,1576683.9200236504,5318705.624612871,32964.002209757695,1577108.3147291285,5319615.741995796,32964.002209757695,1577349.9103311587,5319503.084116393,33958.859668294506,1576925.5156256806,5318592.966733467,33958.859668294506
1577441.3098828827,5320014.471747556,33461.430939026104,0.278386603398391,1577108.3147291285,5319615.741995796,32964.002209757695,1577532.7094346064,5320525.859378721,32964.002209757695,1577774.3050366365,5320413.201499318,33958.859668294506,1577349.9103311587,5319503.084116393,33958.859668294506
1577865.7045883606,5320924.589130481,33461.430939026104,0.3260022148671723,1577532.7094346064,5320525.859378721,32964.002209757695,1577957.1041400842,5321435.976761646,32964.002209757695,1578198.6997421144,5321323.318882243,33958.859668294506,1577774.3050366365,5320413.201499318,33958.859668294506
1578290.0992938383,5321834.706513406,33461.430939026104,0.2663193575705121,1577957.1041400842,5321435.976761646,32964.002209757695,1578381.4988455619,5322346.09414457,32964.002209757695,1578623.0944475925,5322233.436265167,33958.859668294506,1578198.6997421144,5321323.318882243,33958.859668294506
1578714.4939993164,5322744.823896332,33461.430939026104,0.17746843699402803,1578381.4988455619,5322346.09414457,32964.002209757695,1578805.89355104,5323256.211527495,32964.002209757695,1579047.4891530704,5323143.553648092,33958.859668294506,1578623.0944475925,5322233.436265167,33958.859668294506
1579138.8887047942,5323654.941279256,33461.430939026104,0.512233809855956,1578805.89355104,5323256.211527495,32964.002209757695,1579230.2882565178,5324166.32891042,32964.002209757695,1579471.8838585482,5324053.671031017,33958.859668294506,1579047.4891530704,5323143.553648092,33958.859668294506
1579563.283410272,5324565.058662181,33461.430939026104,1.1949677645073302,1579230.2882565178,5324166.32891042,32964.002209757695,1579654.682961996,5325076.446293345,32964.002209757695,1579896.278564026,5324963.788413942,33958.859668294506,1579471.8838585482,5324053.671031017,33958.859668294506
1566648.6431424879,5296238.761912106,34456.288397562916,0.32162990061922175,1566315.6479887334,5295840.032160344,33958.859668294506,1566740.0426942112,5296750.149543269,33958.859668294506,1566981.6382962423,5296637.491663865,34953.717126831325,1566557.2435907645,5295727.37428094,34953.717126831325
1567073.037847966,5297148.87929503,34456.288397562916,0.1946332760283588,1566740.0426942112,5296750.149543269,33958.859668294506,1567164.437399689,5297660.266926194,33958.859668294506,1567406.0330017202,5297547.60904679,34953.717126831325,1566981.6382962423,5296637.491663865,34953.717126831325
1567497.4325534436,5298058.996677955,34456.288397562916,0.10705993241266872,1567164.437399689,5297660.266926194,33958.859668294506,1567588.832105167,5298570.384309119,33958.859668294506,1567830.427707198,5298457.726429715,34953.717126831325,1567406.0330017202,5297547.60904679,34953.717126831325
1567921.8272589217,5298969.11406088,34456.288397562916,0.16696231290802563,1567588.832105167,5298570.384309119,33958.859668294506,1568013.2268106448,5299480.501692044,33958.859668294506,1568254.822412676,5299367.84381264,34953.717126831325,1567830.427707198,5298457.726429715,34953.717126831325
1568346.2219643993,5299879.231443805,34456.288397562916,0.37950611796982153,1568013.2268106448,5299480.501692044,33958.859668294506,1568437.6215161227,5300390.619074969,33958.859668294506,1568679.2171181538,5300277.961195565,34953.717126831325,1568254.822412676,5299367.84381264,34953.717126831325
1568770.6166698774,5300789.348826729,34456.288397562916,0.8011378331474567,1568437.6215161227,5300390.619074969,33958.859668294506,1568862.0162216006,5301300.736457894,33958.859668294506,1569103.611823632,5301188.07857849,34953.717126831325,1568679.2171181538,5300277.961195565,34953.717126831325
1569195.0113753553,5301699.466209654,34456.288397562916,1.4511806178275934,1568862.0162216006,5301300.736457894,33958.859668294506,1569286.410927079,5302210.853840819,33958.859668294506,1569528.0065291098,5302098.195961415,34953.717126831325,1569103.611823632,5301188.07857849,34953.717126831325
1569619.4060808332,5302609.583592579,34456.288397562916,2.352681402698428,1569286.410927079,5302210.853840819,33958.859668294506,1569710.8056325568,5303120.971223744,33958.859668294506,1569952.4012345877,5303008.31334434,34953.717126831325,1569528.0065291098,5302098.195961415,34953.717126831325
1570043.800786311,5303519.700975505,34456.288397562916,3.2027222647702884,1569710.8056325568,5303120.971223744,33958.859668294506,1570135.2003380344,5304031.088606668,33958.859668294506,1570376.7959400655,5303918.430727265,34953.717126831325,1569952.4012345877,5303008.31334434,34953.717126831325
1570468.195491789,5304429.818358429,34456.288397562916,4.616680630835454,1570135.2003380344,5304031.088606668,33958.859668294506,1570559.5950435125,5304941.205989593,33958.859668294506,1570801.1906455434,5304828.548110189,34953.717126831325,1570376.7959400655,5303918.430727265,34953.717126831325
1570892.5901972668,5305339.935741354,34456.288397562916,5.408554024364818,1570559.5950435125,5304941.205989593,33958.859668294506,1570983.9897489904,5305851.323372518,33958.859668294506,1571225.5853510215,5305738.665493114,34953.717126831325,1570801.1906455434,5304828.548110189,34953.717126831325
1571316.9849027449,5306250.053124279,34456.288397562916,5.199092114657441,1570983.9897489904,5305851.323372518,33958.859668294506,1571408.3844544683,5306761.440755443,33958.859668294506,1571649.9800564994,5306648.782876039,34953.717126831325,1571225.5853510215,5305738.665493114,34953.717126831325
1571741.3796082227,5307160.170507205,34456.288397562916,5.352232069104647,1571408.3844544683,5306761.440755443,33958.859668294506,1571832.7791599461,5307671.558138368,33958.859668294506,1572074.374761977,5307558.900258964,34953.717126831325,1571649.9800564994,5306648.782876039,34953.717126831325
1572165.7743137004,5308070.287890129,34456.288397562916,5.423653669090308,1571832.7791599461,5307671.558138368,33958.859668294506,1572257.173865424,5308581.675521293,33958.859668294506,1572498.769467455,5308469.017641889,34953.717126831325,1572074.374761977,5307558.900258964,34953.717126831325
1572590.1690191785,5308980.405273053,34456.288397562916,5.004582399987311,1572257.173865424,5308581.675521293,33958.859668294506,1572681.5685709019,5309491.792904218,33958.859668294506,1572923.164172933,5309379.135024814,34953.717126831325,1572498.769467455,5308469.017641889,34953.717126831325
1573014.5637246564,5309890.522655978,34456.288397562916,5.300788491002623,1572681.5685709019,5309491.792904218,33958.859668294506,1573105.9632763797,5310401.910287143,33958.859668294506,1573347.5588784108,5310289.252407739,34953.717126831325,1572923.164172933,5309379.135024814,34953.717126831325
1573438.9584301342,5310800.640038904,34456.288397562916,5.348732291426785,1573105.9632763797,5310401.910287143,33958.859668294506,1573530.3579818576,5311312.027670068,33958.859668294506,1573771.9535838887,5311199.369790664,34953.717126831325,1573347.5588784108,5310289.252407739,34953.717126831325
1573863.353135612,5311710.757421828,34456.288397562916,4.435162495487236,1573530.3579818576,5311312.027670068,33958.859668294506,1573954.7526873355,5312222.145052993,33958.859668294506,1574196.3482893666,5312109.487173589,34953.717126831325,1573771.9535838887,5311199.369790664,34953.717126831325
1574287.7478410902,5312620.874804754,34456.288397562916,3.791403250903071,1573954.7526873355,5312222.145052993,33958.859668294506,1574379.1473928133,5313132.262435918,33958.859668294506,1574620.7429948444,5313019.604556515,34953.717126831325,1574196.3482893666,5312109.487173589,34953.717126831325
1574712.142546568,5313530.992187679,34456.288397562916,3.5495737419576776,1574379.1473928133,5313132.262435918,33958.859668294506,1574803.5420982912,5314042.379818842,33958.859668294506,1575045.1377003223,5313929.721939439,34953.717126831325,1574620.7429948444,5313019.604556515,34953.717126831325
1575136.537252046,5314441.109570604,34456.288397562916,3.058887618559394,1574803.5420982912,5314042.379818842,33958.859668294506,1575227.936803769,5314952.497201767,33958.859668294506,1575469.5324058002,5314839.839322363,34953.717126831325,1575045.1377003223,5313929.721939439,34953.717126831325
1575560.9319575236,5315351.226953528,34456.288397562916,1.2012976745720696,1575227.936803769,5314952.497201767,33958.859668294506,1575652.331509247,5315862.614584693,33958.859668294506,1575893.927111278,5315749.956705289,34953.717126831325,1575469.5324058002,5314839.839322363,34953.717126831325
1575985.3266630017,5316261.344336454,34456.288397562916,0.9703528372493264,1575652.331509247,5315862.614584693,33958.859668294506,1576076.726214725,5316772.731967618,33958.859668294506,1576318.3218167562,5316660.074088214,34953.717126831325,1575893.927111278,5315749.956705289,34953.717126831325
1576409.7213684795,5317171.461719379,34456.288397562916,1.131234224309897,1576076.726214725,5316772.731967618,33958.859668294506,1576501.120920203,5317682.849350543,33958.859668294506,1576742.7165222338,5317570.191471139,34953.717126831325,1576318.3218167562,5316660.074088214,34953.717126831325
1576834.1160739574,5318081.579102303,34456.288397562916,0.9909728907245619,1576501.120920203,5317682.849350543,33958.859668294506,1576925.5156256806,5318592.966733467,33958.859668294506,1577167.1112277117,5318480.308854064,34953.717126831325,1576742.7165222338,5317570.191471139,34953.717126831325
1577258.5107794353,5318991.696485227,34456.288397562916,0.37006313181933875,1576925.5156256806,5318592.966733467,33958.859668294506,1577349.9103311587,5319503.084116393,33958.859668294506,1577591.5059331898,5319390.426236989,34953.717126831325,1577167.1112277117,5318480.308854064,34953.717126831325
1577682.9054849134,5319901.813868153,34456.288397562916,0.20643269622607224,1577349.9103311587,5319503.084116393,33958.859668294506,1577774.3050366365,5320413.201499318,33958.859668294506,1578015.9006386676,5320300.543619914,34953.717126831325,1577591.5059331898,5319390.426236989,34953.717126831325
1578107.300190391,5320811.931251078,34456.288397562916,0.6042335690799662,1577774.3050366365,5320413.201499318,33958.859668294506,1578198.6997421144,5321323.318882243,33958.859668294506,1578440.2953441457,5321210.661002839,34953.717126831325,1578015.9006386676,5320300.543619914,34953.717126831325
1578531.694895869,5321722.048634003,34456.288397562916,0.5772508735399529,1578198.6997421144,5321323.318882243,33958.859668294506,1578623.0944475925,5322233.436265167,33958.859668294506,1578864.6900496234,5322120.778385763,34953.717126831325,1578440.2953441457,5321210.661002839,34953.717126831325
1578956.0896013468,5322632.166016929,34456.288397562916,0.32917469910714847,1578623.0944475925,5322233.436265167,33958.859668294506,1579047.4891530704,5323143.553648092,33958.859668294506,1579289.0847551015,5323030.895768688,34953.717126831325,1578864.6900496234,5322120.778385763,34953.717126831325
1579380.4843068249,5323542.283399853,34456.288397562916,0.4778429184531299,1579047.4891530704,5323143.553648092,33958.859668294506,1579471.8838585482,5324053.671031017,33958.859668294506,1579713.4794605793,5323941.013151613,34953.717126831325,1579289.0847551015,5323030.895768688,34953.717126831325
1579804.8790123025,5324452.400782778,34456.288397562916,0.5589455309816023,1579471.8838585482,5324053.671031017,33958.859668294506,1579896.278564026,5324963.788413942,33958.859668294506,1580137.8741660572,5324851.130534538,34953.717126831325,1579713.4794605793,5323941.013151613,34953.717126831325
1566890.2387445185,5296126.104032701,35451.14585609973,0.24929306584199717,1566557.2435907645,5295727.37428094,34953.717126831325,1566981.6382962423,5296637.491663865,34953.717126831325,1567223.2338982725,5296524.833784461,35948.57458536814,1566798.8391927946,5295614.716401537,35948.57458536814
1567314.6334499966,5297036.221415626,35451.14585609973,0.32969242339838933,1566981.6382962423,5296637.491663865,34953.717126831325,1567406.0330017202,5297547.60904679,34953.717126831325,1567647.6286037504,5297434.951167386,35948.57458536814,1567223.2338982725,5296524.833784461,35948.57458536814
1567739.0281554745,5297946.338798551,35451.14585609973,0.3849337478569736,1567406.0330017202,5297547.60904679,34953.717126831325,1567830.427707198,5298457.726429715,34953.717126831325,1568072.0233092285,5298345.068550312,35948.57458536814,1567647.6286037504,5297434.951167386,35948.57458536814
1568163.4228609523,5298856.456181477,35451.14585609973,0.9230677111390028,1567830.427707198,5298457.726429715,34953.717126831325,1568254.822412676,5299367.84381264,34953.717126831325,1568496.4180147063,5299255.185933237,35948.57458536814,1568072.0233092285,5298345.068550312,35948.57458536814
1568587.81756643,5299766.573564401,35451.14585609973,1.1344396722066128,1568254.822412676,5299367.84381264,34953.717126831325,1568679.2171181538,5300277.961195565,34953.717126831325,1568920.8127201842,5300165.303316161,35948.57458536814,1568496.4180147063,5299255.185933237,35948.57458536814
1569012.212271908,5300676.690947325,35451.14585609973,0.8669352810284843,1568679.2171181538,5300277.961195565,34953.717126831325,1569103.611823632,5301188.07857849,34953.717126831325,1569345.207425662,5301075.420699087,35948.57458536814,1568920.8127201842,5300165.303316161,35948.57458536814
1569436.606977386,5301586.80833025,35451.14585609973,1.1040315598406902,1569103.611823632,5301188.07857849,34953.717126831325,1569528.0065291098,5302098.195961415,34953.717126831325,1569769.6021311402,5301985.538082012,35948.57458536814,1569345.207425662,5301075.420699087,35948.57458536814
1569861.0016828638,5302496.925713176,35451.14585609973,1.4789589903017735,1569528.0065291098,5302098.195961415,34953.717126831325,1569952.4012345877,5303008.31334434,34953.717126831325,1570193.996836618,5302895.655464937,35948.57458536814,1569769.6021311402,5301985.538082012,35948.57458536814
1570285.3963883414,5303407.0430961,35451.14585609973,2.033398874120574,1569952.4012345877,5303008.31334434,34953.717126831325,1570376.7959400655,5303918.430727265,34953.717126831325,1570618.3915420957,5303805.772847862,35948.57458536814,1570193.996836618,5302895.655464937,35948.57458536814
1570709.7910938195,5304317.160479025,35451.14585609973,2.6720125003749002,1570376.7959400655,5303918.430727265,34953.717126831325,1570801.1906455434,5304828.548110189,34953.717126831325,1571042.7862475738,5304715.890230786,35948.57458536814,1570618.3915420957,5303805.772847862,35948.57458536814
1571134.1857992974,5305227.27786195,35451.14585609973,2.4322395329628357,1570801.1906455434,5304828.548110189,34953.717126831325,1571225.5853510215,5305738.665493114,34953.717126831325,1571467.1809530517,5305626.007613711,35948.57458536814,1571042.7862475738,5304715.890230786,35948.57458536814
1571558.5805047755,5306137.395244876,35451.14585609973,2.1143153166620947,1571225.5853510215,5305738.665493114,34953.717126831325,1571649.9800564994,5306648.782876039,34953.717126831325,1571891.5756585295,5306536.124996636,35948.57458536814,1571467.1809530517,5305626.007613711,35948.57458536814
1571982.9752102531,5307047.5126278,35451.14585609973,2.247526149945253,1571649.9800564994,5306648.782876039,34953.717126831325,1572074.374761977,5307558.900258964,34953.717126831325,1572315.9703640074,5307446.242379561,35948.57458536814,1571891.5756585295,5306536.124996636,35948.57458536814
1572407.369915731,5307957.630010725,35451.14585609973,2.4988042878802754,1572074.374761977,5307558.900258964,34953.717126831325,1572498.769467455,5308469.017641889,34953.717126831325,1572740.3650694853,5308356.359762486,35948.57458536814,1572315.9703640074,5307446.242379561,35948.57458536814
1572831.764621209,5308867.74739365,35451.14585609973,3.647223733770371,1572498.769467455,5308469.017641889,34953.717126831325,1572923.164172933,5309379.135024814,34953.717126831325,1573164.7597749631,5309266.477145411,35948.57458536814,1572740.3650694853,5308356.359762486,35948.57458536814
1573256.1593266872,5309777.864776575,35451.14585609973,3.029028027866987,1572923.164172933,5309379.135024814,34953.717126831325,1573347.5588784108,5310289.252407739,34953.717126831325,1573589.154480441,5310176.594528336,35948.57458536814,1573164.7597749631,5309266.477145411,35948.57458536814
1573680.5540321649,5310687.982159499,35451.14585609973,2.215634503811128,1573347.5588784108,5310289.252407739,34953.717126831325,1573771.9535838887,5311199.369790664,34953.717126831325,1574013.5491859189,5311086.711911261,35948.57458536814,1573589.154480441,5310176.594528336,35948.57458536814
1574104.948737643,5311598.099542424,35451.14585609973,2.262661650904959,1573771.9535838887,5311199.369790664,34953.717126831325,1574196.3482893666,5312109.487173589,34953.717126831325,1574437.9438913967,5311996.829294186,35948.57458536814,1574013.5491859189,5311086.711911261,35948.57458536814
1574529.3434431206,5312508.21692535,35451.14585609973,2.824063003166492,1574196.3482893666,5312109.487173589,34953.717126831325,1574620.7429948444,5313019.604556515,34953.717126831325,1574862.3385968746,5312906.946677111,35948.57458536814,1574437.9438913967,5311996.829294186,35948.57458536814
1574953.7381485987,5313418.334308275,35451.14585609973,2.2129814063781414,1574620.7429948444,5313019.604556515,34953.717126831325,1575045.1377003223,5313929.721939439,34953.717126831325,1575286.7333023525,5313817.064060035,35948.57458536814,1574862.3385968746,5312906.946677111,35948.57458536814
1575378.1328540763,5314328.4516912,35451.14585609973,1.613506288602583,1575045.1377003223,5313929.721939439,34953.717126831325,1575469.5324058002,5314839.839322363,34953.717126831325,1575711.1280078304,5314727.18144296,35948.57458536814,1575286.7333023525,5313817.064060035,35948.57458536814
1575802.5275595544,5315238.569074125,35451.14585609973,1.6798628028554263,1575469.5324058002,5314839.839322363,34953.717126831325,1575893.927111278,5315749.956705289,34953.717126831325,1576135.5227133082,5315637.298825885,35948.57458536814,1575711.1280078304,5314727.18144296,35948.57458536814
1576226.9222650323,5316148.68645705,35451.14585609973,1.0315003834811534,1575893.927111278,5315749.956705289,34953.717126831325,1576318.3218167562,5316660.074088214,34953.717126831325,1576559.9174187863,5316547.41620881,35948.57458536814,1576135.5227133082,5315637.298825885,35948.57458536814
1576651.3169705104,5317058.803839975,35451.14585609973,0.90457698146236,1576318.3218167562,5316660.074088214,34953.717126831325,1576742.7165222338,5317570.191471139,34953.717126831325,1576984.3121242642,5317457.533591735,35948.57458536814,1576559.9174187863,5316547.41620881,35948.57458536814
1577075.7116759878,5317968.9212229,35451.14585609973,1.1895644984840144,1576742.7165222338,5317570.191471139,34953.717126831325,1577167.1112277117,5318480.308854064,34953.717126831325,1577408.706829742,5318367.65097466,35948.57458536814,1576984.3121242642,5317457.533591735,35948.57458536814
1577500.106381466,5318879.038605824,35451.14585609973,1.1072865516499761,1577167.1112277117,5318480.308854064,34953.717126831325,1577591.5059331898,5319390.426236989,34953.717126831325,1577833.1015352202,5319277.768357585,35948.57458536814,1577408.706829742,5318367.65097466,35948.57458536814
1577924.501086944,5319789.155988749,35451.14585609973,0.8752283684692376,1577591.5059331898,5319390.426236989,34953.717126831325,1578015.9006386676,5320300.543619914,34953.717126831325,1578257.496240698,5320187.88574051,35948.57458536814,1577833.1015352202,5319277.768357585,35948.57458536814
1578348.895792422,5320699.273371674,35451.14585609973,0.9862007695878866,1578015.9006386676,5320300.543619914,34953.717126831325,1578440.2953441457,5321210.661002839,34953.717126831325,1578681.890946176,5321098.003123435,35948.57458536814,1578257.496240698,5320187.88574051,35948.57458536814
1578773.2904978998,5321609.3907546,35451.14585609973,1.2058076558011557,1578440.2953441457,5321210.661002839,34953.717126831325,1578864.6900496234,5322120.778385763,34953.717126831325,1579106.2856516538,5322008.12050636,35948.57458536814,1578681.890946176,5321098.003123435,35948.57458536814
1579197.6852033774,5322519.508137524,35451.14585609973,1.0796563773583634,1578864.6900496234,5322120.778385763,34953.717126831325,1579289.0847551015,5323030.895768688,34953.717126831325,1579530.6803571316,5322918.237889284,35948.57458536814,1579106.2856516538,5322008.12050636,35948.57458536814
1579622.0799088555,5323429.625520449,35451.14585609973,1.2096794218922389,1579289.0847551015,5323030.895768688,34953.717126831325,1579713.4794605793,5323941.013151613,34953.717126831325,1579955.0750626095,5323828.35527221,35948.57458536814,1579530.6803571316,5322918.237889284,35948.57458536814
1580046.4746143334,5324339.742903374,35451.14585609973,1.4420467605512641,1579713.4794605793,5323941.013151613,34953.717126831325,1580137.8741660572,5324851.130534538,34953.717126831325,1580379.4697680874,5324738.472655134,35948.57458536814,1579955.0750626095,5323828.35527221,35948.57458536814
1567131.8343465494,5296013.446153297,36446.00331463654,1.3179301052155468,1566798.8391927946,5295614.716401537,35948.57458536814,1567223.2338982725,5296524.833784461,35948.57458536814,1567464.8295003038,5296412.175905057,36943.43204390495,1567040.4347948257,5295502.058522133,36943.43204390495
1567556.229052027,5296923.563536222,36446.00331463654,0.9124710916191937,1567223.2338982725,5296524.833784461,35948.57458536814,1567647.6286037504,5297434.951167386,35948.57458536814,1567889.2242057817,5297322.293287983,36943.43204390495,1567464.8295003038,5296412.175905057,36943.43204390495
1567980.623757505,5297833.680919148,36446.00331463654,0.5953907146798091,1567647.6286037504,5297434.951167386,35948.57458536814,1568072.0233092285,5298345.068550312,35948.57458536814,1568313.6189112596,5298232.410670908,36943.43204390495,1567889.2242057817,5297322.293287983,36943.43204390495
1568405.0184629827,5298743.798302074,36446.00331463654,0.6560340826361656,1568072.0233092285,5298345.068550312,35948.57458536814,1568496.4180147063,5299255.185933237,35948.57458536814,1568738.0136167374,5299142.528053833,36943.43204390495,1568313.6189112596,5298232.410670908,36943.43204390495
1568829.4131684608,5299653.915684997,36446.00331463654,0.5040166097207929,1568496.4180147063,5299255.185933237,35948.57458536814,1568920.8127201842,5300165.303316161,35948.57458536814,1569162.4083222153,5300052.645436758,36943.43204390495,1568738.0136167374,5299142.528053833,36943.43204390495
1569253.8078739385,5300564.033067922,36446.00331463654,1.0890527885504253,1568920.8127201842,5300165.303316161,35948.57458536814,1569345.207425662,5301075.420699087,35948.57458536814,1569586.8030276932,5300962.762819683,36943.43204390495,1569162.4083222153,5300052.645436758,36943.43204390495
1569678.2025794166,5301474.150450847,36446.00331463654,1.2515524494276564,1569345.207425662,5301075.420699087,35948.57458536814,1569769.6021311402,5301985.538082012,35948.57458536814,1570011.197733171,5301872.880202608,36943.43204390495,1569586.8030276932,5300962.762819683,36943.43204390495
1570102.5972848944,5302384.267833773,36446.00331463654,0.9169171956796769,1569769.6021311402,5301985.538082012,35948.57458536814,1570193.996836618,5302895.655464937,35948.57458536814,1570435.592438649,5302782.997585533,36943.43204390495,1570011.197733171,5301872.880202608,36943.43204390495
1570526.9919903723,5303294.385216697,36446.00331463654,1.0348254587181545,1570193.996836618,5302895.655464937,35948.57458536814,1570618.3915420957,5303805.772847862,35948.57458536814,1570859.9871441268,5303693.114968458,36943.43204390495,1570435.592438649,5302782.997585533,36943.43204390495
1570951.3866958502,5304204.502599622,36446.00331463654,1.3219607447330861,1570618.3915420957,5303805.772847862,35948.57458536814,1571042.7862475738,5304715.890230786,35948.57458536814,1571284.3818496047,5304603.232351383,36943.43204390495,1570859.9871441268,5303693.114968458,36943.43204390495
1571375.781401328,5305114.619982547,36446.00331463654,1.032958781100266,1571042.7862475738,5304715.890230786,35948.57458536814,1571467.1809530517,5305626.007613711,35948.57458536814,1571708.7765550828,5305513.349734307,36943.43204390495,1571284.3818496047,5304603.232351383,36943.43204390495
1571800.1761068061,5306024.737365473,36446.00331463654,1.4836307095266006,1571467.1809530517,5305626.007613711,35948.57458536814,1571891.5756585295,5306536.124996636,35948.57458536814,1572133.1712605606,5306423.467117232,36943.43204390495,1571708.7765550828,5305513.349734307,36943.43204390495
1572224.570812284,5306934.854748397,36446.00331463654,3.734323349154014,1571891.5756585295,5306536.124996636,35948.57458536814,1572315.9703640074,5307446.242379561,35948.57458536814,1572557.5659660383,5307333.584500157,36943.43204390495,1572133.1712605606,5306423.467117232,36943.43204390495
1572648.965517762,5307844.972131322,36446.00331463654,3.8700373304976123,1572315.9703640074,5307446.242379561,35948.57458536814,1572740.3650694853,5308356.359762486,35948.57458536814,1572981.9606715164,5308243.701883082,36943.43204390495,1572557.5659660383,5307333.584500157,36943.43204390495
1573073.3602232398,5308755.089514247,36446.00331463654,4.051726053243679,1572740.3650694853,5308356.359762486,35948.57458536814,1573164.7597749631,5309266.477145411,35948.57458536814,1573406.3553769942,5309153.819266007,36943.43204390495,1572981.9606715164,5308243.701883082,36943.43204390495
1573497.7549287179,5309665.206897172,36446.00331463654,3.1779344395035976,1573164.7597749631,5309266.477145411,35948.57458536814,1573589.154480441,5310176.594528336,35948.57458536814,1573830.750082472,5310063.936648932,36943.43204390495,1573406.3553769942,5309153.819266007,36943.43204390495
1573922.1496341957,5310575.324280096,36446.00331463654,2.4877977569464798,1573589.154480441,5310176.594528336,35948.57458536814,1574013.5491859189,5311086.711911261,35948.57458536814,1574255.14478795,5310974.054031857,36943.43204390495,1573830.750082472,5310063.936648932,36943.43204390495
1574346.5443396736,5311485.441663021,36446.00331463654,3.9337995950386975,1574013.5491859189,5311086.711911261,35948.57458536814,1574437.9438913967,5311996.829294186,35948.57458536814,1574679.5394934278,5311884.171414782,36943.43204390495,1574255.14478795,5310974.054031857,36943.43204390495
1574770.9390451512,5312395.559045946,36446.00331463654,3.9610099877575022,1574437.9438913967,5311996.829294186,35948.57458536814,1574862.3385968746,5312906.946677111,35948.57458536814,1575103.9341989057,5312794.288797707,36943.43204390495,1574679.5394934278,5311884.171414782,36943.43204390495
1575195.3337506293,5313305.676428872,36446.00331463654,3.8321810145698088,1574862.3385968746,5312906.946677111,35948.57458536814,1575286.7333023525,5313817.064060035,35948.57458536814,1575528.3289043836,5313704.406180632,36943.43204390495,1575103.9341989057,5312794.288797707,36943.43204390495
1575619.7284561072,5314215.793811796,36446.00331463654,2.6991947908084506,1575286.7333023525,5313817.064060035,35948.57458536814,1575711.1280078304,5314727.18144296,35948.57458536814,1575952.7236098615,5314614.523563556,36943.43204390495,1575528.3289043836,5313704.406180632,36943.43204390495
1576044.123161585,5315125.911194721,36446.00331463654,1.3966055756799884,1575711.1280078304,5314727.18144296,35948.57458536814,1576135.5227133082,5315637.298825885,35948.57458536814,1576377.1183153393,5315524.640946481,36943.43204390495,1575952.7236098615,5314614.523563556,36943.43204390495
1576468.517867063,5316036.028577646,36446.00331463654,0.6156041135506959,1576135.5227133082,5315637.298825885,35948.57458536814,1576559.9174187863,5316547.41620881,35948.57458536814,1576801.5130208174,5316434.758329406,36943.43204390495,1576377.1183153393,5315524.640946481,36943.43204390495
1576892.912572541,5316946.145960572,36446.00331463654,0.5036625955803118,1576559.9174187863,5316547.41620881,35948.57458536814,1576984.3121242642,5317457.533591735,35948.57458536814,1577225.9077262953,5317344.875712331,36943.43204390495,1576801.5130208174,5316434.758329406,36943.43204390495
1577317.3072780187,5317856.263343496,36446.00331463654,0.5906407618343302,1576984.3121242642,5317457.533591735,35948.57458536814,1577408.706829742,5318367.65097466,35948.57458536814,1577650.3024317732,5318254.993095256,36943.43204390495,1577225.9077262953,5317344.875712331,36943.43204390495
1577741.7019834965,5318766.38072642,36446.00331463654,0.7434931694021585,1577408.706829742,5318367.65097466,35948.57458536814,1577833.1015352202,5319277.768357585,35948.57458536814,1578074.6971372513,5319165.110478181,36943.43204390495,1577650.3024317732,5318254.993095256,36943.43204390495
1578166.0966889744,5319676.498109345,36446.00331463654,1.2614279422343915,1577833.1015352202,5319277.768357585,35948.57458536814,1578257.496240698,5320187.88574051,35948.57458536814,1578499.0918427291,5320075.227861106,36943.43204390495,1578074.6971372513,5319165.110478181,36943.43204390495
1578590.4913944525,5320586.615492271,36446.00331463654,1.8588886644966036,1578257.496240698,5320187.88574051,35948.57458536814,1578681.890946176,5321098.003123435,35948.57458536814,1578923.486548207,5320985.345244031,36943.43204390495,1578499.0918427291,5320075.227861106,36943.43204390495
1579014.8860999302,5321496.732875195,36446.00331463654,1.4381585176139349,1578681.890946176,5321098.003123435,35948.57458536814,1579106.2856516538,5322008.12050636,35948.57458536814,1579347.8812536849,5321895.462626956,36943.43204390495,1578923.486548207,5320985.345244031,36943.43204390495
1579439.2808054083,5322406.85025812,36446.00331463654,0.9711040511764182,1579106.2856516538,5322008.12050636,35948.57458536814,1579530.6803571316,5322918.237889284,35948.57458536814,1579772.2759591627,5322805.580009881,36943.43204390495,1579347.8812536849,5321895.462626956,36943.43204390495
1579863.675510886,5323316.967641045,36446.00331463654,0.5223452227150914,1579530.6803571316,5322918.237889284,35948.57458536814,1579955.0750626095,5323828.35527221,35948.57458536814,1580196.6706646406,5323715.697392806,36943.43204390495,1579772.2759591627,5322805.580009881,36943.43204390495
1580288.070216364,5324227.085023971,36446.00331463654,0.6905133283125025,1579955.0750626095,5323828.35527221,35948.57458536814,1580379.4697680874,5324738.472655134,35948.57458536814,1580621.0653701185,5324625.814775731,36943.43204390495,1580196.6706646406,5323715.697392806,36943.43204390495
1567373.42994858,5295900.788273893,37440.86077317336,2.1741814119596414,1567040.4347948257,5295502.058522133,36943.43204390495,1567464.8295003038,5296412.175905057,36943.43204390495,1567706.425102334,5296299.518025655,37938.28950244176,1567282.0303968561,5295389.40064273,37938.28950244176
1567797.8246540576,5296810.905656819,37440.86077317336,1.9994263343059298,1567464.8295003038,5296412.175905057,36943.43204390495,1567889.2242057817,5297322.293287983,36943.43204390495,1568130.8198078119,5297209.635408579,37938.28950244176,1567706.425102334,5296299.518025655,37938.28950244176
1568222.2193595357,5297721.023039745,37440.86077317336,1.5360649121880683,1567889.2242057817,5297322.293287983,36943.43204390495,1568313.6189112596,5298232.410670908,36943.43204390495,1568555.2145132897,5298119.752791504,37938.28950244176,1568130.8198078119,5297209.635408579,37938.28950244176
1568646.6140650136,5298631.140422669,37440.86077317336,1.0757549215686961,1568313.6189112596,5298232.410670908,36943.43204390495,1568738.0136167374,5299142.528053833,36943.43204390495,1568979.6092187676,5299029.870174429,37938.28950244176,1568555.2145132897,5298119.752791504,37938.28950244176
1569071.0087704915,5299541.257805594,37440.86077317336,2.467840126359973,1568738.0136167374,5299142.528053833,36943.43204390495,1569162.4083222153,5300052.645436758,36943.43204390495,1569404.0039242455,5299939.987557354,37938.28950244176,1568979.6092187676,5299029.870174429,37938.28950244176
1569495.403475969,5300451.375188519,37440.86077317336,3.3311494305750045,1569162.4083222153,5300052.645436758,36943.43204390495,1569586.8030276932,5300962.762819683,36943.43204390495,1569828.3986297233,5300850.104940279,37938.28950244176,1569404.0039242455,5299939.987557354,37938.28950244176
1569919.7981814472,5301361.492571444,37440.86077317336,2.4813601799316753,1569586.8030276932,5300962.762819683,36943.43204390495,1570011.197733171,5301872.880202608,36943.43204390495,1570252.7933352015,5301760.222323204,37938.28950244176,1569828.3986297233,5300850.104940279,37938.28950244176
1570344.192886925,5302271.609954368,37440.86077317336,1.783363617588633,1570011.197733171,5301872.880202608,36943.43204390495,1570435.592438649,5302782.997585533,36943.43204390495,1570677.1880406793,5302670.339706129,37938.28950244176,1570252.7933352015,5301760.222323204,37938.28950244176
1570768.587592403,5303181.727337293,37440.86077317336,1.3096098575341912,1570435.592438649,5302782.997585533,36943.43204390495,1570859.9871441268,5303693.114968458,36943.43204390495,1571101.582746157,5303580.457089054,37938.28950244176,1570677.1880406793,5302670.339706129,37938.28950244176
1571192.9822978808,5304091.844720218,37440.86077317336,1.7051435659918894,1570859.9871441268,5303693.114968458,36943.43204390495,1571284.3818496047,5304603.232351383,36943.43204390495,1571525.977451635,5304490.574471979,37938.28950244176,1571101.582746157,5303580.457089054,37938.28950244176
1571617.377003359,5305001.962103144,37440.86077317336,2.5088038048816723,1571284.3818496047,5304603.232351383,36943.43204390495,1571708.7765550828,5305513.349734307,36943.43204390495,1571950.372157113,5305400.6918549035,37938.28950244176,1571525.977451635,5304490.574471979,37938.28950244176
1572041.7717088368,5305912.079486068,37440.86077317336,3.48836536909499,1571708.7765550828,5305513.349734307,36943.43204390495,1572133.1712605606,5306423.467117232,36943.43204390495,1572374.7668625908,5306310.8092378285,37938.28950244176,1571950.372157113,5305400.6918549035,37938.28950244176
1572466.1664143146,5306822.196868993,37440.86077317336,4.35062358465766,1572133.1712605606,5306423.467117232,36943.43204390495,1572557.5659660383,5307333.584500157,36943.43204390495,1572799.1615680687,5307220.9266207535,37938.28950244176,1572374.7668625908,5306310.8092378285,37938.28950244176
1572890.5611197925,5307732.314251918,37440.86077317336,4.035585755517268,1572557.5659660383,5307333.584500157,36943.43204390495,1572981.9606715164,5308243.701883082,36943.43204390495,1573223.5562735465,5308131.0440036785,37938.28950244176,1572799.1615680687,5307220.9266207535,37938.28950244176
1573314.9558252706,5308642.431634844,37440.86077317336,4.1300323606830975,1572981.9606715164,5308243.701883082,36943.43204390495,1573406.3553769942,5309153.819266007,36943.43204390495,1573647.9509790244,5309041.161386604,37938.28950244176,1573223.5562735465,5308131.0440036785,37938.28950244176
1573739.3505307483,5309552.549017768,37440.86077317336,4.295715744197861,1573406.3553769942,5309153.819266007,36943.43204390495,1573830.750082472,5310063.936648932,36943.43204390495,1574072.3456845023,5309951.278769529,37938.28950244176,1573647.9509790244,5309041.161386604,37938.28950244176
1574163.7452362264,5310462.666400692,37440.86077317336,3.2898996159483245,1573830.750082472,5310063.936648932,36943.43204390495,1574255.14478795,5310974.054031857,36943.43204390495,1574496.7403899801,5310861.3961524535,37938.28950244176,1574072.3456845023,5309951.278769529,37938.28950244176
1574588.139941704,5311372.783783617,37440.86077317336,1.9777627113354606,1574255.14478795,5310974.054031857,36943.43204390495,1574679.5394934278,5311884.171414782,36943.43204390495,1574921.135095458,5311771.513535379,37938.28950244176,1574496.7403899801,5310861.3961524535,37938.28950244176
1575012.534647182,5312282.901166543,37440.86077317336,2.78067742806696,1574679.5394934278,5311884.171414782,36943.43204390495,1575103.9341989057,5312794.288797707,36943.43204390495,1575345.5298009359,5312681.630918304,37938.28950244176,1574921.135095458,5311771.513535379,37938.28950244176
1575436.9293526597,5313193.018549467,37440.86077317336,3.9745713600459815,1575103.9341989057,5312794.288797707,36943.43204390495,1575528.3289043836,5313704.406180632,36943.43204390495,1575769.924506414,5313591.748301229,37938.28950244176,1575345.5298009359,5312681.630918304,37938.28950244176
1575861.3240581378,5314103.135932392,37440.86077317336,3.390305851160357,1575528.3289043836,5313704.406180632,36943.43204390495,1575952.7236098615,5314614.523563556,36943.43204390495,1576194.3192118919,5314501.8656841535,37938.28950244176,1575769.924506414,5313591.748301229,37938.28950244176
1576285.7187636155,5315013.253315317,37440.86077317336,2.2454672493064476,1575952.7236098615,5314614.523563556,36943.43204390495,1576377.1183153393,5315524.640946481,36943.43204390495,1576618.7139173697,5315411.9830670785,37938.28950244176,1576194.3192118919,5314501.8656841535,37938.28950244176
1576710.1134690936,5315923.370698243,37440.86077317336,2.3539241271539386,1576377.1183153393,5315524.640946481,36943.43204390495,1576801.5130208174,5316434.758329406,36943.43204390495,1577043.1086228478,5316322.1004500035,37938.28950244176,1576618.7139173697,5315411.9830670785,37938.28950244176
1577134.5081745717,5316833.488081167,37440.86077317336,1.3554210309606782,1576801.5130208174,5316434.758329406,36943.43204390495,1577225.9077262953,5317344.875712331,36943.43204390495,1577467.5033283257,5317232.2178329285,37938.28950244176,1577043.1086228478,5316322.1004500035,37938.28950244176
1577558.9028800493,5317743.605464092,37440.86077317336,1.2971511014332906,1577225.9077262953,5317344.875712331,36943.43204390495,1577650.3024317732,5318254.993095256,36943.43204390495,1577891.8980338033,5318142.3352158535,37938.28950244176,1577467.5033283257,5317232.2178329285,37938.28950244176
1577983.2975855272,5318653.7228470165,37440.86077317336,0.8149751093685514,1577650.3024317732,5318254.993095256,36943.43204390495,1578074.6971372513,5319165.110478181,36943.43204390495,1578316.2927392814,5319052.4525987785,37938.28950244176,1577891.8980338033,5318142.3352158535,37938.28950244176
1578407.692291005,5319563.840229942,37440.86077317336,1.8906727962712442,1578074.6971372513,5319165.110478181,36943.43204390495,1578499.0918427291,5320075.227861106,36943.43204390495,1578740.6874447593,5319962.569981704,37938.28950244176,1578316.2927392814,5319052.4525987785,37938.28950244176
1578832.0869964832,5320473.957612867,37440.86077317336,2.9383370529483606,1578499.0918427291,5320075.227861106,36943.43204390495,1578923.486548207,5320985.345244031,36943.43204390495,1579165.0821502372,5320872.687364629,37938.28950244176,1578740.6874447593,5319962.569981704,37938.28950244176
1579256.481701961,5321384.074995792,37440.86077317336,1.6831517960592124,1578923.486548207,5320985.345244031,36943.43204390495,1579347.8812536849,5321895.462626956,36943.43204390495,1579589.476855715,5321782.804747554,37938.28950244176,1579165.0821502372,5320872.687364629,37938.28950244176
1579680.876407439,5322294.192378717,37440.86077317336,0.5830153728347938,1579347.8812536849,5321895.462626956,36943.43204390495,1579772.2759591627,5322805.580009881,36943.43204390495,1580013.871561193,5322692.922130479,37938.28950244176,1579589.476855715,5321782.804747554,37938.28950244176
1580105.2711129165,5323204.3097616425,37440.86077317336,0.3533633061884814,1579772.2759591627,5322805.580009881,36943.43204390495,1580196.6706646406,5323715.697392806,36943.43204390495,1580438.2662666708,5323603.039513403,37938.28950244176,1580013.871561193,5322692.922130479,37938.28950244176
1580529.6658183946,5324114.427144568,37440.86077317336,0.604872958216061,1580196.6706646406,5323715.697392806,36943.43204390495,1580621.0653701185,5324625.814775731,36943.43204390495,1580862.6609721486,5324513.156896328,37938.28950244176,1580438.2662666708,5323603.039513403,37938.28950244176
