clon,clat,cdep,slip,lon1,lat1,dep1,lon2,lat2,dep2,lon3,lat3,dep3,lon4,lat4,dep4
1562871.042825586,5299938.506189211,2843.6251775439596,1.2998131429862152,1562537.455906291,5299529.763069348,2359.9882812365286,1562969.7326827438,5300456.783608027,2359.9882812365286,1563204.6297448808,5300347.249309074,3327.2620738513897,1562772.352968428,5299420.228770396,3327.2620738513897
1563303.3196020385,5300865.52672789,2843.6251775439596,1.0055874272841774,1562969.7326827438,5300456.783608027,2359.9882812365286,1563402.0094591968,5301383.804146705,2359.9882812365286,1563636.9065213334,5301274.2698477525,3327.2620738513897,1563204.6297448808,5300347.249309074,3327.2620738513897
1563735.5963784917,5301792.547266568,2843.6251775439596,1.3217747851758503,1563402.0094591968,5301383.804146705,2359.9882812365286,1563834.2862356494,5302310.824685384,2359.9882812365286,1564069.1832977864,5302201.290386432,3327.2620738513897,1563636.9065213334,5301274.2698477525,3327.2620738513897
1564167.8731549443,5302719.567805246,2843.6251775439596,1.8338652477476767,1563834.2862356494,5302310.824685384,2359.9882812365286,1564266.5630121024,5303237.845224063,2359.9882812365286,1564501.460074239,5303128.31092511,3327.2620738513897,1564069.1832977864,5302201.290386432,3327.2620738513897
1564600.149931397,5303646.588343925,2843.6251775439596,2.2200512548602553,1564266.5630121024,5303237.845224063,2359.9882812365286,1564698.839788555,5304164.865762741,2359.9882812365286,1564933.736850692,5304055.331463789,3327.2620738513897,1564501.460074239,5303128.31092511,3327.2620738513897
1565032.4267078498,5304573.608882603,2843.6251775439596,1.9632857733630404,1564698.839788555,5304164.865762741,2359.9882812365286,1565131.1165650077,5305091.88630142,2359.9882812365286,1565366.0136271447,5304982.352002466,3327.2620738513897,1564933.736850692,5304055.331463789,3327.2620738513897
1565464.7034843024,5305500.629421282,2843.6251775439596,1.6436034171636742,1565131.1165650077,5305091.88630142,2359.9882812365286,1565563.3933414603,5306018.906840098,2359.9882812365286,1565798.2904035973,5305909.3725411445,3327.2620738513897,1565366.0136271447,5304982.352002466,3327.2620738513897
1565896.9802607552,5306427.64995996,2843.6251775439596,1.0328015752458461,1565563.3933414603,5306018.906840098,2359.9882812365286,1565995.6701179133,5306945.9273787765,2359.9882812365286,1566230.56718005,5306836.393079824,3327.2620738513897,1565798.2904035973,5305909.3725411445,3327.2620738513897
1566329.2570372082,5307354.670498639,2843.6251775439596,1.0192926460484246,1565995.6701179133,5306945.9273787765,2359.9882812365286,1566427.946894366,5307872.947917455,2359.9882812365286,1566662.8439565029,5307763.413618502,3327.2620738513897,1566230.56718005,5306836.393079824,3327.2620738513897
1566761.5338136607,5308281.691037318,2843.6251775439596,1.201476681245226,1566427.946894366,5307872.947917455,2359.9882812365286,1566860.2236708186,5308799.968456132,2359.9882812365286,1567095.1207329556,5308690.434157181,3327.2620738513897,1566662.8439565029,5307763.413618502,3327.2620738513897
1567193.8105901133,5309208.711575997,2843.6251775439596,1.5490606960570124,1566860.2236708186,5308799.968456132,2359.9882812365286,1567292.5004472714,5309726.988994812,2359.9882812365286,1567527.3975094082,5309617.454695859,3327.2620738513897,1567095.1207329556,5308690.434157181,3327.2620738513897
1567626.087366566,5310135.732114675,2843.6251775439596,1.3895321556656473,1567292.5004472714,5309726.988994812,2359.9882812365286,1567724.7772237242,5310654.00953349,2359.9882812365286,1567959.6742858612,5310544.475234537,3327.2620738513897,1567527.3975094082,5309617.454695859,3327.2620738513897
1568058.3641430188,5311062.752653354,2843.6251775439596,1.3619451314536422,1567724.7772237242,5310654.00953349,2359.9882812365286,1568157.054000177,5311581.030072168,2359.9882812365286,1568391.951062314,5311471.495773217,3327.2620738513897,1567959.6742858612,5310544.475234537,3327.2620738513897
1568490.6409194716,5311989.773192032,2843.6251775439596,2.153807765458935,1568157.054000177,5311581.030072168,2359.9882812365286,1568589.3307766297,5312508.050610847,2359.9882812365286,1568824.2278387665,5312398.516311895,3327.2620738513897,1568391.951062314,5311471.495773217,3327.2620738513897
1568922.9176959246,5312916.793730711,2843.6251775439596,3.788168017642915,1568589.3307766297,5312508.050610847,2359.9882812365286,1569021.6075530825,5313435.071149525,2359.9882812365286,1569256.5046152195,5313325.5368505735,3327.2620738513897,1568824.2278387665,5312398.516311895,3327.2620738513897
1569355.1944723772,5313843.814269388,2843.6251775439596,3.953451602360719,1569021.6075530825,5313435.071149525,2359.9882812365286,1569453.8843295353,5314362.091688205,2359.9882812365286,1569688.781391672,5314252.557389252,3327.2620738513897,1569256.5046152195,5313325.5368505735,3327.2620738513897
1569787.47124883,5314770.8348080665,2843.6251775439596,3.580243830229387,1569453.8843295353,5314362.091688205,2359.9882812365286,1569886.161105988,5315289.112226883,2359.9882812365286,1570121.0581681249,5315179.57792793,3327.2620738513897,1569688.781391672,5314252.557389252,3327.2620738513897
1570219.748025283,5315697.855346745,2843.6251775439596,3.8706281294949574,1569886.161105988,5315289.112226883,2359.9882812365286,1570318.4378824409,5316216.132765561,2359.9882812365286,1570553.3349445777,5316106.598466609,3327.2620738513897,1570121.0581681249,5315179.57792793,3327.2620738513897
1570652.0248017355,5316624.875885423,2843.6251775439596,4.042647987590763,1570318.4378824409,5316216.132765561,2359.9882812365286,1570750.7146588934,5317143.15330424,2359.9882812365286,1570985.6117210304,5317033.619005287,3327.2620738513897,1570553.3349445777,5316106.598466609,3327.2620738513897
1571084.3015781883,5317551.896424102,2843.6251775439596,3.5776053398920293,1570750.7146588934,5317143.15330424,2359.9882812365286,1571182.9914353464,5318070.173842918,2359.9882812365286,1571417.8884974832,5317960.639543966,3327.2620738513897,1570985.6117210304,5317033.619005287,3327.2620738513897
1571516.5783546413,5318478.916962781,2843.6251775439596,3.312777696451944,1571182.9914353464,5318070.173842918,2359.9882812365286,1571615.268211799,5318997.194381597,2359.9882812365286,1571850.165273936,5318887.660082644,3327.2620738513897,1571417.8884974832,5317960.639543966,3327.2620738513897
1571948.8551310936,5319405.93750146,2843.6251775439596,1.4226085812269762,1571615.268211799,5318997.194381597,2359.9882812365286,1572047.5449882518,5319924.214920276,2359.9882812365286,1572282.4420503888,5319814.680621322,3327.2620738513897,1571850.165273936,5318887.660082644,3327.2620738513897
1572381.1319075464,5320332.958040139,2843.6251775439596,0.7688259795939548,1572047.5449882518,5319924.214920276,2359.9882812365286,1572479.8217647045,5320851.235458954,2359.9882812365286,1572714.7188268413,5320741.701160001,3327.2620738513897,1572282.4420503888,5319814.680621322,3327.2620738513897
1572813.4086839997,5321259.978578817,2843.6251775439596,0.7069948857652406,1572479.8217647045,5320851.235458954,2359.9882812365286,1572912.0985411573,5321778.255997633,2359.9882812365286,1573146.9956032943,5321668.721698679,3327.2620738513897,1572714.7188268413,5320741.701160001,3327.2620738513897
1573245.685460452,5322186.9991174955,2843.6251775439596,0.5354471239482802,1572912.0985411573,5321778.255997633,2359.9882812365286,1573344.37531761,5322705.27653631,2359.9882812365286,1573579.272379747,5322595.742237358,3327.2620738513897,1573146.9956032943,5321668.721698679,3327.2620738513897
1573677.9622369048,5323114.019656174,2843.6251775439596,0.44759356240384807,1573344.37531761,5322705.27653631,2359.9882812365286,1573776.6520940627,5323632.2970749885,2359.9882812365286,1574011.5491561997,5323522.762776037,3327.2620738513897,1573579.272379747,5322595.742237358,3327.2620738513897
1574110.2390133573,5324041.040194852,2843.6251775439596,0.059200755237669815,1573776.6520940627,5323632.2970749885,2359.9882812365286,1574208.9288705157,5324559.317613668,2359.9882812365286,1574443.8259326525,5324449.783314715,3327.2620738513897,1574011.5491561997,5323522.762776037,3327.2620738513897
1574542.5157898103,5324968.060733531,2843.6251775439596,0.006210246852343283,1574208.9288705157,5324559.317613668,2359.9882812365286,1574641.2056469682,5325486.338152346,2359.9882812365286,1574876.1027091052,5325376.8038533935,3327.2620738513897,1574443.8259326525,5324449.783314715,3327.2620738513897
1563105.9398877227,5299828.971890259,3810.89897015882,1.4340876717086857,1562772.352968428,5299420.228770396,3327.2620738513897,1563204.6297448808,5300347.249309074,3327.2620738513897,1563439.5268070176,5300237.715010122,4294.535866466251,1563007.250030565,5299310.694471444,4294.535866466251
1563538.2166641755,5300755.992428937,3810.89897015882,1.8563694771409573,1563204.6297448808,5300347.249309074,3327.2620738513897,1563636.9065213334,5301274.2698477525,3327.2620738513897,1563871.8035834704,5301164.7355488,4294.535866466251,1563439.5268070176,5300237.715010122,4294.535866466251
1563970.493440628,5301683.012967616,3810.89897015882,2.1837186591494055,1563636.9065213334,5301274.2698477525,3327.2620738513897,1564069.1832977864,5302201.290386432,3327.2620738513897,1564304.0803599232,5302091.756087478,4294.535866466251,1563871.8035834704,5301164.7355488,4294.535866466251
1564402.770217081,5302610.033506295,3810.89897015882,2.372448457091548,1564069.1832977864,5302201.290386432,3327.2620738513897,1564501.460074239,5303128.31092511,3327.2620738513897,1564736.357136376,5303018.776626157,4294.535866466251,1564304.0803599232,5302091.756087478,4294.535866466251
1564835.0469935338,5303537.054044973,3810.89897015882,2.5917666533458177,1564501.460074239,5303128.31092511,3327.2620738513897,1564933.736850692,5304055.331463789,3327.2620738513897,1565168.6339128288,5303945.797164835,4294.535866466251,1564736.357136376,5303018.776626157,4294.535866466251
1565267.3237699869,5304464.0745836515,3810.89897015882,2.6395854706541892,1564933.736850692,5304055.331463789,3327.2620738513897,1565366.0136271447,5304982.352002466,3327.2620738513897,1565600.9106892815,5304872.817703514,4294.535866466251,1565168.6339128288,5303945.797164835,4294.535866466251
1565699.6005464394,5305391.09512233,3810.89897015882,1.430300077871248,1565366.0136271447,5304982.352002466,3327.2620738513897,1565798.2904035973,5305909.3725411445,3327.2620738513897,1566033.1874657343,5305799.838242193,4294.535866466251,1565600.9106892815,5304872.817703514,4294.535866466251
1566131.877322892,5306318.115661008,3810.89897015882,1.0242255901612358,1565798.2904035973,5305909.3725411445,3327.2620738513897,1566230.56718005,5306836.393079824,3327.2620738513897,1566465.4642421869,5306726.858780871,4294.535866466251,1566033.1874657343,5305799.838242193,4294.535866466251
1566564.1540993447,5307245.136199687,3810.89897015882,1.4088863757796177,1566230.56718005,5306836.393079824,3327.2620738513897,1566662.8439565029,5307763.413618502,3327.2620738513897,1566897.7410186399,5307653.87931955,4294.535866466251,1566465.4642421869,5306726.858780871,4294.535866466251
1566996.4308757975,5308172.156738365,3810.89897015882,1.6973333001574193,1566662.8439565029,5307763.413618502,3327.2620738513897,1567095.1207329556,5308690.434157181,3327.2620738513897,1567330.0177950927,5308580.899858228,4294.535866466251,1566897.7410186399,5307653.87931955,4294.535866466251
1567428.7076522503,5309099.177277043,3810.89897015882,1.073289590487243,1567095.1207329556,5308690.434157181,3327.2620738513897,1567527.3975094082,5309617.454695859,3327.2620738513897,1567762.2945715452,5309507.920396906,4294.535866466251,1567330.0177950927,5308580.899858228,4294.535866466251
1567860.984428703,5310026.197815722,3810.89897015882,1.3512113040942892,1567527.3975094082,5309617.454695859,3327.2620738513897,1567959.6742858612,5310544.475234537,3327.2620738513897,1568194.5713479982,5310434.940935586,4294.535866466251,1567762.2945715452,5309507.920396906,4294.535866466251
1568293.2612051559,5310953.2183544,3810.89897015882,1.0284528928244736,1567959.6742858612,5310544.475234537,3327.2620738513897,1568391.951062314,5311471.495773217,3327.2620738513897,1568626.8481244508,5311361.961474264,4294.535866466251,1568194.5713479982,5310434.940935586,4294.535866466251
1568725.5379816086,5311880.23889308,3810.89897015882,1.434828065192142,1568391.951062314,5311471.495773217,3327.2620738513897,1568824.2278387665,5312398.516311895,3327.2620738513897,1569059.1249009036,5312288.982012942,4294.535866466251,1568626.8481244508,5311361.961474264,4294.535866466251
1569157.8147580612,5312807.259431758,3810.89897015882,2.5416842929091183,1568824.2278387665,5312398.516311895,3327.2620738513897,1569256.5046152195,5313325.5368505735,3327.2620738513897,1569491.4016773563,5313216.002551621,4294.535866466251,1569059.1249009036,5312288.982012942,4294.535866466251
1569590.0915345142,5313734.279970436,3810.89897015882,2.7629633181257582,1569256.5046152195,5313325.5368505735,3327.2620738513897,1569688.781391672,5314252.557389252,3327.2620738513897,1569923.678453809,5314143.023090299,4294.535866466251,1569491.4016773563,5313216.002551621,4294.535866466251
1570022.3683109668,5314661.300509115,3810.89897015882,1.8537547770762781,1569688.781391672,5314252.557389252,3327.2620738513897,1570121.0581681249,5315179.57792793,3327.2620738513897,1570355.9552302617,5315070.043628978,4294.535866466251,1569923.678453809,5314143.023090299,4294.535866466251
1570454.6450874195,5315588.321047793,3810.89897015882,2.3511418273495015,1570121.0581681249,5315179.57792793,3327.2620738513897,1570553.3349445777,5316106.598466609,3327.2620738513897,1570788.2320067144,5315997.064167656,4294.535866466251,1570355.9552302617,5315070.043628978,4294.535866466251
1570886.9218638723,5316515.341586472,3810.89897015882,3.215357007130547,1570553.3349445777,5316106.598466609,3327.2620738513897,1570985.6117210304,5317033.619005287,3327.2620738513897,1571220.5087831675,5316924.084706334,4294.535866466251,1570788.2320067144,5315997.064167656,4294.535866466251
1571319.198640325,5317442.36212515,3810.89897015882,3.6282593798670084,1570985.6117210304,5317033.619005287,3327.2620738513897,1571417.8884974832,5317960.639543966,3327.2620738513897,1571652.78555962,5317851.105245013,4294.535866466251,1571220.5087831675,5316924.084706334,4294.535866466251
1571751.4754167784,5318369.382663828,3810.89897015882,3.5006853033641505,1571417.8884974832,5317960.639543966,3327.2620738513897,1571850.165273936,5318887.660082644,3327.2620738513897,1572085.062336073,5318778.125783691,4294.535866466251,1571652.78555962,5317851.105245013,4294.535866466251
1572183.7521932307,5319296.403202507,3810.89897015882,2.1506557472968155,1571850.165273936,5318887.660082644,3327.2620738513897,1572282.4420503888,5319814.680621322,3327.2620738513897,1572517.3391125256,5319705.14632237,4294.535866466251,1572085.062336073,5318778.125783691,4294.535866466251
1572616.0289696835,5320223.423741185,3810.89897015882,0.8315430391413078,1572282.4420503888,5319814.680621322,3327.2620738513897,1572714.7188268413,5320741.701160001,3327.2620738513897,1572949.6158889784,5320632.166861049,4294.535866466251,1572517.3391125256,5319705.14632237,4294.535866466251
1573048.305746136,5321150.444279864,3810.89897015882,0.648999123522837,1572714.7188268413,5320741.701160001,3327.2620738513897,1573146.9956032943,5321668.721698679,3327.2620738513897,1573381.892665431,5321559.187399727,4294.535866466251,1572949.6158889784,5320632.166861049,4294.535866466251
1573480.582522589,5322077.464818544,3810.89897015882,0.367011650560057,1573146.9956032943,5321668.721698679,3327.2620738513897,1573579.272379747,5322595.742237358,3327.2620738513897,1573814.169441884,5322486.207938406,4294.535866466251,1573381.892665431,5321559.187399727,4294.535866466251
1573912.8592990416,5323004.485357222,3810.89897015882,0.21351021508803844,1573579.272379747,5322595.742237358,3327.2620738513897,1574011.5491561997,5323522.762776037,3327.2620738513897,1574246.4462183367,5323413.228477084,4294.535866466251,1573814.169441884,5322486.207938406,4294.535866466251
1574345.1360754943,5323931.5058959,3810.89897015882,0.054327917769725405,1574011.5491561997,5323522.762776037,3327.2620738513897,1574443.8259326525,5324449.783314715,3327.2620738513897,1574678.7229947895,5324340.2490157625,4294.535866466251,1574246.4462183367,5323413.228477084,4294.535866466251
1574777.4128519474,5324858.526434578,3810.89897015882,0.005671698975156955,1574443.8259326525,5324449.783314715,3327.2620738513897,1574876.1027091052,5325376.8038533935,3327.2620738513897,1575110.9997712423,5325267.269554442,4294.535866466251,1574678.7229947895,5324340.2490157625,4294.535866466251
1563340.8369498597,5299719.437591306,4778.172762773681,1.0638480602955243,1563007.250030565,5299310.694471444,4294.535866466251,1563439.5268070176,5300237.715010122,4294.535866466251,1563674.4238691546,5300128.180711169,5261.809659081112,1563242.1470927019,5299201.16017249,5261.809659081112
1563773.1137263125,5300646.458129984,4778.172762773681,2.2331002169629093,1563439.5268070176,5300237.715010122,4294.535866466251,1563871.8035834704,5301164.7355488,4294.535866466251,1564106.7006456074,5301055.201249847,5261.809659081112,1563674.4238691546,5300128.180711169,5261.809659081112
1564205.390502765,5301573.478668663,4778.172762773681,2.1634811624547456,1563871.8035834704,5301164.7355488,4294.535866466251,1564304.0803599232,5302091.756087478,4294.535866466251,1564538.97742206,5301982.221788526,5261.809659081112,1564106.7006456074,5301055.201249847,5261.809659081112
1564637.667279218,5302500.499207341,4778.172762773681,2.5620795972263823,1564304.0803599232,5302091.756087478,4294.535866466251,1564736.357136376,5303018.776626157,4294.535866466251,1564971.254198513,5302909.242327205,5261.809659081112,1564538.97742206,5301982.221788526,5261.809659081112
1565069.9440556706,5303427.51974602,4778.172762773681,3.4148289575030133,1564736.357136376,5303018.776626157,4294.535866466251,1565168.6339128288,5303945.797164835,4294.535866466251,1565403.5309749655,5303836.262865883,5261.809659081112,1564971.254198513,5302909.242327205,5261.809659081112
1565502.2208321234,5304354.540284699,4778.172762773681,3.057399610525361,1565168.6339128288,5303945.797164835,4294.535866466251,1565600.9106892815,5304872.817703514,4294.535866466251,1565835.8077514183,5304763.283404562,5261.809659081112,1565403.5309749655,5303836.262865883,5261.809659081112
1565934.4976085762,5305281.560823378,4778.172762773681,2.4913328953719045,1565600.9106892815,5304872.817703514,4294.535866466251,1566033.1874657343,5305799.838242193,4294.535866466251,1566268.0845278713,5305690.30394324,5261.809659081112,1565835.8077514183,5304763.283404562,5261.809659081112
1566366.774385029,5306208.581362056,4778.172762773681,1.9604916214089267,1566033.1874657343,5305799.838242193,4294.535866466251,1566465.4642421869,5306726.858780871,4294.535866466251,1566700.361304324,5306617.3244819185,5261.809659081112,1566268.0845278713,5305690.30394324,5261.809659081112
1566799.0511614818,5307135.601900734,4778.172762773681,1.3160617407854305,1566465.4642421869,5306726.858780871,4294.535866466251,1566897.7410186399,5307653.87931955,4294.535866466251,1567132.6380807767,5307544.345020597,5261.809659081112,1566700.361304324,5306617.3244819185,5261.809659081112
1567231.3279379345,5308062.622439412,4778.172762773681,0.974419542174313,1566897.7410186399,5307653.87931955,4294.535866466251,1567330.0177950927,5308580.899858228,4294.535866466251,1567564.9148572295,5308471.365559276,5261.809659081112,1567132.6380807767,5307544.345020597,5261.809659081112
1567663.6047143873,5308989.642978091,4778.172762773681,1.0301623938886693,1567330.0177950927,5308580.899858228,4294.535866466251,1567762.2945715452,5309507.920396906,4294.535866466251,1567997.1916336822,5309398.386097955,5261.809659081112,1567564.9148572295,5308471.365559276,5261.809659081112
1568095.8814908399,5309916.663516769,4778.172762773681,1.1711212916293983,1567762.2945715452,5309507.920396906,4294.535866466251,1568194.5713479982,5310434.940935586,4294.535866466251,1568429.468410135,5310325.406636633,5261.809659081112,1567997.1916336822,5309398.386097955,5261.809659081112
1568528.158267293,5310843.684055448,4778.172762773681,1.2753993403380925,1568194.5713479982,5310434.940935586,4294.535866466251,1568626.8481244508,5311361.961474264,4294.535866466251,1568861.7451865878,5311252.427175311,5261.809659081112,1568429.468410135,5310325.406636633,5261.809659081112
1568960.4350437454,5311770.704594126,4778.172762773681,1.1256769102288244,1568626.8481244508,5311361.961474264,4294.535866466251,1569059.1249009036,5312288.982012942,4294.535866466251,1569294.0219630403,5312179.447713989,5261.809659081112,1568861.7451865878,5311252.427175311,5261.809659081112
1569392.7118201982,5312697.725132804,4778.172762773681,1.7168017424865774,1569059.1249009036,5312288.982012942,4294.535866466251,1569491.4016773563,5313216.002551621,4294.535866466251,1569726.2987394931,5313106.468252668,5261.809659081112,1569294.0219630403,5312179.447713989,5261.809659081112
1569824.988596651,5313624.745671484,4778.172762773681,1.420432743125013,1569491.4016773563,5313216.002551621,4294.535866466251,1569923.678453809,5314143.023090299,4294.535866466251,1570158.5755159461,5314033.488791347,5261.809659081112,1569726.2987394931,5313106.468252668,5261.809659081112
1570257.2653731038,5314551.766210163,4778.172762773681,1.6730469770377523,1569923.678453809,5314143.023090299,4294.535866466251,1570355.9552302617,5315070.043628978,4294.535866466251,1570590.8522923987,5314960.509330025,5261.809659081112,1570158.5755159461,5314033.488791347,5261.809659081112
1570689.5421495566,5315478.786748841,4778.172762773681,1.722483293383862,1570355.9552302617,5315070.043628978,4294.535866466251,1570788.2320067144,5315997.064167656,4294.535866466251,1571023.1290688515,5315887.529868703,5261.809659081112,1570590.8522923987,5314960.509330025,5261.809659081112
1571121.8189260093,5316405.80728752,4778.172762773681,3.232651266516233,1570788.2320067144,5315997.064167656,4294.535866466251,1571220.5087831675,5316924.084706334,4294.535866466251,1571455.405845304,5316814.550407382,5261.809659081112,1571023.1290688515,5315887.529868703,5261.809659081112
1571554.0957024621,5317332.827826198,4778.172762773681,2.825434310240212,1571220.5087831675,5316924.084706334,4294.535866466251,1571652.78555962,5317851.105245013,4294.535866466251,1571887.682621757,5317741.570946061,5261.809659081112,1571455.405845304,5316814.550407382,5261.809659081112
1571986.3724789147,5318259.848364877,4778.172762773681,2.590881574966008,1571652.78555962,5317851.105245013,4294.535866466251,1572085.062336073,5318778.125783691,4294.535866466251,1572319.9593982096,5318668.591484739,5261.809659081112,1571887.682621757,5317741.570946061,5261.809659081112
1572418.6492553677,5319186.868903555,4778.172762773681,1.1853855065315146,1572085.062336073,5318778.125783691,4294.535866466251,1572517.3391125256,5319705.14632237,4294.535866466251,1572752.2361746626,5319595.612023418,5261.809659081112,1572319.9593982096,5318668.591484739,5261.809659081112
1572850.9260318202,5320113.889442233,4778.172762773681,0.7777578329948129,1572517.3391125256,5319705.14632237,4294.535866466251,1572949.6158889784,5320632.166861049,4294.535866466251,1573184.5129511154,5320522.632562096,5261.809659081112,1572752.2361746626,5319595.612023418,5261.809659081112
1573283.202808273,5321040.909980911,4778.172762773681,0.41200850608507633,1572949.6158889784,5320632.166861049,4294.535866466251,1573381.892665431,5321559.187399727,4294.535866466251,1573616.789727568,5321449.653100775,5261.809659081112,1573184.5129511154,5320522.632562096,5261.809659081112
1573715.479584726,5321967.930519589,4778.172762773681,0.1975087841263614,1573381.892665431,5321559.187399727,4294.535866466251,1573814.169441884,5322486.207938406,4294.535866466251,1574049.0665040207,5322376.673639453,5261.809659081112,1573616.789727568,5321449.653100775,5261.809659081112
1574147.7563611786,5322894.951058268,4778.172762773681,0.14182603723390028,1573814.169441884,5322486.207938406,4294.535866466251,1574246.4462183367,5323413.228477084,4294.535866466251,1574481.3432804735,5323303.694178131,5261.809659081112,1574049.0665040207,5322376.673639453,5261.809659081112
1574580.0331376314,5323821.971596946,4778.172762773681,0.04119410968045235,1574246.4462183367,5323413.228477084,4294.535866466251,1574678.7229947895,5324340.2490157625,4294.535866466251,1574913.6200569263,5324230.714716811,5261.809659081112,1574481.3432804735,5323303.694178131,5261.809659081112
1575012.3099140842,5324748.992135625,4778.172762773681,0.018543026365517128,1574678.7229947895,5324340.2490157625,4294.535866466251,1575110.9997712423,5325267.269554442,4294.535866466251,1575345.896833379,5325157.735255489,5261.809659081112,1574913.6200569263,5324230.714716811,5261.809659081112
1563575.7340119968,5299609.903292354,5745.446555388542,0.7825514588054319,1563242.1470927019,5299201.16017249,5261.809659081112,1563674.4238691546,5300128.180711169,5261.809659081112,1563909.3209312917,5300018.646412216,6229.083451695972,1563477.0441548387,5299091.625873538,6229.083451695972
1564008.0107884493,5300536.923831033,5745.446555388542,1.2515923066775965,1563674.4238691546,5300128.180711169,5261.809659081112,1564106.7006456074,5301055.201249847,5261.809659081112,1564341.5977077442,5300945.666950895,6229.083451695972,1563909.3209312917,5300018.646412216,6229.083451695972
1564440.287564902,5301463.944369711,5745.446555388542,1.4701404197921464,1564106.7006456074,5301055.201249847,5261.809659081112,1564538.97742206,5301982.221788526,5261.809659081112,1564773.874484197,5301872.687489574,6229.083451695972,1564341.5977077442,5300945.666950895,6229.083451695972
1564872.5643413549,5302390.964908389,5745.446555388542,2.73653498280758,1564538.97742206,5301982.221788526,5261.809659081112,1564971.254198513,5302909.242327205,5261.809659081112,1565206.15126065,5302799.708028252,6229.083451695972,1564773.874484197,5301872.687489574,6229.083451695972
1565304.8411178077,5303317.985447067,5745.446555388542,4.3666081095190385,1564971.254198513,5302909.242327205,5261.809659081112,1565403.5309749655,5303836.262865883,5261.809659081112,1565638.4280371026,5303726.728566931,6229.083451695972,1565206.15126065,5302799.708028252,6229.083451695972
1565737.1178942604,5304245.005985745,5745.446555388542,3.8547645347274666,1565403.5309749655,5303836.262865883,5261.809659081112,1565835.8077514183,5304763.283404562,5261.809659081112,1566070.7048135553,5304653.749105609,6229.083451695972,1565638.4280371026,5303726.728566931,6229.083451695972
1566169.3946707132,5305172.026524424,5745.446555388542,4.555453828013252,1565835.8077514183,5304763.283404562,5261.809659081112,1566268.0845278713,5305690.30394324,5261.809659081112,1566502.9815900081,5305580.769644288,6229.083451695972,1566070.7048135553,5304653.749105609,6229.083451695972
1566601.671447166,5306099.047063103,5745.446555388542,3.0622574900079385,1566268.0845278713,5305690.30394324,5261.809659081112,1566700.361304324,5306617.3244819185,5261.809659081112,1566935.258366461,5306507.790182967,6229.083451695972,1566502.9815900081,5305580.769644288,6229.083451695972
1567033.9482236186,5307026.067601781,5745.446555388542,2.1398770723963243,1566700.361304324,5306617.3244819185,5261.809659081112,1567132.6380807767,5307544.345020597,5261.809659081112,1567367.5351429135,5307434.810721645,6229.083451695972,1566935.258366461,5306507.790182967,6229.083451695972
1567466.2250000716,5307953.088140461,5745.446555388542,1.1691313123018334,1567132.6380807767,5307544.345020597,5261.809659081112,1567564.9148572295,5308471.365559276,5261.809659081112,1567799.8119193662,5308361.831260323,6229.083451695972,1567367.5351429135,5307434.810721645,6229.083451695972
1567898.5017765241,5308880.108679139,5745.446555388542,0.8780910763063382,1567564.9148572295,5308471.365559276,5261.809659081112,1567997.1916336822,5309398.386097955,5261.809659081112,1568232.088695819,5309288.851799001,6229.083451695972,1567799.8119193662,5308361.831260323,6229.083451695972
1568330.778552977,5309807.129217817,5745.446555388542,1.0246223827752168,1567997.1916336822,5309398.386097955,5261.809659081112,1568429.468410135,5310325.406636633,5261.809659081112,1568664.3654722718,5310215.87233768,6229.083451695972,1568232.088695819,5309288.851799001,6229.083451695972
1568763.0553294297,5310734.149756496,5745.446555388542,1.5395099072681668,1568429.468410135,5310325.406636633,5261.809659081112,1568861.7451865878,5311252.427175311,5261.809659081112,1569096.6422487248,5311142.892876359,6229.083451695972,1568664.3654722718,5310215.87233768,6229.083451695972
1569195.3321058825,5311661.170295174,5745.446555388542,2.141862857200087,1568861.7451865878,5311252.427175311,5261.809659081112,1569294.0219630403,5312179.447713989,5261.809659081112,1569528.9190251774,5312069.913415037,6229.083451695972,1569096.6422487248,5311142.892876359,6229.083451695972
1569627.6088823352,5312588.190833853,5745.446555388542,1.6766614379952802,1569294.0219630403,5312179.447713989,5261.809659081112,1569726.2987394931,5313106.468252668,5261.809659081112,1569961.1958016302,5312996.9339537155,6229.083451695972,1569528.9190251774,5312069.913415037,6229.083451695972
1570059.885658788,5313515.211372531,5745.446555388542,1.0650562277565228,1569726.2987394931,5313106.468252668,5261.809659081112,1570158.5755159461,5314033.488791347,5261.809659081112,1570393.4725780827,5313923.954492394,6229.083451695972,1569961.1958016302,5312996.9339537155,6229.083451695972
1570492.1624352408,5314442.231911209,5745.446555388542,1.186135921765765,1570158.5755159461,5314033.488791347,5261.809659081112,1570590.8522923987,5314960.509330025,5261.809659081112,1570825.7493545357,5314850.975031072,6229.083451695972,1570393.4725780827,5313923.954492394,6229.083451695972
1570924.4392116934,5315369.252449888,5745.446555388542,1.220988028720824,1570590.8522923987,5314960.509330025,5261.809659081112,1571023.1290688515,5315887.529868703,5261.809659081112,1571258.0261309883,5315777.995569751,6229.083451695972,1570825.7493545357,5314850.975031072,6229.083451695972
1571356.7159881464,5316296.272988566,5745.446555388542,2.006064121218499,1571023.1290688515,5315887.529868703,5261.809659081112,1571455.405845304,5316814.550407382,5261.809659081112,1571690.302907441,5316705.01610843,6229.083451695972,1571258.0261309883,5315777.995569751,6229.083451695972
1571788.992764599,5317223.293527245,5745.446555388542,2.360181628607061,1571455.405845304,5316814.550407382,5261.809659081112,1571887.682621757,5317741.570946061,5261.809659081112,1572122.579683894,5317632.036647108,6229.083451695972,1571690.302907441,5316705.01610843,6229.083451695972
1572221.2695410517,5318150.314065924,5745.446555388542,1.9893025927535464,1571887.682621757,5317741.570946061,5261.809659081112,1572319.9593982096,5318668.591484739,5261.809659081112,1572554.8564603466,5318559.057185787,6229.083451695972,1572122.579683894,5317632.036647108,6229.083451695972
1572653.5463175047,5319077.334604602,5745.446555388542,0.9805582644646622,1572319.9593982096,5318668.591484739,5261.809659081112,1572752.2361746626,5319595.612023418,5261.809659081112,1572987.1332367994,5319486.077724465,6229.083451695972,1572554.8564603466,5318559.057185787,6229.083451695972
1573085.8230939573,5320004.355143281,5745.446555388542,0.6953792532273224,1572752.2361746626,5319595.612023418,5261.809659081112,1573184.5129511154,5320522.632562096,5261.809659081112,1573419.4100132522,5320413.098263144,6229.083451695972,1572987.1332367994,5319486.077724465,6229.083451695972
1573518.09987041,5320931.375681959,5745.446555388542,0.5052937683987089,1573184.5129511154,5320522.632562096,5261.809659081112,1573616.789727568,5321449.653100775,5261.809659081112,1573851.686789705,5321340.118801823,6229.083451695972,1573419.4100132522,5320413.098263144,6229.083451695972
1573950.3766468628,5321858.3962206375,5745.446555388542,0.11211636746212557,1573616.789727568,5321449.653100775,5261.809659081112,1574049.0665040207,5322376.673639453,5261.809659081112,1574283.9635661575,5322267.1393405,6229.083451695972,1573851.686789705,5321340.118801823,6229.083451695972
1574382.6534233156,5322785.416759316,5745.446555388542,0.09052263420336785,1574049.0665040207,5322376.673639453,5261.809659081112,1574481.3432804735,5323303.694178131,5261.809659081112,1574716.2403426103,5323194.159879179,6229.083451695972,1574283.9635661575,5322267.1393405,6229.083451695972
1574814.9301997682,5323712.437297994,5745.446555388542,0.027581718951813432,1574481.3432804735,5323303.694178131,5261.809659081112,1574913.6200569263,5324230.714716811,5261.809659081112,1575148.517119063,5324121.180417857,6229.083451695972,1574716.2403426103,5323194.159879179,6229.083451695972
1575247.2069762212,5324639.457836673,5745.446555388542,0.023897806917659734,1574913.6200569263,5324230.714716811,5261.809659081112,1575345.896833379,5325157.735255489,5261.809659081112,1575580.7938955158,5325048.2009565355,6229.083451695972,1575148.517119063,5324121.180417857,6229.083451695972
1563810.631074133,5299500.368993401,6712.720348003403,0.7917192092995059,1563477.0441548387,5299091.625873538,6229.083451695972,1563909.3209312917,5300018.646412216,6229.083451695972,1564144.2179934278,5299909.112113264,7196.357244310833,1563711.9412169748,5298982.091574586,7196.357244310833
1564242.907850586,5300427.38953208,6712.720348003403,0.9890098328970173,1563909.3209312917,5300018.646412216,6229.083451695972,1564341.5977077442,5300945.666950895,6229.083451695972,1564576.4947698803,5300836.132651943,7196.357244310833,1564144.2179934278,5299909.112113264,7196.357244310833
1564675.1846270387,5301354.410070758,6712.720348003403,0.9460282181116284,1564341.5977077442,5300945.666950895,6229.083451695972,1564773.874484197,5301872.687489574,6229.083451695972,1565008.771546333,5301763.153190622,7196.357244310833,1564576.4947698803,5300836.132651943,7196.357244310833
1565107.4614034914,5302281.430609437,6712.720348003403,2.546538388404064,1564773.874484197,5301872.687489574,6229.083451695972,1565206.15126065,5302799.708028252,6229.083451695972,1565441.0483227859,5302690.1737293005,7196.357244310833,1565008.771546333,5301763.153190622,7196.357244310833
1565539.7381799445,5303208.451148115,6712.720348003403,4.781603397826838,1565206.15126065,5302799.708028252,6229.083451695972,1565638.4280371026,5303726.728566931,6229.083451695972,1565873.3250992387,5303617.194267979,7196.357244310833,1565441.0483227859,5302690.1737293005,7196.357244310833
1565972.0149563968,5304135.4716867935,6712.720348003403,4.442478810984549,1565638.4280371026,5303726.728566931,6229.083451695972,1566070.7048135553,5304653.749105609,6229.083451695972,1566305.6018756912,5304544.214806656,7196.357244310833,1565873.3250992387,5303617.194267979,7196.357244310833
1566404.2917328498,5305062.492225472,6712.720348003403,5.000486651301463,1566070.7048135553,5304653.749105609,6229.083451695972,1566502.9815900081,5305580.769644288,6229.083451695972,1566737.8786521442,5305471.235345335,7196.357244310833,1566305.6018756912,5304544.214806656,7196.357244310833
1566836.5685093026,5305989.51276415,6712.720348003403,3.429434387124386,1566502.9815900081,5305580.769644288,6229.083451695972,1566935.258366461,5306507.790182967,6229.083451695972,1567170.155428597,5306398.255884014,7196.357244310833,1566737.8786521442,5305471.235345335,7196.357244310833
1567268.8452857551,5306916.53330283,6712.720348003403,2.559957532962651,1566935.258366461,5306507.790182967,6229.083451695972,1567367.5351429135,5307434.810721645,6229.083451695972,1567602.4322050496,5307325.276422692,7196.357244310833,1567170.155428597,5306398.255884014,7196.357244310833
1567701.1220622081,5307843.553841508,6712.720348003403,1.627123009898153,1567367.5351429135,5307434.810721645,6229.083451695972,1567799.8119193662,5308361.831260323,6229.083451695972,1568034.7089815023,5308252.296961371,7196.357244310833,1567602.4322050496,5307325.276422692,7196.357244310833
1568133.3988386607,5308770.574380186,6712.720348003403,0.9723987080979137,1567799.8119193662,5308361.831260323,6229.083451695972,1568232.088695819,5309288.851799001,6229.083451695972,1568466.9857579551,5309179.317500049,7196.357244310833,1568034.7089815023,5308252.296961371,7196.357244310833
1568565.6756151135,5309697.594918865,6712.720348003403,0.8775513027432308,1568232.088695819,5309288.851799001,6229.083451695972,1568664.3654722718,5310215.87233768,6229.083451695972,1568899.262534408,5310106.338038728,7196.357244310833,1568466.9857579551,5309179.317500049,7196.357244310833
1568997.9523915662,5310624.615457544,6712.720348003403,1.0674365602332523,1568664.3654722718,5310215.87233768,6229.083451695972,1569096.6422487248,5311142.892876359,6229.083451695972,1569331.5393108607,5311033.358577406,7196.357244310833,1568899.262534408,5310106.338038728,7196.357244310833
1569430.2291680193,5311551.6359962225,6712.720348003403,1.5366804266866674,1569096.6422487248,5311142.892876359,6229.083451695972,1569528.9190251774,5312069.913415037,6229.083451695972,1569763.8160873135,5311960.379116085,7196.357244310833,1569331.5393108607,5311033.358577406,7196.357244310833
1569862.5059444716,5312478.656534901,6712.720348003403,1.308870491297894,1569528.9190251774,5312069.913415037,6229.083451695972,1569961.1958016302,5312996.9339537155,6229.083451695972,1570196.092863766,5312887.399654764,7196.357244310833,1569763.8160873135,5311960.379116085,7196.357244310833
1570294.7827209246,5313405.677073578,6712.720348003403,1.0516630874287343,1569961.1958016302,5312996.9339537155,6229.083451695972,1570393.4725780827,5313923.954492394,6229.083451695972,1570628.369640219,5313814.420193442,7196.357244310833,1570196.092863766,5312887.399654764,7196.357244310833
1570727.0594973771,5314332.697612257,6712.720348003403,1.0279110816291035,1570393.4725780827,5313923.954492394,6229.083451695972,1570825.7493545357,5314850.975031072,6229.083451695972,1571060.6464166718,5314741.440732121,7196.357244310833,1570628.369640219,5313814.420193442,7196.357244310833
1571159.33627383,5315259.718150935,6712.720348003403,1.1482424556373887,1570825.7493545357,5314850.975031072,6229.083451695972,1571258.0261309883,5315777.995569751,6229.083451695972,1571492.9231931244,5315668.461270799,7196.357244310833,1571060.6464166718,5314741.440732121,7196.357244310833
1571591.613050283,5316186.7386896135,6712.720348003403,1.4239327304123175,1571258.0261309883,5315777.995569751,6229.083451695972,1571690.302907441,5316705.01610843,6229.083451695972,1571925.1999695771,5316595.481809477,7196.357244310833,1571492.9231931244,5315668.461270799,7196.357244310833
1572023.8898267355,5317113.759228292,6712.720348003403,1.7918394066979222,1571690.302907441,5316705.01610843,6229.083451695972,1572122.579683894,5317632.036647108,6229.083451695972,1572357.47674603,5317522.502348157,7196.357244310833,1571925.1999695771,5316595.481809477,7196.357244310833
1572456.1666031883,5318040.779766971,6712.720348003403,1.50699605757888,1572122.579683894,5317632.036647108,6229.083451695972,1572554.8564603466,5318559.057185787,6229.083451695972,1572789.7535224827,5318449.522886834,7196.357244310833,1572357.47674603,5317522.502348157,7196.357244310833
1572888.443379641,5318967.80030565,6712.720348003403,1.050740600676077,1572554.8564603466,5318559.057185787,6229.083451695972,1572987.1332367994,5319486.077724465,6229.083451695972,1573222.0302989355,5319376.5434255125,7196.357244310833,1572789.7535224827,5318449.522886834,7196.357244310833
1573320.7201560938,5319894.820844328,6712.720348003403,0.8449726000140039,1572987.1332367994,5319486.077724465,6229.083451695972,1573419.4100132522,5320413.098263144,6229.083451695972,1573654.3070753883,5320303.563964191,7196.357244310833,1573222.0302989355,5319376.5434255125,7196.357244310833
1573752.9969325464,5320821.841383007,6712.720348003403,0.48244215875799634,1573419.4100132522,5320413.098263144,6229.083451695972,1573851.686789705,5321340.118801823,6229.083451695972,1574086.583851841,5321230.584502869,7196.357244310833,1573654.3070753883,5320303.563964191,7196.357244310833
1574185.2737089994,5321748.861921686,6712.720348003403,0.1947783477834968,1573851.686789705,5321340.118801823,6229.083451695972,1574283.9635661575,5322267.1393405,6229.083451695972,1574518.8606282936,5322157.605041549,7196.357244310833,1574086.583851841,5321230.584502869,7196.357244310833
1574617.550485452,5322675.882460364,6712.720348003403,0.08693523010242306,1574283.9635661575,5322267.1393405,6229.083451695972,1574716.2403426103,5323194.159879179,6229.083451695972,1574951.1374047466,5323084.625580227,7196.357244310833,1574518.8606282936,5322157.605041549,7196.357244310833
1575049.8272619047,5323602.9029990425,6712.720348003403,0.031422540684662305,1574716.2403426103,5323194.159879179,6229.083451695972,1575148.517119063,5324121.180417857,6229.083451695972,1575383.4141811992,5324011.646118905,7196.357244310833,1574951.1374047466,5323084.625580227,7196.357244310833
1575482.1040383577,5324529.923537721,6712.720348003403,0.026368824651701497,1575148.517119063,5324121.180417857,6229.083451695972,1575580.7938955158,5325048.2009565355,6229.083451695972,1575815.6909576522,5324938.666657584,7196.357244310833,1575383.4141811992,5324011.646118905,7196.357244310833
1564045.5281362697,5299390.834694448,7679.994140618264,0.6799860295634838,1563711.9412169748,5298982.091574586,7196.357244310833,1564144.2179934278,5299909.112113264,7196.357244310833,1564379.1150555643,5299799.577814313,8163.631036925695,1563946.8382791118,5298872.557275633,8163.631036925695
1564477.8049127227,5300317.855233127,7679.994140618264,0.8642252508317638,1564144.2179934278,5299909.112113264,7196.357244310833,1564576.4947698803,5300836.132651943,7196.357244310833,1564811.3918320173,5300726.59835299,8163.631036925695,1564379.1150555643,5299799.577814313,8163.631036925695
1564910.081689175,5301244.875771806,7679.994140618264,1.063573461611844,1564576.4947698803,5300836.132651943,7196.357244310833,1565008.771546333,5301763.153190622,7196.357244310833,1565243.66860847,5301653.6188916685,8163.631036925695,1564811.3918320173,5300726.59835299,8163.631036925695
1565342.358465628,5302171.896310485,7679.994140618264,2.5695737687577735,1565008.771546333,5301763.153190622,7196.357244310833,1565441.0483227859,5302690.1737293005,7196.357244310833,1565675.945384923,5302580.639430347,8163.631036925695,1565243.66860847,5301653.6188916685,8163.631036925695
1565774.6352420808,5303098.916849163,7679.994140618264,3.0386019070502392,1565441.0483227859,5302690.1737293005,7196.357244310833,1565873.3250992387,5303617.194267979,7196.357244310833,1566108.2221613757,5303507.659969025,8163.631036925695,1565675.945384923,5302580.639430347,8163.631036925695
1566206.9120185333,5304025.937387842,7679.994140618264,2.407591502664845,1565873.3250992387,5303617.194267979,7196.357244310833,1566305.6018756912,5304544.214806656,7196.357244310833,1566540.4989378282,5304434.680507705,8163.631036925695,1566108.2221613757,5303507.659969025,8163.631036925695
1566639.1887949863,5304952.95792652,7679.994140618264,2.9080432398131713,1566305.6018756912,5304544.214806656,7196.357244310833,1566737.8786521442,5305471.235345335,7196.357244310833,1566972.775714281,5305361.701046383,8163.631036925695,1566540.4989378282,5304434.680507705,8163.631036925695
1567071.4655714391,5305879.978465199,7679.994140618264,3.9188566233373754,1566737.8786521442,5305471.235345335,7196.357244310833,1567170.155428597,5306398.255884014,7196.357244310833,1567405.0524907338,5306288.721585061,8163.631036925695,1566972.775714281,5305361.701046383,8163.631036925695
1567503.7423478917,5306806.999003877,7679.994140618264,3.010538521333168,1567170.155428597,5306398.255884014,7196.357244310833,1567602.4322050496,5307325.276422692,7196.357244310833,1567837.3292671866,5307215.74212374,8163.631036925695,1567405.0524907338,5306288.721585061,8163.631036925695
1567936.0191243445,5307734.019542555,7679.994140618264,1.5742735656434845,1567602.4322050496,5307325.276422692,7196.357244310833,1568034.7089815023,5308252.296961371,7196.357244310833,1568269.6060436391,5308142.762662418,8163.631036925695,1567837.3292671866,5307215.74212374,8163.631036925695
1568368.2959007972,5308661.040081234,7679.994140618264,1.1884313096948609,1568034.7089815023,5308252.296961371,7196.357244310833,1568466.9857579551,5309179.317500049,7196.357244310833,1568701.8828200921,5309069.783201097,8163.631036925695,1568269.6060436391,5308142.762662418,8163.631036925695
1568800.5726772498,5309588.060619911,7679.994140618264,1.1690318445238652,1568466.9857579551,5309179.317500049,7196.357244310833,1568899.262534408,5310106.338038728,7196.357244310833,1569134.1595965447,5309996.803739776,8163.631036925695,1568701.8828200921,5309069.783201097,8163.631036925695
1569232.8494537028,5310515.0811585905,7679.994140618264,1.1096091891317903,1568899.262534408,5310106.338038728,7196.357244310833,1569331.5393108607,5311033.358577406,7196.357244310833,1569566.4363729975,5310923.824278454,8163.631036925695,1569134.1595965447,5309996.803739776,8163.631036925695
1569665.1262301556,5311442.10169727,7679.994140618264,1.585454691114068,1569331.5393108607,5311033.358577406,7196.357244310833,1569763.8160873135,5311960.379116085,7196.357244310833,1569998.7131494505,5311850.844817133,8163.631036925695,1569566.4363729975,5310923.824278454,8163.631036925695
1570097.4030066081,5312369.122235948,7679.994140618264,1.412626809669688,1569763.8160873135,5311960.379116085,7196.357244310833,1570196.092863766,5312887.399654764,7196.357244310833,1570430.989925903,5312777.865355811,8163.631036925695,1569998.7131494505,5311850.844817133,8163.631036925695
1570529.6797830611,5313296.142774627,7679.994140618264,1.5330941372795008,1570196.092863766,5312887.399654764,7196.357244310833,1570628.369640219,5313814.420193442,7196.357244310833,1570863.2667023558,5313704.8858944895,8163.631036925695,1570430.989925903,5312777.865355811,8163.631036925695
1570961.956559514,5314223.163313305,7679.994140618264,1.4504255828625006,1570628.369640219,5313814.420193442,7196.357244310833,1571060.6464166718,5314741.440732121,7196.357244310833,1571295.5434788086,5314631.906433167,8163.631036925695,1570863.2667023558,5313704.8858944895,8163.631036925695
1571394.2333359665,5315150.183851983,7679.994140618264,1.5598800601990968,1571060.6464166718,5314741.440732121,7196.357244310833,1571492.9231931244,5315668.461270799,7196.357244310833,1571727.8202552614,5315558.926971846,8163.631036925695,1571295.5434788086,5314631.906433167,8163.631036925695
1571826.5101124193,5316077.204390662,7679.994140618264,2.0230994323867355,1571492.9231931244,5315668.461270799,7196.357244310833,1571925.1999695771,5316595.481809477,7196.357244310833,1572160.097031714,5316485.947510525,8163.631036925695,1571727.8202552614,5315558.926971846,8163.631036925695
1572258.786888872,5317004.22492934,7679.994140618264,3.1846301671112442,1571925.1999695771,5316595.481809477,7196.357244310833,1572357.47674603,5317522.502348157,7196.357244310833,1572592.373808167,5317412.968049203,8163.631036925695,1572160.097031714,5316485.947510525,8163.631036925695
1572691.0636653246,5317931.245468019,7679.994140618264,1.6825972027465212,1572357.47674603,5317522.502348157,7196.357244310833,1572789.7535224827,5318449.522886834,7196.357244310833,1573024.6505846197,5318339.988587881,8163.631036925695,1572592.373808167,5317412.968049203,8163.631036925695
1573123.3404417776,5318858.266006697,7679.994140618264,1.0595148953605553,1572789.7535224827,5318449.522886834,7196.357244310833,1573222.0302989355,5319376.5434255125,7196.357244310833,1573456.9273610723,5319267.00912656,8163.631036925695,1573024.6505846197,5318339.988587881,8163.631036925695
1573555.6172182306,5319785.286545375,7679.994140618264,0.9026637749261097,1573222.0302989355,5319376.5434255125,7196.357244310833,1573654.3070753883,5320303.563964191,7196.357244310833,1573889.2041375253,5320194.029665239,8163.631036925695,1573456.9273610723,5319267.00912656,8163.631036925695
1573987.893994683,5320712.307084055,7679.994140618264,0.617417394058835,1573654.3070753883,5320303.563964191,7196.357244310833,1574086.583851841,5321230.584502869,7196.357244310833,1574321.4809139778,5321121.050203918,8163.631036925695,1573889.2041375253,5320194.029665239,8163.631036925695
1574420.170771136,5321639.327622733,7679.994140618264,0.29987931415631014,1574086.583851841,5321230.584502869,7196.357244310833,1574518.8606282936,5322157.605041549,7196.357244310833,1574753.7576904306,5322048.070742596,8163.631036925695,1574321.4809139778,5321121.050203918,8163.631036925695
1574852.4475475885,5322566.348161412,7679.994140618264,0.05236292789640338,1574518.8606282936,5322157.605041549,7196.357244310833,1574951.1374047466,5323084.625580227,7196.357244310833,1575186.0344668832,5322975.091281274,8163.631036925695,1574753.7576904306,5322048.070742596,8163.631036925695
1575284.7243240413,5323493.36870009,7679.994140618264,0.03183860251516154,1574951.1374047466,5323084.625580227,7196.357244310833,1575383.4141811992,5324011.646118905,7196.357244310833,1575618.3112433362,5323902.111819953,8163.631036925695,1575186.0344668832,5322975.091281274,8163.631036925695
1575717.001100494,5324420.389238768,7679.994140618264,0.010235326239877456,1575383.4141811992,5324011.646118905,7196.357244310833,1575815.6909576522,5324938.666657584,7196.357244310833,1576050.5880197887,5324829.132358632,8163.631036925695,1575618.3112433362,5323902.111819953,8163.631036925695
1564280.4251984067,5299281.300395496,8647.267933233124,0.5949898100439516,1563946.8382791118,5298872.557275633,8163.631036925695,1564379.1150555643,5299799.577814313,8163.631036925695,1564614.0121177013,5299690.043515359,9130.904829540556,1564181.7353412486,5298763.022976681,9130.904829540556
1564712.7019748592,5300208.320934175,8647.267933233124,0.9494233320973998,1564379.1150555643,5299799.577814313,8163.631036925695,1564811.3918320173,5300726.59835299,8163.631036925695,1565046.2888941541,5300617.064054037,9130.904829540556,1564614.0121177013,5299690.043515359,9130.904829540556
1565144.978751312,5301135.341472853,8647.267933233124,1.558230612987162,1564811.3918320173,5300726.59835299,8163.631036925695,1565243.66860847,5301653.6188916685,8163.631036925695,1565478.565670607,5301544.084592716,9130.904829540556,1565046.2888941541,5300617.064054037,9130.904829540556
1565577.255527765,5302062.362011531,8647.267933233124,1.8705323138823924,1565243.66860847,5301653.6188916685,8163.631036925695,1565675.945384923,5302580.639430347,8163.631036925695,1565910.8424470597,5302471.105131395,9130.904829540556,1565478.565670607,5301544.084592716,9130.904829540556
1566009.5323042178,5302989.382550211,8647.267933233124,2.7517998397089345,1565675.945384923,5302580.639430347,8163.631036925695,1566108.2221613757,5303507.659969025,8163.631036925695,1566343.1192235125,5303398.125670074,9130.904829540556,1565910.8424470597,5302471.105131395,9130.904829540556
1566441.8090806704,5303916.40308889,8647.267933233124,2.1632823662195833,1566108.2221613757,5303507.659969025,8163.631036925695,1566540.4989378282,5304434.680507705,8163.631036925695,1566775.3959999653,5304325.146208752,9130.904829540556,1566343.1192235125,5303398.125670074,9130.904829540556
1566874.0858571231,5304843.423627568,8647.267933233124,2.501520247362389,1566540.4989378282,5304434.680507705,8163.631036925695,1566972.775714281,5305361.701046383,8163.631036925695,1567207.6727764178,5305252.16674743,9130.904829540556,1566775.3959999653,5304325.146208752,9130.904829540556
1567306.362633576,5305770.444166246,8647.267933233124,4.096018726936748,1566972.775714281,5305361.701046383,8163.631036925695,1567405.0524907338,5306288.721585061,8163.631036925695,1567639.9495528708,5306179.187286109,9130.904829540556,1567207.6727764178,5305252.16674743,9130.904829540556
1567738.6394100285,5306697.464704924,8647.267933233124,3.708826532288144,1567405.0524907338,5306288.721585061,8163.631036925695,1567837.3292671866,5307215.74212374,8163.631036925695,1568072.2263293234,5307106.207824787,9130.904829540556,1567639.9495528708,5306179.187286109,9130.904829540556
1568170.9161864815,5307624.485243603,8647.267933233124,1.6230419454646074,1567837.3292671866,5307215.74212374,8163.631036925695,1568269.6060436391,5308142.762662418,8163.631036925695,1568504.5031057762,5308033.228363466,9130.904829540556,1568072.2263293234,5307106.207824787,9130.904829540556
1568603.192962934,5308551.505782281,8647.267933233124,1.2453337091106154,1568269.6060436391,5308142.762662418,8163.631036925695,1568701.8828200921,5309069.783201097,8163.631036925695,1568936.779882229,5308960.248902145,9130.904829540556,1568504.5031057762,5308033.228363466,9130.904829540556
1569035.4697393868,5309478.526320959,8647.267933233124,1.8023782857665496,1568701.8828200921,5309069.783201097,8163.631036925695,1569134.1595965447,5309996.803739776,8163.631036925695,1569369.0566586817,5309887.269440823,9130.904829540556,1568936.779882229,5308960.248902145,9130.904829540556
1569467.7465158398,5310405.546859638,8647.267933233124,2.329124348253076,1569134.1595965447,5309996.803739776,8163.631036925695,1569566.4363729975,5310923.824278454,8163.631036925695,1569801.3334351345,5310814.289979501,9130.904829540556,1569369.0566586817,5309887.269440823,9130.904829540556
1569900.0232922924,5311332.567398316,8647.267933233124,1.9574877881262216,1569566.4363729975,5310923.824278454,8163.631036925695,1569998.7131494505,5311850.844817133,8163.631036925695,1570233.6102115873,5311741.310518179,9130.904829540556,1569801.3334351345,5310814.289979501,9130.904829540556
1570332.3000687452,5312259.587936995,8647.267933233124,1.6626488984129317,1569998.7131494505,5311850.844817133,8163.631036925695,1570430.989925903,5312777.865355811,8163.631036925695,1570665.88698804,5312668.331056858,9130.904829540556,1570233.6102115873,5311741.310518179,9130.904829540556
1570764.576845198,5313186.608475674,8647.267933233124,1.7180084696914155,1570430.989925903,5312777.865355811,8163.631036925695,1570863.2667023558,5313704.8858944895,8163.631036925695,1571098.1637644926,5313595.351595537,9130.904829540556,1570665.88698804,5312668.331056858,9130.904829540556
1571196.8536216507,5314113.629014352,8647.267933233124,1.5555352253323178,1570863.2667023558,5313704.8858944895,8163.631036925695,1571295.5434788086,5314631.906433167,8163.631036925695,1571530.4405409454,5314522.372134215,9130.904829540556,1571098.1637644926,5313595.351595537,9130.904829540556
1571629.1303981033,5315040.649553031,8647.267933233124,2.044249771319234,1571295.5434788086,5314631.906433167,8163.631036925695,1571727.8202552614,5315558.926971846,8163.631036925695,1571962.7173173984,5315449.392672894,9130.904829540556,1571530.4405409454,5314522.372134215,9130.904829540556
1572061.4071745563,5315967.67009171,8647.267933233124,2.491459479285978,1571727.8202552614,5315558.926971846,8163.631036925695,1572160.097031714,5316485.947510525,8163.631036925695,1572394.994093851,5316376.413211572,9130.904829540556,1571962.7173173984,5315449.392672894,9130.904829540556
1572493.683951009,5316894.690630388,8647.267933233124,3.4660320888058274,1572160.097031714,5316485.947510525,8163.631036925695,1572592.373808167,5317412.968049203,8163.631036925695,1572827.270870304,5317303.433750251,9130.904829540556,1572394.994093851,5316376.413211572,9130.904829540556
1572925.9607274616,5317821.711169067,8647.267933233124,3.3004193726338995,1572592.373808167,5317412.968049203,8163.631036925695,1573024.6505846197,5318339.988587881,8163.631036925695,1573259.5476467565,5318230.45428893,9130.904829540556,1572827.270870304,5317303.433750251,9130.904829540556
1573358.2375039146,5318748.731707745,8647.267933233124,1.312043666631137,1573024.6505846197,5318339.988587881,8163.631036925695,1573456.9273610723,5319267.00912656,8163.631036925695,1573691.8244232093,5319157.474827608,9130.904829540556,1573259.5476467565,5318230.45428893,9130.904829540556
1573790.5142803672,5319675.752246423,8647.267933233124,0.9096112762762921,1573456.9273610723,5319267.00912656,8163.631036925695,1573889.2041375253,5320194.029665239,8163.631036925695,1574124.1011996618,5320084.4953662865,9130.904829540556,1573691.8244232093,5319157.474827608,9130.904829540556
1574222.79105682,5320602.772785101,8647.267933233124,0.6493050338884603,1573889.2041375253,5320194.029665239,8163.631036925695,1574321.4809139778,5321121.050203918,8163.631036925695,1574556.3779761149,5321011.515904965,9130.904829540556,1574124.1011996618,5320084.4953662865,9130.904829540556
1574655.0678332727,5321529.7933237795,8647.267933233124,0.34707532530571106,1574321.4809139778,5321121.050203918,8163.631036925695,1574753.7576904306,5322048.070742596,8163.631036925695,1574988.6547525674,5321938.536443643,9130.904829540556,1574556.3779761149,5321011.515904965,9130.904829540556
1575087.3446097253,5322456.813862458,8647.267933233124,0.1070810742295128,1574753.7576904306,5322048.070742596,8163.631036925695,1575186.0344668832,5322975.091281274,8163.631036925695,1575420.9315290202,5322865.556982322,9130.904829540556,1574988.6547525674,5321938.536443643,9130.904829540556
1575519.6213861783,5323383.834401136,8647.267933233124,0.03773721419203708,1575186.0344668832,5322975.091281274,8163.631036925695,1575618.3112433362,5323902.111819953,8163.631036925695,1575853.2083054732,5323792.577521001,9130.904829540556,1575420.9315290202,5322865.556982322,9130.904829540556
1575951.898162631,5324310.8549398165,8647.267933233124,0.009980156072433528,1575618.3112433362,5323902.111819953,8163.631036925695,1576050.5880197887,5324829.132358632,8163.631036925695,1576285.4850819258,5324719.598059678,9130.904829540556,1575853.2083054732,5323792.577521001,9130.904829540556
1564515.3222605437,5299171.766096544,9614.541725847985,0.7000485770532812,1564181.7353412486,5298763.022976681,9130.904829540556,1564614.0121177013,5299690.043515359,9130.904829540556,1564848.9091798384,5299580.509216406,10098.178622155416,1564416.6324033856,5298653.488677728,10098.178622155416
1564947.599036996,5300098.786635223,9614.541725847985,0.8452313508910663,1564614.0121177013,5299690.043515359,9130.904829540556,1565046.2888941541,5300617.064054037,9130.904829540556,1565281.185956291,5300507.529755086,10098.178622155416,1564848.9091798384,5299580.509216406,10098.178622155416
1565379.875813449,5301025.807173901,9614.541725847985,1.1517528697639507,1565046.2888941541,5300617.064054037,9130.904829540556,1565478.565670607,5301544.084592716,9130.904829540556,1565713.462732744,5301434.550293764,10098.178622155416,1565281.185956291,5300507.529755086,10098.178622155416
1565812.1525899018,5301952.827712579,9614.541725847985,2.1696370971065964,1565478.565670607,5301544.084592716,9130.904829540556,1565910.8424470597,5302471.105131395,9130.904829540556,1566145.7395091965,5302361.5708324425,10098.178622155416,1565713.462732744,5301434.550293764,10098.178622155416
1566244.4293663546,5302879.848251257,9614.541725847985,2.634749760786807,1565910.8424470597,5302471.105131395,9130.904829540556,1566343.1192235125,5303398.125670074,9130.904829540556,1566578.0162856493,5303288.591371121,10098.178622155416,1566145.7395091965,5302361.5708324425,10098.178622155416
1566676.7061428071,5303806.8687899355,9614.541725847985,2.570600402507829,1566343.1192235125,5303398.125670074,9130.904829540556,1566775.3959999653,5304325.146208752,9130.904829540556,1567010.293062102,5304215.611909799,10098.178622155416,1566578.0162856493,5303288.591371121,10098.178622155416
1567108.9829192602,5304733.889328614,9614.541725847985,2.2152055961810704,1566775.3959999653,5304325.146208752,9130.904829540556,1567207.6727764178,5305252.16674743,9130.904829540556,1567442.5698385548,5305142.632448479,10098.178622155416,1567010.293062102,5304215.611909799,10098.178622155416
1567541.2596957127,5305660.909867293,9614.541725847985,2.978729637355133,1567207.6727764178,5305252.16674743,9130.904829540556,1567639.9495528708,5306179.187286109,9130.904829540556,1567874.8466150076,5306069.652987157,10098.178622155416,1567442.5698385548,5305142.632448479,10098.178622155416
1567973.5364721655,5306587.930405972,9614.541725847985,2.80537509083034,1567639.9495528708,5306179.187286109,9130.904829540556,1568072.2263293234,5307106.207824787,9130.904829540556,1568307.1233914604,5306996.673525834,10098.178622155416,1567874.8466150076,5306069.652987157,10098.178622155416
1568405.8132486185,5307514.95094465,9614.541725847985,1.7718551130630333,1568072.2263293234,5307106.207824787,9130.904829540556,1568504.5031057762,5308033.228363466,9130.904829540556,1568739.4001679132,5307923.694064513,10098.178622155416,1568307.1233914604,5306996.673525834,10098.178622155416
1568838.0900250708,5308441.971483329,9614.541725847985,1.535973526995021,1568504.5031057762,5308033.228363466,9130.904829540556,1568936.779882229,5308960.248902145,9130.904829540556,1569171.6769443657,5308850.714603191,10098.178622155416,1568739.4001679132,5307923.694064513,10098.178622155416
1569270.3668015238,5309368.992022008,9614.541725847985,2.188022153614381,1568936.779882229,5308960.248902145,9130.904829540556,1569369.0566586817,5309887.269440823,9130.904829540556,1569603.9537208187,5309777.73514187,10098.178622155416,1569171.6769443657,5308850.714603191,10098.178622155416
1569702.6435779766,5310296.012560686,9614.541725847985,2.214348421320097,1569369.0566586817,5309887.269440823,9130.904829540556,1569801.3334351345,5310814.289979501,9130.904829540556,1570036.2304972713,5310704.755680549,10098.178622155416,1569603.9537208187,5309777.73514187,10098.178622155416
1570134.9203544294,5311223.0330993645,9614.541725847985,1.83636045286607,1569801.3334351345,5310814.289979501,9130.904829540556,1570233.6102115873,5311741.310518179,9130.904829540556,1570468.507273724,5311631.776219227,10098.178622155416,1570036.2304972713,5310704.755680549,10098.178622155416
1570567.197130882,5312150.053638043,9614.541725847985,1.7618221592174914,1570233.6102115873,5311741.310518179,9130.904829540556,1570665.88698804,5312668.331056858,9130.904829540556,1570900.784050177,5312558.796757906,10098.178622155416,1570468.507273724,5311631.776219227,10098.178622155416
1570999.473907335,5313077.074176721,9614.541725847985,1.7950194256768486,1570665.88698804,5312668.331056858,9130.904829540556,1571098.1637644926,5313595.351595537,9130.904829540556,1571333.0608266296,5313485.817296584,10098.178622155416,1570900.784050177,5312558.796757906,10098.178622155416
1571431.7506837875,5314004.0947154,9614.541725847985,1.7994004547896958,1571098.1637644926,5313595.351595537,9130.904829540556,1571530.4405409454,5314522.372134215,9130.904829540556,1571765.3376030824,5314412.8378352625,10098.178622155416,1571333.0608266296,5313485.817296584,10098.178622155416
1571864.02746024,5314931.115254078,9614.541725847985,2.8817424703469565,1571530.4405409454,5314522.372134215,9130.904829540556,1571962.7173173984,5315449.392672894,9130.904829540556,1572197.614379535,5315339.858373941,10098.178622155416,1571765.3376030824,5314412.8378352625,10098.178622155416
1572296.3042366933,5315858.135792756,9614.541725847985,2.8174012012860015,1571962.7173173984,5315449.392672894,9130.904829540556,1572394.994093851,5316376.413211572,9130.904829540556,1572629.891155988,5316266.87891262,10098.178622155416,1572197.614379535,5315339.858373941,10098.178622155416
1572728.5810131459,5316785.156331436,9614.541725847985,3.1226558538479,1572394.994093851,5316376.413211572,9130.904829540556,1572827.270870304,5317303.433750251,9130.904829540556,1573062.1679324405,5317193.899451299,10098.178622155416,1572629.891155988,5316266.87891262,10098.178622155416
1573160.8577895986,5317712.176870114,9614.541725847985,3.656774027772246,1572827.270870304,5317303.433750251,9130.904829540556,1573259.5476467565,5318230.45428893,9130.904829540556,1573494.4447088935,5318120.919989977,10098.178622155416,1573062.1679324405,5317193.899451299,10098.178622155416
1573593.1345660514,5318639.197408793,9614.541725847985,1.52314261412091,1573259.5476467565,5318230.45428893,9130.904829540556,1573691.8244232093,5319157.474827608,9130.904829540556,1573926.721485346,5319047.940528655,10098.178622155416,1573494.4447088935,5318120.919989977,10098.178622155416
1574025.411342504,5319566.217947471,9614.541725847985,0.7979521358481851,1573691.8244232093,5319157.474827608,9130.904829540556,1574124.1011996618,5320084.4953662865,9130.904829540556,1574358.9982617989,5319974.961067334,10098.178622155416,1573926.721485346,5319047.940528655,10098.178622155416
1574457.6881189568,5320493.238486149,9614.541725847985,0.6144621789661349,1574124.1011996618,5320084.4953662865,9130.904829540556,1574556.3779761149,5321011.515904965,9130.904829540556,1574791.2750382517,5320901.981606012,10098.178622155416,1574358.9982617989,5319974.961067334,10098.178622155416
1574889.9648954098,5321420.259024828,9614.541725847985,0.38765883738937124,1574556.3779761149,5321011.515904965,9130.904829540556,1574988.6547525674,5321938.536443643,9130.904829540556,1575223.5518147044,5321829.002144691,10098.178622155416,1574791.2750382517,5320901.981606012,10098.178622155416
1575322.2416718623,5322347.279563506,9614.541725847985,0.14810831980567182,1574988.6547525674,5321938.536443643,9130.904829540556,1575420.9315290202,5322865.556982322,9130.904829540556,1575655.8285911572,5322756.022683369,10098.178622155416,1575223.5518147044,5321829.002144691,10098.178622155416
1575754.518448315,5323274.3001021845,9614.541725847985,0.03367810324189635,1575420.9315290202,5322865.556982322,9130.904829540556,1575853.2083054732,5323792.577521001,9130.904829540556,1576088.10536761,5323683.043222047,10098.178622155416,1575655.8285911572,5322756.022683369,10098.178622155416
1576186.795224768,5324201.320640863,9614.541725847985,0.016266705958902474,1575853.2083054732,5323792.577521001,9130.904829540556,1576285.4850819258,5324719.598059678,9130.904829540556,1576520.3821440628,5324610.063760726,10098.178622155416,1576088.10536761,5323683.043222047,10098.178622155416
1564750.2193226805,5299062.231797591,10581.815518462847,1.0267046455129514,1564416.6324033856,5298653.488677728,10098.178622155416,1564848.9091798384,5299580.509216406,10098.178622155416,1565083.8062419752,5299470.974917455,11065.452414770278,1564651.5294655226,5298543.954378776,11065.452414770278
1565182.496099133,5299989.252336269,10581.815518462847,1.4910706404739387,1564848.9091798384,5299580.509216406,10098.178622155416,1565281.185956291,5300507.529755086,10098.178622155416,1565516.083018428,5300397.995456133,11065.452414770278,1565083.8062419752,5299470.974917455,11065.452414770278
1565614.7728755856,5300916.272874949,10581.815518462847,1.6001593927410835,1565281.185956291,5300507.529755086,10098.178622155416,1565713.462732744,5301434.550293764,10098.178622155416,1565948.3597948807,5301325.015994811,11065.452414770278,1565516.083018428,5300397.995456133,11065.452414770278
1566047.0496520388,5301843.293413627,10581.815518462847,2.180884884396062,1565713.462732744,5301434.550293764,10098.178622155416,1566145.7395091965,5302361.5708324425,10098.178622155416,1566380.6365713335,5302252.03653349,11065.452414770278,1565948.3597948807,5301325.015994811,11065.452414770278
1566479.3264284914,5302770.313952305,10581.815518462847,2.5708845982313933,1566145.7395091965,5302361.5708324425,10098.178622155416,1566578.0162856493,5303288.591371121,10098.178622155416,1566812.9133477863,5303179.057072169,11065.452414770278,1566380.6365713335,5302252.03653349,11065.452414770278
1566911.6032049442,5303697.334490984,10581.815518462847,2.7838715592332273,1566578.0162856493,5303288.591371121,10098.178622155416,1567010.293062102,5304215.611909799,10098.178622155416,1567245.190124239,5304106.077610847,11065.452414770278,1566812.9133477863,5303179.057072169,11065.452414770278
1567343.8799813972,5304624.355029662,10581.815518462847,4.2105719638205645,1567010.293062102,5304215.611909799,10098.178622155416,1567442.5698385548,5305142.632448479,10098.178622155416,1567677.4669006919,5305033.098149525,11065.452414770278,1567245.190124239,5304106.077610847,11065.452414770278
1567776.1567578495,5305551.3755683405,10581.815518462847,4.006605053651862,1567442.5698385548,5305142.632448479,10098.178622155416,1567874.8466150076,5306069.652987157,10098.178622155416,1568109.7436771444,5305960.118688203,11065.452414770278,1567677.4669006919,5305033.098149525,11065.452414770278
1568208.4335343023,5306478.396107019,10581.815518462847,3.387123392502516,1567874.8466150076,5306069.652987157,10098.178622155416,1568307.1233914604,5306996.673525834,10098.178622155416,1568542.0204535972,5306887.139226882,11065.452414770278,1568109.7436771444,5305960.118688203,11065.452414770278
1568640.7103107553,5307405.416645697,10581.815518462847,2.698792719764913,1568307.1233914604,5306996.673525834,10098.178622155416,1568739.4001679132,5307923.694064513,10098.178622155416,1568974.29723005,5307814.15976556,11065.452414770278,1568542.0204535972,5306887.139226882,11065.452414770278
1569072.9870872078,5308332.437184376,10581.815518462847,2.4055991044723575,1568739.4001679132,5307923.694064513,10098.178622155416,1569171.6769443657,5308850.714603191,10098.178622155416,1569406.5740065027,5308741.180304239,11065.452414770278,1568974.29723005,5307814.15976556,11065.452414770278
1569505.2638636606,5309259.457723054,10581.815518462847,2.47276903689018,1569171.6769443657,5308850.714603191,10098.178622155416,1569603.9537208187,5309777.73514187,10098.178622155416,1569838.8507829558,5309668.200842918,11065.452414770278,1569406.5740065027,5308741.180304239,11065.452414770278
1569937.5406401136,5310186.478261734,10581.815518462847,2.067314747366676,1569603.9537208187,5309777.73514187,10098.178622155416,1570036.2304972713,5310704.755680549,10098.178622155416,1570271.1275594083,5310595.221381596,11065.452414770278,1569838.8507829558,5309668.200842918,11065.452414770278
1570369.8174165662,5311113.498800413,10581.815518462847,1.0491142634235189,1570036.2304972713,5310704.755680549,10098.178622155416,1570468.507273724,5311631.776219227,10098.178622155416,1570703.404335861,5311522.241920275,11065.452414770278,1570271.1275594083,5310595.221381596,11065.452414770278
1570802.0941930187,5312040.51933909,10581.815518462847,1.429445140429642,1570468.507273724,5311631.776219227,10098.178622155416,1570900.784050177,5312558.796757906,10098.178622155416,1571135.6811123136,5312449.262458953,11065.452414770278,1570703.404335861,5311522.241920275,11065.452414770278
1571234.370969472,5312967.539877769,10581.815518462847,1.6771511682246687,1570900.784050177,5312558.796757906,10098.178622155416,1571333.0608266296,5313485.817296584,10098.178622155416,1571567.9578887667,5313376.2829976315,11065.452414770278,1571135.6811123136,5312449.262458953,11065.452414770278
1571666.6477459243,5313894.560416447,10581.815518462847,2.8828669840559553,1571333.0608266296,5313485.817296584,10098.178622155416,1571765.3376030824,5314412.8378352625,10098.178622155416,1572000.2346652192,5314303.303536311,11065.452414770278,1571567.9578887667,5313376.2829976315,11065.452414770278
1572098.924522377,5314821.580955125,10581.815518462847,4.236649166257715,1571765.3376030824,5314412.8378352625,10098.178622155416,1572197.614379535,5315339.858373941,10098.178622155416,1572432.511441672,5315230.324074989,11065.452414770278,1572000.2346652192,5314303.303536311,11065.452414770278
1572531.2012988296,5315748.601493804,10581.815518462847,4.240244904856667,1572197.614379535,5315339.858373941,10098.178622155416,1572629.891155988,5316266.87891262,10098.178622155416,1572864.7882181248,5316157.344613668,11065.452414770278,1572432.511441672,5315230.324074989,11065.452414770278
1572963.4780752826,5316675.622032482,10581.815518462847,4.045693700843602,1572629.891155988,5316266.87891262,10098.178622155416,1573062.1679324405,5317193.899451299,10098.178622155416,1573297.0649945776,5317084.365152346,11065.452414770278,1572864.7882181248,5316157.344613668,11065.452414770278
1573395.7548517354,5317602.642571161,10581.815518462847,3.729126221092131,1573062.1679324405,5317193.899451299,10098.178622155416,1573494.4447088935,5318120.919989977,10098.178622155416,1573729.3417710303,5318011.385691023,11065.452414770278,1573297.0649945776,5317084.365152346,11065.452414770278
1573828.0316281884,5318529.663109839,10581.815518462847,1.4028136521908805,1573494.4447088935,5318120.919989977,10098.178622155416,1573926.721485346,5319047.940528655,10098.178622155416,1574161.618547483,5318938.406229703,11065.452414770278,1573729.3417710303,5318011.385691023,11065.452414770278
1574260.308404641,5319456.683648518,10581.815518462847,0.7539176051393419,1573926.721485346,5319047.940528655,10098.178622155416,1574358.9982617989,5319974.961067334,10098.178622155416,1574593.895323936,5319865.426768381,11065.452414770278,1574161.618547483,5318938.406229703,11065.452414770278
1574692.5851810935,5320383.704187197,10581.815518462847,0.645926629229287,1574358.9982617989,5319974.961067334,10098.178622155416,1574791.2750382517,5320901.981606012,10098.178622155416,1575026.1721003884,5320792.44730706,11065.452414770278,1574593.895323936,5319865.426768381,11065.452414770278
1575124.8619575463,5321310.724725875,10581.815518462847,0.4534013390191134,1574791.2750382517,5320901.981606012,10098.178622155416,1575223.5518147044,5321829.002144691,10098.178622155416,1575458.4488768412,5321719.467845738,11065.452414770278,1575026.1721003884,5320792.44730706,11065.452414770278
1575557.138733999,5322237.745264554,10581.815518462847,0.16961721316907227,1575223.5518147044,5321829.002144691,10098.178622155416,1575655.8285911572,5322756.022683369,10098.178622155416,1575890.725653294,5322646.488384416,11065.452414770278,1575458.4488768412,5321719.467845738,11065.452414770278
1575989.415510452,5323164.765803233,10581.815518462847,0.13703671245075338,1575655.8285911572,5322756.022683369,10098.178622155416,1576088.10536761,5323683.043222047,10098.178622155416,1576323.0024297468,5323573.508923096,11065.452414770278,1575890.725653294,5322646.488384416,11065.452414770278
1576421.692286905,5324091.786341911,10581.815518462847,0.0894251644629792,1576088.10536761,5323683.043222047,10098.178622155416,1576520.3821440628,5324610.063760726,10098.178622155416,1576755.2792061998,5324500.529461774,11065.452414770278,1576323.0024297468,5323573.508923096,11065.452414770278
1564985.1163848175,5298952.697498638,11549.089311077709,1.1237133334304827,1564651.5294655226,5298543.954378776,11065.452414770278,1565083.8062419752,5299470.974917455,11065.452414770278,1565318.7033041122,5299361.440618502,12032.726207385138,1564886.4265276594,5298434.420079824,12032.726207385138
1565417.39316127,5299879.718037317,11549.089311077709,1.143039862509506,1565083.8062419752,5299470.974917455,11065.452414770278,1565516.083018428,5300397.995456133,11065.452414770278,1565750.980080565,5300288.461157179,12032.726207385138,1565318.7033041122,5299361.440618502,12032.726207385138
1565849.6699377226,5300806.738575995,11549.089311077709,1.5767825250780008,1565516.083018428,5300397.995456133,11065.452414770278,1565948.3597948807,5301325.015994811,11065.452414770278,1566183.2568570175,5301215.481695858,12032.726207385138,1565750.980080565,5300288.461157179,12032.726207385138
1566281.9467141754,5301733.759114673,11549.089311077709,1.7239357840394722,1565948.3597948807,5301325.015994811,11065.452414770278,1566380.6365713335,5302252.03653349,11065.452414770278,1566615.5336334705,5302142.502234537,12032.726207385138,1566183.2568570175,5301215.481695858,12032.726207385138
1566714.2234906282,5302660.779653354,11549.089311077709,2.5462013971873305,1566380.6365713335,5302252.03653349,11065.452414770278,1566812.9133477863,5303179.057072169,11065.452414770278,1567047.810409923,5303069.522773216,12032.726207385138,1566615.5336334705,5302142.502234537,12032.726207385138
1567146.500267081,5303587.800192032,11549.089311077709,4.574682683750525,1566812.9133477863,5303179.057072169,11065.452414770278,1567245.190124239,5304106.077610847,11065.452414770278,1567480.0871863759,5303996.543311894,12032.726207385138,1567047.810409923,5303069.522773216,12032.726207385138
1567578.777043534,5304514.82073071,11549.089311077709,4.7134059163702355,1567245.190124239,5304106.077610847,11065.452414770278,1567677.4669006919,5305033.098149525,11065.452414770278,1567912.3639628286,5304923.563850572,12032.726207385138,1567480.0871863759,5303996.543311894,12032.726207385138
1568011.0538199865,5305441.841269389,11549.089311077709,4.858593355791463,1567677.4669006919,5305033.098149525,11065.452414770278,1568109.7436771444,5305960.118688203,11065.452414770278,1568344.6407392814,5305850.584389251,12032.726207385138,1567912.3639628286,5304923.563850572,12032.726207385138
1568443.330596439,5306368.861808067,11549.089311077709,4.966150422741739,1568109.7436771444,5305960.118688203,11065.452414770278,1568542.0204535972,5306887.139226882,11065.452414770278,1568776.9175157342,5306777.60492793,12032.726207385138,1568344.6407392814,5305850.584389251,12032.726207385138
1568875.6073728919,5307295.882346746,11549.089311077709,4.324894182895916,1568542.0204535972,5306887.139226882,11065.452414770278,1568974.29723005,5307814.15976556,11065.452414770278,1569209.1942921868,5307704.625466608,12032.726207385138,1568776.9175157342,5306777.60492793,12032.726207385138
1569307.8841493449,5308222.902885424,11549.089311077709,3.719536215700876,1568974.29723005,5307814.15976556,11065.452414770278,1569406.5740065027,5308741.180304239,11065.452414770278,1569641.4710686398,5308631.646005287,12032.726207385138,1569209.1942921868,5307704.625466608,12032.726207385138
1569740.1609257974,5309149.923424101,11549.089311077709,3.2250198126511505,1569406.5740065027,5308741.180304239,11065.452414770278,1569838.8507829558,5309668.200842918,11065.452414770278,1570073.7478450923,5309558.666543965,12032.726207385138,1569641.4710686398,5308631.646005287,12032.726207385138
1570172.4377022507,5310076.94396278,11549.089311077709,2.158521641025672,1569838.8507829558,5309668.200842918,11065.452414770278,1570271.1275594083,5310595.221381596,11065.452414770278,1570506.0246215453,5310485.687082644,12032.726207385138,1570073.7478450923,5309558.666543965,12032.726207385138
1570604.714478703,5311003.964501458,11549.089311077709,1.7310946805774377,1570271.1275594083,5310595.221381596,11065.452414770278,1570703.404335861,5311522.241920275,11065.452414770278,1570938.301397998,5311412.707621323,12032.726207385138,1570506.0246215453,5310485.687082644,12032.726207385138
1571036.9912551558,5311930.985040138,11549.089311077709,1.7047104391785555,1570703.404335861,5311522.241920275,11065.452414770278,1571135.6811123136,5312449.262458953,11065.452414770278,1571370.5781744507,5312339.728160001,12032.726207385138,1570938.301397998,5311412.707621323,12032.726207385138
1571469.2680316083,5312858.005578816,11549.089311077709,1.6543410807400967,1571135.6811123136,5312449.262458953,11065.452414770278,1571567.9578887667,5313376.2829976315,11065.452414770278,1571802.8549509034,5313266.74869868,12032.726207385138,1571370.5781744507,5312339.728160001,12032.726207385138
1571901.5448080613,5313785.026117494,11549.089311077709,2.9364411612566776,1571567.9578887667,5313376.2829976315,11065.452414770278,1572000.2346652192,5314303.303536311,11065.452414770278,1572235.1317273562,5314193.769237357,12032.726207385138,1571802.8549509034,5313266.74869868,12032.726207385138
1572333.821584514,5314712.046656174,11549.089311077709,5.048262055067166,1572000.2346652192,5314303.303536311,11065.452414770278,1572432.511441672,5315230.324074989,11065.452414770278,1572667.408503809,5315120.789776036,12032.726207385138,1572235.1317273562,5314193.769237357,12032.726207385138
1572766.0983609667,5315639.067194852,11549.089311077709,4.410954852135599,1572432.511441672,5315230.324074989,11065.452414770278,1572864.7882181248,5316157.344613668,11065.452414770278,1573099.6852802616,5316047.810314714,12032.726207385138,1572667.408503809,5315120.789776036,12032.726207385138
1573198.3751374197,5316566.08773353,11549.089311077709,3.477806275056397,1572864.7882181248,5316157.344613668,11065.452414770278,1573297.0649945776,5317084.365152346,11065.452414770278,1573531.9620567146,5316974.830853393,12032.726207385138,1573099.6852802616,5316047.810314714,12032.726207385138
1573630.6519138722,5317493.108272209,11549.089311077709,2.0521704802800405,1573297.0649945776,5317084.365152346,11065.452414770278,1573729.3417710303,5318011.385691023,11065.452414770278,1573964.2388331671,5317901.851392072,12032.726207385138,1573531.9620567146,5316974.830853393,12032.726207385138
1574062.928690325,5318420.128810887,11549.089311077709,1.2732473302177578,1573729.3417710303,5318011.385691023,11065.452414770278,1574161.618547483,5318938.406229703,11065.452414770278,1574396.51560962,5318828.87193075,12032.726207385138,1573964.2388331671,5317901.851392072,12032.726207385138
1574495.2054667778,5319347.149349566,11549.089311077709,0.7363755809594641,1574161.618547483,5318938.406229703,11065.452414770278,1574593.895323936,5319865.426768381,11065.452414770278,1574828.7923860727,5319755.8924694285,12032.726207385138,1574396.51560962,5318828.87193075,12032.726207385138
1574927.4822432306,5320274.169888244,11549.089311077709,0.7197133728176534,1574593.895323936,5319865.426768381,11065.452414770278,1575026.1721003884,5320792.44730706,11065.452414770278,1575261.0691625255,5320682.913008107,12032.726207385138,1574828.7923860727,5319755.8924694285,12032.726207385138
1575359.759019683,5321201.190426922,11549.089311077709,0.6561190007065507,1575026.1721003884,5320792.44730706,11065.452414770278,1575458.4488768412,5321719.467845738,11065.452414770278,1575693.3459389783,5321609.933546785,12032.726207385138,1575261.0691625255,5320682.913008107,12032.726207385138
1575792.0357961361,5322128.210965601,11549.089311077709,0.3404402515444789,1575458.4488768412,5321719.467845738,11065.452414770278,1575890.725653294,5322646.488384416,11065.452414770278,1576125.6227154308,5322536.954085465,12032.726207385138,1575693.3459389783,5321609.933546785,12032.726207385138
1576224.312572589,5323055.23150428,11549.089311077709,0.19590674178060136,1575890.725653294,5322646.488384416,11065.452414770278,1576323.0024297468,5323573.508923096,11065.452414770278,1576557.8994918838,5323463.974624143,12032.726207385138,1576125.6227154308,5322536.954085465,12032.726207385138
1576656.5893490415,5323982.2520429585,11549.089311077709,0.08237828631965519,1576323.0024297468,5323573.508923096,11065.452414770278,1576755.2792061998,5324500.529461774,11065.452414770278,1576990.1762683364,5324390.995162821,12032.726207385138,1576557.8994918838,5323463.974624143,12032.726207385138
1565220.013446954,5298843.163199686,12516.363103692569,1.4954870139575223,1564886.4265276594,5298434.420079824,12032.726207385138,1565318.7033041122,5299361.440618502,12032.726207385138,1565553.600366249,5299251.906319549,13000.0,1565121.3235897962,5298324.88578087,13000.0
1565652.2902234069,5299770.183738365,12516.363103692569,1.1824594452572192,1565318.7033041122,5299361.440618502,12032.726207385138,1565750.980080565,5300288.461157179,12032.726207385138,1565985.8771427018,5300178.926858228,13000.0,1565553.600366249,5299251.906319549,13000.0
1566084.5669998596,5300697.204277043,12516.363103692569,1.004554586761641,1565750.980080565,5300288.461157179,12032.726207385138,1566183.2568570175,5301215.481695858,12032.726207385138,1566418.1539191545,5301105.947396906,13000.0,1565985.8771427018,5300178.926858228,13000.0
1566516.8437763122,5301624.224815722,12516.363103692569,1.9641874325280897,1566183.2568570175,5301215.481695858,12032.726207385138,1566615.5336334705,5302142.502234537,12032.726207385138,1566850.4306956073,5302032.9679355845,13000.0,1566418.1539191545,5301105.947396906,13000.0
1566949.1205527652,5302551.2453544,12516.363103692569,3.794725866960561,1566615.5336334705,5302142.502234537,12032.726207385138,1567047.810409923,5303069.522773216,12032.726207385138,1567282.70747206,5302959.988474263,13000.0,1566850.4306956073,5302032.9679355845,13000.0
1567381.3973292178,5303478.265893078,12516.363103692569,5.201580725696204,1567047.810409923,5303069.522773216,12032.726207385138,1567480.0871863759,5303996.543311894,12032.726207385138,1567714.984248513,5303887.009012942,13000.0,1567282.70747206,5302959.988474263,13000.0
1567813.6741056705,5304405.286431758,12516.363103692569,5.0188476142568526,1567480.0871863759,5303996.543311894,12032.726207385138,1567912.3639628286,5304923.563850572,12032.726207385138,1568147.2610249654,5304814.029551621,13000.0,1567714.984248513,5303887.009012942,13000.0
1568245.9508821236,5305332.306970435,12516.363103692569,5.285658016064565,1567912.3639628286,5304923.563850572,12032.726207385138,1568344.6407392814,5305850.584389251,12032.726207385138,1568579.5378014185,5305741.050090299,13000.0,1568147.2610249654,5304814.029551621,13000.0
1568678.227658576,5306259.327509114,12516.363103692569,5.531322541711809,1568344.6407392814,5305850.584389251,12032.726207385138,1568776.9175157342,5306777.60492793,12032.726207385138,1569011.814577871,5306668.070628977,13000.0,1568579.5378014185,5305741.050090299,13000.0
1569110.5044350289,5307186.348047793,12516.363103692569,4.978846461712077,1568776.9175157342,5306777.60492793,12032.726207385138,1569209.1942921868,5307704.625466608,12032.726207385138,1569444.0913543238,5307595.091167656,13000.0,1569011.814577871,5306668.070628977,13000.0
1569542.7812114817,5308113.368586471,12516.363103692569,3.9270883029119963,1569209.1942921868,5307704.625466608,12032.726207385138,1569641.4710686398,5308631.646005287,12032.726207385138,1569876.3681307763,5308522.111706334,13000.0,1569444.0913543238,5307595.091167656,13000.0
1569975.0579879344,5309040.38912515,12516.363103692569,3.525098204841256,1569641.4710686398,5308631.646005287,12032.726207385138,1570073.7478450923,5309558.666543965,12032.726207385138,1570308.6449072293,5309449.1322450135,13000.0,1569876.3681307763,5308522.111706334,13000.0
1570407.334764387,5309967.409663828,12516.363103692569,2.2951408484314593,1570073.7478450923,5309558.666543965,12032.726207385138,1570506.0246215453,5310485.687082644,12032.726207385138,1570740.9216836821,5310376.152783691,13000.0,1570308.6449072293,5309449.1322450135,13000.0
1570839.61154084,5310894.4302025065,12516.363103692569,2.0348489050662764,1570506.0246215453,5310485.687082644,12032.726207385138,1570938.301397998,5311412.707621323,12032.726207385138,1571173.198460135,5311303.173322369,13000.0,1570740.9216836821,5310376.152783691,13000.0
1571271.8883172928,5311821.450741185,12516.363103692569,2.011378969606834,1570938.301397998,5311412.707621323,12032.726207385138,1571370.5781744507,5312339.728160001,12032.726207385138,1571605.4752365877,5312230.193861048,13000.0,1571173.198460135,5311303.173322369,13000.0
1571704.1650937453,5312748.471279863,12516.363103692569,1.8149240716496955,1571370.5781744507,5312339.728160001,12032.726207385138,1571802.8549509034,5313266.74869868,12032.726207385138,1572037.7520130402,5313157.214399726,13000.0,1571605.4752365877,5312230.193861048,13000.0
1572136.4418701984,5313675.491818542,12516.363103692569,2.3704589378298317,1571802.8549509034,5313266.74869868,12032.726207385138,1572235.1317273562,5314193.769237357,12032.726207385138,1572470.028789493,5314084.2349384045,13000.0,1572037.7520130402,5313157.214399726,13000.0
1572568.718646651,5314602.51235722,12516.363103692569,3.594517631561504,1572235.1317273562,5314193.769237357,12032.726207385138,1572667.408503809,5315120.789776036,12032.726207385138,1572902.3055659458,5315011.255477084,13000.0,1572470.028789493,5314084.2349384045,13000.0
1573000.9954231037,5315529.532895899,12516.363103692569,3.299538583529357,1572667.408503809,5315120.789776036,12032.726207385138,1573099.6852802616,5316047.810314714,12032.726207385138,1573334.5823423986,5315938.276015762,13000.0,1572902.3055659458,5315011.255477084,13000.0
1573433.2721995565,5316456.553434579,12516.363103692569,3.163865651461886,1573099.6852802616,5316047.810314714,12032.726207385138,1573531.9620567146,5316974.830853393,12032.726207385138,1573766.8591188514,5316865.296554441,13000.0,1573334.5823423986,5315938.276015762,13000.0
1573865.5489760092,5317383.573973257,12516.363103692569,2.682498408089854,1573531.9620567146,5316974.830853393,12032.726207385138,1573964.2388331671,5317901.851392072,12032.726207385138,1574199.1358953041,5317792.317093119,13000.0,1573766.8591188514,5316865.296554441,13000.0
1574297.8257524618,5318310.5945119355,12516.363103692569,1.82405884021665,1573964.2388331671,5317901.851392072,12032.726207385138,1574396.51560962,5318828.87193075,12032.726207385138,1574631.412671757,5318719.337631797,13000.0,1574199.1358953041,5317792.317093119,13000.0
1574730.1025289148,5319237.615050613,12516.363103692569,0.85024793339683,1574396.51560962,5318828.87193075,12032.726207385138,1574828.7923860727,5319755.8924694285,12032.726207385138,1575063.6894482095,5319646.358170476,13000.0,1574631.412671757,5318719.337631797,13000.0
1575162.3793053676,5320164.635589291,12516.363103692569,0.7635926538229575,1574828.7923860727,5319755.8924694285,12032.726207385138,1575261.0691625255,5320682.913008107,12032.726207385138,1575495.9662246625,5320573.378709155,13000.0,1575063.6894482095,5319646.358170476,13000.0
1575594.6560818201,5321091.65612797,12516.363103692569,0.5817213975465407,1575261.0691625255,5320682.913008107,12032.726207385138,1575693.3459389783,5321609.933546785,12032.726207385138,1575928.243001115,5321500.3992478335,13000.0,1575495.9662246625,5320573.378709155,13000.0
1576026.9328582732,5322018.676666648,12516.363103692569,0.28361017493852286,1575693.3459389783,5321609.933546785,12032.726207385138,1576125.6227154308,5322536.954085465,12032.726207385138,1576360.5197775678,5322427.419786512,13000.0,1575928.243001115,5321500.3992478335,13000.0
1576459.2096347257,5322945.6972053265,12516.363103692569,0.1652075746719603,1576125.6227154308,5322536.954085465,12032.726207385138,1576557.8994918838,5323463.974624143,12032.726207385138,1576792.7965540206,5323354.44032519,13000.0,1576360.5197775678,5322427.419786512,13000.0
1576891.4864111785,5323872.717744005,12516.363103692569,0.35419238164445777,1576557.8994918838,5323463.974624143,12032.726207385138,1576990.1762683364,5324390.995162821,12032.726207385138,1577225.0733304734,5324281.460863868,13000.0,1576792.7965540206,5323354.44032519,13000.0
1565454.9105090909,5298733.628900734,13483.636896307431,1.945580797710053,1565121.3235897962,5298324.88578087,13000.0,1565553.600366249,5299251.906319549,13000.0,1565788.4974283858,5299142.372020597,13967.273792614862,1565356.2206519332,5298215.351481918,13967.273792614862
1565887.187285544,5299660.649439413,13483.636896307431,1.358613566150875,1565553.600366249,5299251.906319549,13000.0,1565985.8771427018,5300178.926858228,13000.0,1566220.7742048386,5300069.392559275,13967.273792614862,1565788.4974283858,5299142.372020597,13967.273792614862
1566319.4640619964,5300587.6699780915,13483.636896307431,1.042235557033249,1565985.8771427018,5300178.926858228,13000.0,1566418.1539191545,5301105.947396906,13000.0,1566653.0509812916,5300996.413097953,13967.273792614862,1566220.7742048386,5300069.392559275,13967.273792614862
1566751.7408384492,5301514.690516769,13483.636896307431,2.4504422285377445,1566418.1539191545,5301105.947396906,13000.0,1566850.4306956073,5302032.9679355845,13000.0,1567085.3277577441,5301923.433636633,13967.273792614862,1566653.0509812916,5300996.413097953,13967.273792614862
1567184.0176149022,5302441.711055447,13483.636896307431,4.560168707045504,1566850.4306956073,5302032.9679355845,13000.0,1567282.70747206,5302959.988474263,13000.0,1567517.6045341971,5302850.454175311,13967.273792614862,1567085.3277577441,5301923.433636633,13967.273792614862
1567616.2943913548,5303368.731594126,13483.636896307431,4.9542693278986585,1567282.70747206,5302959.988474263,13000.0,1567714.984248513,5303887.009012942,13000.0,1567949.8813106497,5303777.4747139895,13967.273792614862,1567517.6045341971,5302850.454175311,13967.273792614862
1568048.5711678076,5304295.752132804,13483.636896307431,5.09132718508885,1567714.984248513,5303887.009012942,13000.0,1568147.2610249654,5304814.029551621,13000.0,1568382.1580871025,5304704.495252668,13967.273792614862,1567949.8813106497,5303777.4747139895,13967.273792614862
1568480.8479442603,5305222.7726714825,13483.636896307431,6.148569528188503,1568147.2610249654,5304814.029551621,13000.0,1568579.5378014185,5305741.050090299,13000.0,1568814.434863555,5305631.515791346,13967.273792614862,1568382.1580871025,5304704.495252668,13967.273792614862
1568913.1247207131,5306149.793210161,13483.636896307431,5.950831428306777,1568579.5378014185,5305741.050090299,13000.0,1569011.814577871,5306668.070628977,13000.0,1569246.711640008,5306558.536330025,13967.273792614862,1568814.434863555,5305631.515791346,13967.273792614862
1569345.4014971657,5307076.813748839,13483.636896307431,4.583159673553826,1569011.814577871,5306668.070628977,13000.0,1569444.0913543238,5307595.091167656,13000.0,1569678.9884164608,5307485.556868702,13967.273792614862,1569246.711640008,5306558.536330025,13967.273792614862
1569777.6782736187,5308003.834287518,13483.636896307431,2.9348120482932596,1569444.0913543238,5307595.091167656,13000.0,1569876.3681307763,5308522.111706334,13000.0,1570111.2651929134,5308412.5774073815,13967.273792614862,1569678.9884164608,5307485.556868702,13967.273792614862
1570209.9550500715,5308930.854826198,13483.636896307431,4.352476638067323,1569876.3681307763,5308522.111706334,13000.0,1570308.6449072293,5309449.1322450135,13000.0,1570543.5419693664,5309339.59794606,13967.273792614862,1570111.2651929134,5308412.5774073815,13967.273792614862
1570642.231826524,5309857.875364876,13483.636896307431,1.8280178772813844,1570308.6449072293,5309449.1322450135,13000.0,1570740.9216836821,5310376.152783691,13000.0,1570975.818745819,5310266.618484738,13967.273792614862,1570543.5419693664,5309339.59794606,13967.273792614862
1571074.508602977,5310784.895903555,13483.636896307431,2.0769168095660873,1570740.9216836821,5310376.152783691,13000.0,1571173.198460135,5311303.173322369,13000.0,1571408.0955222717,5311193.639023417,13967.273792614862,1570975.818745819,5310266.618484738,13967.273792614862
1571506.7853794296,5311711.916442233,13483.636896307431,1.6918708166833067,1571173.198460135,5311303.173322369,13000.0,1571605.4752365877,5312230.193861048,13000.0,1571840.3722987245,5312120.659562095,13967.273792614862,1571408.0955222717,5311193.639023417,13967.273792614862
1571939.0621558824,5312638.9369809115,13483.636896307431,1.522964045996225,1571605.4752365877,5312230.193861048,13000.0,1572037.7520130402,5313157.214399726,13000.0,1572272.6490751773,5313047.680100774,13967.273792614862,1571840.3722987245,5312120.659562095,13967.273792614862
1572371.3389323351,5313565.95751959,13483.636896307431,1.9329883053856503,1572037.7520130402,5313157.214399726,13000.0,1572470.028789493,5314084.2349384045,13000.0,1572704.9258516298,5313974.700639453,13967.273792614862,1572272.6490751773,5313047.680100774,13967.273792614862
1572803.615708788,5314492.978058268,13483.636896307431,2.918050926748185,1572470.028789493,5314084.2349384045,13000.0,1572902.3055659458,5315011.255477084,13000.0,1573137.2026280826,5314901.721178131,13967.273792614862,1572704.9258516298,5313974.700639453,13967.273792614862
1573235.8924852405,5315419.998596946,13483.636896307431,2.2408316078856703,1572902.3055659458,5315011.255477084,13000.0,1573334.5823423986,5315938.276015762,13000.0,1573569.4794045356,5315828.74171681,13967.273792614862,1573137.2026280826,5314901.721178131,13967.273792614862
1573668.1692616935,5316347.019135624,13483.636896307431,2.409547482914016,1573334.5823423986,5315938.276015762,13000.0,1573766.8591188514,5316865.296554441,13000.0,1574001.7561809882,5316755.762255488,13967.273792614862,1573569.4794045356,5315828.74171681,13967.273792614862
1574100.4460381463,5317274.039674303,13483.636896307431,1.8769772524633443,1573766.8591188514,5316865.296554441,13000.0,1574199.1358953041,5317792.317093119,13000.0,1574434.0329574412,5317682.782794167,13967.273792614862,1574001.7561809882,5316755.762255488,13967.273792614862
1574532.7228145988,5318201.060212982,13483.636896307431,1.4735621257994505,1574199.1358953041,5317792.317093119,13000.0,1574631.412671757,5318719.337631797,13000.0,1574866.3097338937,5318609.803332846,13967.273792614862,1574434.0329574412,5317682.782794167,13967.273792614862
1574964.9995910518,5319128.08075166,13483.636896307431,0.9857471779290934,1574631.412671757,5318719.337631797,13000.0,1575063.6894482095,5319646.358170476,13000.0,1575298.5865103465,5319536.823871524,13967.273792614862,1574866.3097338937,5318609.803332846,13967.273792614862
1575397.2763675044,5320055.101290339,13483.636896307431,0.7189753868384101,1575063.6894482095,5319646.358170476,13000.0,1575495.9662246625,5320573.378709155,13000.0,1575730.8632867993,5320463.844410202,13967.273792614862,1575298.5865103465,5319536.823871524,13967.273792614862
1575829.5531439572,5320982.121829018,13483.636896307431,0.46908548176772524,1575495.9662246625,5320573.378709155,13000.0,1575928.243001115,5321500.3992478335,13000.0,1576163.140063252,5321390.86494888,13967.273792614862,1575730.8632867993,5320463.844410202,13967.273792614862
1576261.82992041,5321909.142367696,13483.636896307431,0.20259351685076216,1575928.243001115,5321500.3992478335,13000.0,1576360.5197775678,5322427.419786512,13000.0,1576595.4168397048,5322317.885487558,13967.273792614862,1576163.140063252,5321390.86494888,13967.273792614862
1576694.1066968627,5322836.162906375,13483.636896307431,0.3060699767374566,1576360.5197775678,5322427.419786512,13000.0,1576792.7965540206,5323354.44032519,13000.0,1577027.6936161576,5323244.906026238,13967.273792614862,1576595.4168397048,5322317.885487558,13967.273792614862
1577126.3834733155,5323763.183445053,13483.636896307431,0.48277173941921775,1576792.7965540206,5323354.44032519,13000.0,1577225.0733304734,5324281.460863868,13000.0,1577459.9703926104,5324171.926564916,13967.273792614862,1577027.6936161576,5323244.906026238,13967.273792614862
1565689.807571228,5298624.09460178,14450.910688922291,2.018966687289855,1565356.2206519332,5298215.351481918,13967.273792614862,1565788.4974283858,5299142.372020597,13967.273792614862,1566023.3944905228,5299032.837721644,14934.547585229722,1565591.1177140702,5298105.817182966,14934.547585229722
1566122.084347681,5299551.115140459,14450.910688922291,1.9380611707412871,1565788.4974283858,5299142.372020597,13967.273792614862,1566220.7742048386,5300069.392559275,13967.273792614862,1566455.6712669756,5299959.858260322,14934.547585229722,1566023.3944905228,5299032.837721644,14934.547585229722
1566554.3611241335,5300478.135679137,14450.910688922291,1.4542366912656453,1566220.7742048386,5300069.392559275,13967.273792614862,1566653.0509812916,5300996.413097953,13967.273792614862,1566887.9480434281,5300886.878799002,14934.547585229722,1566455.6712669756,5299959.858260322,14934.547585229722
1566986.6379005862,5301405.156217817,14450.910688922291,2.124321495208877,1566653.0509812916,5300996.413097953,13967.273792614862,1567085.3277577441,5301923.433636633,13967.273792614862,1567320.2248198811,5301813.89933768,14934.547585229722,1566887.9480434281,5300886.878799002,14934.547585229722
1567418.914677039,5302332.176756496,14450.910688922291,3.5364857732347064,1567085.3277577441,5301923.433636633,13967.273792614862,1567517.6045341971,5302850.454175311,13967.273792614862,1567752.5015963337,5302740.9198763585,14934.547585229722,1567320.2248198811,5301813.89933768,14934.547585229722
1567851.1914534918,5303259.197295174,14450.910688922291,3.355971343049225,1567517.6045341971,5302850.454175311,13967.273792614862,1567949.8813106497,5303777.4747139895,13967.273792614862,1568184.7783727867,5303667.940415036,14934.547585229722,1567752.5015963337,5302740.9198763585,14934.547585229722
1568283.4682299444,5304186.217833852,14450.910688922291,4.2009049342420495,1567949.8813106497,5303777.4747139895,13967.273792614862,1568382.1580871025,5304704.495252668,13967.273792614862,1568617.0551492395,5304594.960953714,14934.547585229722,1568184.7783727867,5303667.940415036,14934.547585229722
1568715.7450063974,5305113.238372531,14450.910688922291,4.6802073053530595,1568382.1580871025,5304704.495252668,13967.273792614862,1568814.434863555,5305631.515791346,13967.273792614862,1569049.331925692,5305521.981492394,14934.547585229722,1568617.0551492395,5304594.960953714,14934.547585229722
1569148.0217828501,5306040.258911209,14450.910688922291,5.412595048426122,1568814.434863555,5305631.515791346,13967.273792614862,1569246.711640008,5306558.536330025,13967.273792614862,1569481.6087021448,5306449.002031072,14934.547585229722,1569049.331925692,5305521.981492394,14934.547585229722
1569580.2985593027,5306967.279449888,14450.910688922291,5.611091976496669,1569246.711640008,5306558.536330025,13967.273792614862,1569678.9884164608,5307485.556868702,13967.273792614862,1569913.8854785976,5307376.02256975,14934.547585229722,1569481.6087021448,5306449.002031072,14934.547585229722
1570012.5753357557,5307894.299988566,14450.910688922291,4.059892144543592,1569678.9884164608,5307485.556868702,13967.273792614862,1570111.2651929134,5308412.5774073815,13967.273792614862,1570346.1622550504,5308303.043108429,14934.547585229722,1569913.8854785976,5307376.02256975,14934.547585229722
1570444.8521122083,5308821.320527244,14450.910688922291,2.6410336091431574,1570111.2651929134,5308412.5774073815,13967.273792614862,1570543.5419693664,5309339.59794606,13967.273792614862,1570778.4390315032,5309230.063647107,14934.547585229722,1570346.1622550504,5308303.043108429,14934.547585229722
1570877.128888661,5309748.341065923,14450.910688922291,1.56904771963414,1570543.5419693664,5309339.59794606,13967.273792614862,1570975.818745819,5310266.618484738,13967.273792614862,1571210.715807956,5310157.084185787,14934.547585229722,1570778.4390315032,5309230.063647107,14934.547585229722
1571309.4056651138,5310675.361604602,14450.910688922291,2.001290292413787,1570975.818745819,5310266.618484738,13967.273792614862,1571408.0955222717,5311193.639023417,13967.273792614862,1571642.9925844085,5311084.104724465,14934.547585229722,1571210.715807956,5310157.084185787,14934.547585229722
1571741.6824415666,5311602.3821432805,14450.910688922291,1.3290343215357656,1571408.0955222717,5311193.639023417,13967.273792614862,1571840.3722987245,5312120.659562095,13967.273792614862,1572075.2693608613,5312011.125263143,14934.547585229722,1571642.9925844085,5311084.104724465,14934.547585229722
1572173.9592180192,5312529.402681958,14450.910688922291,1.1824635275869302,1571840.3722987245,5312120.659562095,13967.273792614862,1572272.6490751773,5313047.680100774,13967.273792614862,1572507.5461373143,5312938.145801822,14934.547585229722,1572075.2693608613,5312011.125263143,14934.547585229722
1572606.2359944722,5313456.423220637,14450.910688922291,1.3436022730233244,1572272.6490751773,5313047.680100774,13967.273792614862,1572704.9258516298,5313974.700639453,13967.273792614862,1572939.8229137668,5313865.1663405,14934.547585229722,1572507.5461373143,5312938.145801822,14934.547585229722
1573038.5127709247,5314383.443759316,14450.910688922291,1.7375802266410088,1572704.9258516298,5313974.700639453,13967.273792614862,1573137.2026280826,5314901.721178131,13967.273792614862,1573372.0996902196,5314792.1868791785,14934.547585229722,1572939.8229137668,5313865.1663405,14934.547585229722
1573470.7895473775,5315310.464297994,14450.910688922291,1.795616726289209,1573137.2026280826,5314901.721178131,13967.273792614862,1573569.4794045356,5315828.74171681,13967.273792614862,1573804.3764666724,5315719.207417857,14934.547585229722,1573372.0996902196,5314792.1868791785,14934.547585229722
1573903.0663238305,5316237.484836672,14450.910688922291,1.4847133159778476,1573569.4794045356,5315828.74171681,13967.273792614862,1574001.7561809882,5316755.762255488,13967.273792614862,1574236.6532431252,5316646.227956536,14934.547585229722,1573804.3764666724,5315719.207417857,14934.547585229722
1574335.343100283,5317164.505375351,14450.910688922291,1.4619491212245357,1574001.7561809882,5316755.762255488,13967.273792614862,1574434.0329574412,5317682.782794167,13967.273792614862,1574668.9300195777,5317573.248495214,14934.547585229722,1574236.6532431252,5316646.227956536,14934.547585229722
1574767.6198767358,5318091.525914029,14450.910688922291,1.5662563785220969,1574434.0329574412,5317682.782794167,13967.273792614862,1574866.3097338937,5318609.803332846,13967.273792614862,1575101.2067960307,5318500.269033892,14934.547585229722,1574668.9300195777,5317573.248495214,14934.547585229722
1575199.8966531886,5319018.546452708,14450.910688922291,0.9452978197017335,1574866.3097338937,5318609.803332846,13967.273792614862,1575298.5865103465,5319536.823871524,13967.273792614862,1575533.4835724835,5319427.2895725705,14934.547585229722,1575101.2067960307,5318500.269033892,14934.547585229722
1575632.1734296414,5319945.566991386,14450.910688922291,0.6608787955801726,1575298.5865103465,5319536.823871524,13967.273792614862,1575730.8632867993,5320463.844410202,13967.273792614862,1575965.760348936,5320354.310111249,14934.547585229722,1575533.4835724835,5319427.2895725705,14934.547585229722
1576064.4502060942,5320872.587530064,14450.910688922291,0.500205802180863,1575730.8632867993,5320463.844410202,13967.273792614862,1576163.140063252,5321390.86494888,13967.273792614862,1576398.037125389,5321281.330649928,14934.547585229722,1575965.760348936,5320354.310111249,14934.547585229722
1576496.726982547,5321799.608068744,14450.910688922291,0.3797243340120937,1576163.140063252,5321390.86494888,13967.273792614862,1576595.4168397048,5322317.885487558,13967.273792614862,1576830.3139018416,5322208.351188607,14934.547585229722,1576398.037125389,5321281.330649928,14934.547585229722
1576929.0037589998,5322726.628607423,14450.910688922291,0.5102918798634553,1576595.4168397048,5322317.885487558,13967.273792614862,1577027.6936161576,5323244.906026238,13967.273792614862,1577262.5906782947,5323135.371727285,14934.547585229722,1576830.3139018416,5322208.351188607,14934.547585229722
1577361.2805354523,5323653.649146101,14450.910688922291,0.5757600332536429,1577027.6936161576,5323244.906026238,13967.273792614862,1577459.9703926104,5324171.926564916,13967.273792614862,1577694.8674547472,5324062.392265963,14934.547585229722,1577262.5906782947,5323135.371727285,14934.547585229722
1565924.704633365,5298514.560302828,15418.184481537153,3.10946203602093,1565591.1177140702,5298105.817182966,14934.547585229722,1566023.3944905228,5299032.837721644,14934.547585229722,1566258.2915526598,5298923.303422692,15901.821377844582,1565826.0147762068,5297996.282884014,15901.821377844582
1566356.9814098177,5299441.580841507,15418.184481537153,2.552007691057579,1566023.3944905228,5299032.837721644,14934.547585229722,1566455.6712669756,5299959.858260322,14934.547585229722,1566690.5683291124,5299850.32396137,15901.821377844582,1566258.2915526598,5298923.303422692,15901.821377844582
1566789.2581862703,5300368.601380185,15418.184481537153,2.3023535716662296,1566455.6712669756,5299959.858260322,14934.547585229722,1566887.9480434281,5300886.878799002,14934.547585229722,1567122.8451055652,5300777.344500048,15901.821377844582,1566690.5683291124,5299850.32396137,15901.821377844582
1567221.534962723,5301295.621918864,15418.184481537153,2.06726225647779,1566887.9480434281,5300886.878799002,14934.547585229722,1567320.2248198811,5301813.89933768,14934.547585229722,1567555.1218820182,5301704.3650387265,15901.821377844582,1567122.8451055652,5300777.344500048,15901.821377844582
1567653.811739176,5302222.642457542,15418.184481537153,2.375662338581248,1567320.2248198811,5301813.89933768,14934.547585229722,1567752.5015963337,5302740.9198763585,14934.547585229722,1567987.3986584707,5302631.385577405,15901.821377844582,1567555.1218820182,5301704.3650387265,15901.821377844582
1568086.0885156288,5303149.66299622,15418.184481537153,3.4476441880783444,1567752.5015963337,5302740.9198763585,14934.547585229722,1568184.7783727867,5303667.940415036,14934.547585229722,1568419.6754349235,5303558.406116084,15901.821377844582,1567987.3986584707,5302631.385577405,15901.821377844582
1568518.3652920814,5304076.6835349,15418.184481537153,4.7916507366483385,1568184.7783727867,5303667.940415036,14934.547585229722,1568617.0551492395,5304594.960953714,14934.547585229722,1568851.9522113763,5304485.426654763,15901.821377844582,1568419.6754349235,5303558.406116084,15901.821377844582
1568950.6420685344,5305003.704073578,15418.184481537153,4.764233053488231,1568617.0551492395,5304594.960953714,14934.547585229722,1569049.331925692,5305521.981492394,14934.547585229722,1569284.228987829,5305412.447193441,15901.821377844582,1568851.9522113763,5304485.426654763,15901.821377844582
1569382.9188449867,5305930.724612257,15418.184481537153,5.113353686421,1569049.331925692,5305521.981492394,14934.547585229722,1569481.6087021448,5306449.002031072,14934.547585229722,1569716.5057642816,5306339.467732119,15901.821377844582,1569284.228987829,5305412.447193441,15901.821377844582
1569815.1956214397,5306857.745150936,15418.184481537153,5.555263999742457,1569481.6087021448,5306449.002031072,14934.547585229722,1569913.8854785976,5307376.02256975,14934.547585229722,1570148.7825407344,5307266.488270798,15901.821377844582,1569716.5057642816,5306339.467732119,15901.821377844582
1570247.4723978925,5307784.765689614,15418.184481537153,3.534751049484611,1569913.8854785976,5307376.02256975,14934.547585229722,1570346.1622550504,5308303.043108429,14934.547585229722,1570581.0593171872,5308193.508809476,15901.821377844582,1570148.7825407344,5307266.488270798,15901.821377844582
1570679.7491743453,5308711.786228292,15418.184481537153,1.7723907916237738,1570346.1622550504,5308303.043108429,14934.547585229722,1570778.4390315032,5309230.063647107,14934.547585229722,1571013.33609364,5309120.5293481555,15901.821377844582,1570581.0593171872,5308193.508809476,15901.821377844582
1571112.0259507978,5309638.80676697,15418.184481537153,1.0825623474968566,1570778.4390315032,5309230.063647107,14934.547585229722,1571210.715807956,5310157.084185787,14934.547585229722,1571445.612870093,5310047.549886834,15901.821377844582,1571013.33609364,5309120.5293481555,15901.821377844582
1571544.3027272508,5310565.8273056485,15418.184481537153,0.997143759305029,1571210.715807956,5310157.084185787,14934.547585229722,1571642.9925844085,5311084.104724465,14934.547585229722,1571877.8896465455,5310974.570425512,15901.821377844582,1571445.612870093,5310047.549886834,15901.821377844582
1571976.5795037034,5311492.847844327,15418.184481537153,0.9901428547143103,1571642.9925844085,5311084.104724465,14934.547585229722,1572075.2693608613,5312011.125263143,14934.547585229722,1572310.1664229983,5311901.590964191,15901.821377844582,1571877.8896465455,5310974.570425512,15901.821377844582
1572408.8562801562,5312419.868383005,15418.184481537153,0.9707819888874313,1572075.2693608613,5312011.125263143,14934.547585229722,1572507.5461373143,5312938.145801822,14934.547585229722,1572742.443199451,5312828.611502869,15901.821377844582,1572310.1664229983,5311901.590964191,15901.821377844582
1572841.1330566092,5313346.888921684,15418.184481537153,0.9166334102212674,1572507.5461373143,5312938.145801822,14934.547585229722,1572939.8229137668,5313865.1663405,14934.547585229722,1573174.7199759039,5313755.632041547,15901.821377844582,1572742.443199451,5312828.611502869,15901.821377844582
1573273.4098330615,5314273.909460363,15418.184481537153,0.9995293462647,1572939.8229137668,5313865.1663405,14934.547585229722,1573372.0996902196,5314792.1868791785,14934.547585229722,1573606.9967523564,5314682.652580226,15901.821377844582,1573174.7199759039,5313755.632041547,15901.821377844582
1573705.6866095145,5315200.929999041,15418.184481537153,1.1386445822912936,1573372.0996902196,5314792.1868791785,14934.547585229722,1573804.3764666724,5315719.207417857,14934.547585229722,1574039.2735288092,5315609.673118904,15901.821377844582,1573606.9967523564,5314682.652580226,15901.821377844582
1574137.9633859673,5316127.950537721,15418.184481537153,0.875331065591532,1573804.3764666724,5315719.207417857,14934.547585229722,1574236.6532431252,5316646.227956536,14934.547585229722,1574471.5503052622,5316536.693657583,15901.821377844582,1574039.2735288092,5315609.673118904,15901.821377844582
1574570.2401624199,5317054.971076399,15418.184481537153,0.9639344587980136,1574236.6532431252,5316646.227956536,14934.547585229722,1574668.9300195777,5317573.248495214,14934.547585229722,1574903.8270817148,5317463.714196261,15901.821377844582,1574471.5503052622,5316536.693657583,15901.821377844582
1575002.5169388729,5317981.9916150775,15418.184481537153,0.8596322094351352,1574668.9300195777,5317573.248495214,14934.547585229722,1575101.2067960307,5318500.269033892,14934.547585229722,1575336.1038581678,5318390.734734939,15901.821377844582,1574903.8270817148,5317463.714196261,15901.821377844582
1575434.7937153256,5318909.012153756,15418.184481537153,0.8354514950572984,1575101.2067960307,5318500.269033892,14934.547585229722,1575533.4835724835,5319427.2895725705,14934.547585229722,1575768.3806346203,5319317.755273619,15901.821377844582,1575336.1038581678,5318390.734734939,15901.821377844582
1575867.0704917782,5319836.032692434,15418.184481537153,0.675550183324333,1575533.4835724835,5319427.2895725705,14934.547585229722,1575965.760348936,5320354.310111249,14934.547585229722,1576200.657411073,5320244.775812297,15901.821377844582,1575768.3806346203,5319317.755273619,15901.821377844582
1576299.347268231,5320763.053231113,15418.184481537153,0.4511671843204132,1575965.760348936,5320354.310111249,14934.547585229722,1576398.037125389,5321281.330649928,14934.547585229722,1576632.9341875257,5321171.7963509755,15901.821377844582,1576200.657411073,5320244.775812297,15901.821377844582
1576731.624044684,5321690.073769791,15418.184481537153,0.5284957402938598,1576398.037125389,5321281.330649928,14934.547585229722,1576830.3139018416,5322208.351188607,14934.547585229722,1577065.2109639787,5322098.816889654,15901.821377844582,1576632.9341875257,5321171.7963509755,15901.821377844582
1577163.9008211365,5322617.0943084685,15418.184481537153,0.5401518276555746,1576830.3139018416,5322208.351188607,14934.547585229722,1577262.5906782947,5323135.371727285,14934.547585229722,1577497.4877404312,5323025.837428332,15901.821377844582,1577065.2109639787,5322098.816889654,15901.821377844582
1577596.1775975893,5323544.114847147,15418.184481537153,0.5769002728268643,1577262.5906782947,5323135.371727285,14934.547585229722,1577694.8674547472,5324062.392265963,14934.547585229722,1577929.7645168842,5323952.857967012,15901.821377844582,1577497.4877404312,5323025.837428332,15901.821377844582
1566159.6016955017,5298405.026003877,16385.458274152013,1.803339347058323,1565826.0147762068,5297996.282884014,15901.821377844582,1566258.2915526598,5298923.303422692,15901.821377844582,1566493.1886147966,5298813.769123739,16869.095170459444,1566060.9118383438,5297886.74858506,16869.095170459444
1566591.8784719547,5299332.046542555,16385.458274152013,1.741199125073966,1566258.2915526598,5298923.303422692,15901.821377844582,1566690.5683291124,5299850.32396137,15901.821377844582,1566925.4653912494,5299740.789662417,16869.095170459444,1566493.1886147966,5298813.769123739,16869.095170459444
1567024.1552484073,5300259.0670812335,16385.458274152013,1.7429169571081942,1566690.5683291124,5299850.32396137,15901.821377844582,1567122.8451055652,5300777.344500048,15901.821377844582,1567357.7421677022,5300667.810201095,16869.095170459444,1566925.4653912494,5299740.789662417,16869.095170459444
1567456.43202486,5301186.087619912,16385.458274152013,1.812743171139862,1567122.8451055652,5300777.344500048,15901.821377844582,1567555.1218820182,5301704.3650387265,15901.821377844582,1567790.018944155,5301594.830739775,16869.095170459444,1567357.7421677022,5300667.810201095,16869.095170459444
1567888.708801313,5302113.10815859,16385.458274152013,2.89950260632788,1567555.1218820182,5301704.3650387265,15901.821377844582,1567987.3986584707,5302631.385577405,15901.821377844582,1568222.2957206077,5302521.851278453,16869.095170459444,1567790.018944155,5301594.830739775,16869.095170459444
1568320.9855777654,5303040.128697269,16385.458274152013,3.8662706172315904,1567987.3986584707,5302631.385577405,15901.821377844582,1568419.6754349235,5303558.406116084,15901.821377844582,1568654.5724970603,5303448.8718171315,16869.095170459444,1568222.2957206077,5302521.851278453,16869.095170459444
1568753.2623542184,5303967.149235947,16385.458274152013,5.582464088821071,1568419.6754349235,5303558.406116084,15901.821377844582,1568851.9522113763,5304485.426654763,15901.821377844582,1569086.849273513,5304375.89235581,16869.095170459444,1568654.5724970603,5303448.8718171315,16869.095170459444
1569185.5391306712,5304894.1697746245,16385.458274152013,6.006409825687451,1568851.9522113763,5304485.426654763,15901.821377844582,1569284.228987829,5305412.447193441,15901.821377844582,1569519.1260499659,5305302.912894488,16869.095170459444,1569086.849273513,5304375.89235581,16869.095170459444
1569617.8159071237,5305821.190313303,16385.458274152013,6.041757641442323,1569284.228987829,5305412.447193441,15901.821377844582,1569716.5057642816,5306339.467732119,15901.821377844582,1569951.4028264186,5306229.933433167,16869.095170459444,1569519.1260499659,5305302.912894488,16869.095170459444
1570050.0926835765,5306748.210851981,16385.458274152013,5.436630482201126,1569716.5057642816,5306339.467732119,15901.821377844582,1570148.7825407344,5307266.488270798,15901.821377844582,1570383.6796028714,5307156.953971846,16869.095170459444,1569951.4028264186,5306229.933433167,16869.095170459444
1570482.3694600295,5307675.231390661,16385.458274152013,3.4721410631706195,1570148.7825407344,5307266.488270798,15901.821377844582,1570581.0593171872,5308193.508809476,15901.821377844582,1570815.9563793242,5308083.974510524,16869.095170459444,1570383.6796028714,5307156.953971846,16869.095170459444
1570914.646236482,5308602.25192934,16385.458274152013,1.3476980095205868,1570581.0593171872,5308193.508809476,15901.821377844582,1571013.33609364,5309120.5293481555,15901.821377844582,1571248.233155777,5309010.995049203,16869.095170459444,1570815.9563793242,5308083.974510524,16869.095170459444
1571346.9230129349,5309529.272468018,16385.458274152013,0.8353951273890078,1571013.33609364,5309120.5293481555,15901.821377844582,1571445.612870093,5310047.549886834,15901.821377844582,1571680.5099322295,5309938.01558788,16869.095170459444,1571248.233155777,5309010.995049203,16869.095170459444
1571779.1997893879,5310456.293006697,16385.458274152013,0.7627553303090306,1571445.612870093,5310047.549886834,15901.821377844582,1571877.8896465455,5310974.570425512,15901.821377844582,1572112.7867086825,5310865.036126559,16869.095170459444,1571680.5099322295,5309938.01558788,16869.095170459444
1572211.4765658402,5311383.313545375,16385.458274152013,0.846045597950675,1571877.8896465455,5310974.570425512,15901.821377844582,1572310.1664229983,5311901.590964191,15901.821377844582,1572545.063485135,5311792.056665238,16869.095170459444,1572112.7867086825,5310865.036126559,16869.095170459444
1572643.7533422932,5312310.3340840535,16385.458274152013,0.8123717780161452,1572310.1664229983,5311901.590964191,15901.821377844582,1572742.443199451,5312828.611502869,15901.821377844582,1572977.3402615879,5312719.077203916,16869.095170459444,1572545.063485135,5311792.056665238,16869.095170459444
1573076.030118746,5313237.354622732,16385.458274152013,0.7370238372339527,1572742.443199451,5312828.611502869,15901.821377844582,1573174.7199759039,5313755.632041547,15901.821377844582,1573409.617038041,5313646.097742595,16869.095170459444,1572977.3402615879,5312719.077203916,16869.095170459444
1573508.3068951985,5314164.37516141,16385.458274152013,0.9118400745170566,1573174.7199759039,5313755.632041547,15901.821377844582,1573606.9967523564,5314682.652580226,15901.821377844582,1573841.8938144934,5314573.118281273,16869.095170459444,1573409.617038041,5313646.097742595,16869.095170459444
1573940.5836716515,5315091.395700089,16385.458274152013,0.7855418763743244,1573606.9967523564,5314682.652580226,15901.821377844582,1574039.2735288092,5315609.673118904,15901.821377844582,1574274.1705909462,5315500.138819952,16869.095170459444,1573841.8938144934,5314573.118281273,16869.095170459444
1574372.8604481043,5316018.416238767,16385.458274152013,0.5648993640054831,1574039.2735288092,5315609.673118904,15901.821377844582,1574471.5503052622,5316536.693657583,15901.821377844582,1574706.447367399,5316427.159358631,16869.095170459444,1574274.1705909462,5315500.138819952,16869.095170459444
1574805.1372245569,5316945.436777446,16385.458274152013,0.5616960622063137,1574471.5503052622,5316536.693657583,15901.821377844582,1574903.8270817148,5317463.714196261,15901.821377844582,1575138.7241438518,5317354.179897309,16869.095170459444,1574706.447367399,5316427.159358631,16869.095170459444
1575237.4140010097,5317872.457316125,16385.458274152013,0.6095699445273762,1574903.8270817148,5317463.714196261,15901.821377844582,1575336.1038581678,5318390.734734939,15901.821377844582,1575571.0009203043,5318281.200435988,16869.095170459444,1575138.7241438518,5317354.179897309,16869.095170459444
1575669.6907774627,5318799.477854802,16385.458274152013,0.5468552980654522,1575336.1038581678,5318390.734734939,15901.821377844582,1575768.3806346203,5319317.755273619,15901.821377844582,1576003.2776967573,5319208.220974666,16869.095170459444,1575571.0009203043,5318281.200435988,16869.095170459444
1576101.967553915,5319726.498393482,16385.458274152013,0.5178290992321257,1575768.3806346203,5319317.755273619,15901.821377844582,1576200.657411073,5320244.775812297,15901.821377844582,1576435.55447321,5320135.241513344,16869.095170459444,1576003.2776967573,5319208.220974666,16869.095170459444
1576534.244330368,5320653.51893216,16385.458274152013,0.31170175570722336,1576200.657411073,5320244.775812297,15901.821377844582,1576632.9341875257,5321171.7963509755,15901.821377844582,1576867.8312496627,5321062.262052023,16869.095170459444,1576435.55447321,5320135.241513344,16869.095170459444
1576966.5211068206,5321580.539470838,16385.458274152013,0.3107591522991974,1576632.9341875257,5321171.7963509755,15901.821377844582,1577065.2109639787,5322098.816889654,15901.821377844582,1577300.1080261155,5321989.282590701,16869.095170459444,1576867.8312496627,5321062.262052023,16869.095170459444
1577398.7978832733,5322507.560009517,16385.458274152013,0.3830163838324159,1577065.2109639787,5322098.816889654,15901.821377844582,1577497.4877404312,5323025.837428332,15901.821377844582,1577732.3848025682,5322916.303129381,16869.095170459444,1577300.1080261155,5321989.282590701,16869.095170459444
1577831.0746597263,5323434.580548195,16385.458274152013,0.5070162959355228,1577497.4877404312,5323025.837428332,15901.821377844582,1577929.7645168842,5323952.857967012,15901.821377844582,1578164.661579021,5323843.323668058,16869.095170459444,1577732.3848025682,5322916.303129381,16869.095170459444
1566394.4987576387,5298295.491704923,17352.732066766876,1.4989032241577747,1566060.9118383438,5297886.74858506,16869.095170459444,1566493.1886147966,5298813.769123739,16869.095170459444,1566728.0856769334,5298704.234824786,17836.368963074307,1566295.8089004809,5297777.214286108,17836.368963074307
1566826.7755340913,5299222.5122436015,17352.732066766876,1.694151834699959,1566493.1886147966,5298813.769123739,16869.095170459444,1566925.4653912494,5299740.789662417,16869.095170459444,1567160.3624533862,5299631.255363465,17836.368963074307,1566728.0856769334,5298704.234824786,17836.368963074307
1567259.052310544,5300149.532782281,17352.732066766876,1.8589760771862174,1566925.4653912494,5299740.789662417,16869.095170459444,1567357.7421677022,5300667.810201095,16869.095170459444,1567592.639229839,5300558.275902144,17836.368963074307,1567160.3624533862,5299631.255363465,17836.368963074307
1567691.329086997,5301076.553320959,17352.732066766876,1.860465469461537,1567357.7421677022,5300667.810201095,16869.095170459444,1567790.018944155,5301594.830739775,16869.095170459444,1568024.9160062918,5301485.296440822,17836.368963074307,1567592.639229839,5300558.275902144,17836.368963074307
1568123.6058634499,5302003.573859638,17352.732066766876,3.012478359077295,1567790.018944155,5301594.830739775,16869.095170459444,1568222.2957206077,5302521.851278453,16869.095170459444,1568457.1927827445,5302412.3169795,17836.368963074307,1568024.9160062918,5301485.296440822,17836.368963074307
1568555.8826399024,5302930.594398316,17352.732066766876,4.39686003376416,1568222.2957206077,5302521.851278453,16869.095170459444,1568654.5724970603,5303448.8718171315,16869.095170459444,1568889.4695591973,5303339.337518179,17836.368963074307,1568457.1927827445,5302412.3169795,17836.368963074307
1568988.1594163552,5303857.614936994,17352.732066766876,6.120653979195317,1568654.5724970603,5303448.8718171315,16869.095170459444,1569086.849273513,5304375.89235581,16869.095170459444,1569321.74633565,5304266.358056858,17836.368963074307,1568889.4695591973,5303339.337518179,17836.368963074307
1569420.4361928082,5304784.635475673,17352.732066766876,7.158983250032538,1569086.849273513,5304375.89235581,16869.095170459444,1569519.1260499659,5305302.912894488,16869.095170459444,1569754.0231121029,5305193.378595537,17836.368963074307,1569321.74633565,5304266.358056858,17836.368963074307
1569852.7129692608,5305711.656014351,17352.732066766876,6.804833952340543,1569519.1260499659,5305302.912894488,16869.095170459444,1569951.4028264186,5306229.933433167,16869.095170459444,1570186.2998885557,5306120.399134214,17836.368963074307,1569754.0231121029,5305193.378595537,17836.368963074307
1570284.9897457135,5306638.67655303,17352.732066766876,5.871581329846403,1569951.4028264186,5306229.933433167,16869.095170459444,1570383.6796028714,5307156.953971846,16869.095170459444,1570618.5766650082,5307047.419672892,17836.368963074307,1570186.2998885557,5306120.399134214,17836.368963074307
1570717.266522166,5307565.697091708,17352.732066766876,3.6186608048494735,1570383.6796028714,5307156.953971846,16869.095170459444,1570815.9563793242,5308083.974510524,16869.095170459444,1571050.853441461,5307974.440211571,17836.368963074307,1570618.5766650082,5307047.419672892,17836.368963074307
1571149.5432986189,5308492.717630386,17352.732066766876,1.252702905603886,1570815.9563793242,5308083.974510524,16869.095170459444,1571248.233155777,5309010.995049203,16869.095170459444,1571483.1302179138,5308901.46075025,17836.368963074307,1571050.853441461,5307974.440211571,17836.368963074307
1571581.8200750719,5309419.738169066,17352.732066766876,0.758541585500106,1571248.233155777,5309010.995049203,16869.095170459444,1571680.5099322295,5309938.01558788,16869.095170459444,1571915.4069943666,5309828.481288929,17836.368963074307,1571483.1302179138,5308901.46075025,17836.368963074307
1572014.0968515247,5310346.758707744,17352.732066766876,0.596065485620636,1571680.5099322295,5309938.01558788,16869.095170459444,1572112.7867086825,5310865.036126559,16869.095170459444,1572347.6837708196,5310755.501827607,17836.368963074307,1571915.4069943666,5309828.481288929,17836.368963074307
1572446.3736279772,5311273.779246422,17352.732066766876,0.6806952737284271,1572112.7867086825,5310865.036126559,16869.095170459444,1572545.063485135,5311792.056665238,16869.095170459444,1572779.960547272,5311682.522366285,17836.368963074307,1572347.6837708196,5310755.501827607,17836.368963074307
1572878.6504044302,5312200.799785102,17352.732066766876,0.741259814539496,1572545.063485135,5311792.056665238,16869.095170459444,1572977.3402615879,5312719.077203916,16869.095170459444,1573212.237323725,5312609.542904964,17836.368963074307,1572779.960547272,5311682.522366285,17836.368963074307
1573310.9271808825,5313127.82032378,17352.732066766876,0.6494259000952285,1572977.3402615879,5312719.077203916,16869.095170459444,1573409.617038041,5313646.097742595,16869.095170459444,1573644.5141001774,5313536.563443642,17836.368963074307,1573212.237323725,5312609.542904964,17836.368963074307
1573743.2039573356,5314054.840862459,17352.732066766876,0.5082764348524952,1573409.617038041,5313646.097742595,16869.095170459444,1573841.8938144934,5314573.118281273,16869.095170459444,1574076.7908766305,5314463.5839823205,17836.368963074307,1573644.5141001774,5313536.563443642,17836.368963074307
1574175.4807337883,5314981.861401136,17352.732066766876,0.5438100120577237,1573841.8938144934,5314573.118281273,16869.095170459444,1574274.1705909462,5315500.138819952,16869.095170459444,1574509.067653083,5315390.604521,17836.368963074307,1574076.7908766305,5314463.5839823205,17836.368963074307
1574607.7575102414,5315908.881939814,17352.732066766876,0.4123824122160728,1574274.1705909462,5315500.138819952,16869.095170459444,1574706.447367399,5316427.159358631,16869.095170459444,1574941.344429536,5316317.625059678,17836.368963074307,1574509.067653083,5315390.604521,17836.368963074307
1575040.0342866937,5316835.902478493,17352.732066766876,0.3540587263480907,1574706.447367399,5316427.159358631,16869.095170459444,1575138.7241438518,5317354.179897309,16869.095170459444,1575373.6212059886,5317244.645598357,17836.368963074307,1574941.344429536,5316317.625059678,17836.368963074307
1575472.3110631467,5317762.923017171,17352.732066766876,0.33273274041203,1575138.7241438518,5317354.179897309,16869.095170459444,1575571.0009203043,5318281.200435988,16869.095170459444,1575805.8979824414,5318171.666137035,17836.368963074307,1575373.6212059886,5317244.645598357,17836.368963074307
1575904.5878395992,5318689.94355585,17352.732066766876,0.19257329419379524,1575571.0009203043,5318281.200435988,16869.095170459444,1576003.2776967573,5319208.220974666,16869.095170459444,1576238.1747588941,5319098.686675713,17836.368963074307,1575805.8979824414,5318171.666137035,17836.368963074307
1576336.864616052,5319616.964094528,17352.732066766876,0.26725622634928753,1576003.2776967573,5319208.220974666,16869.095170459444,1576435.55447321,5320135.241513344,16869.095170459444,1576670.451535347,5320025.707214392,17836.368963074307,1576238.1747588941,5319098.686675713,17836.368963074307
1576769.141392505,5320543.984633207,17352.732066766876,0.18047700205599057,1576435.55447321,5320135.241513344,16869.095170459444,1576867.8312496627,5321062.262052023,16869.095170459444,1577102.7283117997,5320952.72775307,17836.368963074307,1576670.451535347,5320025.707214392,17836.368963074307
1577201.4181689573,5321471.005171886,17352.732066766876,0.18309238922870047,1576867.8312496627,5321062.262052023,16869.095170459444,1577300.1080261155,5321989.282590701,16869.095170459444,1577535.0050882522,5321879.748291749,17836.368963074307,1577102.7283117997,5320952.72775307,17836.368963074307
1577633.6949454104,5322398.025710565,17352.732066766876,0.24605225260674313,1577300.1080261155,5321989.282590701,16869.095170459444,1577732.3848025682,5322916.303129381,16869.095170459444,1577967.2818647053,5322806.768830427,17836.368963074307,1577535.0050882522,5321879.748291749,17836.368963074307
1578065.9717218631,5323325.046249243,17352.732066766876,0.42196283100033616,1577732.3848025682,5322916.303129381,16869.095170459444,1578164.661579021,5323843.323668058,16869.095170459444,1578399.5586411578,5323733.789369105,17836.368963074307,1577967.2818647053,5322806.768830427,17836.368963074307
1566629.395819775,5298185.95740597,18320.005859381738,1.5722510809925345,1566295.8089004809,5297777.214286108,17836.368963074307,1566728.0856769334,5298704.234824786,17836.368963074307,1566962.9827390695,5298594.700525834,18803.642755689165,1566530.7059626167,5297667.679987156,18803.642755689165
1567061.6725962276,5299112.977944649,18320.005859381738,1.1986021233282074,1566728.0856769334,5298704.234824786,17836.368963074307,1567160.3624533862,5299631.255363465,17836.368963074307,1567395.2595155225,5299521.721064513,18803.642755689165,1566962.9827390695,5298594.700525834,18803.642755689165
1567493.9493726806,5300039.998483327,18320.005859381738,1.8810820429976434,1567160.3624533862,5299631.255363465,17836.368963074307,1567592.639229839,5300558.275902144,17836.368963074307,1567827.536291975,5300448.741603192,18803.642755689165,1567395.2595155225,5299521.721064513,18803.642755689165
1567926.2261491336,5300967.019022007,18320.005859381738,1.9047762875041112,1567592.639229839,5300558.275902144,17836.368963074307,1568024.9160062918,5301485.296440822,17836.368963074307,1568259.813068428,5301375.76214187,18803.642755689165,1567827.536291975,5300448.741603192,18803.642755689165
1568358.5029255862,5301894.039560685,18320.005859381738,1.826626821291853,1568024.9160062918,5301485.296440822,17836.368963074307,1568457.1927827445,5302412.3169795,17836.368963074307,1568692.0898448806,5302302.782680549,18803.642755689165,1568259.813068428,5301375.76214187,18803.642755689165
1568790.779702039,5302821.060099363,18320.005859381738,3.611336678845604,1568457.1927827445,5302412.3169795,17836.368963074307,1568889.4695591973,5303339.337518179,17836.368963074307,1569124.3666213334,5303229.803219226,18803.642755689165,1568692.0898448806,5302302.782680549,18803.642755689165
1569223.0564784915,5303748.080638042,18320.005859381738,6.3493301159566835,1568889.4695591973,5303339.337518179,17836.368963074307,1569321.74633565,5304266.358056858,17836.368963074307,1569556.643397786,5304156.823757905,18803.642755689165,1569124.3666213334,5303229.803219226,18803.642755689165
1569655.3332549443,5304675.101176721,18320.005859381738,7.209802435365668,1569321.74633565,5304266.358056858,17836.368963074307,1569754.0231121029,5305193.378595537,17836.368963074307,1569988.920174239,5305083.844296584,18803.642755689165,1569556.643397786,5304156.823757905,18803.642755689165
1570087.610031397,5305602.121715399,18320.005859381738,7.664741362593803,1569754.0231121029,5305193.378595537,17836.368963074307,1570186.2998885557,5306120.399134214,17836.368963074307,1570421.1969506918,5306010.864835262,18803.642755689165,1569988.920174239,5305083.844296584,18803.642755689165
1570519.8868078499,5306529.142254078,18320.005859381738,6.65429825843349,1570186.2998885557,5306120.399134214,17836.368963074307,1570618.5766650082,5307047.419672892,17836.368963074307,1570853.4737271443,5306937.885373941,18803.642755689165,1570421.1969506918,5306010.864835262,18803.642755689165
1570952.1635843024,5307456.162792756,18320.005859381738,2.9741312893583953,1570618.5766650082,5307047.419672892,17836.368963074307,1571050.853441461,5307974.440211571,17836.368963074307,1571285.750503597,5307864.905912619,18803.642755689165,1570853.4737271443,5306937.885373941,18803.642755689165
1571384.4403607554,5308383.183331435,18320.005859381738,1.28724773326015,1571050.853441461,5307974.440211571,17836.368963074307,1571483.1302179138,5308901.46075025,17836.368963074307,1571718.0272800499,5308791.9264512975,18803.642755689165,1571285.750503597,5307864.905912619,18803.642755689165
1571816.7171372082,5309310.203870113,18320.005859381738,0.8431396850803584,1571483.1302179138,5308901.46075025,17836.368963074307,1571915.4069943666,5309828.481288929,17836.368963074307,1572150.3040565026,5309718.946989976,18803.642755689165,1571718.0272800499,5308791.9264512975,18803.642755689165
1572248.9939136608,5310237.224408791,18320.005859381738,0.6538204887027834,1571915.4069943666,5309828.481288929,17836.368963074307,1572347.6837708196,5310755.501827607,17836.368963074307,1572582.5808329554,5310645.967528655,18803.642755689165,1572150.3040565026,5309718.946989976,18803.642755689165
1572681.2706901138,5311164.24494747,18320.005859381738,0.6199299605848168,1572347.6837708196,5310755.501827607,17836.368963074307,1572779.960547272,5311682.522366285,17836.368963074307,1573014.8576094082,5311572.988067334,18803.642755689165,1572582.5808329554,5310645.967528655,18803.642755689165
1573113.5474665663,5312091.265486148,18320.005859381738,0.5213318607599638,1572779.960547272,5311682.522366285,17836.368963074307,1573212.237323725,5312609.542904964,17836.368963074307,1573447.1343858608,5312500.008606012,18803.642755689165,1573014.8576094082,5311572.988067334,18803.642755689165
1573545.824243019,5313018.286024827,18320.005859381738,0.28213752203033204,1573212.237323725,5312609.542904964,17836.368963074307,1573644.5141001774,5313536.563443642,17836.368963074307,1573879.4111623135,5313427.02914469,18803.642755689165,1573447.1343858608,5312500.008606012,18803.642755689165
1573978.101019472,5313945.306563505,18320.005859381738,0.29960697073096865,1573644.5141001774,5313536.563443642,17836.368963074307,1574076.7908766305,5314463.5839823205,17836.368963074307,1574311.6879387666,5314354.049683369,18803.642755689165,1573879.4111623135,5313427.02914469,18803.642755689165
1574410.3777959247,5314872.327102184,18320.005859381738,0.4216000143363763,1574076.7908766305,5314463.5839823205,17836.368963074307,1574509.067653083,5315390.604521,17836.368963074307,1574743.964715219,5315281.070222047,18803.642755689165,1574311.6879387666,5314354.049683369,18803.642755689165
1574842.6545723774,5315799.347640863,18320.005859381738,0.20704660795892393,1574509.067653083,5315390.604521,17836.368963074307,1574941.344429536,5316317.625059678,17836.368963074307,1575176.2414916721,5316208.090760726,18803.642755689165,1574743.964715219,5315281.070222047,18803.642755689165
1575274.9313488302,5316726.368179541,18320.005859381738,0.14208125112531264,1574941.344429536,5316317.625059678,17836.368963074307,1575373.6212059886,5317244.645598357,17836.368963074307,1575608.5182681247,5317135.111299404,18803.642755689165,1575176.2414916721,5316208.090760726,18803.642755689165
1575707.208125283,5317653.3887182195,18320.005859381738,0.16997089104749763,1575373.6212059886,5317244.645598357,17836.368963074307,1575805.8979824414,5318171.666137035,17836.368963074307,1576040.7950445774,5318062.131838082,18803.642755689165,1575608.5182681247,5317135.111299404,18803.642755689165
1576139.4849017356,5318580.409256898,18320.005859381738,0.12953885521734074,1575805.8979824414,5318171.666137035,17836.368963074307,1576238.1747588941,5319098.686675713,17836.368963074307,1576473.0718210302,5318989.152376761,18803.642755689165,1576040.7950445774,5318062.131838082,18803.642755689165
1576571.7616781886,5319507.429795576,18320.005859381738,0.1338045613744435,1576238.1747588941,5319098.686675713,17836.368963074307,1576670.451535347,5320025.707214392,17836.368963074307,1576905.348597483,5319916.172915439,18803.642755689165,1576473.0718210302,5318989.152376761,18803.642755689165
1577004.0384546411,5320434.450334255,18320.005859381738,0.21886276876172478,1576670.451535347,5320025.707214392,17836.368963074307,1577102.7283117997,5320952.72775307,17836.368963074307,1577337.6253739358,5320843.193454118,18803.642755689165,1576905.348597483,5319916.172915439,18803.642755689165
1577436.315231094,5321361.470872934,18320.005859381738,0.17698525065294102,1577102.7283117997,5320952.72775307,17836.368963074307,1577535.0050882522,5321879.748291749,17836.368963074307,1577769.9021503883,5321770.213992797,18803.642755689165,1577337.6253739358,5320843.193454118,18803.642755689165
1577868.5920075467,5322288.491411612,18320.005859381738,0.17623581700174878,1577535.0050882522,5321879.748291749,17836.368963074307,1577967.2818647053,5322806.768830427,17836.368963074307,1578202.1789268414,5322697.234531475,18803.642755689165,1577769.9021503883,5321770.213992797,18803.642755689165
1578300.8687839995,5323215.511950291,18320.005859381738,0.21627863907504746,1577967.2818647053,5322806.768830427,17836.368963074307,1578399.5586411578,5323733.789369105,17836.368963074307,1578634.455703294,5323624.255070154,18803.642755689165,1578202.1789268414,5322697.234531475,18803.642755689165
1566864.2928819116,5298076.423107019,19287.279651996596,1.8326183504022566,1566530.7059626167,5297667.679987156,18803.642755689165,1566962.9827390695,5298594.700525834,18803.642755689165,1567197.8798012065,5298485.1662268825,19770.916548304027,1566765.6030247537,5297558.145688203,19770.916548304027
1567296.5696583642,5299003.443645697,19287.279651996596,1.065064037946663,1566962.9827390695,5298594.700525834,18803.642755689165,1567395.2595155225,5299521.721064513,18803.642755689165,1567630.156577659,5299412.18676556,19770.916548304027,1567197.8798012065,5298485.1662268825,19770.916548304027
1567728.8464348172,5299930.4641843755,19287.279651996596,1.584747576036644,1567395.2595155225,5299521.721064513,18803.642755689165,1567827.536291975,5300448.741603192,18803.642755689165,1568062.433354112,5300339.207304238,19770.916548304027,1567630.156577659,5299412.18676556,19770.916548304027
1568161.1232112697,5300857.484723054,19287.279651996596,2.9501152911816115,1567827.536291975,5300448.741603192,18803.642755689165,1568259.813068428,5301375.76214187,18803.642755689165,1568494.7101305646,5301266.227842917,19770.916548304027,1568062.433354112,5300339.207304238,19770.916548304027
1568593.399987723,5301784.505261732,19287.279651996596,3.1358354926283805,1568259.813068428,5301375.76214187,18803.642755689165,1568692.0898448806,5302302.782680549,18803.642755689165,1568926.9869070177,5302193.248381595,19770.916548304027,1568494.7101305646,5301266.227842917,19770.916548304027
1569025.6767641753,5302711.525800411,19287.279651996596,4.534312195372232,1568692.0898448806,5302302.782680549,18803.642755689165,1569124.3666213334,5303229.803219226,18803.642755689165,1569359.2636834704,5303120.268920274,19770.916548304027,1568926.9869070177,5302193.248381595,19770.916548304027
1569457.953540628,5303638.54633909,19287.279651996596,5.672109642049878,1569124.3666213334,5303229.803219226,18803.642755689165,1569556.643397786,5304156.823757905,18803.642755689165,1569791.540459923,5304047.289458953,19770.916548304027,1569359.2636834704,5303120.268920274,19770.916548304027
1569890.2303170809,5304565.566877769,19287.279651996596,7.710763264632015,1569556.643397786,5304156.823757905,18803.642755689165,1569988.920174239,5305083.844296584,18803.642755689165,1570223.8172363758,5304974.309997631,19770.916548304027,1569791.540459923,5304047.289458953,19770.916548304027
1570322.5070935336,5305492.587416448,19287.279651996596,7.174173666401724,1569988.920174239,5305083.844296584,18803.642755689165,1570421.1969506918,5306010.864835262,18803.642755689165,1570656.0940128285,5305901.33053631,19770.916548304027,1570223.8172363758,5304974.309997631,19770.916548304027
1570754.7838699864,5306419.607955126,19287.279651996596,6.213258624358803,1570421.1969506918,5306010.864835262,18803.642755689165,1570853.4737271443,5306937.885373941,18803.642755689165,1571088.3707892813,5306828.351074988,19770.916548304027,1570656.0940128285,5305901.33053631,19770.916548304027
1571187.060646439,5307346.6284938045,19287.279651996596,4.541701647806491,1570853.4737271443,5306937.885373941,18803.642755689165,1571285.750503597,5307864.905912619,18803.642755689165,1571520.6475657339,5307755.371613666,19770.916548304027,1571088.3707892813,5306828.351074988,19770.916548304027
1571619.337422892,5308273.649032482,19287.279651996596,2.6003837078439447,1571285.750503597,5307864.905912619,18803.642755689165,1571718.0272800499,5308791.9264512975,18803.642755689165,1571952.924342187,5308682.392152346,19770.916548304027,1571520.6475657339,5307755.371613666,19770.916548304027
1572051.6141993445,5309200.66957116,19287.279651996596,1.0263037049280934,1571718.0272800499,5308791.9264512975,18803.642755689165,1572150.3040565026,5309718.946989976,18803.642755689165,1572385.2011186394,5309609.412691024,19770.916548304027,1571952.924342187,5308682.392152346,19770.916548304027
1572483.8909757973,5310127.690109839,19287.279651996596,0.7479886373780942,1572150.3040565026,5309718.946989976,18803.642755689165,1572582.5808329554,5310645.967528655,18803.642755689165,1572817.4778950922,5310536.4332297025,19770.916548304027,1572385.2011186394,5309609.412691024,19770.916548304027
1572916.16775225,5311054.710648517,19287.279651996596,0.5565306425599934,1572582.5808329554,5310645.967528655,18803.642755689165,1573014.8576094082,5311572.988067334,18803.642755689165,1573249.7546715452,5311463.453768381,19770.916548304027,1572817.4778950922,5310536.4332297025,19770.916548304027
1573348.4445287029,5311981.7311871955,19287.279651996596,0.372524779000041,1573014.8576094082,5311572.988067334,18803.642755689165,1573447.1343858608,5312500.008606012,18803.642755689165,1573682.0314479978,5312390.474307059,19770.916548304027,1573249.7546715452,5311463.453768381,19770.916548304027
1573780.7213051557,5312908.751725874,19287.279651996596,0.15218123807093276,1573447.1343858608,5312500.008606012,18803.642755689165,1573879.4111623135,5313427.02914469,18803.642755689165,1574114.3082244506,5313317.494845737,19770.916548304027,1573682.0314479978,5312390.474307059,19770.916548304027
1574212.9980816084,5313835.772264552,19287.279651996596,0.12130183719455939,1573879.4111623135,5313427.02914469,18803.642755689165,1574311.6879387666,5314354.049683369,18803.642755689165,1574546.5850009033,5314244.515384416,19770.916548304027,1574114.3082244506,5313317.494845737,19770.916548304027
1574645.2748580612,5314762.792803232,19287.279651996596,0.15226795066399124,1574311.6879387666,5314354.049683369,18803.642755689165,1574743.964715219,5315281.070222047,18803.642755689165,1574978.8617773561,5315171.5359230945,19770.916548304027,1574546.5850009033,5314244.515384416,19770.916548304027
1575077.5516345138,5315689.81334191,19287.279651996596,0.10406702493536399,1574743.964715219,5315281.070222047,18803.642755689165,1575176.2414916721,5316208.090760726,18803.642755689165,1575411.1385538087,5316098.556461773,19770.916548304027,1574978.8617773561,5315171.5359230945,19770.916548304027
1575509.8284109668,5316616.833880589,19287.279651996596,0.05630247509124238,1575176.2414916721,5316208.090760726,18803.642755689165,1575608.5182681247,5317135.111299404,18803.642755689165,1575843.4153302617,5317025.577000451,19770.916548304027,1575411.1385538087,5316098.556461773,19770.916548304027
1575942.1051874193,5317543.854419268,19287.279651996596,0.17543162482275435,1575608.5182681247,5317135.111299404,18803.642755689165,1576040.7950445774,5318062.131838082,18803.642755689165,1576275.6921067145,5317952.59753913,19770.916548304027,1575843.4153302617,5317025.577000451,19770.916548304027
1576374.3819638721,5318470.874957946,19287.279651996596,0.15262217234129244,1576040.7950445774,5318062.131838082,18803.642755689165,1576473.0718210302,5318989.152376761,18803.642755689165,1576707.968883167,5318879.618077809,19770.916548304027,1576275.6921067145,5317952.59753913,19770.916548304027
1576806.6587403251,5319397.8954966245,19287.279651996596,0.13717692056534275,1576473.0718210302,5318989.152376761,18803.642755689165,1576905.348597483,5319916.172915439,18803.642755689165,1577140.24565962,5319806.638616487,19770.916548304027,1576707.968883167,5318879.618077809,19770.916548304027
1577238.9355167777,5320324.916035303,19287.279651996596,0.31659902112680965,1576905.348597483,5319916.172915439,18803.642755689165,1577337.6253739358,5320843.193454118,18803.642755689165,1577572.5224360726,5320733.659155166,19770.916548304027,1577140.24565962,5319806.638616487,19770.916548304027
1577671.2122932305,5321251.936573981,19287.279651996596,0.217650183995726,1577337.6253739358,5320843.193454118,18803.642755689165,1577769.9021503883,5321770.213992797,18803.642755689165,1578004.7992125254,5321660.679693844,19770.916548304027,1577572.5224360726,5320733.659155166,19770.916548304027
1578103.4890696832,5322178.957112659,19287.279651996596,0.23175573628999302,1577769.9021503883,5321770.213992797,18803.642755689165,1578202.1789268414,5322697.234531475,18803.642755689165,1578437.0759889781,5322587.700232523,19770.916548304027,1578004.7992125254,5321660.679693844,19770.916548304027
1578535.765846136,5323105.977651337,19287.279651996596,0.3547683744236802,1578202.1789268414,5322697.234531475,18803.642755689165,1578634.455703294,5323624.255070154,18803.642755689165,1578869.352765431,5323514.720771202,19770.916548304027,1578437.0759889781,5322587.700232523,19770.916548304027
1567099.1899440484,5297966.888808067,20254.553444611458,1.8990736562541202,1566765.6030247537,5297558.145688203,19770.916548304027,1567197.8798012065,5298485.1662268825,19770.916548304027,1567432.7768633433,5298375.631927929,20738.19034091889,1567000.5000868908,5297448.6113892505,20738.19034091889
1567531.4667205012,5298893.909346745,20254.553444611458,1.1096388570547004,1567197.8798012065,5298485.1662268825,19770.916548304027,1567630.156577659,5299412.18676556,19770.916548304027,1567865.053639796,5299302.652466607,20738.19034091889,1567432.7768633433,5298375.631927929,20738.19034091889
1567963.743496954,5299820.929885424,20254.553444611458,1.7025413335898154,1567630.156577659,5299412.18676556,19770.916548304027,1568062.433354112,5300339.207304238,19770.916548304027,1568297.3304162489,5300229.673005286,20738.19034091889,1567865.053639796,5299302.652466607,20738.19034091889
1568396.0202734068,5300747.950424102,20254.553444611458,3.4948471773441114,1568062.433354112,5300339.207304238,19770.916548304027,1568494.7101305646,5301266.227842917,19770.916548304027,1568729.6071927017,5301156.693543965,20738.19034091889,1568297.3304162489,5300229.673005286,20738.19034091889
1568828.2970498595,5301674.9709627805,20254.553444611458,4.846677149948095,1568494.7101305646,5301266.227842917,19770.916548304027,1568926.9869070177,5302193.248381595,19770.916548304027,1569161.8839691544,5302083.714082643,20738.19034091889,1568729.6071927017,5301156.693543965,20738.19034091889
1569260.5738263123,5302601.991501459,20254.553444611458,5.695500672811287,1568926.9869070177,5302193.248381595,19770.916548304027,1569359.2636834704,5303120.268920274,19770.916548304027,1569594.1607456072,5303010.734621322,20738.19034091889,1569161.8839691544,5302083.714082643,20738.19034091889
1569692.850602765,5303529.012040137,20254.553444611458,5.852491088692473,1569359.2636834704,5303120.268920274,19770.916548304027,1569791.540459923,5304047.289458953,19770.916548304027,1570026.43752206,5303937.75516,20738.19034091889,1569594.1607456072,5303010.734621322,20738.19034091889
1570125.1273792177,5304456.032578815,20254.553444611458,6.919973670154382,1569791.540459923,5304047.289458953,19770.916548304027,1570223.8172363758,5304974.309997631,19770.916548304027,1570458.7142985126,5304864.775698679,20738.19034091889,1570026.43752206,5303937.75516,20738.19034091889
1570557.4041556707,5305383.053117493,20254.553444611458,7.102970503531357,1570223.8172363758,5304974.309997631,19770.916548304027,1570656.0940128285,5305901.33053631,19770.916548304027,1570890.9910749653,5305791.796237357,20738.19034091889,1570458.7142985126,5304864.775698679,20738.19034091889
1570989.6809321232,5306310.073656172,20254.553444611458,6.29610492195352,1570656.0940128285,5305901.33053631,19770.916548304027,1571088.3707892813,5306828.351074988,19770.916548304027,1571323.2678514181,5306718.816776036,20738.19034091889,1570890.9910749653,5305791.796237357,20738.19034091889
1571421.957708576,5307237.094194851,20254.553444611458,5.308629270418072,1571088.3707892813,5306828.351074988,19770.916548304027,1571520.6475657339,5307755.371613666,19770.916548304027,1571755.544627871,5307645.837314715,20738.19034091889,1571323.2678514181,5306718.816776036,20738.19034091889
1571854.2344850288,5308164.114733529,20254.553444611458,2.7427725362132938,1571520.6475657339,5307755.371613666,19770.916548304027,1571952.924342187,5308682.392152346,19770.916548304027,1572187.821404324,5308572.857853393,20738.19034091889,1571755.544627871,5307645.837314715,20738.19034091889
1572286.5112614816,5309091.135272209,20254.553444611458,1.2885017244677208,1571952.924342187,5308682.392152346,19770.916548304027,1572385.2011186394,5309609.412691024,19770.916548304027,1572620.0981807765,5309499.8783920705,20738.19034091889,1572187.821404324,5308572.857853393,20738.19034091889
1572718.7880379343,5310018.155810887,20254.553444611458,0.8058994965636082,1572385.2011186394,5309609.412691024,19770.916548304027,1572817.4778950922,5310536.4332297025,19770.916548304027,1573052.3749572292,5310426.898930749,20738.19034091889,1572620.0981807765,5309499.8783920705,20738.19034091889
1573151.0648143871,5310945.176349565,20254.553444611458,0.6874922655827242,1572817.4778950922,5310536.4332297025,19770.916548304027,1573249.7546715452,5311463.453768381,19770.916548304027,1573484.651733682,5311353.919469428,20738.19034091889,1573052.3749572292,5310426.898930749,20738.19034091889
1573583.34159084,5311872.196888244,20254.553444611458,0.5492503980832554,1573249.7546715452,5311463.453768381,19770.916548304027,1573682.0314479978,5312390.474307059,19770.916548304027,1573916.9285101348,5312280.940008107,20738.19034091889,1573484.651733682,5311353.919469428,20738.19034091889
1574015.6183672925,5312799.217426922,20254.553444611458,0.31311354316786894,1573682.0314479978,5312390.474307059,19770.916548304027,1574114.3082244506,5313317.494845737,19770.916548304027,1574349.2052865874,5313207.960546785,20738.19034091889,1573916.9285101348,5312280.940008107,20738.19034091889
1574447.8951437455,5313726.237965601,20254.553444611458,0.19102364092551338,1574114.3082244506,5313317.494845737,19770.916548304027,1574546.5850009033,5314244.515384416,19770.916548304027,1574781.4820630401,5314134.981085463,20738.19034091889,1574349.2052865874,5313207.960546785,20738.19034091889
1574880.171920198,5314653.258504279,20254.553444611458,0.14212210361782227,1574546.5850009033,5314244.515384416,19770.916548304027,1574978.8617773561,5315171.5359230945,19770.916548304027,1575213.7588394932,5315062.001624142,20738.19034091889,1574781.4820630401,5314134.981085463,20738.19034091889
1575312.4486966508,5315580.279042957,20254.553444611458,0.1105205818487329,1574978.8617773561,5315171.5359230945,19770.916548304027,1575411.1385538087,5316098.556461773,19770.916548304027,1575646.0356159457,5315989.022162821,20738.19034091889,1575213.7588394932,5315062.001624142,20738.19034091889
1575744.7254731038,5316507.299581637,20254.553444611458,0.10801859138577959,1575411.1385538087,5316098.556461773,19770.916548304027,1575843.4153302617,5317025.577000451,19770.916548304027,1576078.3123923987,5316916.0427015,20738.19034091889,1575646.0356159457,5315989.022162821,20738.19034091889
1576177.0022495564,5317434.320120315,20254.553444611458,0.12205645024759793,1575843.4153302617,5317025.577000451,19770.916548304027,1576275.6921067145,5317952.59753913,19770.916548304027,1576510.5891688513,5317843.063240178,20738.19034091889,1576078.3123923987,5316916.0427015,20738.19034091889
1576609.2790260091,5318361.340658993,20254.553444611458,0.257317500010623,1576275.6921067145,5317952.59753913,19770.916548304027,1576707.968883167,5318879.618077809,19770.916548304027,1576942.865945304,5318770.083778856,20738.19034091889,1576510.5891688513,5317843.063240178,20738.19034091889
1577041.555802462,5319288.361197672,20254.553444611458,0.2887163196375194,1576707.968883167,5318879.618077809,19770.916548304027,1577140.24565962,5319806.638616487,19770.916548304027,1577375.1427217566,5319697.104317535,20738.19034091889,1576942.865945304,5318770.083778856,20738.19034091889
1577473.8325789147,5320215.38173635,20254.553444611458,0.22645051031857213,1577140.24565962,5319806.638616487,19770.916548304027,1577572.5224360726,5320733.659155166,19770.916548304027,1577807.4194982096,5320624.124856213,20738.19034091889,1577375.1427217566,5319697.104317535,20738.19034091889
1577906.1093553673,5321142.402275029,20254.553444611458,0.28256073100918944,1577572.5224360726,5320733.659155166,19770.916548304027,1578004.7992125254,5321660.679693844,19770.916548304027,1578239.6962746622,5321551.1453948915,20738.19034091889,1577807.4194982096,5320624.124856213,20738.19034091889
1578338.3861318203,5322069.422813707,20254.553444611458,0.3602918348910735,1578004.7992125254,5321660.679693844,19770.916548304027,1578437.0759889781,5322587.700232523,19770.916548304027,1578671.9730511152,5322478.165933571,20738.19034091889,1578239.6962746622,5321551.1453948915,20738.19034091889
1578770.6629082728,5322996.443352385,20254.553444611458,0.450032150293078,1578437.0759889781,5322587.700232523,19770.916548304027,1578869.352765431,5323514.720771202,19770.916548304027,1579104.249827568,5323405.186472248,20738.19034091889,1578671.9730511152,5322478.165933571,20738.19034091889
1567334.0870061854,5297857.354509113,21221.827237226316,1.4909905521201567,1567000.5000868908,5297448.6113892505,20738.19034091889,1567432.7768633433,5298375.631927929,20738.19034091889,1567667.6739254803,5298266.097628976,21705.464133533747,1567235.3971490276,5297339.077090298,21705.464133533747
1567766.3637826382,5298784.375047792,21221.827237226316,1.5466584207208145,1567432.7768633433,5298375.631927929,20738.19034091889,1567865.053639796,5299302.652466607,20738.19034091889,1568099.9507019331,5299193.118167656,21705.464133533747,1567667.6739254803,5298266.097628976,21705.464133533747
1568198.640559091,5299711.395586471,21221.827237226316,2.0899444782971943,1567865.053639796,5299302.652466607,20738.19034091889,1568297.3304162489,5300229.673005286,20738.19034091889,1568532.2274783857,5300120.138706334,21705.464133533747,1568099.9507019331,5299193.118167656,21705.464133533747
1568630.9173355438,5300638.416125149,21221.827237226316,2.7102341333919497,1568297.3304162489,5300229.673005286,20738.19034091889,1568729.6071927017,5301156.693543965,20738.19034091889,1568964.5042548387,5301047.159245012,21705.464133533747,1568532.2274783857,5300120.138706334,21705.464133533747
1569063.1941119963,5301565.436663828,21221.827237226316,3.806674605673657,1568729.6071927017,5301156.693543965,20738.19034091889,1569161.8839691544,5302083.714082643,20738.19034091889,1569396.7810312912,5301974.179783691,21705.464133533747,1568964.5042548387,5301047.159245012,21705.464133533747
1569495.4708884493,5302492.457202506,21221.827237226316,4.264774729358437,1569161.8839691544,5302083.714082643,20738.19034091889,1569594.1607456072,5303010.734621322,20738.19034091889,1569829.057807744,5302901.200322369,21705.464133533747,1569396.7810312912,5301974.179783691,21705.464133533747
1569927.747664902,5303419.477741185,21221.827237226316,5.260666185992627,1569594.1607456072,5303010.734621322,20738.19034091889,1570026.43752206,5303937.75516,20738.19034091889,1570261.3345841968,5303828.220861048,21705.464133533747,1569829.057807744,5302901.200322369,21705.464133533747
1570360.0244413547,5304346.498279863,21221.827237226316,5.4051588820345,1570026.43752206,5303937.75516,20738.19034091889,1570458.7142985126,5304864.775698679,20738.19034091889,1570693.6113606496,5304755.241399727,21705.464133533747,1570261.3345841968,5303828.220861048,21705.464133533747
1570792.3012178075,5305273.518818541,21221.827237226316,5.7153304842396615,1570458.7142985126,5304864.775698679,20738.19034091889,1570890.9910749653,5305791.796237357,20738.19034091889,1571125.8881371024,5305682.261938404,21705.464133533747,1570693.6113606496,5304755.241399727,21705.464133533747
1571224.5779942602,5306200.53935722,21221.827237226316,5.297022747424915,1570890.9910749653,5305791.796237357,20738.19034091889,1571323.2678514181,5306718.816776036,20738.19034091889,1571558.1649135551,5306609.282477083,21705.464133533747,1571125.8881371024,5305682.261938404,21705.464133533747
1571656.854770713,5307127.559895898,21221.827237226316,4.1269948668152185,1571323.2678514181,5306718.816776036,20738.19034091889,1571755.544627871,5307645.837314715,20738.19034091889,1571990.441690008,5307536.303015761,21705.464133533747,1571558.1649135551,5306609.282477083,21705.464133533747
1572089.1315471658,5308054.580434577,21221.827237226316,2.319429484830763,1571755.544627871,5307645.837314715,20738.19034091889,1572187.821404324,5308572.857853393,20738.19034091889,1572422.7184664605,5308463.3235544395,21705.464133533747,1571990.441690008,5307536.303015761,21705.464133533747
1572521.4083236186,5308981.600973255,21221.827237226316,1.4656479341764792,1572187.821404324,5308572.857853393,20738.19034091889,1572620.0981807765,5309499.8783920705,20738.19034091889,1572854.9952429135,5309390.344093119,21705.464133533747,1572422.7184664605,5308463.3235544395,21705.464133533747
1572953.6851000711,5309908.621511934,21221.827237226316,1.0019004542493908,1572620.0981807765,5309499.8783920705,20738.19034091889,1573052.3749572292,5310426.898930749,20738.19034091889,1573287.272019366,5310317.364631797,21705.464133533747,1572854.9952429135,5309390.344093119,21705.464133533747
1573385.9618765241,5310835.642050614,21221.827237226316,0.7660637338257744,1573052.3749572292,5310426.898930749,20738.19034091889,1573484.651733682,5311353.919469428,20738.19034091889,1573719.5487958188,5311244.385170476,21705.464133533747,1573287.272019366,5310317.364631797,21705.464133533747
1573818.2386529767,5311762.662589292,21221.827237226316,0.5780950977270126,1573484.651733682,5311353.919469428,20738.19034091889,1573916.9285101348,5312280.940008107,20738.19034091889,1574151.8255722718,5312171.405709154,21705.464133533747,1573719.5487958188,5311244.385170476,21705.464133533747
1574250.5154294295,5312689.68312797,21221.827237226316,0.455165191669324,1573916.9285101348,5312280.940008107,20738.19034091889,1574349.2052865874,5313207.960546785,20738.19034091889,1574584.1023487244,5313098.426247832,21705.464133533747,1574151.8255722718,5312171.405709154,21705.464133533747
1574682.7922058825,5313616.703666649,21221.827237226316,0.22483467912326294,1574349.2052865874,5313207.960546785,20738.19034091889,1574781.4820630401,5314134.981085463,20738.19034091889,1575016.3791251772,5314025.446786511,21705.464133533747,1574584.1023487244,5313098.426247832,21705.464133533747
1575115.068982335,5314543.724205326,21221.827237226316,0.2646048255159268,1574781.4820630401,5314134.981085463,20738.19034091889,1575213.7588394932,5315062.001624142,20738.19034091889,1575448.6559016297,5314952.46732519,21705.464133533747,1575016.3791251772,5314025.446786511,21705.464133533747
1575547.3457587878,5315470.744744005,21221.827237226316,0.11100047615879038,1575213.7588394932,5315062.001624142,20738.19034091889,1575646.0356159457,5315989.022162821,20738.19034091889,1575880.9326780827,5315879.4878638685,21705.464133533747,1575448.6559016297,5314952.46732519,21705.464133533747
1575979.6225352406,5316397.765282683,21221.827237226316,0.04896251926168635,1575646.0356159457,5315989.022162821,20738.19034091889,1576078.3123923987,5316916.0427015,20738.19034091889,1576313.2094545353,5316806.508402547,21705.464133533747,1575880.9326780827,5315879.4878638685,21705.464133533747
1576411.8993116934,5317324.7858213615,21221.827237226316,0.09878564337638705,1576078.3123923987,5316916.0427015,20738.19034091889,1576510.5891688513,5317843.063240178,20738.19034091889,1576745.4862309883,5317733.528941225,21705.464133533747,1576313.2094545353,5316806.508402547,21705.464133533747
1576844.176088146,5318251.80636004,21221.827237226316,0.242221097685671,1576510.5891688513,5317843.063240178,20738.19034091889,1576942.865945304,5318770.083778856,20738.19034091889,1577177.7630074408,5318660.549479904,21705.464133533747,1576745.4862309883,5317733.528941225,21705.464133533747
1577276.452864599,5319178.826898718,21221.827237226316,0.3866471382147212,1576942.865945304,5318770.083778856,20738.19034091889,1577375.1427217566,5319697.104317535,20738.19034091889,1577610.0397838936,5319587.570018582,21705.464133533747,1577177.7630074408,5318660.549479904,21705.464133533747
1577708.7296410515,5320105.847437398,21221.827237226316,0.42345596207611946,1577375.1427217566,5319697.104317535,20738.19034091889,1577807.4194982096,5320624.124856213,20738.19034091889,1578042.3165603464,5320514.59055726,21705.464133533747,1577610.0397838936,5319587.570018582,21705.464133533747
1578141.0064175043,5321032.867976076,21221.827237226316,0.4294131140204302,1577807.4194982096,5320624.124856213,20738.19034091889,1578239.6962746622,5321551.1453948915,20738.19034091889,1578474.5933367992,5321441.611095939,21705.464133533747,1578042.3165603464,5320514.59055726,21705.464133533747
1578573.2831939573,5321959.888514754,21221.827237226316,0.40030597929871314,1578239.6962746622,5321551.1453948915,20738.19034091889,1578671.9730511152,5322478.165933571,20738.19034091889,1578906.870113252,5322368.631634617,21705.464133533747,1578474.5933367992,5321441.611095939,21705.464133533747
1579005.5599704098,5322886.909053434,21221.827237226316,0.4689738429804021,1578671.9730511152,5322478.165933571,20738.19034091889,1579104.249827568,5323405.186472248,20738.19034091889,1579339.1468897047,5323295.652173296,21705.464133533747,1578906.870113252,5322368.631634617,21705.464133533747
1567568.9840683225,5297747.820210161,22189.10102984118,1.3518642189453207,1567235.3971490276,5297339.077090298,21705.464133533747,1567667.6739254803,5298266.097628976,21705.464133533747,1567902.5709876171,5298156.5633300245,22672.73792614861,1567470.2942111643,5297229.542791346,22672.73792614861
1568001.260844775,5298674.840748839,22189.10102984118,1.7755124836476583,1567667.6739254803,5298266.097628976,21705.464133533747,1568099.9507019331,5299193.118167656,21705.464133533747,1568334.84776407,5299083.583868703,22672.73792614861,1567902.5709876171,5298156.5633300245,22672.73792614861
1568433.537621228,5299601.8612875175,22189.10102984118,1.3138328077357877,1568099.9507019331,5299193.118167656,21705.464133533747,1568532.2274783857,5300120.138706334,21705.464133533747,1568767.1245405227,5300010.604407381,22672.73792614861,1568334.84776407,5299083.583868703,22672.73792614861
1568865.8143976806,5300528.881826196,22189.10102984118,1.8328327084884104,1568532.2274783857,5300120.138706334,21705.464133533747,1568964.5042548387,5301047.159245012,21705.464133533747,1569199.4013169755,5300937.62494606,22672.73792614861,1568767.1245405227,5300010.604407381,22672.73792614861
1569298.0911741334,5301455.902364874,22189.10102984118,2.9674953948821945,1568964.5042548387,5301047.159245012,21705.464133533747,1569396.7810312912,5301974.179783691,21705.464133533747,1569631.6780934283,5301864.645484738,22672.73792614861,1569199.4013169755,5300937.62494606,22672.73792614861
1569730.3679505861,5302382.922903554,22189.10102984118,3.9119727058812197,1569396.7810312912,5301974.179783691,21705.464133533747,1569829.057807744,5302901.200322369,21705.464133533747,1570063.954869881,5302791.666023416,22672.73792614861,1569631.6780934283,5301864.645484738,22672.73792614861
1570162.644727039,5303309.943442233,22189.10102984118,4.028123592065329,1569829.057807744,5302901.200322369,21705.464133533747,1570261.3345841968,5303828.220861048,21705.464133533747,1570496.2316463338,5303718.686562095,22672.73792614861,1570063.954869881,5302791.666023416,22672.73792614861
1570594.9215034917,5304236.963980911,22189.10102984118,4.251969060982372,1570261.3345841968,5303828.220861048,21705.464133533747,1570693.6113606496,5304755.241399727,21705.464133533747,1570928.5084227866,5304645.707100773,22672.73792614861,1570496.2316463338,5303718.686562095,22672.73792614861
1571027.1982799445,5305163.98451959,22189.10102984118,4.323711137465435,1570693.6113606496,5304755.241399727,21705.464133533747,1571125.8881371024,5305682.261938404,21705.464133533747,1571360.7851992392,5305572.727639452,22672.73792614861,1570928.5084227866,5304645.707100773,22672.73792614861
1571459.4750563973,5306091.005058268,22189.10102984118,4.6564990857779405,1571125.8881371024,5305682.261938404,21705.464133533747,1571558.1649135551,5306609.282477083,21705.464133533747,1571793.061975692,5306499.74817813,22672.73792614861,1571360.7851992392,5305572.727639452,22672.73792614861
1571891.7518328498,5307018.0255969465,22189.10102984118,3.390826434240264,1571558.1649135551,5306609.282477083,21705.464133533747,1571990.441690008,5307536.303015761,21705.464133533747,1572225.3387521447,5307426.768716808,22672.73792614861,1571793.061975692,5306499.74817813,22672.73792614861
1572324.0286093028,5307945.046135625,22189.10102984118,2.066227614324116,1571990.441690008,5307536.303015761,21705.464133533747,1572422.7184664605,5308463.3235544395,21705.464133533747,1572657.6155285975,5308353.789255488,22672.73792614861,1572225.3387521447,5307426.768716808,22672.73792614861
1572756.3053857554,5308872.066674303,22189.10102984118,1.7157208599378138,1572422.7184664605,5308463.3235544395,21705.464133533747,1572854.9952429135,5309390.344093119,21705.464133533747,1573089.8923050505,5309280.809794166,22672.73792614861,1572657.6155285975,5308353.789255488,22672.73792614861
1573188.5821622082,5309799.087212982,22189.10102984118,1.1142693933867776,1572854.9952429135,5309390.344093119,21705.464133533747,1573287.272019366,5310317.364631797,21705.464133533747,1573522.169081503,5310207.8303328445,22672.73792614861,1573089.8923050505,5309280.809794166,22672.73792614861
1573620.8589386612,5310726.10775166,22189.10102984118,0.7482231720451991,1573287.272019366,5310317.364631797,21705.464133533747,1573719.5487958188,5311244.385170476,21705.464133533747,1573954.4458579558,5311134.850871523,22672.73792614861,1573522.169081503,5310207.8303328445,22672.73792614861
1574053.1357151137,5311653.1282903375,22189.10102984118,0.7482723900443704,1573719.5487958188,5311244.385170476,21705.464133533747,1574151.8255722718,5312171.405709154,21705.464133533747,1574386.7226344084,5312061.871410201,22672.73792614861,1573954.4458579558,5311134.850871523,22672.73792614861
1574485.4124915665,5312580.148829016,22189.10102984118,0.5087582069604254,1574151.8255722718,5312171.405709154,21705.464133533747,1574584.1023487244,5313098.426247832,21705.464133533747,1574818.9994108614,5312988.891948881,22672.73792614861,1574386.7226344084,5312061.871410201,22672.73792614861
1574917.6892680193,5313507.169367695,22189.10102984118,0.38748181807338766,1574584.1023487244,5313098.426247832,21705.464133533747,1575016.3791251772,5314025.446786511,21705.464133533747,1575251.276187314,5313915.912487559,22672.73792614861,1574818.9994108614,5312988.891948881,22672.73792614861
1575349.9660444718,5314434.189906374,22189.10102984118,0.32864066390447744,1575016.3791251772,5314025.446786511,21705.464133533747,1575448.6559016297,5314952.46732519,21705.464133533747,1575683.5529637667,5314842.933026237,22672.73792614861,1575251.276187314,5313915.912487559,22672.73792614861
1575782.2428209246,5315361.210445053,22189.10102984118,0.11701438204097092,1575448.6559016297,5314952.46732519,21705.464133533747,1575880.9326780827,5315879.4878638685,21705.464133533747,1576115.8297402195,5315769.953564916,22672.73792614861,1575683.5529637667,5314842.933026237,22672.73792614861
1576214.5195973776,5316288.230983731,22189.10102984118,0.04092075447362396,1575880.9326780827,5315879.4878638685,21705.464133533747,1576313.2094545353,5316806.508402547,21705.464133533747,1576548.1065166723,5316696.974103593,22672.73792614861,1576115.8297402195,5315769.953564916,22672.73792614861
1576646.7963738302,5317215.25152241,22189.10102984118,0.07871565718892369,1576313.2094545353,5316806.508402547,21705.464133533747,1576745.4862309883,5317733.528941225,21705.464133533747,1576980.383293125,5317623.994642273,22672.73792614861,1576548.1065166723,5316696.974103593,22672.73792614861
1577079.073150283,5318142.272061088,22189.10102984118,0.17196987988979576,1576745.4862309883,5317733.528941225,21705.464133533747,1577177.7630074408,5318660.549479904,21705.464133533747,1577412.6600695779,5318551.015180951,22672.73792614861,1576980.383293125,5317623.994642273,22672.73792614861
1577511.349926736,5319069.2925997665,22189.10102984118,0.45049582974998603,1577177.7630074408,5318660.549479904,21705.464133533747,1577610.0397838936,5319587.570018582,21705.464133533747,1577844.9368460306,5319478.035719629,22672.73792614861,1577412.6600695779,5318551.015180951,22672.73792614861
1577943.6267031883,5319996.313138445,22189.10102984118,0.3124169792114709,1577610.0397838936,5319587.570018582,21705.464133533747,1578042.3165603464,5320514.59055726,21705.464133533747,1578277.2136224832,5320405.056258308,22672.73792614861,1577844.9368460306,5319478.035719629,22672.73792614861
1578375.9034796413,5320923.333677123,22189.10102984118,0.4624418065927138,1578042.3165603464,5320514.59055726,21705.464133533747,1578474.5933367992,5321441.611095939,21705.464133533747,1578709.490398936,5321332.076796986,22672.73792614861,1578277.2136224832,5320405.056258308,22672.73792614861
1578808.180256094,5321850.354215802,22189.10102984118,0.6217958459577412,1578474.5933367992,5321441.611095939,21705.464133533747,1578906.870113252,5322368.631634617,21705.464133533747,1579141.7671753888,5322259.0973356655,22672.73792614861,1578709.490398936,5321332.076796986,22672.73792614861
1579240.4570325469,5322777.374754481,22189.10102984118,0.5348885462855413,1578906.870113252,5322368.631634617,21705.464133533747,1579339.1468897047,5323295.652173296,21705.464133533747,1579574.0439518415,5323186.117874344,22672.73792614861,1579141.7671753888,5322259.0973356655,22672.73792614861
1567803.881130459,5297638.285911209,23156.37482245604,1.1256310795241766,1567470.2942111643,5297229.542791346,22672.73792614861,1567902.5709876171,5298156.5633300245,22672.73792614861,1568137.468049754,5298047.029031072,23640.01171876347,1567705.1912733014,5297120.008492393,23640.01171876347
1568236.157906912,5298565.306449887,23156.37482245604,1.0375621667077395,1567902.5709876171,5298156.5633300245,22672.73792614861,1568334.84776407,5299083.583868703,22672.73792614861,1568569.744826207,5298974.049569749,23640.01171876347,1568137.468049754,5298047.029031072,23640.01171876347
1568668.4346833648,5299492.326988566,23156.37482245604,1.2560833603591621,1568334.84776407,5299083.583868703,22672.73792614861,1568767.1245405227,5300010.604407381,22672.73792614861,1569002.0216026597,5299901.070108428,23640.01171876347,1568569.744826207,5298974.049569749,23640.01171876347
1569100.7114598176,5300419.347527244,23156.37482245604,1.9421436092969269,1568767.1245405227,5300010.604407381,22672.73792614861,1569199.4013169755,5300937.62494606,22672.73792614861,1569434.2983791123,5300828.090647107,23640.01171876347,1569002.0216026597,5299901.070108428,23640.01171876347
1569532.9882362704,5301346.3680659225,23156.37482245604,3.5481939005361762,1569199.4013169755,5300937.62494606,22672.73792614861,1569631.6780934283,5301864.645484738,22672.73792614861,1569866.5751555653,5301755.111185785,23640.01171876347,1569434.2983791123,5300828.090647107,23640.01171876347
1569965.2650127232,5302273.388604601,23156.37482245604,4.262037844919365,1569631.6780934283,5301864.645484738,22672.73792614861,1570063.954869881,5302791.666023416,22672.73792614861,1570298.8519320178,5302682.131724464,23640.01171876347,1569866.5751555653,5301755.111185785,23640.01171876347
1570397.541789176,5303200.409143279,23156.37482245604,3.901136022385794,1570063.954869881,5302791.666023416,22672.73792614861,1570496.2316463338,5303718.686562095,22672.73792614861,1570731.1287084706,5303609.152263142,23640.01171876347,1570298.8519320178,5302682.131724464,23640.01171876347
1570829.8185656285,5304127.429681958,23156.37482245604,3.0118666830062146,1570496.2316463338,5303718.686562095,22672.73792614861,1570928.5084227866,5304645.707100773,22672.73792614861,1571163.4054849234,5304536.172801821,23640.01171876347,1570731.1287084706,5303609.152263142,23640.01171876347
1571262.0953420815,5305054.450220636,23156.37482245604,2.7096250966512296,1570928.5084227866,5304645.707100773,22672.73792614861,1571360.7851992392,5305572.727639452,22672.73792614861,1571595.6822613762,5305463.1933405,23640.01171876347,1571163.4054849234,5304536.172801821,23640.01171876347
1571694.3721185338,5305981.470759315,23156.37482245604,2.8215765781837345,1571360.7851992392,5305572.727639452,22672.73792614861,1571793.061975692,5306499.74817813,22672.73792614861,1572027.959037829,5306390.213879178,23640.01171876347,1571595.6822613762,5305463.1933405,23640.01171876347
1572126.6488949868,5306908.491297994,23156.37482245604,1.600139050897501,1571793.061975692,5306499.74817813,22672.73792614861,1572225.3387521447,5307426.768716808,22672.73792614861,1572460.2358142815,5307317.234417857,23640.01171876347,1572027.959037829,5306390.213879178,23640.01171876347
1572558.9256714399,5307835.511836671,23156.37482245604,1.528041559827227,1572225.3387521447,5307426.768716808,22672.73792614861,1572657.6155285975,5308353.789255488,22672.73792614861,1572892.5125907345,5308244.254956535,23640.01171876347,1572460.2358142815,5307317.234417857,23640.01171876347
1572991.2024478924,5308762.532375351,23156.37482245604,2.0540218614066488,1572657.6155285975,5308353.789255488,22672.73792614861,1573089.8923050505,5309280.809794166,22672.73792614861,1573324.789367187,5309171.275495213,23640.01171876347,1572892.5125907345,5308244.254956535,23640.01171876347
1573423.4792243452,5309689.552914029,23156.37482245604,1.5555140471764273,1573089.8923050505,5309280.809794166,22672.73792614861,1573522.169081503,5310207.8303328445,22672.73792614861,1573757.06614364,5310098.296033893,23640.01171876347,1573324.789367187,5309171.275495213,23640.01171876347
1573855.756000798,5310616.573452707,23156.37482245604,1.0315821543991168,1573522.169081503,5310207.8303328445,22672.73792614861,1573954.4458579558,5311134.850871523,22672.73792614861,1574189.3429200926,5311025.316572571,23640.01171876347,1573757.06614364,5310098.296033893,23640.01171876347
1574288.0327772505,5311543.593991386,23156.37482245604,0.8720214539039816,1573954.4458579558,5311134.850871523,22672.73792614861,1574386.7226344084,5312061.871410201,22672.73792614861,1574621.6196965454,5311952.33711125,23640.01171876347,1574189.3429200926,5311025.316572571,23640.01171876347
1574720.3095537033,5312470.614530064,23156.37482245604,0.5565591833150848,1574386.7226344084,5312061.871410201,22672.73792614861,1574818.9994108614,5312988.891948881,22672.73792614861,1575053.896472998,5312879.357649927,23640.01171876347,1574621.6196965454,5311952.33711125,23640.01171876347
1575152.5863301563,5313397.635068743,23156.37482245604,0.33351378464711007,1574818.9994108614,5312988.891948881,22672.73792614861,1575251.276187314,5313915.912487559,22672.73792614861,1575486.173249451,5313806.378188605,23640.01171876347,1575053.896472998,5312879.357649927,23640.01171876347
1575584.8631066086,5314324.655607421,23156.37482245604,0.3087854463775082,1575251.276187314,5313915.912487559,22672.73792614861,1575683.5529637667,5314842.933026237,22672.73792614861,1575918.4500259038,5314733.398727284,23640.01171876347,1575486.173249451,5313806.378188605,23640.01171876347
1576017.1398830616,5315251.676146099,23156.37482245604,0.2939577032143602,1575683.5529637667,5314842.933026237,22672.73792614861,1576115.8297402195,5315769.953564916,22672.73792614861,1576350.7268023565,5315660.419265963,23640.01171876347,1575918.4500259038,5314733.398727284,23640.01171876347
1576449.4166595147,5316178.696684779,23156.37482245604,0.22576470004376856,1576115.8297402195,5315769.953564916,22672.73792614861,1576548.1065166723,5316696.974103593,22672.73792614861,1576783.0035788093,5316587.4398046415,23640.01171876347,1576350.7268023565,5315660.419265963,23640.01171876347
1576881.693435967,5317105.717223458,23156.37482245604,0.22632725068955686,1576548.1065166723,5316696.974103593,22672.73792614861,1576980.383293125,5317623.994642273,22672.73792614861,1577215.2803552619,5317514.46034332,23640.01171876347,1576783.0035788093,5316587.4398046415,23640.01171876347
1577313.97021242,5318032.737762136,23156.37482245604,0.4463086431584876,1576980.383293125,5317623.994642273,22672.73792614861,1577412.6600695779,5318551.015180951,22672.73792614861,1577647.5571317147,5318441.480881998,23640.01171876347,1577215.2803552619,5317514.46034332,23640.01171876347
1577746.2469888728,5318959.758300815,23156.37482245604,0.526232009372355,1577412.6600695779,5318551.015180951,22672.73792614861,1577844.9368460306,5319478.035719629,22672.73792614861,1578079.8339081674,5319368.501420677,23640.01171876347,1577647.5571317147,5318441.480881998,23640.01171876347
1578178.5237653253,5319886.778839493,23156.37482245604,0.3419684647717861,1577844.9368460306,5319478.035719629,22672.73792614861,1578277.2136224832,5320405.056258308,22672.73792614861,1578512.1106846202,5320295.521959355,23640.01171876347,1578079.8339081674,5319368.501420677,23640.01171876347
1578610.800541778,5320813.799378172,23156.37482245604,0.6787504863585949,1578277.2136224832,5320405.056258308,22672.73792614861,1578709.490398936,5321332.076796986,22672.73792614861,1578944.387461073,5321222.542498034,23640.01171876347,1578512.1106846202,5320295.521959355,23640.01171876347
1579043.077318231,5321740.819916849,23156.37482245604,0.6403397237464231,1578709.490398936,5321332.076796986,22672.73792614861,1579141.7671753888,5322259.0973356655,22672.73792614861,1579376.6642375258,5322149.563036713,23640.01171876347,1578944.387461073,5321222.542498034,23640.01171876347
1579475.3540946837,5322667.840455527,23156.37482245604,0.36445699131783754,1579141.7671753888,5322259.0973356655,22672.73792614861,1579574.0439518415,5323186.117874344,22672.73792614861,1579808.9410139786,5323076.583575391,23640.01171876347,1579376.6642375258,5322149.563036713,23640.01171876347
